5.009282e+08,6.570203e+16,1.091193e+24,2,76
3.127478e+08,2.474577e+16,2.285992e+23,1,41
3.267810e+08,2.754423e+16,2.656298e+23,0,46
2.709517e+08,1.906247e+16,1.882208e+23,2,96
2.812576e+08,2.008512e+16,2.141329e+23,0,58
3.431592e+08,2.987369e+16,2.966412e+23,1,103
3.379972e+08,2.863068e+16,3.771829e+23,2,55
3.191631e+08,2.601907e+16,2.382450e+23,2,84
3.638650e+08,3.320571e+16,3.039962e+23,0,29
3.011041e+08,2.306622e+16,2.256352e+23,0,52
3.691402e+08,3.409428e+16,4.185937e+23,2,80
3.171534e+08,2.514911e+16,2.848578e+23,2,65
3.304770e+08,2.746868e+16,3.657576e+23,3,55
2.983698e+08,2.299286e+16,2.054260e+23,3,68
3.530725e+08,3.147697e+16,3.697557e+23,0,47
3.187342e+08,2.623543e+16,2.300743e+23,0,15
3.191588e+08,2.585134e+16,2.509014e+23,1,76
2.634704e+08,1.761586e+16,2.028555e+23,3,91
3.296464e+08,2.755412e+16,2.741555e+23,0,76
3.090088e+08,2.432245e+16,2.083119e+23,1,62
2.680992e+08,1.813424e+16,2.112587e+23,0,75
3.266341e+08,2.683249e+16,3.353189e+23,1,55
2.707261e+08,1.901038e+16,1.916523e+23,3,96
2.906984e+08,2.129726e+16,1.774478e+23,0,57
2.945184e+08,2.193354e+16,2.094176e+23,1,82
2.617788e+08,1.767832e+16,1.840993e+23,0,39
2.608762e+08,1.727303e+16,1.758595e+23,1,66
3.148695e+08,2.522654e+16,2.184116e+23,0,63
2.756889e+08,1.927607e+16,2.198012e+23,0,81
3.932850e+08,3.916512e+16,4.807136e+23,1,98
3.826272e+08,3.654205e+16,3.777268e+23,2,79
2.935651e+08,2.184002e+16,2.253125e+23,3,48
3.679018e+08,3.491244e+16,2.654210e+23,2,86
3.183140e+08,2.573908e+16,2.314756e+23,0,27
3.570095e+08,3.202135e+16,3.114984e+23,3,79
3.315140e+08,2.790828e+16,2.185670e+23,0,26
3.079624e+08,2.364281e+16,2.247892e+23,1,61
3.512229e+08,3.095117e+16,3.553792e+23,1,47
3.328296e+08,2.757683e+16,3.979478e+23,1,97
3.129408e+08,2.495547e+16,2.312833e+23,0,0
3.357007e+08,2.864335e+16,2.642852e+23,2,104
2.678875e+08,1.786653e+16,2.065052e+23,3,75
2.874092e+08,2.051746e+16,2.285597e+23,2,51
3.154312e+08,2.527197e+16,2.531494e+23,3,90
2.821831e+08,2.001248e+16,2.076637e+23,3,77
3.381464e+08,2.915402e+16,2.776182e+23,0,31
2.892147e+08,2.154689e+16,2.248768e+23,1,5
3.419926e+08,2.970823e+16,3.444351e+23,3,99
2.583207e+08,1.700173e+16,1.925500e+23,0,42
3.510861e+08,3.110238e+16,3.399514e+23,0,70
3.504030e+08,3.089716e+16,3.577290e+23,1,80
3.123328e+08,2.490106e+16,2.711530e+23,1,34
3.067220e+08,2.364329e+16,2.726013e+23,3,93
3.017268e+08,2.316556e+16,2.672928e+23,0,93
3.450517e+08,2.998521e+16,3.291764e+23,0,6
3.453808e+08,3.032731e+16,2.930719e+23,0,18
2.722255e+08,1.843807e+16,1.856910e+23,0,50
3.524392e+08,3.175776e+16,2.864425e+23,2,101
3.226089e+08,2.667338e+16,2.124595e+23,3,74
2.412765e+08,1.505113e+16,1.735069e+23,3,54
2.761996e+08,1.909199e+16,1.940456e+23,1,77
2.564022e+08,1.672123e+16,1.866505e+23,0,91
3.061967e+08,2.399000e+16,2.080161e+23,2,62
2.671497e+08,1.816351e+16,2.041910e+23,2,81
2.853829e+08,2.080103e+16,2.185083e+23,2,92
2.729075e+08,1.891427e+16,1.927140e+23,1,58
3.128955e+08,2.490616e+16,2.409291e+23,0,90
4.098831e+08,4.183720e+16,5.465650e+23,3,73
2.934226e+08,2.142661e+16,2.483537e+23,1,78
3.861600e+08,3.791483e+16,3.645760e+23,2,49
3.641248e+08,3.405265e+16,4.584077e+23,1,67
3.208223e+08,2.615458e+16,2.947294e+23,0,34
2.866238e+08,2.105326e+16,1.956870e+23,0,71
2.597535e+08,1.654345e+16,1.967210e+23,3,64
3.355552e+08,2.854315e+16,2.637358e+23,3,104
2.654606e+08,1.762026e+16,1.972111e+23,2,75
2.550712e+08,1.639190e+16,1.684808e+23,3,66
3.063884e+08,2.389226e+16,1.844253e+23,0,89
2.435713e+08,1.526432e+16,1.654414e+23,0,32
2.712293e+08,1.905155e+16,1.784257e+23,0,102
3.514809e+08,3.129072e+16,3.190304e+23,2,103
2.864299e+08,2.107976e+16,2.170426e+23,0,5
3.100922e+08,2.432232e+16,3.014337e+23,1,59
3.215396e+08,2.564592e+16,3.631832e+23,3,97
3.308860e+08,2.736419e+16,3.942354e+23,0,97
3.480271e+08,3.047131e+16,2.442591e+23,1,88
2.541233e+08,1.630856e+16,1.649886e+23,0,66
2.717893e+08,1.845419e+16,2.277243e+23,0,64
2.931224e+08,2.171312e+16,2.443151e+23,1,93
3.576801e+08,3.278141e+16,3.058163e+23,3,95
3.135239e+08,2.522795e+16,2.629804e+23,1,25
2.558034e+08,1.676716e+16,1.686254e+23,3,53
2.652905e+08,1.761994e+16,1.720531e+23,0,77
3.094510e+08,2.392114e+16,2.249852e+23,0,61
3.134466e+08,2.531514e+16,2.323054e+23,2,68
3.713142e+08,3.442609e+16,4.169033e+23,2,47
2.952861e+08,2.225364e+16,2.050273e+23,0,41
2.959871e+08,2.241442e+16,2.157543e+23,1,71
3.572542e+08,3.219332e+16,2.707311e+23,2,88
3.581564e+08,3.284958e+16,3.787819e+23,0,72
3.165764e+08,2.485777e+16,2.827060e+23,1,87
3.286262e+08,2.669813e+16,3.751372e+23,2,97
3.236143e+08,2.603529e+16,3.115286e+23,2,87
2.802101e+08,2.008519e+16,2.049702e+23,0,92
3.604051e+08,3.284734e+16,3.800860e+23,2,72
3.417796e+08,2.993087e+16,3.436563e+23,0,99
2.593596e+08,1.709908e+16,1.740383e+23,1,37
3.363188e+08,2.889487e+16,2.553878e+23,0,1
3.070596e+08,2.407307e+16,2.140629e+23,1,68
3.430202e+08,2.966791e+16,3.316935e+23,0,80
2.995273e+08,2.248630e+16,2.091544e+23,3,61
3.094151e+08,2.426096e+16,2.812003e+23,2,93
3.159650e+08,2.504154e+16,3.088595e+23,0,35
2.826057e+08,2.034195e+16,1.944336e+23,0,8
3.656229e+08,3.425567e+16,4.611663e+23,2,67
2.860124e+08,2.125397e+16,2.106119e+23,2,102
3.161189e+08,2.536063e+16,2.562149e+23,1,52
3.149034e+08,2.539566e+16,2.198861e+23,3,62
3.239408e+08,2.649986e+16,2.785830e+23,0,45
3.213553e+08,2.630809e+16,2.679895e+23,1,90
3.417360e+08,2.966855e+16,2.969105e+23,3,103
3.393679e+08,2.914681e+16,2.826414e+23,0,103
2.999549e+08,2.249991e+16,2.077176e+23,2,61
3.229286e+08,2.657856e+16,2.509795e+23,0,84
3.584491e+08,3.302927e+16,3.165430e+23,2,95
3.031560e+08,2.264799e+16,2.517456e+23,0,4
2.350519e+08,1.424481e+16,1.554522e+23,2,54
3.686999e+08,3.497813e+16,2.815445e+23,1,86
2.971018e+08,2.224040e+16,2.507344e+23,1,44
3.045508e+08,2.346638e+16,2.830762e+23,0,59
3.277841e+08,2.742786e+16,2.138894e+23,2,100
3.263053e+08,2.748055e+16,2.627394e+23,1,46
2.677445e+08,1.809221e+16,2.096330e+23,1,42
2.535064e+08,1.632766e+16,1.606078e+23,2,37
3.438763e+08,3.023442e+16,4.146986e+23,1,36
3.130682e+08,2.504910e+16,2.116184e+23,1,63
3.179500e+08,2.550904e+16,2.862740e+23,1,65
2.682881e+08,1.828208e+16,1.910925e+23,3,58
3.217586e+08,2.619915e+16,2.990502e+23,0,65
2.459358e+08,1.552491e+16,1.530070e+23,1,53
3.190929e+08,2.600248e+16,2.659813e+23,0,7
3.199083e+08,2.609928e+16,2.290292e+23,1,60
3.229545e+08,2.670370e+16,2.765897e+23,0,3
2.791271e+08,1.969213e+16,2.331733e+23,1,33
3.456580e+08,2.996497e+16,3.495355e+23,3,80
2.964042e+08,2.223634e+16,1.963735e+23,3,83
3.047012e+08,2.272969e+16,2.771504e+23,2,78
3.042784e+08,2.387117e+16,2.195043e+23,0,68
3.078095e+08,2.371221e+16,2.927309e+23,0,19
3.043081e+08,2.377896e+16,1.918585e+23,1,89
3.361143e+08,2.823135e+16,3.678798e+23,1,35
2.421413e+08,1.495968e+16,1.688787e+23,2,94
3.216153e+08,2.576541e+16,3.058582e+23,0,87
3.243966e+08,2.662179e+16,2.664410e+23,0,22
3.544479e+08,3.156078e+16,2.515909e+23,0,88
4.071027e+08,4.175913e+16,5.264100e+23,1,73
2.625107e+08,1.719714e+16,1.991148e+23,0,38
2.842009e+08,2.016829e+16,2.198041e+23,3,51
2.931080e+08,2.199749e+16,2.238596e+23,0,48
3.857678e+08,3.770775e+16,4.605744e+23,3,98
2.341700e+08,1.427516e+16,1.625566e+23,1,54
3.299976e+08,2.787907e+16,2.247541e+23,1,100
3.150163e+08,2.538011e+16,2.394596e+23,1,0
3.380247e+08,2.906431e+16,2.892338e+23,1,12
3.271655e+08,2.738687e+16,2.983871e+23,3,72
3.266544e+08,2.725993e+16,3.478497e+23,2,85
3.902667e+08,3.888764e+16,4.628887e+23,0,98
3.262025e+08,2.711309e+16,2.823730e+23,0,11
2.690474e+08,1.808177e+16,1.866851e+23,2,50
3.286981e+08,2.766092e+16,2.556411e+23,1,104
2.967000e+08,2.246021e+16,2.285326e+23,2,48
3.580581e+08,3.269375e+16,2.868406e+23,0,49
2.811611e+08,1.959445e+16,2.004781e+23,1,50
3.524644e+08,3.121559e+16,3.652353e+23,3,47
3.017547e+08,2.326177e+16,2.246063e+23,2,52
3.165136e+08,2.566742e+16,2.538887e+23,2,90
2.869936e+08,2.071314e+16,2.213567e+23,2,58
3.006095e+08,2.287039e+16,2.088735e+23,3,69
3.018173e+08,2.310865e+16,1.991145e+23,2,63
3.904887e+08,3.851490e+16,4.669538e+23,2,98
2.959986e+08,2.244783e+16,2.263881e+23,1,40
3.160905e+08,2.551499e+16,3.250653e+23,3,85
2.775179e+08,1.903705e+16,2.088389e+23,3,78
3.558846e+08,3.219533e+16,2.759150e+23,1,49
3.345099e+08,2.873502e+16,2.987516e+23,1,72
3.234279e+08,2.651520e+16,3.710253e+23,0,24
3.196267e+08,2.613867e+16,2.746042e+23,1,45
2.819382e+08,1.985592e+16,2.167793e+23,0,51
3.332909e+08,2.852729e+16,2.296112e+23,0,100
2.770631e+08,1.992282e+16,2.041218e+23,1,96
2.974048e+08,2.242941e+16,2.184214e+23,3,82
2.654575e+08,1.763878e+16,1.783827e+23,3,50
3.124290e+08,2.490237e+16,1.996433e+23,3,89
3.158136e+08,2.504467e+16,2.493356e+23,2,82
3.177175e+08,2.541379e+16,3.138781e+23,0,55
3.844888e+08,3.811820e+16,4.014331e+23,0,20
3.371881e+08,2.890096e+16,3.865360e+23,0,36
3.365729e+08,2.866433e+16,3.518778e+23,0,56
2.614923e+08,1.757570e+16,2.144370e+23,1,94
2.589082e+08,1.720934e+16,1.978950e+23,2,91
3.615984e+08,3.320093e+16,3.749577e+23,1,70
3.019249e+08,2.295104e+16,2.603377e+23,0,44
2.372404e+08,1.443104e+16,1.613001e+23,3,94
3.829062e+08,3.638632e+16,3.459675e+23,1,79
3.342722e+08,2.827282e+16,3.343007e+23,3,56
3.554896e+08,3.239899e+16,3.755489e+23,3,70
3.398816e+08,2.924537e+16,2.450120e+23,3,88
2.898918e+08,2.144243e+16,2.064932e+23,3,71
3.269430e+08,2.737196e+16,2.205953e+23,0,74
2.676540e+08,1.812004e+16,2.092447e+23,0,17
2.829758e+08,2.000293e+16,2.148846e+23,1,51
2.734196e+08,1.862776e+16,2.291804e+23,1,64
2.617400e+08,1.715686e+16,1.662771e+23,2,77
3.341614e+08,2.785426e+16,3.992671e+23,1,85
2.493389e+08,1.576991e+16,1.787739e+23,1,38
2.576915e+08,1.689701e+16,1.919383e+23,1,91
3.298514e+08,2.781178e+16,2.221781e+23,3,100
3.042919e+08,2.344453e+16,2.927691e+23,0,10
3.516775e+08,3.155658e+16,3.707249e+23,1,99
2.734825e+08,1.915890e+16,1.560181e+23,1,83
3.304060e+08,2.779635e+16,2.518919e+23,0,28
3.256809e+08,2.671380e+16,3.394937e+23,3,59
3.578299e+08,3.268551e+16,3.007521e+23,0,101
2.142144e+08,1.222738e+16,1.422306e+23,0,2
3.618805e+08,3.319702e+16,3.930649e+23,2,99
3.332319e+08,2.802545e+16,2.806063e+23,0,14
3.210484e+08,2.629205e+16,2.557981e+23,1,84
2.803574e+08,1.999151e+16,2.080048e+23,3,92
3.956184e+08,3.953488e+16,3.853906e+23,3,49
3.010951e+08,2.303274e+16,2.272407e+23,0,40
2.949012e+08,2.195997e+16,1.881118e+23,2,57
3.677600e+08,3.482306e+16,3.350076e+23,0,95
3.324771e+08,2.812876e+16,2.742115e+23,2,60
4.317666e+08,4.647998e+16,6.316917e+23,2,73
3.560277e+08,3.255412e+16,4.256209e+23,3,67
3.487058e+08,3.048981e+16,3.226856e+23,2,70
3.093097e+08,2.422522e+16,2.427502e+23,3,52
3.261350e+08,2.711003e+16,2.438622e+23,1,43
3.546438e+08,3.240334e+16,3.202472e+23,1,95
3.056203e+08,2.388472e+16,1.987552e+23,0,62
2.843342e+08,2.020070e+16,2.658828e+23,0,9
3.374631e+08,2.799240e+16,3.392973e+23,3,87
3.652272e+08,3.442842e+16,2.724448e+23,3,86
2.721393e+08,1.889876e+16,2.236710e+23,1,81
2.934624e+08,2.119553e+16,2.388120e+23,2,66
2.890617e+08,2.072107e+16,2.394286e+23,0,33
2.384934e+08,1.462250e+16,1.400639e+23,0,53
3.341856e+08,2.851138e+16,3.915365e+23,2,59
3.154364e+08,2.530349e+16,2.955991e+23,0,16
3.265492e+08,2.711893e+16,2.202761e+23,2,74
2.815395e+08,2.060446e+16,1.998333e+23,3,102
3.043307e+08,2.347819e+16,2.119842e+23,1,69
4.029934e+08,4.180207e+16,3.554963e+23,0,86
3.562301e+08,3.228397e+16,3.031815e+23,0,104
3.397180e+08,2.939751e+16,3.004613e+23,0,12
2.315676e+08,1.404601e+16,1.596993e+23,0,54
3.204905e+08,2.621420e+16,2.061010e+23,1,74
2.863519e+08,2.078366e+16,1.779685e+23,2,83
2.769345e+08,1.965928e+16,2.060987e+23,1,92
3.566423e+08,3.248826e+16,3.068356e+23,3,101
3.636076e+08,3.314328e+16,4.285688e+23,1,56
3.246385e+08,2.685989e+16,2.859365e+23,0,25
2.894550e+08,2.131750e+16,2.024584e+23,2,71
2.546264e+08,1.624026e+16,1.826763e+23,1,75
3.641004e+08,3.396751e+16,3.205029e+23,1,101
3.511791e+08,3.132298e+16,3.181401e+23,0,23
2.517330e+08,1.623280e+16,1.599040e+23,0,37
3.164572e+08,2.543865e+16,3.239257e+23,0,85
2.758554e+08,1.976660e+16,1.979802e+23,0,96
2.890180e+08,2.059187e+16,2.364089e+23,0,78
3.288639e+08,2.715236e+16,3.137208e+23,2,56
3.080633e+08,2.433155e+16,2.257083e+23,0,69
3.150004e+08,2.505039e+16,2.260113e+23,3,57
2.909233e+08,2.130845e+16,1.808735e+23,1,57
3.061426e+08,2.394699e+16,1.880357e+23,2,89
2.516752e+08,1.607352e+16,1.812406e+23,0,94
3.853938e+08,3.734474e+16,3.516775e+23,0,79
3.296995e+08,2.718611e+16,2.939049e+23,0,21
2.964754e+08,2.215388e+16,2.057408e+23,0,82
2.835364e+08,2.037486e+16,1.694573e+23,0,83
2.879856e+08,2.124948e+16,2.141949e+23,1,48
3.124599e+08,2.490032e+16,2.433689e+23,3,84
3.270009e+08,2.732499e+16,2.427415e+23,0,60
3.269103e+08,2.703466e+16,2.390605e+23,3,60
3.783970e+08,3.633780e+16,3.875361e+23,0,13
3.724300e+08,3.477220e+16,4.467466e+23,0,30
2.608468e+08,1.747464e+16,1.951433e+23,3,81
3.637756e+08,3.325833e+16,3.376183e+23,3,63
3.034216e+08,2.270540e+16,3.051184e+23,2,64
3.207053e+08,2.591433e+16,2.445540e+23,2,69
3.227788e+08,2.673297e+16,2.559316e+23,2,12
2.917917e+08,2.166265e+16,2.626036e+23,1,10
3.222158e+08,2.641056e+16,2.332915e+23,0,43
3.292352e+08,2.778117e+16,3.438319e+23,0,67
2.440760e+08,1.525356e+16,1.476760e+23,2,53
3.231223e+08,2.647566e+16,3.071014e+23,3,65
3.300907e+08,2.768214e+16,2.778882e+23,3,76
2.884145e+08,2.143072e+16,2.101680e+23,1,102
3.961391e+08,3.953152e+16,5.013633e+23,0,73
