1.776991e+03,7.174127e+05,6.268587e+07,3,72,N,N
1.770739e+03,7.587992e+05,6.928224e+07,3,93,N,N
2.049752e+03,9.024259e+05,6.527254e+07,0,26,N,N
1.685522e+03,7.071452e+05,6.977280e+07,3,96,N,N
1.730041e+03,7.323180e+05,7.296424e+07,1,55,N,N
1.847102e+03,8.065866e+05,6.856617e+07,3,90,N,N
1.707840e+03,6.922329e+05,6.382156e+07,1,5,N,N
1.719565e+03,6.587017e+05,5.233552e+07,0,27,N,N
1.857751e+03,7.344480e+05,5.330304e+07,0,28,N,N
1.551068e+03,5.958004e+05,6.058814e+07,0,67,N,N
1.671263e+03,7.179499e+05,7.616552e+07,3,91,N,N
1.662738e+03,6.868338e+05,7.025448e+07,0,16,N,N
1.775996e+03,6.945278e+05,5.740120e+07,3,99,N,N
1.659619e+03,6.991179e+05,6.807485e+07,3,78,N,N
1.731279e+03,6.936807e+05,5.865820e+07,2,102,N,N
1.722008e+03,6.687982e+05,5.295208e+07,0,22,N,N
1.902709e+03,8.228274e+05,6.743963e+07,1,84,N,N
1.668369e+03,6.363065e+05,5.124045e+07,2,82,N,N
1.733327e+03,6.700835e+05,5.642620e+07,3,68,N,N
1.709495e+03,6.541729e+05,5.527834e+07,3,80,N,N
1.674560e+03,6.748202e+05,6.335660e+07,1,10,N,N
1.752779e+03,7.088409e+05,6.366737e+07,0,56,N,N
1.911754e+03,7.435908e+05,4.934755e+07,1,86,N,N
2.940482e+03,2.246498e+06,2.264282e+08,1,73,N,N
1.774356e+03,7.291572e+05,6.677323e+07,1,40,N,N
2.139803e+03,9.265748e+05,8.974477e+07,2,76,N,N
1.881808e+03,7.896977e+05,6.745574e+07,0,76,N,N
1.614166e+03,6.187629e+05,5.460530e+07,2,53,N,N
1.838970e+03,8.133010e+05,7.472568e+07,1,65,N,N
1.640732e+03,6.755146e+05,6.819202e+07,0,32,N,N
1.852391e+03,7.826702e+05,6.732160e+07,3,98,N,N
1.702249e+03,7.030542e+05,6.758680e+07,0,10,N,N
1.783674e+03,6.952433e+05,5.618473e+07,2,99,N,N
1.830324e+03,7.893266e+05,6.884270e+07,3,61,N,N
1.953619e+03,8.334615e+05,6.602824e+07,3,95,N,N
1.736726e+03,7.383368e+05,7.227124e+07,0,55,N,N
1.634578e+03,6.649946e+05,6.574880e+07,2,66,N,N
1.702838e+03,6.704611e+05,5.807218e+07,3,56,N,N
1.881502e+03,7.891122e+05,5.959183e+07,2,84,N,N
1.676191e+03,6.617107e+05,5.938111e+07,2,92,N,N
1.905189e+03,8.088281e+05,6.362828e+07,2,62,N,N
1.799470e+03,7.553188e+05,6.570798e+07,0,83,N,N
1.764322e+03,7.181940e+05,5.893646e+07,1,57,N,N
1.838106e+03,8.476887e+05,9.288804e+07,3,59,N,N
1.896539e+03,8.552079e+05,7.465869e+07,0,11,N,N
1.843402e+03,7.657857e+05,5.978844e+07,0,13,N,N
1.625390e+03,7.036380e+05,7.770891e+07,1,64,N,N
1.643177e+03,6.801095e+05,6.792070e+07,1,35,N,N
1.770761e+03,7.523772e+05,6.912741e+07,0,8,N,N
1.876468e+03,6.909139e+05,4.347705e+07,0,86,N,N
1.900932e+03,8.193650e+05,6.560415e+07,1,63,N,N
1.665732e+03,6.749686e+05,6.404576e+07,2,51,N,N
1.733747e+03,7.255826e+05,6.724747e+07,3,48,N,N
1.779954e+03,7.325897e+05,6.187202e+07,0,14,N,N
1.525711e+03,5.829282e+05,5.824735e+07,1,54,N,N
1.735947e+03,6.691537e+05,5.229068e+07,1,52,N,N
1.880655e+03,8.006672e+05,6.372182e+07,0,63,N,N
2.026001e+03,9.074737e+05,7.152048e+07,3,101,N,N
1.671386e+03,7.094696e+05,7.416591e+07,2,91,N,N
1.996298e+03,8.238017e+05,5.414791e+07,3,49,N,N
1.740046e+03,7.137732e+05,6.337126e+07,0,102,N,N
1.894892e+03,8.135053e+05,6.621834e+07,1,0,N,N
1.671707e+03,6.640952e+05,6.044818e+07,0,36,N,N
1.845510e+03,7.613482e+05,6.090888e+07,0,18,N,N
1.671556e+03,7.116665e+05,7.512538e+07,2,97,N,N
1.773568e+03,6.629194e+05,4.970429e+07,2,79,N,N
1.862941e+03,7.436362e+05,5.566128e+07,3,79,N,N
1.981533e+03,8.011562e+05,5.406707e+07,3,86,N,N
1.738283e+03,7.893371e+05,8.684545e+07,1,94,N,N
1.711300e+03,6.835076e+05,6.037913e+07,1,48,N,N
1.875048e+03,7.863263e+05,6.544300e+07,0,98,N,N
1.843066e+03,7.983444e+05,6.933961e+07,1,61,N,N
1.706938e+03,7.148054e+05,6.924145e+07,0,96,N,N
1.688232e+03,6.948631e+05,6.590711e+07,2,37,N,N
1.812052e+03,7.268631e+05,5.483575e+07,0,84,N,N
1.753261e+03,7.685558e+05,7.961195e+07,0,97,N,N
1.840170e+03,7.074291e+05,5.031355e+07,0,74,N,N
1.855712e+03,7.602439e+05,6.132719e+07,1,104,N,N
1.939057e+03,8.230542e+05,5.903658e+07,1,88,N,N
1.791962e+03,7.265225e+05,6.116671e+07,0,80,N,N
1.786746e+03,7.724208e+05,7.363072e+07,0,34,N,N
1.634237e+03,6.421127e+05,5.878968e+07,1,92,N,N
1.656540e+03,6.314485e+05,5.433200e+07,0,25,N,N
1.742757e+03,6.770116e+05,5.652691e+07,0,70,N,N
1.868585e+03,8.058319e+05,6.918305e+07,0,3,N,N
1.662471e+03,6.566806e+05,6.359216e+07,0,59,N,N
1.622453e+03,6.576676e+05,6.895147e+07,2,81,N,N
1.806886e+03,7.523697e+05,6.369978e+07,2,61,N,N
1.610971e+03,6.793679e+05,7.236099e+07,2,64,N,N
2.008869e+03,9.067055e+05,7.393213e+07,0,95,N,N
1.847958e+03,7.678190e+05,6.271744e+07,0,0,N,N
2.051139e+03,8.935076e+05,5.906318e+07,1,49,N,N
1.957700e+03,8.502868e+05,6.480566e+07,3,62,N,N
1.589327e+03,5.930895e+05,5.218676e+07,0,53,N,N
1.682500e+03,7.366573e+05,7.877719e+07,1,33,N,N
1.770113e+03,6.325664e+05,4.372477e+07,0,79,N,N
1.778839e+03,7.595567e+05,6.909978e+07,0,92,N,N
1.721724e+03,7.058413e+05,6.276805e+07,1,82,N,N
1.948688e+03,9.061908e+05,7.892856e+07,1,90,N,N
1.623288e+03,6.256130e+05,5.506609e+07,2,58,N,N
1.795512e+03,7.972944e+05,7.729408e+07,0,39,N,N
1.672908e+03,6.110938e+05,4.931584e+07,2,68,N,N
1.830018e+03,7.980079e+05,6.973290e+07,2,71,N,N
1.666485e+03,7.035247e+05,7.089203e+07,0,17,N,N
1.664513e+03,6.901884e+05,6.858881e+07,1,96,N,N
1.629641e+03,6.345620e+05,5.758539e+07,3,77,N,N
1.605030e+03,6.473577e+05,6.220611e+07,2,75,N,N
1.862526e+03,8.054343e+05,6.729329e+07,3,63,N,N
1.628391e+03,6.420264e+05,6.735012e+07,2,67,N,N
1.682093e+03,7.149984e+05,7.403520e+07,3,97,N,N
1.797576e+03,7.340662e+05,6.503784e+07,0,73,N,N
1.688684e+03,7.382559e+05,7.835416e+07,2,94,N,N
1.669929e+03,7.015680e+05,6.829069e+07,1,87,N,N
1.890364e+03,8.241448e+05,6.961067e+07,0,15,N,N
1.493332e+03,5.491955e+05,5.232464e+07,0,38,N,N
1.723859e+03,6.767416e+05,5.988140e+07,2,72,N,N
1.739856e+03,7.276340e+05,6.563104e+07,0,48,N,N
1.840758e+03,7.546859e+05,6.525078e+07,0,99,N,N
2.006250e+03,9.299902e+05,7.958411e+07,0,100,N,N
1.863507e+03,7.521145e+05,6.038100e+07,2,60,N,N
1.813964e+03,7.337198e+05,6.314532e+07,0,23,N,N
1.982297e+03,8.210428e+05,5.408145e+07,0,49,N,N
1.741931e+03,7.866476e+05,8.241041e+07,0,94,N,N
1.577106e+03,6.307491e+05,6.415939e+07,1,38,N,N
1.688415e+03,6.888585e+05,6.386267e+07,3,92,N,N
1.625150e+03,6.581464e+05,6.745408e+07,3,81,N,N
1.920526e+03,8.126850e+05,6.018787e+07,0,88,N,N
1.550774e+03,5.959186e+05,6.063970e+07,1,81,N,N
1.765579e+03,6.905552e+05,5.370748e+07,1,69,N,N
1.561205e+03,6.147388e+05,6.347441e+07,0,54,N,N
1.653502e+03,6.237390e+05,5.409069e+07,1,56,N,N
1.646933e+03,6.750819e+05,6.836826e+07,0,85,N,N
1.705753e+03,6.694500e+05,5.839092e+07,3,47,N,N
1.673031e+03,6.747650e+05,6.267883e+07,0,58,N,N
1.596239e+03,6.502093e+05,6.621415e+07,2,54,N,N
1.727038e+03,7.196029e+05,6.914201e+07,3,55,N,N
1.637877e+03,6.392317e+05,5.753709e+07,1,58,N,N
1.440263e+03,5.414934e+05,5.326795e+07,0,2,N,N
1.795332e+03,7.486081e+05,6.518845e+07,1,46,N,N
2.028579e+03,8.985277e+05,6.831966e+07,0,101,N,N
1.900003e+03,7.938759e+05,6.153925e+07,0,43,N,N
1.534646e+03,6.174938e+05,6.457544e+07,0,42,N,N
1.781985e+03,7.704923e+05,7.052002e+07,2,93,N,N
1.925426e+03,8.402700e+05,6.989804e+07,0,103,N,N
1.733519e+03,7.522895e+05,7.825107e+07,2,85,N,N
1.555760e+03,5.651243e+05,4.954754e+07,1,77,N,N
1.644314e+03,6.750268e+05,6.839948e+07,1,91,N,N
1.586023e+03,6.369406e+05,6.289672e+07,2,87,N,N
1.892587e+03,8.024975e+05,6.515198e+07,1,43,N,N
1.914562e+03,8.183035e+05,6.313720e+07,3,88,N,N
1.899268e+03,8.327780e+05,7.149620e+07,1,45,N,N
1.749152e+03,7.126793e+05,6.256720e+07,3,102,N,N
1.835216e+03,7.720910e+05,6.514965e+07,0,52,N,N
1.600076e+03,6.149432e+05,5.444633e+07,1,53,N,N
1.857334e+03,8.401223e+05,8.186027e+07,1,34,N,N
1.968906e+03,8.823590e+05,7.254317e+07,1,100,N,N
1.624527e+03,6.369075e+05,5.792775e+07,1,93,N,N
2.978294e+03,2.254271e+06,2.262008e+08,2,73,N,N
1.640595e+03,6.838435e+05,6.716523e+07,0,75,N,N
1.739432e+03,7.037951e+05,5.880078e+07,2,83,N,N
1.787266e+03,7.272274e+05,5.954347e+07,1,83,N,N
1.720809e+03,6.672620e+05,5.672256e+07,0,47,N,N
1.822833e+03,8.331886e+05,8.743106e+07,1,36,N,N
1.847491e+03,7.343828e+05,5.289778e+07,0,1,N,N
1.739501e+03,7.271043e+05,6.859806e+07,2,55,N,N
1.832421e+03,7.499999e+05,6.537167e+07,3,76,N,N
1.819299e+03,7.888156e+05,6.969189e+07,0,65,N,N
1.960962e+03,8.634935e+05,6.988232e+07,0,104,N,N
1.883876e+03,8.382934e+05,7.581813e+07,0,6,N,N
1.678096e+03,6.873127e+05,6.512218e+07,0,51,N,N
1.845934e+03,7.798277e+05,6.803498e+07,1,98,N,N
1.799777e+03,7.401080e+05,6.368377e+07,1,80,N,N
1.798452e+03,7.471097e+05,6.272207e+07,0,71,N,N
1.500673e+03,5.727184e+05,5.526239e+07,1,78,N,N
1.927029e+03,8.878112e+05,7.748286e+07,0,90,N,N
1.744736e+03,6.887883e+05,5.606559e+07,3,57,N,N
2.033630e+03,9.437253e+05,7.579476e+07,0,20,N,N
1.780845e+03,7.215924e+05,5.856353e+07,2,57,N,N
1.999723e+03,9.357550e+05,8.300693e+07,2,103,N,N
1.895373e+03,7.766190e+05,5.500454e+07,2,88,N,N
1.626262e+03,6.007519e+05,4.808103e+07,0,82,N,N
1.663194e+03,6.910801e+05,6.845976e+07,3,50,N,N
1.643773e+03,6.764097e+05,6.616111e+07,0,35,N,N
1.679124e+03,7.390585e+05,8.380596e+07,1,85,N,N
1.980151e+03,8.611973e+05,6.617142e+07,0,89,N,N
1.772888e+03,7.377127e+05,6.553373e+07,2,56,N,N
1.899409e+03,7.786396e+05,5.906952e+07,1,79,N,N
1.756943e+03,6.995350e+05,5.807227e+07,0,69,N,N
1.668895e+03,6.914514e+05,6.741788e+07,2,96,N,N
1.648824e+03,6.842707e+05,6.769990e+07,0,87,N,N
1.750345e+03,6.801736e+05,5.443190e+07,0,21,N,N
1.804287e+03,7.474640e+05,6.422508e+07,0,46,N,N
1.918632e+03,8.072524e+05,6.338649e+07,1,89,N,N
1.952531e+03,8.380973e+05,6.464950e+07,1,60,N,N
1.681792e+03,6.707981e+05,6.109472e+07,1,37,N,N
1.832884e+03,7.490826e+05,6.500351e+07,1,76,N,N
1.562744e+03,5.877287e+05,5.930234e+07,3,67,N,N
1.745902e+03,7.623549e+05,7.654328e+07,0,44,N,N
2.053832e+03,9.336767e+05,7.309893e+07,1,101,N,N
1.819131e+03,7.069244e+05,4.940173e+07,1,74,N,N
1.832691e+03,7.165763e+05,5.225300e+07,2,74,N,N
1.718125e+03,6.904503e+05,6.048208e+07,1,25,N,N
1.755665e+03,7.983905e+05,8.612998e+07,3,94,N,N
1.644427e+03,6.087952e+05,5.091439e+07,1,68,N,N
1.580701e+03,5.824205e+05,5.191835e+07,3,58,N,N
1.867742e+03,7.789738e+05,6.131091e+07,0,31,N,N
1.766037e+03,7.035373e+05,5.850978e+07,3,52,N,N
1.636165e+03,6.751181e+05,6.672838e+07,0,33,N,N
1.970978e+03,9.294473e+05,8.146242e+07,2,90,N,N
1.519322e+03,6.006503e+05,6.152089e+07,1,42,N,N
1.749299e+03,7.623241e+05,7.491632e+07,1,50,N,N
1.742650e+03,7.203500e+05,6.440376e+07,1,102,N,N
2.873018e+03,2.150794e+06,2.213882e+08,3,73,N,N
1.580240e+03,5.988539e+05,5.380579e+07,2,77,N,N
1.834637e+03,8.033466e+05,7.328575e+07,3,65,N,N
1.789188e+03,7.336991e+05,6.013963e+07,0,57,N,N
1.735186e+03,7.359280e+05,6.948492e+07,1,51,N,N
1.683643e+03,6.922044e+05,6.610437e+07,3,51,N,N
1.710318e+03,7.232418e+05,7.008068e+07,0,66,N,N
1.937088e+03,8.259697e+05,6.435824e+07,0,60,N,N
1.865559e+03,7.884009e+05,6.202792e+07,2,12,N,N
1.714053e+03,7.069026e+05,6.349368e+07,1,66,N,N
1.897082e+03,8.000953e+05,6.453243e+07,2,95,N,N
1.761140e+03,7.814360e+05,8.000421e+07,1,44,N,N
1.641957e+03,6.881014e+05,6.680627e+07,3,87,N,N
1.846349e+03,7.995412e+05,6.937193e+07,1,71,N,N
1.980671e+03,8.065301e+05,5.507157e+07,2,86,N,N
1.752983e+03,7.432641e+05,6.998495e+07,0,37,N,N
1.801864e+03,7.305643e+05,6.014005e+07,1,41,N,N
1.777825e+03,7.374641e+05,6.347114e+07,3,82,N,N
1.981510e+03,8.644505e+05,6.643836e+07,2,89,N,N
1.729143e+03,7.491783e+05,7.474776e+07,0,50,N,N
2.037187e+03,9.071642e+05,6.803220e+07,2,101,N,N
1.929161e+03,8.372993e+05,6.287400e+07,0,29,N,N
1.609315e+03,6.458934e+05,6.683551e+07,0,81,N,N
1.698635e+03,7.140447e+05,7.012753e+07,1,97,N,N
1.576773e+03,6.037581e+05,6.277123e+07,1,67,N,N
1.627013e+03,6.882992e+05,6.978630e+07,0,78,N,N
1.647431e+03,7.089809e+05,7.339293e+07,2,78,N,N
1.723626e+03,6.648240e+05,5.657895e+07,2,47,N,N
1.749810e+03,6.745965e+05,5.123931e+07,2,63,N,N
1.826248e+03,7.598220e+05,6.885635e+07,0,72,N,N
1.621872e+03,6.655771e+05,6.914579e+07,0,9,N,N
1.694276e+03,7.190309e+05,7.394957e+07,3,85,N,N
1.802003e+03,7.359504e+05,6.092476e+07,2,70,N,N
1.655543e+03,6.324262e+05,6.184949e+07,2,59,N,N
1.777150e+03,6.761530e+05,4.731713e+07,1,12,N,N
1.761012e+03,7.145372e+05,6.011408e+07,3,83,N,N
1.917977e+03,8.050742e+05,6.119996e+07,0,62,N,N
1.541273e+03,6.246579e+05,6.497083e+07,3,64,N,N
1.746870e+03,6.847972e+05,5.563255e+07,2,69,N,N
1.761022e+03,7.095024e+05,6.070755e+07,1,47,N,N
1.633400e+03,6.818136e+05,6.767598e+07,1,75,N,N
1.726980e+03,7.086479e+05,7.140816e+07,1,59,N,N
1.847888e+03,7.647085e+05,5.790542e+07,0,12,N,N
1.703157e+03,6.249384e+05,5.089858e+07,0,40,N,N
1.568376e+03,6.418878e+05,6.726617e+07,0,64,N,N
1.708269e+03,7.343393e+05,7.388881e+07,3,66,N,N
1.738619e+03,6.815092e+05,5.906104e+07,1,72,N,N
1.542255e+03,5.957331e+05,5.740863e+07,0,4,N,N
1.647510e+03,6.625312e+05,6.279878e+07,2,50,N,N
1.786083e+03,7.354620e+05,6.081878e+07,0,61,N,N
1.932813e+03,8.343352e+05,6.360645e+07,3,60,N,N
1.608225e+03,6.515464e+05,6.176888e+07,3,75,N,N
1.811774e+03,7.021654e+05,5.093855e+07,1,62,N,N
1.727594e+03,6.482053e+05,5.125397e+07,2,80,N,N
1.718428e+03,7.515822e+05,7.734961e+07,0,91,N,N
1.930198e+03,8.355803e+05,6.850838e+07,1,95,N,N
1.956682e+03,8.734205e+05,7.403624e+07,1,103,N,N
1.674291e+03,6.235233e+05,5.421522e+07,0,68,N,N
1.930661e+03,8.488593e+05,6.992538e+07,2,104,N,N
1.837010e+03,7.628296e+05,6.096510e+07,2,52,N,N
1.967278e+03,8.496794e+05,6.376494e+07,3,89,N,N
1.757226e+03,7.259463e+05,6.457962e+07,0,30,N,N
1.907087e+03,8.136015e+05,6.627350e+07,3,104,N,N
1.770897e+03,7.166627e+05,6.090952e+07,0,45,N,N
1.821893e+03,7.313180e+05,6.171991e+07,1,70,N,N
1.782999e+03,7.034972e+05,5.919245e+07,1,99,N,N
1.856225e+03,7.971960e+05,6.955198e+07,2,98,N,N
1.560171e+03,5.944157e+05,5.729553e+07,0,19,N,N
1.681449e+03,6.439758e+05,5.339407e+07,3,69,N,N
1.860645e+03,8.990851e+05,1.019830e+08,0,24,N,N
1.734053e+03,6.661534e+05,5.634799e+07,3,70,N,N
1.923886e+03,8.333302e+05,6.618496e+07,2,100,N,N
1.969412e+03,8.847200e+05,7.385295e+07,3,103,N,N
1.664498e+03,6.865000e+05,6.595068e+07,0,93,N,N
1.849178e+03,8.138044e+05,7.055796e+07,3,71,N,N
1.640094e+03,6.330429e+05,5.452660e+07,3,53,N,N
1.477848e+03,5.508362e+05,5.305886e+07,3,54,N,N
1.926632e+03,8.297281e+05,6.712211e+07,3,100,N,N
1.612228e+03,6.224405e+05,5.688938e+07,0,77,N,N
1.766087e+03,7.351724e+05,6.584515e+07,2,48,N,N
1.916232e+03,7.835858e+05,5.623316e+07,3,74,N,N
1.727906e+03,6.984378e+05,6.223639e+07,0,41,N,N
1.724257e+03,6.564967e+05,5.275620e+07,3,84,N,N
1.760675e+03,7.333489e+05,6.737577e+07,0,7,N,N
1.700125e+03,6.953700e+05,6.119670e+07,2,65,N,N
1.624212e+03,6.256559e+05,5.825164e+07,0,5,N,N
2.059813e+03,9.127262e+05,6.373770e+07,2,49,N,N
