3.689221e+06,1.794102e+12,6.280931e+16,1.235592e+07,2.724024e+13,3.760191e+17,2.375352e+07,1.411261e+14,4.694362e+18,3.080804e+07,1.549441e+14,1.537124e+19,2,76,N,N
6.113825e+06,1.428967e+12,4.178977e+16,1.177054e+07,1.875423e+13,2.532190e+17,1.580552e+07,4.908711e+13,4.627011e+17,2.450848e+07,1.095238e+14,5.158105e+18,1,41,N,N
2.169419e+06,2.864889e+11,3.950911e+15,1.675187e+07,2.467779e+13,2.228352e+17,2.093704e+07,9.147446e+13,1.337200e+18,2.553762e+07,9.776524e+13,4.992922e+18,0,46,N,N
2.499387e+06,2.161501e+11,3.432821e+15,8.886767e+06,9.305397e+12,1.005431e+17,1.921568e+07,7.275178e+13,1.006581e+18,1.802337e+07,5.536128e+13,2.505586e+18,2,96,N,N
6.560425e+06,1.163971e+12,3.331675e+16,1.340615e+07,1.796925e+13,2.207070e+17,1.515063e+07,4.724385e+13,6.786070e+17,1.975549e+07,7.753883e+13,4.337808e+18,0,58,N,N
8.116984e+06,2.762685e+12,7.057201e+16,1.659830e+07,3.274662e+13,4.080484e+17,1.589964e+07,5.960175e+13,8.092782e+17,2.553038e+07,1.146719e+14,6.859488e+18,1,103,N,N
6.200351e+06,1.988997e+12,5.020679e+16,1.920211e+07,3.639095e+13,5.431606e+17,1.457632e+07,4.286484e+13,6.882392e+17,2.187332e+07,9.094649e+13,5.143145e+18,2,55,N,N
7.832485e+06,2.551469e+12,7.622764e+16,1.907121e+07,4.089980e+13,4.847691e+17,1.470728e+07,4.978724e+13,5.424727e+17,2.464831e+07,9.757376e+13,5.286157e+18,2,84,N,N
8.376855e+06,4.434313e+12,1.340309e+17,1.536361e+07,3.143428e+13,2.999352e+17,1.565218e+07,5.631154e+13,6.992239e+17,2.547928e+07,1.185079e+14,6.453408e+18,0,29,N,N
5.050156e+06,1.461592e+12,4.353731e+16,1.481259e+07,2.661669e+13,3.143796e+17,1.486945e+07,4.823343e+13,5.831025e+17,2.117073e+07,7.933655e+13,4.694434e+18,0,52,N,N
1.299335e+07,2.719032e+12,5.884865e+16,2.678599e+07,5.150816e+13,8.206444e+17,1.544764e+07,5.576998e+13,9.010158e+17,2.217560e+07,7.273535e+13,5.180192e+18,2,80,N,N
3.973414e+06,4.593432e+11,9.295637e+15,2.536944e+07,3.507172e+13,5.563934e+17,1.545988e+07,5.322790e+13,7.674486e+17,2.080136e+07,5.680743e+13,2.874278e+18,2,65,N,N
6.208837e+06,1.851153e+12,4.514971e+16,1.804462e+07,3.158498e+13,4.876145e+17,1.540034e+07,4.559996e+13,7.508692e+17,2.134124e+07,8.874298e+13,5.016129e+18,3,55,N,N
4.318840e+06,4.357930e+11,8.267496e+15,1.556621e+07,1.936456e+13,1.142966e+17,2.050366e+07,8.971123e+13,1.050216e+18,2.463911e+07,9.113993e+13,3.797574e+18,3,68,N,N
3.760522e+06,5.067356e+11,7.220341e+15,2.604956e+07,4.437087e+13,5.831709e+17,1.671349e+07,6.608072e+13,1.072752e+18,2.028939e+07,6.392513e+13,2.951959e+18,0,47,N,N
4.666359e+06,1.501118e+12,3.746887e+16,7.998904e+06,1.286920e+13,1.098789e+17,1.539729e+07,5.744516e+13,8.034470e+17,2.349114e+07,1.107495e+14,5.817431e+18,0,15,N,N
3.722174e+06,1.293776e+12,4.062321e+16,1.167285e+07,1.957838e+13,1.528811e+17,1.885664e+07,7.314200e+13,9.266266e+17,2.467790e+07,1.166407e+14,5.938920e+18,1,76,N,N
3.178512e+06,2.584207e+11,4.745689e+15,2.388465e+07,2.023202e+13,2.206175e+17,1.358518e+07,3.890177e+13,4.997484e+17,1.751680e+07,5.767495e+13,1.999573e+18,3,91,N,N
2.521749e+06,1.083035e+12,1.938987e+16,5.559656e+06,6.908938e+12,7.667155e+16,1.631862e+07,6.257029e+13,9.184463e+17,2.292446e+07,8.893778e+13,5.135326e+18,0,76,N,N
3.405651e+06,2.916057e+11,5.538611e+15,1.984901e+07,2.439904e+13,2.365429e+17,1.588038e+07,5.636861e+13,5.100350e+17,2.551239e+07,9.788118e+13,5.465502e+18,1,62,N,N
3.862522e+06,1.032422e+12,4.130067e+16,1.340229e+07,2.000404e+13,3.050197e+17,1.341181e+07,3.028426e+13,3.532364e+17,1.696340e+07,5.771169e+13,2.386840e+18,0,75,N,N
6.659773e+06,1.886745e+12,4.877887e+16,2.158378e+07,3.676811e+13,5.450821e+17,1.428076e+07,4.414186e+13,6.950672e+17,2.306152e+07,9.618872e+13,4.701816e+18,1,55,N,N
1.785344e+06,1.518301e+11,2.540997e+15,1.108510e+07,1.103442e+13,9.688592e+16,2.003947e+07,7.493332e+13,1.052653e+18,1.844735e+07,5.918595e+13,2.665343e+18,3,96,N,N
5.270962e+06,1.672981e+12,5.865605e+16,1.310947e+07,1.960675e+13,1.435219e+17,1.607346e+07,5.722116e+13,7.355334e+17,2.664869e+07,1.122328e+14,4.195359e+18,0,57,N,N
3.713685e+06,3.640604e+11,5.979482e+15,2.112283e+07,2.250508e+13,2.607812e+17,1.619467e+07,5.719014e+13,8.298697e+17,2.288467e+07,8.684843e+13,5.089738e+18,1,82,N,N
4.735776e+06,1.147789e+12,3.733475e+16,1.561142e+07,2.767848e+13,3.750302e+17,1.210492e+07,3.133233e+13,3.481776e+17,1.931455e+07,7.180941e+13,2.548511e+18,0,39,N,N
2.593134e+06,8.427429e+11,1.834374e+16,7.172722e+06,1.181001e+13,1.649091e+17,1.057714e+07,2.441596e+13,2.228254e+17,1.611676e+07,5.274719e+13,2.097086e+18,1,66,N,N
7.547264e+06,1.856237e+12,5.168646e+16,1.221979e+07,2.109602e+13,2.142019e+17,1.547702e+07,5.615794e+13,6.474629e+17,2.330217e+07,1.078740e+14,6.601918e+18,0,63,N,N
3.355257e+06,3.272035e+11,5.651727e+15,2.088679e+07,1.733138e+13,2.059448e+17,1.732741e+07,6.081607e+13,9.661159e+17,1.852857e+07,6.098239e+13,1.812279e+18,0,81,N,N
3.984228e+06,9.367596e+11,1.913461e+16,1.743535e+07,3.009651e+13,3.612863e+17,2.079319e+07,1.014777e+14,1.688182e+18,1.985425e+07,5.501334e+13,2.468290e+18,1,98,N,N
3.755824e+06,7.398576e+11,9.797900e+15,5.199638e+06,5.522734e+12,8.265908e+16,1.640658e+07,6.095143e+13,6.956728e+17,2.025520e+07,7.656719e+13,3.147694e+18,2,79,N,N
6.631189e+06,1.340191e+12,3.805307e+16,9.945927e+06,1.400238e+13,1.835380e+17,1.570082e+07,5.187699e+13,7.102358e+17,2.070914e+07,8.671945e+13,4.852654e+18,3,48,N,N
1.346560e+06,1.382475e+11,1.616154e+15,1.700373e+07,3.223480e+13,2.503133e+17,2.227092e+07,1.048447e+14,9.947669e+17,3.492485e+07,2.377983e+14,1.432720e+19,2,86,N,N
3.153736e+06,4.572894e+11,7.188070e+15,1.066506e+07,1.777000e+13,1.699049e+17,1.680967e+07,6.249061e+13,7.725817e+17,2.141339e+07,6.544668e+13,2.858951e+18,0,27,N,N
3.866001e+06,4.655344e+11,7.623165e+15,3.060480e+07,4.434552e+13,5.162565e+17,1.558237e+07,5.435650e+13,5.708715e+17,2.664889e+07,1.200226e+14,5.800547e+18,3,79,N,N
9.149831e+06,2.653048e+12,8.091609e+16,1.849347e+07,3.883791e+13,2.846640e+17,1.564679e+07,5.756725e+13,6.219279e+17,2.793477e+07,1.270684e+14,6.421188e+18,0,26,N,N
3.260740e+06,1.632211e+12,4.626769e+16,9.372037e+06,1.483343e+13,1.407578e+17,1.441318e+07,4.595156e+13,5.801877e+17,2.101000e+07,8.455474e+13,4.561583e+18,1,61,N,N
3.492871e+06,4.198813e+11,5.899951e+15,2.803079e+07,4.711319e+13,6.990812e+17,1.642048e+07,6.327050e+13,9.439233e+17,2.120898e+07,7.305653e+13,3.397887e+18,1,47,N,N
3.146310e+06,3.391908e+11,5.652729e+15,2.538249e+07,2.731226e+13,4.785980e+17,1.626233e+07,5.168064e+13,9.548330e+17,1.686224e+07,4.464592e+13,2.356460e+18,1,97,N,N
3.240889e+06,3.743374e+11,6.822281e+15,1.500899e+07,1.855842e+13,1.394248e+17,1.953051e+07,7.684615e+13,9.058068e+17,2.414958e+07,8.614799e+13,3.488860e+18,0,0,N,N
8.079391e+06,2.003149e+12,6.038394e+16,1.876283e+07,2.978620e+13,3.178853e+17,1.653256e+07,6.243348e+13,6.527668e+17,2.921276e+07,1.446436e+14,6.427193e+18,2,104,N,N
4.114692e+06,1.070362e+12,4.230950e+16,1.620891e+07,2.556233e+13,3.625334e+17,1.292892e+07,2.821000e+13,3.264570e+17,1.628993e+07,5.367863e+13,2.258875e+18,3,75,N,N
4.406711e+06,6.347297e+11,1.806445e+16,2.487853e+07,3.279886e+13,4.895066e+17,1.286194e+07,3.629814e+13,4.551072e+17,2.014835e+07,8.137568e+13,3.091618e+18,2,51,N,N
8.385930e+06,3.756223e+12,8.711306e+16,1.246390e+07,2.269541e+13,2.427689e+17,1.492619e+07,5.134986e+13,7.434735e+17,2.136289e+07,8.501264e+13,5.611537e+18,3,90,N,N
3.863993e+06,4.836193e+11,1.187348e+16,1.233409e+07,1.038432e+13,8.825702e+16,1.583552e+07,4.949578e+13,6.204734e+17,1.693420e+07,4.971429e+13,1.505309e+18,3,77,N,N
6.349213e+06,2.060363e+12,6.507828e+16,1.132547e+07,1.917518e+13,1.718840e+17,1.674492e+07,6.446904e+13,9.006330e+17,2.336565e+07,1.015115e+14,6.072998e+18,0,31,N,N
1.516884e+06,1.395126e+11,2.503699e+15,1.746061e+07,1.252229e+13,1.119255e+17,1.753888e+07,6.141245e+13,6.726158e+17,1.896149e+07,5.841623e+13,2.735483e+18,1,5,N,N
4.298423e+06,7.082210e+11,1.392321e+16,1.981720e+07,3.121604e+13,4.059142e+17,2.010722e+07,9.327997e+13,1.483712e+18,1.891130e+07,4.358236e+13,1.355186e+18,3,99,N,N
1.575683e+06,1.339708e+11,2.586662e+15,2.155733e+07,1.870443e+13,2.508073e+17,1.649417e+07,5.425047e+13,7.851426e+17,1.749609e+07,5.678456e+13,1.687382e+18,0,42,N,N
2.904588e+06,3.609811e+11,5.636455e+15,2.012008e+07,2.743808e+13,3.980336e+17,1.791854e+07,6.804311e+13,8.978369e+17,2.823647e+07,1.512655e+14,7.767273e+18,0,70,N,N
1.541338e+07,3.512124e+12,7.698953e+16,2.658471e+07,5.278754e+13,8.941143e+17,1.410594e+07,4.708021e+13,6.819521e+17,2.277618e+07,7.826705e+13,5.481579e+18,1,80,N,N
1.871849e+06,1.442093e+11,2.430525e+15,2.347481e+07,2.543089e+13,3.246511e+17,1.660936e+07,6.239450e+13,8.599592e+17,2.217808e+07,7.103164e+13,3.429247e+18,1,34,N,N
5.731706e+06,1.207986e+12,2.855785e+16,1.840141e+07,2.971999e+13,5.048759e+17,1.554062e+07,4.692423e+13,6.002894e+17,1.982744e+07,7.518277e+13,4.068557e+18,3,93,N,N
1.689930e+06,2.093930e+11,3.328582e+15,2.111706e+07,2.393000e+13,2.923845e+17,1.940371e+07,6.665651e+13,1.091145e+18,1.805535e+07,5.670720e+13,2.753953e+18,0,93,N,N
8.150518e+06,1.274728e+12,3.242699e+16,2.708836e+07,4.023053e+13,6.325853e+17,1.514568e+07,5.420830e+13,7.225736e+17,2.300062e+07,7.510558e+13,4.205882e+18,0,6,N,N
2.595081e+06,2.534295e+11,3.571872e+15,2.482605e+07,3.704154e+13,4.633760e+17,1.628940e+07,6.275233e+13,8.416404e+17,2.753593e+07,1.144545e+14,6.899462e+18,0,18,N,N
2.464378e+06,7.602398e+11,1.435383e+16,7.223067e+06,8.800247e+12,1.040532e+17,1.422509e+07,3.851190e+13,4.507152e+17,1.826183e+07,6.744528e+13,3.931974e+18,0,50,N,N
7.007160e+06,2.608527e+12,5.440163e+16,1.420054e+07,2.876309e+13,3.330882e+17,1.663327e+07,6.423901e+13,7.387420e+17,2.931546e+07,1.502537e+14,6.889956e+18,2,101,N,N
6.849067e+06,1.505661e+12,3.241303e+16,1.757743e+07,2.959975e+13,2.739153e+17,1.637962e+07,6.450209e+13,7.322352e+17,2.730673e+07,1.393665e+14,7.843412e+18,3,74,N,N
7.861666e+05,6.537476e+10,1.376282e+15,2.119721e+07,1.580498e+13,1.377311e+17,1.551018e+07,4.788024e+13,6.619487e+17,1.841159e+07,7.896637e+13,1.973513e+18,3,54,N,N
4.224242e+06,5.289604e+11,1.235376e+16,7.910162e+06,5.880331e+12,6.781536e+16,1.681165e+07,5.270232e+13,6.672127e+17,1.696307e+07,5.317582e+13,1.702118e+18,1,77,N,N
1.393728e+06,1.159817e+11,2.382092e+15,2.332446e+07,2.659504e+13,2.768215e+17,1.267700e+07,3.209168e+13,3.739341e+17,1.920276e+07,6.849503e+13,2.736946e+18,0,91,N,N
4.152247e+06,4.196848e+11,9.064937e+15,2.419637e+07,3.116019e+13,3.738663e+17,1.570023e+07,5.701510e+13,5.646938e+17,2.598326e+07,1.016016e+14,5.632722e+18,2,62,N,N
3.522376e+06,3.714202e+11,5.899695e+15,8.143566e+06,6.799348e+12,1.011441e+17,1.651582e+07,5.459820e+13,8.063183e+17,1.769781e+07,5.355596e+13,1.530828e+18,2,81,N,N
2.168224e+06,1.929605e+11,3.340823e+15,2.234280e+07,2.094426e+13,2.644392e+17,1.632280e+07,5.815193e+13,8.169767e+17,1.929548e+07,6.902537e+13,2.570255e+18,2,92,N,N
3.842734e+06,3.262605e+11,6.421296e+15,1.870899e+07,1.930712e+13,2.653469e+17,1.491090e+07,4.537139e+13,5.584098e+17,1.890558e+07,6.989777e+13,3.797105e+18,1,58,N,N
4.924038e+06,2.413765e+12,6.720411e+16,9.682733e+06,1.757367e+13,2.533791e+17,1.404383e+07,4.584311e+13,6.411676e+17,2.095668e+07,8.449782e+13,5.697599e+18,0,90,N,N
3.017214e+06,6.561873e+11,6.139803e+15,5.777223e+06,7.911795e+12,1.600734e+17,1.816661e+07,7.200687e+13,1.460451e+18,1.815484e+07,5.307024e+13,2.863702e+18,3,73,N,N
2.941804e+06,4.454540e+11,7.850566e+15,7.058554e+06,8.488797e+12,1.519580e+17,1.418376e+07,3.889747e+13,6.539777e+17,1.475888e+07,3.830586e+13,1.362767e+18,1,78,N,N
1.053726e+07,4.689395e+12,9.000811e+16,1.670018e+07,3.255921e+13,3.917092e+17,1.647589e+07,6.374249e+13,6.803140e+17,2.898421e+07,1.420786e+14,8.695524e+18,2,49,N,N
6.446998e+06,1.182488e+12,3.218032e+16,2.151193e+07,3.686093e+13,4.299064e+17,2.191118e+07,1.131591e+14,2.726612e+18,2.072867e+07,7.571548e+13,3.507522e+18,1,67,N,N
4.171227e+06,4.717829e+11,1.113381e+16,2.308000e+07,3.378477e+13,4.064510e+17,1.418367e+07,4.601970e+13,5.762793e+17,2.129208e+07,8.391858e+13,4.082259e+18,0,34,N,N
5.487175e+06,7.411281e+11,2.075433e+16,1.484835e+07,1.988270e+13,2.028951e+17,1.604771e+07,5.552472e+13,6.013824e+17,2.199841e+07,8.950710e+13,3.890082e+18,0,71,N,N
3.993630e+06,3.876939e+11,7.480002e+15,2.515144e+07,3.063442e+13,5.122115e+17,1.289753e+07,3.404328e+13,5.883700e+17,1.489230e+07,3.993973e+13,1.620150e+18,3,64,N,N
7.345757e+06,1.418797e+12,4.119676e+16,2.004471e+07,2.894484e+13,3.196158e+17,1.586705e+07,5.705761e+13,5.274909e+17,2.683018e+07,1.267132e+14,6.174923e+18,3,104,N,N
3.640886e+06,8.975551e+11,3.460793e+16,2.023700e+07,3.083966e+13,3.759099e+17,1.235370e+07,2.852948e+13,3.253107e+17,1.782274e+07,6.029209e+13,2.276296e+18,2,75,N,N
2.744704e+06,6.146984e+11,1.387217e+16,8.531832e+06,1.353343e+13,1.828930e+17,1.236298e+07,2.875115e+13,2.738330e+17,1.659965e+07,5.086287e+13,2.135962e+18,3,66,N,N
2.944065e+06,9.745697e+11,2.151853e+16,8.165741e+06,1.342609e+13,1.146581e+17,1.482223e+07,5.420903e+13,6.956510e+17,2.406710e+07,1.051665e+14,5.152577e+18,0,89,N,N
1.530125e+06,1.330874e+11,2.976341e+15,1.748247e+07,1.292799e+13,1.669926e+17,1.554625e+07,4.448943e+13,5.087147e+17,1.902660e+07,7.645299e+13,2.167559e+18,0,32,N,N
7.582485e+05,6.182916e+10,1.004061e+15,1.802942e+07,1.761896e+13,1.381435e+17,1.740110e+07,6.159453e+13,7.003719e+17,2.247435e+07,9.223462e+13,4.690587e+18,0,102,N,N
9.373520e+06,3.451078e+12,9.347650e+16,1.649239e+07,3.224893e+13,4.082309e+17,1.620974e+07,6.194340e+13,9.122428e+17,2.572128e+07,1.133690e+14,6.997014e+18,2,103,N,N
3.314987e+06,3.520353e+11,5.885445e+15,6.966999e+06,5.682049e+12,7.714866e+16,1.730615e+07,6.265350e+13,7.866178e+17,1.631805e+07,4.095294e+13,1.636531e+18,0,5,N,N
2.883144e+06,8.679851e+11,2.722123e+16,7.564136e+06,9.410258e+12,1.280833e+17,1.273575e+07,3.441088e+13,4.465444e+17,1.986506e+07,7.343683e+13,4.211127e+18,1,59,N,N
3.849000e+06,4.439152e+11,7.019979e+15,1.806933e+07,1.802711e+13,2.597466e+17,1.757785e+07,5.095519e+13,1.062284e+18,1.630699e+07,4.318484e+13,2.264128e+18,3,97,N,N
3.593049e+06,3.980977e+11,6.789072e+15,2.454402e+07,2.747566e+13,4.890432e+17,1.619133e+07,5.126333e+13,9.405395e+17,1.711736e+07,4.578497e+13,2.434167e+18,0,97,N,N
7.577453e+06,3.046158e+12,9.166496e+16,1.715857e+07,3.339022e+13,2.631003e+17,1.565044e+07,5.871183e+13,6.979103e+17,2.697254e+07,1.237779e+14,7.187814e+18,1,88,N,N
2.554943e+06,6.683725e+11,1.374998e+16,7.408782e+06,1.215715e+13,1.583758e+17,1.082322e+07,2.400116e+13,2.166675e+17,1.618915e+07,5.138504e+13,2.088438e+18,0,66,N,N
3.319023e+06,4.354626e+11,9.441991e+15,1.150299e+07,1.231788e+13,1.873083e+17,1.597551e+07,4.777460e+13,8.613936e+17,1.246399e+07,2.454839e+13,8.643529e+17,0,64,N,N
1.649841e+06,2.045299e+11,3.347996e+15,2.010429e+07,2.227100e+13,2.584249e+17,1.926312e+07,6.590173e+13,1.096896e+18,1.787612e+07,5.440314e+13,2.483311e+18,1,93,N,N
8.041498e+06,1.289623e+12,1.817782e+16,2.191331e+07,3.936438e+13,4.352788e+17,1.873565e+07,8.178502e+13,1.165546e+18,2.796134e+07,1.231463e+14,8.500054e+18,3,95,N,N
1.539323e+06,1.632497e+11,2.685231e+15,1.618257e+07,1.861411e+13,1.438543e+17,1.971191e+07,8.144700e+13,1.069060e+18,1.937181e+07,6.121052e+13,2.248942e+18,1,25,N,N
3.414187e+06,3.236291e+11,7.402232e+15,1.307613e+07,1.414023e+13,1.719334e+17,1.402907e+07,4.038120e+13,4.640531e+17,1.918188e+07,7.260046e+13,3.382254e+18,3,53,N,N
3.930689e+06,5.232071e+11,1.247926e+16,7.603998e+06,6.351894e+12,6.981494e+16,1.595778e+07,4.915642e+13,5.909993e+17,1.795105e+07,5.637787e+13,1.706484e+18,0,77,N,N
3.518583e+06,1.500957e+12,4.731251e+16,1.221771e+07,1.930651e+13,1.871974e+17,1.406646e+07,4.465500e+13,4.971934e+17,2.314237e+07,9.481579e+13,4.372702e+18,0,61,N,N
4.583109e+06,5.032041e+11,1.042456e+16,1.369124e+07,1.917292e+13,1.105179e+17,2.077298e+07,9.012271e+13,1.033290e+18,2.385664e+07,9.528020e+13,3.988417e+18,2,68,N,N
3.805428e+06,5.187705e+11,7.752751e+15,2.779761e+07,4.843453e+13,7.056727e+17,1.685647e+07,6.707060e+13,1.094303e+18,2.188760e+07,7.928495e+13,3.724221e+18,2,47,N,N
2.896105e+06,2.984057e+11,4.618163e+15,1.222598e+07,1.114149e+13,9.785759e+16,2.091936e+07,8.561937e+13,1.011411e+18,1.979964e+07,5.988101e+13,3.040244e+18,0,41,N,N
5.079999e+06,9.742618e+11,2.832039e+16,1.183046e+07,1.803377e+13,2.353629e+17,1.609435e+07,5.470356e+13,6.094492e+17,2.153729e+07,8.707684e+13,4.292019e+18,1,71,N,N
1.542971e+07,3.259948e+12,8.989543e+16,2.173483e+07,3.775698e+13,4.008440e+17,1.634176e+07,6.285983e+13,6.215062e+17,2.838547e+07,1.345951e+14,7.483643e+18,2,88,N,N
2.475678e+06,3.333918e+11,5.365014e+15,2.451084e+07,3.826499e+13,4.229449e+17,2.154922e+07,9.673440e+13,1.355791e+18,2.001524e+07,5.560679e+13,1.930407e+18,0,72,N,N
3.198158e+06,4.320625e+11,5.756812e+15,1.319893e+07,1.428324e+13,1.973812e+17,1.920557e+07,6.471022e+13,1.058193e+18,1.696889e+07,5.051820e+13,2.241827e+18,1,87,N,N
3.671140e+06,4.553640e+11,6.335223e+15,1.260338e+07,1.133554e+13,1.787123e+17,1.765516e+07,4.867106e+13,9.579687e+17,1.628234e+07,4.718554e+13,2.401006e+18,2,97,N,N
3.230419e+06,5.452838e+11,7.256685e+15,5.941420e+06,7.393570e+12,1.615678e+17,1.615218e+07,5.678087e+13,8.764374e+17,1.453856e+07,3.581497e+13,1.065081e+18,2,87,N,N
4.157370e+06,8.832038e+11,2.382009e+16,1.321966e+07,2.235918e+13,2.932028e+17,1.401344e+07,4.040755e+13,5.151081e+17,2.217134e+07,9.281141e+13,4.242285e+18,0,92,N,N
3.023231e+06,4.359128e+11,6.791570e+15,2.542340e+07,3.689553e+13,4.019833e+17,1.914539e+07,7.991039e+13,1.174002e+18,2.408886e+07,8.593776e+13,2.531191e+18,2,72,N,N
3.885455e+06,6.957145e+11,1.392116e+16,1.731941e+07,2.866096e+13,3.502059e+17,1.974491e+07,9.160588e+13,1.466771e+18,2.006234e+07,4.429331e+13,1.313683e+18,0,99,N,N
1.045387e+06,1.148363e+11,2.626229e+15,1.458204e+07,1.804937e+13,1.712035e+17,1.418151e+07,3.781351e+13,3.625372e+17,1.920164e+07,7.257260e+13,2.896800e+18,1,37,N,N
2.629207e+06,2.036634e+11,3.252506e+15,2.228967e+07,2.638249e+13,2.606750e+17,1.612627e+07,6.110477e+13,6.069763e+17,2.690806e+07,1.305619e+14,6.908714e+18,0,1,N,N
4.523920e+06,6.310521e+11,1.377739e+16,6.086303e+06,7.353742e+12,6.409339e+16,2.124293e+07,9.440831e+13,1.068996e+18,1.955929e+07,6.214413e+13,2.440856e+18,1,68,N,N
1.605052e+07,3.936311e+12,8.567837e+16,2.565886e+07,4.917161e+13,8.023825e+17,1.406240e+07,4.688440e+13,6.780057e+17,2.311023e+07,7.663911e+13,5.065170e+18,0,80,N,N
3.326069e+06,1.574940e+12,4.684800e+16,1.049606e+07,1.538274e+13,1.310477e+17,1.430309e+07,4.521044e+13,5.533493e+17,2.103596e+07,8.793195e+13,4.524458e+18,3,61,N,N
5.625977e+06,1.146555e+12,2.826814e+16,1.890274e+07,3.022587e+13,4.876234e+17,1.538158e+07,4.706671e+13,6.127707e+17,2.017478e+07,7.429696e+13,4.038248e+18,2,93,N,N
2.356122e+06,2.956109e+11,4.968186e+15,2.673528e+07,3.723768e+13,5.584841e+17,1.752756e+07,6.768111e+13,1.333002e+18,1.628662e+07,4.028953e+13,1.509958e+18,0,35,N,N
2.936464e+06,2.420848e+11,4.215278e+15,2.243278e+07,1.876924e+13,1.743394e+17,1.667779e+07,5.723458e+13,6.065419e+17,2.077968e+07,7.158580e+13,2.856123e+18,0,8,N,N
5.477607e+06,8.917128e+11,2.172712e+16,2.460869e+07,3.752548e+13,4.823724e+17,2.161677e+07,1.072643e+14,2.550627e+18,2.133008e+07,8.405854e+13,4.236139e+18,2,67,N,N
7.864961e+05,7.157130e+10,1.177426e+15,2.015068e+07,2.145803e+13,1.900626e+17,1.674609e+07,5.855873e+13,6.703661e+17,2.280881e+07,9.891610e+13,4.874298e+18,2,102,N,N
6.668276e+06,1.161517e+12,3.259831e+16,1.964570e+07,3.278469e+13,4.146432e+17,1.502479e+07,4.961577e+13,5.536724e+17,2.247023e+07,8.799805e+13,5.087887e+18,1,52,N,N
5.378699e+06,1.398953e+12,4.497007e+16,2.094984e+07,4.129077e+13,3.897772e+17,1.519687e+07,5.409842e+13,6.848421e+17,2.639620e+07,1.034443e+14,5.194523e+18,3,62,N,N
1.360517e+06,1.169231e+11,1.857442e+15,2.380092e+07,2.792315e+13,3.193535e+17,1.614668e+07,5.648387e+13,7.470613e+17,2.458114e+07,1.087204e+14,4.857090e+18,0,45,N,N
6.988829e+06,3.763230e+12,9.239765e+16,8.603986e+06,1.464938e+13,1.938601e+17,1.523651e+07,5.295690e+13,7.786582e+17,2.076013e+07,8.468813e+13,5.883501e+18,1,90,N,N
5.789267e+06,2.365904e+12,6.009170e+16,1.450366e+07,2.716645e+13,3.169036e+17,1.479570e+07,5.273257e+13,7.723054e+17,2.458213e+07,1.073028e+14,6.604403e+18,3,103,N,N
9.000847e+06,2.847151e+12,7.315174e+16,1.579833e+07,2.972027e+13,3.667249e+17,1.385419e+07,4.736448e+13,6.216215e+17,2.537027e+07,1.099097e+14,6.444299e+18,0,103,N,N
3.624774e+06,1.563427e+12,5.426393e+16,1.200302e+07,1.827722e+13,1.776903e+17,1.448710e+07,4.755720e+13,5.971832e+17,2.327189e+07,1.015469e+14,4.827106e+18,2,61,N,N
2.016666e+06,1.720406e+11,2.492721e+15,2.671857e+07,3.769756e+13,4.597747e+17,1.502206e+07,5.230889e+13,5.506711e+17,2.493808e+07,9.866345e+13,5.600188e+18,0,84,N,N
2.034051e+06,2.646596e+11,3.393242e+15,2.245594e+07,3.419811e+13,3.414644e+17,1.879966e+07,8.044022e+13,1.113616e+18,3.010347e+07,1.433768e+14,9.867840e+18,2,95,N,N
3.647993e+06,5.137480e+11,1.008596e+16,5.650635e+06,5.962872e+12,9.355690e+16,1.553691e+07,5.176649e+13,7.290101e+17,1.461583e+07,3.865617e+13,1.382777e+18,0,4,N,N
5.548346e+05,4.127535e+10,7.989474e+14,1.810544e+07,1.328459e+13,1.169124e+17,1.479898e+07,4.002099e+13,4.453574e+17,1.870313e+07,7.999082e+13,2.387431e+18,2,54,N,N
1.930664e+06,2.374727e+11,2.519161e+15,1.230365e+07,2.294628e+13,1.683259e+17,2.189093e+07,1.017739e+14,1.085945e+18,3.132124e+07,1.798554e+14,1.055919e+19,1,86,N,N
1.563814e+06,1.508018e+11,2.614458e+15,2.591927e+07,2.775784e+13,3.442019e+17,1.532313e+07,4.589662e+13,5.648063e+17,2.248660e+07,8.894453e+13,4.207755e+18,1,44,N,N
2.897484e+06,6.101676e+11,1.901784e+16,1.241617e+07,1.585077e+13,1.934590e+17,1.211404e+07,3.149527e+13,3.933639e+17,2.122527e+07,8.380948e+13,4.125187e+18,0,59,N,N
7.817168e+06,1.550756e+12,3.790891e+16,2.098432e+07,3.145143e+13,2.718029e+17,1.733350e+07,7.106370e+13,8.091761e+17,3.215843e+07,1.596999e+14,8.038126e+18,2,100,N,N
2.472252e+06,3.386487e+11,4.734426e+15,1.423446e+07,2.246302e+13,1.957837e+17,2.096463e+07,9.254463e+13,1.388794e+18,2.424751e+07,9.047075e+13,4.499721e+18,1,46,N,N
1.765807e+06,1.593966e+11,3.155446e+15,2.232503e+07,2.007889e+13,2.824218e+17,1.632349e+07,5.430937e+13,7.994347e+17,1.697169e+07,5.095818e+13,1.451543e+18,1,42,N,N
5.386670e+05,3.700995e+10,6.337416e+14,2.037833e+07,2.210987e+13,1.770089e+17,1.444021e+07,3.980341e+13,3.909888e+17,1.971630e+07,7.381131e+13,2.829098e+18,2,37,N,N
1.393757e+06,2.042711e+11,2.374952e+15,6.265270e+06,6.057028e+12,1.192952e+17,1.617883e+07,4.408615e+13,6.204614e+17,2.069108e+07,7.593591e+13,4.260253e+18,1,36,N,N
7.912267e+06,1.836699e+12,5.012019e+16,1.285038e+07,2.251634e+13,2.268829e+17,1.595522e+07,5.871670e+13,6.746684e+17,2.366667e+07,1.090999e+14,6.939099e+18,1,63,N,N
9.170217e+06,2.760477e+12,6.891897e+16,2.195081e+07,4.635013e+13,6.661804e+17,1.453073e+07,4.573580e+13,6.183137e+17,2.158854e+07,7.214122e+13,3.706950e+18,1,65,N,N
1.223502e+06,9.310913e+10,1.575024e+15,1.978811e+07,1.793300e+13,2.609002e+17,1.493030e+07,4.502619e+13,6.199433e+17,1.957596e+07,7.276716e+13,3.870171e+18,3,58,N,N
9.084259e+06,2.498774e+12,6.054904e+16,2.177118e+07,4.523291e+13,6.941223e+17,1.432898e+07,4.427575e+13,6.103030e+17,2.107818e+07,7.161736e+13,3.840420e+18,0,65,N,N
1.323774e+06,9.523811e+10,1.719069e+15,1.728123e+07,1.282874e+13,1.424671e+17,1.531087e+07,4.393959e+13,4.826840e+17,1.901504e+07,6.667298e+13,3.077810e+18,1,53,N,N
1.567380e+06,1.320982e+11,2.037466e+15,2.621533e+07,2.711988e+13,2.933054e+17,1.594196e+07,5.933650e+13,6.569575e+17,2.269600e+07,9.391710e+13,4.412852e+18,0,7,N,N
7.237913e+06,2.146607e+12,5.716019e+16,1.271268e+07,2.027587e+13,2.186454e+17,1.502085e+07,5.330505e+13,5.774217e+17,2.538448e+07,1.230684e+14,6.756807e+18,1,60,N,N
1.495713e+06,1.186438e+11,2.188151e+15,2.305422e+07,2.212700e+13,2.388281e+17,1.394949e+07,4.316609e+13,3.655538e+17,2.412136e+07,9.984731e+13,4.037852e+18,0,3,N,N
3.606832e+06,4.351958e+11,8.948731e+15,2.350289e+07,2.810706e+13,3.172469e+17,1.660831e+07,5.848395e+13,1.059745e+18,1.593037e+07,4.214161e+13,1.133119e+18,1,33,N,N
6.154497e+06,1.170972e+12,2.365969e+16,1.961174e+07,3.091287e+13,4.097014e+17,1.630013e+07,5.946980e+13,1.036822e+18,2.208789e+07,7.201140e+13,4.581637e+18,3,80,N,N
1.369807e+06,9.002480e+10,1.494175e+15,1.953907e+07,1.765037e+13,1.915498e+17,1.531413e+07,4.926240e+13,4.351784e+17,2.369667e+07,1.083914e+14,6.032146e+18,3,83,N,N
4.374650e+06,5.190822e+11,1.165673e+16,2.083768e+07,2.552320e+13,3.546676e+17,1.589564e+07,4.445506e+13,5.996186e+17,1.766408e+07,6.330200e+13,3.563233e+18,2,78,N,N
4.446084e+06,4.632440e+11,9.151001e+15,1.967223e+07,2.519678e+13,1.512719e+17,1.887842e+07,7.808951e+13,9.949462e+17,2.540323e+07,1.178063e+14,5.397794e+18,0,68,N,N
1.912880e+06,2.342634e+11,5.893203e+15,2.570954e+07,3.490437e+13,5.282893e+17,1.466122e+07,4.348193e+13,6.638137e+17,2.011711e+07,8.204291e+13,3.843635e+18,0,19,N,N
4.078587e+06,9.840372e+11,3.131404e+16,1.447748e+07,2.306568e+13,1.889703e+17,1.559418e+07,5.786463e+13,6.534556e+17,2.560898e+07,1.142863e+14,5.578552e+18,1,89,N,N
2.731826e+06,3.905200e+11,6.338731e+15,1.522091e+07,2.241997e+13,2.890229e+17,1.884272e+07,7.330654e+13,1.345296e+18,1.446655e+07,2.811146e+13,1.033467e+18,1,35,N,N
3.152844e+06,5.331235e+11,1.640735e+16,1.125056e+07,1.469224e+13,2.044605e+17,1.330271e+07,3.310195e+13,4.545277e+17,1.663168e+07,5.739380e+13,2.423751e+18,2,94,N,N
3.389115e+06,4.591467e+11,5.720459e+15,6.092487e+06,5.937684e+12,1.090780e+17,1.874057e+07,6.490347e+13,1.064408e+18,1.601181e+07,4.476567e+13,1.669807e+18,0,87,N,N
1.696720e+06,1.830245e+11,2.728100e+15,1.749618e+07,1.837114e+13,1.303807e+17,1.851684e+07,6.482286e+13,7.425275e+17,2.119837e+07,7.787186e+13,3.973287e+18,0,22,N,N
3.728346e+06,4.171198e+11,7.646925e+15,2.017893e+07,3.041047e+13,2.632709e+17,1.741367e+07,6.908866e+13,6.746743e+17,2.868293e+07,1.386714e+14,8.029895e+18,0,88,N,N
3.273501e+06,7.078591e+11,6.882083e+15,6.036268e+06,8.361315e+12,1.581992e+17,1.925627e+07,8.165724e+13,1.565830e+18,1.950290e+07,6.305333e+13,3.443903e+18,1,73,N,N
2.133653e+06,1.870748e+11,3.656046e+15,1.690389e+07,1.101998e+13,1.422517e+17,1.726527e+07,4.980163e+13,7.437127e+17,1.445425e+07,4.004399e+13,1.430078e+18,0,38,N,N
5.299601e+06,1.276221e+12,4.674035e+16,2.024265e+07,2.853651e+13,3.777431e+17,1.304138e+07,3.508208e+13,4.279853e+17,2.128685e+07,8.974562e+13,3.575537e+18,3,51,N,N
6.687639e+06,1.075664e+12,2.874114e+16,1.329825e+07,1.917008e+13,2.402163e+17,1.598672e+07,5.473364e+13,7.696765e+17,2.133255e+07,9.278401e+13,5.122509e+18,0,48,N,N
3.938154e+06,8.494195e+11,1.681641e+16,1.875627e+07,3.482760e+13,4.668506e+17,2.049597e+07,1.000627e+14,1.739010e+18,2.014627e+07,5.899423e+13,2.607206e+18,3,98,N,N
5.797753e+05,4.138434e+10,7.713501e+14,1.549728e+07,1.086629e+13,9.521353e+16,1.609268e+07,4.256747e+13,4.927399e+17,2.006240e+07,9.178616e+13,3.164753e+18,1,54,N,N
7.747373e+06,1.449887e+12,3.227569e+16,2.220192e+07,3.329844e+13,2.972898e+17,1.724500e+07,7.116919e+13,8.685839e+17,3.295147e+07,1.575188e+14,7.965493e+18,1,100,N,N
2.711415e+06,2.644556e+11,4.721784e+15,2.151749e+07,2.769165e+13,2.610463e+17,1.818814e+07,7.091555e+13,8.515098e+17,2.549726e+07,9.287404e+13,3.970867e+18,1,0,N,N
1.910607e+06,2.033395e+11,3.258769e+15,1.531238e+07,1.973165e+13,1.687351e+17,1.792140e+07,6.903074e+13,8.034193e+17,2.362474e+07,1.075684e+14,6.915660e+18,1,12,N,N
1.552979e+06,1.778526e+11,2.984415e+15,2.619531e+07,4.065060e+13,4.856277e+17,1.810345e+07,7.219555e+13,9.697741e+17,2.096663e+07,6.653746e+13,2.287490e+18,3,72,N,N
3.770211e+06,4.307255e+11,8.451536e+15,2.036025e+07,2.606484e+13,2.844546e+17,1.759047e+07,6.984917e+13,1.136919e+18,1.743472e+07,5.021436e+13,1.721288e+18,2,85,N,N
4.134874e+06,8.783344e+11,1.839009e+16,1.963537e+07,3.375040e+13,4.629335e+17,1.948659e+07,9.218220e+13,1.429840e+18,2.227242e+07,8.209090e+13,3.611707e+18,0,98,N,N
8.172762e+06,2.404005e+12,7.457309e+16,1.856705e+07,3.892814e+13,5.525026e+17,1.512833e+07,5.067437e+13,6.214535e+17,2.290624e+07,9.558293e+13,6.187677e+18,0,11,N,N
2.643659e+06,5.601816e+11,1.424017e+16,1.335651e+07,1.712393e+13,1.857997e+17,1.502713e+07,4.064482e+13,4.561163e+17,1.912537e+07,7.314825e+13,4.032831e+18,2,50,N,N
3.820943e+06,3.377596e+11,5.555947e+15,2.141345e+07,2.705306e+13,2.679692e+17,1.759167e+07,7.164773e+13,9.094767e+17,2.824347e+07,1.292253e+14,5.439814e+18,1,104,N,N
6.667330e+06,1.025297e+12,2.633179e+16,1.360710e+07,1.932037e+13,2.467587e+17,1.649256e+07,5.710030e+13,7.914810e+17,2.126638e+07,8.980108e+13,5.079911e+18,2,48,N,N
1.013370e+07,4.453985e+12,8.658317e+16,1.577452e+07,3.006878e+13,3.641472e+17,1.650231e+07,6.379620e+13,6.682288e+17,2.882732e+07,1.387488e+14,7.995521e+18,0,49,N,N
2.521538e+06,8.914043e+11,1.506594e+16,6.600527e+06,7.925053e+12,9.853082e+16,1.369901e+07,3.753856e+13,4.082780e+17,1.754732e+07,6.302146e+13,3.541805e+18,1,50,N,N
3.347973e+06,5.329198e+11,5.947966e+15,1.286572e+07,2.074547e+13,3.602573e+17,1.771569e+07,6.903347e+13,1.073642e+18,1.747075e+07,4.627193e+13,1.937522e+18,3,47,N,N
5.510245e+06,1.328809e+12,3.977840e+16,1.687394e+07,3.075174e+13,3.442634e+17,1.510879e+07,5.023492e+13,6.347294e+17,2.256429e+07,8.362913e+13,4.467185e+18,2,52,N,N
5.067979e+06,2.601555e+12,7.281333e+16,8.758316e+06,1.546378e+13,2.193289e+17,1.343736e+07,4.289815e+13,5.768388e+17,2.039166e+07,8.034191e+13,5.497336e+18,2,90,N,N
6.874215e+06,8.373854e+11,2.022577e+16,1.647914e+07,1.991938e+13,2.770917e+17,1.473019e+07,4.347578e+13,5.350418e+17,1.948758e+07,7.559029e+13,4.344507e+18,2,58,N,N
2.810951e+06,3.343733e+11,4.285657e+15,5.688071e+06,6.118363e+12,9.158833e+16,1.614768e+07,5.208350e+13,4.945424e+17,2.294915e+07,9.733766e+13,5.328796e+18,3,69,N,N
2.368613e+06,1.858943e+11,3.074119e+15,1.962563e+07,2.381194e+13,2.564727e+17,1.761698e+07,6.667050e+13,7.640227e+17,2.495048e+07,1.129470e+14,6.786687e+18,2,63,N,N
4.201869e+06,9.926995e+11,1.962947e+16,1.971337e+07,3.427461e+13,4.853473e+17,1.974699e+07,9.364970e+13,1.536223e+18,2.134377e+07,6.294350e+13,2.926754e+18,2,98,N,N
7.284218e+05,5.212306e+10,8.980554e+14,2.309154e+07,1.815468e+13,1.590203e+17,1.669496e+07,6.309626e+13,6.506194e+17,2.429770e+07,1.226693e+14,4.188209e+18,1,40,N,N
4.051187e+06,5.036746e+11,9.926684e+15,2.102343e+07,3.036153e+13,3.990839e+17,1.707323e+07,6.555964e+13,1.285897e+18,1.740200e+07,4.955137e+13,1.579651e+18,3,85,N,N
6.253274e+06,1.053598e+12,2.895567e+16,1.792245e+07,2.478254e+13,3.337165e+17,1.624310e+07,4.674876e+13,6.091264e+17,1.785586e+07,6.318139e+13,3.570963e+18,3,78,N,N
9.155307e+06,4.280120e+12,8.986354e+16,1.559838e+07,3.016277e+13,3.621956e+17,1.621310e+07,6.290003e+13,6.628724e+17,2.856595e+07,1.379258e+14,7.533889e+18,1,49,N,N
3.761209e+06,4.613972e+11,7.711625e+15,2.352107e+07,3.205621e+13,3.018505e+17,2.014206e+07,8.894343e+13,1.088519e+18,2.162008e+07,6.800503e+13,2.148145e+18,1,72,N,N
4.481773e+06,4.707394e+11,1.098743e+16,1.739191e+07,2.266508e+13,4.706056e+17,1.637581e+07,4.934078e+13,6.904331e+17,2.078879e+07,8.517758e+13,3.342496e+18,0,24,N,N
6.309531e+06,2.025388e+12,5.802164e+16,1.158028e+07,1.951903e+13,2.955473e+17,1.561784e+07,5.175510e+13,6.039209e+17,2.378919e+07,1.079194e+14,5.543246e+18,1,45,N,N
4.451837e+06,5.389979e+11,1.456550e+16,2.493749e+07,3.320154e+13,4.728045e+17,1.292684e+07,3.699257e+13,4.420992e+17,2.088526e+07,8.420096e+13,2.909598e+18,0,51,N,N
7.333578e+06,1.653609e+12,4.568888e+16,1.929766e+07,2.973638e+13,2.351683e+17,1.712845e+07,6.881379e+13,7.414915e+17,2.993969e+07,1.511401e+14,8.462042e+18,0,100,N,N
2.439348e+06,2.074920e+11,3.342900e+15,8.643488e+06,9.050660e+12,1.031330e+17,1.949489e+07,7.414636e+13,1.065275e+18,1.816187e+07,5.575680e+13,2.497362e+18,1,96,N,N
6.783436e+06,7.920456e+11,1.836631e+16,2.391779e+07,2.999813e+13,4.049842e+17,1.509535e+07,5.175829e+13,6.783624e+17,2.205575e+07,8.508971e+13,5.140664e+18,3,82,N,N
2.695899e+06,6.297029e+11,1.599632e+16,1.199713e+07,1.455119e+13,1.625205e+17,1.497169e+07,4.132433e+13,5.144977e+17,1.965889e+07,7.475913e+13,4.071176e+18,3,50,N,N
2.962978e+06,1.045581e+12,2.183791e+16,7.512424e+06,1.207705e+13,1.076647e+17,1.429762e+07,5.041802e+13,6.466338e+17,2.322954e+07,9.978330e+13,4.987045e+18,3,89,N,N
3.834721e+06,4.233076e+11,7.523979e+15,1.954842e+07,2.150709e+13,2.294887e+17,1.731725e+07,6.315173e+13,9.559210e+17,2.190819e+07,8.511200e+13,5.203192e+18,2,82,N,N
6.072786e+06,1.740671e+12,4.819632e+16,2.006022e+07,3.451165e+13,4.911677e+17,1.409759e+07,4.205787e+13,6.674122e+17,2.244286e+07,9.274211e+13,4.709157e+18,0,55,N,N
6.714865e+06,3.181550e+12,6.742035e+16,1.303819e+07,2.829353e+13,3.933774e+17,1.423565e+07,4.746954e+13,4.918138e+17,2.559869e+07,1.189164e+14,8.104495e+18,0,20,N,N
1.403907e+06,1.953638e+11,2.611128e+15,2.170630e+07,1.979800e+13,2.292303e+17,1.865781e+07,5.658215e+13,8.736397e+17,1.958771e+07,6.806060e+13,3.865762e+18,0,36,N,N
6.530013e+06,8.518855e+11,1.666573e+16,2.453010e+07,3.993681e+13,7.069395e+17,1.674752e+07,5.816817e+13,8.274271e+17,2.166946e+07,7.773354e+13,4.120234e+18,0,56,N,N
3.562902e+06,7.865255e+11,2.796855e+16,1.182347e+07,1.718465e+13,2.507210e+17,1.367326e+07,3.713831e+13,5.103913e+17,1.790379e+07,6.466799e+13,2.821367e+18,1,94,N,N
3.495777e+06,3.027648e+11,5.775104e+15,2.345766e+07,1.944473e+13,2.038079e+17,1.402769e+07,4.055275e+13,5.256249e+17,1.752640e+07,5.358643e+13,1.800050e+18,2,91,N,N
8.532834e+06,1.132723e+12,2.113590e+16,1.856312e+07,2.445467e+13,4.166579e+17,1.418930e+07,4.822728e+13,5.841964e+17,2.744239e+07,1.270844e+14,7.265466e+18,1,70,N,N
1.816727e+06,2.033845e+11,3.801114e+15,2.598341e+07,2.888481e+13,3.829576e+17,1.549117e+07,4.926572e+13,6.408271e+17,2.360483e+07,9.194280e+13,4.012141e+18,0,44,N,N
2.883721e+06,8.405651e+11,1.679526e+16,7.817645e+06,1.112968e+13,1.801199e+17,1.163574e+07,2.831799e+13,3.460764e+17,1.565377e+07,5.031219e+13,2.175941e+18,3,94,N,N
7.860625e+06,1.246085e+12,2.766702e+16,3.068960e+07,5.241973e+13,6.737775e+17,1.532013e+07,5.414027e+13,5.593088e+17,2.771130e+07,1.326768e+14,6.419246e+18,1,79,N,N
2.648283e+06,4.124186e+11,6.442949e+15,2.138300e+07,2.863096e+13,3.797691e+17,1.762842e+07,6.384987e+13,1.094735e+18,1.955870e+07,6.081607e+13,3.033547e+18,3,56,N,N
2.585465e+06,3.222870e+11,4.569600e+15,1.805431e+07,2.425061e+13,3.334814e+17,1.443309e+07,4.947498e+13,6.902869e+17,2.615854e+07,1.224008e+14,6.392115e+18,3,70,N,N
3.385620e+06,3.548259e+11,6.033974e+15,2.121766e+07,3.161719e+13,2.951671e+17,1.748179e+07,6.912706e+13,7.498110e+17,2.861797e+07,1.293771e+14,7.321885e+18,3,88,N,N
5.770003e+06,9.548686e+11,2.612530e+16,1.479878e+07,2.211662e+13,3.012279e+17,1.580123e+07,5.321879e+13,6.120752e+17,2.189899e+07,8.743720e+13,4.338486e+18,3,71,N,N
2.019376e+06,2.303347e+11,3.291127e+15,1.375466e+07,1.961450e+13,1.275909e+17,1.738267e+07,6.868737e+13,7.461270e+17,2.819415e+07,1.380317e+14,7.623904e+18,0,74,N,N
3.645347e+06,7.809510e+11,2.387829e+16,1.026429e+07,1.157397e+13,2.052614e+17,1.244970e+07,3.082731e+13,3.578376e+17,1.893606e+07,7.814582e+13,3.684326e+18,0,17,N,N
5.221323e+06,1.280732e+12,4.773122e+16,2.005704e+07,3.202641e+13,3.935830e+17,1.281645e+07,3.442796e+13,4.031245e+17,2.051379e+07,8.454489e+13,3.160573e+18,1,51,N,N
3.258231e+06,4.215114e+11,8.698875e+15,1.050701e+07,1.062970e+13,1.692726e+17,1.538239e+07,4.411894e+13,7.801952e+17,1.326316e+07,2.811868e+13,1.001403e+18,1,64,N,N
4.224330e+06,5.427457e+11,1.302947e+16,6.091571e+06,4.667459e+12,5.789521e+16,1.634751e+07,5.061331e+13,6.248286e+17,1.679003e+07,5.004490e+13,1.483509e+18,2,77,N,N
3.625492e+06,3.778189e+11,8.085754e+15,2.121543e+07,2.734476e+13,3.475378e+17,1.596056e+07,5.708175e+13,9.783260e+17,1.555844e+07,4.415323e+13,1.143586e+18,1,85,N,N
1.990058e+06,1.517133e+11,2.790915e+15,2.000448e+07,1.525063e+13,2.428733e+17,1.599590e+07,4.657639e+13,6.497142e+17,1.566966e+07,4.600575e+13,1.925525e+18,1,38,N,N
3.992102e+06,3.665056e+11,7.285699e+15,2.157796e+07,1.657280e+13,1.563254e+17,1.550815e+07,4.671993e+13,6.876052e+17,1.647279e+07,4.695290e+13,1.500762e+18,1,91,N,N
5.482544e+06,6.384554e+11,1.211275e+16,2.349732e+07,3.266324e+13,3.274518e+17,1.740801e+07,7.234297e+13,8.772559e+17,3.159533e+07,1.471917e+14,7.607411e+18,3,100,N,N
3.052935e+06,3.388815e+11,6.017000e+15,2.027671e+07,2.527091e+13,4.177911e+17,1.836920e+07,7.042717e+13,1.245168e+18,1.641208e+07,4.676025e+13,1.671472e+18,0,10,N,N
4.298799e+06,8.729630e+11,1.799330e+16,1.680215e+07,2.739909e+13,3.424090e+17,1.991375e+07,9.216582e+13,1.480482e+18,1.894396e+07,3.987748e+13,1.288179e+18,1,99,N,N
1.043283e+06,6.138035e+10,9.255244e+14,2.020049e+07,1.777129e+13,2.036068e+17,1.461005e+07,4.756393e+13,4.313778e+17,2.395290e+07,1.076397e+14,5.823217e+18,1,83,N,N
7.429662e+06,1.233656e+12,2.636778e+16,2.235012e+07,3.420825e+13,3.900452e+17,1.820851e+07,7.606732e+13,1.010925e+18,2.972204e+07,1.393871e+14,7.181400e+18,0,28,N,N
2.660594e+06,1.058469e+12,3.128467e+16,6.436430e+06,8.282756e+12,1.256237e+17,1.195801e+07,3.311019e+13,4.883358e+17,1.856206e+07,6.626607e+13,3.961587e+18,3,59,N,N
7.715218e+06,2.923123e+12,6.483158e+16,1.496445e+07,3.075739e+13,3.757999e+17,1.620695e+07,6.204882e+13,7.014014e+17,2.891534e+07,1.459530e+14,7.197828e+18,0,101,N,N
2.415662e+06,2.119808e+11,3.919375e+15,6.340269e+06,4.942504e+12,8.292421e+16,1.156400e+07,3.306631e+13,4.379394e+17,1.212433e+07,2.946079e+13,4.503511e+17,0,2,N,N
5.217285e+06,8.659698e+11,1.837043e+16,2.215693e+07,3.412174e+13,5.082185e+17,1.827944e+07,8.004298e+13,1.161070e+18,2.005208e+07,5.287340e+13,1.635643e+18,2,99,N,N
5.070791e+06,1.051314e+12,3.009664e+16,2.178337e+07,3.412843e+13,4.765205e+17,1.502009e+07,5.053753e+13,5.182160e+17,2.300690e+07,9.359583e+13,5.033423e+18,0,14,N,N
5.484945e+06,6.246656e+11,1.135456e+16,2.659412e+07,4.222014e+13,5.793556e+17,1.486134e+07,5.112535e+13,5.602902e+17,2.474032e+07,9.489925e+13,5.309014e+18,1,84,N,N
1.020851e+06,8.968129e+10,1.575497e+15,2.149820e+07,2.077190e+13,2.867777e+17,1.632932e+07,5.641265e+13,8.547895e+17,2.146986e+07,8.244973e+13,2.943399e+18,3,92,N,N
1.125189e+07,4.461091e+12,7.619791e+16,1.757168e+07,3.400814e+13,3.479923e+17,1.871541e+07,7.967194e+13,1.064113e+18,3.266013e+07,1.682121e+14,8.603047e+18,3,49,N,N
1.854691e+06,1.570300e+11,3.275821e+15,2.369127e+07,2.613758e+13,2.416792e+17,1.605142e+07,5.682216e+13,5.987316e+17,2.585533e+07,1.389258e+14,5.576647e+18,0,40,N,N
5.049600e+06,1.376798e+12,4.731015e+16,1.454244e+07,2.007882e+13,1.706886e+17,1.546150e+07,5.157762e+13,5.508106e+17,2.392504e+07,1.061371e+14,5.400220e+18,2,57,N,N
1.063275e+07,2.410214e+12,3.897997e+16,2.004310e+07,4.070975e+13,4.146022e+17,1.836501e+07,7.834707e+13,1.081053e+18,2.839821e+07,1.361760e+14,9.819911e+18,0,95,N,N
7.625087e+06,1.430490e+12,3.369473e+16,1.537050e+07,1.966933e+13,2.200852e+17,1.735372e+07,6.867172e+13,8.395813e+17,2.662816e+07,1.360869e+14,7.975684e+18,2,60,N,N
2.984612e+06,6.194371e+11,5.700528e+15,6.153629e+06,8.651710e+12,1.707117e+17,1.823835e+07,7.136656e+13,1.352537e+18,1.875605e+07,5.680553e+13,3.166077e+18,2,73,N,N
6.062083e+06,1.134798e+12,2.812662e+16,2.072800e+07,3.350263e+13,3.810457e+17,2.193383e+07,1.119269e+14,2.822853e+18,2.006483e+07,7.094463e+13,3.245310e+18,3,67,N,N
9.435587e+06,1.313056e+12,2.486315e+16,2.025909e+07,2.568931e+13,4.308076e+17,1.616006e+07,5.567540e+13,6.297781e+17,2.699190e+07,1.421819e+14,7.848160e+18,2,70,N,N
6.382059e+06,1.158392e+12,3.354349e+16,1.867983e+07,3.037496e+13,3.664778e+17,1.572761e+07,5.369598e+13,6.682536e+17,2.272543e+07,8.635672e+13,4.988482e+18,3,52,N,N
7.283485e+06,7.798353e+11,1.814579e+16,2.442127e+07,3.245690e+13,3.820617e+17,1.583508e+07,5.823964e+13,5.744591e+17,2.615584e+07,1.138073e+14,6.652569e+18,1,43,N,N
5.284154e+06,7.546797e+11,1.206694e+16,2.411850e+07,4.005621e+13,4.966277e+17,1.875687e+07,8.100487e+13,1.183435e+18,2.871034e+07,1.300984e+14,8.998812e+18,1,95,N,N
4.080268e+06,4.154883e+11,9.091488e+15,2.482559e+07,3.637827e+13,4.146216e+17,1.488745e+07,5.267467e+13,4.813901e+17,2.506968e+07,9.704807e+13,5.408314e+18,0,62,N,N
2.234344e+06,2.839255e+11,5.883227e+15,1.913142e+07,2.406644e+13,3.445902e+17,1.415463e+07,3.510956e+13,4.618848e+17,1.723949e+07,5.986549e+13,2.147939e+18,0,9,N,N
2.978840e+06,4.339972e+11,5.628582e+15,6.544606e+06,7.209374e+12,1.377136e+17,1.781983e+07,5.906618e+13,9.179218e+17,1.553619e+07,4.161551e+13,1.562707e+18,3,87,N,N
1.105063e+06,1.159840e+11,1.372776e+15,1.837404e+07,3.034358e+13,2.532786e+17,2.254809e+07,1.071036e+14,1.113667e+18,3.452120e+07,2.246574e+14,1.404287e+19,3,86,N,N
3.354348e+06,3.541138e+11,5.926000e+15,1.245216e+07,1.021245e+13,1.580377e+17,1.835330e+07,6.280956e+13,1.046801e+18,1.816298e+07,5.988848e+13,1.647992e+18,1,81,N,N
2.675188e+06,4.045111e+11,1.276896e+16,2.139340e+07,3.072295e+13,3.452880e+17,1.328807e+07,3.458945e+13,3.582976e+17,1.714951e+07,5.525100e+13,2.356803e+18,2,66,N,N
3.510477e+06,3.905049e+11,7.955994e+15,2.575862e+07,3.472994e+13,5.284247e+17,1.595044e+07,5.388050e+13,9.073299e+17,1.797871e+07,5.283443e+13,1.627738e+18,0,33,N,N
1.125298e+06,7.899207e+10,1.397016e+15,1.580714e+07,1.210761e+13,1.291152e+17,1.564611e+07,4.489028e+13,4.927217e+17,1.975895e+07,7.590112e+13,3.401494e+18,0,53,N,N
3.382888e+06,5.601894e+11,1.833787e+16,1.610605e+07,2.128702e+13,2.998422e+17,1.464285e+07,4.367180e+13,6.115600e+17,2.313908e+07,1.135649e+14,6.055435e+18,2,59,N,N
3.441504e+06,6.836502e+11,1.310495e+16,5.445826e+06,6.904447e+12,1.340849e+17,1.599425e+07,5.714223e+13,8.740851e+17,1.531049e+07,3.580015e+13,1.462695e+18,0,16,N,N
1.997404e+06,2.058861e+11,3.007351e+15,1.862904e+07,2.663359e+13,2.379247e+17,1.883609e+07,7.892217e+13,8.879054e+17,2.926445e+07,1.618007e+14,8.504701e+18,2,74,N,N
8.284127e+05,7.525894e+10,1.228513e+15,2.072420e+07,2.108631e+13,1.783113e+17,1.794676e+07,6.469713e+13,7.744828e+17,2.241025e+07,9.170000e+13,4.652793e+18,3,102,N,N
1.589234e+06,1.233299e+11,1.873945e+15,1.858507e+07,2.574768e+13,2.707058e+17,1.636238e+07,5.598664e+13,6.510372e+17,2.332701e+07,9.625795e+13,5.292822e+18,1,69,N,N
1.600420e+06,1.719067e+11,1.813935e+15,1.341344e+07,2.571526e+13,1.756807e+17,2.166844e+07,9.889298e+13,9.328130e+17,3.275467e+07,2.024064e+14,1.187708e+19,0,86,N,N
4.922929e+06,2.102070e+12,6.082609e+16,1.162239e+07,2.108188e+13,2.435305e+17,1.696400e+07,6.218051e+13,6.145500e+17,2.538966e+07,1.253613e+14,6.060889e+18,0,104,N,N
7.890654e+06,1.481208e+12,2.745545e+16,1.194620e+07,1.772256e+13,1.553397e+17,1.873485e+07,7.738219e+13,1.241813e+18,2.562223e+07,1.149501e+14,6.558529e+18,0,12,N,N
5.802754e+05,4.333122e+10,8.367234e+14,1.850208e+07,1.203258e+13,1.096583e+17,1.565079e+07,4.489590e+13,5.667920e+17,1.943119e+07,8.743267e+13,2.608847e+18,0,54,N,N
2.055976e+06,1.976901e+11,2.867454e+15,1.822351e+07,2.514745e+13,2.024228e+17,1.706917e+07,6.792206e+13,7.194682e+17,2.808864e+07,1.376177e+14,7.571213e+18,1,74,N,N
2.188470e+06,1.504121e+11,2.510318e+15,1.991330e+07,1.812483e+13,1.832266e+17,1.629497e+07,5.463062e+13,5.057518e+17,2.460456e+07,1.125034e+14,5.878648e+18,2,83,N,N
2.143106e+06,2.193092e+11,3.507562e+15,1.606782e+07,1.381685e+13,1.296949e+17,1.895023e+07,6.852158e+13,1.013159e+18,1.819166e+07,5.939451e+13,2.041870e+18,1,92,N,N
1.106907e+07,2.731903e+12,5.009722e+16,2.115205e+07,3.819114e+13,4.428607e+17,1.635130e+07,6.400153e+13,7.879661e+17,2.935894e+07,1.456827e+14,7.556024e+18,3,101,N,N
2.603533e+06,4.230067e+11,6.517540e+15,2.111452e+07,2.849398e+13,4.188355e+17,1.929604e+07,7.026636e+13,1.278423e+18,1.943802e+07,6.209686e+13,3.278196e+18,1,56,N,N
2.852840e+06,3.389105e+11,5.187040e+15,5.506783e+06,6.969514e+12,1.130399e+17,1.692216e+07,6.629108e+13,8.745116e+17,1.642413e+07,4.587855e+13,1.580028e+18,0,25,N,N
5.262749e+06,4.912093e+11,1.098739e+16,2.074674e+07,2.376336e+13,2.708999e+17,1.600390e+07,5.533510e+13,6.350701e+17,2.348509e+07,9.355632e+13,4.353623e+18,2,71,N,N
4.319075e+06,1.258730e+12,5.231779e+16,1.127760e+07,1.689522e+13,2.913194e+17,1.332886e+07,3.045225e+13,3.829363e+17,1.774881e+07,6.168687e+13,2.413915e+18,1,75,N,N
6.860390e+06,2.587989e+12,5.455171e+16,1.421612e+07,2.974543e+13,3.892140e+17,1.648487e+07,6.369338e+13,7.364513e+17,2.920335e+07,1.433931e+14,7.489511e+18,1,101,N,N
4.591628e+06,6.627822e+11,1.206010e+16,2.350912e+07,3.989909e+13,5.182715e+17,1.821971e+07,8.080599e+13,1.303035e+18,2.389948e+07,9.231044e+13,4.201803e+18,0,23,N,N
2.776799e+06,5.085737e+11,1.234101e+16,9.650854e+06,1.363867e+13,1.955857e+17,1.352988e+07,3.554110e+13,3.415699e+17,1.845327e+07,6.568570e+13,2.634124e+18,0,37,N,N
3.877111e+06,5.735795e+11,1.165880e+16,1.950352e+07,2.863919e+13,3.632103e+17,1.711174e+07,6.754977e+13,1.487034e+18,1.802122e+07,5.101539e+13,1.189690e+18,0,85,N,N
1.926989e+06,1.571637e+11,2.509509e+15,1.113201e+07,1.119003e+13,1.098458e+17,2.008873e+07,7.552892e+13,1.052924e+18,1.900154e+07,6.248357e+13,2.885476e+18,0,96,N,N
5.709598e+06,8.191576e+11,2.024708e+16,2.045776e+07,2.615171e+13,3.551646e+17,1.525180e+07,4.301612e+13,5.707204e+17,1.767716e+07,6.045974e+13,3.363136e+18,0,78,N,N
2.523916e+06,3.018955e+11,4.680633e+15,2.646556e+07,4.120841e+13,7.282143e+17,1.569571e+07,5.447692e+13,8.637532e+17,2.142296e+07,6.995047e+13,3.548296e+18,2,56,N,N
2.454723e+06,2.665327e+11,3.388181e+15,5.891426e+06,6.018723e+12,8.294415e+16,1.669676e+07,5.422255e+13,4.903763e+17,2.462196e+07,1.120580e+14,6.867986e+18,0,69,N,N
5.399964e+06,1.647097e+12,5.739371e+16,1.466319e+07,2.170138e+13,1.833100e+17,1.545093e+07,5.066438e+13,5.132223e+17,2.310524e+07,1.081778e+14,5.581435e+18,3,57,N,N
5.132042e+06,1.372060e+12,4.816074e+16,1.364811e+07,1.917160e+13,1.619358e+17,1.490409e+07,4.806042e+13,5.116483e+17,2.294139e+07,9.921149e+13,5.103916e+18,1,57,N,N
3.072109e+06,1.000186e+12,2.184299e+16,8.677065e+06,1.488911e+13,1.356609e+17,1.413927e+07,4.942378e+13,6.095937e+17,2.379876e+07,1.022199e+14,5.036188e+18,2,89,N,N
2.899645e+06,8.825992e+11,1.664973e+16,8.116960e+06,1.261872e+13,2.106036e+17,1.158243e+07,2.790640e+13,3.412411e+17,1.573230e+07,5.126934e+13,2.266583e+18,0,94,N,N
5.603143e+06,1.138405e+12,2.125239e+16,1.767628e+07,2.147314e+13,1.628848e+17,1.872295e+07,7.567455e+13,7.269060e+17,2.450537e+07,1.086086e+14,4.915723e+18,0,79,N,N
5.932902e+06,2.297292e+12,5.751248e+16,9.405280e+06,1.375072e+13,1.808360e+17,1.858991e+07,6.771444e+13,1.086682e+18,2.494591e+07,1.036576e+14,5.350609e+18,0,21,N,N
3.835588e+06,5.624341e+11,1.052976e+16,1.216523e+07,1.295017e+13,1.163542e+17,1.732228e+07,5.947686e+13,8.108461e+17,2.138889e+07,7.992288e+13,4.168172e+18,0,82,N,N
1.605451e+06,1.256742e+11,2.444344e+15,1.971859e+07,1.887441e+13,2.339844e+17,1.471089e+07,4.764846e+13,4.120992e+17,2.354149e+07,1.059639e+14,5.603418e+18,0,83,N,N
6.439880e+06,1.090166e+12,3.019844e+16,1.151888e+07,1.679632e+13,2.097750e+17,1.626328e+07,5.620264e+13,8.366547e+17,2.117719e+07,9.131870e+13,5.129608e+18,1,48,N,N
2.876089e+06,3.381162e+11,4.275638e+15,1.659061e+07,2.007300e+13,1.855564e+17,1.881725e+07,6.780222e+13,8.928826e+17,2.245425e+07,7.987323e+13,4.547917e+18,3,84,N,N
7.257248e+06,1.767793e+12,4.611990e+16,1.369830e+07,2.154203e+13,2.056053e+17,1.462900e+07,5.143588e+13,5.592636e+17,2.584200e+07,1.174576e+14,6.198944e+18,0,60,N,N
6.253646e+06,2.155512e+12,5.945975e+16,1.085613e+07,1.683923e+13,2.072097e+17,1.470813e+07,5.200647e+13,6.281824e+17,2.488298e+07,1.236213e+14,6.658576e+18,3,60,N,N
1.102808e+07,2.536130e+12,4.713267e+16,2.155503e+07,3.835968e+13,4.942595e+17,1.744517e+07,6.960199e+13,9.518305e+17,2.591467e+07,1.206140e+14,9.156638e+18,0,13,N,N
2.555584e+06,3.776166e+11,4.675029e+15,2.671599e+07,3.779070e+13,5.237651e+17,1.616553e+07,5.710894e+13,1.027290e+18,2.141016e+07,8.075972e+13,4.882543e+18,0,30,N,N
2.793768e+06,2.593950e+11,4.353085e+15,2.095515e+07,1.628791e+13,1.762321e+17,1.755849e+07,6.002971e+13,9.812964e+17,1.811197e+07,5.815090e+13,1.806755e+18,3,81,N,N
8.060300e+06,2.332126e+12,6.522180e+16,1.267253e+07,2.211364e+13,2.388808e+17,1.536111e+07,5.159923e+13,5.323661e+17,2.297719e+07,1.115341e+14,7.528536e+18,3,63,N,N
3.368082e+06,4.092447e+11,9.280064e+15,1.786016e+07,1.953448e+13,2.421544e+17,1.700759e+07,5.437310e+13,1.034783e+18,1.278609e+07,2.822689e+13,9.876142e+17,2,64,N,N
1.846089e+06,1.809148e+11,3.109376e+15,2.187456e+07,2.750982e+13,2.509985e+17,1.681024e+07,6.018233e+13,7.339114e+17,2.483068e+07,1.076782e+14,5.931629e+18,2,69,N,N
5.713876e+06,7.194626e+11,1.326422e+16,1.288351e+07,1.977734e+13,1.838719e+17,1.806703e+07,7.524733e+13,1.114410e+18,2.337361e+07,1.022389e+14,6.437997e+18,2,12,N,N
3.793240e+06,3.819181e+11,8.450437e+15,2.558523e+07,3.401769e+13,5.914437e+17,1.444945e+07,4.683484e+13,7.542008e+17,1.854080e+07,6.176315e+13,2.458577e+18,1,10,N,N
8.396966e+06,1.663282e+12,4.481585e+16,2.009870e+07,3.508043e+13,4.138763e+17,1.643917e+07,6.248493e+13,7.202308e+17,2.437858e+07,1.050687e+14,6.081339e+18,0,43,N,N
5.910458e+06,1.109498e+12,2.656526e+16,1.307393e+07,2.024579e+13,2.467017e+17,2.271600e+07,1.148687e+14,2.610661e+18,1.710448e+07,4.909941e+13,1.765415e+18,0,67,N,N
2.664588e+06,2.338073e+11,4.918049e+15,1.357895e+07,1.335180e+13,1.545736e+17,1.442957e+07,4.156458e+13,5.212185e+17,1.935198e+07,7.183859e+13,3.161511e+18,2,53,N,N
9.456161e+06,3.131145e+12,7.308997e+16,2.155073e+07,4.415019e+13,6.694891e+17,1.448437e+07,4.507305e+13,6.279800e+17,2.170412e+07,7.091227e+13,3.793949e+18,3,65,N,N
3.774335e+06,1.239213e+12,3.646979e+16,1.269866e+07,1.830855e+13,1.677277e+17,1.937324e+07,7.719909e+13,1.051603e+18,2.579442e+07,1.263480e+14,7.011941e+18,3,76,N,N
1.346846e+06,1.266538e+11,2.103436e+15,1.875217e+07,1.851403e+13,1.554012e+17,1.885022e+07,6.746224e+13,8.573758e+17,2.168136e+07,8.483899e+13,4.161216e+18,1,102,N,N
3.297347e+06,7.415616e+11,7.881388e+15,1.471136e+07,2.623543e+13,3.277643e+17,2.021538e+07,8.955120e+13,1.735296e+18,2.043385e+07,6.583597e+13,3.904039e+18,0,73,N,N
