1.000000e+00,6.663681e-02,9.897352e-01,3.849295e-03,1.055917e-01,2.853452e-04,6.924505e-01,9.529460e-03,2.083968e-05,1.168849e-01,9.245776e-04,1.701256e-06,5.059009e-01,1.502444e-02,8.664000e-05,1.385424e-07,3,72
1.000000e+00,6.491981e-02,9.902949e-01,3.639426e-03,1.029315e-01,2.611747e-04,6.936313e-01,9.015534e-03,1.845102e-05,1.140525e-01,8.468035e-04,1.457482e-06,5.076402e-01,1.422755e-02,7.675866e-05,1.149427e-07,3,93
1.000000e+00,6.854801e-02,9.892181e-01,4.043209e-03,1.085822e-01,3.040614e-04,6.913548e-01,1.000705e-02,2.243921e-05,1.201247e-01,9.850355e-04,1.846973e-06,5.042765e-01,1.577153e-02,9.327527e-05,1.514712e-07,0,26
1.000000e+00,6.358336e-02,9.906167e-01,3.518727e-03,1.008328e-01,2.501597e-04,6.943139e-01,8.717924e-03,1.753193e-05,1.117648e-01,8.112077e-04,1.374405e-06,5.086535e-01,1.376118e-02,7.294562e-05,1.075789e-07,3,96
1.000000e+00,6.637763e-02,9.898713e-01,3.798264e-03,1.052016e-01,2.785096e-04,6.927368e-01,9.404982e-03,2.015036e-05,1.164914e-01,9.025705e-04,1.634508e-06,5.063207e-01,1.483262e-02,8.378203e-05,1.327328e-07,1,55
1.000000e+00,6.601951e-02,9.899849e-01,3.755680e-03,1.046495e-01,2.727082e-04,6.929748e-01,9.301617e-03,1.946300e-05,1.159085e-01,8.840336e-04,1.552113e-06,5.066678e-01,1.467451e-02,8.095387e-05,1.235502e-07,3,90
1.000000e+00,6.403544e-02,9.905054e-01,3.560482e-03,1.015414e-01,2.542569e-04,6.940782e-01,8.820673e-03,1.789617e-05,1.125347e-01,8.244298e-04,1.408659e-06,5.083043e-01,1.392169e-02,7.445560e-05,1.106725e-07,1,5
1.000000e+00,6.609022e-02,9.898992e-01,3.787783e-03,1.047421e-01,2.784143e-04,6.927967e-01,9.378776e-03,2.015144e-05,1.159751e-01,9.022841e-04,1.629838e-06,5.064110e-01,1.479066e-02,8.379464e-05,1.314665e-07,0,27
1.000000e+00,6.797881e-02,9.894259e-01,3.965274e-03,1.077048e-01,2.948031e-04,6.917931e-01,9.816313e-03,2.152727e-05,1.191990e-01,9.552325e-04,1.755872e-06,5.049216e-01,1.547606e-02,8.949969e-05,1.429413e-07,0,28
1.000000e+00,6.675963e-02,9.897703e-01,3.836127e-03,1.057987e-01,2.824322e-04,6.925233e-01,9.497983e-03,2.051883e-05,1.171371e-01,9.152110e-04,1.670638e-06,5.060051e-01,1.497750e-02,8.530831e-05,1.360598e-07,0,67
1.000000e+00,6.348481e-02,9.906179e-01,3.518287e-03,1.006698e-01,2.516332e-04,6.943186e-01,8.715562e-03,1.781198e-05,1.115720e-01,8.158085e-04,1.415014e-06,5.086653e-01,1.375446e-02,7.409001e-05,1.125488e-07,3,91
1.000000e+00,6.485395e-02,9.902849e-01,3.643178e-03,1.028186e-01,2.632473e-04,6.936125e-01,9.023375e-03,1.879346e-05,1.139121e-01,8.533350e-04,1.503593e-06,5.076177e-01,1.423649e-02,7.816289e-05,1.202605e-07,0,16
1.000000e+00,6.710211e-02,9.895879e-01,3.904532e-03,1.063122e-01,2.920006e-04,6.921403e-01,9.664373e-03,2.154568e-05,1.176515e-01,9.459332e-04,1.779253e-06,5.054454e-01,1.523282e-02,8.955281e-05,1.467246e-07,3,99
1.000000e+00,6.429030e-02,9.904817e-01,3.569378e-03,1.019493e-01,2.542096e-04,6.940272e-01,8.842995e-03,1.787794e-05,1.129940e-01,8.242653e-04,1.410430e-06,5.082271e-01,1.395762e-02,7.437415e-05,1.114337e-07,3,78
1.000000e+00,6.474962e-02,9.903552e-01,3.616808e-03,1.026698e-01,2.582309e-04,6.937581e-01,8.960451e-03,1.812631e-05,1.137775e-01,8.373682e-04,1.421065e-06,5.078257e-01,1.414286e-02,7.541934e-05,1.111216e-07,2,102
1.000000e+00,6.585724e-02,9.900363e-01,3.736405e-03,1.043958e-01,2.710461e-04,6.930841e-01,9.253959e-03,1.934544e-05,1.156342e-01,8.786420e-04,1.543286e-06,5.068305e-01,1.459951e-02,8.046445e-05,1.228761e-07,0,22
1.000000e+00,6.705647e-02,9.896406e-01,3.884781e-03,1.062539e-01,2.879152e-04,6.922489e-01,9.617501e-03,2.098930e-05,1.176127e-01,9.329423e-04,1.709713e-06,5.055995e-01,1.516370e-02,8.726563e-05,1.389705e-07,1,84
1.000000e+00,6.628606e-02,9.898954e-01,3.789216e-03,1.050597e-01,2.772116e-04,6.927871e-01,9.383152e-03,1.997512e-05,1.163403e-01,8.984544e-04,1.610326e-06,5.063936e-01,1.479953e-02,8.306567e-05,1.296608e-07,2,82
1.000000e+00,6.543344e-02,9.900969e-01,3.713667e-03,1.037207e-01,2.702359e-04,6.932141e-01,9.197034e-03,1.936298e-05,1.148803e-01,8.759502e-04,1.550652e-06,5.070268e-01,1.450826e-02,8.053155e-05,1.238990e-07,3,68
1.000000e+00,6.719113e-02,9.895643e-01,3.913389e-03,1.064528e-01,2.925093e-04,6.920899e-01,9.686411e-03,2.156940e-05,1.178063e-01,9.475860e-04,1.781487e-06,5.053697e-01,1.526783e-02,8.965003e-05,1.471030e-07,3,80
1.000000e+00,6.443562e-02,9.903668e-01,3.612449e-03,1.021589e-01,2.605801e-04,6.937864e-01,8.947569e-03,1.856731e-05,1.131877e-01,8.447190e-04,1.482902e-06,5.078759e-01,1.411761e-02,7.722446e-05,1.184751e-07,1,10
1.000000e+00,6.637748e-02,9.898571e-01,3.803601e-03,1.051999e-01,2.788968e-04,6.927061e-01,9.418441e-03,2.012492e-05,1.164869e-01,9.039011e-04,1.622906e-06,5.062740e-01,1.485440e-02,8.368899e-05,1.305722e-07,0,56
1.000000e+00,6.842975e-02,9.892690e-01,4.024110e-03,1.084031e-01,3.012594e-04,6.914612e-01,9.960871e-03,2.208944e-05,1.199416e-01,9.761067e-04,1.802743e-06,5.044310e-01,1.570134e-02,9.183942e-05,1.462884e-07,1,86
1.000000e+00,6.828955e-02,9.893247e-01,4.003248e-03,1.081829e-01,3.001186e-04,6.915809e-01,9.908416e-03,2.215642e-05,1.197019e-01,9.722285e-04,1.829274e-06,5.046125e-01,1.561676e-02,9.209208e-05,1.507620e-07,1,73
1.000000e+00,6.633947e-02,9.898705e-01,3.798581e-03,1.051401e-01,2.786133e-04,6.927348e-01,9.405888e-03,2.012510e-05,1.164215e-01,9.029582e-04,1.625653e-06,5.063173e-01,1.483432e-02,8.368627e-05,1.311190e-07,1,40
1.000000e+00,7.238991e-02,9.881777e-01,4.433352e-03,1.145888e-01,3.430647e-04,6.891521e-01,1.096681e-02,2.590440e-05,1.266228e-01,1.110909e-03,2.172122e-06,5.010153e-01,1.727023e-02,1.076414e-04,1.807986e-07,2,76
1.000000e+00,6.685061e-02,9.898463e-01,3.807639e-03,1.059697e-01,2.753423e-04,6.926782e-01,9.431376e-03,1.949353e-05,1.173758e-01,8.927391e-04,1.536537e-06,5.062211e-01,1.488174e-02,8.110174e-05,1.204847e-07,0,76
1.000000e+00,6.241937e-02,9.910094e-01,3.371481e-03,9.903151e-02,2.331898e-04,6.951427e-01,8.357202e-03,1.588883e-05,1.098510e-01,7.565567e-04,1.211793e-06,5.098747e-01,1.320151e-02,6.614184e-05,9.238290e-08,2,53
1.000000e+00,6.623822e-02,9.898688e-01,3.799193e-03,1.049751e-01,2.794450e-04,6.927323e-01,9.406806e-03,2.026138e-05,1.162305e-01,9.055785e-04,1.644286e-06,5.063159e-01,1.483435e-02,8.424447e-05,1.333311e-07,1,65
1.000000e+00,6.293986e-02,9.908763e-01,3.421377e-03,9.984556e-02,2.383921e-04,6.948612e-01,8.479824e-03,1.635952e-05,1.107322e-01,7.733455e-04,1.255271e-06,5.094584e-01,1.339268e-02,6.809461e-05,9.615431e-08,0,32
1.000000e+00,6.849261e-02,9.891941e-01,4.052216e-03,1.084831e-01,3.069705e-04,6.913068e-01,1.002752e-02,2.289266e-05,1.199943e-01,9.942208e-04,1.908485e-06,5.042119e-01,1.579952e-02,9.513292e-05,1.587883e-07,3,98
1.000000e+00,6.474763e-02,9.903024e-01,3.636599e-03,1.026519e-01,2.622959e-04,6.936491e-01,9.007516e-03,1.866266e-05,1.137308e-01,8.503126e-04,1.486903e-06,5.076706e-01,1.421250e-02,7.762531e-05,1.184135e-07,0,10
1.000000e+00,6.750825e-02,9.895005e-01,3.937302e-03,1.069526e-01,2.946054e-04,6.919545e-01,9.745439e-03,2.173709e-05,1.183547e-01,9.543724e-04,1.794951e-06,5.051686e-01,1.536048e-02,9.034835e-05,1.480336e-07,2,99
1.000000e+00,6.601427e-02,9.899950e-01,3.751887e-03,1.046430e-01,2.721896e-04,6.929961e-01,9.292397e-03,1.940471e-05,1.159046e-01,8.823746e-04,1.545089e-06,5.066988e-01,1.466037e-02,8.071423e-05,1.227408e-07,3,61
1.000000e+00,6.791940e-02,9.894168e-01,3.968689e-03,1.076065e-01,2.957171e-04,6.917743e-01,9.824418e-03,2.162317e-05,1.190823e-01,9.581833e-04,1.763328e-06,5.048950e-01,1.548799e-02,8.990049e-05,1.432569e-07,3,95
1.000000e+00,6.610687e-02,9.899453e-01,3.770500e-03,1.047785e-01,2.756965e-04,6.928934e-01,9.336741e-03,1.989098e-05,1.160341e-01,8.935048e-04,1.608658e-06,5.065524e-01,1.472620e-02,8.270878e-05,1.302110e-07,0,55
1.000000e+00,6.380625e-02,9.905829e-01,3.531413e-03,1.011850e-01,2.513868e-04,6.942427e-01,8.748917e-03,1.769251e-05,1.121530e-01,8.150971e-04,1.397616e-06,5.085488e-01,1.380908e-02,7.360067e-05,1.106037e-07,2,66
1.000000e+00,6.626054e-02,9.898749e-01,3.796904e-03,1.050130e-01,2.788406e-04,6.927448e-01,9.401470e-03,2.017579e-05,1.162771e-01,9.036631e-04,1.632825e-06,5.063331e-01,1.482671e-02,8.389404e-05,1.319170e-07,3,56
1.000000e+00,6.702452e-02,9.896516e-01,3.880667e-03,1.062053e-01,2.871966e-04,6.922717e-01,9.607629e-03,2.089729e-05,1.175628e-01,9.306507e-04,1.698680e-06,5.056323e-01,1.514888e-02,8.688683e-05,1.377807e-07,2,84
1.000000e+00,6.468480e-02,9.903549e-01,3.616912e-03,1.025628e-01,2.591432e-04,6.937588e-01,8.959968e-03,1.829156e-05,1.136512e-01,8.402264e-04,1.444431e-06,5.078295e-01,1.414035e-02,7.609537e-05,1.139345e-07,2,92
1.000000e+00,6.629695e-02,9.898095e-01,3.821426e-03,1.050605e-01,2.818433e-04,6.926066e-01,9.461640e-03,2.042774e-05,1.163104e-01,9.133814e-04,1.652717e-06,5.061292e-01,1.492029e-02,8.494327e-05,1.333172e-07,2,62
1.000000e+00,6.493454e-02,9.902820e-01,3.644262e-03,1.029549e-01,2.612010e-04,6.936031e-01,9.027951e-03,1.837877e-05,1.140785e-01,8.469725e-04,1.442277e-06,5.075964e-01,1.424816e-02,7.646919e-05,1.127544e-07,0,83
1.000000e+00,6.577887e-02,9.900161e-01,3.743975e-03,1.042656e-01,2.723800e-04,6.930419e-01,9.272242e-03,1.948782e-05,1.154790e-01,8.829238e-04,1.558613e-06,5.067693e-01,1.462725e-02,8.105206e-05,1.244944e-07,1,57
1.000000e+00,6.390802e-02,9.907014e-01,3.486991e-03,1.013808e-01,2.422359e-04,6.944873e-01,8.643243e-03,1.649667e-05,1.124333e-01,7.859457e-04,1.251523e-06,5.088971e-01,1.365265e-02,6.868129e-05,9.448656e-08,3,59
1.000000e+00,6.679879e-02,9.897483e-01,3.844387e-03,1.058599e-01,2.828379e-04,6.924757e-01,9.518836e-03,2.047368e-05,1.172031e-01,9.166133e-04,1.656947e-06,5.059327e-01,1.501132e-02,8.513245e-05,1.339053e-07,0,11
1.000000e+00,6.801230e-02,9.894241e-01,3.965967e-03,1.077578e-01,2.949560e-04,6.917894e-01,9.817853e-03,2.157013e-05,1.192578e-01,9.556907e-04,1.763658e-06,5.049169e-01,1.547808e-02,8.967282e-05,1.440187e-07,0,13
1.000000e+00,6.305504e-02,9.907050e-01,3.485633e-03,9.998981e-02,2.495165e-04,6.945045e-01,8.634342e-03,1.772004e-05,1.108213e-01,8.088852e-04,1.414296e-06,5.089439e-01,1.362551e-02,7.370045e-05,1.130796e-07,1,64
1.000000e+00,6.481616e-02,9.902636e-01,3.651154e-03,1.027532e-01,2.646171e-04,6.935680e-01,9.042678e-03,1.893500e-05,1.138294e-01,8.577448e-04,1.517036e-06,5.075530e-01,1.426587e-02,7.875011e-05,1.213920e-07,1,35
1.000000e+00,6.518739e-02,9.901464e-01,3.695100e-03,1.033321e-01,2.688012e-04,6.933194e-01,9.151074e-03,1.926108e-05,1.144528e-01,8.712968e-04,1.542965e-06,5.071838e-01,1.443581e-02,8.010705e-05,1.233553e-07,0,8
1.000000e+00,6.824240e-02,9.893674e-01,3.987227e-03,1.081200e-01,2.966217e-04,6.916685e-01,9.870694e-03,2.163855e-05,1.196539e-01,9.611651e-04,1.759415e-06,5.047357e-01,1.556186e-02,8.997032e-05,1.424355e-07,0,86
1.000000e+00,6.672345e-02,9.898135e-01,3.819925e-03,1.057560e-01,2.782073e-04,6.926108e-01,9.460430e-03,1.986307e-05,1.171165e-01,9.018712e-04,1.581316e-06,5.061259e-01,1.492432e-02,8.262198e-05,1.254535e-07,1,63
1.000000e+00,6.472186e-02,9.903023e-01,3.636656e-03,1.026098e-01,2.625384e-04,6.936492e-01,9.007433e-03,1.871272e-05,1.136819e-01,8.510615e-04,1.495115e-06,5.076715e-01,1.421184e-02,7.782836e-05,1.195385e-07,2,51
1.000000e+00,6.456240e-02,9.904479e-01,3.582034e-03,1.023857e-01,2.539216e-04,6.939536e-01,8.875356e-03,1.771743e-05,1.134866e-01,8.234703e-04,1.383405e-06,5.081134e-01,1.401107e-02,7.372207e-05,1.079889e-07,3,48
1.000000e+00,6.608621e-02,9.899598e-01,3.765087e-03,1.047506e-01,2.742502e-04,6.929226e-01,9.324230e-03,1.966366e-05,1.160122e-01,8.889417e-04,1.577467e-06,5.065925e-01,1.470857e-02,8.177790e-05,1.264804e-07,0,14
1.000000e+00,6.285038e-02,9.908776e-01,3.420910e-03,9.970038e-02,2.389517e-04,6.948647e-01,8.478192e-03,1.646268e-05,1.105652e-01,7.750958e-04,1.270128e-06,5.094654e-01,1.338899e-02,6.851627e-05,9.796654e-08,1,54
1.000000e+00,6.609610e-02,9.899675e-01,3.762205e-03,1.047672e-01,2.740374e-04,6.929392e-01,9.316989e-03,1.967203e-05,1.160324e-01,8.882223e-04,1.581691e-06,5.066176e-01,1.469691e-02,8.180839e-05,1.272085e-07,1,52
1.000000e+00,6.644900e-02,9.898938e-01,3.789816e-03,1.053285e-01,2.749583e-04,6.927805e-01,9.386550e-03,1.955344e-05,1.166572e-01,8.914069e-04,1.550357e-06,5.063764e-01,1.480940e-02,8.134051e-05,1.224930e-07,0,63
1.000000e+00,6.890257e-02,9.891192e-01,4.080298e-03,1.091346e-01,3.081968e-04,6.911460e-01,1.009789e-02,2.285589e-05,1.207188e-01,9.983280e-04,1.891275e-06,5.039689e-01,1.591246e-02,9.499644e-05,1.559837e-07,3,101
1.000000e+00,6.333485e-02,9.906714e-01,3.498213e-03,1.004378e-01,2.494235e-04,6.944318e-01,8.666301e-03,1.760720e-05,1.113257e-01,8.086843e-04,1.395307e-06,5.088323e-01,1.367782e-02,7.324159e-05,1.107298e-07,2,91
1.000000e+00,6.897608e-02,9.891242e-01,4.078424e-03,1.092578e-01,3.066564e-04,6.911546e-01,1.009444e-02,2.258179e-05,1.208673e-01,9.935019e-04,1.851817e-06,5.039772e-01,1.590982e-02,9.387634e-05,1.511215e-07,3,49
1.000000e+00,6.432987e-02,9.904524e-01,3.580356e-03,1.020089e-01,2.552558e-04,6.939648e-01,8.870262e-03,1.791749e-05,1.130539e-01,8.277127e-04,1.406148e-06,5.081337e-01,1.400080e-02,7.454846e-05,1.101562e-07,0,102
1.000000e+00,6.683489e-02,9.896781e-01,3.870722e-03,1.059025e-01,2.870230e-04,6.923288e-01,9.582597e-03,2.093506e-05,1.172234e-01,9.300454e-04,1.705468e-06,5.057191e-01,1.510843e-02,8.704049e-05,1.385528e-07,1,0
1.000000e+00,6.497538e-02,9.903229e-01,3.628900e-03,1.030265e-01,2.594828e-04,6.936903e-01,8.989936e-03,1.829237e-05,1.141706e-01,8.413387e-04,1.444235e-06,5.077262e-01,1.418829e-02,7.609818e-05,1.140248e-07,0,36
1.000000e+00,6.752134e-02,9.895227e-01,3.928993e-03,1.069832e-01,2.919313e-04,6.919989e-01,9.726496e-03,2.133033e-05,1.184065e-01,9.459087e-04,1.742193e-06,5.052285e-01,1.533446e-02,8.867807e-05,1.420824e-07,0,18
1.000000e+00,6.457958e-02,9.903207e-01,3.629735e-03,1.023787e-01,2.634955e-04,6.936907e-01,8.988998e-03,1.896409e-05,1.134159e-01,8.539828e-04,1.533772e-06,5.077383e-01,1.417972e-02,7.885384e-05,1.242718e-07,2,97
1.000000e+00,6.731571e-02,9.895227e-01,3.929003e-03,1.066459e-01,2.942317e-04,6.920018e-01,9.724786e-03,2.171581e-05,1.180121e-01,9.531635e-04,1.792384e-06,5.052395e-01,1.532766e-02,9.026142e-05,1.476543e-07,2,79
1.000000e+00,6.874408e-02,9.891435e-01,4.071186e-03,1.088806e-01,3.083123e-04,6.911990e-01,1.007459e-02,2.297124e-05,1.204325e-01,9.985903e-04,1.912490e-06,5.040507e-01,1.587399e-02,9.546248e-05,1.588620e-07,3,79
1.000000e+00,6.896862e-02,9.891263e-01,4.077630e-03,1.092464e-01,3.065052e-04,6.911589e-01,1.009259e-02,2.255201e-05,1.208554e-01,9.930362e-04,1.846499e-06,5.039832e-01,1.590716e-02,9.375632e-05,1.503309e-07,3,86
1.000000e+00,6.295128e-02,9.908871e-01,3.417356e-03,9.986536e-02,2.379701e-04,6.948842e-01,8.469768e-03,1.636032e-05,1.107574e-01,7.719312e-04,1.261338e-06,5.094930e-01,1.337661e-02,6.809014e-05,9.737305e-08,1,94
1.000000e+00,6.523941e-02,9.902793e-01,3.645256e-03,1.034479e-01,2.597682e-04,6.935961e-01,9.031233e-03,1.820161e-05,1.146426e-01,8.423712e-04,1.426187e-06,5.075828e-01,1.425531e-02,7.573209e-05,1.116651e-07,1,48
1.000000e+00,6.892108e-02,9.890950e-01,4.089372e-03,1.091574e-01,3.100957e-04,6.910962e-01,1.011938e-02,2.312199e-05,1.207320e-01,1.004354e-03,1.925896e-06,5.038984e-01,1.594403e-02,9.608824e-05,1.600209e-07,0,98
1.000000e+00,6.620142e-02,9.899404e-01,3.772347e-03,1.049342e-01,2.744550e-04,6.928809e-01,9.342525e-03,1.963174e-05,1.162173e-01,8.896559e-04,1.569404e-06,5.065291e-01,1.473816e-02,8.165166e-05,1.252606e-07,1,61
1.000000e+00,6.406091e-02,9.905012e-01,3.562054e-03,1.015823e-01,2.541967e-04,6.940690e-01,8.824701e-03,1.787449e-05,1.125812e-01,8.242497e-04,1.405606e-06,5.082901e-01,1.392837e-02,7.436668e-05,1.103414e-07,0,96
1.000000e+00,6.395415e-02,9.905485e-01,3.544319e-03,1.014186e-01,2.522211e-04,6.941691e-01,8.781110e-03,1.770836e-05,1.124102e-01,8.178564e-04,1.392346e-06,5.084381e-01,1.386040e-02,7.367476e-05,1.094287e-07,2,37
1.000000e+00,6.685424e-02,9.896748e-01,3.871938e-03,1.059333e-01,2.870655e-04,6.923219e-01,9.585617e-03,2.093971e-05,1.172578e-01,9.301769e-04,1.706856e-06,5.057087e-01,1.511322e-02,8.705824e-05,1.388373e-07,0,84
1.000000e+00,6.507022e-02,9.902078e-01,3.672087e-03,1.031513e-01,2.669677e-04,6.934506e-01,9.093749e-03,1.921551e-05,1.142618e-01,8.652386e-04,1.553537e-06,5.073807e-01,1.434463e-02,7.989972e-05,1.258458e-07,0,97
1.000000e+00,6.597953e-02,9.900047e-01,3.748239e-03,1.045910e-01,2.711892e-04,6.930154e-01,9.284125e-03,1.921616e-05,1.158525e-01,8.792640e-04,1.515111e-06,5.067248e-01,1.464910e-02,7.994799e-05,1.187344e-07,0,74
1.000000e+00,6.737576e-02,9.895475e-01,3.919672e-03,1.067525e-01,2.913218e-04,6.920517e-01,9.703461e-03,2.127105e-05,1.181509e-01,9.439603e-04,1.733666e-06,5.053071e-01,1.529823e-02,8.843667e-05,1.408975e-07,1,104
1.000000e+00,6.826817e-02,9.893404e-01,3.997352e-03,1.081562e-01,2.980154e-04,6.916118e-01,9.895302e-03,2.179523e-05,1.196855e-01,9.656243e-04,1.778089e-06,5.046530e-01,1.559957e-02,9.061461e-05,1.445884e-07,1,88
1.000000e+00,6.746104e-02,9.895138e-01,3.932326e-03,1.068800e-01,2.938063e-04,6.919823e-01,9.733407e-03,2.164606e-05,1.182782e-01,9.518058e-04,1.786063e-06,5.052088e-01,1.534220e-02,8.997044e-05,1.473491e-07,0,80
1.000000e+00,6.552347e-02,9.901037e-01,3.711115e-03,1.038688e-01,2.690989e-04,6.932276e-01,9.191319e-03,1.921553e-05,1.150544e-01,8.723142e-04,1.535071e-06,5.070446e-01,1.450068e-02,7.992106e-05,1.225282e-07,0,34
1.000000e+00,6.410518e-02,9.904933e-01,3.565013e-03,1.016512e-01,2.547571e-04,6.940528e-01,8.831711e-03,1.796045e-05,1.126549e-01,8.260210e-04,1.417090e-06,5.082671e-01,1.393868e-02,7.471936e-05,1.116474e-07,1,92
1.000000e+00,6.499014e-02,9.902595e-01,3.652702e-03,1.030375e-01,2.629878e-04,6.935569e-01,9.047869e-03,1.864161e-05,1.141597e-01,8.526309e-04,1.477036e-06,5.075313e-01,1.427726e-02,7.754734e-05,1.167844e-07,0,25
1.000000e+00,6.707457e-02,9.896883e-01,3.866887e-03,1.062964e-01,2.841533e-04,6.923472e-01,9.575083e-03,2.047442e-05,1.176851e-01,9.209932e-04,1.643234e-06,5.057389e-01,1.510126e-02,8.515294e-05,1.311949e-07,0,70
1.000000e+00,6.557154e-02,9.901023e-01,3.711633e-03,1.039471e-01,2.687150e-04,6.932240e-01,9.192977e-03,1.913457e-05,1.151449e-01,8.711262e-04,1.522524e-06,5.070378e-01,1.450418e-02,7.959132e-05,1.209175e-07,0,3
1.000000e+00,6.309186e-02,9.908478e-01,3.432076e-03,1.000863e-01,2.390734e-04,6.948003e-01,8.506454e-03,1.638568e-05,1.109984e-01,7.755822e-04,1.253970e-06,5.093670e-01,1.343500e-02,6.820779e-05,9.563664e-08,0,59
1.000000e+00,6.379949e-02,9.905888e-01,3.529212e-03,1.011751e-01,2.511318e-04,6.942550e-01,8.743589e-03,1.765374e-05,1.121435e-01,8.143018e-04,1.390416e-06,5.085666e-01,1.380096e-02,7.344527e-05,1.094411e-07,2,81
1.000000e+00,6.627951e-02,9.899463e-01,3.770136e-03,1.050628e-01,2.734560e-04,6.928924e-01,9.337682e-03,1.947985e-05,1.163684e-01,8.864974e-04,1.549087e-06,5.065438e-01,1.473201e-02,8.102924e-05,1.228328e-07,2,61
1.000000e+00,6.346229e-02,9.906368e-01,3.511213e-03,1.006368e-01,2.507956e-04,6.943586e-01,8.698151e-03,1.775150e-05,1.115405e-01,8.130830e-04,1.412127e-06,5.087245e-01,1.372726e-02,7.383557e-05,1.126124e-07,2,64
1.000000e+00,6.842748e-02,9.892705e-01,4.023563e-03,1.083985e-01,3.015046e-04,6.914649e-01,9.959168e-03,2.216417e-05,1.199350e-01,9.768321e-04,1.816856e-06,5.044378e-01,1.569784e-02,9.213992e-05,1.483727e-07,0,95
1.000000e+00,6.653592e-02,9.897591e-01,3.840324e-03,1.054350e-01,2.840077e-04,6.925004e-01,9.507801e-03,2.066850e-05,1.167175e-01,9.203156e-04,1.680085e-06,5.059733e-01,1.499160e-02,8.593622e-05,1.361694e-07,0,0
1.000000e+00,6.893790e-02,9.891405e-01,4.072302e-03,1.092007e-01,3.055531e-04,6.911885e-01,1.007982e-02,2.243055e-05,1.208102e-01,9.899978e-04,1.832276e-06,5.040256e-01,1.588801e-02,9.325560e-05,1.488632e-07,1,49
1.000000e+00,6.655286e-02,9.897691e-01,3.836601e-03,1.054665e-01,2.827925e-04,6.925203e-01,9.499306e-03,2.048814e-05,1.167609e-01,9.164616e-04,1.657545e-06,5.060002e-01,1.497991e-02,8.519414e-05,1.337555e-07,3,62
1.000000e+00,6.233985e-02,9.910347e-01,3.362000e-03,9.890768e-02,2.322455e-04,6.951962e-01,8.333859e-03,1.580899e-05,1.097179e-01,7.535050e-04,1.204712e-06,5.099540e-01,1.316501e-02,6.581042e-05,9.177472e-08,0,53
1.000000e+00,6.451651e-02,9.903462e-01,3.620187e-03,1.022843e-01,2.617018e-04,6.937433e-01,8.966276e-03,1.870935e-05,1.133214e-01,8.482949e-04,1.500323e-06,5.078133e-01,1.414604e-02,7.780874e-05,1.203935e-07,1,33
1.000000e+00,6.955674e-02,9.889436e-01,4.146168e-03,1.101565e-01,3.150818e-04,6.907747e-01,1.025961e-02,2.351414e-05,1.218227e-01,1.020496e-03,1.958233e-06,5.034204e-01,1.616420e-02,9.771925e-05,1.625230e-07,0,79
1.000000e+00,6.474007e-02,9.903491e-01,3.619098e-03,1.026515e-01,2.590531e-04,6.937460e-01,8.965589e-03,1.825702e-05,1.137516e-01,8.399629e-04,1.438648e-06,5.078097e-01,1.414971e-02,7.595518e-05,1.131734e-07,0,92
1.000000e+00,6.557237e-02,9.900685e-01,3.724320e-03,1.039388e-01,2.713926e-04,6.931544e-01,9.223001e-03,1.951090e-05,1.151181e-01,8.796245e-04,1.571102e-06,5.069393e-01,1.454825e-02,8.113637e-05,1.264686e-07,1,82
1.000000e+00,6.674796e-02,9.897847e-01,3.830720e-03,1.057873e-01,2.804075e-04,6.925515e-01,9.486004e-03,2.017683e-05,1.171374e-01,9.088439e-04,1.623099e-06,5.060419e-01,1.496193e-02,8.390798e-05,1.304206e-07,1,90
1.000000e+00,6.396042e-02,9.905853e-01,3.530521e-03,1.014385e-01,2.494907e-04,6.942454e-01,8.748105e-03,1.737750e-05,1.124505e-01,8.091194e-04,1.355841e-06,5.085474e-01,1.381111e-02,7.230817e-05,1.058338e-07,2,58
1.000000e+00,6.436189e-02,9.903956e-01,3.601643e-03,1.020464e-01,2.590630e-04,6.938467e-01,8.921372e-03,1.838552e-05,1.130711e-01,8.398747e-04,1.460798e-06,5.079637e-01,1.407762e-02,7.647693e-05,1.159758e-07,0,39
1.000000e+00,6.569344e-02,9.900400e-01,3.735019e-03,1.041301e-01,2.720460e-04,6.930932e-01,9.249773e-03,1.950522e-05,1.153288e-01,8.818080e-04,1.562788e-06,5.068470e-01,1.459112e-02,8.112247e-05,1.249129e-07,2,68
1.000000e+00,6.554500e-02,9.900911e-01,3.715842e-03,1.039017e-01,2.695325e-04,6.932007e-01,9.203031e-03,1.923872e-05,1.150885e-01,8.737314e-04,1.535433e-06,5.070045e-01,1.451917e-02,8.001929e-05,1.223937e-07,2,71
1.000000e+00,6.399878e-02,9.905886e-01,3.529291e-03,1.015004e-01,2.493482e-04,6.942522e-01,8.745127e-03,1.735576e-05,1.125211e-01,8.086773e-04,1.351421e-06,5.085574e-01,1.380656e-02,7.222151e-05,1.051039e-07,0,17
1.000000e+00,6.375946e-02,9.905656e-01,3.537883e-03,1.011075e-01,2.521220e-04,6.942058e-01,8.765022e-03,1.770805e-05,1.120608e-01,8.175395e-04,1.390941e-06,5.084935e-01,1.383466e-02,7.367585e-05,1.090580e-07,1,96
1.000000e+00,6.380620e-02,9.905336e-01,3.549908e-03,1.011755e-01,2.540097e-04,6.941390e-01,8.794017e-03,1.794528e-05,1.121249e-01,8.235544e-04,1.420860e-06,5.083967e-01,1.387855e-02,7.464985e-05,1.125483e-07,3,77
1.000000e+00,6.314383e-02,9.907433e-01,3.471253e-03,1.001463e-01,2.455194e-04,6.945823e-01,8.600953e-03,1.715103e-05,1.110234e-01,7.961914e-04,1.343213e-06,5.090515e-01,1.357810e-02,7.136043e-05,1.052969e-07,2,75
1.000000e+00,6.642638e-02,9.899506e-01,3.768507e-03,1.053048e-01,2.715115e-04,6.928993e-01,9.335006e-03,1.916931e-05,1.166533e-01,8.803493e-04,1.509507e-06,5.065489e-01,1.473101e-02,7.975254e-05,1.185278e-07,3,63
1.000000e+00,6.833567e-02,9.893101e-01,4.008726e-03,1.082550e-01,3.005756e-04,6.915499e-01,9.921931e-03,2.219631e-05,1.197800e-01,9.736986e-04,1.833929e-06,5.045665e-01,1.563796e-02,9.225593e-05,1.513404e-07,2,67
1.000000e+00,6.483651e-02,9.902511e-01,3.655854e-03,1.027802e-01,2.661626e-04,6.935433e-01,9.053187e-03,1.921056e-05,1.138499e-01,8.625772e-04,1.558398e-06,5.075204e-01,1.427980e-02,7.987356e-05,1.266871e-07,3,97
1.000000e+00,6.834621e-02,9.892739e-01,4.022303e-03,1.082626e-01,3.031489e-04,6.914748e-01,9.954447e-03,2.251353e-05,1.197716e-01,9.819203e-04,1.870652e-06,5.044587e-01,1.568663e-02,9.356348e-05,1.552125e-07,0,73
1.000000e+00,6.250540e-02,9.909841e-01,3.380956e-03,9.916253e-02,2.350281e-04,6.950905e-01,8.379751e-03,1.614204e-05,1.099863e-01,7.624003e-04,1.243485e-06,5.098003e-01,1.323491e-02,6.718279e-05,9.590210e-08,2,94
1.000000e+00,6.509615e-02,9.902122e-01,3.670438e-03,1.031957e-01,2.661485e-04,6.934588e-01,9.090308e-03,1.906390e-05,1.143170e-01,8.626837e-04,1.530403e-06,5.073906e-01,1.434071e-02,7.928209e-05,1.228598e-07,1,87
1.000000e+00,6.633970e-02,9.899457e-01,3.770345e-03,1.051620e-01,2.726539e-04,6.928901e-01,9.338846e-03,1.933679e-05,1.164852e-01,8.839773e-04,1.529811e-06,5.065379e-01,1.473539e-02,8.044225e-05,1.206657e-07,0,15
1.000000e+00,6.246855e-02,9.909776e-01,3.383415e-03,9.910255e-02,2.353139e-04,6.950764e-01,8.385902e-03,1.614128e-05,1.099169e-01,7.633577e-04,1.239424e-06,5.097791e-01,1.324475e-02,6.718478e-05,9.509030e-08,0,38
1.000000e+00,6.701169e-02,9.896500e-01,3.881240e-03,1.061810e-01,2.882389e-04,6.922699e-01,9.608214e-03,2.108609e-05,1.175287e-01,9.339221e-04,1.724285e-06,5.056328e-01,1.514782e-02,8.766129e-05,1.406674e-07,2,72
1.000000e+00,6.504974e-02,9.903307e-01,3.625996e-03,1.031511e-01,2.579149e-04,6.937049e-01,8.983795e-03,1.804328e-05,1.143210e-01,8.363849e-04,1.411688e-06,5.077441e-01,1.418110e-02,7.507544e-05,1.103631e-07,0,48
1.000000e+00,6.708352e-02,9.895932e-01,3.902560e-03,1.062846e-01,2.913982e-04,6.921508e-01,9.659921e-03,2.143973e-05,1.176244e-01,9.440475e-04,1.763536e-06,5.054593e-01,1.522681e-02,8.912061e-05,1.447263e-07,0,99
1.000000e+00,6.778836e-02,9.894356e-01,3.961646e-03,1.073980e-01,2.953792e-04,6.918145e-01,9.806841e-03,2.161640e-05,1.188501e-01,9.570704e-04,1.764640e-06,5.049554e-01,1.545995e-02,8.987013e-05,1.435571e-07,0,100
1.000000e+00,6.750269e-02,9.895585e-01,3.915563e-03,1.069648e-01,2.887466e-04,6.920719e-01,9.695110e-03,2.084375e-05,1.184065e-01,9.358543e-04,1.674675e-06,5.053302e-01,1.528936e-02,8.668730e-05,1.338185e-07,2,60
1.000000e+00,6.867649e-02,9.891696e-01,4.061383e-03,1.087773e-01,3.069585e-04,6.912538e-01,1.005078e-02,2.281628e-05,1.203253e-01,9.942558e-04,1.894855e-06,5.041307e-01,1.583753e-02,9.482347e-05,1.570135e-07,0,23
1.000000e+00,6.877600e-02,9.891890e-01,4.054122e-03,1.089489e-01,3.035401e-04,6.912908e-01,1.003525e-02,2.223520e-05,1.205403e-01,9.835174e-04,1.812556e-06,5.041766e-01,1.581877e-02,9.244724e-05,1.469713e-07,0,49
1.000000e+00,6.303639e-02,9.909038e-01,3.411082e-03,1.000075e-01,2.363133e-04,6.949184e-01,8.455043e-03,1.614697e-05,1.109282e-01,7.666437e-04,1.236674e-06,5.095409e-01,1.335531e-02,6.721040e-05,9.482486e-08,0,94
1.000000e+00,6.212528e-02,9.910268e-01,3.364964e-03,9.855663e-02,2.343935e-04,6.951816e-01,8.339920e-03,1.610879e-05,1.093089e-01,7.603461e-04,1.239320e-06,5.099371e-01,1.317153e-02,6.704728e-05,9.525902e-08,1,38
1.000000e+00,6.454126e-02,9.903916e-01,3.603160e-03,1.023374e-01,2.579388e-04,6.938366e-01,8.925997e-03,1.820039e-05,1.134058e-01,8.363251e-04,1.436997e-06,5.079454e-01,1.408697e-02,7.571640e-05,1.133177e-07,3,92
1.000000e+00,6.381929e-02,9.905819e-01,3.531793e-03,1.012054e-01,2.515169e-04,6.942406e-01,8.749829e-03,1.770096e-05,1.121751e-01,8.155310e-04,1.396113e-06,5.085458e-01,1.381044e-02,7.363959e-05,1.100693e-07,3,81
1.000000e+00,6.876377e-02,9.891526e-01,4.067779e-03,1.089169e-01,3.069926e-04,6.912168e-01,1.006706e-02,2.275202e-05,1.204819e-01,9.944382e-04,1.881922e-06,5.040738e-01,1.586424e-02,9.456530e-05,1.551827e-07,0,88
1.000000e+00,6.394384e-02,9.905612e-01,3.539564e-03,1.014043e-01,2.516207e-04,6.941959e-01,8.769443e-03,1.765907e-05,1.123981e-01,8.159133e-04,1.388337e-06,5.084776e-01,1.384226e-02,7.346995e-05,1.090848e-07,1,81
1.000000e+00,6.567928e-02,9.900894e-01,3.716488e-03,1.041196e-01,2.686798e-04,6.931959e-01,9.205295e-03,1.909456e-05,1.153392e-01,8.710483e-04,1.515696e-06,5.069948e-01,1.452431e-02,7.942902e-05,1.200230e-07,1,69
1.000000e+00,6.288385e-02,9.908592e-01,3.427816e-03,9.975028e-02,2.399689e-04,6.948261e-01,8.494936e-03,1.657881e-05,1.106147e-01,7.783541e-04,1.283114e-06,5.094092e-01,1.341455e-02,6.899546e-05,9.930108e-08,0,54
1.000000e+00,6.648900e-02,9.898398e-01,3.810075e-03,1.053764e-01,2.794522e-04,6.926696e-01,9.434356e-03,2.018503e-05,1.166817e-01,9.056777e-04,1.630404e-06,5.062200e-01,1.487922e-02,8.393587e-05,1.314485e-07,1,56
1.000000e+00,6.457615e-02,9.903444e-01,3.620860e-03,1.023807e-01,2.614175e-04,6.937390e-01,8.968177e-03,1.866061e-05,1.134317e-01,8.473998e-04,1.493870e-06,5.078061e-01,1.414960e-02,7.760879e-05,1.196502e-07,0,85
1.000000e+00,6.698669e-02,9.896462e-01,3.882684e-03,1.061396e-01,2.886350e-04,6.922622e-01,9.611505e-03,2.115678e-05,1.174796e-01,9.351566e-04,1.735654e-06,5.056224e-01,1.515235e-02,8.794825e-05,1.422204e-07,3,47
1.000000e+00,6.405767e-02,9.905657e-01,3.537848e-03,1.015926e-01,2.499103e-04,6.942036e-01,8.766377e-03,1.738764e-05,1.126210e-01,8.105009e-04,1.354331e-06,5.084846e-01,1.384022e-02,7.235305e-05,1.054767e-07,0,58
1.000000e+00,6.254575e-02,9.909705e-01,3.386070e-03,9.922544e-02,2.354886e-04,6.950614e-01,8.392431e-03,1.616552e-05,1.100540e-01,7.639084e-04,1.243318e-06,5.097569e-01,1.325494e-02,6.728309e-05,9.563672e-08,2,54
1.000000e+00,6.651325e-02,9.898383e-01,3.810645e-03,1.054148e-01,2.795436e-04,6.926666e-01,9.435608e-03,2.022326e-05,1.167244e-01,9.059262e-04,1.639711e-06,5.062161e-01,1.488084e-02,8.408605e-05,1.330705e-07,3,55
1.000000e+00,6.348754e-02,9.906955e-01,3.489178e-03,1.006960e-01,2.455742e-04,6.944789e-01,8.646324e-03,1.702655e-05,1.116412e-01,7.964894e-04,1.321451e-06,5.088935e-01,1.365199e-02,7.085528e-05,1.025342e-07,1,58
1.000000e+00,6.066628e-02,9.914829e-01,3.193922e-03,9.628719e-02,2.163484e-04,6.961464e-01,7.919666e-03,1.447526e-05,1.068758e-01,7.021318e-04,1.084877e-06,5.113636e-01,1.251653e-02,6.027611e-05,8.124643e-08,0,2
1.000000e+00,6.643408e-02,9.898399e-01,3.810030e-03,1.052879e-01,2.796063e-04,6.926699e-01,9.434224e-03,2.018920e-05,1.165811e-01,9.061906e-04,1.628819e-06,5.062205e-01,1.487896e-02,8.395569e-05,1.310891e-07,1,46
1.000000e+00,6.867626e-02,9.891959e-01,4.051555e-03,1.087855e-01,3.045812e-04,6.913073e-01,1.002780e-02,2.246343e-05,1.203500e-01,9.867341e-04,1.847483e-06,5.042053e-01,1.580447e-02,9.337756e-05,1.513792e-07,0,101
1.000000e+00,6.765080e-02,9.895131e-01,3.932574e-03,1.071924e-01,2.913613e-04,6.919774e-01,9.736065e-03,2.119351e-05,1.186454e-01,9.441588e-04,1.721000e-06,5.051937e-01,1.535120e-02,8.812059e-05,1.393966e-07,0,43
1.000000e+00,6.306657e-02,9.907821e-01,3.456697e-03,1.000291e-01,2.437238e-04,6.946641e-01,8.565359e-03,1.697389e-05,1.109035e-01,7.904162e-04,1.324617e-06,5.091718e-01,1.352303e-02,7.062895e-05,1.033423e-07,0,42
1.000000e+00,6.500124e-02,9.902598e-01,3.652576e-03,1.030560e-01,2.627766e-04,6.935574e-01,9.047711e-03,1.860638e-05,1.141819e-01,8.519643e-04,1.472499e-06,5.075313e-01,1.427738e-02,7.740250e-05,1.162925e-07,2,93
1.000000e+00,6.705574e-02,9.897234e-01,3.853730e-03,1.062740e-01,2.820085e-04,6.924205e-01,9.543265e-03,2.023557e-05,1.176741e-01,9.141093e-04,1.618406e-06,5.058454e-01,1.505289e-02,8.416449e-05,1.288885e-07,0,103
1.000000e+00,6.506560e-02,9.901964e-01,3.676340e-03,1.031425e-01,2.673580e-04,6.934263e-01,9.104382e-03,1.921494e-05,1.142492e-01,8.665454e-04,1.548116e-06,5.073441e-01,1.436163e-02,7.990436e-05,1.247486e-07,2,85
1.000000e+00,6.423753e-02,9.904062e-01,3.597680e-03,1.018472e-01,2.591267e-04,6.938697e-01,8.911303e-03,1.842154e-05,1.128466e-01,8.400516e-04,1.466578e-06,5.079989e-01,1.406113e-02,7.662374e-05,1.166795e-07,1,77
1.000000e+00,6.337772e-02,9.906796e-01,3.495139e-03,1.005099e-01,2.484494e-04,6.944482e-01,8.659249e-03,1.746641e-05,1.114132e-01,8.055950e-04,1.377240e-06,5.088548e-01,1.366802e-02,7.266346e-05,1.086675e-07,1,91
1.000000e+00,6.456867e-02,9.903833e-01,3.606262e-03,1.023785e-01,2.587208e-04,6.938198e-01,8.933207e-03,1.832190e-05,1.134469e-01,8.387955e-04,1.453293e-06,5.079221e-01,1.409723e-02,7.621462e-05,1.152112e-07,2,87
1.000000e+00,6.717709e-02,9.896237e-01,3.891113e-03,1.064472e-01,2.878166e-04,6.922122e-01,9.633629e-03,2.092272e-05,1.178307e-01,9.326784e-04,1.698921e-06,5.055431e-01,1.519020e-02,8.699447e-05,1.376474e-07,1,43
1.000000e+00,6.834971e-02,9.892502e-01,4.031165e-03,1.082668e-01,3.035478e-04,6.914237e-01,9.976872e-03,2.245336e-05,1.197734e-01,9.833161e-04,1.854048e-06,5.043806e-01,1.572312e-02,9.332714e-05,1.526515e-07,3,88
1.000000e+00,6.606846e-02,9.899754e-01,3.759211e-03,1.047259e-01,2.732222e-04,6.929551e-01,9.310183e-03,1.952121e-05,1.159911e-01,8.856824e-04,1.558245e-06,5.066390e-01,1.468759e-02,8.119456e-05,1.241454e-07,1,45
1.000000e+00,6.471500e-02,9.903547e-01,3.616984e-03,1.026121e-01,2.588520e-04,6.937579e-01,8.960381e-03,1.823998e-05,1.137087e-01,8.393127e-04,1.437191e-06,5.078274e-01,1.414156e-02,7.588434e-05,1.130578e-07,3,102
1.000000e+00,6.569802e-02,9.900620e-01,3.726754e-03,1.041437e-01,2.703051e-04,6.931388e-01,9.230068e-03,1.929286e-05,1.153556e-01,8.762340e-04,1.540172e-06,5.069121e-01,1.456185e-02,8.024377e-05,1.228506e-07,0,52
1.000000e+00,6.210635e-02,9.910570e-01,3.353635e-03,9.853329e-02,2.324632e-04,6.952447e-01,8.312564e-03,1.589398e-05,1.092954e-01,7.541494e-04,1.217212e-06,5.100285e-01,1.313005e-02,6.615813e-05,9.321787e-08,1,53
1.000000e+00,6.547827e-02,9.900679e-01,3.724549e-03,1.037865e-01,2.718747e-04,6.931534e-01,9.223381e-03,1.955376e-05,1.149435e-01,8.811930e-04,1.572772e-06,5.069386e-01,1.454839e-02,8.131756e-05,1.262890e-07,1,34
1.000000e+00,6.785252e-02,9.893889e-01,3.979175e-03,1.074908e-01,2.981302e-04,6.917168e-01,9.849209e-03,2.193978e-05,1.189363e-01,9.658718e-04,1.801617e-06,5.048137e-01,1.552431e-02,9.120345e-05,1.474401e-07,1,100
1.000000e+00,6.424235e-02,9.904571e-01,3.578581e-03,1.018659e-01,2.560657e-04,6.939761e-01,8.865099e-03,1.807849e-05,1.128879e-01,8.302384e-04,1.429024e-06,5.081536e-01,1.399085e-02,7.520737e-05,1.128558e-07,1,93
1.000000e+00,6.801645e-02,9.893774e-01,3.983459e-03,1.077507e-01,2.987821e-04,6.916935e-01,9.859261e-03,2.208587e-05,1.192247e-01,9.678682e-04,1.826765e-06,5.047810e-01,1.553888e-02,9.179495e-05,1.508911e-07,2,73
1.000000e+00,6.283436e-02,9.908572e-01,3.428546e-03,9.966921e-02,2.404884e-04,6.948225e-01,8.496394e-03,1.666038e-05,1.105201e-01,7.799915e-04,1.294621e-06,5.094052e-01,1.341603e-02,6.932863e-05,1.007764e-07,0,75
1.000000e+00,6.481933e-02,9.902851e-01,3.643090e-03,1.027679e-01,2.619561e-04,6.936109e-01,9.024398e-03,1.851734e-05,1.138632e-01,8.493381e-04,1.461676e-06,5.076105e-01,1.424102e-02,7.703643e-05,1.150607e-07,2,83
1.000000e+00,6.490356e-02,9.902667e-01,3.649983e-03,1.029012e-01,2.623488e-04,6.935715e-01,9.041613e-03,1.852116e-05,1.140106e-01,8.506385e-04,1.458910e-06,5.075512e-01,1.426852e-02,7.705595e-05,1.145201e-07,1,83
1.000000e+00,6.725470e-02,9.895606e-01,3.914779e-03,1.065558e-01,2.921462e-04,6.920813e-01,9.690246e-03,2.148887e-05,1.179245e-01,9.464675e-04,1.768695e-06,5.053555e-01,1.527481e-02,8.932269e-05,1.454017e-07,0,47
1.000000e+00,6.538091e-02,9.901566e-01,3.691257e-03,1.036472e-01,2.673044e-04,6.933401e-01,9.142234e-03,1.909095e-05,1.148171e-01,8.664872e-04,1.526665e-06,5.072120e-01,1.442348e-02,7.940106e-05,1.220219e-07,1,36
1.000000e+00,6.689156e-02,9.897332e-01,3.850050e-03,1.060084e-01,2.827979e-04,6.924429e-01,9.533284e-03,2.040909e-05,1.173703e-01,9.165478e-04,1.644991e-06,5.058821e-01,1.503510e-02,8.487147e-05,1.322984e-07,0,1
1.000000e+00,6.666943e-02,9.897989e-01,3.825422e-03,1.056588e-01,2.811874e-04,6.925835e-01,9.471785e-03,2.039305e-05,1.169881e-01,9.112040e-04,1.658393e-06,5.060937e-01,1.493693e-02,8.478649e-05,1.350508e-07,2,55
1.000000e+00,6.825817e-02,9.894001e-01,3.974951e-03,1.081522e-01,2.946733e-04,6.917372e-01,9.840860e-03,2.144859e-05,1.197032e-01,9.548777e-04,1.743032e-06,5.048360e-01,1.551615e-02,8.917986e-05,1.412816e-07,3,76
1.000000e+00,6.633329e-02,9.898506e-01,3.806033e-03,1.051259e-01,2.798173e-04,6.926933e-01,9.423853e-03,2.027313e-05,1.163976e-01,9.067986e-04,1.643994e-06,5.062573e-01,1.486150e-02,8.429454e-05,1.332178e-07,0,65
1.000000e+00,6.791381e-02,9.894676e-01,3.949665e-03,1.076098e-01,2.923069e-04,6.918799e-01,9.778693e-03,2.121544e-05,1.191086e-01,9.472709e-04,1.717777e-06,5.050471e-01,1.541916e-02,8.821714e-05,1.387028e-07,0,104
1.000000e+00,6.747404e-02,9.895046e-01,3.935763e-03,1.068992e-01,2.942506e-04,6.919629e-01,9.741866e-03,2.167584e-05,1.182968e-01,9.532591e-04,1.786216e-06,5.051801e-01,1.535541e-02,9.009781e-05,1.469860e-07,0,6
1.000000e+00,6.473896e-02,9.903113e-01,3.633246e-03,1.026395e-01,2.618896e-04,6.936681e-01,8.999233e-03,1.864051e-05,1.137196e-01,8.489786e-04,1.487707e-06,5.076988e-01,1.419949e-02,7.752949e-05,1.188541e-07,0,51
1.000000e+00,6.872839e-02,9.891529e-01,4.067652e-03,1.088574e-01,3.077814e-04,6.912187e-01,1.006604e-02,2.290854e-05,1.204099e-01,9.968926e-04,1.905225e-06,5.040794e-01,1.586097e-02,9.520411e-05,1.580890e-07,1,98
1.000000e+00,6.791152e-02,9.893682e-01,3.986913e-03,1.075785e-01,2.999770e-04,6.916750e-01,9.867158e-03,2.225007e-05,1.190232e-01,9.716646e-04,1.847665e-06,5.047559e-01,1.554978e-02,9.246889e-05,1.533444e-07,1,80
1.000000e+00,6.527107e-02,9.902054e-01,3.672979e-03,1.034842e-01,2.637664e-04,6.934408e-01,9.098739e-03,1.860193e-05,1.146568e-01,8.552475e-04,1.464445e-06,5.073555e-01,1.435905e-02,7.739222e-05,1.149858e-07,0,71
1.000000e+00,6.262143e-02,9.908981e-01,3.413215e-03,9.933172e-02,2.396008e-04,6.949100e-01,8.458145e-03,1.664298e-05,1.101465e-01,7.770668e-04,1.298210e-06,5.095368e-01,1.335503e-02,6.925114e-05,1.014654e-07,1,78
1.000000e+00,6.626676e-02,9.899141e-01,3.782229e-03,1.050351e-01,2.754645e-04,6.928251e-01,9.366849e-03,1.971635e-05,1.163241e-01,8.929195e-04,1.576782e-06,5.064464e-01,1.477618e-02,8.200303e-05,1.258779e-07,0,90
1.000000e+00,6.604900e-02,9.900035e-01,3.748681e-03,1.047007e-01,2.715762e-04,6.930140e-01,9.284571e-03,1.936237e-05,1.159737e-01,8.803636e-04,1.545731e-06,5.067252e-01,1.464832e-02,8.053153e-05,1.235061e-07,3,57
1.000000e+00,6.768811e-02,9.894854e-01,3.942956e-03,1.072456e-01,2.931456e-04,6.919197e-01,9.761042e-03,2.141079e-05,1.186936e-01,9.498618e-04,1.746038e-06,5.051105e-01,1.538887e-02,8.901639e-05,1.420201e-07,0,20
1.000000e+00,6.599985e-02,9.899551e-01,3.766847e-03,1.046106e-01,2.747664e-04,6.929129e-01,9.328438e-03,1.970670e-05,1.158512e-01,8.906188e-04,1.579735e-06,5.065786e-01,1.471484e-02,8.195877e-05,1.264632e-07,2,57
1.000000e+00,6.824073e-02,9.893474e-01,3.994734e-03,1.081127e-01,2.979057e-04,6.916268e-01,9.888740e-03,2.179918e-05,1.196373e-01,9.652587e-04,1.779341e-06,5.046757e-01,1.558903e-02,9.063026e-05,1.447312e-07,2,103
1.000000e+00,6.870689e-02,9.891532e-01,4.067547e-03,1.088255e-01,3.070878e-04,6.912182e-01,1.006645e-02,2.275959e-05,1.203784e-01,9.947461e-04,1.882537e-06,5.040760e-01,1.586318e-02,9.459660e-05,1.552647e-07,2,88
1.000000e+00,6.560230e-02,9.900851e-01,3.718085e-03,1.039914e-01,2.700821e-04,6.931887e-01,9.208172e-03,1.934250e-05,1.151859e-01,8.754457e-04,1.550897e-06,5.069882e-01,1.452631e-02,8.044314e-05,1.242740e-07,0,82
1.000000e+00,6.426153e-02,9.904664e-01,3.575089e-03,1.018997e-01,2.552128e-04,6.939953e-01,8.856805e-03,1.798179e-05,1.129315e-01,8.274941e-04,1.420458e-06,5.081809e-01,1.397861e-02,7.480459e-05,1.123305e-07,3,50
1.000000e+00,6.543492e-02,9.900817e-01,3.719368e-03,1.037174e-01,2.717935e-04,6.931834e-01,9.210200e-03,1.960468e-05,1.148665e-01,8.808686e-04,1.583518e-06,5.069846e-01,1.452678e-02,8.152175e-05,1.277974e-07,0,35
1.000000e+00,6.433176e-02,9.904476e-01,3.582162e-03,1.020068e-01,2.566697e-04,6.939565e-01,8.873566e-03,1.818625e-05,1.130425e-01,8.321240e-04,1.445748e-06,5.081258e-01,1.400327e-02,7.564596e-05,1.150474e-07,1,85
1.000000e+00,6.699504e-02,9.897099e-01,3.858805e-03,1.061730e-01,2.830643e-04,6.923924e-01,9.555411e-03,2.035569e-05,1.175536e-01,9.174934e-04,1.631426e-06,5.058051e-01,1.507105e-02,8.466053e-05,1.302146e-07,0,89
1.000000e+00,6.657089e-02,9.897709e-01,3.835896e-03,1.054930e-01,2.834558e-04,6.925255e-01,9.496855e-03,2.064081e-05,1.167864e-01,9.185047e-04,1.680951e-06,5.060106e-01,1.497439e-02,8.581698e-05,1.366254e-07,2,56
1.000000e+00,6.951695e-02,9.889133e-01,4.157529e-03,1.100830e-01,3.178037e-04,6.907127e-01,1.028629e-02,2.389528e-05,1.217223e-01,1.029136e-03,2.007313e-06,5.033335e-01,1.620289e-02,9.928356e-05,1.682190e-07,1,79
1.000000e+00,6.538305e-02,9.901252e-01,3.703059e-03,1.036462e-01,2.685328e-04,6.932731e-01,9.171457e-03,1.915334e-05,1.148076e-01,8.705135e-04,1.525511e-06,5.071122e-01,1.446955e-02,7.966877e-05,1.211353e-07,0,69
1.000000e+00,6.371051e-02,9.905822e-01,3.531675e-03,1.010311e-01,2.515918e-04,6.942410e-01,8.749670e-03,1.767039e-05,1.119784e-01,8.158205e-04,1.388000e-06,5.085459e-01,1.381050e-02,7.351923e-05,1.088158e-07,2,96
1.000000e+00,6.509367e-02,9.902138e-01,3.669837e-03,1.031920e-01,2.660790e-04,6.934622e-01,9.088830e-03,1.905798e-05,1.143133e-01,8.624597e-04,1.529791e-06,5.073956e-01,1.433841e-02,7.925768e-05,1.227856e-07,0,87
1.000000e+00,6.717744e-02,9.896859e-01,3.867804e-03,1.064614e-01,2.840225e-04,6.923421e-01,9.577255e-03,2.050095e-05,1.178718e-01,9.205072e-04,1.653827e-06,5.057317e-01,1.510448e-02,8.525142e-05,1.332152e-07,0,21
1.000000e+00,6.674122e-02,9.897497e-01,3.843858e-03,1.057667e-01,2.831322e-04,6.924790e-01,9.517360e-03,2.050807e-05,1.170963e-01,9.175654e-04,1.658984e-06,5.059382e-01,1.500858e-02,8.527738e-05,1.338306e-07,0,46
1.000000e+00,6.675584e-02,9.897370e-01,3.848610e-03,1.057896e-01,2.832757e-04,6.924516e-01,9.529400e-03,2.047237e-05,1.171210e-01,9.180796e-04,1.650816e-06,5.058963e-01,1.502821e-02,8.513480e-05,1.326809e-07,1,89
1.000000e+00,6.708038e-02,9.896999e-01,3.862524e-03,1.063100e-01,2.829379e-04,6.923708e-01,9.564937e-03,2.030490e-05,1.177084e-01,9.171244e-04,1.623253e-06,5.057716e-01,1.508682e-02,8.445381e-05,1.291810e-07,1,60
1.000000e+00,6.395218e-02,9.905994e-01,3.525236e-03,1.014279e-01,2.487819e-04,6.942749e-01,8.735276e-03,1.729188e-05,1.124432e-01,8.068615e-04,1.344511e-06,5.085905e-01,1.379148e-02,7.195758e-05,1.044252e-07,1,37
1.000000e+00,6.771380e-02,9.895454e-01,3.920487e-03,1.073006e-01,2.892923e-04,6.920448e-01,9.706820e-03,2.097739e-05,1.187809e-01,9.375037e-04,1.699675e-06,5.052916e-01,1.530671e-02,8.722521e-05,1.374727e-07,1,76
1.000000e+00,6.781259e-02,9.894638e-01,3.951065e-03,1.074396e-01,2.945877e-04,6.918752e-01,9.780221e-03,2.165334e-05,1.189025e-01,9.543842e-04,1.782201e-06,5.050476e-01,1.541701e-02,9.000573e-05,1.466077e-07,3,67
1.000000e+00,6.534816e-02,9.901626e-01,3.689037e-03,1.035951e-01,2.672021e-04,6.933528e-01,9.136674e-03,1.909336e-05,1.147592e-01,8.661444e-04,1.528132e-06,5.072312e-01,1.441457e-02,7.940955e-05,1.222769e-07,0,44
1.000000e+00,6.905052e-02,9.890937e-01,4.089865e-03,1.093699e-01,3.085879e-04,6.910913e-01,1.012187e-02,2.284330e-05,1.209808e-01,9.996372e-04,1.885948e-06,5.038862e-01,1.595094e-02,9.494891e-05,1.551498e-07,1,101
1.000000e+00,6.670448e-02,9.897770e-01,3.833633e-03,1.057165e-01,2.807283e-04,6.925346e-01,9.493434e-03,2.014433e-05,1.170555e-01,9.099682e-04,1.609493e-06,5.060159e-01,1.497413e-02,8.378760e-05,1.279034e-07,1,74
1.000000e+00,6.732054e-02,9.895968e-01,3.901208e-03,1.066768e-01,2.877954e-04,6.921535e-01,9.659436e-03,2.079633e-05,1.180889e-01,9.327504e-04,1.673006e-06,5.054525e-01,1.523279e-02,8.648787e-05,1.338641e-07,2,74
1.000000e+00,6.517204e-02,9.902021e-01,3.674221e-03,1.033198e-01,2.653939e-04,6.934358e-01,9.100605e-03,1.887734e-05,1.144614e-01,8.603722e-04,1.501411e-06,5.073527e-01,1.435914e-02,7.852181e-05,1.192195e-07,1,25
1.000000e+00,6.236155e-02,9.910781e-01,3.345713e-03,9.894999e-02,2.301351e-04,6.952879e-01,8.293968e-03,1.562546e-05,1.097796e-01,7.466813e-04,1.189523e-06,5.100890e-01,1.310315e-02,6.504673e-05,9.065404e-08,3,94
1.000000e+00,6.570174e-02,9.900551e-01,3.729352e-03,1.041467e-01,2.711276e-04,6.931248e-01,9.236060e-03,1.940454e-05,1.153536e-01,8.788617e-04,1.551883e-06,5.068929e-01,1.457025e-02,8.070678e-05,1.237919e-07,1,68
1.000000e+00,6.294393e-02,9.908481e-01,3.431960e-03,9.984696e-02,2.398125e-04,6.948019e-01,8.505568e-03,1.651809e-05,1.107244e-01,7.778918e-04,1.273999e-06,5.093718e-01,1.343220e-02,6.874721e-05,9.824235e-08,3,58
1.000000e+00,6.676274e-02,9.897961e-01,3.826475e-03,1.058140e-01,2.795523e-04,6.925749e-01,9.475896e-03,2.006460e-05,1.171731e-01,9.061219e-04,1.609035e-06,5.060752e-01,1.494694e-02,8.344688e-05,1.288177e-07,0,31
1.000000e+00,6.606007e-02,9.899620e-01,3.764251e-03,1.047082e-01,2.744160e-04,6.929277e-01,9.321979e-03,1.969939e-05,1.159634e-01,8.894571e-04,1.582466e-06,5.066007e-01,1.470459e-02,8.192432e-05,1.270484e-07,3,52
1.000000e+00,6.586394e-02,9.900021e-01,3.749212e-03,1.043953e-01,2.741665e-04,6.930144e-01,9.283906e-03,1.980508e-05,1.156133e-01,8.885214e-04,1.604278e-06,5.067333e-01,1.464258e-02,8.234904e-05,1.300479e-07,0,33
1.000000e+00,6.622089e-02,9.899420e-01,3.771755e-03,1.049665e-01,2.741511e-04,6.928839e-01,9.341235e-03,1.958930e-05,1.162556e-01,8.886885e-04,1.564419e-06,5.065329e-01,1.473655e-02,8.147675e-05,1.247374e-07,2,90
1.000000e+00,6.335025e-02,9.907095e-01,3.483922e-03,1.004740e-01,2.462190e-04,6.945101e-01,8.632533e-03,1.717189e-05,1.113874e-01,7.984927e-04,1.341072e-06,5.089429e-01,1.362839e-02,7.145208e-05,1.046640e-07,1,42
1.000000e+00,6.495080e-02,9.903243e-01,3.628401e-03,1.029882e-01,2.591816e-04,6.936927e-01,8.988927e-03,1.823873e-05,1.141295e-01,8.403890e-04,1.437634e-06,5.077290e-01,1.418725e-02,7.587687e-05,1.134041e-07,1,50
1.000000e+00,6.498309e-02,9.902744e-01,3.647105e-03,1.030295e-01,2.620771e-04,6.935882e-01,9.034315e-03,1.854363e-05,1.141567e-01,8.497040e-04,1.467212e-06,5.075767e-01,1.425662e-02,7.714150e-05,1.158961e-07,1,102
1.000000e+00,6.768384e-02,9.894635e-01,3.951183e-03,1.072297e-01,2.956781e-04,6.918758e-01,9.779793e-03,2.181399e-05,1.186592e-01,9.578507e-04,1.800876e-06,5.050512e-01,1.541462e-02,9.066862e-05,1.484582e-07,3,73
1.000000e+00,6.377498e-02,9.905479e-01,3.544543e-03,1.011276e-01,2.534294e-04,6.941692e-01,8.780863e-03,1.788752e-05,1.120749e-01,8.216924e-04,1.414029e-06,5.084413e-01,1.385811e-02,7.441258e-05,1.117194e-07,2,77
1.000000e+00,6.610027e-02,9.899171e-01,3.781082e-03,1.047624e-01,2.772326e-04,6.928341e-01,9.362558e-03,2.003248e-05,1.160058e-01,8.984705e-04,1.619971e-06,5.064653e-01,1.476599e-02,8.329877e-05,1.308848e-07,3,65
1.000000e+00,6.568364e-02,9.900604e-01,3.727364e-03,1.041205e-01,2.703623e-04,6.931353e-01,9.231610e-03,1.928906e-05,1.153291e-01,8.764295e-04,1.538624e-06,5.069067e-01,1.456436e-02,8.022947e-05,1.225904e-07,0,57
1.000000e+00,6.499323e-02,9.902524e-01,3.655367e-03,1.030398e-01,2.637208e-04,6.935427e-01,9.053960e-03,1.876800e-05,1.141576e-01,8.549238e-04,1.496432e-06,5.075119e-01,1.428569e-02,7.806166e-05,1.193642e-07,1,51
1.000000e+00,6.482861e-02,9.902853e-01,3.643016e-03,1.027802e-01,2.626550e-04,6.936126e-01,9.023495e-03,1.867674e-05,1.138727e-01,8.514846e-04,1.487497e-06,5.076157e-01,1.423791e-02,7.768404e-05,1.184776e-07,3,51
1.000000e+00,6.309602e-02,9.907845e-01,3.455816e-03,1.000776e-01,2.433333e-04,6.946687e-01,8.563393e-03,1.692133e-05,1.109607e-01,7.891680e-04,1.319205e-06,5.091778e-01,1.352044e-02,7.041086e-05,1.029256e-07,0,66
1.000000e+00,6.656094e-02,9.898755e-01,3.796672e-03,1.055068e-01,2.751959e-04,6.927410e-01,9.403829e-03,1.952276e-05,1.168561e-01,8.922337e-04,1.541349e-06,5.063164e-01,1.483735e-02,8.122100e-05,1.210278e-07,0,60
1.000000e+00,6.642564e-02,9.899255e-01,3.777935e-03,1.052971e-01,2.733184e-04,6.928471e-01,9.357568e-03,1.939300e-05,1.166327e-01,8.861222e-04,1.535297e-06,5.064741e-01,1.476474e-02,8.067487e-05,1.212103e-07,2,12
1.000000e+00,6.346040e-02,9.907166e-01,3.481291e-03,1.006542e-01,2.451209e-04,6.945240e-01,8.626579e-03,1.703328e-05,1.115973e-01,7.949785e-04,1.326510e-06,5.089616e-01,1.362034e-02,7.087823e-05,1.033648e-07,1,66
1.000000e+00,6.805904e-02,9.893588e-01,3.990460e-03,1.078193e-01,2.986473e-04,6.916524e-01,9.877371e-03,2.195079e-05,1.193025e-01,9.675708e-04,1.800427e-06,5.047168e-01,1.556925e-02,9.125130e-05,1.471887e-07,2,95
1.000000e+00,6.531821e-02,9.901577e-01,3.690859e-03,1.035453e-01,2.677324e-04,6.933429e-01,9.140911e-03,1.916350e-05,1.146997e-01,8.678340e-04,1.536554e-06,5.072176e-01,1.442060e-02,7.969823e-05,1.231969e-07,1,44
1.000000e+00,6.490795e-02,9.902635e-01,3.651191e-03,1.029017e-01,2.641669e-04,6.935674e-01,9.043046e-03,1.887345e-05,1.139994e-01,8.563077e-04,1.510416e-06,5.075509e-01,1.426711e-02,7.849530e-05,1.208109e-07,3,87
1.000000e+00,6.545603e-02,9.901626e-01,3.689019e-03,1.037747e-01,2.652542e-04,6.933501e-01,9.138242e-03,1.873457e-05,1.149738e-01,8.600441e-04,1.477750e-06,5.072211e-01,1.442085e-02,7.794072e-05,1.163244e-07,1,71
1.000000e+00,6.903671e-02,9.891118e-01,4.083076e-03,1.093533e-01,3.070578e-04,6.911282e-01,1.010596e-02,2.260601e-05,1.209721e-01,9.948147e-04,1.852009e-06,5.039379e-01,1.592798e-02,9.397981e-05,1.508494e-07,2,86
1.000000e+00,6.377241e-02,9.906378e-01,3.510829e-03,1.011436e-01,2.478346e-04,6.943569e-01,8.699449e-03,1.724953e-05,1.121298e-01,8.037644e-04,1.343945e-06,5.087134e-01,1.373462e-02,7.177838e-05,1.046316e-07,0,37
1.000000e+00,6.649387e-02,9.898750e-01,3.796861e-03,1.053941e-01,2.766841e-04,6.927422e-01,9.402976e-03,1.981723e-05,1.167198e-01,8.968619e-04,1.585780e-06,5.063232e-01,1.483291e-02,8.242182e-05,1.266453e-07,1,41
1.000000e+00,6.574713e-02,9.900339e-01,3.737302e-03,1.042158e-01,2.721202e-04,6.930804e-01,9.255365e-03,1.953091e-05,1.154248e-01,8.820121e-04,1.569887e-06,5.068280e-01,1.459981e-02,8.122223e-05,1.261863e-07,3,82
1.000000e+00,6.690715e-02,9.897128e-01,3.857690e-03,1.060306e-01,2.835576e-04,6.923995e-01,9.552232e-03,2.044277e-05,1.173902e-01,9.190450e-04,1.642990e-06,5.058172e-01,1.506504e-02,8.501789e-05,1.315238e-07,2,89
1.000000e+00,6.465798e-02,9.903747e-01,3.609474e-03,1.025231e-01,2.582328e-04,6.938007e-01,8.941681e-03,1.822331e-05,1.136127e-01,8.372630e-04,1.441481e-06,5.078916e-01,1.411183e-02,7.580735e-05,1.141512e-07,0,50
1.000000e+00,6.883761e-02,9.891529e-01,4.067654e-03,1.090378e-01,3.062187e-04,6.912164e-01,1.006738e-02,2.261304e-05,1.206229e-01,9.920141e-04,1.861955e-06,5.040709e-01,1.586620e-02,9.399737e-05,1.527210e-07,2,101
1.000000e+00,6.808997e-02,9.894144e-01,3.969613e-03,1.078835e-01,2.945585e-04,6.917677e-01,9.827507e-03,2.144995e-05,1.194016e-01,9.544977e-04,1.743840e-06,5.048820e-01,1.549478e-02,8.918442e-05,1.414671e-07,0,29
1.000000e+00,6.408898e-02,9.905140e-01,3.557260e-03,1.016285e-01,2.538517e-04,6.940965e-01,8.812635e-03,1.789218e-05,1.126355e-01,8.230802e-04,1.412981e-06,5.083319e-01,1.390889e-02,7.443331e-05,1.115374e-07,0,81
1.000000e+00,6.510470e-02,9.901889e-01,3.679164e-03,1.032021e-01,2.681710e-04,6.934113e-01,9.110753e-03,1.936842e-05,1.143111e-01,8.690752e-04,1.572164e-06,5.073241e-01,1.437022e-02,8.052873e-05,1.279123e-07,1,97
1.000000e+00,6.873824e-02,9.892094e-01,4.046487e-03,1.088858e-01,3.042726e-04,6.913367e-01,1.001483e-02,2.252984e-05,1.204651e-01,9.856199e-04,1.866570e-06,5.042508e-01,1.578306e-02,9.363667e-05,1.544770e-07,1,67
1.000000e+00,6.364682e-02,9.906648e-01,3.500683e-03,1.009458e-01,2.469697e-04,6.944145e-01,8.674286e-03,1.720451e-05,1.119131e-01,8.009298e-04,1.344674e-06,5.087995e-01,1.369485e-02,7.158510e-05,1.052863e-07,0,78
1.000000e+00,6.412540e-02,9.905432e-01,3.546309e-03,1.016953e-01,2.514788e-04,6.941570e-01,8.786503e-03,1.761547e-05,1.127264e-01,8.154659e-04,1.385188e-06,5.084182e-01,1.387003e-02,7.328621e-05,1.091820e-07,2,78
1.000000e+00,6.805683e-02,9.893448e-01,3.995684e-03,1.078098e-01,3.003086e-04,6.916247e-01,9.889186e-03,2.222790e-05,1.192810e-01,9.727907e-04,1.840171e-06,5.046798e-01,1.558524e-02,9.238358e-05,1.521280e-07,2,47
1.000000e+00,6.605722e-02,9.899618e-01,3.764339e-03,1.047056e-01,2.738752e-04,6.929262e-01,9.322756e-03,1.957605e-05,1.159639e-01,8.877963e-04,1.562469e-06,5.065965e-01,1.470712e-02,8.142321e-05,1.244055e-07,2,63
1.000000e+00,6.710350e-02,9.896319e-01,3.888034e-03,1.063262e-01,2.887287e-04,6.922312e-01,9.625096e-03,2.110874e-05,1.176887e-01,9.355267e-04,1.723973e-06,5.055749e-01,1.517459e-02,8.775830e-05,1.403765e-07,0,72
1.000000e+00,6.413230e-02,9.905239e-01,3.553522e-03,1.017012e-01,2.529010e-04,6.941170e-01,8.803838e-03,1.777063e-05,1.127236e-01,8.200413e-04,1.399658e-06,5.083606e-01,1.389611e-02,7.393060e-05,1.103195e-07,0,9
1.000000e+00,6.516949e-02,9.901547e-01,3.691979e-03,1.033015e-01,2.693547e-04,6.933386e-01,9.142530e-03,1.942597e-05,1.144149e-01,8.729558e-04,1.570900e-06,5.072154e-01,1.442043e-02,8.077582e-05,1.270736e-07,3,85
1.000000e+00,6.729632e-02,9.896174e-01,3.893491e-03,1.066400e-01,2.872439e-04,6.921975e-01,9.640188e-03,2.078680e-05,1.180513e-01,9.309282e-04,1.676161e-06,5.055187e-01,1.520211e-02,8.644372e-05,1.345058e-07,2,70
1.000000e+00,6.506155e-02,9.902889e-01,3.641658e-03,1.031609e-01,2.604524e-04,6.936175e-01,9.021761e-03,1.830754e-05,1.143151e-01,8.445552e-04,1.436309e-06,5.076168e-01,1.423902e-02,7.617294e-05,1.123009e-07,2,59
1.000000e+00,6.617664e-02,9.900059e-01,3.747799e-03,1.049115e-01,2.697600e-04,6.930165e-01,9.283874e-03,1.902750e-05,1.162225e-01,8.746887e-04,1.496373e-06,5.067232e-01,1.465071e-02,7.916490e-05,1.172803e-07,1,12
1.000000e+00,6.478924e-02,9.903245e-01,3.628298e-03,1.027286e-01,2.594982e-04,6.936932e-01,8.988725e-03,1.822635e-05,1.138352e-01,8.414753e-04,1.428477e-06,5.077296e-01,1.418703e-02,7.583651e-05,1.115883e-07,3,83
1.000000e+00,6.640206e-02,9.898101e-01,3.821224e-03,1.052314e-01,2.810774e-04,6.926068e-01,9.461667e-03,2.030937e-05,1.165077e-01,9.109570e-04,1.637658e-06,5.061275e-01,1.492158e-02,8.445685e-05,1.316401e-07,0,62
1.000000e+00,6.315660e-02,9.906900e-01,3.491258e-03,1.001516e-01,2.497031e-04,6.944724e-01,8.648375e-03,1.772651e-05,1.110021e-01,8.094851e-04,1.416274e-06,5.088956e-01,1.364790e-02,7.372444e-05,1.135768e-07,3,64
1.000000e+00,6.616745e-02,9.899471e-01,3.769836e-03,1.048808e-01,2.741926e-04,6.928950e-01,9.336415e-03,1.959464e-05,1.161589e-01,8.888288e-04,1.563633e-06,5.065496e-01,1.472878e-02,8.150088e-05,1.244668e-07,2,69
1.000000e+00,6.748791e-02,9.894979e-01,3.938296e-03,1.069206e-01,2.944694e-04,6.919485e-01,9.748138e-03,2.168932e-05,1.183194e-01,9.539720e-04,1.786766e-06,5.051586e-01,1.536530e-02,9.015460e-05,1.469592e-07,1,47
1.000000e+00,6.275027e-02,9.908713e-01,3.423278e-03,9.953570e-02,2.402019e-04,6.948526e-01,8.483265e-03,1.665097e-05,1.103718e-01,7.790535e-04,1.294634e-06,5.094504e-01,1.339512e-02,6.928897e-05,1.007982e-07,1,75
1.000000e+00,6.380870e-02,9.906778e-01,3.495817e-03,1.012141e-01,2.443947e-04,6.944390e-01,8.664083e-03,1.676901e-05,1.122316e-01,7.928414e-04,1.282554e-06,5.088289e-01,1.368310e-02,6.980491e-05,9.764759e-08,1,59
1.000000e+00,6.593713e-02,9.900796e-01,3.720139e-03,1.045385e-01,2.669237e-04,6.931727e-01,9.215836e-03,1.878034e-05,1.158217e-01,8.655283e-04,1.474068e-06,5.069543e-01,1.454449e-02,7.813910e-05,1.153641e-07,0,12
1.000000e+00,6.734017e-02,9.896045e-01,3.898317e-03,1.067064e-01,2.883021e-04,6.921713e-01,9.651455e-03,2.096390e-05,1.181191e-01,9.342451e-04,1.702981e-06,5.054822e-01,1.521828e-02,8.716492e-05,1.380406e-07,0,40
1.000000e+00,6.283958e-02,9.907594e-01,3.465223e-03,9.965248e-02,2.474577e-04,6.946197e-01,8.584172e-03,1.753003e-05,1.104555e-01,8.022491e-04,1.395628e-06,5.091143e-01,1.354726e-02,7.291370e-05,1.113155e-07,0,64
1.000000e+00,6.325335e-02,9.907077e-01,3.484626e-03,1.003150e-01,2.473104e-04,6.945075e-01,8.633461e-03,1.735657e-05,1.112015e-01,8.019247e-04,1.366693e-06,5.089422e-01,1.362793e-02,7.220798e-05,1.077497e-07,3,66
1.000000e+00,6.686634e-02,9.897005e-01,3.862303e-03,1.059568e-01,2.859390e-04,6.923762e-01,9.561936e-03,2.084898e-05,1.172917e-01,9.265327e-04,1.699043e-06,5.057891e-01,1.507630e-02,8.668183e-05,1.381065e-07,1,72
1.000000e+00,6.430992e-02,9.904293e-01,3.589016e-03,1.019689e-01,2.575023e-04,6.939178e-01,8.890449e-03,1.824258e-05,1.129942e-01,8.348386e-04,1.447641e-06,5.080684e-01,1.402967e-02,7.588413e-05,1.147962e-07,0,4
1.000000e+00,6.427394e-02,9.904444e-01,3.583351e-03,1.019154e-01,2.563725e-04,6.939491e-01,8.876925e-03,1.810036e-05,1.129415e-01,8.312235e-04,1.432493e-06,5.081131e-01,1.400954e-02,7.529524e-05,1.134796e-07,2,50
1.000000e+00,6.572215e-02,9.901022e-01,3.711684e-03,1.041930e-01,2.673343e-04,6.932219e-01,9.194130e-03,1.890673e-05,1.154306e-01,8.667727e-04,1.492251e-06,5.070308e-01,1.450843e-02,7.865684e-05,1.174093e-07,0,61
1.000000e+00,6.729250e-02,9.896597e-01,3.877617e-03,1.066457e-01,2.839704e-04,6.922850e-01,9.602385e-03,2.036805e-05,1.180792e-01,9.204807e-04,1.627428e-06,5.056434e-01,1.514606e-02,8.471729e-05,1.294585e-07,3,60
1.000000e+00,6.268438e-02,9.908827e-01,3.418975e-03,9.943104e-02,2.399925e-04,6.948772e-01,8.472503e-03,1.665240e-05,1.102555e-01,7.783564e-04,1.296813e-06,5.094875e-01,1.337789e-02,6.929239e-05,1.012020e-07,3,75
1.000000e+00,6.599783e-02,9.899296e-01,3.776382e-03,1.046010e-01,2.765286e-04,6.928600e-01,9.351350e-03,1.991211e-05,1.158288e-01,8.962669e-04,1.601542e-06,5.065024e-01,1.474931e-02,8.280843e-05,1.285022e-07,1,62
1.000000e+00,6.813846e-02,9.893057e-01,4.010354e-03,1.079330e-01,3.023599e-04,6.915428e-01,9.924765e-03,2.247112e-05,1.194062e-01,9.793414e-04,1.869986e-06,5.045604e-01,1.563960e-02,9.338309e-05,1.555648e-07,2,80
1.000000e+00,6.340759e-02,9.906576e-01,3.503394e-03,1.005535e-01,2.496252e-04,6.944021e-01,8.679304e-03,1.759599e-05,1.114544e-01,8.093636e-04,1.391775e-06,5.087874e-01,1.369874e-02,7.319775e-05,1.102232e-07,0,91
1.000000e+00,6.784140e-02,9.894090e-01,3.971611e-03,1.074773e-01,2.969233e-04,6.917590e-01,9.830932e-03,2.179911e-05,1.189292e-01,9.620102e-04,1.785454e-06,5.048748e-01,1.549656e-02,9.062369e-05,1.457117e-07,1,95
1.000000e+00,6.793285e-02,9.894562e-01,3.953908e-03,1.076379e-01,2.929655e-04,6.918562e-01,9.788968e-03,2.128948e-05,1.191358e-01,9.493868e-04,1.725058e-06,5.050127e-01,1.543481e-02,8.852463e-05,1.392467e-07,1,103
1.000000e+00,6.628734e-02,9.898626e-01,3.801538e-03,1.050547e-01,2.791784e-04,6.927183e-01,9.413041e-03,2.017862e-05,1.163216e-01,9.047870e-04,1.629412e-06,5.062933e-01,1.484519e-02,8.391050e-05,1.312030e-07,0,68
1.000000e+00,6.769981e-02,9.894789e-01,3.945425e-03,1.072639e-01,2.932835e-04,6.919055e-01,9.767270e-03,2.139853e-05,1.187131e-01,9.503359e-04,1.741841e-06,5.050889e-01,1.539895e-02,8.896926e-05,1.413378e-07,2,104
1.000000e+00,6.567365e-02,9.900670e-01,3.724877e-03,1.041045e-01,2.703859e-04,6.931498e-01,9.225218e-03,1.932745e-05,1.153110e-01,8.764670e-04,1.545897e-06,5.069292e-01,1.455373e-02,8.038443e-05,1.235747e-07,2,52
1.000000e+00,6.683600e-02,9.897734e-01,3.834972e-03,1.059291e-01,2.801284e-04,6.925263e-01,9.497161e-03,2.005997e-05,1.172986e-01,9.080502e-04,1.601165e-06,5.060019e-01,1.498099e-02,8.343720e-05,1.272916e-07,3,89
1.000000e+00,6.658803e-02,9.897871e-01,3.829819e-03,1.055228e-01,2.827808e-04,6.925601e-01,9.481770e-03,2.061721e-05,1.168246e-01,9.162729e-04,1.685097e-06,5.060623e-01,1.495053e-02,8.571042e-05,1.377926e-07,0,30
1.000000e+00,6.761301e-02,9.895048e-01,3.935701e-03,1.071287e-01,2.922535e-04,6.919603e-01,9.743387e-03,2.130363e-05,1.185679e-01,9.470149e-04,1.732711e-06,5.051699e-01,1.536175e-02,8.857602e-05,1.405008e-07,3,104
1.000000e+00,6.600784e-02,9.899927e-01,3.752735e-03,1.046316e-01,2.724797e-04,6.929915e-01,9.294320e-03,1.944843e-05,1.158899e-01,8.832920e-04,1.550957e-06,5.066927e-01,1.466298e-02,8.089333e-05,1.234506e-07,0,45
1.000000e+00,6.672181e-02,9.898425e-01,3.809045e-03,1.057596e-01,2.764704e-04,6.926712e-01,9.434234e-03,1.963967e-05,1.171320e-01,8.963487e-04,1.551678e-06,5.062132e-01,1.488475e-02,8.170709e-05,1.218019e-07,1,70
1.000000e+00,6.726459e-02,9.895376e-01,3.923414e-03,1.065650e-01,2.939750e-04,6.920338e-01,9.710769e-03,2.172584e-05,1.179229e-01,9.523009e-04,1.796497e-06,5.052879e-01,1.530513e-02,9.029941e-05,1.483009e-07,1,99
1.000000e+00,6.907190e-02,9.890341e-01,4.112194e-03,1.093878e-01,3.131265e-04,6.909684e-01,1.017493e-02,2.345708e-05,1.209712e-01,1.014068e-03,1.963421e-06,5.037114e-01,1.602936e-02,9.747047e-05,1.639513e-07,2,98
1.000000e+00,6.506602e-02,9.902550e-01,3.654377e-03,1.031568e-01,2.635572e-04,6.935485e-01,9.051416e-03,1.878374e-05,1.142905e-01,8.543555e-04,1.502460e-06,5.075209e-01,1.428146e-02,7.812111e-05,1.204076e-07,0,19
1.000000e+00,6.492748e-02,9.902526e-01,3.655282e-03,1.029344e-01,2.637841e-04,6.935430e-01,9.053858e-03,1.874374e-05,1.140385e-01,8.551739e-04,1.488550e-06,5.075120e-01,1.428576e-02,7.796893e-05,1.179358e-07,3,69
1.000000e+00,6.516742e-02,9.902448e-01,3.658204e-03,1.033209e-01,2.630431e-04,6.935254e-01,9.061672e-03,1.863051e-05,1.144782e-01,8.528187e-04,1.475778e-06,5.074836e-01,1.429947e-02,7.750107e-05,1.167302e-07,0,24
1.000000e+00,6.594796e-02,9.900433e-01,3.733770e-03,1.045471e-01,2.693377e-04,6.930968e-01,9.248738e-03,1.904140e-05,1.158155e-01,8.732950e-04,1.498516e-06,5.068445e-01,1.459434e-02,7.922361e-05,1.172323e-07,3,70
1.000000e+00,6.794675e-02,9.893831e-01,3.981342e-03,1.076426e-01,2.978352e-04,6.917040e-01,9.854902e-03,2.187825e-05,1.191090e-01,9.649533e-04,1.793010e-06,5.047933e-01,1.553407e-02,9.095152e-05,1.464286e-07,2,100
1.000000e+00,6.740487e-02,9.896275e-01,3.889674e-03,1.068197e-01,2.855702e-04,6.922176e-01,9.631696e-03,2.055329e-05,1.182644e-01,9.255988e-04,1.648988e-06,5.055449e-01,1.519100e-02,8.548045e-05,1.317736e-07,3,103
1.000000e+00,6.434118e-02,9.904173e-01,3.593516e-03,1.020181e-01,2.577269e-04,6.938920e-01,8.901742e-03,1.823275e-05,1.130480e-01,8.355928e-04,1.444110e-06,5.080294e-01,1.404783e-02,7.584608e-05,1.142945e-07,0,93
1.000000e+00,6.535789e-02,9.901779e-01,3.683295e-03,1.036177e-01,2.652502e-04,6.933832e-01,9.123716e-03,1.878274e-05,1.147973e-01,8.599843e-04,1.486341e-06,5.072718e-01,1.439711e-02,7.813598e-05,1.174256e-07,3,71
1.000000e+00,6.248723e-02,9.910058e-01,3.372807e-03,9.914120e-02,2.328819e-04,6.951346e-01,8.360787e-03,1.582910e-05,1.099763e-01,7.555936e-04,1.203669e-06,5.098615e-01,1.320787e-02,6.589688e-05,9.146013e-08,3,53
1.000000e+00,6.343759e-02,9.907019e-01,3.486795e-03,1.006139e-01,2.461899e-04,6.944936e-01,8.639754e-03,1.716279e-05,1.115449e-01,7.983964e-04,1.341286e-06,5.089179e-01,1.364005e-02,7.141228e-05,1.049101e-07,3,54
1.000000e+00,6.775141e-02,9.894334e-01,3.962482e-03,1.073369e-01,2.959287e-04,6.918104e-01,9.808534e-03,2.170460e-05,1.187778e-01,9.588051e-04,1.776277e-06,5.049508e-01,1.546173e-02,9.023210e-05,1.448789e-07,3,100
1.000000e+00,6.358514e-02,9.905848e-01,3.530695e-03,1.008279e-01,2.523053e-04,6.942476e-01,8.746651e-03,1.779696e-05,1.117452e-01,8.180597e-04,1.405556e-06,5.085580e-01,1.380434e-02,7.403745e-05,1.109024e-07,0,77
1.000000e+00,6.510332e-02,9.903153e-01,3.631747e-03,1.032348e-01,2.584658e-04,6.936724e-01,8.997968e-03,1.808856e-05,1.144115e-01,8.381666e-04,1.415596e-06,5.076959e-01,1.420329e-02,7.526353e-05,1.106888e-07,2,48
1.000000e+00,6.753821e-02,9.895344e-01,3.924609e-03,1.070155e-01,2.904528e-04,6.920219e-01,9.716705e-03,2.107027e-05,1.184523e-01,9.412837e-04,1.702978e-06,5.052588e-01,1.532152e-02,8.761830e-05,1.370068e-07,3,74
1.000000e+00,6.560271e-02,9.900565e-01,3.728812e-03,1.039858e-01,2.718220e-04,6.931288e-01,9.234172e-03,1.952394e-05,1.151680e-01,8.810438e-04,1.568493e-06,5.069010e-01,1.456597e-02,8.119540e-05,1.258068e-07,0,41
1.000000e+00,6.645171e-02,9.897859e-01,3.830275e-03,1.053038e-01,2.830505e-04,6.925573e-01,9.482998e-03,2.059781e-05,1.165762e-01,9.172088e-04,1.675329e-06,5.060578e-01,1.495267e-02,8.564075e-05,1.359434e-07,3,84
1.000000e+00,6.657773e-02,9.897857e-01,3.830373e-03,1.055077e-01,2.824083e-04,6.925561e-01,9.483645e-03,2.050822e-05,1.168099e-01,9.151632e-04,1.665089e-06,5.060544e-01,1.495466e-02,8.527105e-05,1.349165e-07,0,7
1.000000e+00,6.568929e-02,9.900078e-01,3.747086e-03,1.041143e-01,2.746080e-04,6.930270e-01,9.278328e-03,1.986358e-05,1.152943e-01,8.899375e-04,1.609608e-06,5.067533e-01,1.463303e-02,8.259251e-05,1.303953e-07,2,65
1.000000e+00,6.358617e-02,9.906249e-01,3.515681e-03,1.008374e-01,2.501394e-04,6.943317e-01,8.710124e-03,1.757276e-05,1.117702e-01,8.110974e-04,1.382427e-06,5.086809e-01,1.374828e-02,7.311023e-05,1.086539e-07,0,5
1.000000e+00,6.907054e-02,9.890934e-01,4.089974e-03,1.094049e-01,3.077709e-04,6.910893e-01,1.012292e-02,2.266889e-05,1.210253e-01,9.971129e-04,1.858504e-06,5.038803e-01,1.595445e-02,9.423929e-05,1.515718e-07,2,49
