4.206169e+08,2.716386e+16,4.724229e+23,6.396384e+08,5.173839e+16,1.050975e+24,7.733349e+08,8.654903e+16,2.128486e+24,3.988631e+08,2.878444e+16,5.261330e+23,3,72
2.099246e+08,6.611589e+15,5.624991e+22,3.627566e+08,1.962603e+16,2.207445e+23,3.052010e+08,1.609939e+16,1.736242e+23,1.352727e+08,4.100202e+15,3.569761e+22,3,93
1.597094e+08,3.692145e+15,2.081692e+22,2.841451e+08,8.791974e+15,7.014230e+22,2.706867e+08,1.048760e+16,8.760268e+22,1.104447e+08,2.217906e+15,1.193796e+22,0,26
1.425215e+08,3.034211e+15,1.735516e+22,2.454258e+08,8.287618e+15,5.736563e+22,2.523481e+08,9.696664e+15,7.186362e+22,1.324992e+08,3.122838e+15,1.929438e+22,3,96
1.822659e+08,5.137955e+15,3.260446e+22,2.268603e+08,7.215836e+15,4.660742e+22,2.101294e+08,7.148932e+15,4.733764e+22,7.866697e+07,1.279206e+15,5.668893e+21,1,55
1.321840e+08,2.871268e+15,1.438150e+22,1.902597e+08,4.948639e+15,2.767384e+22,1.934317e+08,6.329596e+15,3.659089e+22,9.261363e+07,1.629669e+15,7.674342e+21,3,90
2.141442e+08,7.151553e+15,6.399324e+22,3.383492e+08,1.548091e+16,1.636623e+23,3.459928e+08,1.921418e+16,2.258143e+23,1.956567e+08,6.857016e+15,6.146189e+22,1,5
1.916217e+08,5.341731e+15,3.792907e+22,3.542861e+08,1.630880e+16,1.749949e+23,4.026324e+08,2.371727e+16,2.808206e+23,2.574263e+08,1.157461e+16,1.225991e+23,0,27
1.351416e+08,2.268044e+15,8.920221e+21,2.099765e+08,5.064868e+15,2.897373e+22,1.980732e+08,5.651012e+15,3.432850e+22,8.506052e+07,1.367370e+15,5.851105e+21,0,28
2.015898e+08,6.348766e+15,5.283546e+22,3.214533e+08,1.544747e+16,1.418857e+23,3.363697e+08,1.815198e+16,1.884058e+23,1.994084e+08,6.867465e+15,5.826167e+22,0,67
1.784504e+08,4.597608e+15,3.051761e+22,2.427486e+08,7.889094e+15,5.618740e+22,2.191291e+08,7.558678e+15,5.285021e+22,1.186936e+08,2.637126e+15,1.496569e+22,3,91
1.541473e+08,3.730362e+15,1.896425e+22,2.880389e+08,1.314746e+16,1.335912e+23,3.305978e+08,1.989865e+16,2.122112e+23,2.721198e+08,1.516320e+16,1.433596e+23,0,16
2.253443e+08,6.081282e+15,4.187016e+22,3.558642e+08,1.459579e+16,1.178442e+23,3.455813e+08,1.513216e+16,1.279513e+23,1.980889e+08,6.006110e+15,4.229861e+22,3,99
1.506578e+08,3.466521e+15,2.129049e+22,2.461631e+08,8.855899e+15,6.859893e+22,2.520409e+08,1.130248e+16,9.719807e+22,1.262894e+08,3.378027e+15,2.375000e+22,3,78
1.101982e+08,1.485303e+15,4.655019e+21,1.622094e+08,2.922229e+15,1.183108e+22,1.645234e+08,3.960330e+15,1.778646e+22,1.016056e+08,1.705171e+15,7.245947e+21,2,102
1.659226e+08,3.809999e+15,2.311773e+22,2.885611e+08,1.137597e+16,9.936105e+22,2.829964e+08,1.375005e+16,1.298260e+23,1.305048e+08,3.287933e+15,2.278031e+22,0,22
1.457223e+08,2.691801e+15,1.245701e+22,2.194163e+08,5.287412e+15,3.108763e+22,2.301013e+08,7.694101e+15,4.765449e+22,1.240049e+08,2.615347e+15,1.409388e+22,1,84
1.010160e+08,1.567101e+15,6.532967e+21,1.708472e+08,3.990062e+15,2.100191e+22,1.765914e+08,5.431756e+15,3.286377e+22,9.127808e+07,1.585033e+15,7.038823e+21,2,82
1.621998e+08,3.358631e+15,1.749663e+22,2.362600e+08,6.996096e+15,4.389539e+22,2.224897e+08,6.677549e+15,4.490327e+22,1.136405e+08,2.132613e+15,1.058825e+22,3,68
1.212065e+08,2.020535e+15,8.994225e+21,1.803535e+08,4.474605e+15,2.388011e+22,1.750490e+08,4.596832e+15,2.451365e+22,1.126423e+08,2.408665e+15,1.138230e+22,3,80
1.748981e+08,4.099983e+15,2.506827e+22,2.444791e+08,7.908699e+15,5.501075e+22,2.202938e+08,7.734697e+15,5.435997e+22,1.092444e+08,2.446507e+15,1.436302e+22,1,10
1.532780e+08,3.412292e+15,1.895906e+22,2.627212e+08,9.451165e+15,6.238626e+22,2.273126e+08,7.822449e+15,5.174351e+22,1.227203e+08,2.681098e+15,1.407409e+22,0,56
1.285720e+08,2.132756e+15,9.228115e+21,2.283780e+08,5.494810e+15,3.083211e+22,2.475517e+08,7.806367e+15,4.985618e+22,1.441423e+08,3.092851e+15,1.717936e+22,1,86
1.468098e+08,3.582170e+15,2.180751e+22,2.804738e+08,1.071375e+16,9.303932e+22,2.821467e+08,1.295151e+16,1.260032e+23,1.392197e+08,3.963493e+15,2.488654e+22,1,73
1.570260e+08,2.946639e+15,1.382572e+22,2.259238e+08,5.486393e+15,3.028620e+22,2.576757e+08,8.885807e+15,6.015041e+22,1.223779e+08,2.295921e+15,1.041279e+22,1,40
2.421202e+08,7.389937e+15,5.673316e+22,3.549020e+08,1.574212e+16,1.474505e+23,3.468922e+08,1.818916e+16,1.698132e+23,1.398647e+08,3.687317e+15,2.690065e+22,2,76
1.954055e+08,4.574077e+15,2.650795e+22,2.871345e+08,9.229829e+15,6.430080e+22,2.920447e+08,1.198516e+16,8.551722e+22,1.316819e+08,2.862402e+15,1.670268e+22,0,76
1.025184e+08,1.349177e+15,3.558113e+21,1.598271e+08,3.531262e+15,1.328224e+22,1.450884e+08,3.380064e+15,1.251174e+22,6.691160e+07,8.083680e+14,2.498445e+21,2,53
1.506295e+08,3.451496e+15,1.615562e+22,2.254099e+08,7.254129e+15,4.255816e+22,2.171023e+08,7.214910e+15,4.568043e+22,9.156523e+07,1.512541e+15,5.869948e+21,1,65
2.261090e+08,8.282625e+15,8.307507e+22,3.997117e+08,2.434793e+16,2.981523e+23,3.520728e+08,2.301513e+16,2.808441e+23,2.011041e+08,8.289041e+15,8.937420e+22,0,32
2.322660e+08,8.269798e+15,7.812424e+22,3.063667e+08,1.230364e+16,1.171390e+23,3.143151e+08,1.477388e+16,1.561978e+23,1.613161e+08,4.718913e+15,3.395945e+22,3,98
1.511434e+08,3.088785e+15,1.688240e+22,2.463438e+08,7.982471e+15,5.381597e+22,2.314294e+08,8.573893e+15,6.192112e+22,1.233973e+08,3.063656e+15,1.917734e+22,0,10
2.608319e+08,8.622009e+15,7.149251e+22,3.863591e+08,1.791622e+16,1.714112e+23,3.801022e+08,1.961197e+16,2.030012e+23,1.868119e+08,5.765380e+15,4.493848e+22,2,99
2.521934e+08,9.961506e+15,7.877816e+22,3.088032e+08,1.265909e+16,1.052775e+23,2.951182e+08,1.387405e+16,1.138782e+23,1.307434e+08,2.960456e+15,1.744380e+22,3,61
1.407936e+08,2.542677e+15,9.636257e+21,1.777909e+08,3.889246e+15,1.645840e+22,1.735800e+08,4.181253e+15,1.884662e+22,8.304299e+07,1.133243e+15,4.114210e+21,3,95
1.515836e+08,3.380384e+15,1.782229e+22,1.976509e+08,5.169466e+15,2.880822e+22,1.929474e+08,5.791425e+15,3.281563e+22,9.383051e+07,1.683647e+15,7.996786e+21,0,55
2.462937e+08,9.329257e+15,9.175610e+22,3.700375e+08,2.042857e+16,2.319070e+23,3.286661e+08,1.862227e+16,2.089618e+23,1.335413e+08,3.518599e+15,2.619561e+22,2,66
1.745544e+08,4.551169e+15,3.093228e+22,2.776529e+08,1.119857e+16,9.042187e+22,2.449970e+08,9.319407e+15,7.290845e+22,1.319571e+08,3.204145e+15,1.932035e+22,3,56
1.660641e+08,3.627864e+15,1.935365e+22,2.451000e+08,7.038186e+15,4.921265e+22,2.511821e+08,9.567752e+15,7.323799e+22,9.889198e+07,1.765701e+15,8.768290e+21,2,84
1.651760e+08,3.503594e+15,1.812347e+22,2.521163e+08,7.947896e+15,4.780732e+22,2.760310e+08,1.239387e+16,7.772289e+22,1.453138e+08,3.809884e+15,2.205247e+22,2,92
1.346041e+08,2.393182e+15,1.055703e+22,1.902814e+08,4.757474e+15,2.605764e+22,1.657908e+08,3.956598e+15,2.107845e+22,7.392812e+07,1.056633e+15,3.882555e+21,2,62
1.423175e+08,2.866124e+15,1.537247e+22,2.135361e+08,5.916517e+15,3.402758e+22,1.757961e+08,4.371399e+15,2.441239e+22,8.543676e+07,1.272507e+15,5.056161e+21,0,83
2.146934e+08,6.828515e+15,5.467527e+22,2.742519e+08,9.743978e+15,8.097358e+22,2.787942e+08,1.254655e+16,1.205525e+23,1.267328e+08,3.121312e+15,2.133310e+22,1,57
1.672453e+08,3.934651e+15,2.325767e+22,2.294988e+08,6.366504e+15,3.861308e+22,2.297563e+08,8.175984e+15,5.289445e+22,1.083314e+08,2.053147e+15,1.040870e+22,3,59
1.378750e+08,2.946445e+15,1.630036e+22,2.104869e+08,6.188081e+15,4.020034e+22,1.790476e+08,5.069392e+15,3.218724e+22,8.878287e+07,1.510065e+15,7.133438e+21,0,11
8.389972e+07,1.031554e+15,3.119256e+21,1.367627e+08,2.098109e+15,7.883177e+21,1.534486e+08,3.454520e+15,1.527193e+22,9.293347e+07,1.416475e+15,5.552437e+21,0,13
1.804441e+08,5.153072e+15,3.973184e+22,2.579940e+08,1.125613e+16,9.940494e+22,2.585642e+08,1.240303e+16,1.273953e+23,1.282034e+08,3.799969e+15,3.050738e+22,1,64
2.129071e+08,6.925289e+15,6.133699e+22,3.171045e+08,1.423579e+16,1.378016e+23,3.220114e+08,1.741410e+16,1.918221e+23,1.774858e+08,5.961988e+15,5.011619e+22,1,35
2.120343e+08,6.271463e+15,4.931096e+22,3.143786e+08,1.249392e+16,1.206071e+23,2.993215e+08,1.331855e+16,1.405771e+23,1.672919e+08,4.945649e+15,3.912357e+22,0,8
1.287095e+08,2.304424e+15,1.028894e+22,2.485262e+08,6.614111e+15,4.109843e+22,2.600714e+08,8.984994e+15,6.460958e+22,1.375439e+08,2.979066e+15,1.708129e+22,0,86
1.017668e+08,1.473876e+15,5.068952e+21,1.528142e+08,2.811546e+15,1.211859e+22,1.399508e+08,2.823103e+15,1.183786e+22,6.297284e+07,7.180473e+14,2.259283e+21,1,63
2.242127e+08,7.365787e+15,6.424171e+22,2.969667e+08,1.193369e+16,1.140648e+23,2.890854e+08,1.386000e+16,1.375924e+23,1.457088e+08,4.003235e+15,3.075689e+22,2,51
1.097709e+08,1.801825e+15,6.475142e+21,1.733813e+08,4.037779e+15,1.840005e+22,1.524034e+08,3.840384e+15,1.642804e+22,5.600079e+07,5.920064e+14,1.755719e+21,3,48
1.108591e+08,1.779918e+15,7.341993e+21,1.843723e+08,4.019367e+15,2.026398e+22,1.844615e+08,5.015430e+15,2.839397e+22,9.928024e+07,1.720312e+15,7.544284e+21,0,14
1.612311e+08,3.869518e+15,2.419684e+22,2.794981e+08,1.001886e+16,8.571310e+22,2.515117e+08,9.856754e+15,8.554464e+22,1.154892e+08,2.522442e+15,1.465907e+22,1,54
1.432030e+08,3.177695e+15,1.718280e+22,2.279240e+08,7.316167e+15,5.022613e+22,1.736501e+08,4.550850e+15,2.822908e+22,7.759326e+07,1.220946e+15,5.257085e+21,1,52
9.325486e+07,1.238887e+15,4.008122e+21,1.444582e+08,2.461865e+15,9.905282e+21,1.537376e+08,3.601907e+15,1.658286e+22,6.382046e+07,7.362117e+14,2.337219e+21,0,63
1.497429e+08,3.375330e+15,1.743906e+22,2.146464e+08,5.145846e+15,3.088339e+22,2.284290e+08,6.855790e+15,4.696406e+22,1.007769e+08,1.731328e+15,8.211895e+21,3,101
1.747836e+08,4.429651e+15,2.890741e+22,2.069774e+08,5.553644e+15,3.552325e+22,2.229494e+08,7.796825e+15,5.798555e+22,1.068043e+08,2.304702e+15,1.259971e+22,2,91
2.284546e+08,7.493122e+15,6.149356e+22,3.036307e+08,1.088788e+16,9.104081e+22,2.681092e+08,1.050806e+16,9.429250e+22,1.156890e+08,2.653717e+15,1.716761e+22,3,49
1.177586e+08,1.719097e+15,6.020363e+21,1.710803e+08,3.440023e+15,1.519773e+22,1.785720e+08,4.934156e+15,2.467580e+22,1.016775e+08,1.757220e+15,7.727303e+21,0,102
1.674038e+08,3.336402e+15,1.585832e+22,2.368368e+08,6.729100e+15,3.970809e+22,2.342027e+08,7.707942e+15,5.141264e+22,1.008015e+08,1.669450e+15,7.550539e+21,1,0
1.720464e+08,4.505442e+15,3.073247e+22,2.885934e+08,1.276968e+16,1.179313e+23,2.514448e+08,1.113271e+16,9.584213e+22,1.440263e+08,4.677750e+15,3.784569e+22,0,36
1.059699e+08,1.536883e+15,5.169834e+21,1.432446e+08,2.392102e+15,9.479766e+21,1.241744e+08,1.992426e+15,7.827410e+21,6.871610e+07,8.295132e+14,2.674860e+21,0,18
1.999764e+08,6.117692e+15,4.885904e+22,2.905820e+08,1.352534e+16,1.249071e+23,2.470864e+08,1.166413e+16,1.029156e+23,1.206604e+08,3.281544e+15,1.921169e+22,2,97
2.110399e+08,6.039121e+15,4.264432e+22,2.967436e+08,1.252833e+16,1.323377e+23,3.896041e+08,2.397542e+16,2.810939e+23,2.204133e+08,1.069066e+16,8.478739e+22,2,79
2.335009e+08,7.150094e+15,5.661851e+22,2.856349e+08,1.100358e+16,1.104404e+23,3.358780e+08,1.724063e+16,1.924318e+23,1.732557e+08,6.568604e+15,5.803464e+22,3,79
1.307514e+08,2.083864e+15,8.683773e+21,2.199584e+08,4.891436e+15,2.618433e+22,2.256940e+08,6.210511e+15,3.558420e+22,1.325029e+08,2.612350e+15,1.334635e+22,3,86
2.085922e+08,6.639905e+15,5.417275e+22,2.916612e+08,1.162760e+16,9.960549e+22,3.101901e+08,1.678164e+16,1.510476e+23,1.361579e+08,3.925687e+15,3.091194e+22,1,94
1.132518e+08,1.942427e+15,7.583932e+21,1.636859e+08,3.436419e+15,1.479912e+22,1.533233e+08,3.828454e+15,1.790030e+22,5.809644e+07,6.396295e+14,1.923362e+21,1,48
2.432300e+08,8.938465e+15,8.851276e+22,3.485558e+08,1.675051e+16,1.813256e+23,3.623814e+08,1.970171e+16,2.364782e+23,1.903540e+08,6.658504e+15,5.668342e+22,0,98
2.908830e+08,1.422289e+16,1.397168e+23,3.384880e+08,1.576266e+16,1.478719e+23,3.036684e+08,1.494760e+16,1.418737e+23,1.282137e+08,3.033738e+15,1.973475e+22,1,61
1.194544e+08,2.085233e+15,9.529720e+21,2.174222e+08,6.254777e+15,3.786205e+22,2.361353e+08,8.249553e+15,5.515551e+22,1.255540e+08,2.664733e+15,1.446932e+22,0,96
2.075322e+08,5.951154e+15,4.310452e+22,2.892611e+08,1.076335e+16,8.286829e+22,2.598436e+08,1.048487e+16,8.615424e+22,1.207864e+08,2.671751e+15,1.642408e+22,2,37
1.629942e+08,3.348357e+15,1.742090e+22,2.525213e+08,7.469904e+15,5.086971e+22,2.495379e+08,9.137091e+15,6.522766e+22,1.251767e+08,2.688096e+15,1.504981e+22,0,84
1.613652e+08,3.826857e+15,2.337366e+22,2.237118e+08,7.264751e+15,5.399599e+22,2.133088e+08,8.351333e+15,6.250430e+22,1.223717e+08,3.214252e+15,1.855175e+22,0,97
9.598926e+07,1.211801e+15,3.908543e+21,1.762257e+08,3.347816e+15,1.505383e+22,2.045138e+08,5.652061e+15,2.792429e+22,1.265664e+08,2.435754e+15,1.049658e+22,0,74
1.373789e+08,2.558763e+15,1.135871e+22,2.586027e+08,7.291667e+15,5.124648e+22,2.696102e+08,1.010528e+16,7.839380e+22,1.566089e+08,4.176018e+15,2.770247e+22,1,104
9.813045e+07,1.152154e+15,2.818822e+21,1.432206e+08,1.997150e+15,6.775745e+21,1.422648e+08,2.492676e+15,9.289970e+21,7.418204e+07,8.307523e+14,2.389024e+21,1,88
1.375860e+08,2.770842e+15,1.444210e+22,2.025639e+08,5.823709e+15,3.472977e+22,2.022558e+08,6.302433e+15,3.801308e+22,9.748511e+07,1.836013e+15,8.445926e+21,0,80
2.219575e+08,7.442658e+15,6.451987e+22,3.687487e+08,1.858979e+16,1.914290e+23,3.773724e+08,2.494300e+16,2.812369e+23,1.691668e+08,5.721263e+15,5.284360e+22,0,34
1.348351e+08,2.260173e+15,9.695465e+21,2.123292e+08,5.359912e+15,2.763571e+22,2.099192e+08,6.601076e+15,3.707267e+22,1.022899e+08,1.814501e+15,8.332515e+21,1,92
1.709497e+08,4.197610e+15,2.784003e+22,2.363002e+08,7.426561e+15,5.046271e+22,2.459171e+08,9.826652e+15,8.227803e+22,1.113948e+08,2.459476e+15,1.437733e+22,0,25
1.651787e+08,3.687526e+15,2.164848e+22,2.584557e+08,7.688029e+15,5.309435e+22,3.026522e+08,1.323676e+16,1.049152e+23,1.602701e+08,4.292045e+15,2.574105e+22,0,70
2.014962e+08,5.975785e+15,4.726547e+22,3.430919e+08,1.521344e+16,1.438127e+23,2.962223e+08,1.329727e+16,1.280164e+23,1.487725e+08,4.214312e+15,3.174687e+22,0,3
1.437311e+08,2.846098e+15,1.473468e+22,2.060916e+08,5.118292e+15,2.894457e+22,2.202835e+08,7.238959e+15,4.219370e+22,1.225653e+08,2.467036e+15,1.230049e+22,0,59
2.262401e+08,7.024772e+15,5.421010e+22,3.639352e+08,2.017858e+16,1.912167e+23,3.527571e+08,1.900423e+16,1.896321e+23,1.811914e+08,5.238914e+15,3.677578e+22,2,81
2.565078e+08,1.043731e+16,8.443729e+22,3.050477e+08,1.233696e+16,9.893150e+22,2.864471e+08,1.269158e+16,1.095391e+23,1.416844e+08,3.461396e+15,2.195859e+22,2,61
1.948725e+08,6.369730e+15,5.355326e+22,2.709726e+08,1.181401e+16,9.670651e+22,2.384940e+08,1.054750e+16,9.380080e+22,1.626299e+08,5.755735e+15,4.724918e+22,2,64
1.258078e+08,2.009426e+15,7.268314e+21,1.810874e+08,3.828847e+15,1.708734e+22,1.764496e+08,4.337615e+15,2.135446e+22,7.419991e+07,9.203540e+14,3.131718e+21,0,95
1.737354e+08,3.791795e+15,2.199656e+22,2.558114e+08,7.541099e+15,4.846051e+22,2.511807e+08,8.898492e+15,6.386214e+22,1.575450e+08,3.976975e+15,2.476430e+22,0,0
2.303488e+08,7.576081e+15,5.655423e+22,2.428813e+08,6.488373e+15,4.304570e+22,2.045394e+08,5.650210e+15,3.709768e+22,1.021442e+08,2.044056e+15,1.141853e+22,1,49
1.510079e+08,3.113111e+15,1.457682e+22,2.127089e+08,5.726640e+15,2.998722e+22,1.542407e+08,3.497928e+15,1.802061e+22,6.529307e+07,8.311154e+14,2.805517e+21,3,62
1.000014e+08,1.296499e+15,3.849079e+21,1.632365e+08,3.491912e+15,1.498080e+22,1.611871e+08,4.242125e+15,1.752405e+22,8.565963e+07,1.314126e+15,4.890169e+21,0,53
2.245747e+08,6.639064e+15,4.851724e+22,3.400736e+08,1.447285e+16,1.498782e+23,3.611488e+08,2.123980e+16,2.482411e+23,2.132140e+08,8.949051e+15,9.246297e+22,1,33
1.716095e+08,3.548409e+15,1.867767e+22,2.688519e+08,8.468634e+15,6.312513e+22,2.865833e+08,1.075227e+16,8.767434e+22,1.485195e+08,3.657105e+15,2.068751e+22,0,79
1.754155e+08,4.186521e+15,2.293696e+22,2.635650e+08,8.413249e+15,5.631962e+22,2.192560e+08,7.409262e+15,4.918383e+22,9.411028e+07,1.632037e+15,7.864858e+21,0,92
1.080877e+08,1.842498e+15,8.325269e+21,1.930966e+08,5.383533e+15,3.319098e+22,2.017813e+08,7.672603e+15,5.118236e+22,8.903061e+07,1.534660e+15,6.951582e+21,1,82
1.282215e+08,2.611061e+15,1.213580e+22,1.867281e+08,4.696287e+15,2.572211e+22,1.810423e+08,5.485874e+15,2.982470e+22,7.855620e+07,1.170201e+15,4.852914e+21,1,90
8.954948e+07,1.058929e+15,2.454228e+21,1.270269e+08,2.316937e+15,8.124144e+21,1.345174e+08,3.177932e+15,1.330915e+22,4.562640e+07,4.508259e+14,1.262929e+21,2,58
1.881004e+08,4.787339e+15,2.865666e+22,2.501977e+08,7.354682e+15,5.055927e+22,2.456208e+08,8.828062e+15,6.318379e+22,1.183450e+08,2.142151e+15,1.048680e+22,0,39
1.591032e+08,3.292987e+15,1.709380e+22,2.388101e+08,7.200952e+15,4.949357e+22,2.274195e+08,6.849847e+15,5.009114e+22,1.082729e+08,2.102972e+15,1.130569e+22,2,68
1.535378e+08,3.681390e+15,2.196833e+22,2.574757e+08,9.398777e+15,6.510533e+22,2.279849e+08,8.129160e+15,5.613794e+22,1.113099e+08,2.258101e+15,1.225243e+22,2,71
3.078961e+08,1.506402e+16,1.983978e+23,4.317365e+08,2.970893e+16,4.319704e+23,3.369764e+08,2.092161e+16,2.905753e+23,1.479541e+08,4.965249e+15,4.727268e+22,0,17
1.392814e+08,3.025015e+15,1.748994e+22,2.682710e+08,1.050963e+16,8.183551e+22,2.635086e+08,1.083018e+16,8.725394e+22,1.216055e+08,2.747953e+15,1.694012e+22,1,96
1.254208e+08,2.257818e+15,1.011613e+22,2.191960e+08,5.514223e+15,3.162498e+22,2.409613e+08,8.602184e+15,5.870401e+22,1.298373e+08,2.805360e+15,1.445526e+22,3,77
2.265877e+08,8.185027e+15,7.649220e+22,3.207290e+08,1.568145e+16,1.585975e+23,3.185390e+08,1.845596e+16,1.904430e+23,1.493661e+08,4.407408e+15,3.585937e+22,2,75
1.133080e+08,1.825135e+15,7.354049e+21,1.625887e+08,3.206774e+15,1.392280e+22,1.619949e+08,4.289703e+15,2.166524e+22,6.351567e+07,7.754370e+14,2.647568e+21,3,63
2.310770e+08,8.410427e+15,7.859360e+22,3.491879e+08,1.813247e+16,1.911160e+23,3.614647e+08,2.139123e+16,2.457289e+23,2.225744e+08,8.687441e+15,8.166115e+22,2,67
1.712890e+08,4.249199e+15,2.758896e+22,2.405553e+08,8.781692e+15,6.989714e+22,2.065929e+08,7.869314e+15,6.261812e+22,1.181524e+08,3.216558e+15,1.916213e+22,3,97
1.811087e+08,4.719162e+15,3.289671e+22,2.730300e+08,9.854147e+15,7.663061e+22,2.757906e+08,1.270566e+16,1.027467e+23,1.398476e+08,3.836445e+15,2.356428e+22,0,73
2.122115e+08,6.966609e+15,5.935702e+22,3.024953e+08,1.287624e+16,1.193974e+23,2.792742e+08,1.369928e+16,1.225385e+23,1.346240e+08,3.953154e+15,3.203913e+22,2,94
2.234842e+08,7.626674e+15,7.057647e+22,3.186990e+08,1.504187e+16,1.565199e+23,3.251353e+08,1.943184e+16,2.193952e+23,1.667496e+08,5.712104e+15,5.113075e+22,1,87
1.059012e+08,1.825193e+15,7.361176e+21,1.439263e+08,2.487772e+15,9.942292e+21,1.402525e+08,2.729157e+15,1.154933e+22,6.888568e+07,7.769555e+14,2.299152e+21,0,15
1.711451e+08,4.715839e+15,3.569716e+22,2.636645e+08,1.125595e+16,1.070914e+23,2.451477e+08,1.167035e+16,1.142858e+23,1.167020e+08,3.066084e+15,2.278478e+22,0,38
5.385253e+08,4.847158e+16,1.189319e+24,8.895786e+08,1.154178e+17,3.669461e+24,8.708071e+08,1.198060e+17,3.821798e+24,4.206246e+08,3.878062e+16,9.452037e+23,2,72
1.032014e+08,1.546116e+15,5.385078e+21,1.531200e+08,3.033192e+15,1.301713e+22,1.626583e+08,4.425023e+15,2.037992e+22,5.657227e+07,6.207585e+14,1.909973e+21,0,48
2.444829e+08,7.687014e+15,6.174448e+22,4.099032e+08,2.069721e+16,2.053180e+23,4.078153e+08,2.283513e+16,2.328065e+23,2.090600e+08,7.141278e+15,5.649681e+22,0,99
1.329573e+08,2.547330e+15,1.283006e+22,1.908023e+08,4.161822e+15,2.254367e+22,1.606984e+08,3.210710e+15,1.597450e+22,1.085611e+08,1.716636e+15,7.110896e+21,0,100
1.263230e+08,2.300672e+15,1.072393e+22,2.098841e+08,4.976437e+15,2.928051e+22,2.039989e+08,5.840157e+15,3.638796e+22,1.141617e+08,2.265481e+15,1.165711e+22,2,60
2.314438e+08,7.500352e+15,6.505253e+22,3.559248e+08,1.607710e+16,1.614711e+23,3.870594e+08,2.207699e+16,2.588095e+23,2.283230e+08,9.469193e+15,8.896111e+22,0,23
1.870553e+08,4.715076e+15,2.859921e+22,2.606273e+08,7.666440e+15,5.056477e+22,2.138556e+08,6.029130e+15,3.796314e+22,9.900319e+07,1.829569e+15,9.432962e+21,0,49
2.039602e+08,6.233286e+15,4.770873e+22,3.023266e+08,1.255384e+16,1.076570e+23,2.893314e+08,1.463095e+16,1.318668e+23,1.125553e+08,2.685295e+15,1.815827e+22,0,94
1.543762e+08,3.637833e+15,2.297943e+22,2.138266e+08,6.818397e+15,5.025039e+22,2.088299e+08,8.037342e+15,6.210814e+22,1.022337e+08,2.295182e+15,1.454628e+22,1,38
1.684064e+08,3.569660e+15,1.778151e+22,2.403176e+08,7.083312e+15,4.056572e+22,2.475142e+08,9.793193e+15,5.825824e+22,1.222258e+08,2.686399e+15,1.391685e+22,3,92
2.522539e+08,9.057584e+15,7.392061e+22,3.823955e+08,2.206134e+16,1.955862e+23,3.725634e+08,2.180072e+16,2.102660e+23,1.762143e+08,5.012496e+15,3.661169e+22,3,81
1.169911e+08,1.830893e+15,6.812465e+21,1.916494e+08,4.083596e+15,2.005827e+22,1.843342e+08,4.409906e+15,2.261312e+22,9.412434e+07,1.423359e+15,5.661625e+21,0,88
2.422973e+08,8.301741e+15,6.681684e+22,4.248870e+08,2.812313e+16,2.852388e+23,3.784653e+08,2.309849e+16,2.305947e+23,2.026999e+08,6.498563e+15,4.843115e+22,1,81
1.519225e+08,3.626112e+15,2.160235e+22,2.153355e+08,6.023560e+15,4.183019e+22,2.152472e+08,7.432542e+15,5.576758e+22,1.058220e+08,2.277012e+15,1.376360e+22,1,69
1.548794e+08,3.706361e+15,2.316540e+22,2.654879e+08,8.847013e+15,7.097866e+22,2.504917e+08,9.693175e+15,8.345746e+22,1.153134e+08,2.423925e+15,1.358569e+22,0,54
1.611499e+08,3.817621e+15,2.412458e+22,2.679314e+08,1.044971e+16,8.130603e+22,2.525868e+08,1.016351e+16,7.975539e+22,1.270125e+08,2.961657e+15,1.770747e+22,1,56
1.713346e+08,3.669041e+15,1.856041e+22,2.683728e+08,9.689303e+15,6.695866e+22,2.531129e+08,9.473766e+15,6.893552e+22,1.360745e+08,3.174228e+15,1.844412e+22,0,85
2.564577e+08,9.640617e+15,9.492367e+22,3.599617e+08,1.719549e+16,1.924146e+23,3.916774e+08,2.444332e+16,3.070227e+23,2.120787e+08,8.575383e+15,8.478946e+22,3,47
7.509783e+07,6.944188e+14,1.244416e+21,1.005136e+08,1.339344e+15,3.742541e+21,1.059174e+08,1.819695e+15,5.768054e+21,4.397077e+07,3.579924e+14,8.039907e+20,0,58
1.631599e+08,4.040100e+15,2.587376e+22,2.837007e+08,1.006179e+16,8.406335e+22,2.556509e+08,1.024806e+16,8.870495e+22,1.157655e+08,2.519752e+15,1.435790e+22,2,54
1.599239e+08,3.683562e+15,1.893390e+22,1.991155e+08,5.303135e+15,2.817397e+22,1.854466e+08,5.338821e+15,2.948163e+22,8.551359e+07,1.446401e+15,6.350194e+21,3,55
8.057837e+07,7.927639e+14,1.627044e+21,1.157935e+08,1.879861e+15,5.730511e+21,1.249353e+08,2.660565e+15,9.809111e+21,5.133918e+07,5.079888e+14,1.353237e+21,1,58
2.596903e+08,1.135830e+16,1.245512e+23,3.787078e+08,2.212838e+16,3.013080e+23,3.971092e+08,2.712191e+16,4.137865e+23,2.351365e+08,1.042914e+16,1.160939e+23,0,2
1.206136e+08,1.851534e+15,6.938103e+21,2.074461e+08,5.246641e+15,2.570206e+22,2.073586e+08,6.063041e+15,3.137603e+22,1.013584e+08,1.521486e+15,5.827362e+21,1,46
1.394906e+08,2.946157e+15,1.484905e+22,2.259796e+08,5.835205e+15,3.800360e+22,2.171353e+08,5.917891e+15,3.784141e+22,1.131499e+08,2.017631e+15,9.690313e+21,0,101
1.432847e+08,2.825953e+15,1.500368e+22,2.047179e+08,5.258899e+15,3.251160e+22,1.764560e+08,4.227328e+15,2.533667e+22,8.708217e+07,1.417914e+15,5.754272e+21,0,43
1.735859e+08,4.145544e+15,2.526536e+22,2.707212e+08,9.753466e+15,7.625911e+22,3.006594e+08,1.363117e+16,1.211666e+23,1.128691e+08,2.282842e+15,1.249094e+22,0,42
2.062084e+08,6.224862e+15,5.008052e+22,3.387402e+08,1.681268e+16,1.650549e+23,2.909314e+08,1.407139e+16,1.323416e+23,1.391265e+08,3.945762e+15,3.120527e+22,2,93
1.008121e+08,1.511217e+15,5.208634e+21,2.131450e+08,5.420330e+15,3.172612e+22,1.981595e+08,5.600834e+15,3.321952e+22,1.117132e+08,2.108826e+15,1.010484e+22,0,103
1.993255e+08,4.900349e+15,2.641609e+22,2.956847e+08,1.232314e+16,8.898363e+22,2.821990e+08,1.127308e+16,8.883602e+22,1.275571e+08,3.046525e+15,1.729487e+22,2,85
1.276525e+08,2.328906e+15,1.051978e+22,2.328213e+08,6.652324e+15,4.318925e+22,2.380528e+08,8.313492e+15,5.722131e+22,1.298622e+08,2.800935e+15,1.438608e+22,1,77
1.634824e+08,3.814374e+15,2.334499e+22,2.676111e+08,9.948787e+15,7.562811e+22,2.308077e+08,8.342566e+15,6.387872e+22,1.199652e+08,2.684122e+15,1.530973e+22,1,91
1.937651e+08,5.900033e+15,4.655118e+22,2.844413e+08,1.169726e+16,1.117198e+23,3.102842e+08,1.775251e+16,2.035057e+23,2.190820e+08,9.729458e+15,9.361247e+22,2,87
1.321163e+08,2.505091e+15,1.266430e+22,2.119889e+08,5.781611e+15,3.603691e+22,2.001744e+08,5.740635e+15,3.843354e+22,1.003152e+08,1.878655e+15,8.984084e+21,1,43
1.104561e+08,1.680226e+15,6.161485e+21,1.867055e+08,3.830153e+15,1.881074e+22,1.819983e+08,4.464089e+15,2.474404e+22,1.046859e+08,1.801290e+15,7.880541e+21,3,88
2.255942e+08,7.321366e+15,5.242591e+22,2.974127e+08,1.141850e+16,9.434354e+22,2.422645e+08,9.588051e+15,7.220517e+22,1.025218e+08,2.112772e+15,1.229074e+22,1,45
1.210894e+08,1.893508e+15,7.040612e+21,1.837574e+08,3.980225e+15,1.886982e+22,1.848202e+08,5.145347e+15,2.735602e+22,9.522929e+07,1.548081e+15,6.711112e+21,3,102
1.264536e+08,2.453046e+15,1.131062e+22,2.110127e+08,6.064224e+15,3.822877e+22,1.764231e+08,4.987181e+15,2.862195e+22,7.552115e+07,1.140433e+15,4.659176e+21,0,52
1.100694e+08,1.552446e+15,4.845940e+21,1.490240e+08,3.062411e+15,1.114333e+22,1.542718e+08,3.894777e+15,1.599160e+22,7.582415e+07,1.059840e+15,3.723937e+21,1,53
2.028726e+08,6.117766e+15,4.769348e+22,3.536218e+08,1.711591e+16,1.732560e+23,3.208594e+08,1.719421e+16,1.716803e+23,1.465303e+08,4.172162e+15,3.248153e+22,1,34
1.252705e+08,2.225709e+15,1.039609e+22,1.854950e+08,3.905630e+15,2.095451e+22,1.620370e+08,3.339103e+15,1.692999e+22,1.068079e+08,1.714503e+15,7.189177e+21,1,100
1.784584e+08,4.773846e+15,3.462333e+22,3.029304e+08,1.314517e+16,1.282491e+23,2.893479e+08,1.432109e+16,1.367483e+23,1.630398e+08,5.303220e+15,4.478438e+22,1,93
2.169904e+08,7.759288e+15,7.540724e+22,3.432314e+08,1.720643e+16,1.972570e+23,3.262800e+08,1.923447e+16,2.327485e+23,1.199653e+08,3.329036e+15,2.500048e+22,2,73
1.775145e+08,4.608255e+15,3.110477e+22,2.523439e+08,9.021283e+15,6.630544e+22,2.778491e+08,1.346654e+16,1.090607e+23,1.415273e+08,3.659616e+15,2.488376e+22,0,75
1.536279e+08,3.301058e+15,1.886429e+22,2.362764e+08,7.744330e+15,5.311983e+22,1.919889e+08,5.603401e+15,3.475291e+22,1.002817e+08,1.830865e+15,9.037576e+21,2,83
1.281400e+08,2.287553e+15,1.087542e+22,2.080125e+08,5.674766e+15,3.283973e+22,1.864189e+08,5.027988e+15,2.905673e+22,9.370684e+07,1.530302e+15,6.629323e+21,1,83
2.248531e+08,7.215594e+15,5.964724e+22,3.303064e+08,1.361924e+16,1.336385e+23,3.530855e+08,1.917275e+16,2.144835e+23,1.781890e+08,5.962395e+15,5.137334e+22,0,47
1.566946e+08,4.152402e+15,2.639178e+22,2.651919e+08,1.070119e+16,1.023706e+23,2.892170e+08,1.533952e+16,1.620761e+23,1.972754e+08,8.629214e+15,8.890719e+22,1,36
1.186500e+08,1.857719e+15,7.491131e+21,1.796548e+08,3.548655e+15,1.751708e+22,2.053966e+08,6.331606e+15,3.526996e+22,1.180644e+08,2.485474e+15,1.254307e+22,0,1
1.855933e+08,5.302107e+15,3.306640e+22,2.295919e+08,7.304999e+15,4.741846e+22,2.018712e+08,6.564541e+15,4.292533e+22,9.519366e+07,1.812653e+15,9.209738e+21,2,55
2.037683e+08,4.863118e+15,2.999094e+22,2.933253e+08,9.985136e+15,7.387908e+22,3.418440e+08,1.700261e+16,1.448872e+23,1.452509e+08,3.638841e+15,2.238281e+22,3,76
1.598665e+08,3.847898e+15,1.904874e+22,2.175073e+08,6.894983e+15,4.359608e+22,2.330435e+08,8.550908e+15,6.012407e+22,9.224614e+07,1.606837e+15,6.259181e+21,0,65
1.687954e+08,4.008893e+15,2.269977e+22,2.964327e+08,9.961349e+15,7.891947e+22,2.921852e+08,1.236987e+16,1.088090e+23,1.359219e+08,3.223785e+15,2.089281e+22,0,104
1.789954e+08,4.377109e+15,2.780126e+22,3.060216e+08,1.209884e+16,1.116254e+23,3.013195e+08,1.400471e+16,1.398365e+23,1.625725e+08,4.822095e+15,3.470483e+22,0,6
1.896952e+08,5.382215e+15,4.058243e+22,2.888440e+08,1.113888e+16,9.843022e+22,2.933188e+08,1.398012e+16,1.361663e+23,1.499743e+08,4.084904e+15,2.989967e+22,0,51
2.138856e+08,6.665692e+15,5.517002e+22,3.071156e+08,1.241935e+16,1.159113e+23,3.448204e+08,1.821745e+16,1.843630e+23,2.021091e+08,7.124689e+15,5.360777e+22,1,98
1.213657e+08,1.974990e+15,8.360710e+21,1.666638e+08,3.624973e+15,1.791463e+22,1.655694e+08,4.007486e+15,2.027234e+22,9.484677e+07,1.682241e+15,7.112295e+21,1,80
1.308773e+08,2.582935e+15,1.300501e+22,2.121903e+08,5.665052e+15,3.255929e+22,1.782793e+08,4.440805e+15,2.302742e+22,1.114689e+08,2.016361e+15,9.663397e+21,0,71
1.297508e+08,2.816197e+15,1.595034e+22,2.298322e+08,8.096043e+15,6.523166e+22,2.585192e+08,1.255112e+16,1.135648e+23,1.652448e+08,5.606226e+15,4.697149e+22,1,78
1.283667e+08,2.642997e+15,1.200275e+22,1.835879e+08,4.544860e+15,2.360221e+22,1.782866e+08,5.321035e+15,2.664555e+22,7.974460e+07,1.182140e+15,4.854096e+21,0,90
2.263758e+08,7.456842e+15,6.075282e+22,2.876995e+08,1.075171e+16,9.125338e+22,3.054853e+08,1.528288e+16,1.548993e+23,1.369414e+08,3.652116e+15,2.714881e+22,3,57
1.009092e+08,1.577888e+15,5.250469e+21,1.967638e+08,4.280350e+15,2.223658e+22,1.749417e+08,4.099416e+15,2.385012e+22,9.839697e+07,1.649175e+15,7.496169e+21,0,20
2.133660e+08,6.876215e+15,5.523590e+22,3.187605e+08,1.395600e+16,1.381830e+23,2.989681e+08,1.472435e+16,1.531203e+23,1.390722e+08,3.679705e+15,2.716363e+22,2,57
1.268843e+08,2.470420e+15,1.177291e+22,2.345191e+08,6.872600e+15,4.548552e+22,2.244200e+08,7.463958e+15,5.102939e+22,1.154566e+08,2.379695e+15,1.303307e+22,2,103
1.079872e+08,1.400459e+15,3.725175e+21,1.669652e+08,2.998060e+15,1.129911e+22,1.468770e+08,2.651637e+15,1.029141e+22,7.675020e+07,8.763843e+14,2.622254e+21,2,88
1.022772e+08,1.625407e+15,6.938122e+21,1.824063e+08,4.708477e+15,2.798988e+22,1.929319e+08,6.322004e+15,4.301639e+22,7.983552e+07,1.299601e+15,5.467300e+21,0,82
1.577342e+08,4.089691e+15,2.478000e+22,2.017415e+08,5.633635e+15,3.530452e+22,1.967362e+08,6.560147e+15,4.394951e+22,9.096880e+07,1.658267e+15,8.192046e+21,3,50
2.149118e+08,6.583310e+15,4.975350e+22,2.892366e+08,1.169984e+16,9.787804e+22,2.578624e+08,1.083810e+16,9.726200e+22,1.529042e+08,4.421656e+15,3.229954e+22,0,35
2.320890e+08,6.720258e+15,4.035058e+22,3.373082e+08,1.691461e+16,1.534810e+23,3.105067e+08,1.453451e+16,1.281711e+23,1.554139e+08,4.657482e+15,3.303359e+22,1,85
1.637017e+08,3.896289e+15,2.280660e+22,2.426054e+08,6.895442e+15,4.526058e+22,2.194603e+08,6.275679e+15,3.883777e+22,9.175737e+07,1.505957e+15,6.679938e+21,0,89
1.480885e+08,3.200579e+15,1.712542e+22,2.530379e+08,8.949566e+15,6.021981e+22,2.441841e+08,9.168253e+15,6.613273e+22,1.196985e+08,2.624838e+15,1.394276e+22,2,56
2.035413e+08,5.466798e+15,3.663439e+22,2.869324e+08,1.076581e+16,1.015588e+23,3.811715e+08,2.210480e+16,2.367498e+23,2.038561e+08,8.601886e+15,6.669732e+22,1,79
1.293749e+08,2.535005e+15,1.244819e+22,2.218754e+08,6.638378e+15,4.406228e+22,2.301660e+08,8.454564e+15,6.245544e+22,1.185245e+08,2.763030e+15,1.731076e+22,0,69
1.467811e+08,3.283905e+15,1.983057e+22,2.713666e+08,1.066244e+16,8.121700e+22,2.408336e+08,8.715966e+15,6.560059e+22,1.168453e+08,2.494811e+15,1.428536e+22,2,96
2.199735e+08,7.260671e+15,6.534473e+22,3.172259e+08,1.513834e+16,1.583877e+23,3.277513e+08,1.993294e+16,2.290036e+23,1.872978e+08,7.045660e+15,6.738376e+22,0,87
1.734176e+08,4.687285e+15,3.332431e+22,2.757678e+08,1.096625e+16,1.025353e+23,2.140764e+08,7.352812e+15,6.014816e+22,1.248637e+08,2.987758e+15,1.996182e+22,0,21
1.489408e+08,3.040197e+15,1.477109e+22,2.224453e+08,6.543179e+15,3.845521e+22,2.267098e+08,7.532727e+15,5.153430e+22,9.334547e+07,1.475369e+15,6.263341e+21,0,46
1.412325e+08,2.939255e+15,1.541687e+22,2.325387e+08,6.300911e+15,4.038357e+22,2.276015e+08,7.092293e+15,4.650456e+22,1.017296e+08,1.837541e+15,9.206502e+21,1,89
1.337989e+08,2.516059e+15,1.187021e+22,2.322525e+08,6.378889e+15,4.033843e+22,2.041609e+08,5.574627e+15,3.415323e+22,1.129545e+08,2.104311e+15,1.014584e+22,1,60
1.650922e+08,3.530922e+15,1.988096e+22,2.558650e+08,7.717113e+15,4.909892e+22,2.261966e+08,7.691038e+15,5.202955e+22,1.102978e+08,2.054363e+15,1.046999e+22,1,37
2.386749e+08,7.219941e+15,5.571793e+22,3.542626e+08,1.582607e+16,1.476560e+23,3.677138e+08,2.089372e+16,2.181552e+23,1.827866e+08,6.167227e+15,5.239005e+22,1,76
2.131685e+08,7.104771e+15,6.286905e+22,3.231828e+08,1.538213e+16,1.491910e+23,3.273728e+08,1.712571e+16,1.786251e+23,1.967682e+08,7.118902e+15,6.304922e+22,3,67
1.738808e+08,5.098024e+15,3.779805e+22,3.184397e+08,1.364756e+16,1.466416e+23,3.185480e+08,1.680500e+16,2.001035e+23,1.602636e+08,5.221139e+15,4.793895e+22,0,44
1.487282e+08,3.306207e+15,1.707433e+22,2.135489e+08,4.935176e+15,2.795745e+22,2.047211e+08,5.221069e+15,3.059142e+22,9.873251e+07,1.522813e+15,6.381674e+21,1,101
1.229765e+08,2.010656e+15,8.811633e+21,2.014088e+08,4.876142e+15,2.664886e+22,2.197341e+08,6.716947e+15,4.028634e+22,1.340224e+08,2.956324e+15,1.582271e+22,1,74
1.320820e+08,2.484421e+15,1.244529e+22,2.336872e+08,6.817432e+15,4.535580e+22,2.486973e+08,9.133850e+15,6.078233e+22,1.265245e+08,2.675224e+15,1.438513e+22,2,74
1.537097e+08,3.426471e+15,2.048106e+22,2.319946e+08,6.823644e+15,4.606457e+22,2.517297e+08,1.002183e+16,8.038111e+22,1.120108e+08,2.387039e+15,1.327953e+22,1,25
2.140188e+08,6.880835e+15,5.558510e+22,3.040391e+08,1.296931e+16,1.127239e+23,3.068506e+08,1.692850e+16,1.580745e+23,1.416001e+08,4.312943e+15,3.521894e+22,3,94
1.688470e+08,3.861671e+15,2.345951e+22,2.560968e+08,8.540761e+15,6.215586e+22,2.680099e+08,9.590925e+15,7.802761e+22,1.434025e+08,3.353374e+15,2.069193e+22,1,68
7.678419e+07,7.357875e+14,1.377377e+21,1.273253e+08,2.402385e+15,7.819843e+21,1.311048e+08,3.006672e+15,1.017507e+22,5.268085e+07,5.151939e+14,1.357837e+21,3,58
8.079668e+07,1.102504e+15,3.551505e+21,1.452805e+08,2.364854e+15,9.582335e+21,1.013800e+08,1.372982e+15,4.870063e+21,5.783429e+07,6.252976e+14,1.774925e+21,0,31
1.318466e+08,2.697322e+15,1.328173e+22,2.396414e+08,8.216472e+15,5.367399e+22,1.751790e+08,4.741836e+15,2.774889e+22,8.282682e+07,1.387210e+15,6.211888e+21,3,52
2.406691e+08,7.692652e+15,6.339616e+22,3.600855e+08,1.638399e+16,1.849995e+23,3.530651e+08,2.035276e+16,2.528858e+23,2.021964e+08,8.431999e+15,9.030620e+22,0,33
1.198131e+08,2.199802e+15,9.424518e+21,1.729592e+08,3.892061e+15,1.936975e+22,1.747986e+08,4.922166e+15,2.559008e+22,8.047271e+07,1.213313e+15,5.015501e+21,2,90
1.560791e+08,3.273250e+15,1.743803e+22,2.467680e+08,7.892639e+15,5.639844e+22,2.701881e+08,1.057265e+16,8.120100e+22,1.154208e+08,2.256703e+15,1.198675e+22,1,42
1.900923e+08,6.302359e+15,4.767906e+22,2.426172e+08,8.742555e+15,7.289381e+22,2.210448e+08,8.668064e+15,7.078494e+22,1.252642e+08,3.310274e+15,2.283739e+22,1,50
1.191987e+08,1.876517e+15,7.118482e+21,1.831741e+08,4.111743e+15,2.143149e+22,2.096698e+08,7.035406e+15,4.552109e+22,1.025660e+08,1.854529e+15,8.964166e+21,1,102
1.571189e+08,4.095560e+15,2.663759e+22,2.855796e+08,1.142864e+16,1.099872e+23,2.882461e+08,1.432018e+16,1.473664e+23,1.497572e+08,4.681491e+15,3.192248e+22,3,73
1.332573e+08,2.523010e+15,1.204822e+22,2.189749e+08,5.910001e+15,3.671292e+22,2.638881e+08,1.047133e+16,7.798077e+22,1.418902e+08,3.426153e+15,1.983040e+22,2,77
1.706834e+08,4.340534e+15,2.097175e+22,2.420865e+08,8.908811e+15,5.972026e+22,2.300288e+08,8.327780e+15,5.813604e+22,8.679644e+07,1.418642e+15,4.943011e+21,3,65
1.722035e+08,4.159575e+15,2.517423e+22,2.521195e+08,7.729844e+15,5.373960e+22,2.632118e+08,1.072075e+16,7.944360e+22,1.259005e+08,2.750843e+15,1.615506e+22,0,57
2.384703e+08,8.532930e+15,7.874436e+22,3.176837e+08,1.389306e+16,1.416349e+23,2.944770e+08,1.424885e+16,1.557539e+23,1.313334e+08,3.346258e+15,2.379274e+22,1,51
2.225869e+08,7.323562e+15,6.088154e+22,2.831204e+08,1.055382e+16,8.970278e+22,2.610713e+08,1.057836e+16,9.191247e+22,1.389530e+08,3.468227e+15,2.362098e+22,3,51
1.982695e+08,5.464374e+15,3.584404e+22,2.957531e+08,1.178291e+16,9.317117e+22,2.613893e+08,1.090426e+16,8.368593e+22,1.233687e+08,2.676921e+15,1.599138e+22,0,66
1.174373e+08,1.964805e+15,8.161017e+21,1.970056e+08,4.164598e+15,2.140595e+22,1.899222e+08,4.658693e+15,2.443753e+22,1.023709e+08,1.632823e+15,7.005143e+21,0,60
1.087074e+08,1.843650e+15,7.313106e+21,1.886702e+08,4.404791e+15,2.424790e+22,1.890040e+08,5.907604e+15,3.503576e+22,8.494925e+07,1.417998e+15,6.659223e+21,2,12
2.493293e+08,8.758964e+15,6.896228e+22,3.262408e+08,1.468580e+16,1.295812e+23,2.745530e+08,1.213598e+16,1.058754e+23,1.104134e+08,2.271117e+15,1.266442e+22,1,66
1.389516e+08,2.533030e+15,1.059073e+22,2.018308e+08,5.313895e+15,2.789547e+22,1.812605e+08,4.742212e+15,2.580589e+22,7.293146e+07,9.274139e+14,3.230502e+21,2,95
1.662906e+08,4.274514e+15,2.818126e+22,2.975555e+08,1.157697e+16,1.134678e+23,2.928663e+08,1.358417e+16,1.386994e+23,1.765135e+08,5.747092e+15,4.859970e+22,1,44
2.207016e+08,7.601152e+15,7.062345e+22,3.065516e+08,1.406576e+16,1.498504e+23,3.416067e+08,2.209262e+16,2.682805e+23,2.035333e+08,8.780535e+15,9.772009e+22,3,87
1.430954e+08,3.109026e+15,1.735247e+22,2.212157e+08,6.140943e+15,3.898182e+22,2.146745e+08,7.081601e+15,4.598346e+22,9.741177e+07,1.838827e+15,9.663445e+21,1,71
1.240913e+08,1.914785e+15,7.632308e+21,2.186078e+08,4.733409e+15,2.309976e+22,2.345578e+08,6.766581e+15,3.996491e+22,1.272325e+08,2.279567e+15,1.035099e+22,2,86
2.179956e+08,6.439086e+15,4.627580e+22,2.897908e+08,1.046218e+16,7.604567e+22,2.494538e+08,9.670319e+15,7.062464e+22,1.180601e+08,2.402386e+15,1.329591e+22,0,37
2.258206e+08,7.024168e+15,5.207305e+22,3.309581e+08,1.409385e+16,1.350039e+23,3.339702e+08,1.737424e+16,1.797296e+23,1.824968e+08,5.528417e+15,4.554034e+22,1,41
1.006301e+08,1.598007e+15,6.682087e+21,1.735607e+08,3.928474e+15,2.114668e+22,1.690177e+08,4.834359e+15,2.832562e+22,8.698678e+07,1.486997e+15,6.730709e+21,3,82
1.629367e+08,3.820962e+15,2.256949e+22,2.390600e+08,6.727662e+15,4.646148e+22,2.243785e+08,6.957034e+15,4.524338e+22,1.096410e+08,2.110487e+15,1.125028e+22,2,89
1.381623e+08,3.105814e+15,1.681354e+22,1.959955e+08,5.266163e+15,3.043114e+22,2.045889e+08,7.013513e+15,4.454031e+22,9.742562e+07,1.835437e+15,9.130376e+21,0,50
1.348012e+08,2.642593e+15,1.184381e+22,1.814603e+08,3.577252e+15,1.837914e+22,1.851482e+08,4.177801e+15,2.341649e+22,8.463462e+07,1.212252e+15,4.586670e+21,2,101
1.367110e+08,2.700444e+15,1.399582e+22,2.191554e+08,5.650065e+15,3.495146e+22,2.089817e+08,6.271631e+15,4.265687e+22,9.855626e+07,1.800792e+15,8.916234e+21,0,29
1.898513e+08,4.769063e+15,2.992823e+22,3.316348e+08,1.590438e+16,1.375839e+23,3.320475e+08,1.656960e+16,1.450522e+23,1.651173e+08,4.296557e+15,2.785361e+22,0,81
2.428969e+08,9.646716e+15,8.513868e+22,3.597848e+08,2.115731e+16,2.246581e+23,2.255648e+08,9.813637e+15,8.566403e+22,1.040815e+08,2.532551e+15,1.520556e+22,1,97
2.261043e+08,8.186703e+15,7.775468e+22,3.800855e+08,2.209973e+16,2.429503e+23,3.592049e+08,2.080720e+16,2.434946e+23,2.133990e+08,8.000639e+15,7.622969e+22,1,67
1.376413e+08,3.143681e+15,1.867544e+22,2.444401e+08,8.616916e+15,6.395127e+22,2.287352e+08,9.311884e+15,6.828153e+22,1.349474e+08,3.704551e+15,2.553490e+22,0,78
1.637536e+08,4.266269e+15,3.018305e+22,2.691383e+08,1.090019e+16,9.197465e+22,2.491167e+08,1.124812e+16,9.523206e+22,1.340103e+08,3.885349e+15,2.954203e+22,2,78
2.752793e+08,1.135650e+16,1.196097e+23,4.565409e+08,2.847733e+16,3.723671e+23,3.967313e+08,2.496637e+16,3.104558e+23,2.075993e+08,8.116900e+15,8.147851e+22,2,47
9.971483e+07,1.430976e+15,5.074482e+21,1.683170e+08,3.761596e+15,1.828787e+22,1.626640e+08,4.293513e+15,2.175043e+22,7.237599e+07,9.709878e+14,3.571182e+21,2,63
4.314366e+08,2.923985e+16,5.382322e+23,7.202476e+08,6.811817e+16,1.486636e+24,7.675414e+08,8.575045e+16,2.045770e+24,4.164532e+08,3.019803e+16,5.265131e+23,0,72
2.734897e+08,1.240458e+16,1.458539e+23,3.988426e+08,2.323342e+16,2.863090e+23,3.542663e+08,2.151924e+16,2.732782e+23,1.560051e+08,4.706440e+15,3.823085e+22,0,9
2.049270e+08,5.845643e+15,4.057992e+22,3.142839e+08,1.338186e+16,1.142023e+23,2.730628e+08,1.101869e+16,9.289970e+22,1.531184e+08,4.266758e+15,2.907014e+22,3,85
1.694111e+08,3.935110e+15,2.354478e+22,2.768655e+08,8.887303e+15,6.503787e+22,3.084008e+08,1.384470e+16,1.075732e+23,1.635251e+08,4.520007e+15,2.812404e+22,2,70
1.577657e+08,3.486768e+15,1.975071e+22,2.494146e+08,7.802815e+15,5.140731e+22,2.521678e+08,9.798779e+15,6.698590e+22,1.334257e+08,3.064483e+15,1.785257e+22,2,59
1.093203e+08,1.820612e+15,7.241915e+21,2.126505e+08,5.786913e+15,3.575003e+22,2.099938e+08,7.549934e+15,4.709439e+22,8.628893e+07,1.484561e+15,7.220294e+21,1,12
1.081698e+08,1.713764e+15,7.124170e+21,1.897079e+08,4.515895e+15,2.457810e+22,1.598529e+08,3.584840e+15,1.845036e+22,8.446545e+07,1.299926e+15,5.445741e+21,3,83
1.229334e+08,1.885806e+15,7.209525e+21,1.677361e+08,3.188234e+15,1.396941e+22,1.435159e+08,2.894685e+15,1.349018e+22,6.591579e+07,8.130359e+14,2.672937e+21,0,62
1.706884e+08,4.350215e+15,2.836619e+22,2.330573e+08,8.001524e+15,5.782800e+22,2.181788e+08,8.654262e+15,6.724390e+22,1.418355e+08,4.242797e+15,2.905712e+22,3,64
1.335310e+08,2.685323e+15,1.372586e+22,2.036033e+08,5.020714e+15,3.008656e+22,1.930654e+08,5.608921e+15,3.751821e+22,9.051099e+07,1.605899e+15,7.903580e+21,2,69
2.921181e+08,1.279722e+16,1.434592e+23,4.492806e+08,2.793408e+16,3.966741e+23,4.172395e+08,2.788341e+16,4.124957e+23,1.910367e+08,7.396128e+15,8.103204e+22,1,47
2.103699e+08,6.694733e+15,5.557086e+22,2.753595e+08,1.091769e+16,9.062554e+22,2.677692e+08,1.222949e+16,1.073191e+23,1.465329e+08,4.075679e+15,2.999183e+22,1,75
1.596051e+08,3.561459e+15,2.012500e+22,2.280509e+08,6.350721e+15,3.877927e+22,2.246013e+08,7.586558e+15,4.618980e+22,1.220550e+08,2.541669e+15,1.352470e+22,1,59
1.201077e+08,2.095512e+15,8.956356e+21,1.885569e+08,4.262177e+15,2.328582e+22,1.796740e+08,5.244653e+15,3.164704e+22,8.550401e+07,1.459274e+15,6.947619e+21,0,12
1.963766e+08,5.136242e+15,3.349573e+22,2.872582e+08,9.458197e+15,7.295937e+22,2.897044e+08,1.188708e+16,1.014289e+23,1.316286e+08,2.836365e+15,1.590532e+22,0,40
1.656651e+08,4.225051e+15,2.867898e+22,2.234455e+08,8.154679e+15,6.072858e+22,2.160672e+08,8.418941e+15,6.950791e+22,1.573194e+08,5.252682e+15,3.891007e+22,0,64
2.606948e+08,1.018400e+16,8.345450e+22,3.461656e+08,1.694985e+16,1.528152e+23,2.916668e+08,1.380257e+16,1.228253e+23,1.218488e+08,2.689621e+15,1.624950e+22,3,66
4.739548e+08,3.547663e+16,7.104514e+23,6.956516e+08,6.411350e+16,1.510121e+24,8.038093e+08,9.359599e+16,2.496101e+24,3.690794e+08,2.572770e+16,4.821029e+23,1,72
2.057110e+08,7.353449e+15,7.080043e+22,3.320228e+08,1.759928e+16,2.086469e+23,3.924604e+08,2.771014e+16,3.697421e+23,2.431500e+08,1.201733e+16,1.152394e+23,0,4
1.714187e+08,4.969409e+15,3.460604e+22,2.236824e+08,7.236757e+15,5.355354e+22,1.926734e+08,6.324879e+15,4.574461e+22,9.300682e+07,1.773677e+15,9.424380e+21,2,50
2.016954e+08,5.920815e+15,4.027558e+22,2.692592e+08,8.810935e+15,6.060666e+22,2.835966e+08,1.259830e+16,9.960429e+22,1.449541e+08,3.477677e+15,2.114965e+22,0,61
1.288476e+08,2.394328e+15,1.115660e+22,2.082704e+08,4.908703e+15,2.848026e+22,1.983502e+08,5.443136e+15,3.246822e+22,1.095205e+08,2.042892e+15,1.029488e+22,3,60
2.017966e+08,6.315503e+15,5.245422e+22,2.788967e+08,1.137212e+16,1.013508e+23,2.694129e+08,1.264897e+16,1.142490e+23,1.425138e+08,3.945651e+15,2.982136e+22,3,75
1.308703e+08,2.226626e+15,9.474251e+21,2.029920e+08,5.209885e+15,2.653552e+22,1.641058e+08,4.259118e+15,2.144605e+22,7.730736e+07,1.110292e+15,4.197787e+21,1,62
1.251268e+08,2.154040e+15,9.831053e+21,1.808599e+08,4.381966e+15,2.325519e+22,1.775842e+08,4.846191e+15,2.684852e+22,1.048782e+08,2.042557e+15,9.037756e+21,2,80
1.932866e+08,5.693909e+15,4.074706e+22,2.676302e+08,9.786340e+15,8.025500e+22,2.129676e+08,7.245534e+15,5.349872e+22,1.014253e+08,2.092745e+15,1.136220e+22,0,91
1.494367e+08,2.935729e+15,1.282939e+22,1.923735e+08,4.761550e+15,2.360064e+22,1.829463e+08,4.962307e+15,2.717962e+22,7.358519e+07,9.955687e+14,3.689342e+21,1,95
1.123337e+08,1.909987e+15,7.452364e+21,2.117306e+08,5.295572e+15,3.147164e+22,2.126894e+08,6.600389e+15,4.227942e+22,1.229447e+08,2.632491e+15,1.432374e+22,1,103
1.579600e+08,3.289514e+15,1.750040e+22,2.620171e+08,8.872309e+15,6.284340e+22,2.020356e+08,5.240181e+15,3.190257e+22,1.144932e+08,2.103923e+15,1.025555e+22,0,68
1.712508e+08,4.023772e+15,2.317099e+22,3.080481e+08,1.120591e+16,9.430190e+22,2.683334e+08,1.030509e+16,8.619269e+22,1.281579e+08,2.851372e+15,1.703235e+22,2,104
1.314283e+08,2.716228e+15,1.324042e+22,2.226874e+08,6.767373e+15,4.399613e+22,1.816176e+08,5.239244e+15,3.181671e+22,7.819462e+07,1.236579e+15,5.209157e+21,2,52
1.748159e+08,4.533190e+15,2.887946e+22,2.605003e+08,8.219819e+15,5.801436e+22,2.157497e+08,6.188150e+15,4.033870e+22,9.864912e+07,1.756419e+15,8.621552e+21,3,89
1.587378e+08,3.686635e+15,2.179765e+22,2.776853e+08,1.194281e+16,1.089955e+23,3.135032e+08,1.956844e+16,1.842084e+23,1.331116e+08,3.861782e+15,2.824372e+22,0,30
1.681828e+08,4.007621e+15,2.303305e+22,3.014192e+08,1.067360e+16,8.865831e+22,2.991451e+08,1.322552e+16,1.209289e+23,1.468947e+08,3.965765e+15,2.908281e+22,3,104
1.697699e+08,3.989952e+15,2.409283e+22,2.598409e+08,8.217599e+15,5.982712e+22,2.495883e+08,9.970026e+15,7.338060e+22,1.143004e+08,2.457518e+15,1.463698e+22,0,45
1.710660e+08,4.139916e+15,2.586708e+22,2.680968e+08,8.255961e+15,5.513622e+22,3.031678e+08,1.298814e+16,9.515793e+22,1.954260e+08,6.413771e+15,4.357756e+22,1,70
2.572643e+08,8.316954e+15,6.923349e+22,4.040167e+08,1.997242e+16,1.988429e+23,3.851896e+08,2.007488e+16,2.065794e+23,2.063405e+08,6.795612e+15,5.201034e+22,1,99
2.313421e+08,8.023375e+15,7.431911e+22,3.227337e+08,1.415413e+16,1.430241e+23,2.949817e+08,1.211742e+16,1.189384e+23,1.771815e+08,5.693402e+15,4.557648e+22,2,98
1.700275e+08,4.294916e+15,2.923068e+22,2.485606e+08,9.235018e+15,7.196017e+22,2.357021e+08,9.498817e+15,7.830052e+22,1.024653e+08,2.117072e+15,1.197244e+22,0,19
1.358897e+08,2.833021e+15,1.486708e+22,2.262215e+08,7.025917e+15,5.113315e+22,2.419848e+08,9.600265e+15,7.879634e+22,1.265049e+08,3.153413e+15,2.168970e+22,3,69
2.414876e+08,7.907747e+15,6.854467e+22,3.067214e+08,1.226792e+16,1.167024e+23,3.155089e+08,1.658848e+16,1.719282e+23,1.682373e+08,5.223838e+15,4.381939e+22,0,24
1.515484e+08,3.103191e+15,1.679942e+22,2.680862e+08,8.292329e+15,5.392137e+22,2.951807e+08,1.235383e+16,8.971787e+22,1.900329e+08,6.000822e+15,3.688274e+22,3,70
1.174864e+08,1.926442e+15,8.181244e+21,1.736788e+08,3.372437e+15,1.663593e+22,1.568931e+08,3.026773e+15,1.452451e+22,9.973814e+07,1.454937e+15,5.438195e+21,2,100
1.149765e+08,2.032957e+15,8.281344e+21,2.316238e+08,6.621643e+15,4.140033e+22,2.550493e+08,1.025467e+16,7.288197e+22,1.276759e+08,2.951082e+15,1.678497e+22,3,103
1.843438e+08,5.115971e+15,3.856361e+22,2.934708e+08,1.218723e+16,1.116199e+23,2.818330e+08,1.340779e+16,1.298880e+23,1.493759e+08,4.516543e+15,3.722810e+22,0,93
1.470799e+08,3.260121e+15,1.780538e+22,2.123614e+08,5.775796e+15,3.521800e+22,2.000286e+08,6.016445e+15,3.729740e+22,9.799752e+07,1.774480e+15,8.773408e+21,3,71
1.237540e+08,2.240765e+15,1.018853e+22,2.126799e+08,6.141679e+15,3.599702e+22,1.876546e+08,5.797539e+15,3.204712e+22,9.199801e+07,1.653178e+15,8.109788e+21,3,53
1.705377e+08,4.410636e+15,2.936580e+22,2.761096e+08,9.766233e+15,8.282049e+22,2.604273e+08,1.083642e+16,9.835594e+22,1.120591e+08,2.483527e+15,1.415319e+22,3,54
1.407096e+08,2.930786e+15,1.602818e+22,2.185879e+08,5.772149e+15,3.573762e+22,1.919713e+08,4.904290e+15,3.060587e+22,1.129280e+08,1.966330e+15,9.031235e+21,3,100
1.112171e+08,1.731497e+15,6.433645e+21,1.950379e+08,4.338716e+15,2.344993e+22,2.226066e+08,7.170301e+15,4.436485e+22,1.297002e+08,2.733163e+15,1.314661e+22,0,77
1.279294e+08,2.515050e+15,1.142429e+22,1.924053e+08,5.128529e+15,2.668391e+22,1.688673e+08,4.854034e+15,2.537937e+22,6.385739e+07,8.473621e+14,3.190748e+21,2,48
1.239024e+08,2.060150e+15,8.992860e+21,1.889558e+08,3.905453e+15,1.975009e+22,2.225819e+08,6.904847e+15,4.247412e+22,1.093011e+08,1.982244e+15,9.313401e+21,3,74
2.408247e+08,7.565809e+15,5.917214e+22,3.375439e+08,1.606379e+16,1.484036e+23,3.515488e+08,1.927955e+16,2.008783e+23,2.110699e+08,7.348069e+15,6.243737e+22,0,41
1.462999e+08,2.621414e+15,1.199382e+22,2.213398e+08,5.546944e+15,3.242445e+22,2.394936e+08,8.553238e+15,5.950798e+22,1.408573e+08,3.415902e+15,1.954079e+22,3,84
2.422019e+08,8.110125e+15,6.908637e+22,3.394573e+08,1.470316e+16,1.382315e+23,3.731862e+08,1.999567e+16,2.060962e+23,1.945742e+08,5.704824e+15,4.385037e+22,0,7
1.560143e+08,3.711434e+15,1.929361e+22,2.481530e+08,9.462608e+15,6.814541e+22,2.355572e+08,8.884306e+15,6.624122e+22,1.075921e+08,2.167187e+15,9.163298e+21,2,65
2.893974e+08,1.407473e+16,1.593904e+23,3.760029e+08,2.087185e+16,2.906360e+23,4.812283e+08,3.995387e+16,6.835353e+23,2.719376e+08,1.427967e+16,1.870099e+23,0,5
2.117605e+08,7.004279e+15,6.312687e+22,3.336102e+08,1.361771e+16,1.343551e+23,3.035759e+08,1.372474e+16,1.389554e+23,1.345949e+08,3.727402e+15,2.935137e+22,2,49
