3.907786e+06,1.121801e+12,7.708958e+16,1.165279e+07,8.965473e+12,1.166811e+18,1.329492e+07,9.263412e+12,1.311706e+18,5.638007e+06,2.824072e+12,2.842061e+17,2,76,N,N
3.862313e+06,7.376170e+11,1.346698e+16,6.642737e+06,3.444767e+12,3.061587e+17,8.440972e+06,3.850323e+12,3.842708e+17,3.614828e+06,9.606125e+11,4.884186e+16,1,41,N,N
3.548861e+06,8.308844e+11,2.613321e+16,7.626279e+06,3.695643e+12,3.180780e+17,9.062793e+06,4.470286e+12,4.367742e+17,4.160430e+06,1.299214e+12,8.588500e+16,0,46,N,N
3.352464e+06,7.579397e+11,2.011188e+16,6.100331e+06,3.238693e+12,2.629444e+17,7.534620e+06,3.659989e+12,3.312907e+17,3.240187e+06,8.714962e+11,5.111824e+16,2,96,N,N
3.211570e+06,7.029043e+11,1.862984e+16,5.836003e+06,3.376727e+12,2.901035e+17,6.563012e+06,3.315751e+12,3.247528e+17,2.601832e+06,7.356538e+11,5.024768e+16,0,58,N,N
4.019162e+06,1.015111e+12,3.079477e+16,7.546811e+06,3.868272e+12,3.317775e+17,9.093420e+06,4.641803e+12,4.910459e+17,3.885527e+06,1.297667e+12,8.672648e+16,1,103,N,N
3.247727e+06,7.652192e+11,3.093520e+16,5.894952e+06,3.611137e+12,3.197830e+17,7.424819e+06,3.633833e+12,3.623428e+17,3.526679e+06,1.380178e+12,1.055597e+17,2,55,N,N
4.664508e+06,1.149879e+12,3.047324e+16,7.396844e+06,3.147116e+12,2.689546e+17,8.388473e+06,4.274278e+12,4.372086e+17,3.351504e+06,9.842579e+11,6.149785e+16,2,84,N,N
3.922467e+06,7.718499e+11,2.001620e+16,7.253776e+06,2.783733e+12,2.244826e+17,9.122290e+06,4.731035e+12,5.246788e+17,3.812057e+06,1.291097e+12,9.225408e+16,0,29,N,N
3.781273e+06,8.702587e+11,1.966433e+16,6.878868e+06,3.470812e+12,2.887955e+17,7.727928e+06,3.861905e+12,3.816987e+17,3.017664e+06,1.002309e+12,6.880477e+16,0,52,N,N
3.856652e+06,8.388043e+11,3.325269e+16,6.658180e+06,4.019674e+12,3.822594e+17,7.732776e+06,3.991404e+12,4.009675e+17,4.040628e+06,1.790032e+12,1.258282e+17,2,80,N,N
3.503270e+06,8.130270e+11,2.576672e+16,5.986615e+06,3.115377e+12,2.665664e+17,6.673206e+06,3.413813e+12,3.296462e+17,3.408450e+06,1.055973e+12,7.089648e+16,2,65,N,N
3.112568e+06,7.693748e+11,3.390267e+16,6.113947e+06,3.854956e+12,3.561087e+17,7.397582e+06,3.699986e+12,3.707346e+17,3.476628e+06,1.356189e+12,1.070415e+17,3,55,N,N
4.151413e+06,9.175965e+11,2.050534e+16,6.609939e+06,3.453587e+12,2.772017e+17,8.433863e+06,3.469288e+12,3.150711e+17,3.665098e+06,9.463421e+11,3.871390e+16,3,68,N,N
3.840253e+06,8.698692e+11,1.689760e+16,7.055832e+06,3.769951e+12,3.317214e+17,8.114284e+06,3.780141e+12,3.748769e+17,3.992531e+06,1.379144e+12,1.027313e+17,0,47,N,N
3.487978e+06,8.503598e+11,3.398167e+16,6.822539e+06,3.346541e+12,2.759838e+17,9.080988e+06,4.617730e+12,4.709928e+17,3.889331e+06,1.068165e+12,5.830923e+16,0,15,N,N
2.894940e+06,6.309119e+11,2.768955e+16,7.721341e+06,4.382472e+12,3.726164e+17,9.528811e+06,3.769738e+12,3.505564e+17,3.809912e+06,1.271664e+12,6.699752e+16,1,76,N,N
3.015630e+06,5.816872e+11,1.235294e+16,5.644950e+06,3.173754e+12,2.578686e+17,6.618129e+06,3.710647e+12,3.504891e+17,2.786859e+06,8.573898e+11,4.732419e+16,3,91,N,N
2.566667e+06,5.422587e+11,2.522896e+16,7.536411e+06,4.210093e+12,3.403060e+17,1.015548e+07,4.224893e+12,3.965288e+17,4.573336e+06,1.522629e+12,9.145041e+16,0,76,N,N
4.236818e+06,8.677781e+11,2.196983e+16,7.331970e+06,3.176651e+12,2.550335e+17,7.977124e+06,3.734240e+12,3.587512e+17,3.354958e+06,1.065618e+12,6.843932e+16,1,62,N,N
3.157203e+06,5.510404e+11,1.182153e+16,4.921541e+06,2.472403e+12,1.939806e+17,5.600427e+06,3.331137e+12,3.072719e+17,2.586389e+06,7.184356e+11,4.228816e+16,0,75,N,N
3.133033e+06,7.115808e+11,2.775379e+16,5.812807e+06,3.481082e+12,2.881580e+17,7.751266e+06,3.658935e+12,3.666738e+17,3.606059e+06,1.388325e+12,1.034998e+17,1,55,N,N
3.334315e+06,7.553373e+11,2.093030e+16,5.995469e+06,3.053344e+12,2.433996e+17,7.663416e+06,3.937727e+12,3.657639e+17,3.201966e+06,8.470006e+11,4.807435e+16,3,96,N,N
3.375680e+06,7.115967e+11,1.449230e+16,6.749592e+06,3.249180e+12,2.803414e+17,7.931124e+06,3.625507e+12,3.551451e+17,3.223509e+06,8.996502e+11,4.615360e+16,0,57,N,N
3.450894e+06,7.658524e+11,2.329211e+16,6.168616e+06,3.183969e+12,2.552384e+17,7.203652e+06,3.528025e+12,3.489437e+17,3.006348e+06,1.006376e+12,6.509835e+16,1,82,N,N
4.042442e+06,9.295117e+11,1.719406e+16,5.744446e+06,2.684368e+12,2.132693e+17,7.445319e+06,4.167019e+12,4.009205e+17,3.148376e+06,7.690189e+11,2.902377e+16,0,39,N,N
3.412886e+06,6.832466e+11,1.665344e+16,5.256898e+06,2.966244e+12,2.442154e+17,6.894896e+06,3.353652e+12,3.352451e+17,2.787135e+06,7.384930e+11,3.129162e+16,1,66,N,N
3.749589e+06,7.679400e+11,1.905103e+16,7.287079e+06,3.323865e+12,2.986045e+17,8.301754e+06,4.207330e+12,4.308415e+17,3.193287e+06,9.205313e+11,6.233580e+16,0,63,N,N
2.706020e+06,6.168862e+11,3.428577e+16,5.822780e+06,3.774508e+12,2.912080e+17,7.511466e+06,3.102668e+12,2.776862e+17,3.327084e+06,9.905527e+11,5.306560e+16,0,81,N,N
4.541290e+06,1.149034e+12,3.875652e+16,7.150429e+06,3.513569e+12,3.230016e+17,9.870674e+06,4.357959e+12,4.573219e+17,3.800589e+06,1.473978e+12,8.797030e+16,1,98,N,N
4.418625e+06,1.156014e+12,3.113170e+16,8.261483e+06,4.228956e+12,4.078625e+17,7.283375e+06,2.804936e+12,2.402170e+17,3.013659e+06,7.506612e+11,3.170409e+16,2,79,N,N
3.111181e+06,6.793856e+11,1.844981e+16,6.115639e+06,3.223092e+12,2.645216e+17,7.295465e+06,3.862129e+12,3.860652e+17,2.755482e+06,7.915729e+11,5.603104e+16,3,48,N,N
4.793954e+06,1.172530e+12,3.759401e+16,9.285952e+06,3.679391e+12,3.063045e+17,1.128700e+07,5.203266e+12,5.360064e+17,4.498623e+06,1.345788e+12,8.530737e+16,2,86,N,N
3.745360e+06,8.037421e+11,2.266581e+16,7.207441e+06,3.425411e+12,2.773051e+17,8.629661e+06,3.632194e+12,3.388728e+17,3.901107e+06,1.115436e+12,6.008342e+16,0,27,N,N
4.126693e+06,9.691103e+11,2.080413e+16,8.369312e+06,4.304085e+12,4.190432e+17,8.027919e+06,3.301939e+12,3.140692e+17,3.006827e+06,7.814031e+11,3.450017e+16,3,79,N,N
4.644163e+06,1.110568e+12,2.416990e+16,8.862458e+06,3.763891e+12,3.315895e+17,9.439251e+06,4.569954e+12,4.786566e+17,4.004531e+06,1.160748e+12,6.336642e+16,0,26,N,N
3.284594e+06,6.353446e+11,1.454557e+16,6.595636e+06,3.534427e+12,3.001869e+17,8.020117e+06,3.503897e+12,3.463567e+17,3.250755e+06,1.006284e+12,5.491947e+16,1,61,N,N
3.817521e+06,8.456952e+11,1.608150e+16,6.899075e+06,3.609710e+12,3.206806e+17,8.613513e+06,4.115196e+12,4.049290e+17,4.132301e+06,1.477337e+12,1.131874e+17,1,47,N,N
3.787332e+06,9.611002e+11,3.542020e+16,5.988379e+06,3.719372e+12,3.782728e+17,5.343253e+06,3.170712e+12,3.038743e+17,2.388814e+06,7.479088e+11,5.148520e+16,1,97,N,N
4.448254e+06,9.492142e+11,1.871311e+16,7.538661e+06,3.223638e+12,2.566053e+17,8.421515e+06,4.180650e+12,4.208559e+17,3.400660e+06,1.075246e+12,6.896136e+16,0,0,N,N
3.950423e+06,9.225751e+11,2.079216e+16,7.866330e+06,3.555326e+12,3.012639e+17,9.393052e+06,4.423734e+12,4.579042e+17,3.734265e+06,1.138056e+12,6.749831e+16,2,104,N,N
3.126183e+06,5.188591e+11,1.130324e+16,4.767205e+06,2.469240e+12,1.939198e+17,5.227847e+06,2.940436e+12,2.776498e+17,2.303874e+06,6.132493e+11,3.567244e+16,3,75,N,N
2.855759e+06,5.542929e+11,1.368000e+16,5.904651e+06,3.355895e+12,2.639702e+17,7.095770e+06,3.361104e+12,3.368311e+17,2.989995e+06,8.647815e+11,4.546110e+16,2,51,N,N
3.805717e+06,9.018283e+11,2.741252e+16,6.238561e+06,3.070321e+12,2.517665e+17,7.539978e+06,3.971047e+12,4.084337e+17,3.370591e+06,1.111400e+12,8.469268e+16,3,90,N,N
3.327921e+06,6.603406e+11,1.166971e+16,6.004493e+06,2.712938e+12,2.101176e+17,6.914848e+06,3.670139e+12,3.554546e+17,2.713669e+06,7.949542e+11,4.150191e+16,3,77,N,N
3.874636e+06,8.140319e+11,2.523040e+16,7.079496e+06,3.310146e+12,2.923182e+17,8.112357e+06,4.192522e+12,4.436693e+17,3.471045e+06,1.168941e+12,8.506154e+16,0,31,N,N
3.650693e+06,7.329368e+11,1.524329e+16,6.338239e+06,3.149974e+12,2.666907e+17,7.056056e+06,3.587572e+12,3.143625e+17,3.197764e+06,8.264649e+11,4.399606e+16,1,5,N,N
4.551104e+06,1.051602e+12,2.388789e+16,7.105684e+06,3.730641e+12,3.405026e+17,8.835548e+06,3.968837e+12,3.939520e+17,3.976242e+06,1.361144e+12,7.659808e+16,3,99,N,N
2.282955e+06,4.593407e+11,1.975175e+16,5.008066e+06,3.320206e+12,2.458969e+17,6.961040e+06,2.822063e+12,2.316333e+17,3.496733e+06,8.316051e+11,3.811486e+16,0,42,N,N
3.159452e+06,6.991999e+11,1.857970e+16,7.648862e+06,3.935918e+12,3.413991e+17,8.974764e+06,4.273593e+12,4.268097e+17,3.897123e+06,1.232237e+12,9.047911e+16,0,70,N,N
3.845139e+06,8.543025e+11,3.279377e+16,6.616519e+06,3.899195e+12,3.622982e+17,8.134791e+06,4.070237e+12,3.993678e+17,3.960534e+06,1.680380e+12,1.133103e+17,1,80,N,N
4.362448e+06,9.678045e+11,2.392465e+16,6.470031e+06,3.059115e+12,2.726105e+17,7.308713e+06,4.179933e+12,4.116881e+17,3.323799e+06,9.858880e+11,6.135649e+16,1,34,N,N
3.618752e+06,7.477150e+11,1.986462e+16,5.969116e+06,3.123078e+12,2.807798e+17,6.572128e+06,3.704556e+12,3.727224e+17,2.935432e+06,8.234041e+11,5.657645e+16,3,93,N,N
3.340417e+06,7.100789e+11,1.799355e+16,5.835778e+06,3.138063e+12,2.657250e+17,6.601572e+06,3.369069e+12,3.173255e+17,3.091321e+06,8.985492e+11,6.269663e+16,0,93,N,N
4.043771e+06,9.527877e+11,2.452202e+16,7.150618e+06,3.570809e+12,3.294728e+17,8.105558e+06,4.266101e+12,4.590099e+17,3.637667e+06,1.146376e+12,6.615621e+16,0,6,N,N
4.069625e+06,1.041131e+12,3.040079e+16,7.478432e+06,3.609250e+12,3.234029e+17,8.873607e+06,4.551151e+12,4.868131e+17,3.509825e+06,1.213966e+12,9.351857e+16,0,18,N,N
2.555566e+06,5.292394e+11,2.245709e+16,5.634031e+06,3.428763e+12,2.818732e+17,6.966285e+06,2.863459e+12,2.609636e+17,3.074121e+06,9.565193e+11,5.144838e+16,0,50,N,N
4.185254e+06,1.114865e+12,3.122489e+16,8.538439e+06,4.272161e+12,3.873009e+17,1.058030e+07,4.559662e+12,4.519228e+17,4.273344e+06,1.320968e+12,8.127469e+16,2,101,N,N
4.107491e+06,9.917367e+11,2.863062e+16,8.423078e+06,3.502470e+12,2.962175e+17,8.983839e+06,4.407131e+12,4.469212e+17,3.419839e+06,9.405590e+11,5.781282e+16,3,74,N,N
2.291116e+06,3.374386e+11,7.941200e+15,5.389489e+06,3.247848e+12,2.524355e+17,6.613085e+06,3.277925e+12,3.187451e+17,2.681260e+06,6.785065e+11,2.933160e+16,3,54,N,N
3.225382e+06,6.617916e+11,1.409630e+16,6.263955e+06,3.367111e+12,2.814634e+17,6.610125e+06,2.956625e+12,2.601347e+17,2.692941e+06,7.735783e+11,3.930959e+16,1,77,N,N
3.122090e+06,6.309021e+11,1.468797e+16,5.591879e+06,2.985691e+12,2.361514e+17,6.723723e+06,3.852530e+12,3.691804e+17,2.621993e+06,7.489068e+11,3.874476e+16,0,91,N,N
4.634037e+06,1.041525e+12,3.000436e+16,7.306637e+06,3.277912e+12,2.718412e+17,8.067564e+06,4.008399e+12,3.944702e+17,3.385751e+06,1.029717e+12,6.267135e+16,2,62,N,N
2.759290e+06,6.225790e+11,3.246741e+16,5.974816e+06,4.016440e+12,3.133527e+17,7.134730e+06,3.090743e+12,2.798541e+17,3.232020e+06,9.546626e+11,5.022708e+16,2,81,N,N
3.520999e+06,7.038735e+11,1.573823e+16,6.092073e+06,3.023226e+12,2.368949e+17,7.465350e+06,3.852744e+12,3.843138e+17,2.990193e+06,8.811219e+11,5.295678e+16,2,92,N,N
3.369395e+06,6.906903e+11,1.866555e+16,5.666370e+06,2.983156e+12,2.430465e+17,6.411754e+06,3.397149e+12,3.283141e+17,2.504987e+06,7.165903e+11,4.983986e+16,1,58,N,N
3.823618e+06,9.336535e+11,3.034134e+16,6.625413e+06,3.403984e+12,2.885050e+17,7.768824e+06,3.999190e+12,4.064958e+17,3.356020e+06,1.068836e+12,7.472596e+16,0,90,N,N
3.936018e+06,9.646447e+11,2.933510e+16,7.307915e+06,3.981057e+12,3.958071e+17,7.983166e+06,4.533553e+12,4.907486e+17,3.425876e+06,1.308249e+12,9.459614e+16,3,73,N,N
2.752770e+06,5.283256e+11,1.348981e+16,5.257467e+06,2.914713e+12,2.389810e+17,5.703529e+06,3.238054e+12,3.038637e+17,2.740201e+06,9.107383e+11,6.893337e+16,1,78,N,N
4.576071e+06,1.119669e+12,3.400260e+16,9.084774e+06,3.663482e+12,3.294865e+17,9.749351e+06,4.879119e+12,5.251102e+17,3.848517e+06,1.280008e+12,1.014590e+17,2,49,N,N
2.505423e+06,7.003407e+11,5.046664e+16,7.195733e+06,5.175714e+12,5.135628e+17,1.021782e+07,5.210768e+12,5.372398e+17,4.999174e+06,1.780703e+12,1.131738e+17,1,67,N,N
4.240478e+06,8.234937e+11,1.844080e+16,5.917118e+06,2.932245e+12,2.524964e+17,7.205621e+06,3.963805e+12,4.033667e+17,3.182917e+06,9.261096e+11,5.771361e+16,0,34,N,N
3.446419e+06,7.002905e+11,1.322161e+16,6.708792e+06,3.212504e+12,2.497885e+17,8.316108e+06,4.036658e+12,3.968224e+17,3.124262e+06,8.811248e+11,4.946765e+16,0,71,N,N
2.857537e+06,5.789770e+11,1.320198e+16,4.581838e+06,2.640307e+12,2.093257e+17,5.309827e+06,3.133515e+12,3.135286e+17,2.484403e+06,8.086313e+11,5.192739e+16,3,64,N,N
4.056885e+06,9.373847e+11,2.239485e+16,7.718309e+06,3.623404e+12,3.113799e+17,9.552579e+06,4.539531e+12,4.765606e+17,3.758689e+06,1.152500e+12,6.573379e+16,3,104,N,N
3.037134e+06,5.130885e+11,1.061509e+16,5.150160e+06,2.862859e+12,2.373332e+17,5.604199e+06,2.917217e+12,2.697566e+17,2.545972e+06,6.623474e+11,3.452082e+16,2,75,N,N
3.376142e+06,7.061447e+11,1.803801e+16,5.081556e+06,2.935917e+12,2.303152e+17,6.443732e+06,3.087807e+12,2.995807e+17,2.738459e+06,7.149096e+11,2.991102e+16,3,66,N,N
3.783845e+06,8.317463e+11,2.286155e+16,8.043095e+06,3.870170e+12,3.249469e+17,9.752586e+06,3.843533e+12,3.632903e+17,3.642853e+06,1.070462e+12,5.834389e+16,0,89,N,N
2.815354e+06,4.607086e+11,9.387951e+15,5.749803e+06,3.107689e+12,2.418216e+17,6.874559e+06,3.682330e+12,3.303603e+17,2.694358e+06,6.420291e+11,3.341055e+16,0,32,N,N
3.644269e+06,7.756385e+11,1.678512e+16,6.618979e+06,2.950401e+12,2.244448e+17,7.405770e+06,4.019175e+12,3.935612e+17,2.778260e+06,7.357133e+11,4.568593e+16,0,102,N,N
4.069298e+06,1.025280e+12,3.080977e+16,7.650087e+06,3.899534e+12,3.410142e+17,8.996496e+06,4.735785e+12,5.204557e+17,3.840335e+06,1.280882e+12,8.661069e+16,2,103,N,N
3.549882e+06,7.449089e+11,1.542003e+16,6.399818e+06,3.465706e+12,2.924513e+17,6.939587e+06,2.900408e+12,2.395395e+17,2.998216e+06,7.840028e+11,3.924396e+16,0,5,N,N
2.741191e+06,5.115506e+11,1.879455e+16,6.417793e+06,4.191623e+12,3.530065e+17,7.557392e+06,3.221857e+12,2.859455e+17,3.455097e+06,9.745793e+11,6.185497e+16,1,59,N,N
3.556803e+06,8.572329e+11,3.186275e+16,5.975855e+06,3.992830e+12,4.124280e+17,5.413447e+06,3.165553e+12,2.995604e+17,2.521422e+06,8.396992e+11,5.419148e+16,3,97,N,N
3.789030e+06,9.526274e+11,3.502287e+16,6.236717e+06,4.024672e+12,4.217325e+17,5.532535e+06,3.381423e+12,3.338822e+17,2.479929e+06,7.867301e+11,5.488874e+16,0,97,N,N
3.937204e+06,8.407560e+11,1.862627e+16,7.914875e+06,3.392437e+12,2.969879e+17,9.286231e+06,4.375867e+12,4.456065e+17,4.127588e+06,1.395081e+12,9.041973e+16,1,88,N,N
3.371546e+06,6.806533e+11,1.731293e+16,5.290883e+06,3.104586e+12,2.459944e+17,6.633544e+06,3.096207e+12,2.935522e+17,2.746061e+06,7.041912e+11,2.816779e+16,0,66,N,N
3.408921e+06,7.279274e+11,1.703975e+16,4.907228e+06,2.574921e+12,2.083857e+17,5.347469e+06,3.356282e+12,3.197797e+17,2.461528e+06,7.823266e+11,5.102274e+16,0,64,N,N
3.364261e+06,7.052962e+11,1.852052e+16,5.822431e+06,3.228951e+12,2.861640e+17,6.566675e+06,3.367603e+12,3.085006e+17,3.045599e+06,8.749003e+11,6.061717e+16,1,93,N,N
4.727601e+06,1.215144e+12,5.166414e+16,7.538006e+06,3.678897e+12,3.280888e+17,9.450837e+06,4.999444e+12,5.093845e+17,4.241746e+06,1.437735e+12,1.070947e+17,3,95,N,N
3.669013e+06,7.315383e+11,1.542070e+16,6.418741e+06,2.944586e+12,2.311442e+17,7.967826e+06,3.983264e+12,4.013785e+17,3.558839e+06,1.068719e+12,7.046573e+16,1,25,N,N
2.995405e+06,5.406584e+11,1.167468e+16,5.740372e+06,2.878407e+12,2.237310e+17,6.404727e+06,3.405512e+12,3.092139e+17,2.283396e+06,5.888594e+11,3.808309e+16,3,53,N,N
3.215718e+06,6.595031e+11,1.286419e+16,6.263524e+06,3.114089e+12,2.486987e+17,6.706858e+06,3.212070e+12,2.901081e+17,2.810559e+06,7.930971e+11,4.005310e+16,0,77,N,N
3.120528e+06,5.887457e+11,1.313000e+16,6.375194e+06,3.220466e+12,2.595919e+17,8.176468e+06,3.640083e+12,3.601301e+17,3.621415e+06,1.067048e+12,5.930648e+16,0,61,N,N
3.812567e+06,7.539995e+11,1.546535e+16,6.562317e+06,3.599187e+12,3.007916e+17,8.961980e+06,3.522121e+12,3.208315e+17,3.818620e+06,1.060785e+12,4.634880e+16,2,68,N,N
3.729151e+06,7.992863e+11,1.601325e+16,7.200721e+06,4.022545e+12,3.838854e+17,8.497592e+06,4.314153e+12,4.538583e+17,4.206372e+06,1.548467e+12,1.230451e+17,2,47,N,N
3.748423e+06,7.392409e+11,1.259543e+16,6.631299e+06,3.320130e+12,2.699464e+17,8.039797e+06,3.816182e+12,3.716856e+17,3.618885e+06,9.840028e+11,5.090159e+16,0,41,N,N
3.607695e+06,7.432241e+11,1.475954e+16,6.542404e+06,3.149109e+12,2.507395e+17,8.122805e+06,4.320489e+12,4.399191e+17,3.060940e+06,8.938949e+11,5.614078e+16,1,71,N,N
4.054464e+06,9.033138e+11,2.210326e+16,7.995596e+06,3.425054e+12,2.883956e+17,9.470838e+06,4.749829e+12,5.200967e+17,4.136181e+06,1.429158e+12,9.086381e+16,2,88,N,N
4.457882e+06,1.061556e+12,2.309338e+16,7.187785e+06,3.930789e+12,3.825340e+17,8.126344e+06,3.498783e+12,3.227017e+17,3.986156e+06,9.710483e+11,4.172958e+16,0,72,N,N
3.056503e+06,6.313972e+11,1.234492e+16,6.179320e+06,3.305496e+12,2.874568e+17,6.881292e+06,3.749197e+12,3.731065e+17,3.026494e+06,9.324941e+11,6.453686e+16,1,87,N,N
3.643601e+06,8.790533e+11,3.246333e+16,5.949533e+06,3.900866e+12,4.106737e+17,5.147022e+06,2.892414e+12,2.646216e+17,2.304065e+06,6.808023e+11,3.980510e+16,2,97,N,N
2.896755e+06,5.521242e+11,1.107326e+16,6.304980e+06,3.688920e+12,3.213596e+17,6.906302e+06,3.580024e+12,3.552823e+17,3.063266e+06,1.003317e+12,7.110837e+16,2,87,N,N
3.646223e+06,7.693960e+11,1.887020e+16,6.054128e+06,2.986741e+12,2.388466e+17,7.344831e+06,3.808174e+12,3.776471e+17,2.962548e+06,8.128098e+11,4.610743e+16,0,92,N,N
3.957548e+06,8.673774e+11,1.917774e+16,6.900680e+06,3.990096e+12,3.997185e+17,8.096348e+06,3.261542e+12,2.943461e+17,3.791586e+06,9.723548e+11,4.096399e+16,2,72,N,N
4.865967e+06,1.171001e+12,2.655753e+16,7.497444e+06,3.900707e+12,3.674048e+17,8.584328e+06,3.786670e+12,3.718333e+17,3.926464e+06,1.299148e+12,7.076192e+16,0,99,N,N
3.054987e+06,4.980476e+11,8.871006e+15,5.848920e+06,3.271429e+12,2.591410e+17,7.001140e+06,3.573973e+12,3.528520e+17,2.829699e+06,6.760111e+11,2.820693e+16,1,37,N,N
3.908784e+06,8.109746e+11,1.677565e+16,7.862151e+06,3.271476e+12,2.616314e+17,8.977831e+06,4.127187e+12,4.042911e+17,3.281990e+06,1.074826e+12,7.259845e+16,0,1,N,N
3.622227e+06,6.542631e+11,1.294816e+16,6.550658e+06,3.511715e+12,2.893961e+17,8.959096e+06,3.313175e+12,2.879923e+17,3.687754e+06,1.054785e+12,4.683194e+16,1,68,N,N
3.986467e+06,9.075545e+11,3.693301e+16,6.531685e+06,3.695249e+12,3.334130e+17,7.892074e+06,3.766268e+12,3.656868e+17,3.973112e+06,1.687196e+12,1.120294e+17,0,80,N,N
3.432875e+06,7.289995e+11,1.797053e+16,6.490167e+06,3.329720e+12,2.766665e+17,7.953716e+06,3.475682e+12,3.425578e+17,3.285511e+06,9.420514e+11,4.731145e+16,3,61,N,N
3.724063e+06,7.936583e+11,2.214986e+16,6.174315e+06,3.125577e+12,2.748182e+17,6.661011e+06,3.733819e+12,3.637709e+17,3.080098e+06,8.778860e+11,6.138942e+16,2,93,N,N
3.385012e+06,7.873522e+11,1.956528e+16,5.869123e+06,3.427457e+12,3.287803e+17,6.975310e+06,3.398816e+12,3.294077e+17,3.299708e+06,9.137560e+11,5.567967e+16,0,35,N,N
3.529761e+06,7.476469e+11,1.522428e+16,6.673479e+06,3.118922e+12,2.517651e+17,7.832186e+06,3.800693e+12,3.626253e+17,3.310047e+06,8.540160e+11,4.105406e+16,0,8,N,N
2.578393e+06,7.155374e+11,4.998405e+16,7.213834e+06,5.228262e+12,5.290282e+17,9.410508e+06,4.898200e+12,4.863643e+17,4.729191e+06,1.609772e+12,1.022075e+17,2,67,N,N
3.522423e+06,7.768925e+11,1.687488e+16,6.800361e+06,3.078569e+12,2.480909e+17,7.685308e+06,4.263962e+12,4.017258e+17,2.991705e+06,8.193643e+11,5.558486e+16,2,102,N,N
3.798393e+06,8.521313e+11,1.849665e+16,6.454100e+06,3.159493e+12,2.606403e+17,8.122035e+06,4.146364e+12,4.392760e+17,2.890404e+06,9.433838e+11,6.340229e+16,1,52,N,N
4.586924e+06,1.018268e+12,2.976787e+16,7.384892e+06,3.329607e+12,2.758508e+17,8.505045e+06,4.305172e+12,4.300871e+17,3.507420e+06,1.141407e+12,7.280791e+16,3,62,N,N
3.620724e+06,7.589544e+11,1.948007e+16,6.908698e+06,3.507117e+12,2.914666e+17,7.948635e+06,3.895747e+12,3.817073e+17,3.335722e+06,1.030065e+12,7.235506e+16,0,45,N,N
3.979854e+06,9.831034e+11,3.152758e+16,6.689048e+06,3.492166e+12,2.996847e+17,7.778253e+06,4.189580e+12,4.343050e+17,3.358541e+06,1.162183e+12,8.936857e+16,1,90,N,N
3.947671e+06,9.940028e+11,2.833575e+16,7.375472e+06,3.622248e+12,3.023872e+17,9.108963e+06,4.827820e+12,5.210138e+17,3.945383e+06,1.313179e+12,9.030399e+16,3,103,N,N
3.893023e+06,9.902322e+11,3.030545e+16,7.441440e+06,3.708929e+12,3.060385e+17,9.290734e+06,4.573844e+12,4.636809e+17,4.121692e+06,1.345174e+12,8.991339e+16,0,103,N,N
3.054026e+06,6.127890e+11,1.633453e+16,6.787416e+06,3.689020e+12,3.045455e+17,8.109823e+06,3.325609e+12,3.167246e+17,3.429740e+06,9.914910e+11,5.417971e+16,2,61,N,N
4.551473e+06,1.109145e+12,2.749307e+16,7.143111e+06,3.051541e+12,2.667201e+17,8.421843e+06,4.289078e+12,4.420690e+17,3.417099e+06,1.069522e+12,7.231918e+16,0,84,N,N
4.273037e+06,1.118303e+12,4.461087e+16,7.711857e+06,3.885626e+12,3.500099e+17,9.459576e+06,4.876780e+12,4.966025e+17,4.274785e+06,1.540610e+12,1.207535e+17,2,95,N,N
2.888523e+06,6.257171e+11,1.805203e+16,6.057804e+06,3.899926e+12,3.594608e+17,6.301673e+06,2.727493e+12,2.440479e+17,2.581566e+06,6.668786e+11,2.938858e+16,0,4,N,N
2.267169e+06,3.813575e+11,1.011863e+16,5.553743e+06,3.198472e+12,2.325908e+17,6.673255e+06,3.188798e+12,2.907187e+17,2.749188e+06,6.459370e+11,2.622413e+16,2,54,N,N
4.833856e+06,1.171344e+12,3.746024e+16,8.908420e+06,3.611485e+12,3.080950e+17,1.094930e+07,5.292313e+12,5.593130e+17,4.188829e+06,1.233199e+12,8.275944e+16,1,86,N,N
3.102644e+06,6.299353e+11,1.529752e+16,6.115360e+06,3.555843e+12,3.093389e+17,7.076668e+06,3.737897e+12,3.835791e+17,3.279302e+06,9.671176e+11,6.081858e+16,1,44,N,N
2.598626e+06,5.058139e+11,2.029848e+16,6.076350e+06,3.855149e+12,3.053766e+17,7.177884e+06,2.749141e+12,2.196477e+17,3.547147e+06,1.013693e+12,6.310933e+16,0,59,N,N
4.079707e+06,1.040032e+12,3.199426e+16,7.989889e+06,3.549740e+12,3.148556e+17,9.521406e+06,4.225532e+12,4.167239e+17,4.050905e+06,1.110842e+12,5.559794e+16,2,100,N,N
3.607635e+06,8.904708e+11,2.893169e+16,7.416939e+06,3.559591e+12,2.965174e+17,9.043747e+06,4.588866e+12,4.649750e+17,4.006617e+06,1.185961e+12,7.615613e+16,1,46,N,N
2.325255e+06,4.224218e+11,1.493304e+16,4.906197e+06,3.157062e+12,2.371876e+17,7.076757e+06,3.078880e+12,2.671640e+17,3.400896e+06,8.254390e+11,3.888279e+16,1,42,N,N
3.026165e+06,5.364157e+11,1.042094e+16,5.948849e+06,3.079900e+12,2.441322e+17,6.947957e+06,3.439441e+12,3.332425e+17,2.773364e+06,6.538254e+11,2.397333e+16,2,37,N,N
4.207094e+06,1.096686e+12,2.877302e+16,6.970103e+06,3.941233e+12,3.925815e+17,6.539595e+06,4.252419e+12,4.405396e+17,2.793202e+06,9.913357e+11,8.612769e+16,1,36,N,N
3.888839e+06,8.660030e+11,2.443805e+16,7.343971e+06,3.208605e+12,2.873986e+17,8.460211e+06,4.413734e+12,4.624560e+17,3.253356e+06,9.442200e+11,6.376667e+16,1,63,N,N
3.999287e+06,9.971180e+11,3.589118e+16,6.299920e+06,3.453665e+12,2.988824e+17,7.298327e+06,3.851473e+12,3.886671e+17,3.600931e+06,1.157890e+12,7.543277e+16,1,65,N,N
3.366013e+06,7.018850e+11,2.034304e+16,5.659238e+06,3.230071e+12,2.651851e+17,6.299583e+06,3.318780e+12,3.094117e+17,2.461359e+06,6.842795e+11,4.647022e+16,3,58,N,N
3.966455e+06,9.730239e+11,3.631579e+16,6.282578e+06,3.392787e+12,2.957089e+17,7.126818e+06,3.734419e+12,3.821761e+17,3.537005e+06,1.127729e+12,7.363124e+16,0,65,N,N
3.088161e+06,6.102851e+11,1.482977e+16,5.623071e+06,2.699022e+12,1.977466e+17,6.245299e+06,3.444769e+12,3.004038e+17,2.178216e+06,5.619535e+11,3.596958e+16,1,53,N,N
3.524953e+06,7.504334e+11,1.887792e+16,6.468814e+06,3.745768e+12,3.225481e+17,9.162350e+06,3.967336e+12,3.703781e+17,4.384862e+06,1.326863e+12,6.716494e+16,0,7,N,N
3.717712e+06,8.058605e+11,1.963390e+16,8.077446e+06,3.782393e+12,3.280792e+17,9.107216e+06,4.331560e+12,4.317122e+17,3.541636e+06,1.057499e+12,6.990005e+16,1,60,N,N
3.746691e+06,7.390783e+11,1.548706e+16,7.337493e+06,3.212083e+12,2.595000e+17,8.418490e+06,4.308620e+12,4.291911e+17,2.647985e+06,7.641848e+11,4.444291e+16,0,3,N,N
2.721871e+06,5.360079e+11,1.025004e+16,5.827510e+06,3.422223e+12,2.955987e+17,6.760298e+06,3.675708e+12,3.657252e+17,3.305594e+06,9.828436e+11,5.977340e+16,1,33,N,N
3.898984e+06,8.610423e+11,3.342265e+16,6.548471e+06,3.890670e+12,3.521170e+17,7.506936e+06,3.643066e+12,3.552808e+17,3.744272e+06,1.578377e+12,1.095320e+17,3,80,N,N
3.476024e+06,6.220092e+11,1.451903e+16,6.789877e+06,2.993697e+12,2.488098e+17,7.213908e+06,3.707324e+12,3.478939e+17,2.892444e+06,8.013755e+11,5.109894e+16,3,83,N,N
2.723306e+06,4.642997e+11,9.713326e+15,4.997854e+06,2.668845e+12,2.242219e+17,5.688245e+06,3.408705e+12,3.588349e+17,2.439348e+06,7.683144e+11,5.866989e+16,2,78,N,N
3.670535e+06,8.204689e+11,2.427138e+16,7.028465e+06,4.042251e+12,3.457346e+17,9.231013e+06,3.329054e+12,2.892514e+17,3.732424e+06,1.027745e+12,4.841447e+16,0,68,N,N
3.009197e+06,5.364790e+11,1.495304e+16,5.198412e+06,3.380170e+12,2.866121e+17,6.831442e+06,3.161539e+12,3.174154e+17,3.050146e+06,9.395642e+11,5.423857e+16,0,19,N,N
3.780270e+06,8.592804e+11,2.417163e+16,7.876931e+06,3.862903e+12,3.212857e+17,9.475357e+06,3.738189e+12,3.461715e+17,3.525957e+06,1.054582e+12,5.953604e+16,1,89,N,N
3.549629e+06,7.484825e+11,1.933194e+16,5.683292e+06,3.056379e+12,2.800103e+17,6.925024e+06,3.528636e+12,3.465512e+17,3.116974e+06,8.490676e+11,5.296413e+16,1,35,N,N
3.115928e+06,6.271006e+11,1.749015e+16,4.947045e+06,2.834235e+12,2.165470e+17,6.130304e+06,3.471516e+12,3.323639e+17,2.289007e+06,5.887532e+11,3.292313e+16,2,94,N,N
3.030889e+06,6.074195e+11,1.193779e+16,6.404557e+06,3.667564e+12,3.321242e+17,6.902442e+06,3.461186e+12,3.259224e+17,3.119431e+06,1.001409e+12,6.931354e+16,0,87,N,N
3.840997e+06,6.725022e+11,1.346223e+16,6.582729e+06,2.809291e+12,2.381725e+17,7.251895e+06,3.876696e+12,3.949534e+17,3.216660e+06,9.582166e+11,6.390466e+16,0,22,N,N
4.135816e+06,9.225563e+11,2.248887e+16,8.095694e+06,3.351368e+12,2.837853e+17,9.337145e+06,4.522493e+12,4.838369e+17,4.028476e+06,1.404255e+12,8.988253e+16,0,88,N,N
3.884956e+06,9.969005e+11,3.362580e+16,8.018562e+06,4.448492e+12,4.478152e+17,8.749601e+06,4.586504e+12,4.885945e+17,3.582094e+06,1.399406e+12,1.004443e+17,1,73,N,N
2.910764e+06,4.957175e+11,1.072777e+16,5.222877e+06,3.148818e+12,2.591192e+17,5.548169e+06,3.053897e+12,2.895068e+17,2.196751e+06,5.426781e+11,3.281085e+16,0,38,N,N
2.789756e+06,5.561395e+11,1.425786e+16,6.052435e+06,3.417725e+12,2.686978e+17,7.381425e+06,3.487623e+12,3.433898e+17,3.098379e+06,9.004458e+11,4.686368e+16,3,51,N,N
3.296639e+06,7.492946e+11,2.092940e+16,6.015519e+06,2.976830e+12,2.371096e+17,7.481916e+06,4.028962e+12,4.126786e+17,2.825008e+06,8.012470e+11,5.452647e+16,0,48,N,N
4.540803e+06,1.142903e+12,4.027281e+16,7.081334e+06,3.319209e+12,2.971783e+17,9.597542e+06,4.594679e+12,5.062505e+17,3.832950e+06,1.440541e+12,8.611030e+16,3,98,N,N
1.966492e+06,3.637890e+11,1.493429e+16,5.862375e+06,3.872096e+12,3.116349e+17,6.894397e+06,3.053913e+12,2.767922e+17,2.892564e+06,7.028365e+11,3.037451e+16,1,54,N,N
4.285690e+06,1.133122e+12,3.622767e+16,8.063021e+06,3.681598e+12,3.203142e+17,9.476933e+06,4.307717e+12,4.314505e+17,4.081512e+06,1.149317e+12,6.245514e+16,1,100,N,N
4.519052e+06,1.012753e+12,2.141806e+16,7.682980e+06,3.180597e+12,2.668156e+17,8.581116e+06,4.447534e+12,4.558264e+17,3.239792e+06,1.000962e+12,6.577344e+16,1,0,N,N
3.913520e+06,7.362920e+11,1.324806e+16,7.180911e+06,3.207558e+12,2.959381e+17,7.836898e+06,4.471577e+12,4.613168e+17,2.968052e+06,9.158599e+11,7.402186e+16,1,12,N,N
4.185244e+06,9.780807e+11,2.290933e+16,7.007329e+06,3.967443e+12,3.817597e+17,8.040895e+06,3.250571e+12,2.990890e+17,3.851665e+06,9.681988e+11,4.160671e+16,3,72,N,N
3.901213e+06,9.118154e+11,2.439267e+16,5.718186e+06,3.285641e+12,2.787855e+17,7.304374e+06,3.644952e+12,3.572956e+17,3.453372e+06,1.087698e+12,6.577537e+16,2,85,N,N
4.703166e+06,1.187700e+12,4.062854e+16,7.482055e+06,3.461715e+12,3.041334e+17,1.042147e+07,4.505924e+12,4.671397e+17,3.811436e+06,1.460114e+12,8.409569e+16,0,98,N,N
4.167138e+06,1.033968e+12,3.280544e+16,6.747146e+06,3.161454e+12,2.756146e+17,7.779992e+06,4.595305e+12,4.940220e+17,3.391196e+06,1.079081e+12,7.906707e+16,0,11,N,N
2.663050e+06,5.567167e+11,2.284974e+16,5.654188e+06,3.516913e+12,2.803342e+17,6.826763e+06,2.842554e+12,2.615503e+17,2.975506e+06,8.788377e+11,4.626951e+16,2,50,N,N
4.056314e+06,9.980072e+11,2.297718e+16,7.930259e+06,3.739149e+12,3.152281e+17,9.505698e+06,4.522054e+12,4.660505e+17,3.728695e+06,1.163118e+12,7.010325e+16,1,104,N,N
3.523103e+06,7.818319e+11,2.164635e+16,6.253768e+06,3.246914e+12,2.670848e+17,7.406337e+06,4.011736e+12,4.041808e+17,2.855891e+06,8.191232e+11,5.664425e+16,2,48,N,N
4.607371e+06,1.172608e+12,3.315995e+16,9.016302e+06,3.589881e+12,3.222721e+17,9.614989e+06,4.662213e+12,4.918788e+17,3.680077e+06,1.155538e+12,8.672636e+16,0,49,N,N
2.628484e+06,5.344904e+11,2.146927e+16,5.715916e+06,3.516243e+12,3.019731e+17,7.109838e+06,2.929107e+12,2.714702e+17,3.025105e+06,8.913467e+11,4.500861e+16,1,50,N,N
3.864483e+06,8.637494e+11,1.655088e+16,6.968978e+06,3.668530e+12,3.325323e+17,8.132970e+06,3.935852e+12,3.977570e+17,3.873610e+06,1.381278e+12,1.053097e+17,3,47,N,N
3.904154e+06,9.182413e+11,2.141038e+16,6.813311e+06,3.272323e+12,2.746267e+17,7.911777e+06,3.945376e+12,3.875883e+17,2.982586e+06,9.411037e+11,6.091616e+16,2,52,N,N
3.974909e+06,1.000236e+12,3.526064e+16,6.686435e+06,3.379564e+12,2.820549e+17,7.931523e+06,4.164159e+12,4.228941e+17,3.466308e+06,1.163455e+12,8.733971e+16,2,90,N,N
3.285470e+06,6.736673e+11,1.705378e+16,5.470191e+06,2.906167e+12,2.420732e+17,6.397061e+06,3.488418e+12,3.481399e+17,2.525655e+06,7.408159e+11,5.284399e+16,2,58,N,N
3.684019e+06,8.213878e+11,2.125777e+16,6.856868e+06,3.420451e+12,2.905198e+17,7.289268e+06,3.429872e+12,3.154473e+17,3.248736e+06,1.003186e+12,7.353032e+16,3,69,N,N
3.777103e+06,7.751805e+11,1.879175e+16,6.891464e+06,3.203359e+12,2.672020e+17,7.936768e+06,3.980653e+12,4.028219e+17,3.021842e+06,8.775797e+11,6.019436e+16,2,63,N,N
4.434868e+06,1.121609e+12,3.962739e+16,7.282270e+06,3.538060e+12,3.321191e+17,1.010781e+07,4.534475e+12,4.829827e+17,3.716420e+06,1.362339e+12,7.503982e+16,2,98,N,N
3.036268e+06,5.716131e+11,1.971180e+16,7.007115e+06,3.792432e+12,2.943438e+17,8.782198e+06,3.838495e+12,3.857504e+17,3.722051e+06,1.070434e+12,4.421328e+16,1,40,N,N
3.750148e+06,8.868833e+11,2.331894e+16,5.639213e+06,3.319535e+12,2.853528e+17,7.090920e+06,3.601268e+12,3.479857e+17,3.594186e+06,1.220711e+12,8.134427e+16,3,85,N,N
2.739999e+06,5.181792e+11,1.171647e+16,5.095135e+06,2.727524e+12,2.249041e+17,6.001349e+06,3.550697e+12,3.729765e+17,2.602514e+06,8.012741e+11,5.676434e+16,3,78,N,N
4.402063e+06,1.063274e+12,3.117540e+16,9.165728e+06,3.696437e+12,3.277553e+17,1.002987e+07,4.751862e+12,4.942842e+17,3.855528e+06,1.191704e+12,8.546748e+16,1,49,N,N
4.094330e+06,9.418141e+11,2.087520e+16,7.172738e+06,3.920927e+12,3.696355e+17,8.821305e+06,3.343576e+12,2.982622e+17,3.782901e+06,9.094789e+11,3.305573e+16,1,72,N,N
3.468744e+06,7.549799e+11,1.780730e+16,6.079410e+06,3.464534e+12,3.040775e+17,7.272468e+06,4.512954e+12,4.792817e+17,2.915381e+06,7.938104e+11,5.157278e+16,0,24,N,N
4.035333e+06,9.732695e+11,2.687822e+16,7.121197e+06,3.451344e+12,2.880114e+17,7.986085e+06,4.112555e+12,4.154764e+17,3.267833e+06,1.020088e+12,7.300555e+16,1,45,N,N
2.731470e+06,5.543660e+11,1.492321e+16,6.079377e+06,3.433359e+12,2.782471e+17,7.289393e+06,3.384961e+12,3.292186e+17,2.906182e+06,8.389023e+11,4.308510e+16,0,51,N,N
4.232055e+06,1.048819e+12,3.299823e+16,8.004646e+06,3.421980e+12,2.929782e+17,9.747353e+06,4.528481e+12,4.527026e+17,4.217511e+06,1.224654e+12,6.720976e+16,0,100,N,N
3.369457e+06,7.904699e+11,2.274713e+16,6.309707e+06,3.491397e+12,2.866094e+17,7.764155e+06,3.830159e+12,3.496174e+17,3.061436e+06,7.812922e+11,4.426395e+16,1,96,N,N
3.524272e+06,7.554810e+11,2.184325e+16,6.377732e+06,3.302719e+12,2.724738e+17,7.342992e+06,3.810010e+12,3.934009e+17,3.122732e+06,1.072785e+12,7.046929e+16,3,82,N,N
2.579339e+06,5.456185e+11,2.217531e+16,5.658326e+06,3.504968e+12,2.907937e+17,6.683537e+06,2.721285e+12,2.427793e+17,3.020619e+06,9.069127e+11,4.952474e+16,3,50,N,N
3.689131e+06,8.009269e+11,2.070138e+16,8.036298e+06,3.912374e+12,3.323359e+17,9.584721e+06,3.844620e+12,3.651307e+17,3.581607e+06,1.043997e+12,5.941278e+16,3,89,N,N
3.419317e+06,7.382824e+11,2.195694e+16,6.345624e+06,3.275157e+12,2.768837e+17,7.276991e+06,3.588904e+12,3.643990e+17,3.091627e+06,1.043417e+12,6.663878e+16,2,82,N,N
3.128700e+06,7.203285e+11,2.949161e+16,5.857336e+06,3.567017e+12,3.024874e+17,7.576751e+06,3.500067e+12,3.437907e+17,3.394484e+06,1.249544e+12,9.091937e+16,0,55,N,N
4.448987e+06,1.140159e+12,3.807662e+16,7.625165e+06,3.111966e+12,2.485485e+17,9.581928e+06,5.041853e+12,5.414617e+17,4.275514e+06,1.526020e+12,1.166873e+17,0,20,N,N
3.671784e+06,7.935482e+11,1.882470e+16,6.264151e+06,3.379417e+12,3.124202e+17,6.122750e+06,3.797294e+12,3.931947e+17,2.633186e+06,8.830382e+11,7.644494e+16,0,36,N,N
4.006799e+06,9.935787e+11,3.065798e+16,6.804100e+06,3.755390e+12,3.511945e+17,7.273775e+06,3.756288e+12,3.852993e+17,3.088482e+06,1.028284e+12,8.025314e+16,0,56,N,N
3.158197e+06,6.130644e+11,1.548258e+16,5.124605e+06,2.838722e+12,2.267621e+17,6.251938e+06,3.772423e+12,3.702484e+17,2.401781e+06,6.458795e+11,3.946578e+16,1,94,N,N
3.194871e+06,6.689038e+11,1.451673e+16,5.863991e+06,3.150959e+12,2.528689e+17,6.478340e+06,3.728435e+12,3.499674e+17,2.526379e+06,7.295305e+11,3.975365e+16,2,91,N,N
3.188675e+06,6.575702e+11,1.664526e+16,8.108131e+06,4.144763e+12,3.560461e+17,9.570096e+06,4.787030e+12,4.795283e+17,4.712982e+06,1.654194e+12,1.239644e+17,1,70,N,N
3.049721e+06,6.024981e+11,1.428753e+16,6.202778e+06,3.650241e+12,3.260267e+17,7.107650e+06,3.683916e+12,3.714416e+17,3.362819e+06,1.002262e+12,6.297634e+16,0,44,N,N
3.040375e+06,6.280631e+11,1.862317e+16,5.012770e+06,2.910918e+12,2.180390e+17,6.305298e+06,3.571410e+12,3.456341e+17,2.354129e+06,6.205387e+11,3.650377e+16,3,94,N,N
4.132047e+06,1.005690e+12,2.406387e+16,8.669719e+06,4.484409e+12,4.573995e+17,8.243062e+06,3.141584e+12,2.814052e+17,2.960025e+06,7.138317e+11,2.557899e+16,1,79,N,N
4.024519e+06,9.986756e+11,3.142079e+16,6.599228e+06,3.378959e+12,3.031092e+17,7.448608e+06,3.710125e+12,3.772336e+17,3.051219e+06,1.027866e+12,7.882082e+16,3,56,N,N
3.189296e+06,6.422128e+11,1.504467e+16,7.683779e+06,3.881644e+12,3.101009e+17,9.192646e+06,4.633834e+12,4.502011e+17,5.041103e+06,1.918209e+12,1.500854e+17,3,70,N,N
4.046211e+06,9.570054e+11,2.457864e+16,8.168548e+06,3.579308e+12,3.060815e+17,8.954070e+06,4.542501e+12,4.882746e+17,3.849777e+06,1.308364e+12,8.786818e+16,3,88,N,N
3.493842e+06,7.393434e+11,1.564549e+16,6.488754e+06,3.029977e+12,2.465454e+17,7.847674e+06,4.315574e+12,4.356133e+17,2.958761e+06,8.609237e+11,5.572170e+16,3,71,N,N
4.036927e+06,8.713131e+11,2.359496e+16,8.382644e+06,3.220357e+12,2.549310e+17,9.054129e+06,4.363603e+12,4.027336e+17,4.322357e+06,1.244085e+12,8.605429e+16,0,74,N,N
2.508302e+06,5.118080e+11,2.223128e+16,5.313893e+06,3.403363e+12,2.846095e+17,7.012030e+06,3.238410e+12,3.081867e+17,2.960191e+06,7.845110e+11,4.448850e+16,0,17,N,N
2.986420e+06,5.928606e+11,1.384386e+16,6.096507e+06,3.236140e+12,2.645217e+17,7.383096e+06,3.630646e+12,3.722123e+17,2.774273e+06,7.494165e+11,3.599585e+16,1,51,N,N
3.476891e+06,7.422601e+11,1.724758e+16,4.975764e+06,2.631396e+12,2.141797e+17,5.286927e+06,3.245499e+12,3.102658e+17,2.535851e+06,8.553532e+11,5.753577e+16,1,64,N,N
3.235214e+06,6.622186e+11,1.205391e+16,6.330980e+06,3.088053e+12,2.483878e+17,6.710154e+06,3.314014e+12,2.992603e+17,2.535355e+06,6.975374e+11,3.305541e+16,2,77,N,N
3.556417e+06,7.771682e+11,2.254221e+16,5.237563e+06,3.438698e+12,3.191213e+17,6.020406e+06,2.825205e+12,2.560093e+17,3.039426e+06,8.670434e+11,4.848177e+16,1,85,N,N
3.029183e+06,5.647952e+11,1.285482e+16,5.234277e+06,3.041001e+12,2.329368e+17,5.657966e+06,3.186839e+12,2.887715e+17,2.236214e+06,5.523858e+11,3.385443e+16,1,38,N,N
3.178713e+06,6.285923e+11,1.323710e+16,5.893797e+06,3.339432e+12,2.731223e+17,6.431802e+06,3.646300e+12,3.486611e+17,2.662326e+06,7.698951e+11,4.297583e+16,1,91,N,N
4.118913e+06,1.028768e+12,3.170802e+16,8.039320e+06,3.602047e+12,3.047402e+17,9.748402e+06,4.566112e+12,4.631954e+17,4.184872e+06,1.199097e+12,6.534971e+16,3,100,N,N
3.803852e+06,7.583632e+11,2.016321e+16,5.741076e+06,2.928313e+12,2.423120e+17,6.847733e+06,3.747565e+12,3.763375e+17,2.826942e+06,9.354566e+11,7.040527e+16,0,10,N,N
4.738261e+06,1.125824e+12,2.545086e+16,7.105256e+06,3.753984e+12,3.438338e+17,8.597890e+06,3.804006e+12,3.798365e+17,4.009659e+06,1.388639e+12,7.383798e+16,1,99,N,N
3.552957e+06,7.568530e+11,2.081314e+16,7.116779e+06,3.226548e+12,2.576232e+17,7.623735e+06,3.699534e+12,3.388053e+17,2.947748e+06,7.681204e+11,4.283590e+16,1,83,N,N
3.715368e+06,7.846162e+11,1.744664e+16,8.042953e+06,3.797949e+12,3.323310e+17,8.767666e+06,4.380892e+12,4.632832e+17,3.570095e+06,1.269545e+12,9.344544e+16,0,28,N,N
2.792658e+06,5.059523e+11,1.790886e+16,6.255727e+06,4.039361e+12,3.452883e+17,7.457923e+06,3.221980e+12,2.905159e+17,3.499491e+06,1.032745e+12,6.807547e+16,3,59,N,N
4.421621e+06,1.174467e+12,3.319272e+16,8.382325e+06,4.085419e+12,3.574308e+17,1.055985e+07,4.715222e+12,4.761582e+17,4.295925e+06,1.294292e+12,7.800308e+16,0,101,N,N
2.144597e+06,5.126420e+11,3.168582e+16,5.838383e+06,4.069291e+12,3.236705e+17,5.922855e+06,2.145695e+12,1.505202e+17,2.669481e+06,6.030209e+11,2.750080e+16,0,2,N,N
4.640432e+06,1.026696e+12,2.439953e+16,7.037057e+06,3.724925e+12,3.451269e+17,8.619159e+06,3.661463e+12,3.638795e+17,3.705910e+06,1.187728e+12,6.403960e+16,2,99,N,N
3.658141e+06,6.752016e+11,1.594302e+16,6.225440e+06,2.744253e+12,2.149233e+17,7.893612e+06,3.707133e+12,3.786028e+17,3.392608e+06,1.119960e+12,7.080208e+16,0,14,N,N
4.639539e+06,1.165036e+12,3.016228e+16,7.341354e+06,3.313359e+12,2.896609e+17,8.089242e+06,4.134642e+12,4.266221e+17,3.369066e+06,1.049954e+12,7.302803e+16,1,84,N,N
3.397135e+06,6.782801e+11,1.537406e+16,5.997973e+06,3.037495e+12,2.407350e+17,7.283781e+06,3.754065e+12,3.675990e+17,2.834394e+06,8.023209e+11,4.904310e+16,3,92,N,N
4.796967e+06,1.175681e+12,3.579509e+16,9.064179e+06,3.676532e+12,3.368897e+17,9.318736e+06,4.638087e+12,4.932654e+17,3.549449e+06,1.125913e+12,8.680636e+16,3,49,N,N
2.894126e+06,5.673715e+11,2.394338e+16,7.408966e+06,4.284118e+12,3.703839e+17,8.876447e+06,3.472662e+12,3.275631e+17,3.633833e+06,1.046064e+12,4.270923e+16,0,40,N,N
3.307903e+06,7.185644e+11,1.635545e+16,6.938198e+06,3.522402e+12,3.087298e+17,8.011910e+06,3.585950e+12,3.535211e+17,3.295436e+06,9.699608e+11,5.200451e+16,2,57,N,N
4.549289e+06,1.226001e+12,5.377852e+16,7.722887e+06,3.676914e+12,3.250442e+17,9.764631e+06,5.096663e+12,5.208255e+17,4.498613e+06,1.592920e+12,1.229505e+17,0,95,N,N
3.445519e+06,7.730166e+11,2.372175e+16,8.296368e+06,4.381257e+12,3.894134e+17,9.138814e+06,4.407187e+12,4.491596e+17,3.683405e+06,1.162883e+12,8.244284e+16,2,60,N,N
3.947077e+06,9.490470e+11,2.837437e+16,7.364422e+06,4.174006e+12,4.246145e+17,7.751671e+06,4.214548e+12,4.469596e+17,3.506683e+06,1.408205e+12,1.050320e+17,2,73,N,N
2.466383e+06,6.811287e+11,4.859086e+16,6.982269e+06,4.855301e+12,4.595778e+17,9.749320e+06,5.006669e+12,4.931577e+17,4.905665e+06,1.759755e+12,1.127589e+17,3,67,N,N
3.320997e+06,7.639610e+11,2.041593e+16,7.662988e+06,3.816818e+12,3.334852e+17,8.720258e+06,4.318129e+12,4.357725e+17,3.712788e+06,1.128070e+12,7.942404e+16,2,70,N,N
3.645275e+06,8.139912e+11,1.806867e+16,6.827326e+06,3.565124e+12,3.083320e+17,7.875684e+06,3.894681e+12,3.985340e+17,2.939099e+06,9.562567e+11,6.447153e+16,3,52,N,N
4.071590e+06,9.161057e+11,2.280755e+16,7.743954e+06,3.633920e+12,3.141374e+17,8.956656e+06,4.356218e+12,4.508820e+17,3.294100e+06,1.077531e+12,7.218311e+16,1,43,N,N
4.519077e+06,1.193841e+12,5.058106e+16,7.523449e+06,3.754175e+12,3.359287e+17,9.247344e+06,4.878857e+12,4.889147e+17,4.360377e+06,1.605477e+12,1.324854e+17,1,95,N,N
4.480217e+06,9.851204e+11,2.831190e+16,7.679657e+06,3.437551e+12,2.859715e+17,8.292836e+06,3.889989e+12,3.699848e+17,3.466256e+06,1.077781e+12,6.748594e+16,0,62,N,N
3.158622e+06,6.275661e+11,1.707239e+16,5.311811e+06,3.542501e+12,3.225874e+17,6.321197e+06,3.411713e+12,3.542312e+17,2.452461e+06,5.853026e+11,2.472164e+16,0,9,N,N
2.924893e+06,5.461848e+11,8.902022e+15,5.916462e+06,3.152419e+12,2.713398e+17,6.902694e+06,3.785944e+12,3.744099e+17,3.021622e+06,9.623743e+11,6.987164e+16,3,87,N,N
4.735866e+06,1.178000e+12,3.754235e+16,9.323984e+06,3.922072e+12,3.491128e+17,1.098052e+07,5.290339e+12,5.577310e+17,4.422055e+06,1.335700e+12,9.050157e+16,3,86,N,N
2.589255e+06,6.335693e+11,3.894462e+16,5.926295e+06,4.013839e+12,3.189013e+17,7.267791e+06,3.070551e+12,2.744320e+17,3.245521e+06,9.177901e+11,5.054753e+16,1,81,N,N
3.291902e+06,5.596436e+11,1.213607e+16,5.015855e+06,2.877847e+12,2.461969e+17,6.071538e+06,2.867734e+12,2.767683e+17,2.574709e+06,6.929382e+11,3.106497e+16,2,66,N,N
2.867520e+06,5.610788e+11,1.026156e+16,5.762721e+06,3.230733e+12,2.935469e+17,6.963224e+06,3.928119e+12,4.003487e+17,3.244972e+06,1.006059e+12,6.298702e+16,0,33,N,N
2.841256e+06,5.257804e+11,1.288844e+16,5.772763e+06,2.984981e+12,2.232952e+17,6.344503e+06,3.188807e+12,2.887302e+17,2.298354e+06,5.802437e+11,3.629128e+16,0,53,N,N
2.988369e+06,6.402121e+11,2.884620e+16,6.635615e+06,4.563290e+12,4.103409e+17,7.483810e+06,3.321293e+12,3.056405e+17,3.534448e+06,1.124749e+12,8.025770e+16,2,59,N,N
3.526892e+06,7.597210e+11,1.788078e+16,6.454149e+06,3.729769e+12,3.309913e+17,7.002665e+06,3.701087e+12,3.786228e+17,3.261359e+06,1.099483e+12,6.927732e+16,0,16,N,N
3.969694e+06,9.430057e+11,2.736785e+16,8.461898e+06,3.782641e+12,3.294602e+17,8.767921e+06,4.184086e+12,4.148052e+17,3.429569e+06,9.154444e+11,5.761575e+16,2,74,N,N
3.814144e+06,8.929660e+11,2.140838e+16,6.716886e+06,2.942962e+12,2.318606e+17,7.613338e+06,4.222743e+12,4.140238e+17,2.886265e+06,7.962280e+11,5.311844e+16,3,102,N,N
3.782183e+06,8.005418e+11,1.904971e+16,6.829564e+06,3.353566e+12,2.915699e+17,7.699410e+06,3.662244e+12,3.553075e+17,3.156908e+06,9.290922e+11,6.541214e+16,1,69,N,N
4.662922e+06,1.053877e+12,3.112393e+16,8.999756e+06,3.447874e+12,2.956913e+17,1.068810e+07,5.155008e+12,5.406694e+17,4.112905e+06,1.198373e+12,8.118352e+16,0,86,N,N
4.065380e+06,8.305890e+11,1.726572e+16,7.529055e+06,3.160077e+12,2.653231e+17,9.806732e+06,4.771315e+12,5.160882e+17,3.918042e+06,1.204608e+12,6.835629e+16,0,104,N,N
3.955379e+06,7.084113e+11,1.406450e+16,7.081259e+06,2.976613e+12,2.591286e+17,7.655399e+06,4.651087e+12,4.895924e+17,3.049982e+06,9.731418e+11,8.061297e+16,0,12,N,N
2.072917e+06,3.781096e+11,1.591385e+16,5.909652e+06,3.878511e+12,3.075424e+17,6.791411e+06,2.879464e+12,2.581941e+17,2.850760e+06,6.952878e+11,2.860535e+16,0,54,N,N
4.032288e+06,9.348617e+11,2.643597e+16,8.041966e+06,3.218792e+12,2.557575e+17,8.936263e+06,4.383400e+12,4.170254e+17,3.854573e+06,1.079130e+12,7.044103e+16,1,74,N,N
3.411033e+06,6.564363e+11,1.525951e+16,6.563341e+06,2.951964e+12,2.338617e+17,7.356269e+06,3.649430e+12,3.524031e+17,2.817952e+06,7.714651e+11,4.701449e+16,2,83,N,N
3.482037e+06,7.181937e+11,1.641118e+16,5.984804e+06,3.069803e+12,2.406829e+17,7.179438e+06,3.599367e+12,3.539538e+17,2.779792e+06,7.624793e+11,4.708769e+16,1,92,N,N
4.230689e+06,1.176216e+12,3.474510e+16,8.651585e+06,4.238921e+12,3.766302e+17,1.042764e+07,4.849687e+12,4.949802e+17,4.373234e+06,1.416318e+12,9.268520e+16,3,101,N,N
3.807985e+06,8.727057e+11,2.671087e+16,6.672904e+06,3.708128e+12,3.600782e+17,7.220643e+06,3.649376e+12,3.750517e+17,3.058900e+06,1.031495e+12,8.154814e+16,1,56,N,N
3.748834e+06,6.402413e+11,1.160797e+16,6.442958e+06,3.040584e+12,2.438748e+17,7.966503e+06,3.865015e+12,3.847416e+17,3.305112e+06,9.719821e+11,6.498631e+16,0,25,N,N
3.672469e+06,8.056343e+11,1.801563e+16,6.581943e+06,3.068004e+12,2.477400e+17,7.821029e+06,4.239335e+12,4.249011e+17,2.990197e+06,9.156634e+11,6.000741e+16,2,71,N,N
2.901806e+06,4.971709e+11,1.046490e+16,4.928597e+06,2.778520e+12,2.249681e+17,5.555414e+06,2.954091e+12,2.801942e+17,2.440612e+06,6.401212e+11,3.521724e+16,1,75,N,N
4.371606e+06,1.194371e+12,3.624789e+16,8.390611e+06,3.962019e+12,3.511347e+17,1.074656e+07,5.134832e+12,5.461714e+17,4.473379e+06,1.461691e+12,9.572294e+16,1,101,N,N
4.262773e+06,1.012701e+12,2.631293e+16,7.821422e+06,4.060660e+12,3.751687e+17,9.826065e+06,4.410949e+12,4.617767e+17,3.862013e+06,1.311441e+12,8.145440e+16,0,23,N,N
3.192286e+06,6.051583e+11,1.429553e+16,5.979597e+06,3.187371e+12,2.531994e+17,7.112331e+06,3.616530e+12,3.487060e+17,2.768565e+06,6.338317e+11,2.459969e+16,0,37,N,N
3.735998e+06,8.581127e+11,2.318738e+16,5.724395e+06,3.520271e+12,3.151040e+17,6.766117e+06,3.246052e+12,3.023340e+17,3.380602e+06,1.012861e+12,5.994374e+16,0,85,N,N
3.450211e+06,7.632780e+11,2.040985e+16,6.233829e+06,3.270009e+12,2.729551e+17,7.857107e+06,3.884078e+12,3.628262e+17,3.197811e+06,8.586268e+11,5.073642e+16,0,96,N,N
2.739968e+06,4.744218e+11,1.001937e+16,4.865881e+06,2.488106e+12,1.933248e+17,5.835867e+06,3.451027e+12,3.432582e+17,2.626259e+06,8.339727e+11,6.443395e+16,0,78,N,N
4.090101e+06,9.859872e+11,3.011186e+16,6.552882e+06,3.375334e+12,3.052302e+17,7.352196e+06,3.705228e+12,3.790983e+17,3.067864e+06,1.027601e+12,7.726942e+16,2,56,N,N
4.042435e+06,9.302035e+11,2.627892e+16,7.137594e+06,3.380085e+12,2.904321e+17,7.826995e+06,3.841723e+12,3.602523e+17,3.272212e+06,1.010716e+12,7.523314e+16,0,69,N,N
3.302403e+06,6.994804e+11,1.881695e+16,6.556236e+06,2.865421e+12,2.371266e+17,8.039957e+06,3.967559e+12,4.115014e+17,3.331046e+06,1.014292e+12,5.918352e+16,3,57,N,N
3.413754e+06,7.427106e+11,1.626773e+16,6.423115e+06,3.126981e+12,2.575650e+17,8.031776e+06,3.724187e+12,3.761377e+17,3.266587e+06,9.368063e+11,4.888661e+16,1,57,N,N
3.893599e+06,8.780421e+11,2.382392e+16,7.960494e+06,3.960415e+12,3.426691e+17,9.857266e+06,3.953352e+12,3.686518e+17,3.617947e+06,1.070854e+12,5.864457e+16,2,89,N,N
3.094334e+06,5.896358e+11,1.537597e+16,4.932195e+06,2.769272e+12,2.193938e+17,6.281512e+06,3.567118e+12,3.560694e+17,2.429234e+06,6.524530e+11,3.702697e+16,0,94,N,N
4.054511e+06,9.596825e+11,2.513425e+16,8.738959e+06,4.323771e+12,4.197758e+17,9.345970e+06,3.675094e+12,3.449780e+17,3.352963e+06,9.573023e+11,3.911672e+16,0,79,N,N
3.207875e+06,6.056898e+11,1.835609e+16,6.803753e+06,4.038510e+12,3.787683e+17,8.197517e+06,4.368506e+12,4.494883e+17,3.929909e+06,1.344453e+12,9.179116e+16,0,21,N,N
3.444503e+06,7.247863e+11,1.966436e+16,6.188982e+06,3.031164e+12,2.445717e+17,7.380772e+06,3.529190e+12,3.497155e+17,3.029286e+06,1.050803e+12,6.713096e+16,0,82,N,N
3.377509e+06,6.712186e+11,1.644402e+16,6.830986e+06,3.131792e+12,2.499612e+17,7.628273e+06,3.616317e+12,3.461727e+17,2.924840e+06,7.585828e+11,4.317179e+16,0,83,N,N
3.077984e+06,6.701746e+11,1.904469e+16,6.442246e+06,3.635792e+12,2.948120e+17,7.671464e+06,3.875985e+12,4.009671e+17,2.757927e+06,7.911978e+11,5.399154e+16,1,48,N,N
4.309405e+06,1.082296e+12,2.550530e+16,7.282091e+06,3.694944e+12,3.324621e+17,7.838577e+06,3.899465e+12,3.946357e+17,3.309225e+06,1.024263e+12,7.302636e+16,3,84,N,N
3.685498e+06,7.553540e+11,1.721508e+16,7.814702e+06,3.535811e+12,2.889205e+17,9.378674e+06,4.382860e+12,4.308405e+17,4.095987e+06,1.221329e+12,8.373284e+16,0,60,N,N
3.431657e+06,7.051514e+11,1.577102e+16,7.782759e+06,3.627842e+12,3.034053e+17,9.143285e+06,4.211359e+12,4.229965e+17,3.502550e+06,1.058732e+12,6.935661e+16,3,60,N,N
3.807750e+06,8.834766e+11,3.793353e+16,6.637404e+06,3.132808e+12,2.601646e+17,8.808461e+06,5.331351e+12,6.042712e+17,4.155988e+06,1.562502e+12,1.234992e+17,0,13,N,N
3.790084e+06,8.983915e+11,2.423530e+16,6.712462e+06,3.637608e+12,3.545652e+17,6.720598e+06,3.813775e+12,3.742682e+17,3.013742e+06,1.006521e+12,7.342537e+16,0,30,N,N
2.756070e+06,6.413380e+11,3.543121e+16,5.661999e+06,3.666579e+12,2.722739e+17,7.332384e+06,3.060338e+12,2.674238e+17,3.248794e+06,9.578239e+11,5.196353e+16,3,81,N,N
3.774887e+06,6.073702e+11,1.381054e+16,6.612410e+06,2.704006e+12,2.251310e+17,7.786149e+06,4.363190e+12,4.868706e+17,2.993190e+06,8.997811e+11,6.784238e+16,3,63,N,N
3.381047e+06,6.640779e+11,1.476264e+16,4.858808e+06,2.358466e+12,1.930526e+17,5.432977e+06,3.562591e+12,3.688591e+17,2.333063e+06,7.161496e+11,4.625467e+16,2,64,N,N
3.486031e+06,6.703254e+11,1.417144e+16,6.842416e+06,3.454666e+12,3.059582e+17,8.191175e+06,4.135758e+12,4.308818e+17,3.326928e+06,1.039872e+12,7.709352e+16,2,69,N,N
4.130551e+06,8.707817e+11,1.875101e+16,6.989565e+06,3.191838e+12,2.872376e+17,7.832775e+06,4.712001e+12,4.975013e+17,3.133238e+06,9.866956e+11,7.929869e+16,2,12,N,N
3.707125e+06,7.883909e+11,2.253132e+16,5.615996e+06,3.115879e+12,2.531770e+17,6.905285e+06,3.641789e+12,3.624355e+17,2.901362e+06,9.420674e+11,6.590572e+16,1,10,N,N
3.973215e+06,8.600951e+11,1.905713e+16,7.660928e+06,3.635315e+12,3.138979e+17,8.849421e+06,4.140937e+12,4.338296e+17,3.221933e+06,1.049193e+12,6.822052e+16,0,43,N,N
2.439553e+06,6.286427e+11,3.908825e+16,6.343223e+06,4.342902e+12,3.945696e+17,9.103998e+06,4.263109e+12,4.112155e+17,4.363339e+06,1.448959e+12,8.534076e+16,0,67,N,N
3.018439e+06,5.863199e+11,1.355441e+16,5.695977e+06,2.972261e+12,2.278646e+17,6.346168e+06,3.228657e+12,2.919413e+17,2.153793e+06,5.179667e+11,3.112759e+16,2,53,N,N
4.128602e+06,9.757939e+11,3.511875e+16,6.112426e+06,3.298392e+12,2.842997e+17,7.308587e+06,3.909641e+12,3.998740e+17,3.531335e+06,1.140333e+12,7.591456e+16,3,65,N,N
2.650446e+06,5.733531e+11,2.760419e+16,7.834515e+06,4.403302e+12,3.923594e+17,9.678032e+06,4.054226e+12,3.899868e+17,3.979158e+06,1.382851e+12,8.059266e+16,3,76,N,N
3.577002e+06,7.339439e+11,1.590686e+16,6.478652e+06,2.819063e+12,2.205627e+17,7.765747e+06,4.464601e+12,4.632283e+17,2.935999e+06,8.389822e+11,5.697069e+16,1,102,N,N
4.288468e+06,1.060596e+12,3.522186e+16,7.577626e+06,4.078172e+12,4.059624e+17,8.236927e+06,4.635026e+12,4.945492e+17,3.901922e+06,1.593156e+12,1.260435e+17,0,73,N,N
