7.993811e+02,2.760499e+04,1.272846e+05,1.526366e+03,6.249515e+04,3.466823e+05,1.617170e+03,7.099719e+04,5.758521e+05,1.606364e+03,9.669405e+04,6.926700e+05,3,72,N,N
1.054491e+03,7.162847e+04,5.018593e+05,1.709884e+03,5.708600e+04,2.520421e+05,2.205339e+03,7.306150e+04,4.487575e+05,2.181470e+03,1.350016e+05,1.079539e+06,3,93,N,N
7.767430e+02,3.325725e+04,8.582556e+04,1.521031e+03,5.977402e+04,2.243788e+05,1.938865e+03,9.413236e+04,6.458165e+05,2.408500e+03,2.588145e+05,5.361008e+06,0,26,N,N
1.057393e+03,6.819992e+04,4.406166e+05,1.631094e+03,8.754790e+04,3.930004e+05,2.267004e+03,8.177528e+04,5.323365e+05,1.794726e+03,1.062521e+05,6.711698e+05,3,96,N,N
1.076164e+03,6.593232e+04,3.452893e+05,1.517426e+03,1.040649e+05,4.062012e+05,1.950926e+03,5.298406e+04,2.559495e+05,1.660330e+03,1.300035e+05,9.376909e+05,1,55,N,N
7.988850e+02,3.404887e+04,1.212306e+05,1.455434e+03,6.077400e+04,3.145879e+05,2.085470e+03,8.407689e+04,7.546245e+05,1.756300e+03,1.323820e+05,1.433859e+06,3,90,N,N
9.974787e+02,6.296788e+04,3.313357e+05,1.650402e+03,1.181092e+05,7.380639e+05,2.481192e+03,7.727469e+04,3.554865e+05,2.242009e+03,1.174972e+05,7.213271e+05,1,5,N,N
5.886342e+02,1.938265e+04,4.182566e+04,1.221955e+03,5.736572e+04,4.557379e+05,1.449932e+03,8.078577e+04,8.004752e+05,9.237651e+02,5.851684e+04,1.948310e+05,0,27,N,N
1.145097e+03,7.235757e+04,2.316543e+05,1.674610e+03,1.512421e+05,5.611588e+05,2.134983e+03,6.864168e+04,3.361875e+05,1.901414e+03,1.206819e+05,7.384286e+05,0,28,N,N
8.259793e+02,5.416321e+04,3.070763e+05,1.615017e+03,6.004878e+04,3.081381e+05,1.667993e+03,5.813523e+04,2.734225e+05,1.201700e+03,6.255109e+04,9.754786e+04,0,67,N,N
9.709216e+02,6.424488e+04,3.995000e+05,1.536926e+03,9.634050e+04,3.594419e+05,1.896269e+03,5.344568e+04,1.546916e+05,1.419865e+03,8.688990e+04,1.159228e+05,3,91,N,N
1.055700e+03,7.126759e+04,7.208424e+05,1.619486e+03,1.612813e+05,1.061033e+06,2.527612e+03,8.707980e+04,5.043914e+05,1.864160e+03,1.133207e+05,8.208093e+05,0,16,N,N
1.164947e+03,8.608247e+04,5.446606e+05,1.464911e+03,1.830170e+05,6.691117e+05,1.762601e+03,4.973924e+04,1.731738e+05,1.478180e+03,8.373549e+04,4.153126e+05,3,99,N,N
1.012405e+03,6.101312e+04,2.862694e+05,1.621012e+03,6.815855e+04,3.543644e+05,2.169480e+03,5.980100e+04,2.514681e+05,1.657318e+03,8.940861e+04,2.929807e+05,3,78,N,N
1.289513e+03,8.808099e+04,2.556152e+05,1.535612e+03,1.088200e+05,3.715281e+05,1.773772e+03,5.726506e+04,2.608591e+05,1.502920e+03,7.245309e+04,3.246929e+05,2,102,N,N
7.729751e+02,2.996588e+04,1.743739e+05,1.697300e+03,1.016152e+05,5.325358e+05,2.088985e+03,8.130462e+04,5.589804e+05,1.743655e+03,1.098726e+05,4.161811e+05,0,22,N,N
8.223649e+02,3.145034e+04,1.367214e+05,1.475492e+03,7.887589e+04,2.426337e+05,1.692107e+03,5.473534e+04,3.019741e+05,1.529592e+03,8.151606e+04,3.336067e+05,1,84,N,N
4.548460e+02,1.640802e+04,6.968559e+04,1.362876e+03,7.139763e+04,2.660755e+05,1.552250e+03,4.112732e+04,1.839740e+05,1.522358e+03,1.592966e+05,8.600492e+05,2,82,N,N
1.211536e+03,7.979890e+04,2.796667e+05,1.359708e+03,9.634041e+04,2.543155e+05,1.624033e+03,4.090066e+04,1.291919e+05,1.237646e+03,6.564820e+04,1.733000e+05,3,68,N,N
6.982976e+02,2.463666e+04,8.088590e+04,1.314160e+03,6.017859e+04,2.026529e+05,1.485310e+03,4.451474e+04,1.948171e+05,1.375077e+03,6.371851e+04,2.263733e+05,3,80,N,N
1.094555e+03,7.409712e+04,5.857702e+05,1.292000e+03,1.171488e+05,4.637620e+05,1.577801e+03,5.610153e+04,2.684371e+05,1.495268e+03,8.156177e+04,4.639053e+05,1,10,N,N
8.998120e+02,6.083247e+04,4.664508e+05,1.370922e+03,6.473117e+04,2.253986e+05,1.531540e+03,3.865799e+04,9.257579e+04,1.300117e+03,6.795728e+04,1.731589e+05,0,56,N,N
1.210448e+03,7.847791e+04,2.651330e+05,1.593545e+03,1.074575e+05,4.693640e+05,2.396929e+03,1.230099e+05,9.226667e+05,1.982002e+03,1.184809e+05,9.554528e+05,1,86,N,N
9.512534e+02,7.022714e+04,6.027500e+05,1.696784e+03,1.627917e+05,1.086583e+06,2.224849e+03,1.565444e+05,1.505787e+06,1.562950e+03,1.082193e+05,5.812855e+05,1,73,N,N
6.780004e+02,3.655879e+04,1.284187e+05,1.634319e+03,1.115970e+05,4.953009e+05,1.797244e+03,8.667017e+04,4.994260e+05,1.517222e+03,7.283105e+04,3.979336e+05,1,40,N,N
4.811688e+02,3.471020e+04,1.679165e+05,1.106323e+03,1.406240e+05,8.452588e+05,1.940136e+03,3.328842e+05,5.002124e+06,2.685074e+03,6.740778e+05,3.406931e+07,2,76,N,N
8.863128e+02,3.877454e+04,1.998542e+05,1.550065e+03,6.190296e+04,2.626341e+05,1.744796e+03,6.854769e+04,4.411266e+05,1.679219e+03,1.139117e+05,1.220371e+06,0,76,N,N
6.807067e+02,2.660406e+04,1.284147e+05,1.484098e+03,6.282388e+04,2.990280e+05,1.604342e+03,6.479444e+04,3.489880e+05,1.211591e+03,7.547765e+04,2.896426e+05,2,53,N,N
1.102986e+03,7.025009e+04,3.195803e+05,1.636260e+03,3.941466e+04,8.086350e+04,1.691080e+03,4.417168e+04,9.573344e+04,1.165414e+03,6.210069e+04,9.430555e+04,1,65,N,N
7.282035e+02,2.536055e+04,1.202368e+05,1.328153e+03,3.896033e+04,1.828975e+05,2.181954e+03,9.257570e+04,9.406595e+05,2.219771e+03,1.706118e+05,6.803649e+05,0,32,N,N
7.363899e+02,4.594095e+04,5.404157e+05,1.365608e+03,1.270595e+05,5.278116e+05,1.455534e+03,4.291287e+04,1.349488e+05,1.133595e+03,8.003627e+04,9.751310e+04,3,98,N,N
1.064851e+03,7.615888e+04,5.185824e+05,1.383965e+03,1.537279e+05,6.748009e+05,1.909003e+03,8.752289e+04,5.639881e+05,1.433008e+03,9.100869e+04,4.697679e+05,0,10,N,N
9.988995e+02,6.557970e+04,4.939671e+05,1.344015e+03,1.659142e+05,7.439153e+05,1.551313e+03,4.203763e+04,1.434912e+05,1.464510e+03,8.470436e+04,4.058851e+05,2,99,N,N
6.765878e+02,2.181886e+04,1.239478e+05,1.037108e+03,2.834674e+04,4.899784e+04,1.129095e+03,3.144960e+04,3.404512e+04,1.183682e+03,7.436625e+04,4.588774e+04,3,61,N,N
6.011079e+02,3.372649e+04,2.135325e+05,1.537055e+03,1.126104e+05,5.343131e+05,1.707950e+03,8.008606e+04,5.813941e+05,1.588645e+03,9.358850e+04,6.060919e+05,3,95,N,N
9.249173e+02,5.453085e+04,5.101371e+05,1.118388e+03,8.366465e+04,3.978245e+05,1.246471e+03,3.369889e+04,9.890600e+04,1.235951e+03,6.795690e+04,1.436527e+05,0,55,N,N
8.080706e+02,3.508729e+04,2.176272e+05,1.491548e+03,4.031716e+04,1.003304e+05,1.501128e+03,4.106773e+04,8.833715e+04,1.279738e+03,7.828131e+04,1.651602e+05,2,66,N,N
9.643011e+02,6.588635e+04,4.425072e+05,1.382983e+03,9.574626e+04,3.496349e+05,1.639228e+03,4.638385e+04,1.370880e+05,1.326126e+03,7.688988e+04,1.396432e+05,3,56,N,N
1.035337e+03,6.026814e+04,2.390226e+05,1.590091e+03,5.388661e+04,1.945552e+05,2.154254e+03,8.236950e+04,5.626310e+05,2.125245e+03,1.386150e+05,1.273697e+06,2,84,N,N
8.506398e+02,3.822203e+04,2.098442e+05,1.455049e+03,4.288843e+04,1.945493e+05,1.898861e+03,6.398496e+04,4.072727e+05,1.468388e+03,9.581159e+04,5.650548e+05,2,92,N,N
9.604526e+02,5.789226e+04,1.969628e+05,1.569587e+03,6.994506e+04,2.671174e+05,2.090827e+03,6.639947e+04,3.660242e+05,1.699578e+03,1.115193e+05,7.605014e+05,2,62,N,N
9.194861e+02,5.417411e+04,2.010391e+05,1.660431e+03,8.716361e+04,4.006085e+05,2.371449e+03,9.438013e+04,6.340625e+05,1.847727e+03,1.095371e+05,4.731319e+05,0,83,N,N
1.003089e+03,5.917529e+04,1.737368e+05,1.791277e+03,4.456793e+04,1.348137e+05,2.460249e+03,7.553067e+04,3.802806e+05,2.444390e+03,1.354665e+05,6.439594e+05,1,57,N,N
9.588571e+02,4.552395e+04,2.801796e+05,1.557727e+03,5.460859e+04,1.702949e+05,1.909297e+03,7.335631e+04,4.566700e+05,1.615611e+03,1.046566e+05,9.247658e+05,3,59,N,N
1.206553e+03,7.978057e+04,4.879049e+05,1.606721e+03,1.286728e+05,5.126525e+05,2.066741e+03,5.197217e+04,1.242378e+05,1.755997e+03,8.909101e+04,3.014383e+05,0,11,N,N
6.158803e+02,3.122052e+04,1.542794e+05,1.436744e+03,9.326943e+04,3.780323e+05,1.571506e+03,7.876768e+04,5.576460e+05,1.383819e+03,7.615490e+04,4.197388e+05,0,13,N,N
1.056334e+03,7.456075e+04,5.668077e+05,1.403502e+03,1.196761e+05,5.557641e+05,2.220078e+03,6.084469e+04,3.045982e+05,1.970191e+03,1.258057e+05,5.110781e+05,1,64,N,N
6.853759e+02,3.505505e+04,3.077009e+05,1.801166e+03,1.451132e+05,8.430926e+05,2.127660e+03,8.141257e+04,4.984050e+05,1.593745e+03,9.700818e+04,3.296461e+05,1,35,N,N
1.305461e+03,9.125309e+04,3.962063e+05,1.823233e+03,1.780860e+05,9.045728e+05,2.488988e+03,8.605802e+04,5.052638e+05,2.409210e+03,1.341919e+05,8.425652e+05,0,8,N,N
1.183608e+03,9.592334e+04,6.891085e+05,1.717353e+03,1.523041e+05,7.198301e+05,2.546357e+03,1.528515e+05,1.463751e+06,2.216299e+03,1.710562e+05,1.627799e+06,0,86,N,N
1.165405e+03,6.601543e+04,4.141250e+05,1.503368e+03,1.215618e+05,4.014056e+05,2.208712e+03,1.039989e+05,8.026569e+05,2.103949e+03,1.531423e+05,1.698118e+06,1,63,N,N
7.035121e+02,2.557181e+04,1.156881e+05,1.510265e+03,4.896662e+04,2.296316e+05,2.102412e+03,6.311862e+04,3.371437e+05,2.044913e+03,1.689105e+05,2.086383e+06,2,51,N,N
6.366251e+02,2.721875e+04,1.314844e+05,1.433639e+03,6.691572e+04,3.765539e+05,1.799221e+03,8.783234e+04,6.930983e+05,1.178576e+03,1.003740e+05,5.986729e+05,3,48,N,N
1.143412e+03,7.287499e+04,3.369226e+05,1.607898e+03,1.270738e+05,4.474764e+05,1.923890e+03,6.415041e+04,3.252283e+05,1.446592e+03,8.153528e+04,2.842377e+05,0,14,N,N
9.663889e+02,7.350479e+04,6.965965e+05,1.511009e+03,1.368649e+05,5.938384e+05,2.104601e+03,8.947158e+04,4.838141e+05,1.997921e+03,1.158772e+05,9.083642e+05,1,54,N,N
9.389581e+02,5.658005e+04,3.279594e+05,1.326859e+03,1.149636e+05,3.597956e+05,1.648631e+03,4.413465e+04,1.701966e+05,1.334153e+03,8.382220e+04,2.913718e+05,1,52,N,N
9.929413e+02,5.931410e+04,2.876617e+05,1.376762e+03,1.079672e+05,3.276232e+05,2.117972e+03,1.013186e+05,6.937165e+05,1.744640e+03,1.295570e+05,1.219196e+06,0,63,N,N
1.052164e+03,6.728273e+04,2.879605e+05,1.569025e+03,1.411477e+05,4.591540e+05,2.001473e+03,8.978262e+04,6.145403e+05,2.192795e+03,1.582174e+05,1.914807e+06,3,101,N,N
1.095576e+03,8.072696e+04,4.143504e+05,1.479822e+03,1.144188e+05,3.449208e+05,1.690659e+03,4.594814e+04,1.240256e+05,1.411652e+03,6.604093e+04,9.511169e+04,2,91,N,N
6.689002e+02,3.680944e+04,2.005677e+05,1.563642e+03,8.318719e+04,4.337998e+05,1.731585e+03,7.707460e+04,5.854989e+05,1.517923e+03,9.487963e+04,6.600953e+05,3,49,N,N
8.417542e+02,5.171366e+04,3.640259e+05,1.722849e+03,1.487101e+05,6.033849e+05,2.095921e+03,8.289385e+04,5.637354e+05,1.644734e+03,9.255871e+04,4.527114e+05,0,102,N,N
9.594272e+02,5.617650e+04,3.279516e+05,1.570842e+03,9.337944e+04,4.071033e+05,2.122262e+03,6.967187e+04,4.052072e+05,1.747451e+03,1.201368e+05,7.481042e+05,1,0,N,N
6.458981e+02,1.755367e+04,5.389423e+04,1.524982e+03,4.275569e+04,2.413972e+05,1.760300e+03,6.395535e+04,4.841887e+05,1.511837e+03,1.102426e+05,5.527970e+05,0,36,N,N
1.336653e+03,9.261070e+04,1.540429e+05,1.187831e+03,9.850712e+04,3.868338e+05,1.320712e+03,7.011030e+04,3.299040e+05,1.236698e+03,5.795795e+04,2.016228e+05,0,18,N,N
8.870573e+02,4.571356e+04,2.574710e+05,1.654369e+03,5.555499e+04,1.698083e+05,1.864585e+03,5.207752e+04,1.275722e+05,1.294694e+03,7.274614e+04,9.737464e+04,2,97,N,N
4.514833e+02,1.448288e+04,7.654749e+04,5.349859e+02,1.791449e+04,3.777145e+04,1.068512e+03,4.673486e+04,4.249924e+05,1.014476e+03,6.482991e+04,3.612099e+05,2,79,N,N
6.576160e+02,2.197200e+04,7.976132e+04,1.333593e+03,5.341803e+04,3.946725e+05,2.036012e+03,1.294039e+05,1.873762e+06,1.219637e+03,8.797018e+04,4.359195e+05,3,79,N,N
6.261537e+02,3.894977e+04,2.521803e+05,1.439079e+03,1.155956e+05,5.168289e+05,1.641824e+03,9.116611e+04,7.178532e+05,1.404168e+03,7.806766e+04,4.538964e+05,3,86,N,N
8.228798e+02,2.886470e+04,9.525302e+04,1.508093e+03,4.273935e+04,1.864148e+05,2.009450e+03,7.196307e+04,5.251351e+05,2.056087e+03,1.457819e+05,1.218931e+06,1,94,N,N
8.904906e+02,4.615499e+04,2.358567e+05,1.445462e+03,1.059716e+05,3.994819e+05,1.897444e+03,8.079272e+04,5.889599e+05,1.471733e+03,1.256073e+05,1.139978e+06,1,48,N,N
8.285651e+02,5.294571e+04,3.387563e+05,1.572690e+03,1.453313e+05,8.891851e+05,2.145399e+03,8.548331e+04,6.796511e+05,2.229595e+03,1.516445e+05,9.815693e+05,0,98,N,N
7.696068e+02,3.084043e+04,1.911306e+05,1.303240e+03,3.079798e+04,6.258457e+04,1.329570e+03,3.817962e+04,7.804197e+04,1.309720e+03,7.612526e+04,1.446725e+05,1,61,N,N
5.641923e+02,3.343508e+04,2.524590e+05,1.801379e+03,1.415299e+05,5.954288e+05,1.934668e+03,7.295389e+04,4.032791e+05,1.503791e+03,8.211716e+04,4.253507e+05,0,96,N,N
9.038700e+02,5.404542e+04,3.888728e+05,1.597185e+03,1.170180e+05,5.402922e+05,1.873178e+03,5.895536e+04,1.616485e+05,1.509406e+03,8.509181e+04,2.620093e+05,2,37,N,N
9.860676e+02,5.029902e+04,2.750756e+05,1.578102e+03,1.199648e+05,4.399880e+05,1.914750e+03,7.216724e+04,4.402003e+05,1.524433e+03,8.544392e+04,2.614901e+05,0,84,N,N
1.217480e+03,5.381102e+04,3.692587e+05,1.629463e+03,5.894763e+04,1.897137e+05,1.545318e+03,3.978207e+04,1.074355e+05,1.829857e+03,8.755063e+04,3.963722e+05,0,97,N,N
9.126065e+02,5.388721e+04,2.117669e+05,1.501381e+03,1.234692e+05,5.396053e+05,1.840567e+03,7.322511e+04,4.286426e+05,1.435836e+03,9.240492e+04,3.968681e+05,0,74,N,N
1.299841e+03,1.017387e+05,4.334490e+05,1.679565e+03,1.750761e+05,6.124788e+05,2.392579e+03,7.736411e+04,4.694469e+05,2.081899e+03,1.336710e+05,7.699364e+05,1,104,N,N
1.115719e+03,6.853565e+04,3.002882e+05,1.630791e+03,1.142565e+05,2.821699e+05,1.726645e+03,5.748426e+04,2.489953e+05,1.461329e+03,8.077403e+04,5.546412e+05,1,88,N,N
8.872343e+02,3.204089e+04,6.686321e+04,1.444003e+03,4.815373e+04,1.708311e+05,1.839696e+03,6.658902e+04,4.347582e+05,1.503035e+03,8.956421e+04,4.158230e+05,0,80,N,N
9.156146e+02,4.085998e+04,1.465036e+05,1.542485e+03,3.738236e+04,1.289376e+05,2.208053e+03,6.899612e+04,4.072431e+05,1.355049e+03,8.900338e+04,3.577632e+05,0,34,N,N
1.342910e+03,8.951420e+04,5.246329e+05,1.603227e+03,1.348383e+05,6.767487e+05,2.175428e+03,8.283296e+04,4.634775e+05,1.388380e+03,7.446853e+04,2.698637e+05,1,92,N,N
9.499391e+02,6.516401e+04,4.312984e+05,1.350071e+03,1.103579e+05,5.544982e+05,2.086175e+03,9.609870e+04,7.080674e+05,1.739457e+03,1.141141e+05,7.291076e+05,0,25,N,N
6.233368e+02,2.517661e+04,9.460544e+04,1.541163e+03,9.567650e+04,4.708790e+05,1.882643e+03,8.801143e+04,6.194677e+05,1.602666e+03,8.814043e+04,5.621510e+05,0,70,N,N
6.803434e+02,3.108803e+04,1.359679e+05,1.485627e+03,5.612051e+04,2.650088e+05,2.042786e+03,8.500265e+04,6.502170e+05,1.825414e+03,1.048837e+05,5.310305e+05,0,3,N,N
8.227951e+02,3.445697e+04,2.198090e+05,1.499501e+03,6.956239e+04,1.833475e+05,1.518204e+03,5.617867e+04,3.110259e+05,1.516454e+03,8.851350e+04,8.882777e+05,0,59,N,N
9.218975e+02,5.623755e+04,3.441873e+05,1.459091e+03,1.007310e+05,5.096164e+05,1.649324e+03,5.034487e+04,1.785910e+05,1.157657e+03,7.026467e+04,6.125294e+04,2,81,N,N
7.059887e+02,1.995581e+04,1.065960e+05,1.046100e+03,2.563440e+04,5.031749e+04,1.112342e+03,2.996933e+04,3.999576e+04,1.103393e+03,6.156156e+04,8.211467e+04,2,61,N,N
7.488786e+02,4.368385e+04,3.097460e+05,1.245337e+03,1.153245e+05,4.764124e+05,1.412219e+03,3.706637e+04,1.054722e+05,1.164754e+03,9.947857e+04,2.535556e+05,2,64,N,N
1.126075e+03,7.298004e+04,3.087706e+05,1.505645e+03,1.215317e+05,4.848555e+05,1.802765e+03,5.502193e+04,2.478006e+05,1.503785e+03,7.352992e+04,2.702061e+05,0,95,N,N
1.209265e+03,7.752095e+04,4.652932e+05,1.670062e+03,1.480124e+05,7.449274e+05,2.294004e+03,8.144709e+04,4.743251e+05,1.912031e+03,1.224356e+05,4.401848e+05,0,0,N,N
4.562691e+02,3.014208e+04,3.012472e+05,1.314846e+03,1.038330e+05,3.574761e+05,1.521390e+03,5.325223e+04,2.932356e+05,1.672992e+03,9.967551e+04,7.487552e+05,1,49,N,N
7.952218e+02,4.482303e+04,1.479802e+05,1.537372e+03,4.610060e+04,1.847728e+05,1.844659e+03,6.021373e+04,3.425777e+05,1.530389e+03,1.087839e+05,5.276542e+05,3,62,N,N
1.032468e+03,5.303460e+04,3.687675e+05,1.646595e+03,1.196892e+05,4.764448e+05,1.993778e+03,7.266372e+04,3.965644e+05,1.492639e+03,8.162795e+04,4.292490e+05,0,53,N,N
8.440408e+02,3.985274e+04,2.141783e+05,1.696620e+03,1.373623e+05,6.796788e+05,2.149757e+03,6.180996e+04,2.682547e+05,1.823405e+03,9.197296e+04,1.849957e+05,1,33,N,N
1.196766e+03,7.582628e+04,2.650030e+05,1.700879e+03,1.745007e+05,8.922796e+05,2.408234e+03,8.187918e+04,4.662051e+05,1.980203e+03,1.275337e+05,7.738184e+05,0,79,N,N
1.022722e+03,6.985669e+04,5.459742e+05,1.533962e+03,9.451442e+04,4.260029e+05,1.647881e+03,4.932589e+04,1.853203e+05,1.512201e+03,7.826376e+04,4.330465e+05,0,92,N,N
5.057699e+02,1.178672e+04,4.586221e+04,1.202004e+03,3.426064e+04,1.335691e+05,1.409741e+03,3.903192e+04,1.770636e+05,1.302324e+03,1.916902e+05,6.353089e+05,1,82,N,N
9.077393e+02,4.528088e+04,2.076155e+05,1.530358e+03,8.141167e+04,3.725721e+05,1.983981e+03,7.088785e+04,5.223257e+05,1.719810e+03,1.240604e+05,1.179809e+06,1,90,N,N
6.591611e+02,2.577665e+04,1.465992e+05,1.543956e+03,7.099067e+04,2.541853e+05,1.764497e+03,5.710118e+04,2.911184e+05,1.810725e+03,2.037940e+05,4.470383e+06,2,58,N,N
1.124973e+03,7.761432e+04,5.372140e+05,1.651736e+03,1.407376e+05,4.693824e+05,2.175103e+03,8.666711e+04,5.272273e+05,1.801605e+03,1.104402e+05,6.461026e+05,0,39,N,N
1.253588e+03,9.172624e+04,3.655071e+05,1.474470e+03,1.445733e+05,5.068955e+05,2.116501e+03,7.543723e+04,3.545292e+05,1.608901e+03,8.951109e+04,6.837373e+05,2,68,N,N
8.261620e+02,5.015014e+04,2.718310e+05,1.421221e+03,5.710750e+04,2.200709e+05,1.743584e+03,5.571610e+04,3.034883e+05,1.593443e+03,1.190836e+05,7.612798e+05,2,71,N,N
7.379799e+02,3.423859e+04,2.412944e+05,1.671657e+03,4.978826e+04,1.842667e+05,2.285582e+03,6.146754e+04,2.301801e+05,1.736391e+03,1.039647e+05,3.009742e+05,0,17,N,N
8.764259e+02,5.136576e+04,2.732660e+05,1.557350e+03,5.353118e+04,2.264480e+05,2.069367e+03,6.937837e+04,4.056153e+05,1.497311e+03,1.081636e+05,7.022169e+05,1,96,N,N
6.449668e+02,3.009811e+04,1.141993e+05,1.621592e+03,1.174380e+05,5.061143e+05,1.681924e+03,9.693403e+04,6.027163e+05,1.387865e+03,8.112589e+04,3.029098e+05,3,77,N,N
3.940005e+02,6.373783e+03,1.723893e+04,8.021844e+02,2.066756e+04,1.013215e+05,9.607891e+02,2.965962e+04,1.921493e+05,1.149635e+03,2.425035e+05,3.292683e+06,2,75,N,N
6.513823e+02,2.949131e+04,6.896277e+04,1.284151e+03,3.117732e+04,1.008140e+05,1.591949e+03,4.451175e+04,2.519563e+05,1.285803e+03,1.129498e+05,6.346230e+05,3,63,N,N
9.031286e+02,6.187277e+04,3.523567e+05,1.650317e+03,5.212054e+04,2.329824e+05,1.796719e+03,5.465405e+04,1.769496e+05,1.493669e+03,7.059567e+04,1.254365e+05,2,67,N,N
8.987199e+02,3.446842e+04,1.926319e+05,1.574914e+03,8.857209e+04,3.692998e+05,1.477816e+03,3.964137e+04,9.969958e+04,1.738442e+03,8.437691e+04,3.147059e+05,3,97,N,N
6.439552e+02,2.983455e+04,2.084938e+05,1.678475e+03,1.169941e+05,6.439433e+05,1.568542e+03,5.828185e+04,2.579246e+05,1.161271e+03,6.423383e+04,2.005763e+05,0,73,N,N
7.852094e+02,2.704631e+04,1.228626e+05,1.411863e+03,4.517024e+04,2.187117e+05,1.428384e+03,5.650873e+04,4.209393e+05,1.214801e+03,8.030498e+04,5.126588e+05,2,94,N,N
8.185618e+02,5.317596e+04,3.033910e+05,1.608361e+03,7.441186e+04,3.416773e+05,2.081777e+03,6.945127e+04,2.849799e+05,1.670731e+03,8.641982e+04,2.059613e+05,1,87,N,N
7.940251e+02,4.587715e+04,2.034164e+05,1.453328e+03,9.170862e+04,4.704805e+05,2.011859e+03,1.172631e+05,9.003816e+05,1.866126e+03,1.432591e+05,1.517390e+06,0,15,N,N
8.013135e+02,3.546125e+04,2.284242e+05,1.664137e+03,8.538419e+04,4.540796e+05,2.291770e+03,7.458743e+04,4.788792e+05,1.901046e+03,1.015343e+05,4.403270e+05,0,38,N,N
5.686022e+02,2.603670e+04,2.790224e+05,1.457310e+03,1.647031e+05,2.981525e+06,1.788646e+03,1.699236e+05,3.657477e+06,1.175078e+03,9.592748e+04,1.680504e+06,2,72,N,N
1.047542e+03,5.646180e+04,2.767716e+05,1.477884e+03,1.126893e+05,4.557710e+05,1.886000e+03,8.006420e+04,6.172610e+05,1.834709e+03,1.457180e+05,1.999597e+06,0,48,N,N
8.912368e+02,5.018425e+04,2.842406e+05,1.509061e+03,6.461790e+04,3.399460e+05,2.073666e+03,8.505418e+04,6.420938e+05,1.379182e+03,1.017477e+05,4.919155e+05,0,99,N,N
1.236745e+03,8.045243e+04,2.917488e+05,1.667619e+03,9.723647e+04,3.371431e+05,2.427048e+03,8.451953e+04,4.517616e+05,2.117417e+03,9.819461e+04,4.183989e+05,0,100,N,N
8.647531e+02,4.285606e+04,1.014234e+05,1.519448e+03,6.580115e+04,2.617130e+05,1.917663e+03,7.616172e+04,5.361647e+05,1.933247e+03,1.208070e+05,8.954247e+05,2,60,N,N
5.544531e+02,1.604005e+04,5.368932e+04,9.460289e+02,3.384433e+04,1.755013e+05,9.804563e+02,3.045768e+04,9.779887e+04,9.352554e+02,5.893759e+04,2.631564e+05,0,23,N,N
4.380442e+02,3.186548e+04,3.277368e+05,1.266600e+03,1.132341e+05,3.114008e+05,1.430798e+03,5.012621e+04,2.454285e+05,1.394366e+03,8.902535e+04,6.736575e+05,0,49,N,N
9.035594e+02,4.836770e+04,2.002592e+05,1.433864e+03,3.348041e+04,1.156263e+05,2.002979e+03,6.866191e+04,4.883145e+05,2.176084e+03,1.249268e+05,1.127244e+06,0,94,N,N
6.412777e+02,2.714747e+04,1.578511e+05,1.785945e+03,9.933722e+04,4.433138e+05,2.195692e+03,7.175982e+04,3.916891e+05,1.950948e+03,9.848478e+04,4.465864e+05,1,38,N,N
9.867701e+02,6.256512e+04,4.158590e+05,1.540778e+03,8.950519e+04,4.991048e+05,1.855177e+03,6.895618e+04,3.965212e+05,1.373078e+03,7.741549e+04,3.567809e+05,3,92,N,N
7.592738e+02,2.847197e+04,1.361332e+05,1.601754e+03,5.953633e+04,3.254233e+05,2.257551e+03,9.606550e+04,7.907105e+05,1.589041e+03,9.548597e+04,4.059806e+05,3,81,N,N
1.119487e+03,7.029791e+04,1.980781e+05,1.472342e+03,1.572728e+05,5.158476e+05,1.793589e+03,5.046327e+04,1.814829e+05,1.302192e+03,7.096487e+04,3.178026e+05,0,88,N,N
8.265944e+02,3.698895e+04,1.722198e+05,1.567834e+03,4.053134e+04,1.397859e+05,1.603554e+03,4.894476e+04,1.215385e+05,1.272002e+03,5.943522e+04,1.576288e+05,1,81,N,N
9.951398e+02,4.592122e+04,2.526536e+05,1.528773e+03,7.126780e+04,2.947729e+05,2.118737e+03,9.153912e+04,7.343610e+05,2.367855e+03,1.656175e+05,1.681886e+06,1,69,N,N
1.077981e+03,7.584407e+04,4.931702e+05,1.537507e+03,1.359622e+05,5.969382e+05,2.330437e+03,9.015077e+04,4.921520e+05,2.008790e+03,1.207467e+05,9.862545e+05,0,54,N,N
6.968800e+02,3.942395e+04,2.557592e+05,1.281818e+03,6.557048e+04,2.244342e+05,1.356721e+03,3.669508e+04,7.845586e+04,1.085247e+03,7.941825e+04,1.490402e+05,1,56,N,N
1.198629e+03,7.642857e+04,4.211334e+05,1.262095e+03,1.118176e+05,5.997566e+05,1.376644e+03,4.437063e+04,1.772233e+05,1.088691e+03,5.661175e+04,7.280958e+04,0,85,N,N
8.836021e+02,5.896157e+04,3.795780e+05,1.602966e+03,1.141439e+05,6.018937e+05,1.877833e+03,5.968584e+04,2.012786e+05,1.532660e+03,7.797671e+04,1.722383e+05,3,47,N,N
1.262110e+03,7.617940e+04,6.594103e+05,1.538859e+03,9.819765e+04,3.645757e+05,1.874330e+03,5.326834e+04,2.367220e+05,1.533251e+03,8.266157e+04,4.201997e+05,0,58,N,N
1.236214e+03,7.473044e+04,4.163540e+05,1.730553e+03,1.826491e+05,8.007105e+05,2.206077e+03,9.224789e+04,6.591016e+05,2.131910e+03,1.578373e+05,1.780591e+06,2,54,N,N
9.610227e+02,5.821522e+04,5.354711e+05,1.032567e+03,7.734373e+04,3.726310e+05,1.293031e+03,3.535212e+04,8.778373e+04,1.278370e+03,6.691328e+04,1.183108e+05,3,55,N,N
5.553676e+02,2.317105e+04,1.456194e+05,1.526711e+03,8.451181e+04,2.987466e+05,1.741035e+03,5.586072e+04,2.749775e+05,1.152513e+03,9.196011e+04,2.865770e+05,1,58,N,N
4.946954e+02,2.108484e+04,1.724107e+05,1.238456e+03,9.562776e+04,7.736162e+05,1.830791e+03,2.011158e+05,1.846508e+06,1.398791e+03,1.271293e+05,1.130047e+06,0,2,N,N
1.137463e+03,6.552066e+04,2.250674e+05,1.365514e+03,9.052350e+04,2.990182e+05,1.513704e+03,4.335909e+04,1.717960e+05,1.063202e+03,6.334797e+04,1.884384e+05,1,46,N,N
7.673013e+02,4.563661e+04,2.701281e+05,1.658078e+03,1.284284e+05,4.229050e+05,1.814638e+03,8.781022e+04,5.444481e+05,1.979467e+03,1.295888e+05,1.665386e+06,0,101,N,N
1.081347e+03,7.391828e+04,3.197869e+05,1.647343e+03,1.176620e+05,3.543569e+05,2.411653e+03,1.102697e+05,7.694386e+05,2.140103e+03,1.070762e+05,6.461547e+05,0,43,N,N
5.414877e+02,2.503622e+04,1.257361e+05,1.600408e+03,1.140010e+05,5.305493e+05,2.021568e+03,1.020058e+05,7.675100e+05,2.196299e+03,1.685171e+05,1.921257e+06,0,42,N,N
9.184707e+02,5.881527e+04,3.757221e+05,1.738427e+03,5.119968e+04,1.778554e+05,2.338954e+03,6.900520e+04,3.002268e+05,1.832857e+03,1.081094e+05,4.137279e+05,2,93,N,N
8.841372e+02,5.264364e+04,2.033481e+05,1.528443e+03,1.057460e+05,3.036019e+05,1.682093e+03,5.415525e+04,2.594371e+05,1.443814e+03,7.858074e+04,3.617445e+05,0,103,N,N
1.112771e+03,7.890293e+04,4.395276e+05,1.198762e+03,1.519684e+05,7.348685e+05,1.192503e+03,3.609165e+04,1.005439e+05,1.121702e+03,5.535951e+04,1.470946e+05,2,85,N,N
1.189265e+03,7.657341e+04,2.323038e+05,1.597705e+03,1.047095e+05,3.590076e+05,2.262890e+03,6.111404e+04,2.161240e+05,1.796921e+03,8.979973e+04,3.321672e+05,1,77,N,N
9.492496e+02,6.319813e+04,3.589493e+05,1.565648e+03,9.915485e+04,3.829500e+05,1.987073e+03,5.867065e+04,2.020086e+05,1.347671e+03,8.643708e+04,1.316837e+05,1,91,N,N
8.970715e+02,6.096124e+04,3.385976e+05,1.632932e+03,1.080272e+05,5.738617e+05,2.274283e+03,9.860653e+04,7.309843e+05,1.947445e+03,1.037520e+05,6.230545e+05,2,87,N,N
9.983454e+02,6.274655e+04,2.328257e+05,1.572248e+03,9.404746e+04,3.492223e+05,2.443551e+03,8.768678e+04,6.002249e+05,2.562652e+03,1.451615e+05,1.170074e+06,1,43,N,N
6.891387e+02,3.328625e+04,1.157739e+05,1.340490e+03,7.544805e+04,2.653398e+05,1.544503e+03,6.198164e+04,3.033634e+05,1.458315e+03,7.275677e+04,4.471120e+05,3,88,N,N
8.594150e+02,4.977570e+04,1.782117e+05,1.559327e+03,4.576281e+04,1.877396e+05,2.258802e+03,8.335917e+04,6.410592e+05,2.065247e+03,1.355558e+05,1.042854e+06,1,45,N,N
1.366414e+03,9.464553e+04,5.651000e+05,1.677461e+03,1.482565e+05,5.796618e+05,2.234782e+03,8.671633e+04,5.433512e+05,1.653334e+03,9.354698e+04,4.319610e+05,3,102,N,N
9.022434e+02,4.366002e+04,1.551762e+05,1.485799e+03,5.953270e+04,2.142933e+05,1.982140e+03,6.644535e+04,4.400463e+05,1.730827e+03,1.387872e+05,7.839104e+05,0,52,N,N
8.489599e+02,3.884720e+04,2.149397e+05,1.591200e+03,8.392164e+04,3.551318e+05,1.871938e+03,6.667513e+04,3.244912e+05,1.389703e+03,8.934514e+04,3.571122e+05,1,53,N,N
1.014500e+03,6.997747e+04,4.318064e+05,1.638333e+03,8.142723e+04,4.103945e+05,2.344779e+03,6.757140e+04,3.382543e+05,1.674042e+03,1.183298e+05,5.861909e+05,1,34,N,N
1.211552e+03,7.948743e+04,2.991365e+05,1.684839e+03,9.292908e+04,3.330624e+05,2.234846e+03,8.790421e+04,4.340678e+05,1.815141e+03,7.800468e+04,2.437302e+05,1,100,N,N
8.569770e+02,5.454793e+04,4.290554e+05,1.647553e+03,8.448710e+04,3.948763e+05,2.346994e+03,9.908101e+04,7.396401e+05,1.896036e+03,1.045373e+05,5.373798e+05,1,93,N,N
1.148651e+03,7.843585e+04,6.863242e+05,1.553610e+03,1.667465e+05,1.237214e+06,2.327751e+03,7.875615e+04,4.346787e+05,1.505702e+03,7.691895e+04,4.393934e+05,2,73,N,N
6.087675e+02,9.195692e+03,8.511481e+03,1.229379e+03,1.478517e+04,2.316478e+04,1.677393e+03,2.747515e+04,7.448009e+04,1.202509e+03,1.245200e+05,1.220786e+06,0,75,N,N
8.302906e+02,5.079061e+04,1.794204e+05,1.656658e+03,7.074588e+04,3.660110e+05,2.387571e+03,1.070883e+05,8.657279e+05,1.973004e+03,1.282299e+05,6.154482e+05,2,83,N,N
9.417467e+02,5.746349e+04,1.525361e+05,1.696054e+03,9.832628e+04,4.409339e+05,2.505629e+03,1.022372e+05,7.797430e+05,1.894386e+03,1.298166e+05,6.329490e+05,1,83,N,N
1.233054e+03,8.666517e+04,4.324298e+05,1.614948e+03,1.551399e+05,7.271464e+05,2.210451e+03,6.109538e+04,1.952371e+05,1.585253e+03,7.904375e+04,1.131968e+05,0,47,N,N
7.926447e+02,4.549767e+04,1.231545e+05,1.641740e+03,7.531145e+04,5.426277e+05,2.581468e+03,1.356003e+05,1.429919e+06,3.218386e+03,2.067878e+05,2.959677e+06,1,36,N,N
6.000240e+02,3.150653e+04,1.146900e+05,1.486951e+03,6.622325e+04,3.020797e+05,1.963391e+03,8.786480e+04,7.326284e+05,1.666483e+03,1.531506e+05,1.824749e+06,0,1,N,N
1.133729e+03,8.936579e+04,6.628204e+05,1.583695e+03,8.883248e+04,3.870832e+05,1.960256e+03,5.590511e+04,2.439420e+05,1.715368e+03,9.788824e+04,5.131678e+05,2,55,N,N
8.123415e+02,3.752342e+04,2.201357e+05,1.540777e+03,5.655323e+04,2.525707e+05,2.072260e+03,6.864819e+04,3.975657e+05,1.307393e+03,8.915913e+04,3.226087e+05,3,76,N,N
8.414124e+02,3.231872e+04,1.653851e+05,1.518289e+03,6.009342e+04,1.296785e+05,1.243414e+03,3.386221e+04,9.838429e+04,1.381658e+03,7.674545e+04,2.753153e+05,0,65,N,N
8.914948e+02,5.769224e+04,1.731238e+05,1.580342e+03,8.379330e+04,3.836463e+05,2.194831e+03,9.189675e+04,6.465483e+05,2.064868e+03,1.442170e+05,1.566403e+06,0,104,N,N
9.278105e+02,4.405337e+04,1.842656e+05,1.514071e+03,7.598103e+04,2.834141e+05,1.580221e+03,4.389599e+04,1.079043e+05,1.444835e+03,7.933196e+04,2.621774e+05,0,6,N,N
1.078943e+03,6.902061e+04,4.412345e+05,1.658056e+03,1.562771e+05,7.190635e+05,2.122456e+03,7.299762e+04,3.966849e+05,1.990441e+03,1.293482e+05,4.454292e+05,0,51,N,N
1.107654e+03,7.997191e+04,4.782772e+05,1.513113e+03,1.735663e+05,1.064243e+06,2.316417e+03,7.049365e+04,3.810085e+05,2.138733e+03,1.313002e+05,3.776056e+05,1,98,N,N
9.213684e+02,5.455009e+04,2.858684e+05,1.478645e+03,8.980219e+04,4.035617e+05,1.564322e+03,4.374608e+04,1.747242e+05,1.508812e+03,6.428689e+04,2.325153e+05,1,80,N,N
9.980699e+02,6.337125e+04,3.456614e+05,1.278737e+03,1.021386e+05,3.222608e+05,1.497719e+03,4.225348e+04,1.551283e+05,1.229092e+03,8.576092e+04,3.139505e+05,0,71,N,N
6.445641e+02,2.204726e+04,1.518755e+05,1.475193e+03,7.306035e+04,4.321346e+05,1.590025e+03,4.723618e+04,1.860851e+05,1.305303e+03,8.241534e+04,2.240224e+05,1,78,N,N
7.725610e+02,3.650852e+04,8.914664e+04,1.376951e+03,4.116354e+04,1.679677e+05,2.013624e+03,7.926133e+04,6.679855e+05,1.490889e+03,1.268678e+05,1.207557e+06,0,90,N,N
8.741973e+02,3.744360e+04,8.828338e+04,1.709330e+03,6.734098e+04,3.677904e+05,2.314473e+03,7.992735e+04,4.794937e+05,2.529141e+03,1.371691e+05,9.638765e+05,3,57,N,N
1.359214e+03,1.000390e+05,8.537830e+05,1.533412e+03,1.248103e+05,3.480349e+05,2.180584e+03,8.819152e+04,4.395904e+05,1.677895e+03,8.968863e+04,6.422112e+05,0,20,N,N
8.552435e+02,3.473788e+04,6.863754e+04,1.680503e+03,5.044288e+04,2.288493e+05,2.336304e+03,7.902685e+04,5.092880e+05,2.199707e+03,1.365309e+05,1.045100e+06,2,57,N,N
8.734690e+02,4.240147e+04,1.883354e+05,1.556523e+03,7.951468e+04,2.858597e+05,1.784334e+03,6.799578e+04,4.179790e+05,1.569397e+03,9.012648e+04,5.034955e+05,2,103,N,N
1.221176e+03,8.144377e+04,2.353412e+05,1.604958e+03,1.778069e+05,5.061558e+05,1.731560e+03,6.625538e+04,3.867021e+05,1.556258e+03,1.061519e+05,1.030592e+06,2,88,N,N
9.632950e+02,5.056679e+04,2.022340e+05,1.540213e+03,1.216529e+05,5.807340e+05,1.970283e+03,5.869272e+04,2.538514e+05,1.357692e+03,9.142203e+04,3.456548e+05,0,82,N,N
8.803686e+02,3.874049e+04,9.878800e+04,1.604086e+03,4.351155e+04,1.451994e+05,2.285024e+03,7.660112e+04,5.130761e+05,1.960604e+03,1.067568e+05,5.072367e+05,3,50,N,N
1.379894e+03,1.130111e+05,8.037099e+05,1.618478e+03,1.824502e+05,9.489707e+05,2.329427e+03,7.442304e+04,4.086536e+05,2.170809e+03,1.346288e+05,8.112654e+05,0,35,N,N
1.392378e+03,1.172046e+05,9.660478e+05,1.645812e+03,1.759087e+05,9.093794e+05,1.921795e+03,7.176401e+04,4.007314e+05,1.702113e+03,9.892192e+04,7.261159e+05,1,85,N,N
1.088339e+03,5.579331e+04,2.522669e+05,1.652375e+03,7.234921e+04,2.510131e+05,2.079336e+03,9.498338e+04,7.002603e+05,2.461740e+03,1.785736e+05,2.993100e+06,0,89,N,N
1.051807e+03,6.826909e+04,4.153450e+05,1.470606e+03,6.631617e+04,2.703809e+05,1.852796e+03,5.846617e+04,3.277497e+05,1.397350e+03,8.659672e+04,6.617009e+05,2,56,N,N
6.590068e+02,1.949608e+04,5.385151e+04,1.047497e+03,3.289495e+04,1.636441e+05,1.519079e+03,7.660838e+04,9.329284e+05,1.097887e+03,8.154269e+04,4.349866e+05,1,79,N,N
1.052868e+03,5.408114e+04,2.912712e+05,1.635176e+03,1.406851e+05,7.299452e+05,2.123698e+03,7.665290e+04,4.807079e+05,1.745151e+03,9.884961e+04,4.245693e+05,0,69,N,N
9.139470e+02,5.471187e+04,3.040826e+05,1.537801e+03,6.222462e+04,2.487560e+05,2.079374e+03,6.932291e+04,4.120881e+05,1.336893e+03,9.018576e+04,3.716070e+05,2,96,N,N
7.934848e+02,4.957130e+04,2.492441e+05,1.604964e+03,8.307426e+04,4.392350e+05,1.965152e+03,6.905852e+04,2.825878e+05,1.511834e+03,7.839638e+04,1.512431e+05,0,87,N,N
7.095539e+02,3.299447e+04,1.647818e+05,1.621286e+03,4.236270e+04,1.538573e+05,2.230733e+03,5.385824e+04,9.639246e+04,1.872163e+03,1.124205e+05,2.416900e+05,0,21,N,N
1.180407e+03,6.665529e+04,1.987201e+05,1.413128e+03,8.986270e+04,3.247012e+05,1.480243e+03,4.093116e+04,1.438420e+05,1.303509e+03,7.081162e+04,2.568130e+05,0,46,N,N
9.681149e+02,5.278382e+04,2.469402e+05,1.563483e+03,7.475506e+04,2.313612e+05,1.867005e+03,6.295043e+04,3.599460e+05,1.771256e+03,1.218953e+05,1.033349e+06,1,89,N,N
1.023253e+03,5.976999e+04,2.927280e+05,1.506861e+03,7.381701e+04,2.119560e+05,1.800839e+03,5.200631e+04,2.188111e+05,1.601996e+03,8.197929e+04,3.637500e+05,1,60,N,N
1.223878e+03,7.498474e+04,5.928842e+05,1.665091e+03,1.421391e+05,5.595567e+05,2.186410e+03,7.745384e+04,4.324890e+05,1.772332e+03,9.821696e+04,5.466136e+05,1,37,N,N
7.529773e+02,2.768553e+04,8.450615e+04,1.106897e+03,3.351423e+04,1.423492e+05,1.059951e+03,3.590763e+04,1.275901e+05,1.216943e+03,7.415158e+04,5.109411e+05,1,76,N,N
8.350740e+02,5.352429e+04,3.329081e+05,1.622094e+03,8.335056e+04,4.190152e+05,1.649563e+03,5.566880e+04,2.150496e+05,1.116964e+03,5.838224e+04,7.697594e+04,3,67,N,N
1.063666e+03,6.083876e+04,2.140493e+05,1.681167e+03,4.952117e+04,1.593657e+05,2.071328e+03,6.923324e+04,3.714056e+05,1.799596e+03,1.029627e+05,6.138266e+05,0,44,N,N
7.002371e+02,4.432441e+04,2.585928e+05,1.175764e+03,9.899695e+04,4.003133e+05,1.333932e+03,6.976135e+04,3.700112e+05,1.192399e+03,6.627488e+04,2.117201e+05,1,101,N,N
9.716806e+02,6.553830e+04,2.667469e+05,1.601132e+03,1.172331e+05,5.380049e+05,2.377965e+03,9.392154e+04,6.783748e+05,2.033287e+03,1.179191e+05,6.786995e+05,1,74,N,N
9.892627e+02,5.545916e+04,2.390346e+05,1.579674e+03,1.166606e+05,6.018834e+05,2.099127e+03,9.578197e+04,7.591195e+05,1.662997e+03,1.079780e+05,5.799045e+05,2,74,N,N
1.045955e+03,7.120649e+04,3.570406e+05,1.427166e+03,1.120870e+05,4.691954e+05,2.262378e+03,9.409140e+04,6.164439e+05,1.786658e+03,1.254007e+05,8.880313e+05,1,25,N,N
7.722076e+02,3.057510e+04,9.387376e+04,1.337616e+03,3.500180e+04,1.526788e+05,2.161829e+03,8.032170e+04,6.694129e+05,2.286245e+03,1.742559e+05,1.566489e+06,3,94,N,N
1.066109e+03,7.200629e+04,3.770571e+05,1.435757e+03,1.292561e+05,4.858766e+05,2.095751e+03,8.545058e+04,4.668052e+05,1.563767e+03,9.161578e+04,5.962049e+05,1,68,N,N
1.096119e+03,5.822179e+04,3.718385e+05,1.528272e+03,1.043365e+05,4.014693e+05,1.757998e+03,5.714668e+04,3.035294e+05,1.345384e+03,9.511160e+04,5.643512e+05,3,58,N,N
7.662642e+02,4.746816e+04,2.541193e+05,1.499505e+03,8.541132e+04,2.092289e+05,1.620623e+03,4.866879e+04,1.394300e+05,1.126332e+03,5.824028e+04,1.967738e+05,0,31,N,N
9.010254e+02,5.374318e+04,2.067325e+05,1.466085e+03,5.564217e+04,2.331914e+05,2.048364e+03,6.716073e+04,4.144344e+05,1.497213e+03,1.078527e+05,3.427771e+05,3,52,N,N
8.223468e+02,3.107120e+04,1.163614e+05,1.673777e+03,9.217836e+04,3.971666e+05,1.991106e+03,6.847288e+04,3.325150e+05,1.815073e+03,9.244859e+04,3.668600e+05,0,33,N,N
1.016714e+03,5.528207e+04,3.198337e+05,1.545291e+03,9.603539e+04,4.053468e+05,2.018995e+03,7.541513e+04,5.416101e+05,1.813793e+03,1.424446e+05,1.394668e+06,2,90,N,N
1.393674e+03,9.283937e+04,5.052136e+05,1.650624e+03,1.418609e+05,5.872780e+05,2.085905e+03,8.025749e+04,4.854120e+05,1.988045e+03,1.439689e+05,1.547612e+06,1,42,N,N
5.899210e+02,1.202386e+04,1.650678e+04,1.270395e+03,2.968099e+04,1.659842e+05,1.378295e+03,4.587205e+04,2.732296e+05,9.819065e+02,5.587384e+04,2.000804e+05,1,50,N,N
6.733338e+02,3.632209e+04,2.025355e+05,1.644156e+03,1.293907e+05,5.896883e+05,2.086391e+03,8.856762e+04,6.125537e+05,1.738638e+03,1.091709e+05,6.510832e+05,1,102,N,N
6.637416e+02,2.730011e+04,1.637498e+05,1.448089e+03,8.479995e+04,6.377297e+05,1.804172e+03,9.566732e+04,9.421771e+05,1.535019e+03,1.015395e+05,8.207528e+05,3,73,N,N
6.339577e+02,2.853379e+04,1.109171e+05,1.558930e+03,1.105743e+05,5.785340e+05,1.839515e+03,9.644409e+04,7.484800e+05,1.625215e+03,9.855581e+04,7.127125e+05,2,77,N,N
1.194122e+03,6.974813e+04,3.557419e+05,1.672109e+03,6.076495e+04,2.289760e+05,1.584820e+03,4.065514e+04,1.229955e+05,1.524051e+03,8.924027e+04,3.129564e+05,3,65,N,N
7.371361e+02,2.707049e+04,5.151144e+04,1.589101e+03,4.818114e+04,2.001070e+05,2.013918e+03,6.442521e+04,2.839273e+05,1.525296e+03,8.831254e+04,2.121465e+05,0,57,N,N
8.000009e+02,3.925950e+04,2.099257e+05,1.574800e+03,5.592498e+04,2.560809e+05,2.203487e+03,7.310432e+04,4.402194e+05,2.118145e+03,1.589435e+05,1.534702e+06,1,51,N,N
7.906688e+02,4.022275e+04,2.301150e+05,1.611375e+03,6.814739e+04,2.818593e+05,2.030803e+03,7.597131e+04,4.348000e+05,1.583946e+03,1.007073e+05,2.501555e+05,3,51,N,N
9.280296e+02,4.457542e+04,1.109915e+05,1.641129e+03,4.915823e+04,1.392489e+05,2.074092e+03,6.456393e+04,3.151120e+05,2.127056e+03,1.320617e+05,1.165588e+06,0,66,N,N
9.858260e+02,6.719057e+04,2.348963e+05,1.577887e+03,9.781259e+04,3.385178e+05,2.162343e+03,1.040807e+05,7.826805e+05,1.938151e+03,1.367365e+05,1.420871e+06,0,60,N,N
9.270416e+02,4.119919e+04,2.911077e+05,1.631022e+03,6.344436e+04,2.378755e+05,2.005611e+03,8.205216e+04,5.950536e+05,1.668492e+03,9.743980e+04,6.563812e+05,2,12,N,N
8.680623e+02,3.891159e+04,9.626913e+04,1.577595e+03,4.878334e+04,1.530253e+05,2.070608e+03,6.578491e+04,3.578939e+05,2.477260e+03,1.581158e+05,1.709257e+06,1,66,N,N
1.049707e+03,6.493930e+04,2.228529e+05,1.482333e+03,1.371630e+05,5.239984e+05,1.848859e+03,5.978602e+04,2.832281e+05,1.537881e+03,8.700922e+04,3.173121e+05,2,95,N,N
9.811454e+02,4.651907e+04,1.852362e+05,1.730849e+03,5.671203e+04,2.048212e+05,2.031057e+03,7.600980e+04,5.146834e+05,1.780100e+03,1.008169e+05,6.757619e+05,1,44,N,N
7.268974e+02,2.492518e+04,1.672572e+05,1.535409e+03,6.087527e+04,3.360944e+05,1.868874e+03,8.905462e+04,8.947799e+05,1.923301e+03,1.715459e+05,3.062641e+06,3,87,N,N
4.949694e+02,3.474264e+04,2.457124e+05,1.010639e+03,1.392823e+05,9.359137e+05,1.711464e+03,2.852681e+05,3.187122e+06,2.686228e+03,6.356311e+05,2.212480e+07,1,71,N,N
5.567582e+02,4.964108e+04,3.309138e+05,1.541125e+03,1.577123e+05,7.399241e+05,1.998459e+03,1.301548e+05,1.121502e+06,1.566560e+03,1.034203e+05,6.927683e+05,2,86,N,N
8.229516e+02,4.604293e+04,3.929173e+05,1.355407e+03,9.494378e+04,3.920342e+05,1.394596e+03,4.001454e+04,1.140829e+05,1.249413e+03,7.040645e+04,3.076305e+05,0,37,N,N
8.944605e+02,4.564980e+04,1.511019e+05,1.657484e+03,5.756197e+04,2.467100e+05,2.354944e+03,8.115056e+04,4.815779e+05,1.956707e+03,1.242531e+05,7.563135e+05,1,41,N,N
6.299986e+02,2.560041e+04,1.258002e+05,1.398917e+03,6.589266e+04,2.307435e+05,1.712384e+03,4.969074e+04,2.324065e+05,1.427674e+03,1.135442e+05,4.727323e+05,3,82,N,N
8.875243e+02,4.274157e+04,8.240985e+04,1.503502e+03,6.067403e+04,2.753552e+05,1.907765e+03,1.052719e+05,1.026342e+06,1.908955e+03,1.493971e+05,1.720018e+06,2,89,N,N
8.674793e+02,3.176776e+04,7.088419e+04,1.614358e+03,4.367058e+04,1.115392e+05,1.844748e+03,5.703169e+04,2.881419e+05,1.573143e+03,8.803024e+04,2.936330e+05,0,50,N,N
1.274031e+03,1.050344e+05,5.109609e+05,1.597206e+03,1.737353e+05,5.568616e+05,2.260713e+03,1.111023e+05,6.450353e+05,2.030146e+03,1.353147e+05,1.381221e+06,2,101,N,N
8.274408e+02,3.801375e+04,1.712101e+05,1.530577e+03,7.330842e+04,2.798991e+05,1.973490e+03,9.074264e+04,6.003026e+05,1.885502e+03,1.432045e+05,1.456606e+06,0,29,N,N
1.058640e+03,6.324859e+04,3.396258e+05,1.577935e+03,1.473171e+05,7.735825e+05,1.930785e+03,6.043997e+04,2.485354e+05,1.441043e+03,8.420591e+04,2.302603e+05,0,81,N,N
7.734325e+02,3.345423e+04,1.456803e+05,1.472717e+03,3.409304e+04,5.461887e+04,1.505720e+03,3.911011e+04,6.343503e+04,1.225887e+03,6.989950e+04,1.213508e+05,1,97,N,N
9.829689e+02,6.759436e+04,4.748340e+05,1.640581e+03,6.055144e+04,2.960013e+05,2.014528e+03,6.685837e+04,3.202311e+05,1.678368e+03,7.919379e+04,2.270330e+05,1,67,N,N
1.052649e+03,5.109781e+04,3.154081e+05,1.731588e+03,7.516454e+04,4.286095e+05,1.994529e+03,6.440963e+04,2.865361e+05,1.741248e+03,9.981411e+04,4.307620e+05,0,78,N,N
9.042834e+02,5.831874e+04,4.255937e+05,1.627514e+03,6.383205e+04,3.132135e+05,2.245928e+03,6.846476e+04,3.052029e+05,1.673270e+03,9.652628e+04,2.315916e+05,2,78,N,N
8.628865e+02,3.908223e+04,1.738574e+05,1.575262e+03,3.310671e+04,7.469023e+04,1.799863e+03,4.291853e+04,4.633781e+04,1.285239e+03,6.716631e+04,1.099411e+05,2,47,N,N
6.813641e+02,3.300201e+04,1.682627e+05,1.507428e+03,1.032330e+05,3.806587e+05,1.974741e+03,8.535503e+04,6.739460e+05,1.685625e+03,1.359177e+05,1.152589e+06,2,63,N,N
7.266116e+02,1.993853e+04,5.527897e+04,1.311584e+03,4.749393e+04,2.383123e+05,1.388925e+03,5.398528e+04,4.011943e+05,1.237287e+03,7.008935e+04,4.136073e+05,0,72,N,N
8.798360e+02,4.572059e+04,1.567112e+05,1.530093e+03,3.208266e+04,7.690151e+04,2.147590e+03,5.497482e+04,2.092336e+05,2.056528e+03,1.037844e+05,3.908957e+05,0,9,N,N
1.131979e+03,8.108735e+04,6.301331e+05,1.269924e+03,1.296539e+05,5.424215e+05,1.483231e+03,4.114010e+04,1.225168e+05,1.251640e+03,6.698238e+04,1.223538e+05,3,85,N,N
6.883752e+02,2.588129e+04,8.901514e+04,1.393916e+03,7.077092e+04,4.814471e+05,1.520176e+03,6.998205e+04,4.293798e+05,1.315209e+03,7.188070e+04,3.680101e+05,2,70,N,N
9.519650e+02,6.239731e+04,4.522147e+05,1.592546e+03,7.876255e+04,3.451378e+05,1.852958e+03,6.374034e+04,3.361856e+05,1.505171e+03,8.459020e+04,6.805272e+05,2,59,N,N
7.175436e+02,2.830382e+04,8.807791e+04,1.417993e+03,4.347477e+04,1.926827e+05,1.963928e+03,7.950767e+04,6.076265e+05,1.658196e+03,1.341765e+05,1.019347e+06,1,12,N,N
1.015649e+03,5.786603e+04,1.810946e+05,1.569948e+03,8.531329e+04,2.818294e+05,2.325028e+03,9.824321e+04,6.420575e+05,1.887660e+03,1.138883e+05,6.547218e+05,3,83,N,N
1.133298e+03,6.622791e+04,2.475802e+05,1.523995e+03,1.324126e+05,4.270613e+05,2.186951e+03,7.363094e+04,4.264945e+05,1.783420e+03,1.123270e+05,8.751797e+05,0,62,N,N
1.423585e+03,1.197331e+05,1.001727e+06,1.663048e+03,1.432987e+05,7.548048e+05,2.210805e+03,5.504618e+04,1.459124e+05,1.854674e+03,9.914279e+04,5.897067e+05,3,64,N,N
1.249093e+03,7.171263e+04,3.857857e+05,1.700153e+03,1.297874e+05,4.983560e+05,2.448001e+03,9.049107e+04,5.935699e+05,1.893653e+03,1.017932e+05,6.611601e+05,2,69,N,N
9.383929e+02,6.945498e+04,5.269202e+05,1.716100e+03,9.586668e+04,4.963305e+05,2.079772e+03,6.043000e+04,1.539393e+05,1.623250e+03,8.682561e+04,1.370012e+05,1,47,N,N
9.602524e+02,6.373550e+04,6.342396e+05,1.706227e+03,5.357531e+04,1.848404e+05,1.828782e+03,5.516786e+04,1.283458e+05,1.480715e+03,7.813911e+04,1.461140e+05,1,75,N,N
9.836196e+02,4.400042e+04,2.274755e+05,1.638467e+03,5.692926e+04,1.790190e+05,1.780358e+03,7.332042e+04,4.477199e+05,1.660180e+03,1.004072e+05,1.021886e+06,1,59,N,N
9.024701e+02,4.210326e+04,4.878363e+05,1.691437e+03,7.401011e+04,3.234525e+05,1.780065e+03,6.877351e+04,4.262477e+05,1.602843e+03,8.625691e+04,6.832212e+05,0,12,N,N
9.413925e+02,4.118082e+04,6.883908e+04,1.370080e+03,5.440829e+04,2.527414e+05,1.890494e+03,1.077448e+05,1.028670e+06,1.884126e+03,1.205857e+05,1.148785e+06,0,40,N,N
9.882755e+02,6.148317e+04,3.875817e+05,1.324193e+03,1.073471e+05,3.906121e+05,1.744574e+03,4.966425e+04,2.070437e+05,1.511576e+03,1.047117e+05,2.913134e+05,0,64,N,N
9.084697e+02,4.092886e+04,9.819221e+04,1.655982e+03,4.748025e+04,1.566302e+05,2.165818e+03,7.457299e+04,4.774690e+05,2.103733e+03,1.398193e+05,1.285495e+06,3,66,N,N
7.816495e+02,2.660550e+04,1.064534e+05,1.450160e+03,6.607133e+04,5.397980e+05,2.154047e+03,1.288391e+05,1.578141e+06,2.503088e+03,2.343835e+05,3.898817e+06,1,72,N,N
8.965245e+02,6.419501e+04,4.559678e+05,1.678556e+03,7.167178e+04,5.196071e+05,2.476847e+03,1.052728e+05,9.129358e+05,2.624220e+03,1.474247e+05,1.168906e+06,0,4,N,N
9.499249e+02,5.621332e+04,5.263278e+05,1.332745e+03,7.794969e+04,2.690989e+05,1.397951e+03,4.052297e+04,1.089028e+05,1.433431e+03,7.827243e+04,2.601932e+05,2,50,N,N
9.151314e+02,4.032773e+04,1.071587e+05,1.483876e+03,4.547722e+04,1.414548e+05,1.909131e+03,7.026946e+04,4.437929e+05,1.908778e+03,1.334298e+05,1.258717e+06,0,61,N,N
6.414407e+02,3.044814e+04,6.017070e+04,1.453960e+03,5.918481e+04,2.556401e+05,1.913021e+03,8.312249e+04,6.665684e+05,1.917414e+03,1.583521e+05,1.756705e+06,3,60,N,N
9.194154e+02,3.237491e+04,9.816705e+04,1.658154e+03,4.200374e+04,9.464327e+04,1.838700e+03,5.901046e+04,2.384170e+05,1.479547e+03,7.253877e+04,2.876506e+05,3,75,N,N
5.217338e+02,8.496530e+03,1.925719e+04,1.170076e+03,2.274277e+04,8.321433e+04,1.442488e+03,3.261262e+04,1.446548e+05,1.112665e+03,1.734631e+05,8.644256e+05,1,62,N,N
7.680149e+02,3.130077e+04,1.060908e+05,1.415987e+03,6.918670e+04,2.660907e+05,1.714170e+03,5.921242e+04,3.368461e+05,1.493939e+03,8.606351e+04,4.316615e+05,2,80,N,N
8.201199e+02,5.816974e+04,5.466357e+05,1.318703e+03,1.107773e+05,3.787452e+05,1.521823e+03,4.414042e+04,1.062555e+05,1.337646e+03,8.807071e+04,2.554973e+05,0,91,N,N
1.234462e+03,7.352593e+04,3.771890e+05,1.582952e+03,1.542008e+05,6.931625e+05,2.074897e+03,8.159793e+04,5.277322e+05,1.903850e+03,1.305428e+05,1.579564e+06,1,95,N,N
8.075590e+02,3.720023e+04,1.375301e+05,1.528636e+03,5.265959e+04,2.373184e+05,1.899912e+03,7.676179e+04,5.625941e+05,1.618397e+03,1.189466e+05,1.095666e+06,1,103,N,N
1.083773e+03,7.415516e+04,4.626255e+05,1.481663e+03,1.135480e+05,4.321107e+05,1.980666e+03,5.827586e+04,2.644864e+05,1.520342e+03,1.037120e+05,5.954071e+05,0,68,N,N
8.848541e+02,5.395002e+04,1.863992e+05,1.669538e+03,7.075501e+04,3.102671e+05,2.300482e+03,7.985880e+04,5.194106e+05,1.644569e+03,1.152885e+05,5.254191e+05,2,104,N,N
6.868200e+02,2.884582e+04,6.271664e+04,1.282646e+03,2.696390e+04,9.597342e+04,2.009057e+03,5.708148e+04,3.211286e+05,1.257603e+03,9.573645e+04,3.030975e+05,2,52,N,N
7.921781e+02,3.829254e+04,2.380440e+05,1.528840e+03,6.641219e+04,1.984395e+05,1.763778e+03,5.489314e+04,2.803356e+05,1.772887e+03,1.113467e+05,8.282539e+05,3,89,N,N
6.575774e+02,1.549900e+04,3.779076e+04,1.183418e+03,3.219828e+04,1.552438e+05,1.307754e+03,4.728545e+04,2.811946e+05,1.096213e+03,9.645533e+04,1.824098e+06,0,30,N,N
7.735103e+02,3.954428e+04,1.813927e+05,1.600984e+03,7.416760e+04,3.682103e+05,2.078259e+03,9.632057e+04,8.135430e+05,1.999926e+03,1.410498e+05,1.405387e+06,3,104,N,N
6.785216e+02,2.560069e+04,1.173532e+05,1.469846e+03,5.507900e+04,2.502454e+05,1.972862e+03,7.519916e+04,5.556608e+05,1.656600e+03,1.491931e+05,1.440875e+06,0,45,N,N
7.145312e+02,2.875705e+04,1.011199e+05,1.387691e+03,6.769419e+04,3.578735e+05,1.506832e+03,5.900979e+04,3.261225e+05,1.542548e+03,8.154186e+04,4.866035e+05,1,70,N,N
9.468265e+02,6.610597e+04,4.634407e+05,1.435320e+03,1.590263e+05,6.811807e+05,1.688987e+03,4.709499e+04,1.592080e+05,1.331552e+03,7.907514e+04,3.516137e+05,1,99,N,N
1.135338e+03,8.923976e+04,6.472761e+05,1.543958e+03,1.954219e+05,1.034086e+06,2.409151e+03,6.890442e+04,3.193612e+05,2.169098e+03,1.274739e+05,5.275361e+05,2,98,N,N
1.177171e+03,7.918455e+04,6.263538e+05,1.688031e+03,1.414551e+05,5.666952e+05,2.067127e+03,7.290691e+04,4.432912e+05,1.482031e+03,9.633087e+04,5.049195e+05,0,19,N,N
8.913701e+02,4.213027e+04,2.055147e+05,1.572018e+03,1.378939e+05,7.018408e+05,2.286498e+03,9.088291e+04,7.195168e+05,1.866703e+03,1.131362e+05,6.060419e+05,3,69,N,N
1.013459e+03,6.059623e+04,2.529885e+05,1.571298e+03,5.302757e+04,2.143395e+05,2.146961e+03,6.538443e+04,3.557536e+05,2.125653e+03,1.422307e+05,1.213388e+06,0,24,N,N
6.178873e+02,2.583177e+04,9.976054e+04,1.212379e+03,6.318964e+04,2.747607e+05,1.298726e+03,4.716968e+04,2.368373e+05,1.413304e+03,7.340514e+04,3.476060e+05,3,70,N,N
1.214835e+03,7.711056e+04,2.730291e+05,1.652433e+03,9.408011e+04,3.140454e+05,2.101397e+03,7.487021e+04,3.084044e+05,1.702937e+03,6.841921e+04,1.696505e+05,2,100,N,N
7.593458e+02,2.998487e+04,9.493682e+04,1.451651e+03,4.469742e+04,1.345221e+05,1.702839e+03,5.498963e+04,2.681783e+05,1.354978e+03,9.382647e+04,3.851188e+05,3,103,N,N
9.740279e+02,6.835776e+04,5.074146e+05,1.714519e+03,8.900407e+04,4.206153e+05,2.489840e+03,8.514212e+04,5.605999e+05,2.155912e+03,1.241649e+05,7.054872e+05,0,93,N,N
1.026739e+03,6.240714e+04,3.614570e+05,1.216258e+03,8.919282e+04,2.846100e+05,1.502984e+03,4.452616e+04,1.846303e+05,1.306257e+03,8.740859e+04,3.803586e+05,3,71,N,N
8.404784e+02,2.932239e+04,1.564368e+05,1.563174e+03,5.407338e+04,2.482641e+05,1.741481e+03,6.149574e+04,3.691368e+05,1.724044e+03,1.078274e+05,6.801473e+05,3,53,N,N
1.070459e+03,7.320512e+04,4.328825e+05,1.517228e+03,1.293035e+05,5.509592e+05,2.337701e+03,9.508961e+04,5.583653e+05,2.103457e+03,1.183531e+05,8.468825e+05,3,54,N,N
1.125675e+03,6.828794e+04,2.616964e+05,1.599001e+03,8.911734e+04,3.296616e+05,2.174927e+03,6.646214e+04,2.877218e+05,1.745246e+03,9.675818e+04,2.556260e+05,3,100,N,N
7.048213e+02,2.895954e+04,8.718899e+04,1.388284e+03,7.746378e+04,3.640757e+05,1.592636e+03,1.243679e+05,7.028501e+05,1.468404e+03,7.761207e+04,3.557021e+05,0,77,N,N
8.278689e+02,4.304747e+04,2.241811e+05,1.453980e+03,1.020805e+05,5.895531e+05,2.012377e+03,9.305361e+04,8.630178e+05,1.641402e+03,1.428254e+05,1.576721e+06,2,48,N,N
9.175706e+02,4.901446e+04,1.894088e+05,1.534269e+03,8.422957e+04,3.732156e+05,1.939345e+03,8.907410e+04,6.957743e+05,1.574165e+03,1.004404e+05,6.277972e+05,3,74,N,N
9.196257e+02,6.177507e+04,3.072922e+05,1.743853e+03,7.320355e+04,3.254325e+05,1.723285e+03,4.820924e+04,8.365299e+04,1.366128e+03,7.102081e+04,5.002735e+04,0,41,N,N
6.542781e+02,3.224470e+04,2.138924e+05,1.686641e+03,1.381607e+05,5.356213e+05,1.810322e+03,5.356714e+04,2.018200e+05,1.541168e+03,7.411877e+04,1.849707e+05,3,84,N,N
5.513411e+02,2.977488e+04,1.162168e+05,1.543394e+03,9.807162e+04,5.456669e+05,1.936006e+03,1.068107e+05,9.792236e+05,1.586172e+03,1.189773e+05,1.311402e+06,0,7,N,N
1.141300e+03,7.997400e+04,4.265082e+05,1.583302e+03,5.101116e+04,1.771720e+05,1.769889e+03,4.484285e+04,1.182516e+05,1.295050e+03,6.749492e+04,1.411172e+05,2,65,N,N
6.194450e+02,1.488738e+04,5.851420e+04,1.231480e+03,6.006391e+04,4.467004e+05,1.645616e+03,1.307346e+05,1.125231e+06,1.703166e+03,3.390796e+05,1.234462e+07,0,5,N,N
8.474194e+02,4.183484e+04,8.338082e+04,1.603518e+03,5.630083e+04,2.970816e+05,2.250515e+03,1.208431e+05,1.345338e+06,2.609409e+03,2.174172e+05,3.170411e+06,2,49,N,N
