1.254011e+03,3.743717e+05,6.156505e-02,4.291645e-03,-6.892954e-05,-2.604091e+00,-6.605189e-05,1.021565e+03,7.129040e+05,1.706872e-01,1.858285e-02,-1.033162e-03,-1.558677e+01,-1.032096e-03,4.097075e+02,5.406282e+04,6.127478e-03,8.849195e-05,2.308989e-08,8.536647e-03,-4.635957e-08,3,72,N,N
1.042893e+03,2.183383e+05,6.956563e-02,6.319224e-03,-1.121314e-04,-2.749382e+00,-1.019036e-04,8.732214e+02,4.089963e+05,2.165207e-01,2.471119e-02,-1.806888e-03,-1.579002e+01,-1.986352e-03,4.062940e+02,2.928904e+04,8.267080e-03,5.102376e-04,5.193641e-07,2.258888e-02,-6.493589e-07,3,93,N,N
1.234411e+03,4.230253e+05,1.484049e-01,1.066324e-02,-4.234291e-04,-6.925070e+00,-4.350976e-04,1.023306e+03,7.416188e+05,2.323793e-01,2.349852e-02,-1.731374e-03,-2.021084e+01,-1.745569e-03,3.732458e+02,4.611915e+04,5.930734e-03,5.021425e-06,2.109233e-10,-1.054034e-03,-6.729207e-10,0,26,N,N
1.191585e+03,3.843519e+05,1.197096e-01,8.767350e-03,-2.092541e-04,-4.560780e+00,-2.086613e-04,9.982236e+02,6.614156e+05,2.825977e-01,3.248001e-02,-2.843182e-03,-2.499129e+01,-2.713422e-03,3.786762e+02,3.749550e+04,7.380703e-03,5.655385e-05,3.312960e-08,-6.423861e-03,6.643423e-09,3,96,N,N
1.201247e+03,2.636310e+05,1.221796e-01,8.300921e-03,-5.439088e-05,-2.285227e+00,-1.928562e-05,9.568053e+02,5.852161e+05,2.104787e-01,2.350199e-02,-1.595993e-03,-1.764147e+01,-1.080192e-03,4.433553e+02,5.980676e+04,7.244828e-03,6.559061e-05,6.261777e-09,8.411175e-03,-4.268992e-08,1,55,N,N
1.135621e+03,3.181244e+05,1.168251e-01,8.737677e-03,-1.967497e-04,-4.005171e+00,-1.965061e-04,9.459956e+02,5.654459e+05,2.386417e-01,2.703456e-02,-2.006214e-03,-1.941734e+01,-1.924535e-03,3.838081e+02,3.749591e+04,5.377645e-03,4.030524e-05,-6.643727e-09,-7.519552e-03,1.321639e-08,3,90,N,N
1.141691e+03,3.305136e+05,1.088257e-01,7.075459e-03,-1.407278e-04,-3.429919e+00,-1.385144e-04,9.623315e+02,5.728100e+05,2.590351e-01,2.882975e-02,-1.944394e-03,-1.889566e+01,-1.995703e-03,3.874645e+02,3.232013e+04,8.619565e-03,6.271756e-06,3.647464e-10,2.612213e-04,1.264644e-09,1,5,N,N
1.318089e+03,4.199203e+05,1.105088e-01,8.653126e-03,-2.713068e-05,-2.346094e+00,9.543844e-06,1.070737e+03,8.010930e+05,2.414068e-01,3.015551e-02,-2.381158e-03,-2.557417e+01,-1.744066e-03,4.243459e+02,7.351316e+04,5.092648e-03,1.246611e-04,-9.856359e-08,-2.568550e-02,-1.223109e-08,0,27,N,N
1.286711e+03,3.792157e+05,1.310718e-01,9.201680e-03,-1.520546e-04,-4.068596e+00,-1.406224e-04,1.050237e+03,7.490874e+05,2.160284e-01,2.438187e-02,-1.763394e-03,-2.104714e+01,-1.288754e-03,4.344411e+02,5.662827e+04,5.421328e-03,7.942165e-05,-2.540039e-08,5.330655e-03,-4.440024e-08,0,28,N,N
1.441026e+03,3.636115e+05,8.960068e-02,4.602786e-03,-8.831035e-05,-2.694193e+00,-8.576889e-05,1.119248e+03,8.551342e+05,1.888277e-01,2.350281e-02,-1.548945e-03,-2.158360e+01,-1.592756e-03,5.169160e+02,1.152839e+05,5.977832e-03,8.306460e-05,-4.382161e-08,-8.719346e-03,-4.512453e-08,0,67,N,N
1.057109e+03,2.108873e+05,1.063885e-01,3.275580e-03,-4.786070e-05,-1.331373e+00,-4.813185e-05,8.767964e+02,4.091849e+05,2.613376e-01,2.460454e-02,-1.914570e-03,-1.541953e+01,-1.849000e-03,4.175766e+02,3.258906e+04,1.874594e-02,3.221050e-04,-7.681965e-07,-4.033817e-02,-2.385504e-07,3,91,N,N
1.242970e+03,3.388960e+05,8.662436e-02,3.387541e-03,-5.339442e-05,-1.893656e+00,-4.769479e-05,1.030852e+03,6.310341e+05,2.690213e-01,3.678455e-02,-3.582463e-03,-2.875141e+01,-3.620366e-03,4.490410e+02,6.959230e+04,7.671776e-03,2.302667e-04,-4.443351e-08,4.506043e-03,-3.893791e-07,0,16,N,N
1.292061e+03,3.164962e+05,1.042892e-01,5.113127e-03,-6.355591e-05,-2.016264e+00,-6.078085e-05,1.030690e+03,6.757221e+05,2.278406e-01,2.777807e-02,-2.065017e-03,-2.185049e+01,-1.913171e-03,4.701588e+02,7.873466e+04,8.788637e-03,9.233250e-05,7.155139e-08,2.104956e-02,-3.493988e-08,3,99,N,N
1.036429e+03,1.747244e+05,7.691307e-02,2.983498e-03,-1.920183e-05,-8.527410e-01,-1.725777e-05,8.469889e+02,3.703593e+05,2.220975e-01,2.569154e-02,-1.564212e-03,-1.395881e+01,-1.633027e-03,4.290269e+02,3.716808e+04,1.424576e-02,1.743304e-05,-8.387272e-09,-7.340018e-04,-1.373453e-09,3,78,N,N
1.200274e+03,3.827904e+05,1.183968e-01,7.149022e-03,-2.075968e-04,-4.418507e+00,-2.065074e-04,1.015814e+03,6.452487e+05,2.657607e-01,2.899645e-02,-2.523263e-03,-2.319760e+01,-2.473417e-03,3.971138e+02,3.616506e+04,7.462521e-03,2.033387e-05,-7.914929e-09,-1.635124e-03,1.460878e-09,2,102,N,N
1.171927e+03,3.329722e+05,1.032043e-01,7.880885e-03,-2.246397e-04,-4.547262e+00,-2.251494e-04,9.742352e+02,6.002855e+05,2.508961e-01,3.177200e-02,-2.826751e-03,-2.457186e+01,-2.876194e-03,3.972356e+02,4.094712e+04,6.245116e-03,3.823636e-04,4.420659e-07,-4.456546e-02,1.828483e-07,0,22,N,N
1.207018e+03,3.714607e+05,1.260776e-01,9.706231e-03,-2.376585e-04,-4.767067e+00,-2.350901e-04,1.004941e+03,6.570107e+05,2.835647e-01,3.375821e-02,-3.147634e-03,-2.654495e+01,-2.837227e-03,3.964845e+02,4.128032e+04,6.807337e-03,1.073305e-04,7.021638e-08,-1.526683e-02,3.837107e-08,1,84,N,N
1.273860e+03,2.574120e+05,1.492161e-01,7.105652e-03,-1.675234e-04,-2.978398e+00,-1.538759e-04,9.956685e+02,6.161215e+05,2.373041e-01,2.971527e-02,-2.285134e-03,-2.214314e+01,-2.307362e-03,4.893262e+02,8.317679e+04,8.206307e-03,3.478286e-04,5.814075e-07,9.909876e-02,1.226504e-07,2,82,N,N
1.298627e+03,4.011704e+05,1.355868e-01,7.692930e-03,-1.813848e-04,-4.176492e+00,-1.705369e-04,1.045741e+03,7.923022e+05,1.845392e-01,1.858618e-02,-1.088289e-03,-1.654286e+01,-1.224911e-03,4.124743e+02,6.398581e+04,7.611118e-03,9.022719e-05,3.403127e-08,1.742090e-02,5.840892e-08,3,68,N,N
1.291495e+03,2.220406e+05,9.593040e-02,2.950716e-03,-3.965939e-05,-1.257590e+00,-3.871663e-05,1.003143e+03,5.831204e+05,2.187672e-01,2.902140e-02,-2.253922e-03,-2.183554e+01,-2.564297e-03,5.319314e+02,1.077439e+05,9.543317e-03,4.524283e-04,7.950807e-07,1.260904e-01,-1.108664e-07,3,80,N,N
1.116555e+03,2.250578e+05,9.716945e-02,5.589961e-03,-4.292423e-05,-1.523050e+00,-3.453775e-05,9.194839e+02,4.509381e+05,2.567186e-01,2.895968e-02,-2.059605e-03,-1.718124e+01,-1.946101e-03,4.464654e+02,3.885153e+04,1.290566e-02,3.595214e-06,-7.701014e-10,7.078683e-04,-2.993216e-11,1,10,N,N
1.207759e+03,2.205951e+05,9.185874e-02,3.579652e-03,-6.169083e-05,-1.638460e+00,-6.172842e-05,9.514812e+02,5.269475e+05,2.164991e-01,2.838339e-02,-2.223905e-03,-2.059423e+01,-2.172210e-03,4.818562e+02,6.966536e+04,7.779557e-03,2.597485e-04,-2.215219e-07,-5.476886e-03,-3.462308e-07,0,56,N,N
1.452248e+03,6.355345e+05,1.473382e-01,1.154510e-02,-4.654053e-04,-9.080720e+00,-4.435897e-04,1.199096e+03,1.112959e+06,2.273513e-01,2.770498e-02,-2.154938e-03,-2.890201e+01,-2.430415e-03,4.018958e+02,6.551189e+04,2.782954e-03,2.387356e-04,-1.831736e-07,-5.566332e-02,7.302577e-08,1,86,N,N
3.294783e-01,1.085559e-01,8.828283e-33,8.820686e-33,7.783800e-65,2.906224e-33,-8.415864e-66,4.438233e-01,1.969791e-01,9.517384e-31,4.261054e-31,2.550290e-61,1.288019e-31,1.152508e-61,1.154970e-01,1.333956e-02,6.202999e-32,6.182957e-32,3.829086e-63,7.134177e-33,3.197167e-63,1,73,N,N
1.254755e+03,3.793064e+05,1.667202e-01,9.035667e-03,-3.452227e-04,-5.540004e+00,-3.491428e-04,1.014346e+03,7.334213e+05,2.089942e-01,1.899303e-02,-1.177734e-03,-1.613633e+01,-1.156691e-03,3.985556e+02,5.912238e+04,8.747509e-03,2.972729e-04,-4.623066e-07,-3.341802e-02,1.339651e-07,1,40,N,N
1.675733e+03,5.867374e+05,1.527094e-01,1.019701e-02,-3.188998e-04,-7.032412e+00,-3.206607e-04,1.355245e+03,1.184494e+06,1.549165e-01,1.547750e-02,-7.489355e-04,-1.671634e+01,-6.369316e-04,5.892821e+02,1.202136e+05,6.026742e-03,9.499637e-05,-6.397150e-08,-1.948948e-02,3.094983e-08,2,76,N,N
1.341177e+03,3.536354e+05,1.942572e-01,1.045953e-02,-4.701741e-04,-6.184774e+00,-4.539859e-04,1.072467e+03,7.522303e+05,1.333146e-01,1.055945e-02,-3.248684e-04,-8.237825e+00,-3.133734e-04,4.781828e+02,9.104353e+04,9.337313e-03,5.036346e-04,-1.080043e-06,-1.157473e-01,2.016098e-07,0,76,N,N
1.051516e+03,1.995930e+05,1.303136e-01,9.328729e-03,-3.011697e-04,-4.080472e+00,-2.766564e-04,8.796852e+02,3.956564e+05,2.338362e-01,2.116882e-02,-1.336420e-03,-1.244060e+01,-1.709028e-03,4.347743e+02,3.515439e+04,1.192376e-02,1.523376e-04,-7.826502e-08,2.494381e-02,1.572881e-07,2,53,N,N
1.111529e+03,2.599231e+05,9.459387e-02,7.514387e-03,-3.549612e-05,-2.016180e+00,-2.285659e-05,9.197283e+02,4.935859e+05,2.604191e-01,3.036806e-02,-2.594082e-03,-2.082807e+01,-2.099791e-03,4.103239e+02,3.726233e+04,9.315052e-03,1.146227e-04,1.176661e-07,-5.191029e-03,-2.573933e-08,1,65,N,N
1.048910e+03,2.505811e+05,1.334417e-01,1.146673e-02,-4.073878e-04,-5.464226e+00,-4.176883e-04,8.854097e+02,4.411445e+05,2.465982e-01,1.843139e-02,-1.206141e-03,-1.203981e+01,-1.109563e-03,3.848738e+02,2.867804e+04,1.155311e-02,7.960786e-04,1.562779e-06,1.975784e-02,9.889296e-07,0,32,N,N
1.352469e+03,4.030118e+05,1.610786e-01,1.196490e-02,-1.758377e-04,-4.420801e+00,-9.920248e-05,1.091170e+03,8.206710e+05,2.429536e-01,2.916872e-02,-2.431814e-03,-2.626238e+01,-2.766417e-03,4.570763e+02,8.344039e+04,4.090229e-03,2.352881e-04,1.900049e-07,5.869058e-02,-4.094165e-08,3,98,N,N
1.093004e+03,2.475961e+05,9.005530e-02,5.344169e-03,-1.162649e-04,-2.638814e+00,-1.167937e-04,9.188816e+02,4.618523e+05,2.772816e-01,3.587673e-02,-3.155534e-03,-2.239282e+01,-3.683429e-03,4.215854e+02,3.319390e+04,9.613606e-03,2.387874e-04,3.227534e-07,-2.162443e-02,1.510241e-07,0,10,N,N
1.300556e+03,3.406607e+05,1.193622e-01,7.309468e-03,-2.158219e-04,-4.255312e+00,-2.244244e-04,1.040033e+03,7.142055e+05,2.098050e-01,2.403704e-02,-1.678913e-03,-2.017104e+01,-1.556930e-03,4.565466e+02,7.413572e+04,6.440573e-03,9.837842e-06,2.118689e-09,2.646845e-03,1.731604e-09,2,99,N,N
1.169802e+03,3.058640e+05,1.669410e-01,8.647137e-03,-3.243667e-04,-4.770737e+00,-3.203401e-04,9.563478e+02,5.867121e+05,1.927237e-01,1.472049e-02,-7.832134e-04,-1.127546e+01,-8.193329e-04,4.038314e+02,5.045048e+04,1.141166e-02,7.076759e-04,-1.578916e-06,-1.530149e-01,-1.293170e-06,3,61,N,N
1.310161e+03,4.915927e+05,1.219257e-01,9.700245e-03,-2.931896e-04,-6.312642e+00,-2.979296e-04,1.086995e+03,8.547169e+05,2.516176e-01,3.154587e-02,-2.647784e-03,-2.816077e+01,-2.613266e-03,3.860341e+02,5.060900e+04,3.564607e-03,2.195917e-04,-6.588292e-08,-4.921467e-02,1.312840e-07,3,95,N,N
1.187181e+03,2.474911e+05,1.302387e-01,7.375434e-03,-1.695997e-04,-3.156447e+00,-1.672773e-04,9.484977e+02,5.495816e+05,2.203666e-01,2.364837e-02,-1.706508e-03,-1.752963e+01,-1.355388e-03,4.512485e+02,5.703294e+04,9.490268e-03,2.489407e-05,6.443800e-09,4.587870e-03,-9.866502e-09,0,55,N,N
1.010056e+03,1.453711e+05,1.093570e-01,4.636860e-03,-9.713830e-05,-1.690791e+00,-1.003004e-04,7.996710e+02,3.500587e+05,1.802195e-01,1.477574e-02,-7.060418e-04,-8.443251e+00,-6.993495e-04,4.183986e+02,4.659037e+04,1.478069e-02,4.956726e-04,-4.180867e-07,-1.069303e-01,-1.322832e-06,2,66,N,N
1.244069e+03,2.680813e+05,1.014973e-01,5.090990e-03,-9.985866e-05,-2.484527e+00,-9.797852e-05,1.005019e+03,5.727850e+05,2.559968e-01,3.532507e-02,-3.289089e-03,-2.640250e+01,-3.303107e-03,4.873626e+02,7.835499e+04,6.954454e-03,2.331239e-04,-2.959655e-07,-4.958193e-02,-1.097200e-07,3,56,N,N
1.234350e+03,3.907432e+05,1.550270e-01,1.153087e-02,-4.300979e-04,-6.682848e+00,-4.420877e-04,1.029181e+03,6.916107e+05,2.580733e-01,2.637265e-02,-2.149294e-03,-2.178841e+01,-1.878555e-03,4.040877e+02,4.359858e+04,7.705310e-03,9.228915e-06,-8.395860e-10,1.305600e-03,-1.421301e-09,2,84,N,N
1.185464e+03,2.923202e+05,1.280134e-01,6.922503e-03,-1.915800e-04,-3.542909e+00,-1.849569e-04,9.686008e+02,5.790160e+05,2.586415e-01,2.859122e-02,-2.125761e-03,-1.993097e+01,-2.048768e-03,4.289204e+02,4.703873e+04,1.095209e-02,4.030215e-06,4.880699e-10,7.088182e-04,6.445514e-10,2,92,N,N
1.171509e+03,3.451615e+05,1.482535e-01,9.894664e-03,-3.786847e-04,-5.799122e+00,-3.829125e-04,9.822538e+02,6.145495e+05,3.078837e-01,3.426357e-02,-3.129968e-03,-2.489515e+01,-3.610464e-03,3.951263e+02,3.597841e+04,8.795599e-03,6.816209e-06,-3.066306e-10,8.741509e-04,-1.554169e-09,2,62,N,N
1.162688e+03,3.328727e+05,1.774216e-01,1.108889e-02,-4.841131e-04,-6.360807e+00,-4.807236e-04,9.505415e+02,6.241375e+05,2.449796e-01,2.547754e-02,-2.003659e-03,-2.006991e+01,-2.121824e-03,3.736539e+02,4.504141e+04,7.015064e-03,7.721258e-05,-9.245819e-09,6.304246e-03,5.547830e-08,0,83,N,N
1.202484e+03,3.189666e+05,1.222530e-01,6.788029e-03,-1.726545e-04,-3.642822e+00,-1.761456e-04,9.787800e+02,6.218560e+05,2.025929e-01,1.755719e-02,-1.034881e-03,-1.376141e+01,-9.437744e-04,4.145481e+02,5.682649e+04,9.549094e-03,1.337670e-04,-9.718694e-08,-3.092961e-02,-7.368498e-08,1,57,N,N
1.049878e+03,2.583318e+05,1.174504e-01,5.876761e-03,-1.336487e-04,-2.665707e+00,-1.372661e-04,8.754822e+02,4.662297e+05,1.444589e-01,1.397819e-02,-5.177048e-04,-8.526350e+00,-4.898035e-04,3.677154e+02,4.190187e+04,6.926336e-03,1.552698e-04,1.021127e-07,1.905694e-02,5.485851e-08,3,59,N,N
1.160510e+03,3.661313e+05,1.388732e-01,1.110837e-02,-4.360531e-04,-6.708918e+00,-4.183768e-04,9.913218e+02,6.001820e+05,3.054677e-01,3.334643e-02,-3.313298e-03,-2.556738e+01,-3.273456e-03,3.862900e+02,2.890772e+04,9.287572e-03,2.043824e-04,1.485988e-07,9.085982e-03,-1.749862e-07,0,11,N,N
1.259283e+03,3.971533e+05,1.112537e-01,7.563467e-03,-1.862902e-04,-4.372443e+00,-1.892720e-04,1.037533e+03,7.259390e+05,2.576275e-01,3.261037e-02,-2.824345e-03,-2.694674e+01,-2.760674e-03,4.073329e+02,4.940103e+04,5.121109e-03,1.793215e-04,-9.967317e-08,-3.851902e-02,1.310653e-07,0,13,N,N
9.983194e+02,1.701268e+05,6.689449e-02,2.790927e-03,-1.989562e-05,-8.622540e-01,-1.863716e-05,8.504142e+02,3.140596e+05,2.857708e-01,4.220936e-02,-4.623333e-03,-2.360650e+01,-4.866703e-03,4.380981e+02,3.576126e+04,1.639325e-02,3.146224e-04,6.298895e-07,-1.993265e-02,5.816020e-07,1,64,N,N
1.164127e+03,2.841154e+05,7.173239e-02,4.803814e-03,-3.484351e-05,-1.646343e+00,-3.116662e-05,9.779524e+02,5.273133e+05,2.282350e-01,3.508902e-02,-2.318244e-03,-2.100491e+01,-2.559769e-03,4.455473e+02,6.115092e+04,7.754904e-03,4.393053e-04,4.716547e-07,-5.229985e-02,7.653409e-07,1,35,N,N
1.179870e+03,3.669444e+05,1.442189e-01,9.958594e-03,-3.719023e-04,-5.988921e+00,-3.614844e-04,9.865221e+02,6.403444e+05,2.800433e-01,2.959199e-02,-2.570310e-03,-2.303893e+01,-2.506261e-03,3.807894e+02,3.787308e+04,8.668964e-03,1.465141e-05,-4.826980e-09,2.545541e-03,2.249350e-09,0,8,N,N
1.436069e+03,6.570216e+05,1.415849e-01,1.252664e-02,-4.982070e-04,-9.876949e+00,-4.842610e-04,1.196989e+03,1.118479e+06,2.104224e-01,2.559082e-02,-1.812909e-03,-2.651608e+01,-2.115032e-03,3.864237e+02,5.786345e+04,1.967638e-03,2.250517e-04,-8.919040e-08,-5.412945e-02,6.862877e-08,0,86,N,N
1.184229e+03,4.134191e+05,1.585377e-01,1.217617e-02,-5.342234e-04,-7.824838e+00,-5.412660e-04,1.002983e+03,6.793319e+05,2.358316e-01,2.413130e-02,-1.811961e-03,-1.983752e+01,-1.817973e-03,3.600538e+02,3.617902e+04,4.532199e-03,9.099266e-07,5.705903e-11,1.675637e-04,-3.185726e-12,1,63,N,N
1.133499e+03,2.148207e+05,1.118045e-01,6.154930e-03,-1.535836e-04,-2.758181e+00,-1.468811e-04,9.044228e+02,4.827674e+05,2.013195e-01,1.865824e-02,-1.134354e-03,-1.289247e+01,-1.245699e-03,4.411101e+02,5.359678e+04,1.048974e-02,1.110155e-04,2.741016e-08,-2.481033e-02,-1.115565e-07,2,51,N,N
1.133784e+03,3.087356e+05,1.316729e-01,1.141694e-02,-4.218355e-04,-6.255309e+00,-4.068015e-04,9.588410e+02,5.429446e+05,2.077203e-01,2.137554e-02,-1.334162e-03,-1.518295e+01,-1.605317e-03,4.040712e+02,3.757926e+04,5.472186e-03,9.015330e-05,7.995271e-09,3.798736e-03,-3.788461e-08,3,48,N,N
1.181493e+03,3.088475e+05,1.574342e-01,7.749314e-03,-2.690441e-04,-4.285821e+00,-2.703012e-04,9.518505e+02,6.186365e+05,2.290928e-01,2.530275e-02,-1.902948e-03,-1.975226e+01,-1.802439e-03,3.962397e+02,5.274011e+04,7.548676e-03,2.678502e-04,2.853980e-07,5.160697e-02,3.341555e-07,0,14,N,N
1.137425e+03,1.949296e+05,1.077200e-01,4.750920e-03,-8.235080e-05,-1.787642e+00,-8.224163e-05,9.169095e+02,4.383839e+05,1.844266e-01,1.223434e-02,-5.399964e-04,-7.779706e+00,-4.772821e-04,4.755071e+02,6.271575e+04,1.709625e-02,5.351598e-04,3.781856e-07,-1.180637e-01,-1.193322e-06,1,54,N,N
1.233442e+03,2.911949e+05,1.554074e-01,9.474672e-03,-3.633653e-04,-5.109308e+00,-3.381190e-04,9.925702e+02,6.088650e+05,2.212569e-01,2.302192e-02,-1.614394e-03,-1.779782e+01,-1.627065e-03,4.531529e+02,5.864110e+04,8.542766e-03,2.102082e-05,-7.353598e-09,-9.282345e-04,5.126214e-09,1,52,N,N
1.178685e+03,3.942223e+05,1.564332e-01,1.200776e-02,-4.678791e-04,-7.197581e+00,-4.752766e-04,9.961844e+02,6.573931e+05,2.332768e-01,2.433883e-02,-1.649422e-03,-1.863067e+01,-1.663199e-03,3.684756e+02,3.779771e+04,4.805660e-03,2.152267e-06,1.671739e-10,3.382608e-04,5.998470e-11,0,63,N,N
1.313305e+03,5.123675e+05,1.604244e-01,1.315680e-02,-5.897944e-04,-9.325261e+00,-6.153530e-04,1.091080e+03,8.808576e+05,2.341201e-01,2.629956e-02,-2.057121e-03,-2.465797e+01,-1.896188e-03,3.761181e+02,4.946724e+04,2.893444e-03,1.942486e-05,-4.193405e-09,-3.337708e-03,2.111147e-09,3,101,N,N
1.071856e+03,2.201950e+05,1.373046e-01,5.940409e-03,-1.661009e-04,-2.764436e+00,-1.707335e-04,8.938970e+02,4.212164e+05,2.825253e-01,2.726254e-02,-2.296578e-03,-1.724940e+01,-2.189079e-03,4.246618e+02,3.167929e+04,1.839174e-02,9.206364e-05,-4.521437e-08,-1.557512e-02,-1.013168e-07,2,91,N,N
1.273334e+03,3.856661e+05,1.233892e-01,1.053670e-02,-3.786996e-04,-6.527307e+00,-3.603239e-04,1.050629e+03,7.529584e+05,2.069373e-01,2.667427e-02,-1.381528e-03,-1.889532e+01,-2.018816e-03,4.303895e+02,4.962711e+04,3.430849e-03,3.050397e-04,1.885988e-07,-5.656164e-02,1.630123e-07,3,49,N,N
1.137870e+03,3.610742e+05,1.264962e-01,9.375152e-03,-2.721429e-04,-5.100825e+00,-2.571121e-04,9.658391e+02,5.990990e+05,2.617783e-01,2.876037e-02,-2.256779e-03,-2.089804e+01,-2.248292e-03,3.653626e+02,3.267760e+04,5.886596e-03,1.571221e-05,2.719173e-09,-2.742320e-03,2.209975e-09,0,102,N,N
1.217389e+03,4.082131e+05,1.524092e-01,1.210356e-02,-3.137246e-04,-6.155819e+00,-3.028160e-04,1.022094e+03,6.988387e+05,3.111764e-01,3.695466e-02,-3.857874e-03,-3.045193e+01,-3.240165e-03,3.832314e+02,3.961862e+04,6.450902e-03,5.925400e-05,1.188027e-08,-1.063639e-02,3.235575e-08,1,0,N,N
1.107193e+03,2.113665e+05,5.963636e-02,5.186086e-03,-9.071888e-05,-2.372856e+00,-9.429899e-05,9.317842e+02,4.038692e+05,2.095022e-01,3.221707e-02,-2.627582e-03,-2.034043e+01,-2.624926e-03,4.720390e+02,3.725009e+04,6.811964e-03,1.378640e-03,4.008273e-06,-4.271728e-02,3.258466e-07,0,36,N,N
1.313963e+03,4.269333e+05,1.472145e-01,1.076404e-02,-2.896597e-04,-5.732907e+00,-2.856512e-04,1.075276e+03,8.009772e+05,2.692864e-01,3.429815e-02,-3.279347e-03,-3.060702e+01,-2.734372e-03,4.220592e+02,6.069616e+04,4.020402e-03,2.318707e-04,-2.233911e-07,-4.179761e-02,1.565001e-08,0,18,N,N
1.005162e+03,1.599277e+05,5.417723e-02,2.707661e-03,-3.073200e-05,-1.049545e+00,-3.016803e-05,8.633952e+02,2.936472e+05,2.061013e-01,3.608615e-02,-3.051476e-03,-1.935167e+01,-2.991674e-03,4.634865e+02,4.639977e+04,1.011503e-02,1.186896e-03,2.882659e-06,-7.406110e-02,3.735990e-06,2,97,N,N
1.272104e+03,2.973059e+05,6.254531e-02,4.235013e-03,-5.480451e-05,-2.037835e+00,-5.523516e-05,1.006056e+03,6.626524e+05,1.503316e-01,2.058667e-02,-9.897858e-04,-1.532850e+01,-1.032296e-03,4.608636e+02,8.958304e+04,2.521554e-03,1.493360e-04,-6.387734e-08,-4.461969e-02,6.564090e-08,2,79,N,N
1.238174e+03,3.258694e+05,1.056359e-01,8.255187e-03,-1.641602e-04,-3.825650e+00,-1.622042e-04,9.895760e+02,6.727607e+05,1.650636e-01,1.869540e-02,-9.992778e-04,-1.500763e+01,-8.498839e-04,4.190148e+02,6.180579e+04,3.418260e-03,3.308570e-05,-1.101466e-08,-5.651020e-03,2.992169e-09,3,79,N,N
1.449070e+03,6.747818e+05,1.744860e-01,1.454830e-02,-7.313179e-04,-1.194793e+01,-7.236032e-04,1.208033e+03,1.136770e+06,2.274112e-01,2.668812e-02,-2.007232e-03,-2.786225e+01,-2.219835e-03,3.869520e+02,5.811881e+04,2.661261e-03,1.703349e-04,-1.090783e-07,-3.522752e-02,3.515417e-08,3,86,N,N
9.170778e+02,2.073725e+05,1.173573e-01,1.024442e-02,-3.001185e-04,-4.281789e+00,-2.670601e-04,8.224362e+02,3.074882e+05,2.836011e-01,1.881819e-02,-1.344267e-03,-1.031240e+01,-1.589278e-03,3.670901e+02,1.697121e+04,1.835146e-02,1.226253e-03,5.590736e-07,1.325231e-01,3.063877e-06,1,94,N,N
1.205484e+03,3.235086e+05,1.519050e-01,1.320586e-02,-4.242125e-04,-6.014279e+00,-4.189177e-04,1.000486e+03,5.982704e+05,2.012487e-01,1.971422e-02,-1.155373e-03,-1.462847e+01,-9.292824e-04,4.331092e+02,5.135812e+04,6.128459e-03,4.117105e-05,-1.215052e-08,8.678628e-03,1.327692e-08,1,48,N,N
1.394429e+03,4.810127e+05,1.829311e-01,1.183200e-02,-5.356459e-04,-8.021646e+00,-5.117316e-04,1.130410e+03,9.166546e+05,2.176054e-01,2.509754e-02,-1.853314e-03,-2.400566e+01,-1.954334e-03,4.372549e+02,7.917476e+04,2.704246e-03,4.651583e-04,4.824070e-07,1.234900e-01,6.287267e-07,0,98,N,N
1.166705e+03,2.784345e+05,1.656415e-01,6.905263e-03,-2.303550e-04,-3.628587e+00,-2.292637e-04,9.507305e+02,5.602508e+05,1.799305e-01,1.374533e-02,-6.154856e-04,-9.712199e+00,-5.657618e-04,4.231235e+02,5.510280e+04,1.283198e-02,7.854085e-04,-2.478547e-06,-1.385565e-01,2.815732e-07,1,61,N,N
1.211017e+03,4.108649e+05,1.343946e-01,1.146138e-02,-2.219725e-04,-5.105437e+00,-1.977789e-04,1.018116e+03,6.958275e+05,2.919893e-01,3.350201e-02,-3.072398e-03,-2.668245e+01,-2.515818e-03,3.774120e+02,3.741688e+04,6.896081e-03,8.547755e-05,6.358107e-08,-7.366087e-03,9.108360e-10,0,96,N,N
1.069170e+03,2.340259e+05,1.482495e-01,8.520125e-03,-2.332518e-04,-3.478950e+00,-2.341866e-04,8.827513e+02,4.493274e+05,2.106943e-01,1.668480e-02,-7.640217e-04,-9.696108e+00,-7.752581e-04,4.004118e+02,4.191619e+04,1.374757e-02,5.373179e-04,1.873232e-07,-9.932494e-02,-1.304505e-06,2,37,N,N
1.277783e+03,3.707649e+05,1.276759e-01,7.530717e-03,-2.239040e-04,-4.484947e+00,-2.144968e-04,1.041932e+03,7.137108e+05,2.561005e-01,2.976733e-02,-2.559161e-03,-2.490966e+01,-2.586078e-03,4.330305e+02,5.656868e+04,7.016120e-03,7.594570e-05,-5.064512e-08,-8.008748e-03,-1.372002e-08,0,84,N,N
9.716283e+02,1.477753e+05,5.034192e-02,2.572790e-03,-2.841864e-05,-9.762919e-01,-2.797973e-05,8.355496e+02,2.725744e+05,2.056576e-01,3.202007e-02,-2.592943e-03,-1.664501e+01,-2.707478e-03,4.511522e+02,2.762598e+04,1.217495e-02,8.273772e-04,2.588079e-06,-8.460925e-03,6.151927e-07,0,97,N,N
1.379627e+03,4.646943e+05,1.393010e-01,7.662853e-03,-2.432859e-04,-5.130496e+00,-2.495575e-04,1.111751e+03,9.022127e+05,2.315509e-01,2.808229e-02,-2.256692e-03,-2.663439e+01,-2.165086e-03,4.300789e+02,7.331685e+04,4.303065e-03,2.780179e-04,9.550677e-08,4.287835e-02,-2.930564e-07,0,74,N,N
1.325266e+03,4.507611e+05,1.583419e-01,1.069978e-02,-4.399934e-04,-7.182893e+00,-4.587612e-04,1.082225e+03,8.405154e+05,2.436053e-01,2.691392e-02,-2.148210e-03,-2.444072e+01,-1.979395e-03,4.115340e+02,5.960384e+04,5.445874e-03,2.403075e-05,4.312653e-09,3.903241e-03,-7.262863e-09,1,104,N,N
1.296425e+03,4.385543e+05,1.511503e-01,7.874258e-03,-2.650403e-04,-5.144977e+00,-2.649698e-04,1.053946e+03,8.183468e+05,1.983620e-01,2.137589e-02,-1.387511e-03,-1.929824e+01,-1.367539e-03,3.918005e+02,5.938794e+04,5.339143e-03,2.836336e-04,3.289152e-07,6.575646e-02,1.073967e-07,1,88,N,N
1.259224e+03,2.637269e+05,1.139675e-01,4.244553e-03,-4.163424e-05,-1.509093e+00,-3.790263e-05,9.917472e+02,6.157227e+05,2.203308e-01,2.619384e-02,-1.981334e-03,-2.052393e+01,-1.661146e-03,4.782890e+02,7.771585e+04,1.019137e-02,4.195958e-04,8.318552e-07,1.161808e-01,6.204574e-07,0,80,N,N
1.085308e+03,3.067976e+05,1.209574e-01,9.767482e-03,-1.681098e-04,-3.978990e+00,-1.562787e-04,9.149380e+02,5.246053e+05,2.849402e-01,3.148788e-02,-2.741795e-03,-2.150776e+01,-2.383186e-03,3.610483e+02,2.911206e+04,7.805124e-03,4.165239e-05,1.135323e-08,1.910608e-03,-1.767272e-08,0,34,N,N
1.188727e+03,3.006285e+05,1.105950e-01,6.070064e-03,-1.497641e-04,-3.233129e+00,-1.466402e-04,9.755513e+02,5.811507e+05,2.645218e-01,3.194850e-02,-2.833016e-03,-2.380680e+01,-2.780033e-03,4.273915e+02,4.673260e+04,9.090322e-03,9.453148e-05,-5.125305e-08,-2.006421e-02,6.839557e-08,1,92,N,N
1.263247e+03,3.980576e+05,1.092022e-01,8.310725e-03,-2.372647e-04,-5.089955e+00,-2.443210e-04,1.044122e+03,7.231067e+05,2.618317e-01,3.335736e-02,-3.107116e-03,-2.831348e+01,-2.926893e-03,4.132217e+02,5.845176e+04,5.049599e-03,3.205828e-04,1.425395e-07,-5.238041e-02,2.522575e-07,0,25,N,N
1.395711e+03,3.419983e+05,1.188829e-01,6.721286e-03,-1.131840e-04,-2.944390e+00,-1.052222e-04,1.090866e+03,7.932081e+05,2.079630e-01,2.604174e-02,-1.846040e-03,-2.265178e+01,-1.521052e-03,5.062562e+02,9.756452e+04,4.714856e-03,2.673250e-04,-2.442746e-09,2.742305e-02,-3.156121e-07,0,70,N,N
1.084204e+03,3.014275e+05,1.658680e-01,1.136655e-02,-4.923130e-04,-6.213584e+00,-5.156467e-04,9.114987e+02,5.242580e+05,2.313751e-01,2.279420e-02,-1.636289e-03,-1.638524e+01,-1.492520e-03,3.624994e+02,3.062364e+04,7.213447e-03,1.099449e-04,-2.747928e-08,-1.923814e-02,-1.012307e-07,0,3,N,N
1.167953e+03,2.033801e+05,9.787721e-02,4.044917e-03,-1.610194e-05,-9.209123e-01,-7.045156e-06,9.253247e+02,4.831202e+05,1.488493e-01,1.271491e-02,-5.004664e-04,-8.372611e+00,-3.768573e-04,4.748416e+02,6.930349e+04,1.144186e-02,2.724342e-04,-3.288273e-07,-1.935560e-02,3.314048e-07,0,59,N,N
1.168001e+03,2.344769e+05,1.072155e-01,5.229469e-03,4.136905e-06,-7.940380e-01,2.790665e-05,9.302926e+02,5.261835e+05,2.464476e-01,2.905922e-02,-2.427482e-03,-2.087183e+01,-1.724889e-03,4.473583e+02,6.081329e+04,1.195842e-02,1.441891e-04,1.875861e-07,3.475523e-02,1.917095e-08,2,81,N,N
1.218212e+03,2.855636e+05,1.730652e-01,8.945888e-03,-2.051358e-04,-3.705811e+00,-1.961784e-04,9.780026e+02,6.190861e+05,1.886183e-01,1.541141e-02,-8.305978e-04,-1.211702e+01,-6.018875e-04,4.436212e+02,6.200601e+04,1.244076e-02,5.130897e-04,-1.277575e-06,-8.393651e-02,1.508675e-07,2,61,N,N
9.772861e+02,1.461036e+05,6.529661e-02,4.021576e-03,-4.272183e-05,-1.219727e+00,-4.141292e-05,8.216472e+02,2.907523e+05,2.453771e-01,3.302847e-02,-2.972717e-03,-1.780935e+01,-2.559650e-03,4.395235e+02,2.918108e+04,1.472547e-02,3.654771e-04,1.477996e-07,4.137253e-02,-9.183003e-07,2,64,N,N
1.322605e+03,5.586209e+05,1.475216e-01,1.235913e-02,-4.901262e-04,-8.911225e+00,-4.774641e-04,1.114000e+03,9.198196e+05,2.633782e-01,3.199365e-02,-2.932887e-03,-3.063558e+01,-3.180257e-03,3.665915e+02,4.393798e+04,3.242046e-03,2.081382e-04,-4.715355e-08,-4.328416e-02,1.082563e-07,0,95,N,N
1.224655e+03,3.645129e+05,1.473086e-01,1.026142e-02,-2.007258e-04,-4.509345e+00,-1.789519e-04,1.003060e+03,6.813603e+05,2.835360e-01,3.469544e-02,-3.142801e-03,-2.706702e+01,-2.635399e-03,3.993553e+02,5.251057e+04,6.279508e-03,7.346416e-05,-1.924505e-08,8.311090e-04,-5.051801e-08,0,0,N,N
1.266390e+03,4.461109e+05,1.534878e-01,1.288280e-02,-5.087712e-04,-8.087108e+00,-4.564009e-04,1.057973e+03,7.801714e+05,2.305071e-01,2.550563e-02,-1.948539e-03,-2.246118e+01,-2.234004e-03,3.901253e+02,4.434733e+04,3.826348e-03,3.588331e-05,7.209205e-09,-7.034793e-03,7.376685e-09,1,49,N,N
1.141167e+03,3.564872e+05,1.377839e-01,8.892265e-03,-3.082989e-04,-5.275923e+00,-3.006920e-04,9.799049e+02,6.012103e+05,2.861857e-01,2.939024e-02,-1.930506e-03,-1.876963e+01,-2.625767e-03,3.832841e+02,2.734680e+04,9.666572e-03,1.947111e-05,5.386882e-09,6.614621e-04,5.094482e-09,3,62,N,N
1.080402e+03,1.973980e+05,1.123520e-01,6.022368e-03,-1.566029e-04,-2.665106e+00,-1.641047e-04,8.830271e+02,4.203423e+05,2.228643e-01,2.239530e-02,-1.188648e-03,-1.244855e+01,-1.502006e-03,4.399269e+02,4.219592e+04,1.090502e-02,1.761593e-05,3.648779e-09,-3.142278e-03,-6.194280e-09,0,53,N,N
1.110239e+03,2.780019e+05,6.667327e-02,5.541686e-03,4.204958e-05,-1.856299e-01,6.833708e-05,9.390206e+02,4.871727e+05,2.779203e-01,3.536842e-02,-3.188555e-03,-2.324033e+01,-2.421310e-03,4.130583e+02,3.311156e+04,1.178970e-02,1.236377e-04,1.140455e-07,5.347346e-03,-9.385140e-08,1,33,N,N
1.425556e+03,3.721632e+05,1.312360e-01,7.696203e-03,-2.384660e-04,-4.565278e+00,-2.457691e-04,1.096275e+03,8.817615e+05,1.548730e-01,1.826175e-02,-9.386049e-04,-1.674714e+01,-9.301167e-04,4.872407e+02,1.138250e+05,3.441890e-03,2.120130e-04,1.799642e-07,7.147618e-02,8.428950e-08,0,79,N,N
1.090934e+03,2.857289e+05,1.165482e-01,6.884662e-03,-1.415447e-04,-3.153308e+00,-1.408003e-04,9.292604e+02,4.959561e+05,2.455795e-01,2.075084e-02,-1.464195e-03,-1.448034e+01,-1.197803e-03,3.947449e+02,3.421077e+04,1.211340e-02,1.137008e-04,9.703949e-08,-1.305010e-02,-8.353508e-08,0,92,N,N
1.196839e+03,2.851417e+05,1.437249e-01,6.810991e-03,-1.892415e-04,-3.421868e+00,-1.934416e-04,9.608334e+02,5.946658e+05,2.529779e-01,3.124636e-02,-2.774884e-03,-2.408313e+01,-2.515409e-03,4.268743e+02,5.880533e+04,6.934615e-03,3.313872e-04,3.663972e-07,6.722907e-02,-3.011791e-07,1,82,N,N
1.129995e+03,3.419751e+05,1.487367e-01,1.095037e-02,-4.345306e-04,-6.293530e+00,-4.495697e-04,9.585154e+02,5.715604e+05,2.480993e-01,2.695297e-02,-2.159255e-03,-2.012676e+01,-2.126159e-03,3.740507e+02,3.205041e+04,6.278706e-03,4.334470e-05,8.282833e-10,-7.753446e-03,1.282578e-08,1,90,N,N
1.114951e+03,2.094312e+05,1.143880e-01,6.733143e-03,-1.837179e-04,-3.056859e+00,-1.778462e-04,9.059498e+02,4.489437e+05,2.156421e-01,2.236857e-02,-1.519432e-03,-1.474889e+01,-1.680974e-03,4.483579e+02,4.560067e+04,9.287410e-03,6.688377e-06,5.124661e-10,-1.411682e-03,1.073553e-09,2,58,N,N
1.049542e+03,3.075927e+05,1.284121e-01,8.188221e-03,-2.647868e-04,-4.539185e+00,-2.680269e-04,9.195037e+02,4.686796e+05,2.740365e-01,1.703191e-02,-1.155385e-03,-1.160335e+01,-1.160860e-03,3.651104e+02,2.887847e+04,1.724029e-02,1.044963e-03,4.427747e-06,-1.487759e-02,-1.045251e-06,0,39,N,N
1.350197e+03,3.954721e+05,1.207870e-01,5.659893e-03,-1.115927e-04,-3.102407e+00,-1.126294e-04,1.069183e+03,8.344556e+05,1.593037e-01,1.631492e-02,-8.249820e-04,-1.483816e+01,-9.315382e-04,4.407685e+02,7.897247e+04,6.884568e-03,2.559516e-04,1.897730e-07,5.566261e-02,3.006322e-07,2,68,N,N
1.106802e+03,3.283575e+05,1.386091e-01,8.879489e-03,-3.113036e-04,-5.087291e+00,-3.074437e-04,9.443751e+02,5.476736e+05,2.741913e-01,2.729609e-02,-2.161101e-03,-1.921454e+01,-2.493422e-03,3.714050e+02,2.921366e+04,8.927716e-03,1.381029e-05,4.336221e-09,-1.398188e-03,-2.344555e-09,2,71,N,N
1.043723e+03,2.166533e+05,9.381256e-02,7.690318e-03,-1.562534e-04,-3.181609e+00,-1.356510e-04,8.824095e+02,3.927648e+05,2.080809e-01,1.554512e-02,-8.645302e-04,-9.591639e+00,-9.256679e-04,4.174486e+02,3.735861e+04,1.133448e-02,5.138803e-04,4.570501e-07,5.885332e-02,5.832839e-07,0,17,N,N
1.242969e+03,4.003473e+05,1.259704e-01,8.661561e-03,-2.234692e-04,-4.795657e+00,-2.245972e-04,1.034262e+03,7.079332e+05,2.703095e-01,3.168657e-02,-2.901054e-03,-2.645225e+01,-2.633044e-03,4.018157e+02,4.544124e+04,7.585335e-03,1.084713e-04,5.917057e-10,-2.179812e-02,7.568173e-08,1,96,N,N
1.127954e+03,2.224855e+05,1.232338e-01,5.025654e-03,-1.188353e-04,-2.270222e+00,-1.194089e-04,9.102723e+02,4.847348e+05,2.641320e-01,3.077891e-02,-2.299840e-03,-1.906793e+01,-2.724978e-03,4.399388e+02,5.249217e+04,1.254648e-02,1.477102e-04,3.624518e-08,2.412291e-02,2.442832e-07,3,77,N,N
9.944326e+02,1.592823e+05,1.001737e-01,6.422544e-03,-2.901977e-05,-1.278943e+00,-1.208568e-05,8.292225e+02,3.185982e+05,2.210310e-01,1.598039e-02,-8.847841e-04,-8.560417e+00,-6.569714e-04,4.305425e+02,3.289746e+04,1.894214e-02,4.436298e-04,1.272456e-06,-1.350248e-02,-9.767047e-08,2,75,N,N
1.080638e+03,3.536460e+05,1.298609e-01,1.184132e-02,-4.634139e-04,-7.037730e+00,-4.760103e-04,9.267860e+02,5.603366e+05,2.462975e-01,2.779626e-02,-2.298025e-03,-2.079286e+01,-2.302858e-03,3.321304e+02,2.539100e+04,3.221827e-03,1.225698e-04,7.210831e-08,-1.302056e-02,-3.117027e-09,3,63,N,N
1.495306e+03,3.713945e+05,8.838778e-02,4.452626e-03,-7.358310e-05,-2.484163e+00,-6.882026e-05,1.148165e+03,9.176396e+05,1.724182e-01,2.154853e-02,-1.311249e-03,-2.062735e+01,-1.399758e-03,5.387458e+02,1.312873e+05,5.788540e-03,1.663025e-04,-1.343984e-07,-2.575945e-02,-8.259976e-08,2,67,N,N
9.957861e+02,1.439928e+05,5.227803e-02,2.439294e-03,-2.662910e-05,-9.108516e-01,-2.654415e-05,8.542268e+02,2.727421e+05,2.109236e-01,3.566805e-02,-3.006069e-03,-1.827966e+01,-3.192755e-03,4.747793e+02,3.808223e+04,1.262595e-02,1.054832e-03,3.396653e-06,-3.603545e-02,2.493327e-06,3,97,N,N
1.354541e+03,4.019747e+05,9.297380e-02,5.006502e-03,-7.089439e-05,-2.472164e+00,-6.152085e-05,1.114244e+03,7.699492e+05,2.383929e-01,3.427654e-02,-3.093675e-03,-3.004366e+01,-3.484295e-03,4.816435e+02,8.817097e+04,4.576220e-03,5.296247e-04,-8.164690e-07,-1.417279e-01,-4.173967e-08,0,73,N,N
9.194112e+02,1.729841e+05,1.022872e-01,7.831101e-03,-1.366537e-04,-2.581906e+00,-1.345627e-04,8.076278e+02,2.783404e+05,2.694330e-01,1.764062e-02,-1.102822e-03,-8.808866e+00,-1.006358e-03,3.918315e+02,2.589602e+04,2.216685e-02,1.514918e-03,5.857632e-06,1.515342e-01,3.491433e-06,2,94,N,N
1.154317e+03,2.745265e+05,8.421624e-02,4.951141e-03,-8.954181e-05,-2.427677e+00,-9.180761e-05,9.527593e+02,5.265205e+05,2.330797e-01,3.234607e-02,-2.782691e-03,-2.333779e+01,-2.614423e-03,4.288204e+02,4.931274e+04,8.355245e-03,4.478342e-04,3.094308e-07,-7.451390e-02,7.277205e-07,1,87,N,N
1.222545e+03,5.033000e+05,1.411668e-01,1.226483e-02,-4.489727e-04,-8.087083e+00,-4.568403e-04,1.059868e+03,7.604114e+05,1.895193e-01,1.786038e-02,-9.665980e-04,-1.498473e+01,-9.029271e-04,3.505421e+02,4.060183e+04,4.432487e-03,7.102721e-06,-1.218635e-09,1.426426e-03,2.839968e-10,0,15,N,N
1.042577e+03,1.283580e+05,8.118221e-02,5.505937e-03,-6.881242e-05,-1.496470e+00,-6.785763e-05,8.412556e+02,3.170218e+05,2.278878e-01,2.741392e-02,-1.725238e-03,-1.334326e+01,-1.852673e-03,4.836949e+02,4.567393e+04,1.501423e-02,2.769387e-04,-4.532553e-07,5.899973e-02,-3.314899e-07,0,38,N,N
1.275207e+03,3.559569e+05,6.184849e-02,6.122263e-03,1.572071e-05,-1.118495e+00,4.032702e-05,1.024717e+03,7.371100e+05,1.359162e-01,1.566941e-02,-6.900185e-04,-1.309760e+01,-4.054876e-04,4.281497e+02,6.302472e+04,5.228531e-03,1.617236e-04,1.164592e-07,-2.655552e-02,3.765296e-08,2,72,N,N
1.157472e+03,3.427392e+05,1.635666e-01,1.576924e-02,-6.061837e-04,-8.041586e+00,-6.074834e-04,9.788454e+02,5.843975e+05,2.322289e-01,2.370861e-02,-1.677067e-03,-1.758910e+01,-1.429036e-03,3.934135e+02,3.631326e+04,5.828805e-03,1.238453e-04,-9.298819e-08,2.102395e-02,-1.169649e-08,0,48,N,N
1.281402e+03,3.554527e+05,1.182434e-01,6.801942e-03,-1.153967e-04,-3.029879e+00,-1.062526e-04,1.048847e+03,7.110155e+05,2.522260e-01,3.039382e-02,-2.605478e-03,-2.530057e+01,-1.936342e-03,4.528114e+02,6.517726e+04,8.883367e-03,6.795530e-05,-4.893043e-08,-9.383164e-03,-3.295738e-08,0,99,N,N
1.280488e+03,6.099316e+05,1.848005e-01,1.672091e-02,-6.606922e-04,-1.110170e+01,-5.633349e-04,1.094774e+03,9.438592e+05,2.461471e-01,2.677859e-02,-2.147272e-03,-2.582542e+01,-2.381991e-03,3.138813e+02,3.520191e+04,2.998652e-03,2.250477e-05,-4.996103e-09,-3.364846e-03,2.978447e-09,0,100,N,N
1.325760e+03,3.790030e+05,1.465191e-01,8.815181e-03,-3.158156e-04,-5.423937e+00,-3.040461e-04,1.066064e+03,7.680001e+05,2.059488e-01,2.274294e-02,-1.547227e-03,-1.985256e+01,-1.654279e-03,4.509759e+02,6.899821e+04,5.477278e-03,1.170297e-04,3.052531e-08,2.105707e-02,-7.141778e-08,2,60,N,N
1.433941e+03,4.691921e+05,1.758282e-01,1.204428e-02,-4.764367e-04,-7.562601e+00,-4.067527e-04,1.133822e+03,9.708591e+05,2.006930e-01,2.372945e-02,-1.545079e-03,-2.257675e+01,-1.618047e-03,4.488606e+02,9.409417e+04,4.005390e-03,1.622716e-04,1.118986e-08,1.395718e-02,-1.122979e-07,0,23,N,N
1.310335e+03,4.479227e+05,1.499320e-01,1.253685e-02,-5.043643e-04,-8.025426e+00,-4.910650e-04,1.082003e+03,8.196841e+05,2.231563e-01,2.560481e-02,-1.861636e-03,-2.264136e+01,-2.190294e-03,4.130142e+02,5.245637e+04,3.404343e-03,8.490800e-05,-7.972044e-10,-1.938255e-02,3.162886e-08,0,49,N,N
8.991202e+02,1.970260e+05,1.182333e-01,9.698696e-03,-3.263499e-04,-4.297767e+00,-3.200515e-04,8.200345e+02,2.733022e+05,2.689096e-01,1.083115e-02,-5.764078e-04,-5.626666e+00,-5.773870e-04,3.763371e+02,2.380933e+04,2.519471e-02,3.403875e-03,2.595344e-05,3.160782e-01,3.424498e-06,0,94,N,N
1.000655e+03,1.434219e+05,8.607222e-02,4.044601e-03,-6.969434e-05,-1.432867e+00,-7.004612e-05,8.220775e+02,3.154371e+05,2.549659e-01,2.826824e-02,-2.035302e-03,-1.427192e+01,-2.348147e-03,4.450022e+02,3.242488e+04,1.754239e-02,8.759840e-05,-1.079685e-07,1.572151e-02,-7.426780e-09,1,38,N,N
1.154298e+03,2.769493e+05,1.265970e-01,6.686152e-03,-1.889357e-04,-3.481819e+00,-1.907329e-04,9.473719e+02,5.515205e+05,2.479193e-01,2.710379e-02,-1.990716e-03,-1.879573e+01,-1.770750e-03,4.212633e+02,4.292140e+04,1.042866e-02,1.603503e-05,-1.988746e-09,1.026560e-03,-5.569750e-09,3,92,N,N
1.152155e+03,2.353072e+05,1.130252e-01,5.396485e-03,-3.661933e-05,-1.505792e+00,-2.918560e-05,9.229824e+02,5.120143e+05,2.486801e-01,2.726353e-02,-2.202728e-03,-1.929801e+01,-1.820532e-03,4.384611e+02,5.306627e+04,1.325106e-02,8.236540e-05,-1.844579e-09,9.695141e-03,9.427596e-08,3,81,N,N
1.302527e+03,4.567032e+05,1.419098e-01,9.077780e-03,-2.056891e-04,-4.901497e+00,-1.836899e-04,1.059346e+03,8.443387e+05,2.238153e-01,2.657533e-02,-1.873119e-03,-2.327173e+01,-1.925666e-03,3.837015e+02,6.057641e+04,3.982638e-03,1.989111e-04,1.763099e-07,4.877013e-02,2.097789e-08,0,88,N,N
1.215671e+03,2.116921e+05,8.702298e-02,3.787087e-03,-2.318184e-05,-9.510807e-01,-1.511015e-05,9.497390e+02,5.337620e+05,2.130168e-01,2.510596e-02,-1.835834e-03,-1.833995e+01,-1.401151e-03,4.909602e+02,7.348139e+04,1.181736e-02,4.170006e-05,1.998632e-08,9.116086e-03,-2.052368e-08,1,81,N,N
1.199553e+03,3.131547e+05,1.232288e-01,1.032169e-02,-2.802147e-04,-5.069798e+00,-2.808297e-04,9.776765e+02,6.113316e+05,2.304683e-01,2.626552e-02,-1.959291e-03,-2.007481e+01,-1.747424e-03,4.181069e+02,4.932331e+04,5.734035e-03,1.154178e-04,9.008426e-08,-1.329790e-02,-1.958675e-09,1,69,N,N
1.119862e+03,2.084721e+05,9.862065e-02,4.034017e-03,-6.526441e-05,-1.607774e+00,-6.591495e-05,9.006090e+02,4.568594e+05,1.867999e-01,1.391006e-02,-6.735275e-04,-9.132434e+00,-6.022888e-04,4.441292e+02,5.753890e+04,1.463150e-02,5.100316e-04,-2.864156e-07,-1.196785e-01,-1.178164e-06,0,54,N,N
1.281048e+03,2.268398e+05,7.751798e-02,3.308452e-03,-3.443237e-05,-1.343418e+00,-3.453290e-05,1.008329e+03,5.631724e+05,1.943300e-01,2.782341e-02,-1.939588e-03,-2.021045e+01,-2.033323e-03,5.320727e+02,1.013009e+05,6.803477e-03,2.905567e-04,-4.020582e-07,-6.689070e-02,-1.816661e-07,1,56,N,N
1.155117e+03,2.718661e+05,6.212692e-02,2.685373e-03,-1.866897e-05,-9.890995e-01,-1.599114e-05,9.652690e+02,5.615419e+05,2.092922e-01,2.730944e-02,-1.525364e-03,-1.715776e+01,-1.127841e-03,4.439346e+02,3.995070e+04,1.024149e-02,2.647706e-04,5.344944e-09,-5.149027e-02,4.885014e-07,0,85,N,N
1.312110e+03,3.569065e+05,9.278440e-02,5.450630e-03,-9.162125e-05,-2.782763e+00,-9.171740e-05,1.075842e+03,6.958442e+05,2.576667e-01,3.609593e-02,-3.301543e-03,-2.903085e+01,-3.324333e-03,4.792907e+02,8.921130e+04,5.937017e-03,3.737175e-04,-3.288417e-07,-1.090662e-01,4.523393e-07,3,47,N,N
1.119845e+03,2.303553e+05,1.260782e-01,1.014499e-02,3.622534e-05,-1.559326e+00,1.027690e-04,9.176016e+02,4.688541e+05,2.104239e-01,2.166827e-02,-1.244187e-03,-1.341531e+01,-7.476817e-04,4.378656e+02,4.590442e+04,8.924182e-03,1.169947e-05,3.431857e-09,2.206468e-03,6.980283e-10,0,58,N,N
1.039938e+03,2.292715e+05,1.324031e-01,8.537691e-03,-1.749049e-04,-3.019682e+00,-1.718057e-04,8.702086e+02,4.177913e+05,2.200719e-01,1.545596e-02,-8.567956e-04,-9.660749e+00,-7.280722e-04,3.937751e+02,3.841824e+04,1.481303e-02,6.486320e-04,1.634909e-06,-6.553871e-02,-1.155503e-06,2,54,N,N
1.205075e+03,2.107392e+05,9.780948e-02,5.200148e-03,-6.024016e-05,-1.721041e+00,-5.831580e-05,9.463830e+02,5.147364e+05,1.971914e-01,2.245339e-02,-1.336234e-03,-1.508139e+01,-1.270225e-03,4.879100e+02,6.709701e+04,9.289642e-03,3.098613e-05,-1.393992e-09,3.504672e-03,-1.462390e-08,3,55,N,N
1.105912e+03,2.233311e+05,1.251065e-01,7.074819e-03,-1.853597e-04,-3.138726e+00,-1.882175e-04,9.012407e+02,4.590561e+05,2.367377e-01,2.569591e-02,-1.909147e-03,-1.689373e+01,-1.875491e-03,4.286634e+02,4.288933e+04,9.507335e-03,2.937940e-05,-1.268065e-08,-6.494920e-04,-4.528189e-09,1,58,N,N
1.075417e+03,2.021677e+05,6.911522e-02,5.249612e-03,-4.361827e-06,-1.014297e+00,7.363725e-06,8.763606e+02,4.204706e+05,2.004033e-01,2.413624e-02,-1.466619e-03,-1.441253e+01,-1.220292e-03,4.270041e+02,4.361137e+04,9.489140e-03,8.797874e-05,4.383348e-08,8.691420e-03,-6.520890e-08,0,2,N,N
1.334907e+03,5.480691e+05,1.305947e-01,1.065747e-02,-1.802881e-04,-5.369223e+00,-1.617029e-04,1.123133e+03,9.144639e+05,2.846954e-01,3.580510e-02,-3.557466e-03,-3.395580e+01,-2.816504e-03,3.832003e+02,4.732276e+04,4.385806e-03,2.870926e-04,-2.167670e-07,-6.189651e-02,2.177977e-07,1,46,N,N
1.287323e+03,4.927098e+05,1.382230e-01,1.107631e-02,-4.298542e-04,-7.734903e+00,-4.318819e-04,1.072501e+03,8.431877e+05,1.856251e-01,1.935269e-02,-1.145226e-03,-1.764356e+01,-1.074943e-03,3.706230e+02,4.997668e+04,2.629982e-03,4.687905e-06,3.024428e-10,7.537928e-04,2.636859e-10,0,101,N,N
1.256372e+03,3.766759e+05,1.914694e-01,1.295701e-02,-6.194545e-04,-7.750599e+00,-6.421925e-04,1.024218e+03,7.163898e+05,2.324087e-01,2.499784e-02,-1.767842e-03,-2.025220e+01,-1.752037e-03,4.104806e+02,5.423597e+04,5.818308e-03,7.912595e-05,-1.554228e-08,3.873064e-03,5.315786e-08,0,43,N,N
1.119117e+03,2.808315e+05,7.204086e-02,4.936904e-03,-6.852432e-05,-2.214796e+00,-6.817344e-05,9.302245e+02,5.242610e+05,2.223825e-01,2.101370e-02,-1.431978e-03,-1.516965e+01,-1.211820e-03,4.003447e+02,3.599028e+04,1.129792e-02,1.572410e-04,-2.090613e-07,2.979868e-02,2.976937e-08,0,42,N,N
1.056133e+03,2.565126e+05,7.994773e-02,6.484077e-03,-1.381754e-04,-3.164509e+00,-1.287577e-04,8.984495e+02,4.412796e+05,2.503101e-01,2.915044e-02,-2.423465e-03,-1.904574e+01,-2.442382e-03,3.919794e+02,2.500343e+04,8.678611e-03,3.959688e-04,5.415399e-07,6.253709e-03,-4.143241e-07,2,93,N,N
1.290221e+03,3.570638e+05,1.909566e-01,1.205619e-02,-5.627893e-04,-7.142486e+00,-5.694145e-04,1.034718e+03,7.303757e+05,2.129932e-01,2.337363e-02,-1.630231e-03,-1.984044e+01,-1.756241e-03,4.372693e+02,6.540734e+04,6.156283e-03,1.224216e-04,5.530829e-08,2.143057e-02,1.097427e-07,0,103,N,N
1.169462e+03,3.448942e+05,9.740685e-02,5.069857e-03,-1.125971e-04,-2.977313e+00,-1.110026e-04,9.758539e+02,6.097473e+05,2.365966e-01,2.768015e-02,-2.235791e-03,-2.157822e+01,-2.227375e-03,3.887467e+02,4.099248e+04,6.829229e-03,3.127250e-05,9.918873e-09,4.547539e-03,-1.034675e-08,2,85,N,N
1.228710e+03,1.855843e+05,1.050237e-01,3.126638e-03,-5.629373e-05,-1.330589e+00,-5.425762e-05,9.448311e+02,5.148620e+05,2.076121e-01,2.344371e-02,-1.562345e-03,-1.624700e+01,-1.735846e-03,5.164688e+02,9.160136e+04,1.121568e-02,4.877054e-04,3.906380e-07,1.125713e-01,1.472499e-06,1,77,N,N
1.068093e+03,1.927001e+05,1.045226e-01,4.505905e-03,-6.923415e-05,-1.646277e+00,-6.863426e-05,8.818487e+02,3.915054e+05,2.691837e-01,2.680046e-02,-2.254661e-03,-1.667991e+01,-2.034760e-03,4.429642e+02,3.475389e+04,1.927507e-02,1.071581e-04,1.228643e-07,-1.668227e-02,-9.231629e-08,1,91,N,N
1.221356e+03,3.003081e+05,8.078784e-02,4.517365e-03,-7.834877e-05,-2.329094e+00,-8.056660e-05,1.017269e+03,5.665143e+05,2.376873e-01,3.537142e-02,-3.243169e-03,-2.662080e+01,-2.984849e-03,4.693251e+02,7.132956e+04,7.423675e-03,4.906802e-04,1.500398e-07,-9.850736e-02,1.051371e-06,2,87,N,N
1.253391e+03,4.210953e+05,1.984444e-01,1.534056e-02,-5.000355e-04,-7.476818e+00,-4.692085e-04,1.036184e+03,7.507853e+05,2.691407e-01,3.168481e-02,-2.605641e-03,-2.566885e+01,-2.090162e-03,3.875049e+02,4.745670e+04,4.881813e-03,6.670514e-05,2.928660e-08,1.272232e-02,-2.392084e-08,1,43,N,N
1.308850e+03,4.832236e+05,1.410266e-01,9.066835e-03,-2.896052e-04,-5.888824e+00,-2.772597e-04,1.085284e+03,8.471173e+05,2.721984e-01,3.317606e-02,-2.861347e-03,-2.882430e+01,-2.811054e-03,3.905629e+02,5.174831e+04,4.992043e-03,9.773942e-05,-3.297503e-08,2.970888e-04,-6.139270e-08,3,88,N,N
1.120502e+03,3.290347e+05,1.260013e-01,1.050414e-02,-1.765529e-04,-4.012459e+00,-1.504029e-04,9.535374e+02,5.510588e+05,2.382009e-01,2.464458e-02,-1.747505e-03,-1.753681e+01,-1.338209e-03,3.802998e+02,3.212150e+04,6.661210e-03,1.758269e-05,5.676518e-09,-2.415678e-03,-1.136359e-10,1,45,N,N
1.185312e+03,3.805391e+05,1.299297e-01,9.137029e-03,-2.672609e-04,-5.171567e+00,-2.619488e-04,1.000688e+03,6.440045e+05,2.741526e-01,3.171661e-02,-2.719941e-03,-2.421838e+01,-2.689230e-03,3.840797e+02,3.469050e+04,6.606668e-03,6.999887e-05,-9.363681e-09,-1.295946e-02,3.534308e-08,3,102,N,N
1.164160e+03,2.802261e+05,1.535190e-01,8.642152e-03,-2.847821e-04,-4.382106e+00,-2.729922e-04,9.550062e+02,5.478357e+05,2.388796e-01,2.380747e-02,-1.793965e-03,-1.761186e+01,-1.953193e-03,4.257559e+02,4.593869e+04,1.005823e-02,4.273036e-05,-5.294927e-09,2.422621e-03,2.389868e-08,0,52,N,N
1.057569e+03,2.037430e+05,1.261739e-01,7.308066e-03,-2.038912e-04,-3.113269e+00,-2.021407e-04,8.806120e+02,3.971138e+05,2.719623e-01,2.785092e-02,-2.165462e-03,-1.640942e+01,-2.392733e-03,4.305371e+02,3.246829e+04,1.318726e-02,4.140708e-05,2.038202e-08,1.255099e-03,1.904534e-08,1,53,N,N
1.099443e+03,3.241618e+05,1.179164e-01,1.002564e-02,-1.062494e-04,-3.330136e+00,-6.368604e-05,9.314770e+02,5.441016e+05,3.058995e-01,3.592836e-02,-3.435067e-03,-2.490882e+01,-2.680728e-03,3.621498e+02,2.878151e+04,8.061390e-03,8.122692e-05,5.862588e-08,-1.909990e-05,-3.173760e-08,1,34,N,N
1.300967e+03,5.294672e+05,1.731277e-01,1.467315e-02,-4.523662e-04,-8.531113e+00,-3.910502e-04,1.091567e+03,9.070031e+05,2.584412e-01,2.868133e-02,-2.450212e-03,-2.717181e+01,-2.965997e-03,3.639251e+02,4.388616e+04,4.596928e-03,7.633708e-05,-2.744268e-08,-1.504573e-02,3.249122e-08,1,100,N,N
1.146673e+03,2.540245e+05,6.344507e-02,3.893714e-03,-3.824810e-05,-1.628538e+00,-3.477612e-05,9.462420e+02,4.997756e+05,2.226162e-01,3.016445e-02,-2.468375e-03,-2.130375e+01,-2.742525e-03,4.424952e+02,4.526604e+04,8.497710e-03,5.326014e-04,6.478322e-07,-7.449338e-02,6.768975e-07,1,93,N,N
7.171416e+01,5.133024e+03,6.092015e+00,5.994911e+00,3.622886e+01,4.287233e+02,-2.576329e+00,7.340811e+01,5.004868e+03,8.601678e+00,6.267415e+00,4.598532e+01,3.751221e+02,-7.668215e+00,1.765758e+00,2.873309e+00,5.613458e-04,3.317982e-04,1.423077e-07,4.871452e-04,1.487898e-07,2,73,N,N
9.237226e+02,1.627636e+05,7.465026e-02,4.856575e-03,-4.761550e-05,-1.433762e+00,-4.391323e-05,8.087392e+02,2.718231e+05,2.521446e-01,1.736829e-02,-1.145611e-03,-9.047428e+00,-9.524271e-04,4.053051e+02,1.951376e+04,2.098726e-02,9.259702e-04,2.349866e-06,6.744506e-02,1.886194e-06,0,75,N,N
1.169265e+03,3.229871e+05,1.472724e-01,8.481176e-03,-2.135591e-04,-4.035344e+00,-2.113863e-04,9.594390e+02,6.093129e+05,2.603934e-01,2.836673e-02,-2.427226e-03,-2.208461e+01,-2.036436e-03,3.911465e+02,4.402797e+04,8.292240e-03,8.066085e-05,5.709932e-08,1.579658e-02,3.611725e-08,2,83,N,N
1.200976e+03,3.462007e+05,1.635898e-01,9.230567e-03,-3.352430e-04,-5.230075e+00,-3.429272e-04,9.878903e+02,6.446941e+05,2.419960e-01,2.293819e-02,-1.708901e-03,-1.841705e+01,-1.546679e-03,3.995054e+02,4.593516e+04,9.310118e-03,1.781003e-04,-2.266018e-07,-1.868924e-02,3.987933e-08,1,83,N,N
1.347180e+03,3.475045e+05,9.785652e-02,6.083254e-03,-1.100236e-04,-3.065226e+00,-1.101210e-04,1.075978e+03,7.429434e+05,2.300966e-01,3.031648e-02,-2.331960e-03,-2.476242e+01,-2.371418e-03,4.871283e+02,8.833771e+04,5.480836e-03,2.849750e-04,-2.813430e-07,-8.436240e-02,2.169777e-07,0,47,N,N
1.097080e+03,3.014590e+05,6.725969e-02,5.914833e-03,-9.092799e-05,-2.764731e+00,-9.079579e-05,9.865019e+02,4.373819e+05,3.007709e-01,5.127996e-02,-6.035840e-03,-3.236696e+01,-5.894742e-03,4.376010e+02,3.435572e+04,7.296454e-03,1.817141e-03,6.375390e-06,5.328122e-02,2.650226e-06,1,36,N,N
1.267407e+03,4.233485e+05,2.019148e-01,1.626174e-02,-1.950414e-04,-5.552448e+00,-8.073949e-05,1.039544e+03,7.720883e+05,2.336309e-01,2.849038e-02,-1.526353e-03,-1.998771e+01,-1.027658e-03,3.890576e+02,5.195810e+04,4.678092e-03,1.871488e-04,1.711903e-07,4.182762e-02,-4.244843e-08,0,1,N,N
1.178843e+03,2.140803e+05,9.654120e-02,3.945121e-03,-5.009857e-05,-1.456214e+00,-4.889097e-05,9.283926e+02,5.099117e+05,1.983481e-01,2.164940e-02,-1.402096e-03,-1.536070e+01,-1.232161e-03,4.658277e+02,6.281576e+04,9.691096e-03,1.188087e-04,1.206389e-07,2.896378e-02,-4.645962e-08,2,55,N,N
1.364423e+03,3.796551e+05,1.997756e-01,1.128710e-02,-4.338581e-04,-6.173713e+00,-4.065325e-04,1.073017e+03,8.231166e+05,1.493109e-01,1.459376e-02,-6.195623e-04,-1.257806e+01,-6.382741e-04,4.572516e+02,8.993061e+04,6.981390e-03,4.199322e-04,-2.909511e-08,2.796584e-02,7.518743e-07,3,76,N,N
1.122366e+03,2.574882e+05,9.410770e-02,6.952031e-03,-1.295373e-04,-3.021008e+00,-1.295227e-04,9.326052e+02,4.880945e+05,2.606603e-01,2.893014e-02,-2.509902e-03,-2.020320e+01,-2.228005e-03,4.252526e+02,3.625510e+04,1.035342e-02,1.716638e-04,-2.541245e-08,2.295954e-02,-1.862178e-07,0,65,N,N
1.227114e+03,4.921749e+05,1.862820e-01,1.475851e-02,-7.399496e-04,-1.016544e+01,-7.404888e-04,1.045540e+03,7.810823e+05,1.854955e-01,1.672813e-02,-8.859667e-04,-1.434870e+01,-8.805832e-04,3.440032e+02,4.059991e+04,4.404694e-03,9.022917e-05,-1.355919e-08,-1.805050e-02,-3.601104e-08,0,104,N,N
1.203628e+03,3.300013e+05,1.262097e-01,8.779406e-03,-6.675947e-05,-2.762233e+00,-4.053497e-05,9.832299e+02,6.333670e+05,2.686211e-01,3.431498e-02,-2.409977e-03,-2.278760e+01,-2.213345e-03,4.090044e+02,5.007329e+04,8.664373e-03,3.168328e-05,-1.400938e-08,-1.934079e-03,-1.042331e-08,0,6,N,N
1.138088e+03,2.353974e+05,1.293083e-01,8.063409e-03,-2.466037e-04,-3.854617e+00,-2.553789e-04,9.155921e+02,4.999635e+05,2.100311e-01,1.886419e-02,-1.187318e-03,-1.333849e+01,-1.060910e-03,4.322535e+02,5.031757e+04,1.040239e-02,1.632107e-04,1.610952e-07,-2.906947e-02,-1.389037e-07,0,51,N,N
1.382125e+03,4.356891e+05,1.708022e-01,1.193850e-02,-4.907722e-04,-7.357367e+00,-4.629491e-04,1.113996e+03,8.603581e+05,2.399071e-01,2.884272e-02,-2.390787e-03,-2.666891e+01,-2.547371e-03,4.549726e+02,9.452063e+04,2.492133e-03,2.943076e-04,2.518585e-07,9.016314e-02,2.119226e-07,1,98,N,N
1.283158e+03,2.557281e+05,1.198758e-01,4.407145e-03,-1.011337e-04,-2.210581e+00,-1.069812e-04,9.975403e+02,6.254333e+05,2.167840e-01,2.674807e-02,-2.021362e-03,-2.103776e+01,-1.980981e-03,4.923612e+02,9.153204e+04,9.162283e-03,3.374045e-04,5.900488e-07,9.991672e-02,1.435212e-07,1,80,N,N
1.154321e+03,3.433447e+05,1.781993e-01,1.103049e-02,-3.323410e-04,-5.348904e+00,-3.022218e-04,9.739689e+02,5.899352e+05,2.208830e-01,1.866650e-02,-1.177241e-03,-1.418170e+01,-1.279536e-03,3.881056e+02,4.032350e+04,9.123793e-03,3.198616e-04,-5.307314e-07,-5.619122e-02,-6.223923e-08,0,71,N,N
1.115296e+03,2.000752e+05,5.863803e-02,1.559429e-03,-2.019122e-06,-3.615935e-01,-1.103845e-06,9.240206e+02,4.189705e+05,2.398366e-01,3.674559e-02,-3.287874e-03,-2.307925e+01,-4.012835e-03,4.769394e+02,5.758704e+04,1.176228e-02,4.924026e-04,-1.158046e-06,-1.040733e-01,-2.152434e-07,1,78,N,N
1.132975e+03,3.566408e+05,1.390975e-01,9.767754e-03,-3.526863e-04,-5.798629e+00,-3.546584e-04,9.611794e+02,5.916121e+05,2.531774e-01,2.586516e-02,-2.088974e-03,-1.987612e+01,-2.178620e-03,3.641415e+02,3.228833e+04,6.490803e-03,8.254552e-08,-1.710745e-12,1.344950e-05,-2.805239e-13,0,90,N,N
1.193171e+03,3.293560e+05,1.410435e-01,8.144163e-03,-2.747385e-04,-4.660670e+00,-2.682136e-04,9.704804e+02,6.345459e+05,2.131607e-01,1.998300e-02,-1.299184e-03,-1.588533e+01,-1.311261e-03,3.965881e+02,5.316489e+04,8.626747e-03,5.874616e-05,-4.090889e-08,-6.539233e-03,1.313502e-08,3,57,N,N
1.200949e+03,4.940444e+05,1.569978e-01,1.286216e-02,-5.569867e-04,-8.787964e+00,-5.648201e-04,1.034751e+03,7.541622e+05,2.713083e-01,3.031058e-02,-2.713169e-03,-2.612927e+01,-2.653840e-03,3.325254e+02,2.904577e+04,3.623075e-03,4.375164e-05,-6.756402e-09,-7.182966e-03,1.090208e-08,0,20,N,N
1.212030e+03,3.086735e+05,1.305506e-01,8.224340e-03,-1.281563e-04,-3.191458e+00,-1.172729e-04,9.784766e+02,6.248980e+05,2.073127e-01,1.894497e-02,-1.113812e-03,-1.445227e+01,-8.906604e-04,4.231094e+02,6.032610e+04,9.707283e-03,1.038898e-04,-8.253135e-08,-2.355477e-02,-4.240948e-08,2,57,N,N
1.239392e+03,3.983480e+05,1.869395e-01,1.217598e-02,-5.646158e-04,-7.514711e+00,-5.836963e-04,1.023408e+03,7.185105e+05,2.678259e-01,3.075191e-02,-2.788553e-03,-2.605388e+01,-2.587529e-03,3.923892e+02,4.666527e+04,6.262759e-03,6.384799e-05,4.033306e-08,1.372006e-02,8.240523e-09,2,103,N,N
1.344534e+03,4.518459e+05,1.469477e-01,8.404195e-03,-2.687440e-04,-5.427578e+00,-2.586989e-04,1.088989e+03,8.623738e+05,2.317882e-01,2.594699e-02,-2.012058e-03,-2.409371e+01,-2.151399e-03,4.169424e+02,6.545655e+04,5.700625e-03,1.431095e-04,1.292263e-07,3.659125e-02,2.688120e-09,2,88,N,N
1.275690e+03,2.760716e+05,1.328136e-01,6.653593e-03,-9.951862e-05,-2.563121e+00,-9.200148e-05,1.005986e+03,6.347671e+05,2.407495e-01,3.002384e-02,-2.473237e-03,-2.353540e+01,-2.096941e-03,4.805613e+02,8.356679e+04,7.095058e-03,3.673064e-04,5.776954e-07,1.025033e-01,1.201952e-07,0,82,N,N
1.108483e+03,2.212590e+05,1.101226e-01,5.196531e-03,-7.170657e-05,-2.017799e+00,-7.246849e-05,8.970375e+02,4.692219e+05,1.998606e-01,1.584179e-02,-8.789659e-04,-1.078563e+01,-1.016254e-03,4.269380e+02,5.113330e+04,1.352147e-02,3.036270e-04,-3.019512e-07,-6.855343e-02,-4.388577e-07,3,50,N,N
1.205573e+03,2.716209e+05,6.578775e-02,3.113711e-03,-4.134329e-05,-1.541198e+00,-4.223120e-05,9.754272e+02,5.648804e+05,2.099567e-01,2.772599e-02,-2.046372e-03,-2.041503e+01,-2.083099e-03,4.546105e+02,6.165776e+04,8.283953e-03,2.241965e-04,-1.070006e-08,-5.128865e-02,2.876178e-07,0,35,N,N
1.056980e+03,2.534980e+05,5.843407e-02,3.029879e-03,-3.994199e-05,-1.511968e+00,-4.100674e-05,8.801878e+02,4.655252e+05,1.640817e-01,1.833920e-02,-9.931351e-04,-1.239395e+01,-9.276601e-04,3.768126e+02,3.249543e+04,6.059646e-03,4.263353e-06,1.509441e-10,-7.683470e-04,-7.136241e-10,1,85,N,N
1.229455e+03,4.409982e+05,2.051211e-01,1.428508e-02,-6.297478e-04,-8.523378e+00,-5.701640e-04,1.028828e+03,7.546486e+05,1.833690e-01,1.529785e-02,-7.998876e-04,-1.320383e+01,-8.798847e-04,3.647603e+02,4.827805e+04,6.615729e-03,2.799481e-04,-3.602861e-07,-5.457387e-02,-7.405328e-08,0,89,N,N
1.198620e+03,2.409585e+05,9.904464e-02,4.570633e-03,-5.527310e-05,-1.690352e+00,-5.348784e-05,9.560194e+02,5.402417e+05,2.374124e-01,3.253991e-02,-2.555897e-03,-2.218418e+01,-2.546759e-03,4.654695e+02,6.747308e+04,7.648364e-03,2.699844e-04,-2.722524e-07,-1.726228e-02,-3.665217e-07,2,56,N,N
1.272047e+03,3.386264e+05,1.139991e-01,8.831436e-03,-1.226763e-04,-3.084052e+00,-1.025560e-04,9.964622e+02,7.299322e+05,1.327976e-01,1.585254e-02,-5.265426e-04,-1.129528e+01,-4.055297e-04,4.176878e+02,7.595653e+04,2.787888e-03,6.709944e-05,2.695578e-08,1.758520e-02,-1.175599e-08,1,79,N,N
1.268466e+03,3.931674e+05,1.009227e-01,5.684408e-03,-1.356223e-04,-3.557397e+00,-1.382812e-04,1.056004e+03,7.055138e+05,2.876626e-01,3.765452e-02,-3.916823e-03,-3.160692e+01,-3.800784e-03,4.290130e+02,5.743294e+04,6.152682e-03,2.783669e-04,-2.681619e-07,-6.662295e-02,2.467784e-07,0,69,N,N
1.220252e+03,4.053045e+05,1.209793e-01,8.171627e-03,-1.896651e-04,-4.460529e+00,-1.895739e-04,1.020319e+03,7.013165e+05,2.820258e-01,3.364966e-02,-3.007746e-03,-2.663799e+01,-2.927142e-03,3.837428e+02,4.137203e+04,7.249278e-03,1.086245e-04,-3.916908e-08,-2.207361e-02,7.295266e-08,2,96,N,N
1.197682e+03,2.897277e+05,8.720457e-02,5.366215e-03,-7.632572e-05,-2.341763e+00,-7.555371e-05,9.861587e+02,5.623329e+05,2.346624e-01,3.331243e-02,-2.902402e-03,-2.476621e+01,-2.656289e-03,4.481075e+02,5.750256e+04,7.144639e-03,4.139546e-04,-4.407271e-09,-8.829669e-02,7.242259e-07,0,87,N,N
1.232665e+03,2.413552e+05,1.025601e-01,7.029316e-03,-1.283867e-04,-2.932995e+00,-1.035208e-04,9.902886e+02,5.705864e+05,1.792602e-01,1.813246e-02,-9.288140e-04,-1.288639e+01,-1.280037e-03,4.997552e+02,6.616210e+04,8.099537e-03,9.411907e-05,2.532069e-08,-2.411740e-02,4.094504e-08,0,21,N,N
1.341559e+03,5.297390e+05,1.257848e-01,1.029378e-02,-4.177098e-05,-3.483629e+00,2.652959e-06,1.120376e+03,9.042065e+05,2.727111e-01,3.412593e-02,-3.011123e-03,-3.080669e+01,-2.245249e-03,3.930077e+02,5.031960e+04,4.875359e-03,2.577626e-04,-2.887907e-07,-4.361322e-02,5.388701e-08,0,46,N,N
1.282531e+03,4.665612e+05,2.074721e-01,1.412585e-02,-5.565898e-04,-8.180014e+00,-4.531019e-04,1.060338e+03,8.223582e+05,2.088627e-01,2.019704e-02,-1.200443e-03,-1.743278e+01,-1.259938e-03,3.773120e+02,5.157369e+04,6.048448e-03,1.863119e-04,-6.426404e-08,7.843949e-03,1.656411e-07,1,89,N,N
1.214447e+03,4.048072e+05,1.634978e-01,1.198713e-02,-4.842053e-04,-7.167996e+00,-4.508921e-04,1.015772e+03,6.966126e+05,2.311947e-01,2.352015e-02,-1.699088e-03,-1.938678e+01,-1.774272e-03,3.799487e+02,4.278727e+04,5.421355e-03,1.012651e-05,2.363705e-09,2.094492e-03,-5.954587e-10,1,60,N,N
1.062834e+03,2.302316e+05,1.387053e-01,9.253405e-03,-1.647775e-04,-3.081931e+00,-1.448565e-04,8.930828e+02,4.218777e+05,2.079492e-01,1.432514e-02,-5.520631e-04,-7.614377e+00,-4.387341e-04,4.134287e+02,4.228504e+04,1.542254e-02,8.352342e-04,2.265885e-06,-8.798605e-02,-1.844892e-06,1,37,N,N
1.317879e+03,3.800970e+05,1.843221e-01,1.084363e-02,-4.569792e-04,-6.416021e+00,-4.710502e-04,1.053844e+03,7.775086e+05,1.353615e-01,1.248996e-02,-4.249721e-04,-9.917002e+00,-4.281767e-04,4.374731e+02,7.984206e+04,6.258817e-03,3.462222e-04,-3.491483e-07,-3.289945e-02,3.712526e-07,1,76,N,N
1.514178e+03,3.510629e+05,6.920294e-02,2.174308e-03,-2.209662e-05,-1.175307e+00,-2.191474e-05,1.155632e+03,9.162481e+05,1.625313e-01,2.046903e-02,-1.140877e-03,-1.917367e+01,-1.302455e-03,5.632746e+02,1.424810e+05,6.378673e-03,2.789526e-04,1.247947e-07,5.261311e-02,-3.719890e-07,3,67,N,N
1.113278e+03,2.881976e+05,1.025741e-01,7.681501e-03,-1.220338e-04,-3.229342e+00,-9.181215e-05,9.343813e+02,5.273891e+05,2.424705e-01,2.640836e-02,-2.091127e-03,-1.904388e+01,-2.527975e-03,3.980605e+02,3.200417e+04,8.954855e-03,1.316224e-04,1.422304e-07,-7.321795e-03,-3.343983e-08,0,44,N,N
1.322044e+03,5.592524e+05,1.814410e-01,1.555244e-02,-7.516373e-04,-1.111619e+01,-7.809035e-04,1.111022e+03,9.230354e+05,2.149591e-01,2.298628e-02,-1.598919e-03,-2.194842e+01,-1.322709e-03,3.641994e+02,4.630623e+04,3.042079e-03,2.613887e-05,-7.089815e-09,-3.923976e-03,2.480003e-09,1,101,N,N
1.349650e+03,4.492228e+05,1.341993e-01,6.852120e-03,-1.872625e-04,-4.356792e+00,-1.898895e-04,1.093115e+03,8.602658e+05,2.293424e-01,2.699828e-02,-2.119821e-03,-2.501564e+01,-1.974445e-03,4.228777e+02,6.597719e+04,5.440842e-03,2.734854e-04,2.007629e-07,5.490622e-02,-2.657499e-07,1,74,N,N
1.367193e+03,4.518283e+05,1.669664e-01,1.095040e-02,-2.993642e-04,-5.814961e+00,-2.943137e-04,1.103596e+03,8.787647e+05,2.284288e-01,2.707454e-02,-2.079018e-03,-2.504899e+01,-1.732797e-03,4.319498e+02,6.973866e+04,5.038016e-03,1.903750e-04,6.637497e-08,3.265050e-02,-1.744088e-07,2,74,N,N
1.198046e+03,3.860691e+05,1.048811e-01,7.586726e-03,-1.669032e-04,-4.089710e+00,-1.675618e-04,9.969527e+02,6.788606e+05,2.572682e-01,3.004646e-02,-2.620389e-03,-2.465123e+01,-2.293037e-03,3.756730e+02,4.124284e+04,5.076427e-03,1.009649e-04,-1.898315e-08,-2.036751e-02,5.395477e-08,1,25,N,N
8.814557e+02,1.765750e+05,1.033345e-01,7.868430e-03,-1.836855e-04,-3.009114e+00,-1.668247e-04,8.003018e+02,2.518415e+05,2.692182e-01,1.273175e-02,-7.374793e-04,-6.347893e+00,-7.888190e-04,3.801485e+02,2.392954e+04,2.398262e-02,2.240992e-03,1.309004e-05,2.104412e-01,1.978773e-06,3,94,N,N
1.364849e+03,3.902674e+05,1.606281e-01,9.508481e-03,-2.386776e-04,-4.912609e+00,-1.997974e-04,1.068334e+03,8.493992e+05,1.714510e-01,1.943931e-02,-1.058406e-03,-1.724776e+01,-1.123589e-03,4.440083e+02,9.215125e+04,5.362648e-03,2.866761e-04,3.192689e-07,8.509389e-02,2.479080e-07,1,68,N,N
1.126946e+03,2.018518e+05,8.992493e-02,4.307382e-03,-6.787288e-05,-1.775417e+00,-6.693264e-05,9.090511e+02,4.509987e+05,2.101840e-01,2.274345e-02,-1.547633e-03,-1.508737e+01,-1.743026e-03,4.599049e+02,4.807676e+04,9.579485e-03,2.350645e-05,-6.012189e-09,8.592746e-04,-7.316223e-09,3,58,N,N
1.194609e+03,3.828669e+05,1.393492e-01,9.497817e-03,-3.176003e-04,-5.574164e+00,-2.676423e-04,1.010632e+03,6.455290e+05,2.377285e-01,2.320433e-02,-1.671765e-03,-1.836589e+01,-1.759325e-03,3.919749e+02,3.977254e+04,7.285095e-03,8.249274e-06,-6.984642e-11,-1.615424e-03,-1.332908e-09,0,31,N,N
1.229515e+03,2.717451e+05,1.646297e-01,1.022550e-02,-4.027581e-04,-5.235325e+00,-3.777134e-04,9.807052e+02,6.000869e+05,2.173479e-01,2.335467e-02,-1.646174e-03,-1.794313e+01,-1.852127e-03,4.596695e+02,6.218835e+04,8.244401e-03,2.520648e-05,4.116048e-09,4.311985e-03,-9.740251e-09,3,52,N,N
1.154491e+03,2.324223e+05,9.037906e-02,8.623307e-03,1.125432e-04,-3.624806e-02,1.686669e-04,9.447279e+02,4.770012e+05,2.613227e-01,3.356228e-02,-2.550531e-03,-2.025582e+01,-1.748123e-03,4.641371e+02,4.925234e+04,1.391625e-02,1.938859e-04,2.817972e-07,6.843777e-03,-1.531628e-07,0,33,N,N
1.110724e+03,3.610889e+05,1.377559e-01,9.936695e-03,-3.588096e-04,-5.846515e+00,-3.636494e-04,9.546732e+02,5.729371e+05,2.605373e-01,2.713442e-02,-2.215898e-03,-2.016413e+01,-2.253495e-03,3.544100e+02,2.723081e+04,6.430977e-03,4.239735e-06,6.695599e-10,-3.165900e-04,-2.611250e-10,2,90,N,N
1.108300e+03,2.535166e+05,6.508860e-02,4.448055e-03,-7.250751e-05,-2.184742e+00,-7.390419e-05,9.172892e+02,4.934200e+05,2.032478e-01,2.005944e-02,-1.189138e-03,-1.341395e+01,-1.058458e-03,4.138035e+02,3.652068e+04,1.049620e-02,2.028639e-04,-2.335206e-07,3.719667e-02,-7.546293e-08,1,42,N,N
1.077461e+03,2.213446e+05,1.321348e-01,7.109252e-03,-2.178835e-04,-3.336014e+00,-2.228511e-04,8.824015e+02,4.421536e+05,1.807009e-01,1.055369e-02,-4.567699e-04,-6.992565e+00,-4.590627e-04,4.125157e+02,5.015182e+04,1.459810e-02,1.075913e-03,1.772463e-06,-1.853514e-01,-3.405998e-06,1,50,N,N
1.159079e+03,3.652901e+05,1.311028e-01,1.044415e-02,-1.653225e-04,-4.212677e+00,-1.156372e-04,9.777285e+02,6.171994e+05,3.027916e-01,3.706968e-02,-3.411108e-03,-2.679934e+01,-3.493715e-03,3.734617e+02,3.289494e+04,6.711071e-03,1.154057e-04,-3.246642e-09,-2.085895e-02,8.103784e-08,1,102,N,N
9.087824e+01,8.089827e+03,1.306866e+01,1.150076e+01,1.409693e+02,1.000202e+03,-2.851772e+01,9.643508e+01,8.696250e+03,1.180304e+01,1.160059e+01,1.357428e+02,1.068447e+03,-2.781530e+01,6.766026e+00,3.365638e+01,1.417347e-02,2.266886e-03,-4.514561e-06,-7.217775e-03,1.280003e-05,3,73,N,N
1.183699e+03,1.999342e+05,1.371420e-01,5.486466e-03,-1.440383e-04,-2.424195e+00,-1.502079e-04,9.305310e+02,4.981357e+05,2.484295e-01,2.846438e-02,-2.209036e-03,-1.909725e+01,-2.536005e-03,4.834777e+02,7.319772e+04,1.240982e-02,2.798172e-04,1.260170e-07,5.618573e-02,6.558573e-07,2,77,N,N
1.099710e+03,2.673889e+05,8.868504e-02,6.405137e-03,-7.435839e-05,-2.398132e+00,-6.862681e-05,9.209398e+02,4.869199e+05,2.832319e-01,3.394879e-02,-3.312591e-03,-2.361551e+01,-2.790464e-03,4.038442e+02,3.281328e+04,9.889202e-03,1.834331e-04,2.321880e-07,-2.410107e-03,-9.460148e-08,3,65,N,N
1.186361e+03,3.175177e+05,1.411786e-01,9.775726e-03,-1.693015e-04,-3.998573e+00,-1.537932e-04,9.774230e+02,6.317613e+05,2.008026e-01,1.768979e-02,-1.013130e-03,-1.373343e+01,-6.765246e-04,4.140434e+02,4.941689e+04,9.126795e-03,1.210290e-05,-3.931277e-09,-1.511714e-03,1.262308e-09,0,57,N,N
1.091785e+03,2.380032e+05,1.432040e-01,8.727403e-03,-3.067013e-04,-4.248552e+00,-3.079341e-04,8.962943e+02,4.730197e+05,2.268552e-01,1.977902e-02,-1.182575e-03,-1.269300e+01,-1.331397e-03,4.084636e+02,4.121016e+04,1.169109e-02,2.883315e-04,3.093699e-07,-4.652053e-02,-4.206844e-07,1,51,N,N
1.153926e+03,2.443839e+05,1.492632e-01,8.526289e-03,-2.687132e-04,-3.908534e+00,-2.425221e-04,9.321948e+02,5.182651e+05,2.179311e-01,1.884980e-02,-1.208124e-03,-1.356783e+01,-1.335624e-03,4.379125e+02,5.095355e+04,1.225828e-02,2.066840e-04,-3.912370e-08,-4.658135e-02,-2.958869e-07,3,51,N,N
1.011905e+03,1.935017e+05,1.218569e-01,5.348166e-03,-1.340953e-04,-2.338625e+00,-1.338258e-04,8.645955e+02,3.451173e+05,2.256905e-01,8.414776e-03,-3.614502e-04,-4.912561e+00,-3.830440e-04,4.247802e+02,4.106452e+04,2.699614e-02,3.440878e-03,2.163111e-05,-3.017956e-01,-2.337661e-05,0,66,N,N
1.239589e+03,4.341349e+05,1.681902e-01,1.281516e-02,-3.471566e-04,-6.384392e+00,-2.947963e-04,1.037607e+03,7.443559e+05,2.340900e-01,2.430174e-02,-1.776747e-03,-2.056667e+01,-1.927069e-03,3.792192e+02,4.346092e+04,5.233222e-03,3.671213e-05,1.608149e-08,7.589733e-03,-2.211792e-09,0,60,N,N
1.144491e+03,3.868574e+05,1.228350e-01,1.250347e-02,-4.145439e-04,-7.051097e+00,-4.216317e-04,9.912193e+02,6.010800e+05,2.560479e-01,2.953758e-02,-2.491739e-03,-2.246806e+01,-2.250667e-03,3.693323e+02,2.492383e+04,4.078463e-03,3.046657e-04,3.396079e-07,-1.953160e-02,-6.124273e-08,2,12,N,N
1.044846e+03,1.959384e+05,1.389389e-01,5.386356e-03,-1.192492e-04,-2.113864e+00,-1.201358e-04,8.935408e+02,3.535087e+05,2.221980e-01,7.662464e-03,-2.416731e-04,-3.944130e+00,-2.413526e-04,4.512306e+02,4.840766e+04,3.140332e-02,3.746814e-03,1.789446e-05,-4.512975e-01,-3.119859e-05,1,66,N,N
1.356863e+03,5.030227e+05,1.295403e-01,9.084013e-03,-3.111855e-04,-6.435531e+00,-2.804254e-04,1.123504e+03,9.074661e+05,2.575884e-01,3.306425e-02,-2.839846e-03,-3.017632e+01,-3.432018e-03,4.150128e+02,5.896389e+04,4.220176e-03,3.770044e-04,-3.092599e-07,-9.144476e-02,3.191396e-07,2,95,N,N
1.089547e+03,2.813307e+05,9.898389e-02,7.579533e-03,-1.554711e-04,-3.450551e+00,-1.456190e-04,9.134720e+02,5.033784e+05,2.451863e-01,2.640941e-02,-2.117605e-03,-1.870154e+01,-2.391209e-03,3.833635e+02,3.112618e+04,7.761049e-03,9.801375e-05,4.292121e-08,4.537965e-03,-6.068962e-08,1,44,N,N
1.147452e+03,2.927100e+05,7.528316e-02,4.314062e-03,-7.376695e-05,-2.274510e+00,-7.419346e-05,9.645567e+02,5.241070e+05,2.360093e-01,3.437409e-02,-3.093226e-03,-2.487086e+01,-3.014122e-03,4.235404e+02,4.817142e+04,7.306018e-03,6.079865e-04,3.073132e-07,-9.556345e-02,1.183726e-06,3,87,N,N
1.105719e+03,3.284407e+05,1.524283e-01,1.071660e-02,-3.933717e-04,-5.825251e+00,-3.708304e-04,9.451083e+02,5.391777e+05,2.289255e-01,2.030617e-02,-1.370003e-03,-1.483265e+01,-1.443329e-03,3.720326e+02,3.428352e+04,8.053309e-03,7.861727e-05,3.588884e-08,-1.070972e-02,-4.073390e-08,1,71,N,N
1.476584e+03,7.576110e+05,2.006783e-01,1.626890e-02,-9.130325e-04,-1.400988e+01,-8.985298e-04,1.237594e+03,1.234480e+06,2.052055e-01,2.372449e-02,-1.649733e-03,-2.630907e+01,-1.771852e-03,3.672403e+02,5.729032e+04,1.996504e-03,1.666074e-04,-4.953817e-08,-2.836181e-03,-2.630637e-08,2,86,N,N
1.031797e+03,2.532239e+05,1.479500e-01,1.067688e-02,-2.894971e-04,-4.302479e+00,-2.844589e-04,8.901472e+02,4.154474e+05,2.239827e-01,1.385909e-02,-5.669253e-04,-7.568085e+00,-5.046314e-04,3.874381e+02,3.474974e+04,1.588220e-02,1.211492e-03,5.076811e-06,-4.355811e-02,-2.000014e-06,0,37,N,N
1.196657e+03,3.829090e+05,1.212876e-01,1.100369e-02,-2.745010e-04,-5.614427e+00,-2.689328e-04,1.001749e+03,6.677520e+05,2.023611e-01,1.897366e-02,-1.149066e-03,-1.531587e+01,-9.078708e-04,3.829523e+02,4.325041e+04,5.925171e-03,6.797441e-05,-4.292741e-08,1.413264e-02,1.097285e-08,1,41,N,N
1.154674e+03,2.677258e+05,1.305610e-01,6.428626e-03,-1.063660e-04,-2.634895e+00,-8.652588e-05,9.399502e+02,5.415177e+05,2.571480e-01,2.888272e-02,-2.486592e-03,-2.124723e+01,-2.781549e-03,4.228902e+02,4.617426e+04,9.802753e-03,1.520175e-04,1.652143e-07,2.933077e-02,1.240927e-07,3,82,N,N
1.240841e+03,4.463854e+05,2.106937e-01,1.633845e-02,-5.998360e-04,-8.428200e+00,-5.116724e-04,1.039407e+03,7.554353e+05,1.867364e-01,1.572361e-02,-6.641247e-04,-1.197671e+01,-6.622991e-04,3.720595e+02,4.871454e+04,6.731023e-03,2.924121e-04,-2.340749e-07,-6.407993e-02,-2.196971e-07,2,89,N,N
1.083324e+03,2.163688e+05,1.343128e-01,6.609160e-03,-1.908853e-04,-3.051694e+00,-1.955959e-04,8.767207e+02,4.517248e+05,1.908632e-01,1.307459e-02,-6.439749e-04,-8.728308e+00,-6.838040e-04,4.117870e+02,5.103282e+04,1.365236e-02,5.970670e-04,-2.711596e-07,-1.324056e-01,-1.300362e-06,0,50,N,N
1.309843e+03,5.150930e+05,1.501040e-01,1.357107e-02,-2.764093e-04,-6.678390e+00,-2.414197e-04,1.093818e+03,8.806748e+05,1.887567e-01,2.003010e-02,-1.139162e-03,-1.796288e+01,-7.820437e-04,3.761848e+02,5.101345e+04,2.793879e-03,1.498443e-05,3.034355e-09,3.253153e-03,-6.315504e-11,2,101,N,N
1.238141e+03,4.523514e+05,1.723948e-01,1.365263e-02,-6.495612e-04,-9.062780e+00,-6.581681e-04,1.039860e+03,7.583002e+05,2.404999e-01,2.551736e-02,-1.964541e-03,-2.200493e+01,-1.956146e-03,3.674111e+02,4.082784e+04,4.381886e-03,8.066673e-06,-1.414116e-09,-1.150963e-03,6.164260e-10,0,29,N,N
1.171760e+03,2.370452e+05,1.185916e-01,5.520575e-03,1.566114e-05,-7.538895e-01,2.860184e-05,9.229544e+02,5.408010e+05,2.311659e-01,2.620487e-02,-1.947423e-03,-1.880838e+01,-1.514808e-03,4.391866e+02,6.346796e+04,1.164313e-02,3.251033e-04,4.910258e-07,7.458104e-02,5.700045e-07,0,81,N,N
9.940174e+02,1.340527e+05,5.568745e-02,3.077191e-03,-3.808065e-05,-1.094391e+00,-3.473134e-05,8.417435e+02,2.686549e+05,1.971333e-01,3.065109e-02,-2.359010e-03,-1.578146e+01,-2.398008e-03,4.757160e+02,3.359598e+04,1.242730e-02,8.828922e-04,2.900913e-06,-4.244768e-03,4.113564e-07,1,97,N,N
1.562997e+03,3.938704e+05,9.513038e-02,4.667001e-03,-6.170023e-05,-2.305907e+00,-6.102186e-05,1.191650e+03,9.972675e+05,1.754244e-01,2.217077e-02,-1.282477e-03,-2.114174e+01,-1.230710e-03,5.647336e+02,1.520105e+05,5.922939e-03,1.810421e-04,2.468560e-08,2.457205e-02,-1.973713e-07,1,67,N,N
1.014811e+03,1.916584e+05,8.857902e-02,5.292500e-03,-7.137640e-05,-1.749817e+00,-6.891969e-05,8.410356e+02,3.735364e+05,2.342400e-01,2.768754e-02,-2.161564e-03,-1.665063e+01,-1.933934e-03,4.041154e+02,3.036448e+04,1.170500e-02,1.151015e-04,1.335582e-07,-9.599698e-03,-1.713524e-08,0,78,N,N
9.901751e+02,1.860889e+05,8.775619e-02,6.064101e-03,-1.385072e-04,-2.587573e+00,-1.368121e-04,8.239695e+02,3.573612e+05,2.337585e-01,2.939435e-02,-2.399302e-03,-1.737010e+01,-2.501266e-03,3.934418e+02,2.762737e+04,9.367317e-03,3.679535e-04,6.820717e-07,-2.152119e-02,-1.264116e-07,2,78,N,N
1.341309e+03,3.293803e+05,7.651797e-02,3.768462e-03,-6.388754e-05,-2.160780e+00,-6.579224e-05,1.062909e+03,7.276403e+05,2.132667e-01,2.793624e-02,-2.122244e-03,-2.360038e+01,-2.213197e-03,4.891606e+02,8.916682e+04,5.025688e-03,3.163871e-04,-3.937137e-07,-8.370399e-02,9.912957e-08,2,47,N,N
1.248506e+03,3.510026e+05,1.354732e-01,1.096396e-02,-3.056900e-04,-5.492513e+00,-3.055480e-04,1.013669e+03,6.843320e+05,2.197744e-01,2.432554e-02,-1.774006e-03,-2.007842e+01,-1.562587e-03,4.222894e+02,5.597206e+04,4.365335e-03,5.921634e-05,-1.576942e-08,-1.353838e-02,1.781674e-08,2,63,N,N
1.252821e+03,4.387972e+05,6.478480e-02,6.391614e-03,2.098467e-06,-1.621391e+00,2.161168e-05,1.038167e+03,7.687173e+05,1.732438e-01,2.093551e-02,-1.029431e-03,-1.616950e+01,-7.890972e-04,3.760801e+02,4.667240e+04,4.954356e-03,1.243863e-04,9.209436e-08,-1.129558e-02,2.252885e-09,0,72,N,N
1.015377e+03,1.396961e+05,1.102246e-01,8.922365e-03,-2.778035e-04,-3.323851e+00,-2.640956e-04,8.491467e+02,2.916551e+05,2.101913e-01,1.090394e-02,-5.219824e-04,-5.888677e+00,-5.491548e-04,4.755252e+02,4.161706e+04,2.312871e-02,2.660300e-03,1.541257e-05,2.447906e-01,8.918188e-06,0,9,N,N
1.182679e+03,3.094840e+05,8.061771e-02,3.433602e-03,-4.339964e-05,-1.631699e+00,-4.338241e-05,9.790704e+02,5.845631e+05,2.393515e-01,2.951066e-02,-2.459086e-03,-2.243373e+01,-2.116241e-03,4.228845e+02,4.576815e+04,9.453625e-03,1.020582e-04,-1.000390e-07,-1.500232e-02,-1.231120e-08,3,85,N,N
1.308621e+03,3.191626e+05,1.151732e-01,7.080590e-03,-8.624991e-05,-2.514171e+00,-7.677764e-05,1.031323e+03,7.075614e+05,2.107206e-01,2.682983e-02,-1.685291e-03,-2.013287e+01,-1.541225e-03,4.683762e+02,7.816161e+04,5.118692e-03,1.849569e-04,-2.059783e-08,1.641059e-02,-1.798242e-07,2,70,N,N
1.258848e+03,2.096013e+05,8.800381e-02,3.035824e-03,-1.024725e-05,-6.903571e-01,-5.483236e-06,9.830819e+02,5.365193e+05,1.560420e-01,1.491112e-02,-6.362436e-04,-1.014467e+01,-5.383034e-04,5.264061e+02,8.548707e+04,1.168253e-02,2.329061e-04,8.672098e-08,2.871068e-02,3.008491e-07,2,59,N,N
1.202678e+03,3.385455e+05,1.076353e-01,1.051576e-02,-2.179132e-04,-4.804019e+00,-2.125885e-04,1.005873e+03,6.065122e+05,2.095124e-01,2.448078e-02,-1.661428e-03,-1.842024e+01,-1.410861e-03,4.241886e+02,3.964128e+04,4.556955e-03,2.532904e-04,2.387413e-07,-3.173058e-02,8.119676e-10,1,12,N,N
1.140813e+03,3.063170e+05,1.389295e-01,8.218690e-03,-2.776409e-04,-4.548501e+00,-2.724609e-04,9.359699e+02,5.760797e+05,2.446330e-01,2.608273e-02,-2.064020e-03,-1.968722e+01,-2.163062e-03,3.825226e+02,4.198839e+04,7.556035e-03,2.327173e-05,6.452811e-09,4.080418e-03,6.344020e-09,3,83,N,N
1.166227e+03,3.508032e+05,1.291150e-01,8.110781e-03,-2.326574e-04,-4.473880e+00,-2.374453e-04,9.735346e+02,6.199508e+05,2.656195e-01,2.842315e-02,-2.088570e-03,-2.036775e+01,-2.227420e-03,3.813394e+02,3.718753e+04,6.988443e-03,2.294470e-05,-7.904033e-09,-6.954257e-04,4.850863e-09,0,62,N,N
1.021246e+03,1.151946e+05,8.105484e-02,2.452068e-03,-3.436548e-05,-8.309574e-01,-3.572313e-05,8.257040e+02,2.874836e+05,2.324641e-01,2.624222e-02,-1.965582e-03,-1.377795e+01,-1.833650e-03,4.863106e+02,3.862090e+04,2.348844e-02,3.285213e-05,-2.878577e-08,6.404042e-03,1.215050e-09,3,64,N,N
1.236099e+03,3.246640e+05,1.158329e-01,1.049615e-02,-1.161368e-04,-3.446523e+00,-7.956235e-05,9.969024e+02,6.548495e+05,2.238678e-01,2.712243e-02,-1.832741e-03,-2.017174e+01,-1.394167e-03,4.275602e+02,5.721535e+04,5.012815e-03,1.633095e-04,1.386148e-09,-3.793969e-02,8.272584e-08,2,69,N,N
1.310430e+03,3.539894e+05,9.591243e-02,4.986125e-03,-1.089933e-04,-2.959104e+00,-1.055242e-04,1.053080e+03,7.267545e+05,2.356723e-01,3.017006e-02,-2.537965e-03,-2.568287e+01,-2.639174e-03,4.584089e+02,7.557245e+04,5.368631e-03,2.879360e-04,-3.567824e-07,-6.223113e-02,1.024892e-08,1,47,N,N
9.243490e+02,1.373135e+05,8.415602e-02,6.100103e-03,2.835687e-06,-9.701650e-01,2.814667e-05,7.932137e+02,2.611501e+05,2.369665e-01,1.525896e-02,-9.175396e-04,-7.797699e+00,-5.910807e-04,4.229399e+02,2.591814e+04,2.251960e-02,6.915727e-04,1.589438e-06,5.812117e-02,1.201511e-06,1,75,N,N
1.173362e+03,2.202236e+05,1.073987e-01,5.798874e-03,-2.307101e-05,-1.218319e+00,1.206867e-06,9.436975e+02,4.875851e+05,1.536245e-01,1.318588e-02,-3.358718e-04,-6.830390e+00,-2.399656e-04,4.751166e+02,6.956055e+04,1.151366e-02,2.458076e-04,-3.807956e-07,-5.909329e-02,-4.982440e-08,1,59,N,N
1.103819e+03,3.306832e+05,1.155327e-01,1.373755e-02,-1.541135e-04,-4.478785e+00,-7.878184e-05,9.705477e+02,5.357225e+05,2.699262e-01,3.127243e-02,-2.851192e-03,-2.276277e+01,-1.677530e-03,3.955036e+02,1.919968e+04,5.421983e-03,6.907247e-04,1.335878e-06,-5.465366e-02,-2.399403e-07,0,12,N,N
1.322775e+03,3.051556e+05,1.406585e-01,5.495064e-03,-1.481236e-04,-2.970720e+00,-1.551111e-04,1.033640e+03,7.097342e+05,1.613121e-01,1.233748e-02,-5.503293e-04,-1.039000e+01,-4.923381e-04,4.812409e+02,9.155200e+04,1.186419e-02,6.864770e-04,-1.920992e-06,-1.307120e-01,4.079803e-07,0,40,N,N
1.045192e+03,1.540440e+05,6.328021e-02,1.593130e-03,-1.461993e-05,-5.935073e-01,-1.382352e-05,8.755143e+02,3.159701e+05,2.576279e-01,3.693750e-02,-3.592666e-03,-2.072700e+01,-3.651595e-03,4.830852e+02,4.426000e+04,1.941484e-02,1.690104e-04,1.340031e-07,-2.501874e-02,3.545836e-07,0,64,N,N
9.944227e+02,1.672150e+05,1.040073e-01,4.143334e-03,-6.276233e-05,-1.460164e+00,-6.278287e-05,8.224448e+02,3.384404e+05,2.106365e-01,1.201244e-02,-4.666375e-04,-6.170206e+00,-5.030167e-04,4.136604e+02,4.123418e+04,2.153439e-02,1.688686e-03,3.532871e-06,-2.553018e-01,-8.833193e-06,3,66,N,N
1.326328e+03,4.527999e+05,8.090883e-02,6.069732e-03,-1.302641e-04,-4.027592e+00,-1.291910e-04,1.076553e+03,8.555210e+05,1.428479e-01,1.536468e-02,-6.594727e-04,-1.354928e+01,-6.348657e-04,4.036590e+02,6.243861e+04,4.532762e-03,3.525478e-05,1.275505e-08,6.223088e-05,-6.192752e-09,1,72,N,N
1.194019e+03,2.208543e+05,8.801176e-02,4.583799e-03,-7.650406e-05,-1.980488e+00,-7.731503e-05,9.469995e+02,5.145835e+05,2.000929e-01,2.604787e-02,-1.823501e-03,-1.825403e+01,-1.768193e-03,4.771075e+02,7.923911e+04,8.137256e-03,6.261859e-05,-3.648686e-08,-1.715521e-02,2.305074e-08,0,4,N,N
1.115743e+03,1.928135e+05,1.007718e-01,3.716122e-03,-6.392227e-05,-1.487410e+00,-6.584693e-05,8.977210e+02,4.313745e+05,2.034601e-01,1.439915e-02,-7.645083e-04,-9.352218e+00,-7.017260e-04,4.591593e+02,5.800800e+04,1.812922e-02,7.442197e-04,-3.485879e-08,-1.662888e-01,-2.521512e-06,2,50,N,N
1.195534e+03,2.626545e+05,1.512793e-01,6.373396e-03,-1.650913e-04,-2.944921e+00,-1.674337e-04,9.591645e+02,5.869080e+05,1.700059e-01,1.353830e-02,-6.116111e-04,-9.916296e+00,-4.907247e-04,4.467547e+02,6.122496e+04,1.258227e-02,5.973262e-04,-1.552026e-06,-8.863396e-02,4.613169e-07,0,61,N,N
1.202787e+03,3.914031e+05,1.783980e-01,1.310196e-02,-5.634968e-04,-7.719324e+00,-5.292806e-04,1.004677e+03,6.810270e+05,2.191565e-01,2.189866e-02,-1.512038e-03,-1.803668e+01,-1.636583e-03,3.790550e+02,4.372803e+04,5.378088e-03,2.280745e-05,7.957325e-09,4.704865e-03,-1.191683e-09,3,60,N,N
9.001405e+02,1.286200e+05,6.248342e-02,3.874860e-03,-3.861507e-05,-1.105174e+00,-3.808753e-05,7.721414e+02,2.366144e+05,2.195148e-01,1.544894e-02,-8.831497e-04,-7.413427e+00,-8.010660e-04,4.137517e+02,2.259155e+04,1.973246e-02,8.161495e-04,1.166551e-06,7.412804e-02,1.813387e-06,3,75,N,N
1.207261e+03,3.200292e+05,1.281651e-01,6.893369e-03,-1.998176e-04,-3.871164e+00,-2.074520e-04,9.861236e+02,6.248992e+05,2.572113e-01,2.943593e-02,-2.134912e-03,-2.101385e+01,-2.430095e-03,4.215665e+02,4.970487e+04,7.776703e-03,5.040148e-05,3.148940e-08,1.110094e-02,-1.364268e-09,1,62,N,N
1.321339e+03,2.218423e+05,9.032907e-02,2.602789e-03,-2.969842e-05,-1.113899e+00,-2.655255e-05,1.013715e+03,6.082845e+05,2.021034e-01,2.567636e-02,-1.847280e-03,-1.999409e+01,-2.031826e-03,5.447947e+02,1.084300e+05,1.016105e-02,3.645987e-04,6.630913e-07,1.123818e-01,7.026256e-09,2,80,N,N
1.003115e+03,2.069059e+05,1.108674e-01,6.556739e-03,1.289771e-05,-1.021134e+00,3.482036e-05,8.577399e+02,3.595665e+05,2.625751e-01,1.943212e-02,-1.097836e-03,-1.019627e+01,-8.606943e-04,4.035395e+02,2.810637e+04,2.068482e-02,7.760104e-04,1.883140e-06,-8.563133e-02,-2.281515e-06,0,91,N,N
1.331285e+03,5.197797e+05,1.272215e-01,9.165501e-03,-3.125884e-04,-6.605430e+00,-3.088295e-04,1.119021e+03,8.834520e+05,2.898141e-01,3.776916e-02,-3.688494e-03,-3.401062e+01,-4.222478e-03,3.981274e+02,4.854003e+04,4.597518e-03,4.688779e-04,-3.218717e-07,-1.023541e-01,4.590689e-07,1,95,N,N
1.257765e+03,3.875817e+05,1.841885e-01,1.144255e-02,-4.603959e-04,-6.498116e+00,-4.716623e-04,1.030369e+03,7.227086e+05,2.524925e-01,2.865668e-02,-2.404774e-03,-2.413978e+01,-2.118144e-03,4.082764e+02,5.176991e+04,6.671266e-03,1.211491e-04,9.710988e-08,2.481223e-02,7.277040e-08,1,103,N,N
1.425995e+03,4.155963e+05,1.313067e-01,5.551445e-03,-1.422345e-04,-3.494357e+00,-1.451517e-04,1.108333e+03,9.259624e+05,1.446094e-01,1.501475e-02,-6.990505e-04,-1.443651e+01,-7.146930e-04,4.637299e+02,1.009160e+05,6.061769e-03,4.463847e-04,6.038731e-07,1.299167e-01,4.186558e-07,0,68,N,N
1.252130e+03,4.607168e+05,1.780994e-01,1.395541e-02,-6.295625e-04,-8.954900e+00,-6.180140e-04,1.049092e+03,7.919403e+05,2.312211e-01,2.387298e-02,-1.678275e-03,-2.062454e+01,-2.026995e-03,3.706498e+02,4.311784e+04,4.535004e-03,3.129925e-06,4.802052e-11,3.021154e-04,3.119732e-10,2,104,N,N
1.161984e+03,2.893053e+05,1.412710e-01,7.927285e-03,-2.641921e-04,-4.253499e+00,-2.627375e-04,9.633489e+02,5.591650e+05,2.422455e-01,2.484431e-02,-1.507775e-03,-1.612903e+01,-1.913119e-03,4.255245e+02,4.213125e+04,1.075134e-02,1.904625e-05,-8.103312e-09,-3.190873e-03,-2.060438e-09,2,52,N,N
1.233385e+03,4.398468e+05,2.051409e-01,1.488180e-02,-6.985365e-04,-9.032895e+00,-6.290069e-04,1.041354e+03,7.405626e+05,1.961356e-01,1.517630e-02,-8.262148e-04,-1.304768e+01,-9.283426e-04,3.781495e+02,4.622363e+04,7.823474e-03,3.346885e-04,-1.058778e-07,-7.004267e-02,-4.230181e-07,3,89,N,N
1.178895e+03,2.928677e+05,7.330987e-02,4.550200e-03,-6.827603e-05,-2.269051e+00,-7.109115e-05,9.670753e+02,5.672183e+05,1.833995e-01,2.536307e-02,-1.678595e-03,-1.880297e+01,-1.664582e-03,4.259346e+02,4.776228e+04,4.868830e-03,4.618598e-04,-2.902377e-07,-1.002483e-01,5.025602e-07,0,30,N,N
1.260616e+03,4.469561e+05,1.656242e-01,1.138546e-02,-4.917045e-04,-7.567212e+00,-4.780294e-04,1.045345e+03,7.797861e+05,2.211609e-01,2.219822e-02,-1.546465e-03,-1.954143e+01,-1.600760e-03,3.779368e+02,4.829497e+04,5.237460e-03,4.491923e-05,-1.457459e-08,-7.484319e-04,1.539914e-08,3,104,N,N
1.198408e+03,3.241430e+05,1.224842e-01,9.488528e-03,-2.295285e-04,-4.447410e+00,-2.245933e-04,9.834441e+02,6.178361e+05,2.286579e-01,2.587279e-02,-1.950637e-03,-2.007627e+01,-1.592134e-03,4.141484e+02,4.626279e+04,6.250451e-03,5.931249e-05,3.077062e-08,-9.114154e-03,9.971460e-09,0,45,N,N
1.381824e+03,4.035075e+05,1.079211e-01,8.682635e-03,-1.378073e-04,-3.722234e+00,-1.264372e-04,1.105997e+03,8.265586e+05,2.141383e-01,2.711976e-02,-1.782728e-03,-2.240782e+01,-1.574176e-03,4.730361e+02,7.698603e+04,3.149965e-03,7.337580e-05,-3.395190e-08,-1.495940e-02,9.924250e-09,1,70,N,N
1.293521e+03,3.411498e+05,9.371831e-02,4.507602e-03,-4.688752e-05,-1.856237e+00,-4.326130e-05,1.043953e+03,6.970826e+05,2.224855e-01,2.733474e-02,-2.117023e-03,-2.271297e+01,-1.793551e-03,4.603214e+02,7.761952e+04,7.892299e-03,1.126548e-04,8.309127e-08,2.311975e-02,-5.303995e-08,1,99,N,N
1.387415e+03,4.395362e+05,1.906187e-01,1.353599e-02,-6.642531e-04,-8.768469e+00,-6.317491e-04,1.115773e+03,8.741432e+05,2.393003e-01,2.822553e-02,-2.318832e-03,-2.637260e+01,-2.466314e-03,4.528736e+02,9.155285e+04,2.765121e-03,2.547018e-04,2.046027e-07,7.627867e-02,2.327607e-07,2,98,N,N
1.196332e+03,2.057943e+05,1.076304e-01,5.591817e-03,-1.368695e-04,-2.512959e+00,-1.422296e-04,9.406511e+02,5.055657e+05,1.772880e-01,1.729309e-02,-8.321505e-04,-1.143676e+01,-9.356474e-04,4.878882e+02,6.769597e+04,1.005069e-02,3.985121e-05,-1.240145e-08,-1.009990e-02,-1.817794e-08,0,19,N,N
1.246291e+03,3.294943e+05,8.714802e-02,6.255683e-03,-5.480499e-06,-1.636868e+00,3.085001e-06,1.017205e+03,6.443650e+05,2.561862e-01,3.534567e-02,-3.090162e-03,-2.690165e+01,-2.689317e-03,4.435810e+02,6.855824e+04,5.561098e-03,3.477968e-04,-3.670347e-07,-9.092918e-02,3.158206e-07,3,69,N,N
9.850509e+02,2.785035e+05,9.788680e-02,1.104118e-02,-1.152879e-04,-3.392042e+00,-7.292244e-05,8.727753e+02,4.116817e+05,3.027929e-01,3.088783e-02,-2.720168e-03,-1.885036e+01,-2.081768e-03,3.451569e+02,1.311185e+04,9.764394e-03,5.038387e-04,-1.064118e-06,5.630269e-02,-2.565847e-08,0,24,N,N
1.395807e+03,4.232742e+05,8.586019e-02,5.686515e-03,-9.857945e-05,-3.299112e+00,-9.840212e-05,1.128607e+03,8.423574e+05,2.279157e-01,2.896394e-02,-2.317379e-03,-2.624721e+01,-2.243045e-03,4.782869e+02,7.610885e+04,2.949645e-03,1.258441e-04,-7.653433e-08,-2.206411e-02,-1.057389e-08,3,70,N,N
1.323718e+03,5.287522e+05,1.681258e-01,1.146720e-02,-4.746335e-04,-8.140769e+00,-4.113007e-04,1.099720e+03,9.279906e+05,2.259293e-01,2.437873e-02,-1.725174e-03,-2.284563e+01,-2.139778e-03,3.744460e+02,5.034457e+04,5.205024e-03,7.581776e-05,-1.933665e-08,2.942972e-03,-3.076211e-08,2,100,N,N
1.235349e+03,3.702848e+05,1.668021e-01,1.043535e-02,-4.122245e-04,-6.190928e+00,-3.980590e-04,1.015293e+03,6.870367e+05,2.427621e-01,2.653935e-02,-2.122407e-03,-2.195677e+01,-2.212426e-03,4.068196e+02,4.894536e+04,7.015446e-03,5.676504e-05,1.065720e-08,6.827814e-03,3.722508e-08,3,103,N,N
1.137968e+03,2.910263e+05,7.137576e-02,4.280283e-03,-7.404811e-05,-2.302897e+00,-7.603705e-05,9.493533e+02,5.306536e+05,2.271666e-01,2.992031e-02,-2.451756e-03,-2.171688e+01,-2.535405e-03,4.098957e+02,3.933504e+04,7.185217e-03,4.001389e-04,2.762193e-07,-5.947432e-02,4.368419e-07,0,93,N,N
1.074444e+03,3.095730e+05,1.432675e-01,1.038757e-02,-3.436150e-04,-5.358236e+00,-3.489384e-04,9.227324e+02,5.014036e+05,2.722660e-01,2.577251e-02,-2.036365e-03,-1.766065e+01,-1.939742e-03,3.663579e+02,2.806163e+04,9.090520e-03,5.391583e-05,2.918326e-08,1.677675e-03,1.030829e-08,3,71,N,N
1.028448e+03,2.006525e+05,1.144664e-01,7.818486e-03,-2.115190e-04,-3.367705e+00,-1.931017e-04,8.725591e+02,3.725193e+05,2.383489e-01,2.069281e-02,-1.372159e-03,-1.220895e+01,-1.666168e-03,4.252852e+02,3.176016e+04,1.225094e-02,1.671847e-04,2.025426e-08,2.160067e-02,1.653664e-07,3,53,N,N
1.139483e+03,1.948397e+05,1.013211e-01,4.974917e-03,-4.485919e-05,-1.385398e+00,-3.763232e-05,9.066809e+02,4.557395e+05,1.923979e-01,1.596655e-02,-8.327907e-04,-1.043356e+01,-6.749809e-04,4.658116e+02,5.848378e+04,1.502921e-02,1.809646e-04,-6.536724e-09,-4.327781e-02,-2.408381e-07,3,54,N,N
1.309804e+03,5.215037e+05,1.411571e-01,1.012528e-02,-3.108745e-04,-6.604793e+00,-2.705107e-04,1.089426e+03,9.077025e+05,2.309070e-01,2.567737e-02,-1.949241e-03,-2.425864e+01,-2.322752e-03,3.674464e+02,4.857789e+04,4.240512e-03,6.793158e-05,-2.663175e-08,-1.506590e-03,-1.777584e-08,3,100,N,N
1.167222e+03,1.943751e+05,1.075947e-01,3.443749e-03,-4.905219e-05,-1.366535e+00,-4.487226e-05,9.194141e+02,4.918472e+05,2.322576e-01,2.673832e-02,-1.935369e-03,-1.769122e+01,-2.424306e-03,4.796348e+02,7.070437e+04,1.229374e-02,4.593893e-04,5.773894e-07,1.012602e-01,1.438142e-06,0,77,N,N
1.126998e+03,3.267041e+05,1.314884e-01,1.134182e-02,-4.379495e-04,-6.477521e+00,-4.421809e-04,9.625910e+02,5.526139e+05,2.326507e-01,2.443344e-02,-1.551463e-03,-1.646363e+01,-1.879841e-03,3.915456e+02,3.244453e+04,5.914524e-03,1.126559e-04,-7.013263e-08,1.518506e-02,-2.941524e-08,2,48,N,N
1.313321e+03,4.552883e+05,1.656288e-01,9.605308e-03,-3.826560e-04,-6.472674e+00,-3.870738e-04,1.076949e+03,8.304098e+05,2.182945e-01,2.418558e-02,-1.757338e-03,-2.203863e+01,-1.724769e-03,4.022338e+02,5.690984e+04,5.399406e-03,2.017207e-04,1.582271e-07,4.300861e-02,-1.326974e-07,3,74,N,N
1.262734e+03,4.102990e+05,1.262378e-01,8.984104e-03,-2.892133e-04,-5.606892e+00,-2.968190e-04,1.038709e+03,7.476585e+05,2.526223e-01,2.990861e-02,-2.537331e-03,-2.548652e+01,-2.496572e-03,3.981633e+02,5.253897e+04,6.446205e-03,1.164850e-04,3.386360e-08,-2.226590e-02,6.542263e-08,0,41,N,N
1.311045e+03,3.094476e+05,9.342676e-02,4.020561e-03,-6.576304e-05,-2.086065e+00,-6.312936e-05,1.041523e+03,6.821340e+05,2.334807e-01,3.046374e-02,-2.559021e-03,-2.511086e+01,-2.656576e-03,4.854134e+02,8.472267e+04,7.134037e-03,3.210782e-04,-4.184347e-07,-4.976471e-02,-2.407789e-07,3,84,N,N
1.304401e+03,4.404355e+05,1.356680e-01,8.076863e-03,-2.628639e-04,-5.299438e+00,-2.499236e-04,1.065871e+03,8.146362e+05,2.121908e-01,2.211610e-02,-1.509227e-03,-1.993322e+01,-1.556719e-03,4.022187e+02,5.692086e+04,6.474833e-03,4.641491e-05,8.871490e-09,8.249660e-03,2.086409e-08,0,7,N,N
1.158478e+03,2.284467e+05,8.201870e-02,5.754701e-03,-3.281277e-05,-1.535481e+00,-2.339934e-05,9.382434e+02,4.879261e+05,2.409482e-01,3.191912e-02,-2.676344e-03,-2.173451e+01,-2.259094e-03,4.608000e+02,5.757856e+04,9.634372e-03,2.684859e-04,3.584827e-07,-3.022127e-02,2.217040e-07,2,65,N,N
1.205641e+03,3.035037e+05,8.559051e-02,4.759861e-03,-1.791999e-05,-1.378593e+00,-9.371245e-06,9.698126e+02,6.216219e+05,1.783162e-01,2.162124e-02,-9.484938e-04,-1.398248e+01,-9.063667e-04,4.191421e+02,5.831745e+04,6.065808e-03,1.074530e-04,8.460544e-08,2.430027e-02,-1.845761e-08,0,5,N,N
1.258871e+03,4.332151e+05,1.490951e-01,1.385009e-02,-4.452843e-04,-7.609072e+00,-3.551899e-04,1.048626e+03,7.601276e+05,2.326203e-01,2.737732e-02,-2.127436e-03,-2.351690e+01,-2.318326e-03,3.904561e+02,4.420783e+04,3.332226e-03,1.133481e-04,4.264472e-08,-1.972036e-02,3.079937e-08,2,49,N,N
