7.045378e+07,1.037152e+15,1.079727e+09,7.209768e+07,-1.594231e+16,-2.090509e+15,-1.603034e+16,5.697930e+07,2.093784e+15,1.095333e+09,1.094333e+08,-3.744047e+16,-4.969229e+15,-3.184122e+16,2.477551e+07,2.124967e+14,4.261192e+07,6.716693e+05,-3.198037e+12,-5.793596e+12,1.547231e+12,2,76
3.064899e+07,2.511822e+14,3.182385e+08,2.887187e+07,-1.889803e+15,-3.773014e+14,-1.851469e+15,2.565697e+07,4.380347e+14,5.309620e+08,4.978374e+07,-7.910752e+15,-1.029259e+15,-6.250241e+15,9.808245e+06,2.837158e+13,1.554667e+07,1.783536e+05,-2.955340e+11,9.497433e+11,7.554267e+10,1,41
3.712443e+07,4.056596e+14,3.852762e+08,3.152963e+07,-3.918888e+14,-2.952745e+14,2.488965e+13,3.100370e+07,6.924165e+14,8.353084e+08,1.045270e+08,-2.824989e+16,-2.611193e+15,-2.106458e+16,1.087554e+07,3.853337e+13,1.493313e+07,7.895217e+05,-2.709390e+12,-3.696682e+12,5.055595e+11,0,46
3.062660e+07,2.553171e+14,3.048261e+08,2.058969e+07,-1.204120e+15,-2.820830e+14,-1.203541e+15,2.560856e+07,4.417866e+14,7.106079e+08,8.478555e+07,-1.909517e+16,-1.684581e+15,-1.858344e+16,9.631403e+06,2.606185e+13,1.826568e+07,2.736963e+05,-2.486714e+11,-1.395930e+12,4.631520e+11,2,96
2.864967e+07,1.507723e+14,3.300703e+08,2.655938e+07,2.482820e+14,-1.044396e+14,7.043602e+14,2.347555e+07,3.068747e+14,5.508856e+08,5.672711e+07,-8.527435e+15,-8.985218e+14,-5.124476e+15,1.120218e+07,3.004539e+13,2.336333e+07,3.062897e+04,2.352133e+10,1.477834e+11,4.784161e+09,0,58
3.155564e+07,2.439595e+14,4.637240e+08,2.880847e+07,-2.918273e+15,-4.104516e+14,-2.989686e+15,2.585055e+07,4.549019e+14,6.356905e+08,7.214781e+07,-1.524294e+16,-1.524782e+15,-1.342610e+16,1.024310e+07,3.258607e+13,1.679598e+07,3.050123e+05,6.155422e+11,1.567257e+12,4.612636e+11,1,103
3.252069e+07,1.629237e+14,2.938763e+08,1.200915e+07,-4.642254e+14,-1.222872e+14,-4.530356e+14,2.561153e+07,3.880633e+14,6.037814e+08,6.590187e+07,-1.299216e+16,-1.289931e+15,-1.141750e+16,1.285077e+07,4.780532e+13,2.950018e+07,3.616595e+05,1.117870e+12,2.432265e+12,-4.305061e+11,2,55
3.128482e+07,2.510047e+14,3.983279e+08,2.962752e+07,-2.839449e+15,-4.352013e+14,-2.918604e+15,2.608476e+07,4.442753e+14,6.630962e+08,6.776214e+07,-1.418935e+16,-1.418908e+15,-1.240197e+16,1.024167e+07,2.800676e+13,1.979810e+07,2.371286e+04,-5.542834e+09,8.502343e+10,-9.383241e+09,2,84
3.058227e+07,2.759786e+14,4.206937e+08,3.331640e+07,-3.868155e+15,-5.462646e+14,-3.919409e+15,2.568471e+07,4.626373e+14,5.868902e+08,6.226981e+07,-1.169890e+16,-1.326361e+15,-1.164890e+16,9.075112e+06,2.490898e+13,1.069308e+07,1.968504e+04,-8.421099e+09,-6.937502e+10,3.670834e+09,0,29
2.878072e+07,1.712721e+14,3.753037e+08,2.112723e+07,-1.701978e+15,-2.648455e+14,-1.631516e+15,2.360996e+07,3.348332e+14,5.839823e+08,5.820146e+07,-1.072149e+16,-1.064424e+15,-1.167311e+16,1.052567e+07,2.807739e+13,2.458906e+07,1.044617e+05,-3.164471e+10,1.464182e+11,1.428286e+11,0,52
4.207603e+07,2.249497e+14,3.663658e+08,1.055665e+07,-4.885489e+14,-1.438645e+14,-4.367983e+14,3.228020e+07,6.168048e+14,8.197116e+08,1.041408e+08,-3.038838e+16,-2.582317e+15,-3.342421e+16,1.734816e+07,1.099488e+14,4.121222e+07,1.478776e+06,1.090807e+13,1.451456e+13,1.155843e+11,2,80
3.167126e+07,1.707419e+14,2.451953e+08,1.720371e+07,-2.932524e+14,-1.254935e+14,-2.091232e+14,2.565034e+07,3.646777e+14,7.203159e+08,9.542237e+07,-2.391887e+16,-1.776343e+15,-2.018984e+16,1.259767e+07,4.303443e+13,2.880201e+07,8.026400e+05,3.203811e+12,-2.469958e+12,1.981400e+12,2,65
3.504945e+07,1.782704e+14,3.309481e+08,1.759522e+07,-6.896742e+14,-1.693702e+14,-6.676427e+14,2.752541e+07,4.354304e+14,6.672168e+08,7.597328e+07,-1.529820e+16,-1.484182e+15,-1.454248e+16,1.419079e+07,5.675930e+13,3.143243e+07,1.048447e+05,-1.595946e+10,3.449001e+11,-1.674253e+11,3,55
3.518660e+07,2.945198e+14,3.981502e+08,2.259027e+07,-1.564084e+15,-3.323028e+14,-1.470542e+15,2.833460e+07,5.816697e+14,5.418989e+08,5.457826e+07,-9.384334e+15,-1.316233e+15,-1.056243e+16,1.117609e+07,4.697527e+13,2.235003e+07,2.649519e+05,2.934521e+11,1.386095e+12,5.036610e+11,3,68
4.323883e+07,3.579785e+14,4.032113e+08,2.506564e+07,-1.867978e+15,-4.053720e+14,-1.869632e+15,3.453437e+07,7.653361e+14,9.480978e+08,1.249170e+08,-3.959195e+16,-3.274796e+15,-4.026188e+16,1.563478e+07,9.100026e+13,2.258342e+07,1.174221e+06,-4.776634e+12,-1.115681e+13,3.683842e+12,0,47
3.007529e+07,3.045908e+14,3.417156e+08,2.968886e+07,-2.630779e+15,-4.815806e+14,-2.676879e+15,2.607334e+07,4.601914e+14,4.587600e+08,4.323374e+07,-5.663831e+15,-8.923313e+14,-5.290748e+15,8.623530e+06,2.457172e+13,1.072950e+07,1.719321e+04,-7.140653e+09,8.494278e+10,1.664094e+09,0,15
3.678496e+07,2.961313e+14,5.743963e+08,3.379162e+07,-4.437772e+15,-5.580781e+14,-4.574417e+15,2.941516e+07,6.057522e+14,4.218223e+08,3.892203e+07,-4.126948e+15,-8.626003e+14,-4.158068e+15,1.221086e+07,6.220446e+13,1.950413e+07,1.078920e+06,-3.390615e+12,-2.861659e+12,3.605272e+12,1,76
2.400494e+07,1.087457e+14,2.194308e+08,6.756022e+06,-2.036032e+14,-6.235674e+13,-2.047567e+14,1.991039e+07,2.109996e+14,5.390198e+08,5.074789e+07,-8.144733e+15,-7.221955e+14,-7.865792e+15,9.482376e+06,1.680482e+13,3.866429e+07,6.643551e+05,-3.267969e+12,-1.889296e+12,-1.014813e+12,3,91
3.868121e+07,2.941601e+14,6.463236e+08,3.480046e+07,-5.204807e+15,-5.934864e+14,-5.025603e+15,3.093127e+07,6.257182e+14,4.435581e+08,3.513292e+07,-3.596278e+15,-7.904957e+14,-3.469029e+15,1.379139e+07,7.573160e+13,3.106668e+07,1.675670e+06,-1.195602e+13,-1.110702e+13,2.231812e+12,0,76
3.113624e+07,2.128724e+14,3.409908e+08,1.834021e+07,-1.414423e+15,-2.656312e+14,-1.468464e+15,2.543292e+07,4.156613e+14,6.843256e+08,7.831602e+07,-1.511213e+16,-1.441927e+15,-1.720160e+16,1.087254e+07,3.306196e+13,2.069037e+07,1.340961e+05,2.228999e+11,7.617237e+11,-9.657068e+09,1,62
1.968927e+07,7.394919e+13,1.356585e+08,8.825635e+06,-1.572462e+14,-5.553683e+13,-1.450197e+14,1.723839e+07,1.234988e+14,4.582109e+08,3.156262e+07,-3.783284e+15,-3.504525e+14,-3.145310e+15,8.639132e+06,8.865787e+12,3.813919e+07,1.682724e+06,7.760233e+12,2.612487e+12,6.228997e+12,0,75
3.204464e+07,1.876042e+14,3.477671e+08,2.362741e+07,-4.406622e+14,-1.735171e+14,-1.562476e+14,2.552388e+07,4.164496e+14,5.990981e+08,6.689514e+07,-1.293036e+16,-1.339515e+15,-8.751463e+15,1.182701e+07,4.255949e+13,2.062139e+07,1.866945e+05,5.073145e+10,6.386598e+11,-3.458638e+11,1,55
2.900214e+07,2.276875e+14,2.836490e+08,2.077402e+07,-1.174839e+15,-2.630246e+14,-1.171511e+15,2.429589e+07,3.918181e+14,6.696082e+08,7.696058e+07,-1.596280e+16,-1.441272e+15,-1.523427e+16,9.216648e+06,2.221208e+13,1.748839e+07,1.340030e+05,1.860033e+11,-3.704703e+11,3.729892e+10,3,96
2.901649e+07,1.899432e+14,3.378056e+08,2.339090e+07,-9.692964e+14,-2.340080e+14,-8.805075e+14,2.390619e+07,3.779277e+14,4.804712e+08,4.232729e+07,-5.800441e+15,-8.037200e+14,-3.873285e+15,1.012684e+07,2.956181e+13,2.183817e+07,2.895927e+04,-2.250762e+10,-8.846985e+10,7.227054e+09,0,57
3.019545e+07,1.814983e+14,3.659203e+08,1.734063e+07,-1.226663e+15,-2.197979e+14,-1.253888e+15,2.424119e+07,3.785163e+14,6.440758e+08,7.955252e+07,-1.798680e+16,-1.546939e+15,-1.630488e+16,1.076975e+07,3.743074e+13,1.765537e+07,8.437042e+05,2.374986e+12,4.318346e+12,-1.952242e+12,1,82
2.108352e+07,1.241260e+14,2.072673e+08,1.321644e+07,-6.898366e+14,-1.471791e+14,-6.982780e+14,1.847127e+07,1.891310e+14,4.423167e+08,2.749085e+07,-3.010071e+15,-3.762284e+14,-3.024334e+15,7.334449e+06,1.165362e+13,2.782720e+07,1.686654e+06,1.153540e+13,-4.823927e+11,-2.723144e+12,0,39
2.276796e+07,9.303862e+13,2.638807e+08,1.023008e+07,-4.301533e+14,-8.748482e+13,-4.333513e+14,1.947091e+07,1.678587e+14,4.220112e+08,1.455299e+07,-8.717580e+14,-1.632326e+14,-8.706021e+14,9.832646e+06,2.298571e+13,5.964298e+07,7.116164e+06,6.454854e+13,-1.867750e+13,-1.125389e+14,1,66
2.821595e+07,2.259096e+14,3.585621e+08,2.752310e+07,-2.458127e+15,-3.949286e+14,-2.496991e+15,2.384715e+07,3.767199e+14,5.346959e+08,5.578725e+07,-8.665676e+15,-1.022258e+15,-8.738054e+15,8.820749e+06,2.166003e+13,1.101510e+07,4.933232e+03,8.782925e+08,1.856025e+10,3.151455e+08,0,63
2.859638e+07,1.411808e+14,2.825143e+08,1.315137e+07,8.887850e+13,-4.382950e+13,1.623182e+14,2.252436e+07,3.220935e+14,5.506941e+08,6.242645e+07,-1.105181e+16,-1.093478e+15,-8.596679e+15,1.071819e+07,3.780062e+13,2.773681e+07,7.744760e+05,2.786619e+12,4.335980e+12,3.234830e+12,0,81
4.140715e+07,3.910504e+14,6.131899e+08,4.285992e+07,-6.325330e+15,-7.913198e+14,-5.966730e+15,3.337428e+07,7.722099e+14,8.612808e+08,1.035471e+08,-3.081372e+16,-2.868369e+15,-3.283185e+16,1.363055e+07,8.483650e+13,8.946903e+06,1.056582e+06,3.246085e+12,9.697475e+12,2.731370e+12,1,98
4.567447e+07,3.832704e+14,3.225109e+08,2.183758e+07,-1.457188e+15,-3.772851e+14,-1.468639e+15,3.612210e+07,8.542550e+14,7.751755e+08,1.061538e+08,-2.631725e+16,-2.837920e+15,-2.744756e+16,1.654715e+07,1.154855e+14,1.300223e+07,7.700413e+05,-1.698424e+12,-8.260895e+12,1.745315e+12,2,79
2.890165e+07,2.006187e+14,3.422346e+08,2.967408e+07,-2.849694e+15,-4.144466e+14,-2.748132e+15,2.444212e+07,3.528093e+14,5.398916e+08,5.555776e+07,-9.012883e+15,-1.005949e+15,-1.084466e+16,1.030031e+07,2.441928e+13,1.422291e+07,2.343199e+05,5.401176e+10,2.516859e+11,-2.559281e+11,3,48
4.300661e+07,6.426884e+14,6.809256e+08,5.520235e+07,-1.051199e+16,-1.384556e+15,-1.034501e+16,3.604585e+07,1.047221e+15,6.962871e+08,8.050006e+07,-1.899382e+16,-2.600051e+15,-2.039980e+16,1.069615e+07,4.859991e+13,6.774379e+06,5.653189e+05,-5.703461e+11,-2.802917e+11,-3.028723e+11,2,86
3.732899e+07,3.367984e+14,3.545234e+08,2.776009e+07,-2.792263e+14,-2.131547e+14,9.822433e+13,3.032385e+07,6.425193e+14,7.744571e+08,9.674189e+07,-2.450665e+16,-2.323545e+15,-1.794976e+16,1.201771e+07,5.896147e+13,1.633772e+07,3.999252e+05,-1.014407e+12,-2.333660e+12,-1.258812e+11,0,27
3.729813e+07,2.957022e+14,3.834143e+08,2.996288e+07,-2.162624e+15,-4.182802e+14,-2.136856e+15,2.980950e+07,6.104803e+14,5.991120e+08,6.785649e+07,-1.316435e+16,-1.640871e+15,-1.119626e+16,1.262219e+07,5.608416e+13,1.240686e+07,1.200873e+05,-1.451057e+11,-6.178584e+11,3.941843e+10,3,79
3.001071e+07,2.500343e+14,3.508517e+08,2.520951e+07,-2.366636e+15,-3.980303e+14,-2.431853e+15,2.487838e+07,4.383429e+14,5.493799e+08,5.555407e+07,-9.677021e+15,-1.161653e+15,-9.756357e+15,9.074267e+06,2.725929e+13,1.402115e+07,1.187141e+04,1.178895e+09,-6.058239e+10,-3.761097e+09,0,26
2.816190e+07,1.622276e+14,3.860226e+08,1.609252e+07,-1.251080e+15,-2.041184e+14,-1.245153e+15,2.294871e+07,3.264256e+14,4.193228e+08,3.203309e+07,-3.342761e+15,-5.463389e+14,-3.072706e+15,1.021335e+07,3.210520e+13,2.990457e+07,1.830372e+06,-1.346122e+13,-7.794199e+12,1.529251e+12,1,61
3.986392e+07,3.275842e+14,3.550204e+08,1.845617e+07,-1.493332e+15,-3.331999e+14,-1.445801e+15,3.203522e+07,6.725435e+14,8.723423e+08,1.116746e+08,-3.477302e+16,-2.891934e+15,-3.615970e+16,1.394503e+07,6.993525e+13,1.987202e+07,1.065797e+06,-4.888326e+12,-7.007327e+12,1.404219e+11,1,47
2.839509e+07,1.093891e+14,1.817610e+08,1.004379e+07,-4.056869e+14,-1.020388e+14,-3.700055e+14,2.404523e+07,2.192266e+14,6.434331e+08,1.000436e+08,-2.513138e+16,-1.471430e+15,-2.554685e+16,1.358930e+07,2.741485e+13,4.056207e+07,2.881715e+06,3.090448e+13,-3.957734e+11,4.382328e+12,1,97
3.045208e+07,2.253822e+14,3.643152e+08,2.537795e+07,-1.227726e+15,-2.773103e+14,-1.094548e+15,2.494194e+07,4.212923e+14,7.012250e+08,8.580678e+07,-1.922275e+16,-1.664535e+15,-1.611925e+16,9.930310e+06,3.246784e+13,1.553012e+07,1.816874e+05,-1.177111e+11,5.111055e+10,-3.089902e+11,0,0
3.079827e+07,2.787328e+14,4.309816e+08,3.377061e+07,-3.686647e+15,-5.330084e+14,-3.619020e+15,2.580421e+07,4.791224e+14,5.595304e+08,5.777007e+07,-9.827785e+15,-1.227602e+15,-1.186985e+16,9.116765e+06,2.608621e+13,1.097423e+07,7.574086e+03,2.812027e+08,1.798234e+10,1.826880e+09,2,104
1.957965e+07,6.085524e+13,1.182481e+08,7.333064e+06,-1.382979e+14,-4.549409e+13,-1.364086e+14,1.679545e+07,1.119517e+14,4.154255e+08,2.923669e+07,-3.162956e+15,-3.051709e+14,-2.868978e+15,8.999833e+06,1.068896e+13,3.734313e+07,1.544540e+06,4.177944e+12,3.051453e+12,6.494555e+12,3,75
2.897919e+07,1.404128e+14,2.923026e+08,1.609150e+07,-1.049764e+15,-1.843578e+14,-1.003951e+15,2.312260e+07,3.155501e+14,5.263314e+08,4.878025e+07,-7.753458e+15,-8.617374e+14,-8.514518e+15,1.127748e+07,3.503234e+13,2.742447e+07,2.902398e+05,1.873520e+11,-1.658331e+12,-7.625033e+11,2,51
2.744134e+07,1.857551e+14,2.728488e+08,2.040712e+07,-1.073212e+15,-2.260366e+14,-1.071884e+15,2.285920e+07,3.301679e+14,5.573552e+08,6.314008e+07,-1.094331e+16,-1.095841e+15,-1.049778e+16,9.274405e+06,2.189413e+13,1.255966e+07,9.413417e+04,-3.623960e+10,-4.243749e+11,7.209157e+10,3,90
2.739695e+07,1.312572e+14,2.907992e+08,1.185922e+07,-6.617169e+14,-1.301195e+14,-6.649113e+14,2.210966e+07,2.859734e+14,6.232818e+08,7.263010e+07,-1.280633e+16,-1.092893e+15,-1.517364e+16,1.068570e+07,3.096819e+13,2.960639e+07,3.485571e+05,2.018260e+11,1.382623e+12,1.360255e+12,3,77
3.013166e+07,2.435805e+14,3.546026e+08,2.416915e+07,-2.056629e+15,-3.577789e+14,-1.733125e+15,2.549120e+07,4.106866e+14,6.049491e+08,5.904819e+07,-1.082556e+16,-1.178818e+15,-1.139256e+16,9.886797e+06,2.530336e+13,1.853842e+07,2.099197e+04,-4.522924e+08,-1.036864e+11,-8.631280e+09,0,31
2.829473e+07,2.030035e+14,2.673548e+08,1.738246e+07,-8.493626e+14,-2.088323e+14,-8.360039e+14,2.384964e+07,3.518234e+14,6.363782e+08,7.082679e+07,-1.173539e+16,-1.150471e+15,-1.204507e+16,9.602605e+06,1.985122e+13,2.117591e+07,1.540798e+04,2.201427e+09,1.590459e+10,7.632757e+09,1,5
3.746133e+07,2.660533e+14,3.506586e+08,1.719221e+07,-7.185321e+14,-1.965588e+14,-6.871586e+14,2.988326e+07,5.680260e+14,7.660838e+08,9.340005e+07,-2.334608e+16,-2.130131e+15,-2.162938e+16,1.363153e+07,6.618599e+13,2.955062e+07,3.104558e+05,8.089251e+11,2.052052e+12,-3.950132e+11,3,99
2.763064e+07,1.711894e+14,1.756516e+08,1.203727e+07,-4.073723e+14,-1.333284e+14,-4.052863e+14,2.296695e+07,3.195792e+14,5.422180e+08,5.123609e+07,-8.513006e+15,-9.131970e+14,-7.204187e+15,9.884383e+06,2.193897e+13,2.754685e+07,3.833887e+05,-1.242855e+12,1.793849e+12,1.769768e+11,0,42
4.585260e+07,3.691142e+14,5.132192e+08,2.901590e+07,-2.109367e+15,-4.175873e+14,-1.960986e+15,3.583768e+07,8.560989e+14,8.977796e+08,1.124226e+08,-3.440394e+16,-3.212583e+15,-2.834727e+16,1.663178e+07,1.053001e+14,2.035410e+07,1.154046e+06,-4.552453e+10,3.889267e+12,-5.881943e+12,0,70
3.719685e+07,2.148970e+14,4.029289e+08,1.481338e+07,-1.142588e+15,-2.153918e+14,-1.208651e+15,2.891721e+07,5.255727e+14,7.286586e+08,8.990612e+07,-2.283693e+16,-2.049851e+15,-2.238072e+16,1.427282e+07,7.691746e+13,3.079644e+07,1.134091e+06,6.666250e+12,9.735559e+12,1.621473e+12,1,80
2.472827e+07,1.639849e+14,2.385926e+08,2.028592e+07,-4.350023e+14,-1.515533e+14,-2.607410e+14,2.095044e+07,2.752466e+14,6.189582e+08,7.269759e+07,-1.406373e+16,-1.133592e+15,-1.097534e+16,8.145339e+06,1.455980e+13,1.631145e+07,1.643549e+05,2.400239e+11,-8.692300e+08,-1.299389e+11,1,34
2.599305e+07,1.356329e+14,1.728512e+08,1.570151e+07,-6.922808e+14,-1.702669e+14,-6.291362e+14,2.176416e+07,2.540706e+14,5.379935e+08,6.140041e+07,-1.115543e+16,-9.778623e+14,-1.226342e+16,1.012647e+07,1.819450e+13,2.054138e+07,1.267798e+06,3.206469e+12,1.398910e+12,-4.009036e+12,3,93
3.077928e+07,2.129067e+14,2.088583e+08,1.252488e+07,-6.340391e+14,-1.822654e+14,-6.510696e+14,2.567772e+07,3.882114e+14,6.647303e+08,8.755220e+07,-2.099324e+16,-1.718807e+15,-2.170949e+16,1.108669e+07,2.877641e+13,2.102524e+07,1.170879e+06,2.365136e+12,-4.707161e+12,3.740472e+12,0,93
3.060738e+07,2.133947e+14,3.264400e+08,2.270785e+07,-4.466162e+14,-1.816792e+14,-2.711761e+14,2.500282e+07,4.095654e+14,6.947857e+08,8.875535e+07,-1.612258e+16,-1.498799e+15,-1.480712e+16,1.040068e+07,3.237979e+13,2.241031e+07,8.194848e+04,-9.372178e+10,-1.272093e+11,-6.973121e+10,0,6
3.678659e+07,3.346363e+14,4.615387e+08,3.374680e+07,-2.847103e+15,-5.031981e+14,-2.807703e+15,3.010416e+07,6.278172e+14,8.442519e+08,1.075297e+08,-3.223313e+16,-2.686490e+15,-2.687650e+16,1.181625e+07,4.757450e+13,1.260454e+07,7.269480e+05,-2.195740e+12,-3.668728e+12,1.538260e+11,0,18
2.373976e+07,1.039037e+14,2.579846e+08,1.269471e+07,-7.042473e+14,-1.284504e+14,-7.216267e+14,1.921230e+07,2.169253e+14,3.666052e+08,2.511333e+07,-2.375864e+15,-3.673876e+14,-2.522809e+15,9.023826e+06,2.450675e+13,2.622310e+07,1.146831e+06,-1.000409e+12,-5.573150e+12,-4.797521e+12,0,50
3.541532e+07,3.765557e+14,4.389142e+08,3.968274e+07,-2.363347e+15,-5.279965e+14,-2.064181e+15,2.957446e+07,6.438121e+14,5.519374e+08,5.856939e+07,-9.740033e+15,-1.420153e+15,-6.686610e+15,1.017122e+07,3.729308e+13,8.169492e+06,4.381551e+04,2.594426e+10,2.571958e+11,-5.399866e+08,2,101
3.551493e+07,3.329405e+14,4.844623e+08,2.809541e+07,-3.273834e+15,-5.119739e+14,-3.311631e+15,2.912294e+07,6.072571e+14,6.385088e+08,7.074252e+07,-1.503500e+16,-1.743206e+15,-1.475636e+16,1.087724e+07,4.161668e+13,1.579320e+07,5.900305e+05,1.353720e+12,3.401884e+12,-1.135300e+12,3,74
2.983342e+07,1.335573e+14,2.778008e+08,1.364016e+07,-3.372241e+14,-9.944963e+13,-2.828969e+14,2.373830e+07,3.123970e+14,5.275138e+08,4.377687e+07,-6.260414e+15,-7.489642e+14,-5.074095e+15,1.219566e+07,4.008904e+13,4.120687e+07,4.961663e+05,-4.913911e+10,-3.106661e+12,-1.810474e+12,3,54
3.511425e+07,1.515686e+14,3.430837e+08,1.021387e+07,-6.007385e+14,-1.242197e+14,-5.790102e+14,2.700152e+07,4.204930e+14,6.782117e+08,7.658419e+07,-1.667257e+16,-1.516770e+15,-1.852408e+16,1.475972e+07,7.481176e+13,3.663855e+07,1.593200e+06,4.168693e+12,1.050931e+13,1.571377e+13,1,77
2.130924e+07,9.336993e+13,2.001141e+08,1.183482e+07,4.202035e+13,-3.915376e+13,1.134437e+14,1.822102e+07,1.622607e+14,4.739442e+08,3.507469e+07,-3.576717e+15,-3.909596e+14,-2.804118e+15,8.572413e+06,1.268349e+13,3.733579e+07,1.400687e+06,6.135217e+12,-3.283397e+12,-7.433112e+12,0,91
2.757481e+07,1.912301e+14,3.285341e+08,2.192687e+07,-1.859640e+15,-3.024856e+14,-1.880402e+15,2.312015e+07,3.404794e+14,6.822793e+08,7.592909e+07,-1.537060e+16,-1.298546e+15,-1.773022e+16,9.300428e+06,1.993315e+13,1.949131e+07,1.510492e+04,-1.505797e+09,4.559623e+10,-7.632191e+09,2,62
2.902366e+07,1.447830e+14,2.647998e+08,1.291569e+07,2.523456e+13,-4.873154e+13,1.702268e+14,2.311683e+07,3.249038e+14,6.086738e+08,7.177018e+07,-1.480731e+16,-1.280941e+15,-1.052159e+16,1.111640e+07,3.755053e+13,2.953479e+07,3.561169e+05,1.144250e+12,2.132991e+12,1.169402e+11,2,81
2.960280e+07,1.822838e+14,3.192914e+08,1.726613e+07,-1.191829e+15,-2.206666e+14,-1.150626e+15,2.418741e+07,3.610604e+14,6.451045e+08,7.131233e+07,-1.322447e+16,-1.241381e+15,-1.274549e+16,1.071079e+07,2.933221e+13,2.731674e+07,1.005218e+04,3.036308e+09,4.414803e+10,4.009787e+09,2,92
2.706607e+07,1.337700e+14,2.997309e+08,1.694990e+07,-1.063945e+15,-1.840391e+14,-1.080348e+15,2.205696e+07,2.749637e+14,5.671778e+08,6.156243e+07,-1.095829e+16,-9.905631e+14,-1.076512e+16,1.049110e+07,2.568969e+13,2.277774e+07,7.038737e+04,-7.278555e+10,-3.808294e+10,-2.599131e+10,1,58
2.561912e+07,1.823554e+14,2.844774e+08,1.997667e+07,-1.475181e+15,-2.681621e+14,-1.483430e+15,2.173443e+07,3.024995e+14,5.177895e+08,5.289852e+07,-8.737553e+15,-9.191868e+14,-9.112515e+15,8.234059e+06,1.650947e+13,1.327476e+07,1.688192e+02,-7.155534e+06,6.219827e+08,-1.173347e+06,0,90
4.883161e+03,2.335723e+07,1.481591e+05,1.303838e+05,1.811836e+10,6.092925e+08,-3.665295e+09,5.181746e+03,2.510812e+07,1.338107e+05,1.315155e+05,1.744660e+10,6.508651e+08,-3.575016e+09,3.635589e+02,9.717389e+04,1.606842e+02,2.569963e+01,-5.802428e+02,-4.396849e+03,1.645149e+03,3,73
3.072398e+07,1.518338e+14,1.779913e+08,4.733530e+06,-1.860379e+13,-3.023623e+13,-1.017061e+13,2.545477e+07,3.179498e+14,7.280059e+08,1.115384e+08,-3.029381e+16,-1.929873e+15,-3.697346e+16,1.313865e+07,4.370186e+13,3.570350e+07,1.494651e+06,-1.067000e+13,-8.702544e+12,-1.983210e+12,1,78
3.465373e+07,3.282774e+14,4.519027e+08,4.197919e+07,-4.090726e+15,-6.348657e+14,-3.263049e+15,2.886618e+07,5.760018e+14,7.050651e+08,8.297981e+07,-1.954428e+16,-1.962141e+15,-2.129794e+16,1.074833e+07,3.349936e+13,1.009988e+07,3.435545e+05,3.917675e+11,-1.645375e+12,2.829469e+11,2,49
5.844439e+07,5.507096e+14,5.320310e+08,2.610091e+07,-1.929844e+15,-4.822188e+14,-1.908626e+15,4.455880e+07,1.394380e+15,9.810872e+08,1.239934e+08,-4.011297e+16,-4.421230e+15,-3.849385e+16,2.111681e+07,2.125411e+14,3.312493e+07,1.012505e+06,7.721099e+11,5.138587e+12,-6.173328e+12,1,67
2.422372e+07,1.528368e+14,2.410177e+08,1.946252e+07,-6.674610e+14,-1.769609e+14,-6.204871e+14,2.042113e+07,2.613417e+14,5.677670e+08,6.274222e+07,-1.088599e+16,-9.565324e+14,-9.462172e+15,8.058483e+06,1.450270e+13,1.555236e+07,8.299586e+04,4.507675e+10,8.497205e+10,-7.016757e+10,0,34
2.676204e+07,1.845506e+14,3.831178e+08,2.371488e+07,-1.536160e+15,-2.666144e+14,-1.396942e+15,2.258071e+07,3.170950e+14,4.748851e+08,4.013186e+07,-5.441491e+15,-7.068824e+14,-5.914324e+15,8.997927e+06,2.167421e+13,1.961560e+07,6.876831e+05,-2.453168e+12,-2.800833e+12,-2.876847e+11,0,71
2.476280e+07,6.772832e+13,1.906160e+08,5.766508e+06,-1.900567e+14,-4.738363e+13,-1.975651e+14,2.002136e+07,1.690252e+14,5.466839e+08,6.171361e+07,-1.087056e+16,-7.856591e+14,-1.014092e+16,1.179188e+07,2.270705e+13,5.523757e+07,7.725808e+04,-1.591984e+11,3.651772e+11,6.719776e+09,3,64
3.165362e+07,2.818033e+14,4.176838e+08,2.871273e+07,-3.127174e+15,-4.791819e+14,-3.040202e+15,2.624823e+07,4.916507e+14,5.577406e+08,5.598118e+07,-9.835309e+15,-1.237430e+15,-1.018062e+16,9.489859e+06,3.044970e+13,1.320823e+07,1.132808e+05,-9.269240e+10,-4.739328e+10,9.793644e+10,3,104
2.278136e+07,8.359420e+13,2.102827e+08,1.348207e+07,-1.278772e+14,-6.150425e+13,-5.325623e+13,1.899658e+07,1.672060e+14,4.639837e+08,3.354570e+07,-3.898851e+15,-4.116697e+14,-2.894981e+15,9.863256e+06,1.726517e+13,3.976295e+07,9.312586e+05,5.607147e+12,-6.493330e+11,-4.303903e+11,2,75
2.077391e+07,7.297419e+13,1.815504e+08,7.232415e+06,-1.912343e+14,-5.324541e+13,-1.912969e+14,1.718122e+07,1.476986e+14,3.676775e+08,2.096837e+07,-1.421826e+15,-2.249988e+14,-1.532672e+15,8.641538e+06,1.799499e+13,3.758944e+07,2.947693e+06,1.076452e+13,-9.309670e+12,-2.691439e+13,3,66
2.805837e+07,2.296872e+14,4.273180e+08,2.975937e+07,-2.733056e+15,-4.052310e+14,-2.474467e+15,2.347972e+07,3.930472e+14,3.820031e+08,3.186922e+07,-3.471449e+15,-6.277560e+14,-3.818631e+15,8.324487e+06,2.514489e+13,1.378220e+07,5.832013e+05,-1.563613e+12,-2.594631e+12,-3.213854e+11,0,89
2.260791e+07,1.164105e+14,2.479563e+08,2.130704e+07,-1.406615e+15,-2.188438e+14,-1.442181e+15,1.908386e+07,2.049391e+14,4.582195e+08,3.424852e+07,-4.164524e+15,-4.821976e+14,-3.831062e+15,8.295457e+06,1.332273e+13,2.146756e+07,1.479243e+06,5.395911e+12,7.913070e+11,3.414544e+12,0,32
2.625281e+07,1.922041e+14,2.693300e+08,1.996115e+07,-1.233705e+15,-2.505709e+14,-1.165566e+15,2.228372e+07,3.189075e+14,5.573664e+08,6.123528e+07,-1.023066e+16,-1.026587e+15,-1.019218e+16,8.429603e+06,1.739467e+13,1.253347e+07,3.345372e+04,1.232682e+10,-1.347126e+11,1.001848e+10,0,102
3.012637e+07,2.353635e+14,4.417937e+08,2.877546e+07,-3.153480e+15,-4.316871e+14,-3.260049e+15,2.487638e+07,4.245311e+14,6.329525e+08,7.267594e+07,-1.557457e+16,-1.496681e+15,-1.445181e+16,9.537956e+06,2.757213e+13,1.480077e+07,1.508919e+05,2.252674e+11,7.881573e+11,4.602480e+10,2,103
3.488702e+07,2.541300e+14,2.866569e+08,1.594157e+07,-2.010071e+14,-1.336038e+14,-1.051165e+14,2.806298e+07,5.204970e+14,5.972109e+08,7.241315e+07,-1.063918e+16,-1.355086e+15,-1.016665e+16,1.212850e+07,4.883042e+13,2.031541e+07,3.598782e+05,9.490128e+11,2.355017e+12,-2.070376e+11,0,5
3.379582e+07,1.826945e+14,3.563736e+08,1.924200e+07,-2.540268e+14,-1.164389e+14,1.328839e+13,2.718088e+07,4.044939e+14,5.097615e+08,4.375377e+07,-3.698167e+15,-6.528040e+14,-2.642178e+15,1.368456e+07,5.770649e+13,3.820498e+07,8.156462e+05,-4.192807e+12,-5.647750e+12,-5.485991e+11,1,59
2.809141e+07,1.145925e+14,1.664098e+08,7.764685e+06,-2.698211e+14,-8.179276e+13,-2.689603e+14,2.409798e+07,2.170538e+14,6.714055e+08,1.135374e+08,-3.045919e+16,-1.641479e+15,-3.235080e+16,1.339366e+07,3.030662e+13,4.019052e+07,3.357709e+06,3.441681e+13,-3.235916e+12,2.526380e+13,3,97
2.646049e+07,1.095967e+14,1.493377e+08,7.632098e+06,-2.500821e+14,-7.887096e+13,-2.462197e+14,2.275464e+07,2.021532e+14,6.100766e+08,9.498651e+07,-2.281772e+16,-1.344688e+15,-2.382562e+16,1.228629e+07,2.048865e+13,3.611660e+07,2.454388e+06,2.277492e+13,-6.835264e+11,5.413653e+12,0,97
3.395249e+07,3.007961e+14,4.146687e+08,2.160240e+07,-1.994786e+15,-3.696580e+14,-1.994256e+15,2.760214e+07,5.612886e+14,5.441903e+08,5.864303e+07,-1.044290e+16,-1.386547e+15,-1.029258e+16,1.026099e+07,4.073307e+13,1.464751e+07,7.781260e+05,2.475531e+12,4.724492e+12,8.083050e+11,1,88
2.120800e+07,8.499728e+13,2.140966e+08,9.396464e+06,-4.139356e+14,-8.611529e+13,-4.131037e+14,1.812062e+07,1.515958e+14,3.965271e+08,1.478435e+07,-1.115752e+15,-1.808955e+14,-1.182409e+15,8.902754e+06,1.803794e+13,4.743089e+07,6.045453e+06,6.677253e+13,-1.111303e+13,-7.216068e+13,0,66
2.631327e+07,9.763421e+13,1.604235e+08,4.038791e+06,-9.396055e+13,-3.787955e+13,-8.884207e+13,2.204154e+07,2.002642e+14,6.531199e+08,9.364132e+07,-2.308963e+16,-1.322864e+15,-2.346836e+16,1.216193e+07,2.805232e+13,4.921914e+07,4.284632e+05,8.612215e+11,-1.596777e+12,2.278866e+12,0,64
3.231761e+07,2.017786e+14,2.015775e+08,1.237110e+07,-3.860986e+14,-1.458283e+14,-3.510503e+14,2.666871e+07,3.969855e+14,7.072956e+08,9.583839e+07,-2.491722e+16,-1.907656e+15,-2.768464e+16,1.247120e+07,3.595605e+13,2.699890e+07,1.692180e+06,6.539595e+12,-6.670550e+12,6.832996e+12,1,93
3.601826e+07,3.715368e+14,3.685836e+08,2.932401e+07,-2.679352e+15,-5.246263e+14,-2.722670e+15,2.988310e+07,6.459795e+14,7.606445e+08,9.536373e+07,-2.419713e+16,-2.340364e+15,-2.388168e+16,1.061265e+07,3.824937e+13,1.077587e+07,6.638294e+05,-6.020799e+11,-4.090096e+12,1.199756e+12,3,95
3.008887e+07,2.435170e+14,2.646088e+08,1.914086e+07,-1.062377e+15,-2.591384e+14,-1.066569e+15,2.503841e+07,4.281983e+14,6.490725e+08,7.580543e+07,-1.667937e+16,-1.561988e+15,-1.459571e+16,9.435004e+06,2.601434e+13,1.280752e+07,2.547284e+05,-1.208321e+11,-1.290557e+12,3.434345e+11,1,25
2.403907e+07,1.096264e+14,2.501440e+08,1.708577e+07,-1.010121e+15,-1.720210e+14,-9.221682e+14,2.039530e+07,2.035258e+14,5.208651e+08,4.522009e+07,-6.552822e+15,-6.236282e+14,-7.956882e+15,9.940669e+06,1.735215e+13,2.677203e+07,3.653496e+05,9.672536e+10,1.103353e+12,7.897166e+11,3,53
3.024577e+07,1.305159e+14,2.889727e+08,9.249053e+06,-3.538263e+14,-9.510379e+13,-3.236754e+14,2.382443e+07,3.302576e+14,6.237863e+08,7.181249e+07,-1.396032e+16,-1.231218e+15,-1.748715e+16,1.242859e+07,4.747542e+13,3.301794e+07,1.233805e+06,4.164860e+12,7.047189e+12,1.037369e+13,0,77
3.016374e+07,1.671982e+14,3.851847e+08,1.622783e+07,-1.070294e+15,-1.891849e+14,-1.085480e+15,2.420006e+07,3.736084e+14,4.328661e+08,3.447098e+07,-3.965101e+15,-6.370335e+14,-3.181389e+15,1.127178e+07,3.897402e+13,3.203676e+07,1.520901e+06,-1.006185e+13,-5.693941e+12,2.990738e+12,0,61
4.028655e+07,3.520805e+14,4.301223e+08,2.015486e+07,-1.415074e+15,-3.296351e+14,-1.428219e+15,3.190179e+07,7.428984e+14,5.672802e+08,5.809739e+07,-1.046135e+16,-1.576575e+15,-1.181256e+16,1.315145e+07,7.030754e+13,2.451593e+07,9.114431e+05,2.406454e+12,5.914231e+12,3.812227e+12,2,68
4.394419e+07,3.535438e+14,3.285154e+08,1.617918e+07,-1.177608e+15,-3.039314e+14,-1.212716e+15,3.482322e+07,7.810202e+14,9.156200e+08,1.199389e+08,-3.911828e+16,-3.319587e+15,-4.079478e+16,1.602597e+07,9.570812e+13,2.157684e+07,1.358348e+06,-7.257132e+12,-1.177365e+13,1.827207e+12,2,47
3.329903e+07,2.853252e+14,3.511337e+08,2.498952e+07,-2.237612e+15,-4.112683e+14,-2.296456e+15,2.739137e+07,5.199277e+14,7.026757e+08,8.319159e+07,-1.963105e+16,-1.869449e+15,-1.931570e+16,1.049980e+07,3.653602e+13,1.793029e+07,3.240061e+05,2.619989e+11,-1.633215e+12,5.061677e+11,0,41
2.515584e+07,1.699985e+14,3.155692e+08,2.218635e+07,-1.686014e+15,-2.743707e+14,-1.589401e+15,2.150184e+07,2.790744e+14,4.739398e+08,4.203945e+07,-5.871911e+15,-6.986211e+14,-6.186193e+15,8.463988e+06,1.774490e+13,1.667260e+07,1.627597e+05,1.538217e+11,-5.044305e+11,-1.745879e+11,1,71
3.668928e+07,3.364535e+14,4.376648e+08,2.503081e+07,-2.383946e+15,-4.411154e+14,-2.294839e+15,2.971604e+07,6.421408e+14,6.903512e+08,7.727976e+07,-1.784835e+16,-1.958168e+15,-1.908440e+16,1.137741e+07,4.874026e+13,1.697858e+07,4.262332e+05,1.146327e+12,2.973880e+12,2.384549e+10,2,88
3.690200e+07,3.807026e+14,2.248228e+08,2.218083e+07,2.527183e+13,-1.657357e+14,2.602694e+14,3.057934e+07,6.669430e+14,6.012082e+08,7.265255e+07,-1.239744e+16,-1.652817e+15,-9.503094e+15,1.107749e+07,4.049321e+13,1.719311e+07,4.316581e+05,1.109092e+12,-1.154614e+12,2.713148e+10,0,72
3.191308e+07,2.098318e+14,2.574703e+08,1.513689e+07,-8.369288e+14,-2.051945e+14,-8.581068e+14,2.634066e+07,4.024411e+14,7.125837e+08,9.889010e+07,-2.600924e+16,-1.972580e+15,-2.443647e+16,1.185548e+07,3.769174e+13,2.554409e+07,1.369142e+06,2.892186e+12,-6.298138e+12,6.801853e+12,1,87
2.922870e+07,1.352291e+14,1.832350e+08,9.157690e+06,-3.515395e+14,-1.032205e+14,-3.450883e+14,2.510631e+07,2.482975e+14,6.970637e+08,1.220484e+08,-3.490545e+16,-1.903195e+15,-3.422138e+16,1.347753e+07,3.923398e+13,3.421046e+07,4.014249e+06,3.297437e+13,-7.283751e+12,4.273553e+13,2,97
3.757478e+07,2.842339e+14,3.058445e+08,1.710172e+07,-1.122901e+15,-2.712664e+14,-1.154687e+15,3.129610e+07,5.361911e+14,8.998303e+08,1.339082e+08,-4.648136e+16,-3.100489e+15,-4.277909e+16,1.443870e+07,6.751158e+13,2.810435e+07,1.857604e+06,2.150383e+12,-1.147302e+13,1.506834e+13,2,87
2.465379e+07,1.459232e+14,2.380764e+08,1.406350e+07,-5.906301e+14,-1.455668e+14,-5.875237e+14,2.100016e+07,2.532873e+14,5.016526e+08,4.238836e+07,-6.109714e+15,-6.684589e+14,-4.998126e+15,8.920756e+06,1.747161e+13,2.474440e+07,2.322599e+05,4.049211e+11,-6.024344e+11,-3.485706e+11,0,92
4.190610e+07,3.844065e+14,2.671586e+08,2.644552e+07,2.933272e+14,-1.587708e+14,7.524476e+14,3.367445e+07,7.960230e+14,5.870988e+08,6.768503e+07,-1.287481e+16,-1.859211e+15,-7.565851e+15,1.406994e+07,6.806192e+13,2.258498e+07,6.985759e+05,2.172972e+12,-3.769568e+12,7.025534e+11,2,72
3.585335e+07,2.782726e+14,3.702628e+08,2.129934e+07,-1.131513e+15,-2.654623e+14,-1.041852e+15,2.934651e+07,5.566315e+14,7.898106e+08,9.517403e+07,-2.554781e+16,-2.216704e+15,-1.898665e+16,1.266956e+07,5.102521e+13,2.781703e+07,2.127926e+05,-4.797836e+11,-8.221041e+11,-3.231611e+11,0,99
2.397521e+07,1.171544e+14,2.823110e+08,1.883372e+07,-6.826016e+14,-1.414994e+14,-6.000774e+14,2.014599e+07,2.146745e+14,4.232451e+08,2.915637e+07,-2.286957e+15,-3.495956e+14,-1.817484e+15,9.326046e+06,2.151695e+13,3.138995e+07,1.699976e+06,9.386577e+12,-4.039666e+12,-7.642585e+12,1,37
3.287112e+07,2.847703e+14,5.432605e+08,4.375291e+07,-1.411909e+15,-3.874564e+14,-5.844749e+14,2.696133e+07,5.193542e+14,6.285940e+08,7.665460e+07,-1.104930e+16,-1.394766e+15,-7.439237e+15,1.009049e+07,3.495022e+13,1.258661e+07,5.035319e+05,1.239250e+12,2.918781e+12,-3.072851e+11,0,1
4.014756e+07,3.376848e+14,5.559248e+08,3.290831e+07,-2.858912e+15,-5.001282e+14,-2.393200e+15,3.142547e+07,7.349556e+14,5.933822e+08,6.727834e+07,-1.267772e+16,-1.755908e+15,-1.345849e+16,1.306068e+07,7.973528e+13,1.855982e+07,9.921698e+05,3.824244e+12,8.662984e+12,2.969474e+12,1,68
3.559379e+07,2.107158e+14,3.642240e+08,1.356499e+07,-4.252313e+14,-1.363248e+14,-3.871185e+14,2.803318e+07,4.919578e+14,7.041456e+08,8.371176e+07,-2.023635e+16,-1.854040e+15,-1.696611e+16,1.351953e+07,6.209438e+13,3.257017e+07,1.340968e+06,8.496155e+12,1.049526e+13,6.337043e+12,0,80
2.714942e+07,1.647498e+14,3.596671e+08,1.862988e+07,-1.505607e+15,-2.385456e+14,-1.486917e+15,2.219546e+07,3.160250e+14,4.152147e+08,3.171465e+07,-3.635427e+15,-5.637935e+14,-3.803083e+15,9.372345e+06,2.717451e+13,2.458593e+07,1.524657e+06,-7.328825e+12,-7.651026e+12,-6.002484e+12,3,61
2.567225e+07,1.515652e+14,1.889466e+08,1.532432e+07,-7.717854e+14,-1.817962e+14,-7.191825e+14,2.183932e+07,2.607382e+14,5.915771e+08,6.889349e+07,-1.353639e+16,-1.094148e+15,-1.364205e+16,9.528152e+06,1.477374e+13,2.051083e+07,9.358235e+05,3.024799e+12,3.592660e+11,-2.314228e+12,2,93
3.538164e+07,2.339547e+14,2.266516e+08,1.072734e+07,-4.907187e+14,-1.558320e+14,-5.012576e+14,2.862722e+07,4.865474e+14,7.233419e+08,9.552144e+07,-2.428914e+16,-2.064183e+15,-2.472507e+16,1.334209e+07,5.310756e+13,2.853983e+07,7.724007e+05,-1.270029e+11,-5.185842e+12,3.413842e+12,0,35
2.801028e+07,2.068079e+14,3.251103e+08,2.244949e+07,-1.889931e+15,-3.205092e+14,-1.836990e+15,2.342018e+07,3.608947e+14,6.312970e+08,6.670873e+07,-1.306179e+16,-1.232975e+15,-1.273631e+16,9.039996e+06,2.134507e+13,1.954230e+07,3.302844e+04,-2.452972e+10,1.362298e+11,1.143073e+10,0,8
5.483475e+07,4.994441e+14,4.754356e+08,2.395056e+07,-2.129007e+15,-4.900104e+14,-1.991202e+15,4.210466e+07,1.234024e+15,9.274332e+08,1.159090e+08,-3.793886e+16,-4.068820e+15,-4.049971e+16,1.975648e+07,1.765526e+14,3.113641e+07,8.945370e+05,-3.888599e+12,-5.081146e+12,-2.389890e+12,2,67
3.082326e+07,2.524395e+14,3.123052e+08,1.885758e+07,-1.444440e+15,-2.993044e+14,-1.436859e+15,2.608628e+07,4.255234e+14,7.010196e+08,7.648638e+07,-1.755663e+16,-1.571377e+15,-1.720981e+16,1.019796e+07,2.384984e+13,1.968452e+07,5.363638e+04,-5.507134e+10,-1.107613e+11,1.016466e+10,2,102
3.372914e+07,2.177494e+14,4.648244e+08,2.833880e+07,-3.250709e+15,-4.178938e+14,-3.024852e+15,2.714237e+07,4.552964e+14,6.617808e+08,6.885871e+07,-1.444256e+16,-1.455696e+15,-1.455592e+16,1.239171e+07,4.385058e+13,2.555147e+07,6.287340e+04,-6.578615e+10,-7.592094e+10,4.585971e+10,1,52
2.633403e+07,1.898369e+14,2.934785e+08,1.894045e+07,-1.398710e+15,-2.593251e+14,-1.364198e+15,2.261269e+07,3.201570e+14,6.095730e+08,6.260095e+07,-8.758439e+15,-9.225755e+14,-1.191274e+16,8.844823e+06,1.456274e+13,2.058971e+07,4.147329e+04,2.443954e+10,3.251255e+10,2.311296e+10,3,62
3.259595e+07,2.398028e+14,3.624447e+08,2.807763e+07,-2.009832e+15,-3.579543e+14,-1.966619e+15,2.674906e+07,4.570786e+14,6.766247e+08,7.656052e+07,-1.708047e+16,-1.615859e+15,-1.394129e+16,1.126458e+07,3.422547e+13,1.849579e+07,1.755124e+05,2.694384e+11,-7.335619e+11,8.731362e+10,0,45
2.649616e+07,1.880214e+14,3.270939e+08,2.408147e+07,-2.101498e+15,-3.245302e+14,-2.174231e+15,2.247530e+07,3.142498e+14,5.456069e+08,5.927356e+07,-1.044269e+16,-1.037850e+15,-1.028263e+16,8.770754e+06,1.762165e+13,1.380780e+07,9.532139e+04,4.005784e+09,-3.998117e+11,6.202864e+10,1,90
3.093837e+07,2.322475e+14,4.184653e+08,2.617972e+07,-2.594475e+15,-3.889745e+14,-2.505319e+15,2.542723e+07,4.309184e+14,6.090299e+08,6.658065e+07,-1.335808e+16,-1.379539e+15,-1.392465e+16,1.018848e+07,3.069917e+13,1.760002e+07,1.424094e+05,6.707469e+10,4.289899e+11,2.342887e+11,3,103
3.485570e+07,2.605946e+14,5.574403e+08,3.519442e+07,-4.795932e+15,-5.632781e+14,-4.852390e+15,2.795321e+07,5.330476e+14,6.217693e+08,6.823226e+07,-1.389237e+16,-1.564677e+15,-1.496619e+16,1.181296e+07,4.773602e+13,1.797141e+07,3.573730e+05,4.713217e+11,1.690080e+12,9.351961e+11,0,103
3.024269e+07,1.759939e+14,4.266257e+08,2.205265e+07,-1.246568e+15,-2.267869e+14,-1.192136e+15,2.427937e+07,3.815451e+14,4.649658e+08,3.799092e+07,-5.047373e+15,-7.415331e+14,-3.657547e+15,1.101310e+07,3.821454e+13,3.066792e+07,1.264826e+06,-7.763565e+12,-5.136717e+12,9.167910e+11,2,61
3.532192e+07,2.833174e+14,3.902366e+08,2.301735e+07,-2.091702e+15,-3.789341e+14,-2.003820e+15,2.880226e+07,5.453772e+14,7.827612e+08,9.098269e+07,-2.390758e+16,-2.104621e+15,-2.415903e+16,1.197032e+07,4.322656e+13,2.144450e+07,2.321251e+05,-4.731245e+11,-6.766607e+11,-1.281718e+11,0,84
3.920373e+07,4.199238e+14,4.325466e+08,3.033232e+07,-3.469566e+15,-6.208745e+14,-3.126606e+15,3.246130e+07,7.575536e+14,8.601104e+08,1.104044e+08,-3.166290e+16,-2.911291e+15,-3.826533e+16,1.199093e+07,4.922311e+13,1.409154e+07,1.258851e+06,-3.448097e+12,-8.822228e+12,3.558251e+12,2,95
3.584167e+07,1.990033e+14,3.172053e+08,1.652058e+07,-9.937658e+14,-2.142640e+14,-1.004300e+15,2.842673e+07,4.636712e+14,7.211596e+08,9.387977e+07,-2.368675e+16,-1.974857e+15,-2.296831e+16,1.432166e+07,7.139928e+13,2.932768e+07,2.256852e+05,-4.739538e+11,-1.855978e+12,2.994224e+11,0,4
2.253162e+07,1.076268e+14,2.486041e+08,1.603063e+07,-6.166266e+14,-1.228447e+14,-6.057002e+14,1.885422e+07,1.961234e+14,4.132138e+08,2.902058e+07,-3.020629e+15,-3.930122e+14,-2.566816e+15,8.531657e+06,1.803464e+13,2.781339e+07,1.217891e+06,5.763865e+12,-2.666202e+12,-4.073722e+12,2,54
4.479237e+07,6.045961e+14,5.606443e+08,4.393086e+07,-6.738692e+15,-1.065750e+15,-6.422819e+15,3.698426e+07,1.058779e+15,8.651064e+08,1.054217e+08,-3.120175e+16,-3.392058e+15,-3.519044e+16,1.239586e+07,6.232271e+13,1.058957e+07,9.084256e+05,-2.652206e+12,-6.532875e+12,1.057354e+12,1,86
2.605974e+07,1.609405e+14,2.264928e+08,1.734333e+07,-8.140099e+14,-1.888437e+14,-7.624263e+14,2.184838e+07,2.879670e+14,5.610300e+08,6.042946e+07,-1.108728e+16,-1.023508e+15,-1.251980e+16,9.169272e+06,1.780631e+13,1.775867e+07,2.242730e+05,2.247253e+11,2.483563e+11,-3.177564e+11,1,44
3.444423e+07,1.768849e+14,3.404938e+08,1.407140e+07,-1.948649e+14,-9.447941e+13,-8.526013e+13,2.728886e+07,4.201822e+14,5.178148e+08,4.423245e+07,-6.056620e+15,-8.589736e+14,-4.560709e+15,1.400361e+07,6.027504e+13,3.980377e+07,9.477403e+05,-3.979452e+12,-1.985755e+12,4.010644e+12,0,59
3.358298e+07,3.403297e+14,4.328374e+08,2.952214e+07,-3.145861e+15,-5.317161e+14,-2.726092e+15,2.790011e+07,5.972982e+14,5.816518e+08,6.276269e+07,-1.143442e+16,-1.492167e+15,-1.418240e+16,9.499769e+06,3.240412e+13,1.340026e+07,1.951918e+05,-1.281629e+11,1.922208e+11,-2.038906e+11,2,100
3.645517e+07,4.087443e+14,3.895706e+08,3.179175e+07,-1.604309e+15,-4.374014e+14,-1.438927e+15,3.067182e+07,6.819978e+14,8.492607e+08,1.068084e+08,-3.165642e+16,-2.766195e+15,-2.506291e+16,1.046487e+07,3.529283e+13,1.308308e+07,8.564116e+05,-1.928920e+12,-5.042372e+12,1.938092e+12,1,46
2.871718e+07,1.702062e+14,1.747903e+08,1.194490e+07,-5.228866e+14,-1.520186e+14,-5.329588e+14,2.376790e+07,3.312728e+14,5.458058e+08,5.386803e+07,-8.575449e+15,-9.333691e+14,-7.633048e+15,1.072207e+07,2.451929e+13,2.818671e+07,5.447747e+05,-1.684030e+12,2.588218e+12,-5.441996e+11,1,42
2.338159e+07,1.119228e+14,2.835883e+08,1.629825e+07,-8.535224e+14,-1.455360e+14,-8.569429e+14,1.930482e+07,2.148907e+14,4.030396e+08,3.191655e+07,-2.795732e+15,-4.056204e+14,-2.836849e+15,8.756575e+06,2.004641e+13,2.629788e+07,1.027842e+06,6.854587e+11,-4.155092e+12,-4.773487e+12,2,37
3.048693e+07,2.327978e+14,2.077542e+08,1.826995e+07,-8.675359e+14,-2.373138e+14,-8.662746e+14,2.741405e+07,3.377625e+14,9.290320e+08,1.583954e+08,-5.758742e+16,-2.778255e+15,-5.624121e+16,1.216056e+07,2.653075e+13,2.253755e+07,5.612852e+06,6.082704e+13,4.573455e+12,2.528557e+13,1,36
2.806355e+07,2.321692e+14,3.561133e+08,2.735057e+07,-2.695468e+15,-4.165221e+14,-2.731002e+15,2.376844e+07,3.815013e+14,5.297338e+08,5.420463e+07,-9.142401e+15,-1.055966e+15,-9.172732e+15,8.532464e+06,2.031753e+13,1.018039e+07,2.043911e+03,2.878960e+08,8.919543e+09,-1.607384e+07,1,63
2.743282e+07,1.583230e+14,2.304648e+08,1.830776e+07,-2.106998e+14,-1.212329e+14,-1.356734e+14,2.269913e+07,3.006506e+14,6.344750e+08,7.398756e+07,-1.539810e+16,-1.252392e+15,-1.246406e+16,1.012690e+07,2.269704e+13,2.269483e+07,2.792624e+05,6.984488e+11,-3.121366e+11,-1.527849e+11,1,65
3.044191e+07,1.472891e+14,2.624593e+08,1.257173e+07,-5.781759e+14,-1.399752e+14,-5.701664e+14,2.455598e+07,3.290888e+14,6.134533e+08,6.638013e+07,-1.318353e+16,-1.189500e+15,-1.484799e+16,1.242330e+07,3.508109e+13,2.795915e+07,6.860706e+04,-5.121489e+10,6.774586e+10,-6.232332e+10,3,58
2.849547e+07,1.659740e+14,2.426334e+08,1.792409e+07,-8.610850e+14,-1.977510e+14,-8.609876e+14,2.367768e+07,3.146201e+14,6.720482e+08,7.458922e+07,-1.668429e+16,-1.322474e+15,-1.481041e+16,1.079663e+07,2.336962e+13,2.669374e+07,4.425928e+05,-1.689264e+11,1.502900e+12,-1.237862e+12,0,65
2.461291e+07,1.103548e+14,2.733500e+08,1.583259e+07,-9.569688e+14,-1.569714e+14,-9.487527e+14,2.049457e+07,2.150915e+14,5.891941e+08,6.033775e+07,-1.016365e+16,-8.273649e+14,-1.123035e+16,1.001993e+07,1.758603e+13,2.856960e+07,8.970657e+04,9.566352e+10,6.328221e+10,8.938979e+10,1,53
3.568295e+07,3.295957e+14,4.060886e+08,2.417609e+07,-2.355145e+15,-4.339331e+14,-2.239206e+15,2.915778e+07,6.096252e+14,6.351405e+08,6.619906e+07,-1.352201e+16,-1.632189e+15,-1.394752e+16,1.100302e+07,4.259618e+13,1.938081e+07,1.389316e+05,7.948465e+10,6.755057e+11,1.869331e+11,0,7
3.018526e+07,2.500813e+14,4.040055e+08,2.962038e+07,-2.956516e+15,-4.402401e+14,-2.753109e+15,2.524718e+07,4.303523e+14,5.712856e+08,5.811865e+07,-1.037449e+16,-1.190687e+15,-1.083356e+16,9.443682e+06,2.643306e+13,1.339625e+07,2.502277e+04,1.443258e+10,1.286383e+11,-3.635820e+09,1,60
2.479489e+07,1.576467e+14,3.469810e+08,2.377779e+07,-2.154405e+15,-2.972598e+14,-2.256515e+15,2.084525e+07,2.741871e+14,4.840158e+08,4.768342e+07,-7.160543e+15,-7.838752e+14,-6.531397e+15,8.290071e+06,1.601618e+13,1.508988e+07,2.299949e+05,-1.202517e+11,-9.203586e+11,-4.429946e+11,0,3
2.754400e+07,1.711074e+14,1.641403e+08,1.364286e+07,2.548524e+14,-1.133762e+13,4.141746e+14,2.329623e+07,2.998499e+14,6.842010e+08,8.707213e+07,-1.932506e+16,-1.419437e+15,-1.467498e+16,1.024759e+07,2.037984e+13,2.902459e+07,3.043788e+05,6.912023e+11,3.265971e+11,-5.688107e+11,1,33
3.935469e+07,2.061769e+14,3.562950e+08,1.095925e+07,-5.470825e+14,-1.423300e+14,-5.340775e+14,3.056797e+07,5.414594e+14,8.125229e+08,1.077883e+08,-3.109179e+16,-2.471276e+15,-3.537326e+16,1.620912e+07,1.000462e+14,3.544482e+07,1.680363e+06,1.096776e+13,1.427050e+13,-1.529350e+12,3,80
2.703378e+07,1.720107e+14,3.120474e+08,1.845987e+07,-1.400669e+15,-2.420954e+14,-1.374536e+15,2.217962e+07,3.234945e+14,5.494663e+08,5.858400e+07,-1.041276e+16,-1.047859e+15,-1.091242e+16,9.064613e+06,2.357836e+13,1.697149e+07,5.227027e+04,3.255375e+10,2.171815e+11,3.200491e+10,3,83
2.290592e+07,9.958451e+13,1.878410e+08,1.298013e+07,-6.345961e+14,-1.281271e+14,-6.268296e+14,1.906105e+07,1.912400e+14,5.003569e+08,6.291821e+07,-1.099285e+16,-8.601032e+14,-1.146001e+16,9.101568e+06,1.478465e+13,2.005062e+07,7.875996e+05,3.125037e+12,-1.065650e+12,-5.791779e+11,2,78
4.486596e+07,4.114051e+14,5.199137e+08,2.198114e+07,-2.229941e+15,-4.353218e+14,-2.275677e+15,3.487139e+07,9.166243e+14,5.725861e+08,5.945144e+07,-1.095966e+16,-1.798479e+15,-1.120490e+16,1.459030e+07,9.989832e+13,2.400179e+07,1.767476e+06,9.467474e+12,1.618483e+13,6.563651e+12,0,68
3.461758e+07,1.723151e+14,3.604706e+08,1.872785e+07,-1.535241e+15,-2.435373e+14,-1.595365e+15,2.721909e+07,4.233188e+14,5.937648e+08,5.791719e+07,-9.334087e+15,-1.108365e+15,-1.049499e+16,1.411774e+07,5.668300e+13,3.366131e+07,1.334678e+05,-1.391049e+11,-9.788074e+11,-2.038987e+11,0,19
3.125531e+07,2.770896e+14,4.928487e+08,3.355587e+07,-3.140819e+15,-4.735478e+14,-2.556841e+15,2.584047e+07,4.883967e+14,4.961520e+08,4.797794e+07,-6.774062e+15,-1.009198e+15,-7.109793e+15,9.195099e+06,3.062950e+13,1.436805e+07,4.425827e+05,-3.626400e+11,4.540927e+11,9.347078e+11,1,89
3.416685e+07,2.447395e+14,2.471552e+08,1.655163e+07,-4.136479e+14,-1.664866e+14,-3.699974e+14,2.870267e+07,4.542323e+14,7.863876e+08,1.208999e+08,-2.752124e+16,-2.124125e+15,-3.038853e+16,1.307671e+07,5.267594e+13,2.671966e+07,1.513634e+06,5.599293e+12,-5.288830e+12,9.085815e+12,1,35
1.781346e+07,6.493563e+13,1.535803e+08,1.175810e+07,-3.080708e+14,-7.510925e+13,-3.033567e+14,1.564767e+07,1.044848e+14,4.045436e+08,2.648673e+07,-2.486192e+15,-2.562554e+14,-2.268724e+15,7.591679e+06,9.720977e+12,3.328270e+07,2.274592e+06,1.320539e+13,4.408225e+12,7.871053e+12,2,94
3.552482e+07,2.549005e+14,3.068776e+08,1.888400e+07,-9.451979e+14,-2.444326e+14,-9.356376e+14,2.925076e+07,4.947366e+14,8.257896e+08,1.172282e+08,-3.594259e+16,-2.585091e+15,-3.289479e+16,1.329145e+07,5.059036e+13,2.514237e+07,1.456729e+06,-5.457850e+10,-9.216386e+12,8.968626e+12,0,87
3.132964e+07,2.379674e+14,2.950198e+08,2.252829e+07,-1.835663e+15,-3.475025e+14,-1.839828e+15,2.604465e+07,4.290099e+14,7.172113e+08,9.082341e+07,-2.309904e+16,-1.877785e+15,-2.350307e+16,1.061947e+07,2.926394e+13,1.785228e+07,1.093024e+06,3.612380e+12,-3.405699e+12,1.494161e+12,0,22
3.382736e+07,3.080327e+14,3.828410e+08,2.448982e+07,-1.497005e+15,-3.434125e+14,-1.336895e+15,2.751182e+07,5.694813e+14,6.038038e+08,7.169431e+07,-1.363256e+16,-1.630482e+15,-1.401499e+16,9.964943e+06,4.085698e+13,1.074427e+07,5.366177e+05,1.283183e+12,3.416971e+12,1.526771e+11,0,88
2.196410e-01,4.824217e-02,5.124064e-33,5.119655e-33,2.622215e-65,1.124486e-33,-2.835145e-66,2.958671e-01,8.753735e-02,5.524028e-31,2.473178e-31,8.591443e-62,4.983647e-32,3.882582e-62,7.699409e-02,5.928089e-03,3.600311e-32,3.588678e-32,1.289947e-63,2.760380e-33,1.077065e-63,1,73
2.664547e+07,8.384050e+13,2.120971e+08,1.438484e+07,-4.696933e+14,-9.992107e+13,-4.631762e+14,2.150024e+07,2.070713e+14,5.953809e+08,7.162176e+07,-1.177596e+16,-8.909454e+14,-1.264580e+16,1.236195e+07,2.983316e+13,3.922625e+07,7.235315e+05,-3.093787e+12,3.939482e+12,-2.262653e+12,0,38
2.856892e+07,1.497975e+14,3.659546e+08,2.090424e+07,-1.615243e+15,-2.372489e+14,-1.457807e+15,2.307930e+07,3.176757e+14,5.343105e+08,4.621482e+07,-7.262072e+15,-8.235704e+14,-8.028478e+15,1.084185e+07,3.123248e+13,3.005412e+07,5.067355e+05,-2.351737e+11,-2.827499e+12,-1.778585e+12,3,51
2.843833e+07,2.068955e+14,3.949338e+08,3.807503e+07,-3.533974e+15,-4.770511e+14,-3.541551e+15,2.404959e+07,3.527732e+14,5.607197e+08,5.724476e+07,-9.777088e+15,-1.043438e+15,-8.331101e+15,9.665912e+06,2.192060e+13,1.407373e+07,2.990261e+05,-5.421093e+11,1.247204e+12,-6.818907e+10,0,48
3.942136e+07,3.423943e+14,5.473836e+08,4.065956e+07,-2.030578e+15,-4.378840e+14,-1.145592e+15,3.180510e+07,6.972328e+14,8.256141e+08,9.912227e+07,-2.808265e+16,-2.601311e+15,-3.194664e+16,1.332272e+07,7.089001e+13,1.389957e+07,7.995651e+05,2.194181e+12,5.813352e+12,-4.727950e+11,3,98
2.963308e+07,1.323078e+14,2.924471e+08,1.289819e+07,-6.069738e+14,-1.264403e+14,-6.061692e+14,2.388803e+07,2.975516e+14,5.006967e+08,3.321481e+07,-3.980091e+15,-5.502603e+14,-3.517850e+15,1.238828e+07,4.256811e+13,4.641432e+07,1.452896e+06,2.787450e+12,-8.350673e+12,-8.795488e+12,1,54
3.195960e+07,3.195282e+14,4.179063e+08,3.541895e+07,-2.635814e+15,-5.058865e+14,-2.278543e+15,2.681546e+07,5.473672e+14,6.238412e+08,6.923275e+07,-1.427672e+16,-1.611261e+15,-1.728206e+16,8.940195e+06,2.648485e+13,1.109635e+07,1.842671e+05,-1.599010e+11,-8.921965e+11,1.893175e+11,1,100
2.960668e+07,2.414392e+14,3.605573e+08,2.863362e+07,-1.755798e+15,-3.541680e+14,-1.694747e+15,2.485715e+07,4.133309e+14,7.361557e+08,8.742431e+07,-2.159107e+16,-1.752017e+15,-1.813398e+16,9.320122e+06,2.343259e+13,1.526102e+07,1.401783e+05,6.648938e+10,-6.119523e+11,1.810829e+11,1,0
3.538481e+07,2.930571e+14,3.726792e+08,3.641003e+07,-2.612428e+15,-4.893873e+14,-2.548593e+15,2.959449e+07,5.250186e+14,7.254211e+08,8.476286e+07,-1.991784e+16,-1.876477e+15,-1.691395e+16,1.248035e+07,3.431491e+13,1.577812e+07,8.769989e+05,2.862124e+12,-3.232407e+12,9.734183e+09,1,12
3.707721e+07,3.272763e+14,2.152737e+08,1.500654e+07,-8.427892e+14,-2.692271e+14,-8.076048e+14,3.020450e+07,6.232217e+14,5.968398e+08,6.497840e+07,-1.263229e+16,-1.611457e+15,-1.261926e+16,1.211378e+07,4.726180e+13,2.142587e+07,3.094287e+05,2.823160e+11,8.825715e+11,-5.668303e+11,3,72
3.061529e+07,2.363688e+14,2.670159e+08,1.389771e+07,-8.461017e+14,-2.136605e+14,-8.341195e+14,2.554682e+07,4.178824e+14,6.485690e+08,7.587805e+07,-1.680066e+16,-1.548515e+15,-1.673742e+16,1.017698e+07,2.809367e+13,1.872058e+07,8.572555e+04,7.453454e+10,3.263444e+11,-7.774975e+10,2,85
4.158649e+07,4.278268e+14,6.507953e+08,4.209350e+07,-6.779404e+15,-8.510912e+14,-6.476732e+15,3.371255e+07,8.152995e+14,7.741525e+08,8.928697e+07,-2.345648e+16,-2.546985e+15,-2.473504e+16,1.304039e+07,7.042035e+13,9.620619e+06,1.654846e+06,6.105586e+12,1.310221e+13,7.957482e+12,0,98
2.753079e+07,2.060517e+14,3.126075e+08,2.500526e+07,-2.209538e+15,-3.582640e+14,-2.119970e+15,2.351713e+07,3.377709e+14,6.876164e+08,7.506378e+07,-1.678891e+16,-1.365328e+15,-1.658702e+16,9.163958e+06,1.626871e+13,2.090659e+07,4.600707e+05,7.529692e+11,4.852020e+11,-8.866775e+11,0,11
2.712602e+07,1.139676e+14,2.382456e+08,8.785694e+06,-3.572929e+14,-8.549463e+13,-3.680508e+14,2.182546e+07,2.549755e+14,4.810224e+08,3.404262e+07,-4.273211e+15,-5.375547e+14,-3.922290e+15,1.116311e+07,3.428719e+13,4.286128e+07,1.759492e+06,-1.948429e+11,-9.558087e+12,-1.409396e+13,2,50
3.612767e+07,3.349809e+14,4.706666e+08,3.180478e+07,-3.887599e+15,-5.820414e+14,-4.053423e+15,2.950221e+07,6.246249e+14,7.241097e+08,8.000085e+07,-1.898070e+16,-1.980471e+15,-1.748912e+16,1.121870e+07,4.429430e+13,1.618770e+07,7.143070e+04,3.810481e+10,3.162859e+11,-6.417165e+10,1,104
2.768657e+07,1.971724e+14,3.174104e+08,2.737894e+07,-2.552065e+15,-3.841391e+14,-2.576723e+15,2.364763e+07,3.335134e+14,5.616143e+08,5.898186e+07,-9.040845e+15,-9.763495e+14,-1.095441e+16,9.618959e+06,1.958091e+13,1.427755e+07,2.719491e+05,-4.086842e+11,9.005256e+11,-1.714115e+11,2,48
3.694529e+07,3.560871e+14,4.767514e+08,3.986450e+07,-5.099644e+15,-7.195193e+14,-4.965175e+15,3.050740e+07,6.516279e+14,7.095892e+08,8.141779e+07,-1.882306e+16,-2.029910e+15,-2.214613e+16,1.164506e+07,4.170148e+13,1.082508e+07,2.699892e+05,-8.060560e+09,-1.737742e+12,3.198004e+11,0,49
2.403503e+07,1.101426e+14,2.629930e+08,1.414981e+07,-8.631332e+14,-1.481146e+14,-8.828122e+14,1.968382e+07,2.200186e+14,3.596559e+08,2.100541e+07,-1.809469e+15,-3.104606e+14,-1.818551e+15,9.202029e+06,2.495588e+13,2.905515e+07,2.141429e+06,7.021515e+12,-8.229352e+12,-1.349267e+13,1,50
4.084603e+07,3.458706e+14,3.596500e+08,2.112768e+07,-1.376596e+15,-3.357848e+14,-1.378041e+15,3.349101e+07,6.743279e+14,9.987654e+08,1.399147e+08,-4.960521e+16,-3.503035e+15,-4.994762e+16,1.492033e+07,8.645279e+13,2.301301e+07,1.448600e+06,-4.940800e+12,-1.316058e+13,6.796334e+12,3,47
2.891345e+07,1.791249e+14,3.498606e+08,1.963209e+07,-1.620332e+15,-2.621128e+14,-1.611411e+15,2.397085e+07,3.462099e+14,5.999260e+08,6.152746e+07,-9.247419e+15,-9.939169e+14,-1.173346e+16,1.058825e+07,2.608578e+13,2.662592e+07,4.716843e+04,-4.969889e+10,-1.966307e+11,-1.263699e+10,2,52
2.493931e+07,1.820416e+14,2.777842e+08,2.003730e+07,-1.459011e+15,-2.647115e+14,-1.478691e+15,2.143547e+07,2.888442e+14,5.253723e+08,5.471644e+07,-9.010408e+15,-9.129670e+14,-9.163284e+15,7.957640e+06,1.372832e+13,1.296804e+07,8.549407e+03,2.722602e+09,-1.433418e+10,-1.061801e+09,2,90
2.896849e+07,1.413779e+14,3.088615e+08,1.818031e+07,-1.339425e+15,-2.144514e+14,-1.296617e+15,2.353825e+07,3.030624e+14,5.822600e+08,6.039787e+07,-1.107766e+16,-1.034696e+15,-1.225541e+16,1.164917e+07,3.078303e+13,2.507714e+07,1.805944e+04,3.736217e+09,-9.903538e+10,7.826909e+09,2,58
3.551704e+07,2.675979e+14,2.830982e+08,2.032143e+07,-5.783348e+13,-1.515342e+14,3.255476e+13,2.898852e+07,5.233194e+14,8.322147e+08,1.148196e+08,-3.260922e+16,-2.490439e+15,-2.837927e+16,1.264126e+07,5.567939e+13,1.806509e+07,1.129809e+06,-3.873168e+12,-8.417833e+12,3.332726e+12,3,69
3.391995e+07,2.590834e+14,3.999694e+08,3.236984e+07,-2.664573e+15,-4.405639e+14,-2.663336e+15,2.753979e+07,5.051218e+14,6.488591e+08,7.181841e+07,-1.546328e+16,-1.610525e+15,-1.362042e+16,1.147294e+07,4.131431e+13,1.288816e+07,1.748295e+05,-1.374555e+11,-1.085937e+12,1.553011e+11,2,63
4.076775e+07,3.795028e+14,6.583111e+08,4.674722e+07,-7.922545e+15,-8.898146e+14,-7.534871e+15,3.278582e+07,7.547497e+14,8.264354e+08,9.747825e+07,-2.765671e+16,-2.676262e+15,-2.941572e+16,1.330722e+07,7.904825e+13,9.549479e+06,8.796250e+05,2.440297e+12,7.740676e+12,2.776137e+12,2,98
3.032686e+07,2.215783e+14,3.895536e+08,2.111249e+07,-1.884767e+15,-3.128656e+14,-1.906169e+15,2.451628e+07,4.284406e+14,4.883301e+08,4.437858e+07,-6.429918e+15,-9.112810e+14,-6.315031e+15,9.632909e+06,3.453735e+13,2.043918e+07,6.945996e+05,-2.523994e+12,-1.887246e+12,7.313915e+11,1,40
3.200919e+07,2.267013e+14,2.362056e+08,1.006027e+07,-3.725680e+14,-1.293921e+14,-3.724201e+14,2.649853e+07,4.282005e+14,7.012870e+08,8.646467e+07,-2.111024e+16,-1.778972e+15,-1.816706e+16,1.144537e+07,3.352580e+13,2.769862e+07,2.990252e+05,-8.587934e+11,-1.189669e+12,-1.056866e+11,3,85
2.434940e+07,9.643870e+13,1.698007e+08,6.586657e+06,-9.358824e+13,-4.422883e+13,-8.411308e+13,1.989879e+07,2.044189e+14,4.903239e+08,5.671911e+07,-7.623853e+15,-7.239969e+14,-7.959251e+15,1.007937e+07,2.051483e+13,3.145030e+07,3.848685e+04,-4.087893e+10,-3.807022e+10,-6.694104e+09,3,78
3.379503e+07,3.176975e+14,4.372083e+08,3.669651e+07,-4.128114e+15,-6.147425e+14,-3.703187e+15,2.823320e+07,5.555982e+14,6.565970e+08,7.265251e+07,-1.581023e+16,-1.707390e+15,-1.812647e+16,1.041093e+07,3.158191e+13,1.089931e+07,1.022132e+05,5.849470e+10,-5.347506e+11,5.985361e+10,1,49
4.171203e+07,4.478442e+14,3.200832e+08,2.401245e+07,-2.038724e+15,-5.010980e+14,-2.021930e+15,3.385680e+07,8.461579e+14,5.651200e+08,6.078416e+07,-1.032121e+16,-1.685751e+15,-9.936094e+15,1.269477e+07,6.175526e+13,1.793204e+07,1.394713e+05,1.996254e+11,7.742536e+09,-9.692092e+10,1,72
2.082195e+07,1.244389e+14,1.749400e+08,1.973243e+07,-3.682253e+14,-1.281412e+14,-2.329116e+14,1.844868e+07,1.839446e+14,5.411412e+08,5.520168e+07,-8.688117e+15,-7.121105e+14,-6.649089e+15,7.295908e+06,5.858542e+12,1.745060e+07,9.004434e+05,-3.398754e+12,2.126948e+12,-8.195221e+10,0,24
2.722709e+07,1.942760e+14,2.975737e+08,2.480733e+07,-9.847232e+14,-2.302603e+14,-8.388715e+14,2.317002e+07,3.253685e+14,5.625525e+08,5.820244e+07,-9.746703e+15,-1.006373e+15,-7.463856e+15,9.240914e+06,1.896590e+13,1.573160e+07,4.152456e+04,3.166076e+10,-1.386269e+11,-6.338037e+08,1,45
2.851217e+07,1.477441e+14,3.246216e+08,2.024276e+07,-1.554182e+15,-2.424302e+14,-1.609486e+15,2.293804e+07,3.137955e+14,5.272721e+08,4.735757e+07,-7.482892e+15,-8.389036e+14,-6.686223e+15,1.082911e+07,3.158116e+13,2.611466e+07,4.097319e+05,1.015278e+12,-1.828279e+12,-8.754195e+11,0,51
2.923832e+07,3.180056e+14,3.853875e+08,3.487021e+07,-2.873349e+15,-5.286408e+14,-2.449942e+15,2.499776e+07,4.921084e+14,5.133214e+08,5.584474e+07,-9.338481e+15,-1.229756e+15,-1.035927e+16,7.167080e+06,1.835354e+13,6.253465e+06,4.693202e+04,-2.172804e+10,-1.602273e+11,1.295326e+10,0,100
3.291457e+07,2.807326e+14,3.533200e+08,2.429381e+07,-1.757992e+15,-3.561850e+14,-1.766865e+15,2.738788e+07,4.964188e+14,7.581598e+08,8.887399e+07,-2.282206e+16,-1.964672e+15,-2.071368e+16,1.064033e+07,3.186442e+13,2.127523e+07,3.042386e+05,4.654840e+09,-1.618999e+12,5.953743e+11,1,96
2.794157e+07,1.567737e+14,3.058006e+08,1.505716e+07,-5.835160e+14,-1.493412e+14,-4.746745e+14,2.274554e+07,3.170995e+14,6.022934e+08,6.764925e+07,-1.364126e+16,-1.204256e+15,-1.525937e+16,1.023338e+07,2.703852e+13,2.296006e+07,3.560561e+05,9.063531e+11,1.662416e+12,6.807634e+11,3,82
2.592348e+07,1.210122e+14,2.409052e+08,1.136797e+07,-3.431611e+14,-1.032313e+14,-3.468073e+14,2.097851e+07,2.566294e+14,4.372168e+08,3.465562e+07,-4.206405e+15,-5.517965e+14,-4.863417e+15,9.984559e+06,2.796610e+13,2.957969e+07,6.642170e+05,-1.445027e+12,-3.507218e+12,-2.100210e+12,3,50
2.890413e+07,2.415593e+14,4.506257e+08,3.269033e+07,-3.370674e+15,-4.649990e+14,-3.035171e+15,2.440392e+07,4.067093e+14,4.308442e+08,3.333726e+07,-3.986765e+15,-6.716736e+14,-4.479566e+15,8.861856e+06,2.538554e+13,1.718555e+07,7.351985e+05,-5.108962e+11,-3.605685e+12,-2.041205e+12,3,89
3.579972e+07,2.033035e+14,4.713855e+08,2.244732e+07,-1.671848e+15,-2.644243e+14,-1.535648e+15,2.798162e+07,4.866116e+14,7.496627e+08,9.387291e+07,-2.280514e+16,-1.965884e+15,-2.302698e+16,1.375170e+07,6.569287e+13,2.592438e+07,1.098818e+06,5.802322e+12,8.798058e+12,1.224025e+12,2,82
3.144620e+07,1.736447e+14,3.654985e+08,2.069823e+07,-1.335723e+15,-2.346363e+14,-1.317432e+15,2.512391e+07,3.855975e+14,6.184311e+08,6.636619e+07,-1.344001e+16,-1.303075e+15,-1.067468e+16,1.195272e+07,4.001546e+13,2.663324e+07,6.986210e+04,5.074968e+10,3.410419e+11,-7.770598e+10,0,55
2.854297e+07,2.790711e+14,3.547189e+08,2.906059e+07,-2.843322e+15,-4.719037e+14,-2.883310e+15,2.459293e+07,4.260040e+14,6.129905e+08,6.848333e+07,-1.385026e+16,-1.403112e+15,-1.354740e+16,7.903132e+06,1.640710e+13,8.185929e+06,9.885189e+04,-3.449028e+10,-3.857171e+11,5.565328e+10,0,20
3.389337e+07,1.980703e+14,2.235322e+08,1.943876e+07,-1.274546e+15,-2.722650e+14,-1.324844e+15,2.852377e+07,3.784634e+14,7.852674e+08,1.207577e+08,-3.691596e+16,-2.333891e+15,-3.687863e+16,1.445005e+07,3.490683e+13,2.553296e+07,5.167493e+06,5.631384e+13,-4.901444e+12,4.577949e+12,0,36
3.503226e+07,1.855973e+14,3.091300e+08,1.204652e+07,-6.986539e+14,-1.599353e+14,-6.990796e+14,2.759867e+07,4.433463e+14,7.285794e+08,9.551796e+07,-2.518591e+16,-2.010269e+15,-2.460046e+16,1.397672e+07,5.861282e+13,2.618036e+07,8.741255e+05,-2.508754e+12,-5.346164e+11,-3.921093e+12,0,56
1.740959e+07,7.473360e+13,1.691656e+08,1.476689e+07,-6.235862e+14,-1.171681e+14,-5.548975e+14,1.561294e+07,1.108137e+14,4.087990e+08,2.712562e+07,-2.793119e+15,-2.821916e+14,-3.302203e+15,6.968753e+06,6.116141e+12,2.645286e+07,1.767592e+06,1.161643e+12,3.626402e+12,6.366125e+12,1,94
2.447731e+07,1.148318e+14,2.864052e+08,1.239117e+07,-7.227096e+14,-1.316831e+14,-7.428661e+14,2.041338e+07,2.196647e+14,5.893227e+08,5.686725e+07,-9.992472e+15,-8.216696e+14,-9.524740e+15,9.697742e+06,1.652077e+13,3.836355e+07,1.920366e+05,-1.967289e+11,-7.419159e+11,-4.408323e+11,2,91
4.414358e+07,4.117953e+14,4.405369e+08,3.544277e+07,-2.296279e+15,-4.853942e+14,-2.106818e+15,3.533205e+07,8.435354e+14,8.741186e+08,1.107037e+08,-2.970554e+16,-2.922069e+15,-2.623043e+16,1.511155e+07,7.856726e+13,1.285825e+07,2.995222e+05,-5.657393e+11,-1.950766e+12,1.653674e+11,1,70
2.766665e+07,1.779901e+14,2.533879e+08,1.897554e+07,-7.446912e+14,-1.982508e+14,-5.602685e+14,2.322078e+07,3.257141e+14,5.989726e+08,6.523633e+07,-1.276076e+16,-1.169112e+15,-1.542655e+16,9.892403e+06,1.976570e+13,2.212109e+07,3.251455e+05,8.679375e+11,-4.494882e+11,-2.040610e+11,0,44
1.618896e+07,5.956162e+13,1.394180e+08,1.061602e+07,-3.343659e+14,-7.456427e+13,-3.036738e+14,1.469848e+07,8.495022e+13,3.632268e+08,1.717757e+07,-1.342446e+15,-1.572975e+14,-1.435901e+15,6.981872e+06,8.071821e+12,3.235714e+07,3.023527e+06,2.382803e+13,5.214623e+12,3.601994e+12,3,94
3.973318e+07,3.303857e+14,4.448852e+08,3.446497e+07,-1.868331e+15,-3.759400e+14,-1.561904e+15,3.112512e+07,7.121690e+14,5.182469e+08,6.186506e+07,-8.019121e+15,-1.376873e+15,-6.176121e+15,1.304674e+07,7.410809e+13,1.087983e+07,2.618578e+05,4.105303e+11,2.143602e+12,-1.790410e+11,1,79
3.669635e+07,2.332509e+14,3.532291e+08,1.771758e+07,-1.209456e+15,-2.550494e+14,-1.186684e+15,2.964509e+07,4.983661e+14,8.909160e+08,1.229377e+08,-3.983639e+16,-2.710352e+15,-4.000617e+16,1.437575e+07,6.817475e+13,2.420278e+07,8.113141e+05,-3.584638e+12,-5.089839e+12,-1.328893e+12,3,56
4.613629e+07,4.624408e+14,3.752089e+08,2.485006e+07,-1.882560e+15,-4.765357e+14,-1.879174e+15,3.730439e+07,9.203028e+14,9.959909e+08,1.265724e+08,-4.425472e+16,-3.791243e+15,-4.283518e+16,1.580905e+07,8.315140e+13,1.288994e+07,5.499384e+05,-1.461567e+12,-3.187021e+12,-2.019282e+11,3,70
3.427430e+07,3.313644e+14,3.868140e+08,2.486892e+07,-2.178756e+15,-4.229690e+14,-2.085879e+15,2.841988e+07,5.808999e+14,7.465977e+08,9.099676e+07,-2.152647e+16,-2.070326e+15,-2.114810e+16,1.022751e+07,3.548574e+13,1.369239e+07,2.680840e+05,-2.480776e+11,2.133862e+10,-4.618692e+11,3,88
2.331069e+07,1.457155e+14,2.697307e+08,1.955675e+07,-1.217973e+15,-2.188649e+14,-1.236842e+15,2.001922e+07,2.360099e+14,5.125971e+08,4.852209e+07,-7.218073e+15,-7.213747e+14,-6.875584e+15,7.948349e+06,1.320857e+13,1.711479e+07,1.015077e+05,1.034426e+11,6.852704e+10,3.653861e+10,3,71
4.006591e+07,3.919170e+14,4.699223e+08,2.585011e+07,-2.768602e+15,-5.026255e+14,-2.839973e+15,3.228649e+07,7.609142e+14,7.811211e+08,9.473368e+07,-2.568123e+16,-2.609323e+15,-2.463875e+16,1.248997e+07,6.183446e+13,1.451609e+07,9.378741e+05,1.086870e+12,4.200716e+12,-3.334992e+12,0,74
2.503328e+07,1.246323e+14,2.158581e+08,1.769504e+07,-8.272640e+14,-1.755847e+14,-7.181870e+14,2.116425e+07,2.259425e+14,4.787838e+08,3.576855e+07,-4.577146e+15,-5.293377e+14,-4.900831e+15,1.001234e+07,2.149097e+13,2.608009e+07,1.182413e+06,2.419794e+12,3.247962e+12,3.088123e+12,0,17
2.513932e+07,1.261873e+14,3.036890e+08,1.850798e+07,-1.379315e+15,-2.074585e+14,-1.384859e+15,2.063797e+07,2.507910e+14,4.810859e+08,4.194485e+07,-5.318347e+15,-6.198044e+14,-5.987636e+15,9.405238e+06,2.184928e+13,2.479300e+07,6.114570e+05,1.391316e+12,-2.271616e+12,-1.891926e+12,1,51
2.296043e+07,8.998989e+13,1.415312e+08,5.904873e+06,-8.905976e+13,-4.195732e+13,-8.342646e+13,1.955874e+07,1.661242e+14,6.046164e+08,8.930396e+07,-2.069565e+16,-1.148693e+15,-2.178507e+16,1.007585e+07,1.891619e+13,3.468384e+07,6.656587e+05,2.819606e+12,-9.699235e+11,2.603454e+12,1,64
3.058171e+07,1.334529e+14,3.661461e+08,1.464795e+07,-1.026706e+15,-1.672138e+14,-1.070683e+15,2.404093e+07,3.324976e+14,6.632653e+08,7.599514e+07,-1.574602e+16,-1.317272e+15,-1.807666e+16,1.249099e+07,4.885831e+13,3.313213e+07,7.470651e+05,8.982499e+11,3.875525e+12,4.674956e+12,2,77
2.944353e+07,1.967074e+14,1.813663e+08,9.404067e+06,-3.847782e+14,-1.307242e+14,-3.950355e+14,2.451875e+07,3.612345e+14,5.092729e+08,5.692076e+07,-9.567296e+15,-1.071576e+15,-8.936546e+15,1.049659e+07,2.521554e+13,1.880778e+07,1.323249e+04,1.454109e+09,-6.643100e+10,-6.874646e+09,1,85
2.293580e+07,7.534844e+13,1.808684e+08,8.499150e+06,-3.077493e+14,-6.901363e+13,-3.093026e+14,1.884266e+07,1.657187e+14,5.357742e+08,5.940164e+07,-8.987282e+15,-6.874029e+14,-1.036871e+16,1.019980e+07,1.703480e+13,3.686281e+07,1.840755e+05,-4.767563e+11,7.572225e+11,-3.279443e+10,1,38
2.511978e+07,1.065849e+14,2.312414e+08,9.968671e+06,-3.388682e+14,-8.565740e+13,-3.359321e+14,2.073963e+07,2.165466e+14,5.955305e+08,5.929220e+07,-1.103549e+16,-8.678723e+14,-9.959184e+15,1.041779e+07,1.922282e+13,4.264335e+07,2.370720e+05,6.013626e+11,-8.679951e+11,-4.518444e+11,1,91
3.349065e+07,3.409511e+14,3.691310e+08,2.647798e+07,-2.125889e+15,-4.416257e+14,-1.849864e+15,2.785577e+07,5.934420e+14,6.038302e+08,6.714724e+07,-1.332972e+16,-1.622040e+15,-1.588394e+16,9.395316e+06,3.175948e+13,1.108909e+07,1.776435e+05,-1.821190e+11,-1.007373e+11,-1.215586e+11,3,100
2.724144e+07,1.538013e+14,2.237527e+08,1.327820e+07,-7.177386e+14,-1.634090e+14,-7.210032e+14,2.290170e+07,2.868927e+14,6.889378e+08,8.913982e+07,-1.948008e+16,-1.386679e+15,-2.273893e+16,1.050736e+07,2.061933e+13,2.388610e+07,5.932946e+05,1.992456e+12,-1.339096e+12,9.323178e+11,0,10
3.809400e+07,2.958772e+14,3.251143e+08,1.563714e+07,-5.642615e+14,-1.896392e+14,-5.206222e+14,3.074426e+07,6.045756e+14,7.718151e+08,9.482582e+07,-2.547702e+16,-2.320432e+15,-2.158425e+16,1.355640e+07,6.731895e+13,2.737884e+07,3.908061e+05,9.999506e+11,2.361989e+12,-6.383022e+11,1,99
2.868049e+07,1.974388e+14,3.731665e+08,2.105595e+07,-1.744426e+15,-2.849093e+14,-1.784410e+15,2.359180e+07,3.676701e+14,5.520197e+08,5.232455e+07,-8.892210e+15,-1.003272e+15,-8.048094e+15,9.540584e+06,2.619689e+13,2.123741e+07,4.062664e+05,-1.179115e+12,-1.018100e+12,2.075108e+11,1,83
3.577525e+07,2.931501e+14,4.052820e+08,2.845215e+07,-1.453769e+15,-3.497796e+14,-1.344468e+15,2.920042e+07,5.790768e+14,6.679728e+08,7.539021e+07,-1.685953e+16,-1.809435e+15,-1.232157e+16,1.207905e+07,4.377608e+13,1.676307e+07,2.455766e+05,-2.428490e+11,4.582794e+11,-4.245035e+11,0,28
2.526962e+07,1.496574e+14,2.721552e+08,1.361759e+07,-7.176109e+14,-1.486739e+14,-7.370341e+14,2.107208e+07,2.700972e+14,3.347392e+08,3.239017e+07,-2.779755e+15,-4.755382e+14,-2.629942e+15,8.850584e+06,2.427469e+13,1.604966e+07,3.597902e+05,5.482820e+11,1.062858e+12,2.945563e+11,3,59
3.470565e+07,3.581100e+14,4.018365e+08,3.220063e+07,-3.632950e+15,-6.062289e+14,-3.650087e+15,2.891415e+07,6.128434e+14,5.396422e+08,5.626140e+07,-9.678977e+15,-1.382827e+15,-9.084975e+15,9.991830e+06,3.632392e+13,7.645781e+06,1.362850e+04,2.556122e+09,5.907908e+10,2.228564e+09,0,101
2.882489e+07,1.452422e+14,1.986089e+08,1.508524e+07,-3.601790e+13,-7.812329e+13,6.080614e+13,2.348948e+07,3.020764e+14,5.758772e+08,6.935767e+07,-1.211065e+16,-1.110084e+15,-1.007660e+16,1.144518e+07,3.133148e+13,2.726791e+07,2.528149e+05,3.619561e+11,6.694317e+11,-5.384641e+11,0,2
3.888937e+07,3.045969e+14,4.268898e+08,2.614175e+07,-2.760535e+15,-4.550739e+14,-2.870568e+15,3.109917e+07,6.385966e+14,7.503513e+08,8.596663e+07,-2.147465e+16,-2.157143e+15,-1.991438e+16,1.365170e+07,6.628739e+13,2.303421e+07,3.518428e+04,2.709974e+10,2.830604e+11,2.214861e+10,2,99
2.817128e+07,1.755882e+14,3.580074e+08,1.762204e+07,-1.391264e+15,-2.323821e+14,-1.397764e+15,2.269574e+07,3.517117e+14,5.209601e+08,5.753878e+07,-9.840406e+15,-1.070990e+15,-9.320658e+15,9.447862e+06,2.998419e+13,1.716579e+07,6.090950e+05,1.475832e+12,2.798189e+12,1.727964e+12,0,14
3.034227e+07,2.347368e+14,3.186756e+08,2.453362e+07,-1.518362e+15,-3.028980e+14,-1.501953e+15,2.526241e+07,4.151842e+14,7.167425e+08,8.532778e+07,-2.010973e+16,-1.686658e+15,-1.812659e+16,9.966906e+06,2.608623e+13,1.720633e+07,2.712903e+05,4.486013e+11,-9.700502e+11,2.451467e+11,1,84
2.849604e+07,1.687847e+14,3.086021e+08,1.629864e+07,-1.122702e+15,-2.095308e+14,-1.133381e+15,2.338767e+07,3.361201e+14,6.043458e+08,6.607014e+07,-1.182932e+16,-1.131100e+15,-1.052223e+16,1.039968e+07,2.615813e+13,2.542165e+07,3.908815e+04,-1.181761e+10,6.177688e+10,-3.309681e+10,3,92
3.872345e+07,3.566767e+14,4.564428e+08,3.897746e+07,-5.182187e+15,-7.343021e+14,-4.930731e+15,3.195076e+07,6.963608e+14,7.655047e+08,9.867375e+07,-1.890504e+16,-2.125666e+15,-2.762580e+16,1.308861e+07,4.589680e+13,1.269143e+07,1.128406e+06,2.580816e+12,-6.363012e+12,2.230687e+12,3,49
3.703931e+07,2.392626e+14,4.411275e+08,1.723339e+07,-1.456868e+15,-2.608774e+14,-1.525593e+15,2.894318e+07,5.564796e+14,5.059003e+08,3.869229e+07,-5.412760e+15,-9.124103e+14,-4.842388e+15,1.347533e+07,7.178297e+13,3.720798e+07,2.152901e+06,-1.889390e+13,-1.147863e+13,4.012687e+12,0,40
3.038093e+07,1.939433e+14,3.280930e+08,2.066898e+07,-8.094239e+14,-2.010458e+14,-7.406858e+14,2.452665e+07,3.926310e+14,5.210074e+08,4.761151e+07,-7.034743e+15,-9.104204e+14,-5.625334e+15,1.060573e+07,3.790362e+13,2.439584e+07,2.610905e+05,-5.212609e+11,-1.483832e+12,-2.678546e+11,2,57
3.504662e+07,3.922376e+14,4.143157e+08,3.471072e+07,-3.865977e+15,-6.631765e+14,-3.766102e+15,2.951898e+07,6.458546e+14,7.396997e+08,8.985442e+07,-2.313378e+16,-2.279911e+15,-2.508497e+16,9.714007e+06,3.085121e+13,9.105312e+06,5.845580e+05,-3.719339e+11,-3.221222e+12,8.538951e+11,0,95
3.894481e+07,3.270486e+14,5.057189e+08,3.042609e+07,-3.762385e+15,-5.499386e+14,-3.622172e+15,3.131614e+07,6.627212e+14,7.108437e+08,7.849852e+07,-1.843248e+16,-2.012872e+15,-1.970781e+16,1.324763e+07,5.953981e+13,1.890513e+07,4.039346e+05,3.636551e+11,2.134999e+12,-8.508166e+11,2,60
1.802000e+03,3.240955e+06,1.479131e+04,1.455555e+04,2.135729e+08,2.615608e+07,-1.518773e+07,1.844565e+03,3.160038e+06,2.088473e+04,1.521718e+04,2.710883e+08,2.288591e+07,-4.520493e+07,4.436915e+01,1.814187e+03,1.362939e+00,8.056007e-01,8.389187e-01,2.972036e+01,8.771314e-01,2,73
5.723574e+07,5.016091e+14,3.955064e+08,1.242654e+07,-7.217450e+14,-2.539047e+14,-7.158043e+14,4.368272e+07,1.309162e+15,9.288934e+08,1.169840e+08,-3.726463e+16,-4.142138e+15,-4.254227e+16,2.129170e+07,2.035811e+14,3.645518e+07,1.594261e+06,4.076187e+12,1.136615e+13,-1.215033e+13,3,67
3.927186e+07,2.874401e+14,4.148894e+08,2.550647e+07,-1.119233e+15,-2.717962e+14,-9.963146e+14,3.095011e+07,6.372348e+14,7.590807e+08,9.664933e+07,-2.186938e+16,-2.176478e+15,-1.999989e+16,1.405602e+07,7.039290e+13,1.843911e+07,6.662717e+05,-2.672902e+11,1.774078e+12,-2.333511e+12,2,70
3.349116e+07,2.016298e+14,4.885907e+08,3.034739e+07,-3.547466e+15,-4.232307e+14,-3.326874e+15,2.671375e+07,4.452532e+14,6.450486e+08,6.931237e+07,-1.449939e+16,-1.450546e+15,-1.631341e+16,1.252109e+07,4.614259e+13,2.446786e+07,7.480820e+04,3.625387e+10,3.485866e+11,-8.579146e+10,3,52
3.116851e+07,2.603988e+14,4.908401e+08,3.794394e+07,-3.059165e+15,-4.598827e+14,-2.870569e+15,2.576713e+07,4.642739e+14,6.657029e+08,7.837041e+07,-1.594104e+16,-1.578835e+15,-1.278739e+16,9.636215e+06,2.934648e+13,1.207486e+07,1.649910e+05,1.791724e+11,7.825223e+11,-1.463452e+11,1,43
3.672067e+07,3.954560e+14,3.871539e+08,2.789198e+07,-2.894804e+15,-5.544516e+14,-2.859993e+15,3.086581e+07,6.721432e+14,8.819472e+08,1.149371e+08,-3.415823e+16,-2.854809e+15,-3.910332e+16,1.098150e+07,3.692997e+13,1.399093e+07,1.426865e+06,-2.980774e+12,-8.591479e+12,4.251323e+12,1,95
2.767207e+07,1.975061e+14,2.907604e+08,1.826507e+07,-1.179870e+15,-2.390571e+14,-1.204151e+15,2.309989e+07,3.490393e+14,5.981619e+08,6.400751e+07,-1.059172e+16,-1.088329e+15,-1.129587e+16,9.048367e+06,2.093700e+13,1.573762e+07,5.167031e+04,-4.008355e+10,-3.715934e+10,2.460008e+10,0,62
2.448015e+07,8.120031e+13,2.562678e+08,2.074414e+07,-1.501650e+15,-1.863132e+14,-1.427552e+15,2.047243e+07,1.695286e+14,4.886864e+08,2.535123e+07,-2.821544e+15,-3.300806e+14,-2.968422e+15,1.146464e+07,2.419050e+13,5.377332e+07,6.185091e+06,8.331170e+13,1.372135e+13,4.820672e+13,0,9
3.300782e+07,2.422157e+14,2.491768e+08,1.427894e+07,-8.081300e+14,-2.165608e+14,-8.128025e+14,2.774663e+07,4.336954e+14,7.811579e+08,1.137734e+08,-3.388684e+16,-2.368007e+15,-3.302024e+16,1.218364e+07,3.986156e+13,2.418190e+07,2.012351e+06,3.366670e+12,-9.098796e+12,1.296792e+13,3,87
4.244309e+07,5.788931e+14,5.987436e+08,4.992205e+07,-8.611259e+15,-1.200855e+15,-8.520417e+15,3.538313e+07,9.752317e+14,7.803546e+08,9.157947e+07,-2.363513e+16,-2.800360e+15,-2.613853e+16,1.133378e+07,4.985994e+13,9.132039e+06,5.844992e+05,-1.284395e+12,-3.540624e+12,4.139399e+11,3,86
3.406988e+07,1.662701e+14,2.733933e+08,1.189760e+07,-2.287998e+14,-8.373866e+13,-1.491340e+14,2.661699e+07,4.192346e+14,6.692181e+08,7.887344e+07,-1.811929e+16,-1.614756e+15,-1.382907e+16,1.375945e+07,5.771475e+13,3.712569e+07,1.310058e+05,1.972608e+11,8.026331e+11,-2.025644e+11,1,81
2.342821e+07,7.821055e+13,2.353287e+08,9.978207e+06,-4.498292e+14,-8.439412e+13,-4.644724e+14,1.854834e+07,1.883337e+14,3.878200e+08,3.179638e+07,-3.269547e+15,-4.214362e+14,-3.238556e+15,9.704739e+06,2.506591e+13,3.180703e+07,1.066654e+06,-1.936081e+12,-5.337319e+12,-6.125785e+12,2,66
3.035510e+07,1.606793e+14,2.499156e+08,2.384512e+07,8.605392e+14,-2.635430e+12,1.289677e+15,2.483978e+07,3.297627e+14,7.226081e+08,9.280623e+07,-1.950212e+16,-1.472708e+15,-1.336667e+16,1.220358e+07,3.404937e+13,3.848112e+07,5.361322e+05,2.154706e+12,4.975796e+11,-1.171129e+12,0,33
2.615513e+07,1.156874e+14,2.633699e+08,1.411733e+07,-8.605387e+14,-1.512417e+14,-9.017617e+14,2.137695e+07,2.463465e+14,5.224272e+08,5.249793e+07,-6.531668e+15,-7.064405e+14,-8.253577e+15,1.065006e+07,2.472941e+13,2.556301e+07,4.129438e+04,2.005018e+10,-1.783206e+11,-3.403780e+10,0,53
4.114415e+07,2.239050e+14,3.760261e+08,1.297159e+07,-1.870856e+14,-9.641070e+13,-1.001083e+14,3.213103e+07,5.731327e+14,6.667425e+08,6.371283e+07,-1.161600e+16,-1.416737e+15,-9.827887e+15,1.720505e+07,9.132091e+13,4.991758e+07,9.951702e+05,1.583278e+12,4.009544e+12,5.492649e+12,2,59
3.451845e+07,2.613652e+14,2.672180e+08,1.044985e+07,-5.080975e+14,-1.622248e+14,-4.538602e+14,2.862773e+07,4.866694e+14,8.298744e+08,1.134726e+08,-3.409047e+16,-2.463062e+15,-3.445114e+16,1.247029e+07,5.367134e+13,2.366582e+07,7.103244e+05,-4.228261e+11,3.860216e+11,-3.705304e+12,0,16
3.958550e+07,3.787792e+14,5.598695e+08,3.671873e+07,-3.366010e+15,-5.645611e+14,-3.309222e+15,3.195335e+07,7.366910e+14,7.659646e+08,9.078598e+07,-2.337619e+16,-2.431948e+15,-1.948333e+16,1.250661e+07,5.846370e+13,1.689341e+07,6.383628e+05,7.463110e+11,3.169961e+12,-1.961028e+12,2,74
2.929492e+07,2.324443e+14,3.174465e+08,2.232374e+07,-1.595362e+15,-3.122798e+14,-1.563653e+15,2.473195e+07,3.933765e+14,6.698142e+08,7.749055e+07,-1.623616e+16,-1.462402e+15,-1.605284e+16,9.492512e+06,2.118996e+13,1.614152e+07,1.710224e+05,-5.589468e+10,-7.825436e+11,2.109737e+11,3,102
3.199778e+07,2.228227e+14,3.507167e+08,2.937616e+07,-2.269758e+15,-3.848888e+14,-2.274739e+15,2.607927e+07,4.349881e+14,6.559268e+08,7.475329e+07,-1.587038e+16,-1.524039e+15,-1.415425e+16,1.115290e+07,3.509561e+13,1.631942e+07,3.284861e+05,7.296884e+11,-1.009550e+12,-1.586539e+10,1,69
4.564373e+07,6.637299e+14,5.721039e+08,5.061657e+07,-8.134407e+15,-1.268489e+15,-7.906706e+15,3.804485e+07,1.129899e+15,8.502566e+08,1.034052e+08,-2.960002e+16,-3.405439e+15,-3.453290e+16,1.228201e+07,5.845424e+13,7.950662e+06,9.093694e+05,-1.456244e+12,-6.951804e+12,1.120527e+12,0,86
2.924713e+07,2.795866e+14,4.232622e+08,3.353368e+07,-3.820142e+15,-5.505078e+14,-3.822926e+15,2.491948e+07,4.437044e+14,4.214753e+08,3.800896e+07,-4.573985e+15,-7.770513e+14,-4.546192e+15,8.199000e+06,2.306333e+13,1.000816e+07,2.050150e+05,-7.000212e+10,-9.775217e+11,-1.859144e+11,0,104
2.802168e+07,2.131105e+14,2.978109e+08,3.541153e+07,-1.024027e+15,-2.930839e+14,-5.234764e+14,2.463844e+07,3.452491e+14,6.957939e+08,8.061152e+07,-1.894513e+16,-1.489556e+15,-1.114657e+16,1.004030e+07,1.237333e+13,1.397635e+07,1.780494e+06,8.876423e+12,-3.576441e+12,-1.594315e+12,0,12
2.776994e+07,1.281945e+14,2.425670e+08,9.922055e+06,-3.948245e+14,-9.806172e+13,-3.987601e+14,2.233299e+07,2.809338e+14,4.594523e+08,3.421313e+07,-4.074582e+15,-5.570075e+14,-3.643615e+15,1.101336e+07,3.538204e+13,3.598759e+07,1.254472e+06,-1.732704e+12,-7.299456e+12,-7.127440e+12,0,54
3.835315e+07,3.627620e+14,4.334658e+08,2.213246e+07,-1.953711e+15,-3.999001e+14,-1.981118e+15,3.106317e+07,6.946926e+14,7.407797e+08,8.720490e+07,-2.211610e+16,-2.296129e+15,-2.059939e+16,1.201696e+07,5.327872e+13,1.757401e+07,8.833623e+05,2.094561e+12,5.039718e+12,-2.772570e+12,1,74
2.768802e+07,1.811103e+14,3.303095e+08,1.902198e+07,-1.074280e+15,-2.143183e+14,-1.063350e+15,2.271937e+07,3.416633e+14,5.840226e+08,6.362223e+07,-1.220983e+16,-1.172920e+15,-1.024401e+16,9.262291e+06,2.468804e+13,1.859823e+07,1.809100e+05,2.872303e+11,8.389608e+11,1.816829e+11,2,83
3.106642e+07,2.053282e+14,3.021323e+08,1.658269e+07,-1.117715e+15,-2.308310e+14,-1.094401e+15,2.549525e+07,3.969239e+14,7.226420e+08,8.727951e+07,-2.114329e+16,-1.699699e+15,-2.074787e+16,1.116953e+07,3.191820e+13,2.483368e+07,2.582488e+05,-3.825104e+11,-1.432495e+12,5.104481e+11,1,92
3.517963e+07,3.676489e+14,4.604325e+08,3.776119e+07,-4.858381e+15,-7.169391e+14,-5.068918e+15,2.922688e+07,6.320587e+14,6.719458e+08,7.548208e+07,-1.694536e+16,-1.895739e+15,-1.561969e+16,1.007512e+07,3.549517e+13,8.304444e+06,5.575110e+04,-3.454281e+10,-2.566077e+11,1.739039e+10,3,101
4.317191e+07,2.576268e+14,3.521449e+08,1.502948e+07,-7.105667e+14,-2.056676e+14,-7.126414e+14,3.398117e+07,6.396071e+14,8.827930e+08,1.263948e+08,-4.002648e+16,-3.094075e+15,-4.196085e+16,1.793110e+07,1.150496e+14,3.090651e+07,1.319927e+06,-8.297111e+12,-1.024049e+13,-3.748969e+12,1,56
3.575297e+07,3.188555e+14,3.498840e+08,2.662757e+07,-2.435669e+15,-4.615625e+14,-2.508106e+15,2.955122e+07,5.792290e+14,8.389089e+08,1.068770e+08,-3.189646e+16,-2.567496e+15,-3.004636e+16,1.169518e+07,4.682152e+13,1.617892e+07,1.027148e+06,1.463256e+12,-4.749911e+12,2.589580e+12,0,25
2.480315e+07,1.649001e+14,2.784239e+08,1.783621e+07,-1.256069e+15,-2.290015e+14,-1.240495e+15,2.116321e+07,2.750400e+14,5.507676e+08,5.482961e+07,-8.719757e+15,-8.649315e+14,-1.006063e+16,8.323095e+06,1.467101e+13,1.793309e+07,2.774071e+04,1.749608e+10,-6.293863e+10,-9.459971e+09,2,71
1.947330e+07,6.094253e+13,1.493935e+08,1.082889e+07,8.936173e+12,-3.628239e+13,8.869934e+13,1.671067e+07,1.159037e+14,4.206624e+08,2.708767e+07,-2.891466e+15,-2.916197e+14,-1.862688e+15,8.910095e+06,1.150300e+13,3.997674e+07,1.227678e+06,5.008837e+12,2.173625e+12,3.786352e+12,1,75
3.471021e+07,3.855056e+14,5.002670e+08,4.288098e+07,-5.714009e+15,-8.046996e+14,-5.936493e+15,2.916985e+07,6.362697e+14,5.926826e+08,6.337748e+07,-1.215512e+16,-1.588843e+15,-1.005534e+16,9.562041e+06,3.191995e+13,8.387582e+06,7.206977e+04,-5.389736e+10,-2.840561e+11,1.885319e+10,1,101
4.401297e+07,4.420279e+14,6.625724e+08,4.538641e+07,-6.765423e+15,-8.747130e+14,-5.775907e+15,3.480121e+07,9.146507e+14,7.562705e+08,8.941955e+07,-2.194020e+16,-2.611295e+15,-2.297634e+16,1.377720e+07,8.864654e+13,1.509349e+07,6.114871e+05,1.588966e+11,1.614329e+12,-1.594635e+12,0,23
2.172341e+07,1.122464e+14,2.623144e+08,1.893003e+07,-9.100354e+14,-1.606052e+14,-8.941978e+14,1.874113e+07,1.841551e+14,3.971197e+08,2.457208e+07,-1.782132e+15,-2.825055e+14,-1.586311e+15,8.157107e+06,1.540350e+13,2.815903e+07,2.147968e+06,1.595898e+13,-1.625960e+12,-6.287054e+12,0,37
3.268596e+07,2.176837e+14,1.989735e+08,8.600430e+06,-1.914924e+14,-8.963775e+13,-1.640252e+14,2.731390e+07,4.496277e+14,6.702988e+08,8.746379e+07,-1.564604e+16,-1.554932e+15,-1.156855e+16,1.256187e+07,3.198860e+13,3.280035e+07,8.479794e+05,5.482444e+10,-4.666337e+12,5.010682e+12,0,85
2.963588e+07,2.460562e+14,3.219284e+08,2.745455e+07,-1.273662e+15,-2.992802e+14,-1.134841e+15,2.491523e+07,4.167128e+14,6.994302e+08,8.025062e+07,-1.762920e+16,-1.564123e+15,-1.443558e+16,9.235987e+06,2.240799e+13,1.651885e+07,2.047527e+05,3.648235e+11,-4.317993e+11,5.226310e+09,0,96
2.320533e+07,1.002151e+14,1.852581e+08,1.106897e+07,-3.122105e+14,-8.368385e+13,-3.014644e+14,1.923167e+07,1.953162e+14,4.899000e+08,5.790696e+07,-9.454985e+15,-7.963056e+14,-8.459299e+15,9.240770e+06,1.587710e+13,2.448037e+07,2.407284e+05,5.842023e+11,-4.590994e+11,-7.495197e+10,0,78
3.330226e+07,1.860059e+14,3.058158e+08,1.411254e+07,-5.269526e+14,-1.450102e+14,-5.099327e+14,2.656189e+07,4.170351e+14,7.330477e+08,1.004720e+08,-2.436695e+16,-1.903113e+15,-2.427983e+16,1.293253e+07,5.208528e+13,2.361551e+07,8.336189e+05,-2.595551e+12,-1.480878e+12,-3.494278e+12,2,56
3.554959e+07,3.088081e+14,3.170623e+08,1.785834e+07,-1.338574e+15,-3.132159e+14,-1.364817e+15,2.959518e+07,5.541365e+14,9.037307e+08,1.182968e+08,-3.865854e+16,-2.782874e+15,-3.751324e+16,1.202337e+07,4.510994e+13,1.932948e+07,8.745274e+05,-2.646723e+12,-5.865908e+12,2.435671e+12,0,69
2.849497e+07,1.878436e+14,3.217552e+08,1.857886e+07,-1.429765e+15,-2.539138e+14,-1.395808e+15,2.317673e+07,3.619044e+14,4.862726e+08,4.558618e+07,-6.761077e+15,-8.654345e+14,-6.823923e+15,9.471201e+06,3.032185e+13,1.967975e+07,1.340146e+05,-2.128937e+11,-3.562581e+11,6.835585e+10,3,57
2.987630e+07,1.968974e+14,3.018539e+08,1.676027e+07,-1.052574e+15,-2.234718e+14,-1.073857e+15,2.431826e+07,3.838704e+14,5.002206e+08,4.335034e+07,-6.309069e+15,-8.442046e+14,-5.753643e+15,1.029965e+07,3.507888e+13,2.357760e+07,3.302830e+05,-5.924921e+11,-1.897401e+12,-4.492144e+11,1,57
2.921976e+07,2.475320e+14,4.673201e+08,3.623880e+07,-2.950926e+15,-4.402085e+14,-2.517200e+15,2.447632e+07,4.189079e+14,4.141826e+08,3.487507e+07,-3.267198e+15,-6.255487e+14,-3.258217e+15,8.761392e+06,2.701345e+13,1.492946e+07,6.485721e+05,-1.151544e+12,-3.346922e+12,-1.080812e+12,2,89
1.655405e+07,6.678772e+13,1.603058e+08,1.314991e+07,-5.999324e+14,-1.072849e+14,-5.883541e+14,1.509797e+07,9.264375e+13,3.645992e+08,1.468534e+07,-1.059616e+15,-1.404582e+14,-1.061417e+15,6.928889e+06,8.070866e+12,3.416008e+07,4.615120e+06,4.771048e+13,7.890245e+12,6.295291e+12,0,94
4.880917e+07,4.362823e+14,6.153675e+08,3.608760e+07,-5.243118e+15,-7.329358e+14,-5.403689e+15,3.753501e+07,1.033678e+15,7.262015e+08,8.562959e+07,-2.063697e+16,-2.688681e+15,-2.045034e+16,1.668248e+07,1.334356e+14,1.613907e+07,9.941318e+05,3.956846e+12,1.147519e+13,1.853261e+12,0,79
3.701247e+07,2.176020e+14,3.698539e+08,2.534923e+07,-1.669642e+15,-3.175895e+14,-1.346266e+15,2.973479e+07,5.144315e+14,6.464509e+08,6.538954e+07,-1.207903e+16,-1.395359e+15,-1.664661e+16,1.500584e+07,5.965068e+13,2.920868e+07,3.394137e+05,3.292902e+11,-2.611471e+12,5.324817e+11,0,21
3.569980e+07,2.162035e+14,4.160331e+08,2.084211e+07,-9.765068e+14,-2.246855e+14,-9.027463e+14,2.815219e+07,4.971133e+14,7.541381e+08,9.404845e+07,-2.426815e+16,-2.063135e+15,-2.057582e+16,1.344836e+07,6.544474e+13,2.222498e+07,1.150573e+06,5.668522e+12,8.985536e+12,1.179392e+12,0,82
2.594083e+07,1.656989e+14,3.532551e+08,2.207852e+07,-1.919158e+15,-2.825627e+14,-1.905721e+15,2.120761e+07,3.106860e+14,4.877662e+08,5.072701e+07,-7.943057e+15,-8.915545e+14,-8.411493e+15,8.336624e+06,2.242091e+13,1.396733e+07,1.537340e+05,-3.665297e+10,2.800501e+11,2.199312e+11,0,83
3.201565e+07,2.281852e+14,4.285657e+08,3.725735e+07,-3.376556e+15,-4.506399e+14,-3.334413e+15,2.657125e+07,4.219871e+14,5.677776e+08,5.561923e+07,-9.196291e+15,-1.096087e+15,-7.396705e+15,1.150266e+07,3.622520e+13,1.729006e+07,1.161548e+05,-9.671315e+10,6.502752e+11,1.056788e+11,1,48
3.997458e+07,2.876866e+14,3.474157e+08,1.495081e+07,-9.093649e+14,-2.365223e+14,-8.729467e+14,3.175668e+07,6.341647e+14,8.682186e+08,1.132821e+08,-3.538589e+16,-2.847121e+15,-3.673488e+16,1.480055e+07,7.876478e+13,2.652855e+07,1.193958e+06,-5.786074e+12,-5.642425e+12,-3.329467e+12,3,84
3.108262e+07,2.729634e+14,4.229831e+08,3.222897e+07,-2.195685e+15,-4.026073e+14,-1.864518e+15,2.601793e+07,4.680155e+14,5.887150e+08,6.111666e+07,-1.123751e+16,-1.296959e+15,-1.218827e+16,9.508896e+06,2.732616e+13,1.316108e+07,9.232767e+04,1.017117e+11,4.786175e+11,-1.398907e+10,0,60
2.957839e+07,2.366986e+14,4.315228e+08,3.169204e+07,-3.297001e+15,-4.591756e+14,-3.096804e+15,2.470656e+07,4.118470e+14,5.301126e+08,5.297017e+07,-8.846883e+15,-1.072893e+15,-9.575591e+15,9.321547e+06,2.644426e+13,1.300893e+07,5.516843e+04,4.655805e+10,2.798638e+11,-6.972496e+09,3,60
3.455843e+07,2.991019e+14,3.351348e+08,2.278379e+07,-1.690442e+15,-3.614596e+14,-1.717499e+15,2.847296e+07,5.467151e+14,7.760635e+08,9.823378e+07,-2.562878e+16,-2.227624e+15,-2.505102e+16,1.117841e+07,3.720463e+13,1.542656e+07,5.401787e+05,-9.044582e+11,-3.184277e+12,1.189318e+12,0,13
3.786160e+07,3.020781e+14,3.024522e+08,1.877261e+07,-1.162135e+15,-3.006508e+14,-1.210052e+15,3.105876e+07,5.850568e+14,7.566454e+08,1.046396e+08,-2.857159e+16,-2.491406e+15,-2.833308e+16,1.367939e+07,4.926436e+13,2.008717e+07,1.905480e+06,-4.940176e+12,-1.328296e+13,8.554145e+12,0,30
2.818981e+07,1.408632e+14,2.706324e+08,1.292158e+07,-2.099518e+14,-8.821670e+13,-1.673315e+14,2.258263e+07,3.065099e+14,5.954505e+08,6.528099e+07,-1.262903e+16,-1.130572e+15,-1.043776e+16,1.072784e+07,3.176734e+13,3.172891e+07,1.972193e+05,-1.057563e+10,5.679890e+11,5.405180e+11,3,81
2.463771e+07,1.838267e+14,2.699972e+08,2.461960e+07,-2.003230e+15,-3.336057e+14,-2.057681e+15,2.113000e+07,2.912654e+14,5.120836e+08,5.779193e+07,-9.933825e+15,-9.856326e+14,-9.954715e+15,7.572314e+06,1.319835e+13,6.698585e+06,2.548381e+05,3.117074e+11,-6.172066e+11,-1.347418e+10,3,63
2.364324e+07,8.551288e+13,1.528633e+08,9.414751e+06,-2.341397e+14,-6.908132e+13,-2.269661e+14,1.987791e+07,1.701742e+14,5.744426e+08,7.732164e+07,-1.629217e+16,-1.008663e+15,-1.402832e+16,1.063328e+07,1.707937e+13,3.447321e+07,8.556039e+05,8.100252e+11,2.343203e+12,-5.032803e+12,2,64
3.392536e+07,2.445548e+14,3.489942e+08,3.162395e+07,-1.054246e+15,-2.849958e+14,-7.222375e+14,2.736048e+07,4.932687e+14,6.744936e+08,8.171744e+07,-1.663695e+16,-1.668017e+15,-1.265573e+16,1.173460e+07,4.309775e+13,1.510316e+07,4.920370e+05,1.258294e+10,-3.137264e+12,7.509545e+11,2,69
2.857227e+07,2.411101e+14,3.062168e+08,3.117006e+07,-2.576229e+15,-4.388295e+14,-2.620277e+15,2.474583e+07,3.746249e+14,6.383050e+08,7.363458e+07,-1.548519e+16,-1.398314e+15,-1.398702e+16,9.220394e+06,1.553385e+13,1.016725e+07,7.595049e+05,2.110531e+12,-1.215561e+12,-3.805998e+11,2,12
2.852099e+07,1.468462e+14,2.535954e+08,1.458883e+07,-2.923652e+14,-1.015337e+14,-2.352433e+14,2.348705e+07,2.942291e+14,6.699910e+08,7.557973e+07,-1.402837e+16,-1.145383e+15,-1.325527e+16,1.140439e+07,2.534993e+13,3.368154e+07,9.382883e+03,-5.245310e+09,4.718983e+10,-2.038737e+08,1,10
3.194934e+07,2.435875e+14,4.952556e+08,3.351467e+07,-4.144475e+15,-5.098107e+14,-4.296604e+15,2.604569e+07,4.632725e+14,6.011495e+08,6.465952e+07,-1.182779e+16,-1.332128e+15,-1.172205e+16,1.043846e+07,3.507314e+13,1.504966e+07,2.046676e+05,-1.039860e+11,2.547583e+11,3.556540e+11,0,43
4.902235e+07,4.208061e+14,4.147658e+08,2.130652e+07,-1.892321e+15,-4.242701e+14,-1.837863e+15,3.807575e+07,9.896433e+14,8.740925e+08,1.087956e+08,-3.319092e+16,-3.398895e+15,-3.412971e+16,1.758499e+07,1.334176e+14,2.767167e+07,3.845100e+05,-9.390131e+11,-1.373086e+12,-9.669320e+11,0,67
2.470113e+07,1.101405e+14,2.876292e+08,2.059045e+07,-1.467229e+15,-2.115703e+14,-1.347806e+15,2.066466e+07,2.183333e+14,5.161253e+08,4.672401e+07,-6.510732e+15,-6.450386e+14,-8.325993e+15,1.021327e+07,1.939910e+13,2.631822e+07,3.362409e+05,-3.812892e+11,1.293323e+12,7.662717e+11,2,53
2.644279e+07,1.545973e+14,2.050930e+08,1.481252e+07,-3.976775e+14,-1.333530e+14,-3.670243e+14,2.214423e+07,2.815244e+14,6.550022e+08,7.850997e+07,-1.771613e+16,-1.313189e+15,-1.492373e+16,9.710534e+06,1.897179e+13,2.286977e+07,4.242073e+05,1.241769e+12,-1.340189e+11,-5.059399e+11,3,65
3.911517e+07,3.120196e+14,6.567196e+08,3.710394e+07,-4.688379e+15,-5.818088e+14,-4.393092e+15,3.076117e+07,6.764786e+14,4.908278e+08,4.797388e+07,-6.695146e+15,-1.185353e+15,-6.897350e+15,1.310846e+07,7.390949e+13,2.294983e+07,1.380437e+06,-3.144090e+11,2.635492e+12,8.124942e+12,3,76
2.721599e+07,2.014005e+14,2.891186e+08,2.303229e+07,-8.040079e+14,-2.181391e+14,-5.623747e+14,2.295776e+07,3.402892e+14,6.677408e+08,8.174909e+07,-1.658914e+16,-1.387713e+15,-1.699087e+16,8.769147e+06,1.813642e+13,1.479980e+07,2.545021e+05,-1.578929e+10,-1.080110e+12,3.941088e+11,1,102
4.558856e+07,4.553299e+14,4.212453e+08,2.268344e+07,-1.455328e+15,-3.769776e+14,-1.262907e+15,3.750109e+07,8.721466e+14,1.080110e+09,1.553000e+08,-6.350729e+16,-4.581324e+15,-7.152599e+16,1.621024e+07,9.987413e+13,2.073392e+07,2.399621e+06,-1.676056e+13,-2.161193e+13,-8.568366e+11,0,73
