6.252071e+07,3.043968e+14,5.139103e+07,2.593253e+06,-2.936325e+13,4.475053e+13,-2.917040e+13,2.586218e+07,3.693626e+14,1.329964e+08,1.804186e+07,-8.822007e+14,-3.464927e+14,-8.483597e+14,4.330756e+07,1.389591e+15,1.659285e+07,4.545572e+06,3.305828e+13,3.011167e+12,9.310280e+12,3,72
6.266736e+07,5.218579e+14,6.943081e+06,1.233558e+05,-1.025408e+11,-2.012613e+12,-1.267659e+11,2.306532e+07,2.840492e+14,1.230965e+08,1.628761e+07,-7.272208e+14,-2.741032e+14,-7.719675e+14,4.583053e+07,1.574939e+15,7.133606e+05,1.721580e+06,1.189880e+12,4.636866e+13,3.251855e+11,3,93
7.052004e+07,2.262314e+14,5.946343e+06,2.860077e+05,-3.383877e+11,4.272255e+12,-3.224589e+11,2.955259e+07,6.781168e+14,1.418749e+08,1.584516e+07,-7.512345e+14,-4.126011e+14,-7.487109e+14,4.447966e+07,1.678418e+15,1.075918e+07,1.299636e+06,-3.502358e+12,-4.636164e+13,-3.541029e+12,0,26
5.164166e+07,1.608688e+14,1.364544e+07,1.056253e+07,-1.247900e+14,1.336589e+14,-1.085126e+14,2.293986e+07,2.589580e+14,1.254571e+08,1.797121e+07,-8.496515e+14,-2.877035e+14,-8.520183e+14,3.556332e+07,9.331804e+14,3.624204e+07,4.187947e+06,-5.079875e+13,-1.229330e+14,-7.002576e+11,3,96
6.332188e+07,4.610878e+14,7.015266e+06,1.175152e+07,-7.706213e+13,1.790931e+14,-2.497480e+13,2.420228e+07,3.178244e+14,1.504852e+08,1.909711e+07,-9.982395e+14,-3.359637e+14,-6.843399e+14,4.567045e+07,1.538021e+15,1.430553e+07,1.280443e+06,5.009488e+12,5.009753e+13,-1.348189e+12,1,55
6.760195e+07,3.747947e+14,5.690172e+06,2.682736e+06,2.836955e+12,3.071626e+13,2.023638e+11,2.663486e+07,4.709979e+14,1.379477e+08,1.653718e+07,-7.606657e+14,-3.501857e+14,-7.835255e+14,4.590028e+07,1.689399e+15,5.431451e+06,2.061134e+06,6.831003e+12,8.386298e+13,7.569094e+11,3,90
5.839632e+07,3.269966e+14,7.799321e+05,8.274042e+06,1.978564e+13,1.435417e+14,3.447856e+12,2.355826e+07,2.849111e+14,1.172617e+08,1.468238e+07,-5.872183e+14,-2.404736e+14,-6.200853e+14,4.159244e+07,1.309995e+15,2.307553e+07,4.991605e+06,2.578301e+13,2.198403e+13,-6.888004e+12,1,5
6.635844e+07,2.568487e+14,7.745333e+05,8.515572e+06,-8.473572e+12,1.083467e+14,2.128570e+13,2.959890e+07,4.564635e+14,1.203313e+08,1.491604e+07,-6.300023e+14,-3.185310e+14,-4.979376e+14,4.501408e+07,1.628033e+15,9.963912e+06,4.272175e+06,2.764482e+13,1.712257e+14,1.731192e+13,0,27
6.597809e+07,2.451358e+14,5.202042e+06,1.792793e+06,-9.841475e+11,1.583254e+13,1.390597e+11,2.738263e+07,5.447853e+14,1.466000e+08,1.711803e+07,-8.490064e+14,-3.960031e+14,-6.766082e+14,4.296459e+07,1.494637e+15,2.358372e+07,3.115565e+06,-2.668216e+13,-1.203249e+14,-2.069056e+13,0,28
6.112547e+07,1.857869e+14,3.037870e+07,4.362893e+07,-1.586376e+15,5.908726e+14,-1.696394e+15,2.779075e+07,3.931497e+14,1.462815e+08,2.165009e+07,-1.217861e+15,-4.292773e+14,-1.244842e+15,4.131107e+07,1.207662e+15,5.276636e+07,7.388441e+06,5.962201e+13,8.810583e+13,-1.035254e+14,0,67
4.227736e+07,1.702609e+14,2.365012e+07,5.148591e+06,-5.348641e+13,6.624278e+13,-6.996512e+13,1.787821e+07,1.311051e+14,1.344107e+08,1.761276e+07,-8.256594e+14,-1.974847e+14,-8.268696e+14,3.083001e+07,6.079287e+14,5.520199e+07,6.833795e+06,-1.043372e+14,-1.595572e+14,-6.920929e+13,3,91
5.850423e+07,2.585342e+14,2.741518e+07,2.048835e+07,-4.617662e+14,3.187907e+14,-4.939361e+14,2.672427e+07,2.480090e+14,9.888809e+07,1.809386e+07,-6.787872e+14,-2.608059e+14,-6.942221e+14,4.278016e+07,1.357809e+15,2.262993e+07,2.926616e+06,-1.332353e+13,-5.626044e+13,-1.242936e+13,0,16
6.683236e+07,4.389175e+14,3.355436e+06,1.846271e+07,-7.720128e+13,3.866043e+14,4.217092e+13,2.675143e+07,3.668450e+14,1.188818e+08,1.706159e+07,-7.642739e+14,-3.251591e+14,-7.036618e+14,4.768128e+07,1.704927e+15,2.054861e+07,7.036166e+06,8.218473e+13,2.899276e+14,3.041011e+13,3,99
4.850752e+07,2.550513e+14,2.481156e+07,2.971805e+06,-2.434204e+13,4.667106e+13,-3.025694e+13,1.898925e+07,1.868771e+14,1.267808e+08,1.648819e+07,-7.537422e+14,-2.252887e+14,-7.919768e+14,3.483913e+07,8.726521e+14,2.409402e+07,3.678735e+06,-2.404988e+13,-1.003749e+14,-2.074860e+13,3,78
5.386524e+07,1.077113e+14,5.338275e+06,2.357696e+06,-4.725682e+12,2.019024e+13,-3.743979e+12,2.456350e+07,3.606125e+14,1.528405e+08,1.886814e+07,-9.957370e+14,-3.552658e+14,-9.236221e+14,3.488576e+07,9.047558e+14,6.120200e+07,7.383888e+06,-1.470422e+14,-2.137593e+14,-1.058711e+14,2,102
6.534871e+07,3.088347e+14,8.899479e+05,1.131502e+06,-3.584087e+11,-6.142784e+12,-1.519223e+12,2.754132e+07,4.119114e+14,1.370493e+08,1.769019e+07,-8.589017e+14,-3.562413e+14,-9.044442e+14,4.506488e+07,1.600585e+15,1.642810e+07,2.164797e+06,-1.200110e+13,-8.422867e+13,-4.653272e+12,0,22
6.726136e+07,3.262359e+14,1.850926e+06,5.909915e+05,-5.910868e+11,-1.805323e+12,-6.388315e+11,2.706430e+07,4.914893e+14,1.472903e+08,1.759920e+07,-8.814291e+14,-3.862094e+14,-7.885183e+14,4.510492e+07,1.638798e+15,7.475829e+05,4.585221e+05,2.076110e+11,1.495964e+13,-1.706191e+11,1,84
6.361451e+07,3.083275e+14,8.917642e+06,1.930988e+07,2.532127e+14,3.126091e+14,6.995857e+13,2.569630e+07,4.155269e+14,1.353006e+08,1.716349e+07,-8.270962e+14,-3.498371e+14,-7.897744e+14,4.323314e+07,1.491165e+15,1.998025e+07,1.363682e+07,2.196994e+14,4.965207e+14,-4.975223e+13,2,82
5.596020e+07,1.220232e+14,1.639436e+06,1.140980e+07,-2.303119e+13,1.153278e+14,-1.293146e+13,2.502695e+07,3.996006e+14,1.244687e+08,1.536982e+07,-6.574771e+14,-3.040692e+14,-7.472125e+14,3.604446e+07,9.992067e+14,4.592894e+07,6.463667e+06,-2.699155e+13,-8.855915e+13,7.540840e+12,3,68
7.145645e+07,5.407819e+14,1.281301e+07,2.485180e+07,4.022659e+14,5.767002e+14,2.915441e+14,2.739451e+07,4.372647e+14,1.375891e+08,1.812022e+07,-9.028632e+14,-3.783395e+14,-1.009348e+15,5.064094e+07,2.002910e+15,4.148198e+07,2.081483e+07,6.112598e+14,9.011111e+14,5.197812e+14,3,80
5.656950e+07,4.458919e+14,9.137590e+05,1.276051e+07,-3.541144e+13,2.487337e+14,-5.442821e+13,2.136788e+07,2.139702e+14,1.145145e+08,1.632520e+07,-7.028292e+14,-2.371487e+14,-6.923400e+14,4.195786e+07,1.255510e+15,1.655332e+07,4.043104e+06,2.234835e+13,1.058487e+14,-2.361546e+13,1,10
6.647958e+07,4.720938e+14,5.966992e+05,7.938910e+06,1.727841e+13,1.717284e+14,1.664188e+13,2.576546e+07,3.628970e+14,1.475370e+08,1.975447e+07,-1.066261e+15,-3.762646e+14,-1.057509e+15,4.743058e+07,1.697300e+15,1.128788e+07,4.210707e+06,2.744151e+13,1.726662e+14,3.267178e+12,0,56
8.056351e+07,1.181258e+14,1.567173e+06,1.255543e+06,7.141051e+11,1.105628e+13,7.913678e+11,3.792567e+07,1.016852e+15,1.422489e+08,1.669038e+07,-8.056396e+14,-5.295880e+14,-9.021370e+14,4.879333e+07,2.036246e+15,4.315359e+06,1.249947e+06,1.681402e+12,7.145029e+12,-2.985131e+11,1,86
8.157531e+07,3.581874e+14,7.064976e+07,2.622156e+06,-2.535508e+13,4.261926e+13,-3.715445e+13,3.801142e+07,6.226552e+14,1.198401e+08,1.951012e+07,-9.198133e+14,-4.828119e+14,-9.276899e+14,5.663217e+07,2.526506e+15,1.425883e+06,3.063811e+06,5.458575e+12,1.157062e+14,-5.067772e+11,1,73
4.995197e+07,9.701832e+13,3.874233e+06,2.008702e+07,-1.745880e+14,1.966118e+14,-1.611527e+14,2.263779e+07,3.054231e+14,1.557879e+08,1.725863e+07,-8.940215e+14,-3.011870e+14,-8.354681e+14,3.247782e+07,7.460668e+14,9.002514e+07,1.253635e+07,-1.553736e+13,-6.896936e+13,7.247192e+13,1,40
1.042130e+08,1.492031e+14,5.323685e+06,1.727684e+07,3.836236e+13,1.766292e+14,1.151569e+14,5.114766e+07,1.678300e+15,3.844382e+08,4.511478e+07,-5.760304e+15,-1.816340e+15,-4.833145e+15,6.331890e+07,3.110825e+15,6.415379e+07,2.167412e+07,6.585597e+14,7.260360e+14,4.820800e+14,2,76
6.099020e+07,1.092065e+14,3.874703e+06,7.350453e+06,3.899310e+13,7.596310e+13,2.466605e+13,2.855248e+07,4.888689e+14,1.724484e+08,1.974782e+07,-1.123372e+15,-4.307686e+14,-1.039007e+15,3.893622e+07,1.194402e+15,6.047453e+07,1.511561e+07,3.069736e+14,2.211885e+14,2.925738e+14,0,76
4.590417e+07,2.107851e+14,6.633337e+05,4.143798e+06,-6.555941e+12,2.822103e+13,5.449600e+11,1.812227e+07,1.838440e+14,1.203837e+08,1.390967e+07,-5.628532e+14,-1.872364e+14,-6.378375e+14,3.248944e+07,7.723782e+14,4.755891e+07,6.876090e+06,-5.918577e+13,-1.212052e+14,-1.702324e+13,2,53
6.782630e+07,5.382438e+14,2.445772e+07,3.111677e+06,-7.559277e+12,3.039197e+13,1.373148e+12,2.538881e+07,3.779017e+14,1.269619e+08,1.649810e+07,-7.054445e+14,-3.072830e+14,-5.244802e+14,4.843373e+07,1.801484e+15,2.200857e+07,5.412940e+06,5.589104e+13,1.535750e+14,7.826784e+13,1,65
4.007272e+07,1.475478e+14,7.485175e+06,8.459809e+06,-6.314911e+13,1.004070e+14,-1.863465e+13,1.671158e+07,1.262766e+14,1.235589e+08,1.414029e+07,-5.704797e+14,-1.547623e+14,-5.105438e+14,2.883543e+07,5.499021e+14,5.252423e+07,5.436103e+06,-6.936791e+13,-9.435254e+13,-1.108631e+13,0,32
7.730695e+07,4.633720e+14,5.390888e+06,2.805316e+07,-1.878846e+14,5.408195e+14,-1.954409e+14,3.182128e+07,5.881883e+14,1.084414e+08,1.637930e+07,-5.826037e+14,-3.628798e+14,-5.649672e+14,5.331824e+07,2.202488e+15,4.503719e+07,1.485183e+07,3.839585e+14,6.656065e+14,3.990431e+14,3,98
5.843912e+07,4.761154e+14,1.161304e+07,3.604656e+06,-2.230509e+13,7.861608e+13,-2.181455e+13,2.258043e+07,2.079107e+14,1.046108e+08,1.647374e+07,-6.645213e+14,-2.308664e+14,-7.387484e+14,4.416636e+07,1.388205e+15,6.224859e+06,3.155229e+04,-8.658863e+09,3.636614e+11,-1.967543e+10,0,10
7.252900e+07,5.578731e+14,3.622035e+06,8.072024e+06,1.477264e+13,1.899187e+14,5.505947e+13,2.813267e+07,4.353912e+14,1.186725e+08,1.669115e+07,-7.428546e+14,-3.482058e+14,-6.475816e+14,5.169547e+07,2.029962e+15,1.765470e+07,3.466655e+06,2.686882e+13,1.553451e+14,1.496536e+13,2,99
5.392689e+07,1.991300e+14,5.509399e+05,1.278989e+07,1.200243e+13,1.212142e+14,-1.863209e+12,2.226275e+07,3.084517e+14,1.375791e+08,1.553518e+07,-6.162403e+14,-2.434974e+14,-6.315289e+14,3.637067e+07,1.036897e+15,4.261848e+07,9.680618e+06,1.247661e+14,1.023194e+14,1.047246e+14,3,61
8.001632e+07,2.388144e+14,1.610821e+07,6.396865e+05,-9.500675e+11,-9.589567e+12,-8.158540e+11,3.457610e+07,9.000981e+14,1.585695e+08,1.944191e+07,-1.024446e+15,-5.671944e+14,-9.615756e+14,5.001575e+07,2.086902e+15,1.219256e+07,2.196287e+06,8.274194e+12,2.964062e+13,1.230497e+13,3,95
6.202942e+07,4.782679e+14,1.078685e+07,8.622105e+06,-7.415125e+13,1.624570e+14,-3.532041e+13,2.332978e+07,2.868555e+14,1.496389e+08,1.881309e+07,-9.917334e+14,-3.175575e+14,-7.721125e+14,4.519885e+07,1.514114e+15,1.132346e+07,5.362126e+05,1.309022e+12,2.034714e+13,2.952075e+11,0,55
5.048359e+07,3.619770e+14,1.974943e+06,1.694406e+05,-9.747914e+10,-2.889995e+12,1.743914e+10,1.871703e+07,1.623631e+14,1.055037e+08,1.179316e+07,-4.132393e+14,-1.501394e+14,-4.272336e+14,3.774268e+07,1.012723e+15,3.295176e+07,4.035116e+06,-1.937763e+13,-1.061374e+14,-2.140384e+13,2,66
6.670744e+07,4.331109e+14,1.151478e+06,5.454256e+06,1.314778e+13,9.718430e+13,1.267639e+13,2.708598e+07,3.542086e+14,1.429887e+08,1.904291e+07,-9.616671e+14,-3.504915e+14,-9.719961e+14,4.789592e+07,1.754164e+15,1.395646e+07,4.325624e+06,3.360813e+13,1.678233e+14,4.016401e+13,3,56
6.717293e+07,2.954877e+14,9.427183e+06,9.441304e+05,8.594586e+11,1.509565e+13,3.092407e+12,2.723259e+07,5.210376e+14,1.399480e+08,1.632005e+07,-7.652698e+14,-3.690372e+14,-6.679690e+14,4.438691e+07,1.595819e+15,3.254322e+06,1.999010e+06,4.792499e+12,6.237643e+13,-5.797408e+11,2,84
5.078496e+07,2.455159e+14,2.016816e+07,7.700211e+06,-8.610588e+13,1.183741e+14,-8.994142e+13,2.031197e+07,2.227551e+14,1.188381e+08,1.597363e+07,-6.929334e+14,-2.375135e+14,-6.265848e+14,3.591761e+07,9.493214e+14,3.234137e+07,4.310616e+06,-5.089389e+13,-1.304463e+14,-1.797225e+13,2,92
6.262304e+07,2.473738e+14,2.582935e+07,4.936025e+05,-1.671990e+12,7.596690e+12,-2.005191e+12,2.554264e+07,4.662513e+14,1.378092e+08,1.619294e+07,-6.785202e+14,-3.234512e+14,-7.546221e+14,4.118599e+07,1.381785e+15,3.117191e+05,6.951361e+05,3.218025e+11,2.240465e+13,-6.075367e+10,2,62
5.602008e+07,1.892186e+14,5.406260e+06,1.022036e+07,7.584157e+13,1.382998e+14,8.838172e+13,2.303625e+07,3.710364e+14,1.261496e+08,1.356347e+07,-5.583447e+14,-2.603822e+14,-5.891565e+14,3.678359e+07,1.090194e+15,3.892663e+07,1.032964e+07,1.639320e+14,1.451650e+14,5.389173e+13,0,83
5.539527e+07,1.893609e+14,2.781288e+05,1.000216e+07,-1.590256e+13,1.371151e+14,-1.785350e+13,2.279105e+07,3.561941e+14,1.349192e+08,1.476951e+07,-6.592923e+14,-2.787420e+14,-6.333819e+14,3.653361e+07,1.068812e+15,4.678332e+07,9.382014e+06,9.497361e+13,3.537766e+13,8.906806e+13,1,57
5.464473e+07,2.008844e+14,5.932355e+06,4.033715e+05,6.117952e+11,-2.719812e+12,6.095566e+11,2.451849e+07,2.568995e+14,1.855423e+08,2.024343e+07,-1.164760e+15,-3.140784e+14,-1.163160e+15,3.861944e+07,1.036482e+15,5.996379e+07,6.215788e+06,-1.198795e+14,-1.940094e+14,-1.320039e+14,3,59
7.076106e+07,3.842021e+14,1.548896e+07,2.073922e+06,1.069855e+13,3.667462e+13,5.025308e+12,2.813072e+07,5.326701e+14,1.444767e+08,1.675616e+07,-8.237023e+14,-3.864056e+14,-8.268912e+14,4.768252e+07,1.817601e+15,5.767678e+06,3.430088e+06,1.521918e+13,1.454273e+14,3.233705e+12,0,11
8.582206e+07,4.676217e+14,2.663258e+07,6.375741e+06,8.266514e+13,1.371488e+14,9.131077e+13,3.467722e+07,8.785966e+14,1.345886e+08,1.634679e+07,-7.647431e+14,-4.838564e+14,-7.522404e+14,5.618133e+07,2.623341e+15,2.212871e+07,1.046239e+07,1.585257e+14,4.658599e+14,1.699655e+14,0,13
4.827968e+07,3.752629e+14,1.745489e+07,3.502165e+06,-2.189996e+13,6.128837e+13,-2.136074e+13,1.939001e+07,9.127964e+13,8.638144e+07,1.491450e+07,-5.353222e+14,-1.424662e+14,-5.644919e+14,3.872825e+07,1.036430e+15,2.924284e+06,8.343326e+05,1.304921e+11,-2.074693e+13,8.896258e+11,1,64
6.432389e+07,5.535467e+14,5.576768e+07,1.798793e+05,5.645372e+11,-2.580269e+12,6.330690e+11,2.623403e+07,2.242238e+14,9.232818e+07,1.590479e+07,-5.891252e+14,-2.266617e+14,-6.319838e+14,4.958914e+07,1.784257e+15,2.297761e+06,4.368375e+06,-8.012644e+11,1.826318e+14,-3.255989e+12,1,35
5.165933e+07,2.324124e+14,1.170751e+07,4.725142e+06,-3.324367e+13,7.087309e+13,-3.097493e+13,2.114327e+07,2.336476e+14,1.251906e+08,1.589143e+07,-6.982352e+14,-2.407200e+14,-6.797792e+14,3.638573e+07,9.946856e+14,3.918303e+07,4.382289e+06,-5.223623e+13,-1.350943e+14,-2.342292e+13,0,8
9.340234e+07,2.110117e+14,3.819831e+07,1.255795e+06,-8.330703e+12,-5.532757e+12,-8.965860e+12,4.272937e+07,1.325925e+15,1.333620e+08,1.538034e+07,-6.958499e+14,-5.600102e+14,-7.751498e+14,5.722803e+07,2.824925e+15,7.223615e+06,3.940420e+06,1.995646e+13,1.363578e+14,-5.917056e+12,0,86
6.727977e+07,2.211462e+14,1.013048e+07,1.735331e+06,6.476896e+12,2.528884e+13,6.430717e+12,2.818115e+07,5.909937e+14,1.409394e+08,1.595637e+07,-7.514098e+14,-3.863850e+14,-7.586084e+14,4.296948e+07,1.530560e+15,9.406390e+06,4.426549e+06,2.727471e+13,1.092305e+14,1.164660e+13,1,63
4.780590e+07,2.498467e+14,2.166972e+07,2.734298e+06,-1.903391e+13,4.286825e+13,-1.413615e+13,1.882556e+07,1.757363e+14,1.225970e+08,1.548789e+07,-6.042701e+14,-1.904752e+14,-6.496982e+14,3.462798e+07,8.418572e+14,3.354004e+07,4.330996e+06,-1.978010e+13,-1.047859e+14,-2.028681e+13,2,51
6.002201e+07,2.812598e+14,2.992471e+06,8.847026e+05,1.102679e+12,-4.304027e+12,1.922212e+12,2.422966e+07,3.695531e+14,1.446414e+08,1.723054e+07,-8.588423e+14,-3.308143e+14,-9.741538e+14,4.091296e+07,1.283873e+15,3.043807e+07,4.137795e+06,-4.561342e+13,-1.481389e+14,-4.331128e+13,3,48
6.410304e+07,3.127274e+14,1.253316e+07,2.894878e+07,5.488050e+14,5.114223e+14,5.525547e+14,2.547288e+07,4.405631e+14,1.269427e+08,1.463708e+07,-6.272351e+14,-3.058691e+14,-5.903772e+14,4.315472e+07,1.492292e+15,3.706050e+07,2.289637e+07,6.595408e+14,8.231969e+14,-1.826984e+14,0,14
3.864626e+07,8.140120e+13,5.901178e+06,1.554001e+07,-1.487410e+14,1.332843e+14,-7.061552e+13,1.783123e+07,1.391461e+14,1.541985e+08,1.664885e+07,-8.134378e+14,-1.911192e+14,-7.087044e+14,2.685092e+07,4.394058e+14,1.041867e+08,1.288085e+07,-1.554149e+14,-9.685928e+13,1.461855e+13,1,54
6.089735e+07,2.934355e+14,1.798166e+06,8.686132e+06,3.293909e+13,1.487888e+14,2.185510e+13,2.425027e+07,3.810095e+14,1.421658e+08,1.634731e+07,-7.873141e+14,-3.187907e+14,-7.941074e+14,4.137851e+07,1.343019e+15,2.908954e+07,7.776621e+06,8.199916e+13,1.119672e+14,2.707654e+13,1,52
6.746441e+07,2.644221e+14,4.823862e+06,7.192827e+05,1.139490e+12,1.167902e+13,8.528601e+11,2.766305e+07,5.592255e+14,1.399195e+08,1.590059e+07,-7.483310e+14,-3.754668e+14,-7.736958e+14,4.381937e+07,1.587329e+15,1.328402e+07,3.179366e+06,1.232933e+13,1.124160e+13,1.192284e+13,0,63
7.731956e+07,3.567116e+14,5.796811e+05,2.848812e+06,2.240704e+12,5.246672e+13,4.345204e+12,3.161169e+07,7.203761e+14,1.557543e+08,1.850437e+07,-9.926991e+14,-4.960288e+14,-9.747869e+14,5.049820e+07,2.099460e+15,4.199475e+06,1.189624e+06,2.387946e+12,4.976423e+13,-1.237226e+12,3,101
4.255063e+07,1.966826e+14,1.811434e+07,3.161288e+06,-2.038312e+13,4.203457e+13,-2.057363e+13,1.752682e+07,1.231092e+14,1.255364e+08,1.675457e+07,-6.766504e+14,-1.710388e+14,-6.553742e+14,3.152424e+07,6.450602e+14,4.988731e+07,6.615187e+06,-6.775656e+13,-1.409308e+14,-5.688637e+13,2,91
8.579144e+07,5.027322e+14,2.686062e+07,3.059075e+06,-2.653329e+13,6.346357e+13,-2.249817e+13,3.435162e+07,8.848959e+14,1.463176e+08,1.770160e+07,-7.610446e+14,-4.802832e+14,-1.018076e+15,5.661602e+07,2.652481e+15,9.859963e+05,8.018086e+03,3.132855e+08,-1.249189e+11,1.372059e+08,3,49
5.371758e+07,1.455508e+14,8.886105e+05,3.670983e+06,-3.916714e+12,3.710903e+13,-3.742122e+12,2.342309e+07,3.351804e+14,1.339508e+08,1.606705e+07,-7.256690e+14,-2.887316e+14,-7.325494e+14,3.541801e+07,9.473408e+14,6.161037e+07,7.403850e+06,-1.390017e+14,-2.126632e+14,-6.851762e+13,0,102
6.241360e+07,2.602045e+14,1.181339e+06,9.925311e+05,-1.069564e+12,1.011289e+13,1.702839e+11,2.583754e+07,4.222386e+14,1.413279e+08,1.710907e+07,-8.349902e+14,-3.500256e+14,-7.337848e+14,4.189652e+07,1.400936e+15,6.132984e+06,8.375899e+05,-1.762117e+12,-2.843754e+13,-2.915279e+11,1,0
6.502228e+07,4.159844e+14,6.107472e+05,8.313616e+04,1.689084e+10,1.658710e+12,1.586053e+10,2.735902e+07,2.989105e+14,1.556680e+08,2.287078e+07,-1.363370e+15,-3.945025e+14,-1.366049e+15,4.774727e+07,1.662636e+15,2.028954e+07,5.233100e+06,7.393560e+12,-5.341845e+13,-6.242353e+12,0,36
7.386096e+07,3.351419e+14,2.300007e+06,5.091750e+06,9.834200e+12,6.440405e+13,8.376034e+12,3.051107e+07,6.401676e+14,1.450142e+08,1.750295e+07,-8.805693e+14,-4.425621e+14,-7.376227e+14,4.868649e+07,1.960669e+15,5.744977e+06,3.380701e+06,1.410307e+13,1.387511e+14,-4.190244e+12,0,18
6.436758e+07,6.353572e+14,1.824434e+07,2.017091e+07,3.850886e+14,5.084299e+14,3.714550e+14,2.523625e+07,1.946664e+14,1.227927e+08,1.921287e+07,-9.279816e+14,-2.677136e+14,-8.765759e+14,5.041787e+07,1.811126e+15,1.553805e+07,2.582506e+07,5.017872e+14,1.079696e+15,5.617245e+14,2,97
7.344644e+07,2.830516e+14,6.680409e+06,5.748577e+06,2.793490e+13,9.460083e+13,2.361569e+13,3.405843e+07,5.155315e+14,1.433373e+08,2.112355e+07,-1.088702e+15,-4.536401e+14,-1.088661e+15,5.083724e+07,2.052362e+15,3.194273e+07,1.736897e+07,3.985498e+14,5.811759e+14,3.541405e+14,2,79
7.191472e+07,3.570366e+14,3.451755e+06,1.617798e+06,-3.787214e+12,5.694748e+12,8.085202e+10,2.924348e+07,5.696789e+14,1.412597e+08,1.673473e+07,-7.676764e+14,-3.840870e+14,-5.937272e+14,4.807998e+07,1.864075e+15,1.882501e+07,4.054486e+06,1.368849e+13,-9.978573e+12,1.719700e+13,3,79
8.078306e+07,1.223589e+14,8.866239e+06,1.566279e+06,2.002629e+12,9.477900e+12,5.175334e+11,3.704328e+07,1.074712e+15,1.421104e+08,1.628729e+07,-7.777494e+14,-5.312975e+14,-8.521897e+14,4.810457e+07,1.986538e+15,4.772909e+06,2.511727e+06,8.146787e+12,7.048951e+13,-1.045122e+12,3,86
4.487375e+07,2.683278e+14,1.178183e+07,5.703248e+05,1.468020e+12,-5.659448e+12,1.622787e+12,1.737017e+07,1.263006e+14,1.215995e+08,1.540808e+07,-6.666846e+14,-1.730961e+14,-7.665848e+14,3.372858e+07,7.689773e+14,2.389360e+07,4.323265e+06,-1.973800e+13,-9.703366e+13,-1.913127e+13,1,94
5.834479e+07,2.334886e+14,2.746653e+06,3.966538e+06,-1.199279e+13,4.768376e+13,-4.378440e+12,2.398777e+07,3.692442e+14,1.451417e+08,1.709339e+07,-8.500906e+14,-3.280413e+14,-7.212803e+14,3.918044e+07,1.184077e+15,3.929350e+07,5.733320e+06,-4.320161e+13,-1.237132e+14,-2.047556e+13,1,48
7.877972e+07,3.884554e+14,2.194254e+06,2.416804e+07,1.109854e+14,4.732373e+14,-6.083146e+13,3.297898e+07,6.813684e+14,1.122235e+08,1.549241e+07,-6.459631e+14,-4.043948e+14,-6.710447e+14,5.268561e+07,2.189248e+15,3.595321e+07,1.351109e+07,2.977598e+14,6.136007e+14,2.605893e+14,0,98
5.403345e+07,1.724034e+14,8.975681e+05,4.541688e+06,8.973993e+12,5.687422e+13,8.518146e+12,2.315117e+07,3.288546e+14,1.397882e+08,1.541482e+07,-6.614626e+14,-2.655171e+14,-6.277631e+14,3.600173e+07,9.992150e+14,5.349558e+07,9.560616e+06,7.108196e+13,1.218591e+13,8.591461e+13,1,61
5.346121e+07,1.815275e+14,7.513948e+06,7.658649e+06,-5.745232e+13,9.473030e+13,-3.187004e+13,2.342998e+07,2.765098e+14,1.267441e+08,1.771075e+07,-8.320199e+14,-2.927291e+14,-7.222936e+14,3.685272e+07,1.017607e+15,2.981329e+07,3.392259e+06,-3.361868e+13,-1.035427e+14,6.038618e+10,0,96
3.989271e+07,8.540706e+13,8.412010e+06,3.065586e+06,-1.551076e+13,2.825482e+13,-1.599993e+13,1.794267e+07,1.649255e+14,1.427641e+08,1.642030e+07,-7.893083e+14,-2.096519e+14,-8.319138e+14,2.707445e+07,4.830257e+14,7.975737e+07,9.213976e+06,-2.455720e+14,-1.950002e+14,-1.979580e+14,2,37
6.678465e+07,2.803272e+14,2.795474e+06,1.925767e+06,3.536846e+12,2.553814e+13,3.073466e+12,2.753628e+07,5.066197e+14,1.463571e+08,1.734165e+07,-8.656435e+14,-3.878920e+14,-8.762558e+14,4.427799e+07,1.584536e+15,2.656945e+06,1.810576e+06,3.737248e+12,5.973664e+13,-1.580046e+12,0,84
6.935525e+07,7.378052e+14,1.861048e+06,1.301383e+07,6.339192e+13,3.240302e+14,6.759118e+13,2.578211e+07,2.724419e+14,1.324412e+08,1.916405e+07,-9.485897e+14,-3.093299e+14,-8.952464e+14,5.287449e+07,2.000060e+15,8.474106e+06,8.372484e+06,5.984673e+13,3.728493e+14,8.379953e+12,0,97
6.842659e+07,1.841747e+14,2.273011e+06,4.983100e+06,1.170713e+13,6.665367e+13,2.223087e+13,2.968932e+07,6.342506e+14,1.338292e+08,1.579015e+07,-7.255216e+14,-3.976452e+14,-6.939772e+14,4.326022e+07,1.584694e+15,1.326941e+07,3.532453e+06,1.594847e+13,3.535889e+13,-3.384053e+11,0,74
6.277660e+07,2.192594e+14,3.409362e+06,4.076269e+06,-9.183553e+12,5.048804e+13,-1.030824e+13,2.663788e+07,4.582920e+14,1.420436e+08,1.761869e+07,-8.809240e+14,-3.769714e+14,-7.769165e+14,4.144530e+07,1.373688e+15,2.558069e+07,2.859920e+06,-2.435960e+13,-1.031848e+14,-5.195216e+12,1,104
7.143076e+07,2.484306e+14,1.013117e+06,1.913281e+06,-2.615273e+12,2.271923e+13,-1.132620e+12,2.948065e+07,6.885107e+14,1.243345e+08,1.421436e+07,-5.351713e+14,-3.506390e+14,-5.481658e+14,4.519130e+07,1.761410e+15,1.122048e+07,1.974023e+06,2.238245e+12,-1.185946e+13,3.178631e+12,1,88
7.079182e+07,4.399738e+14,2.233896e+07,1.548782e+07,2.388960e+14,3.134240e+14,3.167326e+14,2.774743e+07,4.913277e+14,1.428130e+08,1.770806e+07,-8.869282e+14,-3.919427e+14,-7.480524e+14,4.872189e+07,1.852827e+15,3.098762e+07,1.445440e+07,3.058922e+14,5.968529e+14,1.682193e+14,0,80
6.200978e+07,4.635843e+14,8.875148e+05,3.166734e+06,2.052461e+12,-5.799043e+12,2.327539e+12,2.315440e+07,3.015452e+14,1.277998e+08,1.612871e+07,-6.935225e+14,-2.669283e+14,-5.899948e+14,4.464775e+07,1.517285e+15,8.174421e+06,1.416304e+06,-1.562202e+12,-1.818763e+13,1.747720e+11,0,34
5.080526e+07,2.340993e+14,3.117648e+07,3.616686e+06,-2.928035e+13,5.174407e+13,-3.827978e+13,2.106515e+07,2.092698e+14,1.132744e+08,1.702696e+07,-7.354008e+14,-2.437268e+14,-7.003222e+14,3.636498e+07,9.639047e+14,3.256139e+07,5.881348e+06,-1.057738e+13,-1.058794e+14,-2.080483e+13,1,92
6.055029e+07,2.343665e+14,9.819323e+06,6.590610e+06,-4.574847e+13,9.135582e+13,-4.477617e+13,2.812747e+07,2.944666e+14,1.108595e+08,1.893193e+07,-8.584469e+14,-3.226483e+14,-8.031358e+14,4.339206e+07,1.448485e+15,2.178249e+07,2.604068e+06,-1.351491e+13,-9.165927e+13,7.096400e+12,0,25
6.808870e+07,2.763359e+14,8.295092e+06,2.000797e+07,-2.521934e+14,3.185411e+14,-1.135682e+14,2.905535e+07,5.093667e+14,1.731915e+08,2.183031e+07,-1.340331e+15,-4.916342e+14,-1.154164e+15,4.554856e+07,1.612900e+15,1.884489e+07,5.671865e+06,4.528678e+13,1.357197e+14,-2.993871e+13,0,70
6.066050e+07,2.061922e+14,1.067290e+07,2.813062e+06,1.784024e+12,1.912981e+13,2.002446e+12,2.592298e+07,4.214553e+14,1.409939e+08,1.538497e+07,-7.132349e+14,-3.149485e+14,-6.052591e+14,4.018585e+07,1.221601e+15,5.095828e+07,7.524517e+06,-1.778850e+12,-9.744048e+13,2.962705e+13,0,3
5.365757e+07,2.222194e+14,2.867324e+06,2.298251e+06,-3.712187e+12,2.285266e+13,-1.872351e+12,2.283692e+07,2.578368e+14,1.674684e+08,1.769762e+07,-9.626928e+14,-2.839249e+14,-8.265074e+14,3.768413e+07,9.787767e+14,5.339623e+07,5.380115e+06,-8.994381e+13,-1.525352e+14,-6.269195e+13,0,59
4.458189e+07,1.819794e+14,1.033932e+07,3.495160e+07,-6.621735e+14,4.512083e+14,-5.407461e+14,1.915895e+07,1.474453e+14,1.193914e+08,1.882965e+07,-8.591708e+14,-2.255445e+14,-6.937108e+14,3.252066e+07,6.887896e+14,6.931246e+07,1.042099e+07,-2.363805e+13,-3.466479e+13,-8.729243e+13,2,81
5.429415e+07,1.931941e+14,9.610264e+05,1.178936e+07,1.179565e+13,1.630684e+14,5.263208e+13,2.267040e+07,3.288002e+14,1.381294e+08,1.470657e+07,-6.399102e+14,-2.588920e+14,-5.275375e+14,3.648759e+07,1.024526e+15,4.114278e+07,1.044393e+07,1.551063e+14,1.545738e+14,8.941597e+13,2,61
5.285770e+07,5.218432e+14,1.664028e+07,6.114319e+05,1.532365e+11,5.012579e+12,4.367285e+11,1.962662e+07,1.091136e+14,8.709053e+07,1.461266e+07,-5.199396e+14,-1.523041e+14,-4.252810e+14,4.244803e+07,1.259392e+15,2.050232e+06,2.209505e+06,4.690160e+12,2.764359e+13,-3.313434e+11,2,64
8.209978e+07,2.495019e+14,1.311518e+07,1.919497e+06,8.940100e+12,2.872590e+13,9.116430e+12,3.537805e+07,9.610947e+14,1.506796e+08,1.822432e+07,-9.324608e+14,-5.569163e+14,-9.575846e+14,5.112179e+07,2.187106e+15,1.845951e+07,5.210406e+06,4.672373e+13,1.330176e+14,6.779173e+13,0,95
6.209657e+07,2.366812e+14,5.628570e+05,5.690189e+06,3.399149e+12,5.275157e+13,-6.541774e+12,2.648742e+07,4.206009e+14,1.364447e+08,1.699739e+07,-8.121967e+14,-3.456848e+14,-7.191150e+14,4.159117e+07,1.379080e+15,1.123284e+07,2.206626e+06,2.521208e+12,-3.810284e+12,-1.840161e+12,0,0
7.775585e+07,3.589814e+14,8.573440e+06,1.548652e+06,3.609853e+11,1.451110e+13,-8.349363e+11,3.150436e+07,7.549358e+14,1.406735e+08,1.630001e+07,-7.675040e+14,-4.444138e+14,-8.669985e+14,5.037326e+07,2.143776e+15,1.358828e+06,8.741921e+04,-1.558266e+10,-2.837103e+12,-1.178436e+10,1,49
6.596075e+07,2.335308e+14,4.980530e+07,4.661067e+05,-2.628284e+11,3.880651e+12,-3.001864e+11,2.768319e+07,5.558959e+14,1.308427e+08,1.528362e+07,-5.936506e+14,-3.311690e+14,-7.634409e+14,4.281402e+07,1.473562e+15,3.454470e+06,5.438748e+06,2.329065e+13,2.065709e+14,-6.209310e+12,3,62
4.419935e+07,1.649997e+14,1.483935e+05,1.060096e+07,-1.021857e+13,1.128659e+14,-4.677059e+12,1.817568e+07,1.793297e+14,1.230182e+08,1.450499e+07,-6.021586e+14,-1.922068e+14,-6.711384e+14,3.090549e+07,6.854466e+14,5.096602e+07,8.663455e+06,7.150016e+12,-6.001247e+13,3.661940e+13,0,53
4.512289e+07,1.956623e+14,2.191709e+07,9.274141e+06,-1.210655e+14,1.097285e+14,-8.982678e+13,1.955743e+07,1.389045e+14,1.191371e+08,1.950560e+07,-9.351076e+14,-2.271698e+14,-7.788582e+14,3.333748e+07,7.432059e+14,3.581022e+07,4.655418e+06,-4.036511e+13,-1.186139e+14,3.020523e+12,1,33
7.140291e+07,2.127315e+14,2.444418e+06,8.264265e+06,-2.006060e+13,1.190604e+14,1.308550e+13,3.156925e+07,6.445455e+14,1.335768e+08,1.641679e+07,-7.595854e+14,-4.107709e+14,-7.113724e+14,4.602772e+07,1.703953e+15,3.953410e+07,5.424199e+06,-2.493395e+13,-1.226263e+14,5.254134e+12,0,79
5.174752e+07,2.440032e+14,1.584664e+07,1.058667e+06,4.286211e+12,-5.372083e+12,4.789370e+12,2.078043e+07,2.433002e+14,1.399611e+08,1.704695e+07,-8.001427e+14,-2.581225e+14,-6.664057e+14,3.638976e+07,9.672690e+14,2.542408e+07,4.123432e+06,-2.511587e+13,-1.094152e+14,-2.481491e+13,0,92
6.027130e+07,2.630373e+14,1.551759e+06,8.153799e+06,2.569244e+13,1.122392e+14,1.802303e+13,2.463215e+07,3.832811e+14,1.374639e+08,1.750018e+07,-8.572832e+14,-3.424283e+14,-7.494687e+14,4.075378e+07,1.304759e+15,1.149149e+07,4.948979e+06,3.114575e+13,1.281113e+14,-1.840612e+13,1,82
6.787656e+07,3.118054e+14,2.301523e+06,2.454851e+05,-1.842131e+11,-2.768145e+12,-2.276482e+11,2.780262e+07,5.060521e+14,1.486694e+08,1.737458e+07,-8.812346e+14,-3.899155e+14,-9.028551e+14,4.538177e+07,1.646386e+15,2.156614e+06,8.054387e+04,1.050270e+10,6.351712e+11,4.490620e+10,1,90
5.689593e+07,3.650582e+14,1.500989e+05,6.009447e+06,-3.612535e+12,1.148134e+14,-7.880761e+12,2.154654e+07,2.669783e+14,1.248621e+08,1.493533e+07,-6.335841e+14,-2.409003e+14,-6.939917e+14,4.062557e+07,1.252824e+15,1.848096e+07,4.444370e+06,1.826460e+13,1.828257e+13,1.067676e+13,2,58
4.557045e+07,2.132751e+14,3.208437e+07,1.640250e+05,1.980777e+11,-2.096285e+12,3.692764e+11,1.824815e+07,1.631029e+14,1.204682e+08,1.393747e+07,-5.667070e+14,-1.774680e+14,-5.735040e+14,3.280068e+07,7.483802e+14,3.118004e+07,5.837594e+06,2.130831e+13,-4.989739e+13,3.254513e+13,0,39
5.856830e+07,1.251659e+14,2.018502e+05,2.433264e+07,-4.184835e+13,2.701668e+14,-1.829451e+13,2.642544e+07,4.432123e+14,1.179441e+08,1.493241e+07,-6.048564e+14,-3.079218e+14,-6.777026e+14,3.760863e+07,1.082839e+15,6.833868e+07,1.255437e+07,1.314218e+14,1.761476e+13,-1.068774e+13,2,68
5.583162e+07,2.211637e+14,9.268684e+06,4.677896e+05,-3.379581e+11,3.700962e+12,4.238660e+10,2.285723e+07,3.323440e+14,1.418724e+08,1.665713e+07,-8.096220e+14,-3.036611e+14,-8.997745e+14,3.770239e+07,1.092463e+15,2.648692e+07,3.649774e+06,-2.480891e+13,-1.020723e+14,-2.465409e+13,2,71
4.745815e+07,2.468686e+14,1.872137e+06,4.877571e+06,-3.396169e+09,4.417359e+13,-1.299619e+12,1.924887e+07,1.563122e+14,1.515195e+08,1.687541e+07,-8.091441e+14,-2.021516e+14,-8.523461e+14,3.495598e+07,8.189670e+14,4.342944e+07,4.606423e+06,-5.319499e+13,-8.916898e+13,-2.033819e+13,0,17
5.327304e+07,1.729560e+14,2.201031e+07,8.062599e+06,-1.029937e+14,1.011072e+14,-9.089546e+13,2.372315e+07,2.698983e+14,1.268766e+08,1.851617e+07,-8.969931e+14,-3.038832e+14,-8.119185e+14,3.685359e+07,1.008128e+15,2.616556e+07,3.253981e+06,-2.476376e+13,-9.950616e+13,-1.311424e+12,1,96
4.660451e+07,2.202359e+14,6.965328e+06,7.871187e+06,-5.828117e+13,1.140276e+14,-6.946873e+13,1.911287e+07,1.652779e+14,1.041972e+08,1.426133e+07,-5.466998e+14,-1.831131e+14,-6.091371e+14,3.385519e+07,8.375243e+14,4.369320e+07,4.865171e+06,-6.996052e+13,-1.365792e+14,-7.083942e+12,3,77
4.156112e+07,2.540025e+14,1.454866e+07,2.791095e+06,-6.097880e+12,2.181203e+13,-1.498419e+12,1.565676e+07,1.005547e+14,1.065359e+08,1.239398e+07,-4.344177e+14,-1.189708e+14,-3.354075e+14,3.153353e+07,6.714800e+14,3.423125e+07,4.033700e+06,-4.356996e+13,-1.038569e+14,-3.643176e+13,2,75
7.485892e+07,4.596767e+14,2.855401e+07,1.162106e+06,5.174636e+12,2.417225e+13,4.930178e+12,2.908313e+07,6.015724e+14,1.251639e+08,1.432454e+07,-5.848091e+14,-3.445789e+14,-5.911931e+14,5.033257e+07,2.095478e+15,1.040227e+07,5.736251e+06,4.321966e+13,1.860183e+14,1.011570e+13,3,63
7.160904e+07,2.555432e+14,2.777877e+07,3.578574e+07,-1.127812e+15,5.720344e+14,-1.172269e+15,3.188641e+07,5.653541e+14,1.891199e+08,2.560983e+07,-1.780405e+15,-6.082195e+14,-1.864278e+15,4.786045e+07,1.646012e+15,4.975639e+07,5.537495e+06,2.128391e+13,5.676702e+13,-5.707736e+13,2,67
6.401439e+07,6.755897e+14,8.065937e+06,1.083755e+07,1.011447e+14,2.801781e+14,1.236755e+14,2.418318e+07,1.941275e+14,1.199664e+08,1.835279e+07,-8.579584e+14,-2.541829e+14,-8.824231e+14,5.011528e+07,1.781100e+15,6.359025e+06,1.185841e+07,8.995080e+13,4.966365e+14,7.643173e+13,3,97
8.179554e+07,4.665227e+14,5.976627e+07,7.953488e+05,-8.417858e+11,1.284872e+13,-3.180945e+12,3.589508e+07,5.986957e+14,1.310282e+08,1.967162e+07,-9.968541e+14,-4.796580e+14,-1.102037e+15,5.749406e+07,2.587551e+15,5.016050e+05,2.503209e+06,-1.184748e+12,1.267497e+14,-1.145886e+12,0,73
4.178195e+07,2.304332e+14,1.940618e+07,6.032965e+05,-1.203065e+12,7.153909e+12,-1.212997e+12,1.614794e+07,1.095977e+14,1.139066e+08,1.432464e+07,-5.775063e+14,-1.497052e+14,-5.569491e+14,3.131317e+07,6.704907e+14,3.266064e+07,4.988973e+06,-4.059417e+13,-1.154015e+14,-4.022800e+13,2,94
5.733719e+07,2.727200e+14,4.586643e+07,7.079598e+06,-1.238990e+14,1.136941e+14,-1.085148e+14,2.535340e+07,2.396013e+14,1.064980e+08,1.771136e+07,-7.680036e+14,-2.735933e+14,-6.902043e+14,4.186652e+07,1.288556e+15,3.338500e+07,5.888602e+06,7.158888e+12,-8.942890e+13,-7.739314e+12,1,87
6.805670e+07,1.576606e+14,1.486152e+06,1.161723e+06,-1.449357e+12,6.299742e+12,-1.556233e+11,3.010215e+07,6.458389e+14,1.424016e+08,1.679179e+07,-7.469257e+14,-4.076352e+14,-6.728837e+14,4.265451e+07,1.497661e+15,1.400600e+07,2.536193e+06,1.664875e+12,-1.589267e+13,3.154765e+12,0,15
4.706533e+07,4.209510e+14,1.012564e+07,3.008932e+06,-1.070430e+13,5.483463e+13,-1.896802e+13,1.719389e+07,9.473116e+13,8.893946e+07,1.317662e+07,-4.371225e+14,-1.231578e+14,-4.852760e+14,3.748743e+07,9.733271e+14,1.384964e+07,1.723155e+06,-1.520706e+12,-4.320163e+13,8.948838e+11,0,38
6.599552e+07,3.522704e+14,8.513394e+07,2.091481e+06,1.091329e+13,-3.900167e+13,5.093396e+12,2.741314e+07,4.033491e+14,1.209513e+08,1.752751e+07,-7.686535e+14,-3.408081e+14,-4.252766e+14,4.616865e+07,1.562452e+15,2.348152e+07,1.491172e+07,2.778505e+14,3.213108e+14,2.247206e+14,2,72
6.052951e+07,2.719277e+14,7.334601e+05,4.791180e+06,2.104704e+12,3.259834e+13,-9.043109e+11,2.450276e+07,3.900255e+14,1.386649e+08,1.635005e+07,-7.655408e+14,-3.186228e+14,-6.334777e+14,4.080395e+07,1.297958e+15,2.252420e+07,3.668349e+06,-6.693735e+12,-5.100880e+13,3.351745e+12,0,48
6.285994e+07,3.219185e+14,1.172117e+07,5.458680e+06,-2.641729e+13,9.783631e+13,1.128613e+13,2.650254e+07,3.500197e+14,1.360459e+08,1.961188e+07,-9.982840e+14,-3.634889e+14,-7.528878e+14,4.444293e+07,1.440041e+15,7.081686e+06,8.727549e+05,7.263371e+11,2.338195e+13,-1.986280e+12,0,99
7.168144e+07,2.053582e+14,7.646603e+05,1.165514e+06,-6.305528e+11,-2.152646e+12,-1.216177e+12,3.051538e+07,7.255724e+14,1.365219e+08,1.539358e+07,-7.056255e+14,-4.146210e+14,-7.843859e+14,4.484339e+07,1.695088e+15,6.413279e+06,1.084353e+06,-1.178822e+11,-1.265409e+13,5.343333e+11,0,100
6.380144e+07,1.908814e+14,1.472045e+06,3.313913e+06,-4.002311e+12,3.877744e+13,-4.112628e+12,2.731308e+07,5.152634e+14,1.876974e+08,2.143900e+07,-1.359651e+15,-4.865317e+14,-1.450531e+15,4.112225e+07,1.331757e+15,3.935741e+07,5.118737e+06,-4.577893e+13,-1.338930e+14,-2.245916e+13,2,60
6.967158e+07,2.880458e+14,3.833715e+07,1.567837e+07,-2.645158e+14,2.292304e+14,-2.506712e+14,2.937059e+07,5.488449e+14,1.287215e+08,1.704060e+07,-7.916604e+14,-3.964695e+14,-8.291175e+14,4.624464e+07,1.698801e+15,1.386945e+07,1.439182e+06,-3.763072e+12,-2.508936e+13,-1.112330e+12,0,23
7.659292e+07,3.462210e+14,1.286025e+07,2.832585e+04,-2.190203e+09,1.459800e+11,2.225457e+09,3.111495e+07,7.367115e+14,1.466265e+08,1.713211e+07,-8.413413e+14,-4.594747e+14,-9.715263e+14,4.963410e+07,2.068480e+15,9.214728e+05,6.083208e+05,4.043830e+11,2.674196e+13,2.341971e+11,0,49
4.226631e+07,2.155465e+14,2.886645e+07,2.381866e+05,-6.147079e+11,-2.167852e+12,-6.006206e+11,1.701170e+07,1.118704e+14,1.260895e+08,1.522066e+07,-6.441583e+14,-1.576511e+14,-6.500253e+14,3.169182e+07,6.932450e+14,2.167324e+07,4.516082e+06,1.065283e+13,-4.544538e+13,3.417280e+13,0,94
4.392493e+07,3.428793e+14,9.453390e+06,4.322544e+06,-2.457766e+13,7.973277e+13,-3.798192e+13,1.611311e+07,9.102880e+13,1.010833e+08,1.410539e+07,-5.324202e+14,-1.345726e+14,-5.883580e+14,3.442542e+07,8.011017e+14,2.309434e+07,2.735071e+06,-2.009628e+13,-7.739141e+13,-2.308354e+12,1,38
5.160582e+07,2.666166e+14,2.559224e+07,2.056721e+06,-1.086666e+13,2.995905e+13,-1.103839e+13,2.042823e+07,2.270981e+14,1.190254e+08,1.603053e+07,-6.511636e+14,-2.303295e+14,-5.595328e+14,3.674973e+07,9.899434e+14,2.613659e+07,4.784484e+06,-1.083182e+13,-9.853380e+13,-1.704663e+13,3,92
4.487830e+07,1.815931e+14,5.999070e+06,2.412330e+07,-2.901994e+14,3.192505e+14,-2.722607e+14,1.900636e+07,1.595564e+14,1.299210e+08,1.837190e+07,-8.506875e+14,-2.245983e+14,-7.699778e+14,3.233128e+07,6.830197e+14,6.349778e+07,8.762565e+06,-4.329901e+13,-4.751197e+13,-2.037483e+13,3,81
7.518612e+07,2.543804e+14,6.591364e+05,3.714603e+06,4.404519e+12,4.360550e+13,2.504017e+12,3.161686e+07,7.650236e+14,1.181877e+08,1.338834e+07,-5.285111e+14,-3.688324e+14,-5.488104e+14,4.753514e+07,1.953570e+15,6.127117e+06,1.767071e+06,4.610397e+12,3.399608e+13,-1.096742e+11,0,88
4.639940e+07,1.942287e+14,8.211493e+06,3.017548e+07,-4.745699e+14,4.028056e+14,-3.870564e+14,1.993110e+07,1.673258e+14,1.335946e+08,2.029217e+07,-9.972840e+14,-2.551092e+14,-8.542671e+14,3.356388e+07,7.256971e+14,6.368102e+07,8.607313e+06,-2.317524e+13,-1.519867e+13,-6.882840e+13,1,81
6.441373e+07,3.074510e+14,1.662432e+07,7.428713e+06,5.444107e+13,1.128857e+14,7.524258e+13,2.566729e+07,4.527742e+14,1.306010e+08,1.530521e+07,-6.612812e+14,-3.191426e+14,-5.734376e+14,4.315167e+07,1.518593e+15,1.839952e+07,9.696863e+06,1.237721e+14,2.647157e+14,-8.324062e+12,1,69
3.856775e+07,7.642534e+13,3.348313e+06,2.425765e+07,-2.184529e+14,2.084315e+14,-1.673998e+14,1.787659e+07,1.430196e+14,1.497028e+08,1.646935e+07,-8.166667e+14,-1.966588e+14,-7.436984e+14,2.661498e+07,4.293446e+14,1.064939e+08,1.495016e+07,1.062425e+13,-2.915306e+13,1.068480e+14,0,54
7.336993e+07,5.713788e+14,7.755688e+06,4.821778e+06,-2.913003e+13,1.146879e+14,-2.614750e+13,2.944844e+07,4.112130e+14,1.376054e+08,1.846390e+07,-9.171043e+14,-3.694480e+14,-9.528181e+14,5.314377e+07,2.152050e+15,9.809981e+06,1.369963e+06,4.665437e+12,4.468674e+13,6.151225e+12,1,56
5.632946e+07,4.105904e+14,8.931824e+07,2.118193e+05,-8.269069e+11,-6.532588e+10,-5.441545e+11,2.231844e+07,2.142629e+14,9.455201e+07,1.610525e+07,-5.166397e+14,-2.096252e+14,-3.206143e+14,4.254834e+07,1.260722e+15,7.179514e+06,1.507068e+07,1.567640e+14,3.932381e+14,1.594421e+14,0,85
6.472796e+07,3.197258e+14,5.038837e+07,7.496591e+06,-1.359548e+14,1.260699e+14,-1.320993e+14,2.924484e+07,3.137789e+14,1.341839e+08,1.997217e+07,-1.007693e+15,-3.446377e+14,-9.924451e+14,4.705660e+07,1.669734e+15,2.508012e+06,2.779765e+05,2.132295e+11,-4.379845e+12,1.495080e+11,3,47
5.466812e+07,2.877115e+14,6.854787e+06,4.132970e+06,1.466337e+13,-2.355413e+13,7.740944e+12,2.143252e+07,2.675028e+14,1.414061e+08,1.699168e+07,-7.224125e+14,-2.530965e+14,-4.205659e+14,3.838526e+07,1.105470e+15,2.544398e+07,3.338804e+06,-3.023841e+13,-1.076080e+14,-2.464411e+13,0,58
3.643406e+07,6.814823e+13,1.309519e+07,9.119623e+06,-9.606778e+13,7.406543e+13,-8.573088e+13,1.688325e+07,1.283061e+14,1.358779e+08,1.521469e+07,-6.913667e+14,-1.723101e+14,-6.215557e+14,2.512671e+07,3.823108e+14,8.542449e+07,9.138540e+06,-2.348413e+14,-1.555428e+14,-1.120244e+14,2,54
6.382440e+07,5.085627e+14,1.041958e+07,6.825959e+06,-3.479384e+13,1.372750e+14,-6.089708e+13,2.407832e+07,2.979989e+14,1.572350e+08,2.002687e+07,-1.117468e+15,-3.450903e+14,-1.117669e+15,4.656271e+07,1.598079e+15,1.021427e+07,2.627749e+05,3.850736e+11,1.049593e+13,-1.148064e+11,3,55
5.440218e+07,3.003695e+14,1.133590e+06,5.401872e+06,-3.304628e+12,9.352282e+13,1.059961e+13,2.101785e+07,2.577765e+14,1.256381e+08,1.527647e+07,-6.509211e+14,-2.411164e+14,-6.362874e+14,3.834879e+07,1.120363e+15,1.767121e+07,3.984859e+06,1.216436e+13,5.267552e+12,7.832434e+12,1,58
3.468247e+07,1.042161e+14,3.498542e+07,3.275888e+06,-3.454960e+12,1.653992e+13,-8.575088e+11,1.609898e+07,7.053589e+13,8.746533e+07,1.689003e+07,-5.745590e+14,-1.277984e+14,-4.997155e+14,2.630470e+07,3.911207e+14,3.588618e+07,8.539046e+06,1.493212e+14,4.063587e+13,-1.401668e+13,0,2
6.788522e+07,1.710088e+14,1.731809e+07,5.729596e+06,-5.033923e+13,6.532805e+13,-4.334099e+13,3.099234e+07,5.782137e+14,1.422278e+08,1.910719e+07,-9.944426e+14,-4.586472e+14,-8.647720e+14,4.396658e+07,1.540161e+15,1.402381e+07,1.917106e+06,-9.301169e+12,-7.470992e+13,-1.063706e+12,1,46
7.698505e+07,3.212377e+14,1.531090e+05,2.615177e+04,1.650092e+09,2.389338e+11,-1.093943e+08,3.189806e+07,7.411868e+14,1.556248e+08,1.803446e+07,-9.384539e+14,-4.848847e+14,-9.074799e+14,4.980564e+07,2.039038e+15,2.052186e+06,2.386831e+05,-3.912300e+10,-9.836768e+12,-2.936560e+10,0,101
6.672510e+07,2.905314e+14,4.393345e+06,3.836820e+06,1.431542e+13,6.442036e+13,1.823714e+13,2.681658e+07,5.234343e+14,1.440368e+08,1.639542e+07,-7.760340e+14,-3.691403e+14,-7.793641e+14,4.385574e+07,1.595922e+15,1.399783e+07,5.073902e+06,3.731088e+13,1.151475e+14,1.327776e+13,0,43
4.368756e+07,2.196059e+14,5.370946e+07,6.278703e+06,-1.149899e+14,9.159930e+13,-8.792546e+13,1.756627e+07,1.293796e+14,1.150464e+08,1.614451e+07,-6.950883e+14,-1.834833e+14,-5.783986e+14,3.238537e+07,6.874976e+14,2.266919e+07,3.817881e+06,1.292810e+13,-5.696126e+13,-2.001930e+12,0,42
6.427206e+07,5.083094e+14,4.737208e+05,7.134619e+04,7.453276e+09,-2.073306e+11,1.225930e+10,2.398129e+07,3.172990e+14,1.253811e+08,1.637682e+07,-7.245596e+14,-2.878091e+14,-7.200628e+14,4.646427e+07,1.632371e+15,1.076657e+06,2.325171e+05,3.955132e+10,3.159369e+12,-1.117082e+11,2,93
7.004892e+07,2.999995e+14,2.512514e+05,4.143505e+06,4.227717e+12,5.778284e+13,2.750561e+12,2.861745e+07,5.849988e+14,1.637183e+08,1.929090e+07,-1.081288e+15,-4.657709e+14,-1.153885e+15,4.588407e+07,1.718765e+15,6.258126e+06,2.190164e+06,6.214572e+12,5.844798e+13,-1.365542e+12,0,103
6.222684e+07,4.222600e+14,3.002834e+07,2.441472e+06,-2.025410e+13,4.987115e+13,-1.569113e+13,2.469344e+07,2.941526e+14,1.039532e+08,1.549909e+07,-6.220966e+14,-2.656640e+14,-5.670811e+14,4.515384e+07,1.508407e+15,3.090236e+06,1.231017e+06,2.397794e+12,5.581264e+12,-4.825664e+11,2,85
4.544956e+07,1.876242e+14,2.511685e+06,2.146665e+07,-1.487473e+14,2.913605e+14,-1.465580e+14,1.908330e+07,1.625497e+14,1.113765e+08,1.528484e+07,-6.299580e+14,-1.948690e+14,-6.764503e+14,3.274216e+07,7.693614e+14,5.081830e+07,7.199915e+06,1.369708e+13,-2.156620e+13,-3.640814e+13,1,77
4.038897e+07,1.780568e+14,2.542599e+07,5.548992e+06,-6.320431e+13,7.162062e+13,-7.101648e+13,1.685870e+07,1.062671e+14,1.158608e+08,1.587040e+07,-6.660696e+14,-1.621194e+14,-6.373171e+14,3.008528e+07,5.804279e+14,4.384620e+07,5.634488e+06,-5.302406e+13,-1.183172e+14,-3.347185e+13,1,91
5.000562e+07,1.198367e+14,5.145640e+07,1.097911e+07,-2.609556e+14,1.184717e+14,-2.354459e+14,2.555763e+07,1.842011e+14,1.051126e+08,2.325037e+07,-1.148423e+15,-3.155551e+14,-1.059191e+15,3.643643e+07,8.955838e+14,4.798079e+07,8.570245e+06,5.875261e+13,-7.728642e+13,2.133116e+13,2,87
6.877931e+07,2.513979e+14,6.571034e+06,3.949987e+06,1.339932e+13,4.831068e+13,1.007521e+13,2.858271e+07,5.945622e+14,1.509652e+08,1.725849e+07,-8.789107e+14,-4.202179e+14,-8.003295e+14,4.441915e+07,1.625460e+15,1.168624e+07,4.515608e+06,2.901589e+13,1.089307e+14,3.307954e+11,1,43
7.128736e+07,2.249518e+14,7.474392e+05,5.621050e+05,-2.007525e+11,5.957186e+12,-1.729161e+11,3.028783e+07,6.773446e+14,1.357967e+08,1.578669e+07,-7.083585e+14,-4.022819e+14,-7.077000e+14,4.528172e+07,1.746119e+15,6.901555e+06,8.366596e+05,-1.998618e+12,-3.480466e+13,-1.146488e+12,3,88
6.635270e+07,3.644173e+14,2.495914e+06,6.579709e+05,-6.078228e+11,-9.677009e+11,-6.815550e+11,2.630290e+07,4.432259e+14,1.473084e+08,1.743057e+07,-8.674527e+14,-3.632220e+14,-6.914220e+14,4.538043e+07,1.605171e+15,8.855231e+06,1.315513e+06,-3.807315e+12,-4.369703e+13,-1.991706e+12,1,45
5.543285e+07,1.491367e+14,3.610633e+06,1.765819e+06,-7.278951e+11,1.475933e+13,-1.208016e+12,2.452490e+07,3.574040e+14,1.407959e+08,1.745624e+07,-8.548588e+14,-3.264832e+14,-8.453720e+14,3.655211e+07,1.009732e+15,4.881084e+07,5.921622e+06,-9.448461e+13,-1.818485e+14,-6.459211e+13,3,102
5.825914e+07,2.689812e+14,2.509352e+06,3.287837e+06,2.421057e+12,4.650030e+13,3.024153e+12,2.327401e+07,3.479133e+14,1.514399e+08,1.759441e+07,-9.053121e+14,-3.272962e+14,-9.878143e+14,3.963700e+07,1.231422e+15,2.111554e+07,4.941708e+06,2.328140e+13,2.425352e+13,2.068555e+13,0,52
4.826442e+07,2.346611e+14,6.856159e+06,1.187172e+07,1.044266e+14,1.724310e+14,1.130960e+14,1.904033e+07,1.974790e+14,1.161046e+08,1.390472e+07,-5.548301e+14,-1.944458e+14,-6.159524e+14,3.427227e+07,8.774615e+14,4.339855e+07,1.095234e+07,1.491137e+14,7.321864e+13,2.872640e+13,1,53
6.361995e+07,4.041846e+14,1.552789e+06,2.351997e+06,-3.171835e+12,-4.403524e+13,-2.133417e+12,2.493507e+07,3.466260e+14,1.398437e+08,1.799448e+07,-8.482649e+14,-3.199387e+14,-6.313734e+14,4.502465e+07,1.547382e+15,2.028887e+06,3.302458e+05,-2.425768e+11,-8.259160e+12,-3.356942e+09,1,34
6.938939e+07,2.288589e+14,4.847848e+05,1.042820e+06,7.074904e+11,-1.338499e+13,3.989053e+11,2.912840e+07,6.527975e+14,1.372858e+08,1.580198e+07,-7.326007e+14,-4.023360e+14,-8.740500e+14,4.420259e+07,1.627585e+15,3.482172e+06,6.467586e+05,-5.397948e+11,-2.156554e+13,-5.436366e+11,1,100
5.842063e+07,3.775736e+14,2.431778e+07,3.614154e+06,-3.123740e+13,6.370085e+13,-3.284105e+13,2.353067e+07,2.400672e+14,1.098490e+08,1.671954e+07,-7.008389e+14,-2.562921e+14,-7.511423e+14,4.296192e+07,1.364055e+15,5.682837e+06,1.203303e+06,1.699358e+12,-2.049495e+13,4.089817e+11,1,93
8.686645e+07,5.384308e+14,6.545134e+07,1.705408e+06,-1.696667e+12,2.071744e+13,-5.605756e+11,3.945335e+07,5.907642e+14,1.195735e+08,1.971528e+07,-9.569720e+14,-4.787152e+14,-7.845604e+14,6.262900e+07,3.097413e+15,2.956561e+06,1.336889e+07,8.214235e+13,7.355170e+14,1.031821e+14,2,73
4.466040e+07,3.432502e+14,6.163985e+06,1.572723e+06,-4.890419e+12,2.621449e+13,-1.072706e+11,1.602315e+07,1.031713e+14,1.005921e+08,1.181232e+07,-4.036576e+14,-1.193311e+14,-3.225632e+14,3.454473e+07,8.209114e+14,2.708441e+07,3.324112e+06,-3.122895e+13,-9.155338e+13,-2.189397e+13,0,75
5.717033e+07,2.105827e+14,3.351898e+06,1.820629e+06,-2.154755e+12,1.947649e+13,3.184510e+12,2.349203e+07,3.702094e+14,1.298458e+08,1.466033e+07,-6.285389e+14,-2.789022e+14,-5.094970e+14,3.797942e+07,1.155678e+15,3.176428e+07,3.795571e+06,-2.625813e+13,-9.591213e+13,-5.621992e+12,2,83
5.564635e+07,1.686951e+14,1.893185e+06,4.105223e+06,4.187179e+12,4.931294e+13,1.316052e+13,2.317827e+07,3.806235e+14,1.321485e+08,1.426221e+07,-6.170716e+14,-2.775110e+14,-5.379107e+14,3.616617e+07,1.056396e+15,2.909536e+07,5.228249e+06,2.472684e+13,-4.616631e+12,2.368525e+13,1,83
6.714429e+07,3.967030e+14,2.351396e+07,8.462149e+06,-9.615968e+13,1.523052e+14,-1.119565e+14,2.808245e+07,3.710439e+14,1.476454e+08,2.061805e+07,-1.110106e+15,-3.875406e+14,-1.102915e+15,4.792918e+07,1.748515e+15,6.378325e+06,5.556230e+05,-9.628805e+11,-1.548227e+13,-2.040876e+11,0,47
6.749972e+07,4.153645e+14,2.395587e+06,3.088829e+05,1.194420e+11,5.619372e+12,1.275975e+11,3.020861e+07,2.932805e+14,1.775457e+08,2.429736e+07,-1.592969e+15,-4.117835e+14,-1.543178e+15,5.043601e+07,1.896134e+15,2.359825e+06,1.748391e+06,1.233082e+12,3.295921e+13,2.647820e+12,1,36
6.918937e+07,2.539862e+14,9.902439e+05,7.942427e+06,-9.987478e+12,5.431753e+13,2.066131e+12,2.897484e+07,5.974396e+14,1.212732e+08,1.440181e+07,-5.245259e+14,-3.236855e+14,-3.733977e+14,4.478690e+07,1.650646e+15,1.957869e+07,4.879003e+06,3.033087e+13,4.801450e+13,7.129574e+12,0,1
6.438203e+07,5.211112e+14,1.080654e+07,4.888279e+06,-3.459951e+13,1.105173e+14,-1.885188e+13,2.420753e+07,3.026187e+14,1.476424e+08,1.852151e+07,-9.668314e+14,-3.220782e+14,-8.751146e+14,4.702640e+07,1.635055e+15,1.335309e+07,2.217237e+05,-3.638768e+11,-6.655554e+12,-1.562337e+11,2,55
6.264148e+07,1.216887e+14,1.469644e+06,1.173754e+07,-9.620343e+12,1.217555e+14,-2.831791e+13,2.846320e+07,5.361954e+14,1.767581e+08,1.978286e+07,-1.106751e+15,-4.442117e+14,-1.154573e+15,3.949316e+07,1.218223e+15,5.966212e+07,1.251950e+07,1.780002e+14,1.220762e+14,1.580224e+14,3,76
6.850984e+07,5.539456e+14,1.955823e+07,1.563215e+06,4.240465e+11,2.108147e+13,2.120879e+12,2.554399e+07,3.808299e+14,1.293767e+08,1.665146e+07,-7.685543e+14,-3.237900e+14,-6.521294e+14,4.904231e+07,1.846991e+15,2.211786e+07,4.039833e+06,3.184637e+13,8.175179e+13,5.272852e+13,0,65
6.852680e+07,2.505598e+14,2.706778e+06,3.253504e+06,4.674923e+12,4.929298e+13,9.750625e+12,2.867655e+07,5.785800e+14,1.382996e+08,1.503802e+07,-6.856547e+14,-3.617195e+14,-6.465117e+14,4.450046e+07,1.603650e+15,3.758884e+07,5.682962e+06,2.772219e+12,-5.558734e+13,1.624759e+13,0,104
6.939650e+07,4.683975e+14,1.871573e+05,4.323991e+06,-3.045184e+12,7.984101e+13,2.165688e+12,2.690208e+07,4.434749e+14,1.421966e+08,1.831899e+07,-8.961636e+14,-3.753887e+14,-8.629174e+14,4.834233e+07,1.830723e+15,7.851394e+06,1.594307e+06,2.412960e+12,3.121888e+13,-3.426262e+12,0,6
4.711717e+07,2.149567e+14,2.131117e+07,3.525191e+06,-3.871656e+12,2.065930e+13,3.965871e+12,1.897703e+07,1.819784e+14,1.254066e+08,1.565560e+07,-5.971014e+14,-1.903344e+14,-4.278091e+14,3.363105e+07,7.931078e+14,3.286489e+07,4.154871e+06,-1.575414e+13,-9.519525e+13,-1.788246e+13,0,51
7.821076e+07,4.685509e+14,3.476095e+06,3.088705e+07,2.912329e+14,6.650572e+14,1.267188e+14,3.251412e+07,5.808319e+14,1.097265e+08,1.599823e+07,-6.702901e+14,-3.855057e+14,-6.924529e+14,5.412874e+07,2.316595e+15,5.131016e+07,2.029206e+07,6.547700e+14,9.598669e+14,6.361667e+14,1,98
7.325482e+07,5.327384e+14,1.560722e+07,2.437212e+07,4.745383e+14,5.623292e+14,4.993583e+14,2.797679e+07,4.932350e+14,1.468060e+08,1.827610e+07,-9.450368e+14,-4.055285e+14,-9.177921e+14,5.105178e+07,2.051413e+15,4.089493e+07,1.913867e+07,5.353083e+14,8.325615e+14,3.170516e+14,1,80
5.235640e+07,1.496035e+14,5.672044e+06,1.545874e+06,-2.596440e+12,1.323175e+13,-1.716078e+12,2.230937e+07,3.194074e+14,1.451158e+08,1.681844e+07,-8.265795e+14,-2.997496e+14,-8.978307e+14,3.452629e+07,9.041216e+14,4.585870e+07,5.594671e+06,-8.707307e+13,-1.634778e+14,-8.016574e+13,0,71
5.381015e+07,3.328285e+14,2.583956e+07,1.032105e+07,-5.418826e+13,1.393103e+14,-6.644671e+13,2.309513e+07,1.610876e+14,8.483018e+07,1.539316e+07,-5.446046e+14,-1.927765e+14,-6.604590e+14,4.129526e+07,1.248658e+15,9.866384e+06,1.538270e+06,-5.524216e+12,-5.410227e+13,2.608372e+12,1,78
6.547010e+07,3.108527e+14,4.906450e+06,2.400382e+06,-5.468998e+11,2.189804e+13,-5.466250e+11,2.649502e+07,4.571589e+14,1.373609e+08,1.583049e+07,-7.073523e+14,-3.287758e+14,-7.411695e+14,4.408935e+07,1.566839e+15,7.029385e+06,1.708677e+06,5.634609e+12,5.251909e+13,5.437099e+12,0,90
5.954597e+07,2.164861e+14,1.302436e+07,2.164739e+07,3.634727e+14,3.143997e+14,4.094843e+14,2.441693e+07,4.178053e+14,1.128277e+08,1.232603e+07,-4.596445e+14,-2.519154e+14,-4.672352e+14,3.911000e+07,1.236009e+15,5.378291e+07,2.160502e+07,6.916143e+14,5.416962e+14,8.681976e+13,3,57
8.510865e+07,3.446529e+14,5.381464e+07,7.561805e+06,1.445960e+14,1.358746e+14,1.406687e+14,3.604374e+07,9.313458e+14,1.507915e+08,1.713115e+07,-8.633197e+14,-5.215641e+14,-8.477915e+14,5.460295e+07,2.436301e+15,2.017473e+07,1.404774e+07,2.364596e+14,6.631062e+14,8.049315e+13,0,20
5.585164e+07,1.778477e+14,1.363110e+04,1.247918e+07,1.261403e+12,1.613388e+14,6.747772e+12,2.324657e+07,3.739071e+14,1.410131e+08,1.538763e+07,-7.163393e+14,-2.972548e+14,-6.517620e+14,3.657387e+07,1.066905e+15,4.988974e+07,1.111091e+07,1.571376e+14,8.896407e+13,1.149359e+14,2,57
7.295019e+07,3.291341e+14,2.041624e+06,4.510786e+06,8.998912e+12,8.037595e+13,1.855851e+13,2.974424e+07,6.316289e+14,1.690585e+08,1.984966e+07,-1.149582e+15,-4.986573e+14,-1.050170e+15,4.787708e+07,1.869207e+15,7.417949e+06,2.892160e+06,1.215472e+13,1.113912e+14,-5.775878e+12,2,103
7.459918e+07,2.981697e+14,1.424866e+06,5.647232e+06,1.528305e+13,7.264741e+13,1.042361e+13,3.051920e+07,7.203549e+14,1.281600e+08,1.447710e+07,-6.217922e+14,-3.876661e+14,-6.691220e+14,4.778676e+07,1.956668e+15,9.535633e+06,3.823703e+06,2.096240e+13,1.036620e+14,7.228284e+11,2,88
5.910568e+07,2.344112e+14,1.277733e+06,1.820541e+07,8.723485e+13,2.376973e+14,-2.651118e+12,2.494837e+07,3.584233e+14,1.278551e+08,1.666117e+07,-7.663559e+14,-3.145455e+14,-6.605134e+14,4.020571e+07,1.278106e+15,1.720858e+07,9.391077e+06,1.120177e+14,2.789559e+14,-4.605575e+13,0,82
4.651377e+07,1.999259e+14,1.362192e+07,7.286508e+06,-3.763939e+13,8.040450e+13,-3.396932e+13,1.888960e+07,1.837546e+14,1.454330e+08,1.616826e+07,-7.705872e+14,-2.160237e+14,-8.470526e+14,3.298528e+07,7.919374e+14,3.586441e+07,4.582445e+06,-3.320755e+13,-7.060515e+13,-1.593511e+13,3,50
5.764663e+07,4.138250e+14,1.179768e+08,3.775367e+05,-2.116809e+10,4.284885e+12,-9.623991e+10,2.279630e+07,2.111641e+14,1.020485e+08,1.698645e+07,-7.070907e+14,-2.468322e+14,-7.298015e+14,4.312107e+07,1.331656e+15,3.677224e+05,1.014604e+07,1.770169e+13,3.529890e+14,1.844786e+13,0,35
5.705071e+07,4.490948e+14,1.388668e+08,2.168254e+07,1.188375e+15,4.579926e+14,1.112339e+15,2.189463e+07,1.981642e+14,9.499365e+07,1.516250e+07,-5.454953e+14,-2.056391e+14,-4.990355e+14,4.308547e+07,1.303254e+15,3.572561e+07,6.049072e+07,2.805960e+15,2.037922e+15,3.055463e+15,1,85
6.020702e+07,1.515493e+14,9.192234e+05,5.882382e+06,1.274777e+13,5.581767e+13,1.171270e+13,2.623463e+07,4.762138e+14,1.433498e+08,1.548431e+07,-7.268165e+14,-3.370395e+14,-8.145455e+14,3.848918e+07,1.215595e+15,2.941898e+07,7.463324e+06,8.186658e+13,1.097666e+14,6.925950e+13,0,89
6.605519e+07,4.531517e+14,8.702212e+05,4.358874e+06,8.488884e+12,6.591049e+13,-1.083003e+12,2.591787e+07,3.648616e+14,1.381492e+08,1.853081e+07,-9.139545e+14,-3.460816e+14,-8.974708e+14,4.697936e+07,1.679252e+15,1.080135e+07,2.491257e+06,1.291194e+13,9.258041e+13,1.481395e+13,2,56
7.455634e+07,3.478099e+14,9.672330e+06,4.362644e+06,2.603961e+12,6.408728e+13,7.077960e+12,3.055807e+07,6.512668e+14,1.332964e+08,1.562493e+07,-6.779051e+14,-3.839494e+14,-5.513431e+14,4.904495e+07,1.956981e+15,2.679342e+07,9.090896e+06,1.196016e+14,1.685254e+14,1.676230e+14,1,79
6.216984e+07,1.938523e+14,2.087913e+06,4.297607e+06,8.747248e+12,5.874889e+13,1.766878e+13,2.791888e+07,4.148051e+14,1.459676e+08,1.726448e+07,-8.654420e+14,-3.512558e+14,-8.045625e+14,4.181366e+07,1.414618e+15,5.110748e+06,3.172406e+06,1.217411e+13,7.918638e+13,-4.757874e+12,0,69
5.179370e+07,1.601039e+14,1.261917e+07,1.030811e+07,-1.104220e+14,1.236093e+14,-1.013044e+14,2.314534e+07,2.569399e+14,1.180678e+08,1.729081e+07,-7.542722e+14,-2.691594e+14,-7.266941e+14,3.578151e+07,9.568254e+14,2.668675e+07,3.038612e+06,-2.617938e+13,-8.660180e+13,1.450475e+12,2,96
5.255939e+07,1.562234e+14,3.648749e+07,4.772512e+06,-4.299438e+13,4.810709e+13,-3.640007e+13,2.517224e+07,2.220353e+14,1.221874e+08,2.266006e+07,-1.174107e+15,-3.334447e+14,-1.030896e+15,3.766276e+07,9.735168e+14,5.171558e+07,1.064401e+07,1.161943e+14,-5.242660e+13,-7.040581e+12,0,87
6.022146e+07,2.662966e+14,4.728990e+06,1.831903e+06,-2.152606e+11,-1.802889e+13,2.863553e+12,2.508527e+07,3.719322e+14,1.751457e+08,2.072877e+07,-1.248949e+15,-3.997275e+14,-1.504946e+15,4.132163e+07,1.260315e+15,3.000299e+07,5.184250e+06,-4.348447e+13,-1.350603e+14,-3.696221e+13,0,21
6.667819e+07,1.736436e+14,1.165190e+07,7.247347e+06,-3.289457e+13,6.565270e+13,-2.430063e+13,3.008000e+07,5.544223e+14,1.439450e+08,1.899405e+07,-9.837647e+14,-4.446729e+14,-7.734915e+14,4.324420e+07,1.489341e+15,1.368151e+07,1.888204e+06,-8.989122e+12,-6.625212e+13,-8.591734e+10,0,46
6.180217e+07,1.778115e+14,1.436546e+06,6.620846e+06,1.799499e+13,8.220233e+13,1.630677e+13,2.629537e+07,5.000837e+14,1.457500e+08,1.575868e+07,-7.502080e+14,-3.510335e+14,-8.236416e+14,3.950233e+07,1.275711e+15,3.007147e+07,7.421571e+06,7.906473e+13,1.036440e+14,5.116866e+13,1,89
6.318065e+07,2.394843e+14,1.134153e+06,1.373840e+06,1.536332e+12,2.011308e+13,1.319717e+12,2.597185e+07,4.729602e+14,1.532639e+08,1.738511e+07,-8.973992e+14,-3.780808e+14,-9.264395e+14,4.143585e+07,1.392717e+15,1.974224e+07,3.379334e+06,2.354608e+12,-4.444295e+13,1.201741e+13,1,60
4.057683e+07,1.002472e+14,5.582906e+06,2.353020e+06,2.765530e+12,4.152496e+12,2.605513e+12,1.796489e+07,1.615747e+14,1.365173e+08,1.565522e+07,-6.768990e+14,-1.886879e+14,-6.032650e+14,2.787177e+07,5.178862e+14,8.708807e+07,9.913685e+06,-2.852800e+14,-2.163241e+14,-2.643403e+14,1,37
5.948514e+07,1.100578e+14,3.419559e+05,4.103488e+06,1.814010e+12,3.809093e+13,-4.784505e+12,2.717902e+07,4.791181e+14,1.632913e+08,1.843987e+07,-9.773370e+14,-3.958821e+14,-1.015767e+15,3.761627e+07,1.101577e+15,6.417939e+07,9.652474e+06,-2.313340e+13,-8.416943e+13,8.146824e+12,1,76
6.848638e+07,2.098908e+14,2.161413e+07,5.499826e+07,-1.889261e+15,7.965792e+14,-2.106436e+15,3.113940e+07,5.310354e+14,1.745673e+08,2.443006e+07,-1.539314e+15,-5.486010e+14,-1.750126e+15,4.562700e+07,1.479173e+15,5.994593e+07,1.158389e+07,2.482055e+14,3.355924e+14,-1.805325e+14,3,67
5.218990e+07,2.107459e+14,2.205630e+07,2.331208e+06,1.419746e+13,-1.028263e+13,1.765434e+13,2.211353e+07,2.484049e+14,1.552273e+08,1.996263e+07,-1.107990e+15,-3.140942e+14,-1.276732e+15,3.661241e+07,9.268506e+14,3.497797e+07,6.535599e+06,-8.368882e+12,-1.076711e+14,-2.250075e+13,0,44
7.922123e+07,3.185887e+14,4.447634e+05,3.845025e+06,-4.158984e+11,8.957468e+12,-1.124331e+12,3.314349e+07,8.016598e+14,1.692372e+08,1.965345e+07,-1.095093e+15,-5.465994e+14,-8.920324e+14,5.099134e+07,2.131904e+15,4.488998e+06,9.571723e+05,1.879959e+12,4.359081e+13,-6.571260e+11,1,101
6.727399e+07,1.489788e+14,3.022175e+04,1.227541e+06,-1.927155e+11,9.509162e+12,6.451259e+10,2.954205e+07,6.534304e+14,1.451419e+08,1.689478e+07,-8.346783e+14,-4.313228e+14,-7.558173e+14,4.174403e+07,1.462651e+15,1.065074e+07,1.534194e+06,-3.186924e+12,-4.074977e+13,-3.767381e+11,1,74
6.898104e+07,2.026314e+14,2.108387e+06,1.799443e+06,-3.365812e+12,2.018104e+13,1.209770e+12,2.946058e+07,6.447044e+14,1.369704e+08,1.600729e+07,-7.434899e+14,-4.047826e+14,-6.239363e+14,4.367448e+07,1.602195e+15,1.115930e+07,1.688970e+06,-3.221895e+12,-4.357605e+13,-9.523617e+10,2,74
6.157109e+07,2.730396e+14,3.435724e+06,1.681305e+07,-9.550365e+13,2.522881e+14,-1.341580e+14,2.651105e+07,3.478165e+14,1.130347e+08,1.594426e+07,-6.768167e+14,-2.973001e+14,-5.953234e+14,4.295669e+07,1.421430e+15,2.430722e+07,5.037387e+06,2.180047e+13,2.593964e+13,-2.839660e+13,1,25
4.075040e+07,2.046875e+14,2.149795e+07,8.105892e+05,-1.264255e+12,-1.137769e+13,-1.112871e+12,1.635154e+07,1.021346e+14,1.224016e+08,1.515100e+07,-6.306044e+14,-1.497105e+14,-6.690542e+14,3.064855e+07,6.413891e+14,2.468791e+07,4.508525e+06,-6.402451e+12,-7.228625e+13,9.719072e+12,3,94
5.586580e+07,1.173010e+14,4.460975e+06,2.225165e+07,-7.358660e+13,1.803980e+14,-8.373365e+13,2.556231e+07,3.832739e+14,1.075679e+08,1.479423e+07,-5.381867e+14,-2.710758e+14,-5.624527e+14,3.628857e+07,1.004068e+15,5.712130e+07,7.978691e+06,-1.688769e+13,-8.023014e+13,-9.772529e+12,1,68
5.338786e+07,2.929011e+14,5.580051e+06,4.416084e+06,-1.290109e+13,6.688442e+13,-1.303943e+13,2.093040e+07,2.397184e+14,1.243689e+08,1.543683e+07,-6.734904e+14,-2.378499e+14,-7.516830e+14,3.800926e+07,1.073482e+15,1.704662e+07,2.481513e+06,-1.244285e+13,-6.492803e+13,-2.620262e+12,3,58
7.392846e+07,3.081723e+14,1.879490e+07,8.957311e+05,3.478677e+12,1.427877e+13,1.599326e+12,3.052541e+07,6.695321e+14,1.466487e+08,1.676885e+07,-8.315602e+14,-4.338988e+14,-8.760852e+14,4.806982e+07,1.907084e+15,7.058430e+06,3.763057e+06,1.855177e+13,1.218869e+14,4.883754e+12,0,31
5.936621e+07,2.898905e+14,1.942021e+06,3.956652e+06,-5.669620e+11,5.366678e+13,1.618512e+12,2.358471e+07,3.551450e+14,1.530639e+08,1.783340e+07,-9.272648e+14,-3.351160e+14,-1.025164e+15,4.059027e+07,1.280366e+15,2.932770e+07,5.327515e+06,6.451279e+12,-3.033078e+13,1.632427e+13,3,52
4.697446e+07,2.275357e+14,2.886726e+07,4.346738e+06,-1.111188e+13,2.284811e+13,1.706565e+12,1.955624e+07,1.555470e+14,1.298763e+08,1.995362e+07,-9.206158e+14,-2.258819e+14,-6.727510e+14,3.450647e+07,8.209445e+14,2.311788e+07,4.499956e+06,1.438480e+13,-5.401315e+13,-3.138193e+12,0,33
6.734541e+07,2.666951e+14,1.003235e+07,5.240218e+05,4.652327e+11,5.732252e+12,2.222272e+11,2.825035e+07,5.225765e+14,1.425051e+08,1.635563e+07,-7.892143e+14,-3.738845e+14,-8.067265e+14,4.448552e+07,1.582851e+15,4.743364e+06,1.064202e+06,2.314480e+12,3.408820e+13,1.966820e+12,2,90
4.476028e+07,2.731048e+14,5.557351e+07,3.598551e+06,-4.844009e+13,5.757901e+13,-3.636496e+13,1.745107e+07,1.211769e+14,1.038486e+08,1.536768e+07,-6.095613e+14,-1.676681e+14,-4.842067e+14,3.393358e+07,7.582697e+14,1.843417e+07,5.023519e+06,4.023697e+13,-1.801044e+13,5.212499e+12,1,42
4.715201e+07,2.053622e+14,5.218841e+06,3.242751e+06,-1.270772e+13,4.646547e+13,-9.953928e+12,1.961591e+07,1.747731e+14,1.531490e+08,1.685233e+07,-8.561047e+14,-2.227773e+14,-8.345939e+14,3.393477e+07,8.556753e+14,3.070505e+07,4.149885e+06,-1.209326e+13,-3.587813e+13,-7.729114e+12,1,50
5.564617e+07,1.572738e+14,2.911565e+05,4.207364e+06,4.547845e+12,2.500036e+13,5.510310e+11,2.477855e+07,3.391235e+14,1.350456e+08,1.742205e+07,-8.290151e+14,-3.159205e+14,-8.826804e+14,3.723384e+07,1.059007e+15,4.792141e+07,5.764131e+06,-9.064248e+13,-1.821614e+14,-2.402232e+13,1,102
8.223356e+07,4.822099e+14,7.172564e+07,2.235454e+05,-1.325808e+11,3.256515e+12,-4.495081e+11,3.757983e+07,5.359236e+14,1.141773e+08,1.872477e+07,-8.621966e+14,-4.286614e+14,-9.786767e+14,5.947186e+07,2.761446e+15,3.146994e+05,5.488516e+06,6.513320e+12,2.784313e+14,9.610391e+12,3,73
4.266181e+07,1.628608e+14,8.004642e+06,1.277096e+07,-1.114904e+14,1.520339e+14,-1.143850e+14,1.812134e+07,1.413373e+14,1.018349e+08,1.452072e+07,-5.490694e+14,-1.713649e+14,-6.017059e+14,3.083722e+07,6.786803e+14,4.755366e+07,5.080359e+06,-7.157210e+13,-1.173122e+14,5.091216e+11,2,77
6.787880e+07,5.325878e+14,1.764744e+07,2.589752e+06,-1.790862e+12,3.331691e+13,5.319882e+12,2.550404e+07,3.787420e+14,1.309787e+08,1.690031e+07,-7.803854e+14,-3.245920e+14,-6.027193e+14,4.848357e+07,1.795719e+15,2.570905e+07,4.992943e+06,4.795214e+13,1.031650e+14,7.729708e+13,3,65
5.426056e+07,1.942238e+14,1.073358e+06,5.145435e+06,-7.952574e+12,2.457384e+13,-2.448691e+12,2.234980e+07,3.426230e+14,1.316779e+08,1.426208e+07,-6.178461e+14,-2.639431e+14,-3.555760e+14,3.620420e+07,1.023876e+15,3.941309e+07,6.293820e+06,-2.332671e+13,-9.211551e+13,-2.947147e+12,0,57
4.633067e+07,2.171280e+14,2.299997e+07,2.150291e+06,-1.476236e+13,3.075990e+13,-1.204819e+13,1.848168e+07,1.745311e+14,1.285344e+08,1.567063e+07,-6.058743e+14,-1.875790e+14,-6.620352e+14,3.321686e+07,7.763405e+14,2.869474e+07,3.804172e+06,-1.892231e+13,-9.149137e+13,-1.964856e+13,1,51
4.616360e+07,2.159067e+14,2.133366e+07,4.634544e+06,-4.378838e+13,6.787308e+13,-3.308127e+13,1.844054e+07,1.728831e+14,1.282264e+08,1.563755e+07,-6.157465e+14,-1.878937e+14,-6.733370e+14,3.312369e+07,7.687621e+14,3.621789e+07,4.140844e+06,-4.740163e+13,-1.148110e+14,-3.068884e+13,3,51
4.463197e+07,2.205406e+14,5.188382e+05,6.836402e+06,1.267624e+13,8.342219e+13,9.091673e+12,1.822481e+07,1.341818e+14,1.273290e+08,1.419033e+07,-5.937477e+14,-1.619709e+14,-6.289154e+14,3.304830e+07,7.763949e+14,4.474937e+07,9.745126e+06,1.195735e+14,8.700525e+13,1.194782e+14,0,66
6.471746e+07,2.180170e+14,3.887879e+05,2.143552e+06,1.638573e+11,-9.554390e+12,2.409958e+12,2.709915e+07,5.262545e+14,1.566128e+08,1.789183e+07,-8.961810e+14,-3.970502e+14,-9.599375e+14,4.184351e+07,1.418193e+15,2.620313e+07,3.432630e+06,-2.107481e+13,-9.941006e+13,-1.638132e+13,0,60
7.140198e+07,2.490659e+14,2.368655e+07,2.642210e+05,5.697778e+11,-2.998758e+12,5.809805e+11,3.003325e+07,6.605428e+14,1.513415e+08,1.746250e+07,-8.918561e+14,-4.461497e+14,-8.093099e+14,4.570594e+07,1.719597e+15,1.003547e+07,3.044240e+06,1.325789e+13,1.156830e+13,1.257983e+13,2,12
4.427629e+07,1.880129e+14,1.082115e+05,7.924947e+06,7.248218e+12,1.080548e+14,5.156443e+12,1.870377e+07,1.410478e+14,1.334031e+08,1.474300e+07,-6.389541e+14,-1.731377e+14,-6.689690e+14,3.240662e+07,7.443176e+14,4.764864e+07,1.181116e+07,2.086726e+14,1.514091e+14,1.972942e+14,1,66
7.990563e+07,2.228717e+14,6.745496e+06,2.732445e+06,9.050800e+12,3.972205e+13,6.733452e+12,3.516135e+07,8.982237e+14,1.609691e+08,1.927124e+07,-1.061343e+15,-5.734558e+14,-1.196585e+15,5.009008e+07,2.072785e+15,1.336458e+07,5.103972e+06,4.201305e+13,1.796957e+14,5.205736e+13,2,95
5.327597e+07,2.638471e+14,1.053206e+07,3.643096e+06,-3.024170e+12,3.470104e+13,-2.532379e+12,2.168223e+07,2.388815e+14,1.472684e+08,1.866295e+07,-9.782049e+14,-2.884371e+14,-1.105126e+15,3.791837e+07,1.013428e+15,3.958974e+07,5.335408e+06,-7.135719e+13,-1.672357e+14,-4.874854e+13,1,44
5.710203e+07,2.687307e+14,5.278182e+07,3.352083e+06,-4.185129e+13,5.283250e+13,-3.619101e+13,2.634011e+07,2.067892e+14,9.796877e+07,1.868500e+07,-7.953406e+14,-2.677413e+14,-7.255660e+14,4.272993e+07,1.324911e+15,3.494066e+07,9.953224e+06,1.361662e+14,6.213019e+13,8.208225e+12,3,87
5.634632e+07,2.026977e+14,5.405659e+06,2.099496e+05,-7.036664e+10,1.696775e+12,-1.206186e+10,2.340063e+07,3.517495e+14,1.473204e+08,1.707126e+07,-8.524041e+14,-3.198457e+14,-8.930481e+14,3.761936e+07,1.089300e+15,3.811944e+07,4.670581e+06,-5.868482e+13,-1.512925e+14,-5.992574e+13,1,71
8.074886e+07,8.045057e+13,2.594983e+06,1.424262e+06,9.768901e+11,1.074712e+13,1.144973e+12,3.803568e+07,1.145144e+15,1.320659e+08,1.513214e+07,-6.755115e+14,-5.117227e+14,-7.239624e+14,4.695914e+07,1.894150e+15,6.899832e+06,1.943937e+06,4.767677e+12,1.509272e+13,1.709410e+12,2,86
4.152650e+07,1.018123e+14,1.305297e+07,1.801190e+06,-4.346061e+12,1.300623e+13,-4.426913e+12,1.845560e+07,1.693152e+14,1.422705e+08,1.616920e+07,-7.610764e+14,-2.075573e+14,-7.277176e+14,2.851528e+07,5.477371e+14,8.211453e+07,9.363894e+06,-2.506856e+14,-2.087222e+14,-2.668000e+14,0,37
5.758137e+07,2.039649e+14,4.442739e+06,1.318009e+06,7.777313e+11,-1.822905e+13,2.313286e+12,2.408091e+07,3.786490e+14,1.476243e+08,1.673524e+07,-8.315867e+14,-3.255236e+14,-6.797754e+14,3.820623e+07,1.122288e+15,4.369638e+07,5.489971e+06,-6.466762e+13,-1.661956e+14,-6.411527e+13,1,41
6.019332e+07,2.876588e+14,2.864124e+05,3.891967e+06,1.858130e+12,5.603688e+13,2.001947e+12,2.394095e+07,3.756488e+14,1.383394e+08,1.708042e+07,-8.297569e+14,-3.308628e+14,-9.079410e+14,4.085237e+07,1.317444e+15,1.012178e+07,2.800000e+06,6.470776e+12,2.243699e+13,8.046018e+11,3,82
6.181731e+07,1.693330e+14,1.331997e+06,1.033706e+06,-1.349006e+10,1.183673e+13,-3.602370e+11,2.670092e+07,4.941579e+14,1.432379e+08,1.562882e+07,-7.309733e+14,-3.456185e+14,-7.647448e+14,3.960439e+07,1.294530e+15,2.209220e+07,3.464346e+06,5.610915e+12,-1.568265e+13,7.323784e+12,2,89
4.617746e+07,1.912577e+14,3.959478e+06,8.161586e+06,-2.994834e+13,1.061234e+14,-2.812451e+13,1.918108e+07,1.748895e+14,1.525755e+08,1.673696e+07,-8.377890e+14,-2.201291e+14,-8.732132e+14,3.295618e+07,7.973844e+14,3.290941e+07,5.867537e+06,2.656607e+13,3.005748e+13,3.205918e+13,0,50
7.453165e+07,2.625947e+14,2.600203e+06,2.366440e+06,5.150656e+12,-3.348268e+13,2.864151e+12,3.153813e+07,7.250541e+14,1.634436e+08,1.915052e+07,-9.983376e+14,-4.961921e+14,-7.155237e+14,4.774015e+07,1.857736e+15,2.886694e+06,5.158631e+05,6.424499e+10,-1.526497e+13,-9.136156e+10,2,101
7.623994e+07,3.585307e+14,8.515152e+06,5.670316e+06,3.736098e+13,1.065404e+14,3.880842e+13,3.078649e+07,7.126503e+14,1.279718e+08,1.436117e+07,-6.139545e+14,-3.826833e+14,-6.302427e+14,4.954556e+07,2.071534e+15,6.916553e+06,6.250315e+06,4.107352e+13,2.812083e+14,-8.571768e+12,0,29
4.586455e+07,1.843271e+14,5.258170e+06,4.123857e+07,-5.791663e+14,5.545600e+14,-7.756268e+14,1.948270e+07,1.720745e+14,1.344027e+08,1.933861e+07,-8.295353e+14,-2.272424e+14,-7.902895e+14,3.287892e+07,7.075680e+14,7.258826e+07,1.437971e+07,2.199800e+14,1.375642e+14,-1.629591e+14,0,81
6.832499e+07,7.589846e+14,7.562449e+05,1.784623e+07,6.538214e+13,4.911979e+14,7.600273e+13,2.487628e+07,2.531995e+14,1.247344e+08,1.820603e+07,-8.675203e+14,-2.896984e+14,-8.469807e+14,5.241336e+07,1.977429e+15,1.014168e+07,1.221990e+07,1.196243e+14,5.420272e+14,1.985929e+13,1,97
6.902310e+07,1.936928e+14,2.219089e+07,5.691583e+07,-1.811218e+15,7.409167e+14,-2.206100e+15,3.166696e+07,5.577394e+14,1.907407e+08,2.575224e+07,-1.773370e+15,-5.999044e+14,-1.703070e+15,4.541070e+07,1.459335e+15,6.784466e+07,1.161113e+07,2.512643e+14,3.088237e+14,-1.986856e+14,1,67
5.134889e+07,3.365691e+14,1.894365e+07,1.806702e+06,-9.827542e+12,3.306153e+13,-8.132801e+12,1.935915e+07,1.880023e+14,1.127282e+08,1.526714e+07,-6.300398e+14,-2.081977e+14,-5.867538e+14,3.768473e+07,1.032514e+15,2.180497e+07,3.764108e+06,-1.265883e+13,-9.409562e+13,-1.402444e+13,0,78
5.265377e+07,3.949248e+14,1.777483e+07,3.220090e+06,2.313169e+13,5.761163e+13,1.416758e+13,1.942949e+07,1.797747e+14,1.083317e+08,1.496426e+07,-5.957039e+14,-1.988375e+14,-6.195809e+14,3.926813e+07,1.122052e+15,2.547600e+07,1.311557e+07,2.255227e+14,2.023549e+14,2.510537e+14,2,78
6.801282e+07,3.980154e+14,4.366980e+07,5.035790e+06,-7.462346e+13,1.004629e+14,-7.460239e+13,2.836481e+07,3.894375e+14,1.541839e+08,2.142159e+07,-1.225525e+15,-4.208613e+14,-1.265740e+15,4.830453e+07,1.762634e+15,5.613651e+06,1.284098e+06,2.863157e+12,-7.925222e+12,-3.971571e+10,2,47
6.291425e+07,2.451275e+14,1.478141e+05,2.091285e+06,4.219382e+11,1.642733e+13,7.001463e+10,2.576148e+07,4.655822e+14,1.446505e+08,1.651867e+07,-8.071762e+14,-3.563401e+14,-7.027049e+14,4.139258e+07,1.394056e+15,1.420449e+07,2.467314e+06,1.903679e+11,-3.347982e+13,3.110344e+12,2,63
6.881947e+07,3.663545e+14,3.975504e+07,3.080610e+06,2.578125e+13,-5.004308e+13,3.025417e+13,2.862396e+07,4.464661e+14,1.233021e+08,1.780285e+07,-7.346049e+14,-3.350013e+14,-5.557166e+14,4.770730e+07,1.717742e+15,1.110954e+07,6.025496e+06,4.926277e+13,1.198755e+14,2.613983e+13,0,72
4.466360e+07,3.150893e+14,1.754340e+07,1.040118e+06,-4.251093e+12,1.846283e+13,-5.784353e+12,1.704175e+07,9.836836e+13,1.234032e+08,1.474458e+07,-6.062062e+14,-1.421374e+14,-6.247259e+14,3.474911e+07,7.716260e+14,5.297948e+07,6.713728e+06,-8.834781e+13,-1.757126e+14,-8.578013e+13,0,9
5.759276e+07,3.628630e+14,7.490393e+07,4.405355e+05,5.575367e+11,2.634935e+12,4.876849e+11,2.312290e+07,2.451028e+14,1.079521e+08,1.714137e+07,-6.915659e+14,-2.577932e+14,-6.014537e+14,4.211211e+07,1.279361e+15,2.182546e+06,7.313644e+06,2.693712e+13,2.092721e+14,2.245096e+13,3,85
6.906066e+07,3.505510e+14,9.004269e+06,7.666019e+06,-6.256778e+13,1.314175e+14,-3.782129e+13,2.809244e+07,4.986144e+14,1.650164e+08,2.083180e+07,-1.165870e+15,-4.509601e+14,-1.092983e+15,4.673348e+07,1.725089e+15,9.464000e+06,1.667279e+06,-3.356488e+10,-5.050881e+12,-1.068552e+12,2,70
5.796000e+07,2.512194e+14,4.441988e+06,1.043574e+07,-6.950814e+13,1.508194e+14,-4.668717e+13,2.473171e+07,3.062986e+14,1.919631e+08,2.111254e+07,-1.323119e+15,-3.661225e+14,-1.222002e+15,4.046369e+07,1.118568e+15,7.532047e+07,8.828625e+06,-1.144146e+14,-1.395508e+14,-1.485056e+13,2,59
7.092087e+07,2.879068e+14,8.933610e+06,2.486820e+06,1.012967e+13,5.860637e+12,6.287520e+12,2.945195e+07,6.115841e+14,1.442619e+08,1.665343e+07,-8.047913e+14,-4.072025e+14,-6.787574e+14,4.621513e+07,1.750888e+15,2.038943e+07,2.525003e+06,-1.809152e+13,-1.044295e+14,-1.952051e+13,1,12
5.876340e+07,2.352709e+14,1.893880e+06,2.563030e+04,-2.633968e+09,-3.868977e+11,-1.212440e+09,2.383595e+07,3.843338e+14,1.292565e+08,1.434044e+07,-6.108736e+14,-2.790947e+14,-6.268953e+14,3.917392e+07,1.233494e+15,2.827726e+07,2.971946e+06,-2.708392e+13,-1.043401e+14,-2.031411e+13,3,83
6.381995e+07,2.220262e+14,2.665378e+07,2.707386e+05,-5.145932e+10,1.805246e+12,-7.652567e+10,2.644046e+07,5.128418e+14,1.330465e+08,1.506859e+07,-6.690286e+14,-3.394211e+14,-7.188182e+14,4.121948e+07,1.398494e+15,4.681214e+05,1.070647e+06,7.530477e+11,3.963615e+13,-1.195065e+11,0,62
4.373243e+07,3.482160e+14,2.792939e+07,4.229291e+06,-4.513280e+13,7.891566e+13,-3.291036e+13,1.579195e+07,8.721584e+13,9.403610e+07,1.451891e+07,-5.359975e+14,-1.355232e+14,-4.671493e+14,3.442596e+07,8.004861e+14,1.751005e+07,3.386010e+06,-1.191167e+13,-8.222255e+13,-7.986625e+12,3,64
6.686935e+07,3.412390e+14,1.458156e+07,1.993701e+07,1.225196e+14,2.945854e+14,2.904741e+14,2.663331e+07,4.784369e+14,1.353484e+08,1.624367e+07,-6.683275e+14,-3.276408e+14,-4.586148e+14,4.504586e+07,1.650010e+15,2.957879e+07,1.724332e+07,3.785574e+14,5.363408e+14,-7.381336e+13,2,69
6.648524e+07,3.987096e+14,2.760036e+07,6.783024e+06,-9.259310e+13,1.346079e+14,-7.480352e+13,2.724931e+07,3.735651e+14,1.443769e+08,1.998749e+07,-1.019741e+15,-3.722857e+14,-1.038400e+15,4.720116e+07,1.702291e+15,5.429027e+06,4.399375e+05,-5.160929e+11,-1.809355e+13,3.930759e+11,1,47
3.944734e+07,2.259025e+14,1.036056e+07,1.567643e+06,5.209359e+12,-5.915459e+12,4.589968e+12,1.517037e+07,8.742681e+13,1.135362e+08,1.307045e+07,-4.969811e+14,-1.219936e+14,-3.326441e+14,3.020030e+07,5.935475e+14,2.645619e+07,3.892275e+06,-2.730717e+13,-8.783636e+13,-2.685389e+13,1,75
5.371757e+07,2.189753e+14,2.912290e+06,5.223641e+06,-1.115890e+13,4.994939e+13,-6.746098e+12,2.321342e+07,2.489080e+14,1.844984e+08,1.998730e+07,-1.131281e+15,-3.026263e+14,-1.023360e+15,3.794112e+07,1.000667e+15,6.700265e+07,8.036968e+06,-8.932095e+13,-1.182144e+14,-5.196941e+13,1,59
7.360085e+07,3.953315e+14,2.881621e+07,2.119582e+06,3.729781e+11,-3.997182e+13,-7.595644e+12,2.950152e+07,6.216747e+14,1.351332e+08,1.558133e+07,-7.035072e+14,-3.848793e+14,-3.493191e+14,4.931714e+07,1.957228e+15,8.165174e+06,4.058372e+06,1.978543e+13,3.920954e+13,1.657291e+13,0,12
5.060496e+07,1.035616e+14,1.160995e+06,1.832343e+07,-8.071670e+13,1.734720e+14,1.106974e+13,2.275846e+07,3.127873e+14,1.597466e+08,1.665154e+07,-8.252454e+14,-2.862103e+14,-6.736386e+14,3.293246e+07,7.835802e+14,9.441359e+07,1.431748e+07,1.109282e+14,8.056433e+12,1.506901e+14,0,40
4.660326e+07,3.735193e+14,2.646168e+07,4.440461e+06,-4.604839e+13,8.406099e+13,-3.997191e+13,1.834123e+07,8.182387e+13,7.886745e+07,1.429963e+07,-4.775060e+14,-1.291724e+14,-4.749557e+14,3.755974e+07,9.749775e+14,4.159656e+06,1.177555e+06,6.786388e+11,-2.404036e+13,1.216424e+12,0,64
4.618487e+07,2.653624e+14,3.370556e+05,8.224468e+06,9.603176e+12,1.200589e+14,9.166396e+12,1.804113e+07,1.417446e+14,1.217633e+08,1.331893e+07,-5.338982e+14,-1.575955e+14,-5.733365e+14,3.428053e+07,8.366691e+14,4.245674e+07,8.844305e+06,9.026867e+13,6.846582e+13,8.635706e+13,3,66
6.411129e+07,2.370958e+14,5.052095e+07,3.638048e+06,-4.317501e+13,5.278490e+13,-3.464203e+13,2.769667e+07,4.455542e+14,1.269902e+08,1.702131e+07,-7.910519e+14,-3.590259e+14,-6.762616e+14,4.304807e+07,1.388974e+15,2.791255e+07,5.494369e+06,3.831249e+13,-4.390587e+13,4.293583e+12,1,72
5.084516e+07,2.320204e+14,4.695021e+07,2.657969e+06,3.019836e+12,1.876560e+13,2.188261e+12,2.259515e+07,1.699575e+14,9.404127e+07,1.780718e+07,-6.754159e+14,-2.184951e+14,-6.252258e+14,3.782709e+07,1.024538e+15,3.066221e+07,9.868777e+06,1.563917e+14,9.322794e+13,1.629216e+13,0,4
4.674988e+07,2.002900e+14,9.763091e+06,7.087893e+06,-5.136882e+13,8.973868e+13,-4.463767e+13,1.906858e+07,1.841576e+14,1.542499e+08,1.736212e+07,-8.934197e+14,-2.347099e+14,-8.053388e+14,3.318986e+07,7.939765e+14,3.909569e+07,5.243292e+06,-3.165958e+13,-6.430100e+13,-9.058801e+12,2,50
5.504585e+07,2.112453e+14,8.955846e+05,1.504061e+07,5.303185e+13,2.154998e+14,7.197808e+13,2.275475e+07,3.338293e+14,1.305720e+08,1.472071e+07,-5.258636e+14,-2.308259e+14,-4.842002e+14,3.723690e+07,1.063884e+15,4.577336e+07,1.369917e+07,2.744216e+14,2.380705e+14,1.401281e+14,0,61
6.312616e+07,2.617889e+14,1.584133e+06,8.121494e+05,-8.768233e+11,-2.637781e+11,-8.078887e+11,2.566083e+07,4.563954e+14,1.429165e+08,1.627220e+07,-7.683985e+14,-3.428939e+14,-8.224902e+14,4.178179e+07,1.421700e+15,2.161572e+07,2.874587e+06,-1.262900e+13,-8.353416e+13,-9.698735e+12,3,60
4.595026e+07,3.944623e+14,9.682539e+06,1.908110e+05,-8.990260e+10,-3.672056e+12,-9.004504e+10,1.600835e+07,1.016708e+14,9.150176e+07,1.103726e+07,-3.498021e+14,-1.108111e+14,-3.168546e+14,3.586769e+07,8.971666e+14,1.441304e+07,3.190713e+06,9.133639e+12,-2.523648e+13,8.822081e+12,3,75
6.390331e+07,2.568351e+14,3.086131e+07,1.691154e+06,9.032816e+12,2.244712e+13,9.309579e+12,2.613126e+07,4.821674e+14,1.276739e+08,1.488672e+07,-5.631310e+14,-3.005945e+14,-6.193082e+14,4.205498e+07,1.450514e+15,4.644579e+06,5.744587e+06,2.959295e+13,2.163244e+14,-1.006336e+12,1,62
7.805183e+07,6.604260e+14,1.679142e+07,3.879871e+07,9.385052e+14,9.924408e+14,9.270350e+14,2.940351e+07,5.348752e+14,1.427554e+08,1.839515e+07,-9.368247e+14,-4.238095e+14,-1.004689e+15,5.495189e+07,2.377974e+15,5.771051e+07,3.054167e+07,1.282218e+15,1.417337e+15,9.581871e+14,2,80
4.188438e+07,1.800840e+14,1.640427e+07,1.210433e+06,3.173896e+12,3.439467e+11,2.972406e+12,1.728533e+07,1.288241e+14,1.375902e+08,1.588867e+07,-7.420125e+14,-1.801703e+14,-6.609470e+14,3.055061e+07,6.057315e+14,5.553024e+07,7.044288e+06,-9.330384e+13,-1.537789e+14,-9.306673e+13,0,91
7.788447e+07,2.353481e+14,6.204548e+06,9.444394e+05,1.344781e+12,1.355345e+13,1.309145e+12,3.387151e+07,8.348729e+14,1.573256e+08,1.908186e+07,-1.042186e+15,-5.498500e+14,-1.138024e+15,4.908903e+07,1.980036e+15,1.719748e+07,3.598425e+06,2.378172e+13,6.386276e+13,3.046142e+13,1,95
7.145779e+07,2.947735e+14,2.609941e+06,8.149139e+06,2.282931e+13,1.250500e+14,4.035113e+13,2.946121e+07,6.224561e+14,1.683627e+08,1.982030e+07,-1.142784e+15,-4.940484e+14,-9.986619e+14,4.657190e+07,1.766083e+15,1.137451e+07,5.495057e+06,4.077478e+13,2.067742e+14,-1.589550e+13,1,103
5.944158e+07,1.194682e+14,7.641691e+06,3.212176e+07,-4.687434e+14,3.494810e+14,-3.858189e+14,2.679222e+07,4.717937e+14,1.344806e+08,1.587924e+07,-7.331626e+14,-3.446459e+14,-7.436747e+14,3.772078e+07,1.083130e+15,7.748166e+07,1.308544e+07,1.397030e+14,2.880421e+13,2.707905e+13,0,68
6.570268e+07,2.730953e+14,8.501104e+06,2.164801e+06,-2.608419e+12,9.841522e+12,6.216636e+12,2.686680e+07,5.072309e+14,1.489518e+08,1.717336e+07,-8.301567e+14,-3.765156e+14,-9.010089e+14,4.333437e+07,1.509196e+15,2.277191e+07,2.757119e+06,-2.168686e+13,-1.069531e+14,-1.591043e+13,2,104
5.883091e+07,2.717259e+14,1.200338e+06,2.804470e+06,-2.559077e+12,3.541110e+13,-2.985075e+11,2.361701e+07,3.617893e+14,1.467603e+08,1.685801e+07,-8.287684e+14,-3.187337e+14,-9.948336e+14,4.002220e+07,1.244545e+15,1.691580e+07,3.641894e+06,6.183958e+12,-8.265315e+12,8.974621e+12,2,52
6.200619e+07,1.773416e+14,1.979900e+06,5.460889e+06,1.333190e+13,5.197155e+13,9.756253e+12,2.675879e+07,4.871209e+14,1.427064e+08,1.545110e+07,-7.238771e+14,-3.404015e+14,-8.209794e+14,4.007494e+07,1.316647e+15,2.559402e+07,7.173135e+06,7.775219e+13,1.290000e+14,6.252890e+13,3,89
7.975826e+07,6.497672e+14,3.601582e+07,1.861337e+07,4.683378e+14,4.634037e+14,5.143182e+14,3.125802e+07,5.328508e+14,1.336037e+08,1.910426e+07,-9.641939e+14,-4.409843e+14,-9.097261e+14,5.667695e+07,2.492118e+15,1.617769e+07,3.002793e+07,6.614976e+14,1.430384e+15,6.807608e+14,0,30
6.308438e+07,2.302989e+14,8.652623e+06,1.679388e+06,-2.691347e+12,1.998209e+13,-2.957051e+12,2.613756e+07,4.740303e+14,1.466257e+08,1.668686e+07,-8.218318e+14,-3.623403e+14,-8.428857e+14,4.131293e+07,1.367104e+15,2.682747e+07,3.031834e+06,-2.564039e+13,-1.109803e+14,-2.109669e+13,3,104
6.286759e+07,3.664456e+14,1.657507e+07,1.330432e+06,-6.065039e+12,-1.979884e+12,-3.219408e+12,2.463061e+07,3.669450e+14,1.337993e+08,1.718025e+07,-7.812971e+14,-3.168260e+14,-5.954642e+14,4.373823e+07,1.488137e+15,1.618588e+07,6.598909e+06,5.894148e+13,8.264565e+13,6.249829e+13,0,45
7.256133e+07,3.445158e+14,2.443431e+06,2.187916e+07,-1.411717e+14,3.998206e+14,-5.515574e+13,3.007970e+07,5.813378e+14,1.767709e+08,2.159092e+07,-1.330504e+15,-5.192184e+14,-1.272903e+15,4.845040e+07,1.853144e+15,2.304510e+07,8.361905e+06,1.024903e+14,2.603881e+14,-4.702547e+13,1,70
6.932509e+07,4.092138e+14,6.449104e+06,1.656179e+07,-2.226841e+13,3.345647e+14,1.139489e+14,2.879539e+07,4.148808e+14,1.219561e+08,1.754943e+07,-8.117663e+14,-3.573517e+14,-7.090588e+14,4.899632e+07,1.803715e+15,2.134327e+07,6.820194e+06,8.080035e+13,2.896472e+14,4.944955e+13,1,99
7.953755e+07,4.740829e+14,1.089471e+07,3.238573e+07,5.260916e+14,7.047079e+14,3.013740e+14,3.257552e+07,6.351561e+14,1.142458e+08,1.629315e+07,-6.797234e+14,-4.026518e+14,-7.069337e+14,5.433811e+07,2.331253e+15,5.896508e+07,2.420818e+07,9.139576e+14,1.126359e+15,8.866808e+14,2,98
4.984285e+07,1.911107e+14,1.571403e+07,8.487953e+06,-1.831233e+13,9.205760e+13,-2.972863e+13,2.130121e+07,2.191093e+14,1.523197e+08,1.854284e+07,-9.833891e+14,-2.736977e+14,-1.080655e+15,3.505979e+07,8.158197e+14,4.975075e+07,5.450371e+06,-8.971944e+13,-1.504749e+14,-3.521687e+13,0,19
5.946015e+07,1.978097e+14,5.613297e+05,9.044924e+06,-1.090278e+13,1.010483e+14,1.753548e+13,2.719576e+07,3.443634e+14,1.383364e+08,1.764319e+07,-8.584328e+14,-3.209264e+14,-7.270731e+14,4.090317e+07,1.330413e+15,1.190440e+07,3.911916e+06,2.065480e+13,5.732589e+13,-1.427200e+13,3,69
5.909760e+07,5.273253e+14,1.589740e+07,2.115944e+06,-1.155425e+13,4.350394e+13,-7.036945e+12,2.201286e+07,2.028128e+14,1.388434e+08,1.846761e+07,-9.341469e+14,-2.626422e+14,-7.997764e+14,4.494276e+07,1.387924e+15,2.077588e+07,3.404084e+06,-7.579174e+12,-9.984383e+13,-8.771039e+12,0,24
7.227211e+07,3.151407e+14,2.630080e+06,2.107633e+07,-1.545606e+14,3.597326e+14,-1.297002e+14,3.101325e+07,5.551237e+14,1.812353e+08,2.332578e+07,-1.500932e+15,-5.447424e+14,-1.414554e+15,4.871128e+07,1.844069e+15,2.367227e+07,6.981030e+06,7.044126e+13,1.752666e+14,-4.692529e+13,3,70
6.824345e+07,2.021263e+14,3.373781e+05,2.236389e+06,1.862959e+12,-5.332307e+12,5.311551e+11,2.894155e+07,6.498278e+14,1.364897e+08,1.543833e+07,-7.081510e+14,-3.933934e+14,-8.131953e+14,4.298009e+07,1.547458e+15,4.705046e+06,7.313964e+05,-7.171153e+11,-1.722886e+13,-7.297196e+10,2,100
6.986573e+07,3.107812e+14,1.214340e+06,7.379909e+06,1.911139e+13,1.287193e+14,1.458207e+13,2.838138e+07,5.692388e+14,1.622643e+08,1.890437e+07,-1.044021e+15,-4.500890e+14,-1.078312e+15,4.600833e+07,1.730186e+15,1.191212e+07,4.998982e+06,3.512463e+13,1.707171e+14,-8.809190e+12,3,103
5.885118e+07,3.497342e+14,2.878213e+07,1.922634e+06,-1.423560e+13,3.593096e+13,-1.477649e+13,2.399242e+07,2.622736e+14,1.176433e+08,1.744961e+07,-7.894663e+14,-2.825566e+14,-7.997380e+14,4.266307e+07,1.339570e+15,4.269333e+06,1.884713e+06,5.242581e+12,1.133119e+13,-8.062327e+10,0,93
5.613738e+07,2.378131e+14,4.797536e+06,7.550249e+05,1.436904e+12,-4.229602e+12,1.741540e+12,2.270593e+07,3.269675e+14,1.451505e+08,1.681363e+07,-8.237617e+14,-3.022192e+14,-7.800368e+14,3.805557e+07,1.118106e+15,2.439605e+07,3.019359e+06,-2.445713e+13,-9.910342e+13,-2.414742e+13,3,71
4.913839e+07,2.285063e+14,1.346792e+06,4.205107e+06,4.997168e+11,3.360130e+13,-1.383588e+12,1.951554e+07,2.177182e+14,1.252369e+08,1.443401e+07,-6.135049e+14,-2.129455e+14,-7.167828e+14,3.453492e+07,8.776786e+14,4.114335e+07,6.969102e+06,-1.062249e+13,-7.961820e+13,1.632453e+13,3,53
3.720600e+07,8.048877e+13,5.603393e+06,1.863254e+07,-1.665539e+14,1.549682e+14,-1.566739e+14,1.708472e+07,1.250783e+14,1.300494e+08,1.537367e+07,-6.854964e+14,-1.715491e+14,-5.719084e+14,2.605410e+07,4.057917e+14,1.015312e+08,1.119790e+07,-2.338446e+14,-1.319511e+14,-8.399789e+12,3,54
7.058172e+07,2.133168e+14,7.657371e+04,2.240704e+06,3.034629e+11,-5.890309e+12,1.218534e+12,3.001222e+07,6.888575e+14,1.386239e+08,1.602017e+07,-7.471429e+14,-4.182010e+14,-8.390306e+14,4.455308e+07,1.663105e+15,4.594162e+06,7.621971e+05,-6.134307e+11,-1.623522e+13,5.158453e+10,3,100
4.357765e+07,1.802099e+14,2.816309e+06,1.911857e+07,-1.269046e+14,2.367448e+14,-1.311639e+14,1.829771e+07,1.448855e+14,1.044921e+08,1.475989e+07,-5.760025e+14,-1.772981e+14,-6.539553e+14,3.168731e+07,7.174885e+14,4.784982e+07,6.647443e+06,-1.951272e+13,-5.810046e+13,-2.044627e+13,0,77
6.164855e+07,2.993389e+14,1.391363e+06,6.741915e+05,-6.357134e+11,1.010606e+13,-4.244882e+11,2.476788e+07,3.974423e+14,1.371791e+08,1.633451e+07,-7.700847e+14,-3.247167e+14,-8.768960e+14,4.184117e+07,1.360564e+15,2.037600e+07,2.806255e+06,-1.999794e+13,-9.681950e+13,-1.342350e+13,2,48
6.825132e+07,1.844679e+14,3.474526e+05,2.393076e+05,5.472476e+10,3.064682e+12,7.458313e+10,2.906485e+07,6.567200e+14,1.357313e+08,1.547275e+07,-7.076770e+14,-3.960209e+14,-6.844905e+14,4.263666e+07,1.535596e+15,9.741691e+06,1.342005e+06,-2.808744e+12,-3.951482e+13,-1.943265e+12,3,74
5.538070e+07,1.701071e+14,1.457074e+07,9.325442e+06,-1.086415e+14,1.189574e+14,-1.064689e+14,2.446193e+07,3.272674e+14,1.362909e+08,1.840351e+07,-9.198918e+14,-3.318087e+14,-9.219639e+14,3.730600e+07,1.059857e+15,4.508589e+07,5.030925e+06,-7.573476e+13,-1.631794e+14,-1.304364e+13,0,41
6.108092e+07,2.088725e+14,7.440712e+06,3.627591e+06,1.559696e+12,3.744244e+13,-2.923635e+12,2.697989e+07,3.865908e+14,1.503279e+08,1.914552e+07,-1.027056e+15,-3.764342e+14,-1.066416e+15,4.142793e+07,1.344463e+15,1.034171e+07,1.358609e+06,-5.051423e+12,-4.915404e+13,-5.125547e+11,3,84
5.849048e+07,2.218722e+14,2.052523e+07,1.168658e+07,-1.470334e+14,1.672737e+14,-1.977492e+14,2.468462e+07,3.582347e+14,1.475412e+08,1.849839e+07,-9.533152e+14,-3.467191e+14,-9.722754e+14,3.957944e+07,1.165484e+15,3.622418e+07,4.362855e+06,-4.478024e+13,-1.178807e+14,-5.769317e+12,0,7
6.664881e+07,5.791844e+14,2.363612e+06,2.206878e+06,-7.627661e+11,3.721985e+13,3.599545e+12,2.473123e+07,3.252662e+14,1.223978e+08,1.607492e+07,-7.106553e+14,-2.892155e+14,-5.885125e+14,4.867238e+07,1.828064e+15,1.858110e+07,3.017231e+06,1.839533e+13,6.139687e+13,2.637204e+13,2,65
5.329144e+07,1.894277e+14,8.312756e+06,6.372568e+06,-3.764112e+13,7.969372e+13,-4.498801e+13,2.372153e+07,2.529228e+14,1.123499e+08,1.620489e+07,-6.597984e+14,-2.491431e+14,-6.763543e+14,3.742578e+07,1.020434e+15,3.743422e+07,3.837706e+06,-3.899342e+13,-1.186355e+14,-1.685265e+12,0,5
8.343272e+07,3.771291e+14,3.203732e+07,1.107809e+06,2.505354e+12,-2.037980e+13,3.678318e+12,3.430254e+07,8.889881e+14,1.554331e+08,1.808532e+07,-9.588716e+14,-5.391945e+14,-1.074752e+15,5.371824e+07,2.413944e+15,3.656607e+06,1.780048e+06,4.530842e+12,7.444501e+13,4.656147e+12,2,49
