8.181646e+04,1.169420e+09,1.358991e+12,2.085263e+05,9.688382e+09,5.886406e+12,3.535048e+05,3.149361e+10,5.180390e+13,4.067370e+05,3.270369e+10,1.767088e+14,2,76,N,N
1.254789e+05,1.723055e+09,2.080989e+12,2.233965e+05,1.012096e+10,5.638345e+12,3.751457e+05,3.522148e+10,5.434180e+13,4.349196e+05,3.934257e+10,1.819747e+14,1,41,N,N
4.202796e+04,2.607453e+08,2.280459e+11,1.844573e+05,6.148486e+09,3.383432e+12,2.927835e+05,2.064994e+10,1.930433e+13,3.823103e+05,3.428792e+10,1.274503e+14,0,46,N,N
4.538340e+04,3.050392e+08,3.579238e+11,1.891154e+05,6.477479e+09,4.194121e+12,3.117896e+05,2.303555e+10,2.607499e+13,3.550622e+05,2.627823e+10,1.313556e+14,2,96,N,N
5.997812e+04,3.294512e+08,2.728995e+11,1.087843e+05,2.254651e+09,8.392030e+11,1.621168e+05,6.547384e+09,4.410286e+12,2.121987e+05,9.366602e+09,2.450930e+13,0,58,N,N
1.333399e+05,1.337713e+09,1.153032e+12,2.194084e+05,8.302679e+09,3.928169e+12,2.718207e+05,1.863057e+10,2.217357e+13,3.060643e+05,1.852777e+10,6.635313e+13,1,103,N,N
9.140556e+04,8.647162e+08,7.762654e+11,1.998565e+05,7.006343e+09,4.902445e+12,2.411772e+05,1.467623e+10,1.744596e+13,3.403781e+05,2.377774e+10,1.016420e+14,2,55,N,N
1.110778e+05,1.270981e+09,1.230208e+12,1.955623e+05,7.659810e+09,3.534417e+12,3.125031e+05,2.446788e+10,2.913372e+13,3.595131e+05,2.782080e+10,9.659403e+13,2,84,N,N
1.087125e+05,1.123396e+09,1.009983e+12,1.900380e+05,6.282147e+09,2.119653e+12,3.119807e+05,2.361334e+10,2.261824e+13,3.503479e+05,2.726860e+10,1.024783e+14,0,29,N,N
1.014440e+05,9.985157e+08,1.053786e+12,1.836175e+05,6.172637e+09,2.620321e+12,2.608804e+05,1.702153e+10,1.851765e+13,3.115903e+05,2.082864e+10,9.413976e+13,0,52,N,N
1.204371e+05,9.411236e+08,6.098660e+11,1.820211e+05,5.996850e+09,3.260653e+12,2.224758e+05,1.243574e+10,1.390753e+13,3.082960e+05,1.956958e+10,6.396326e+13,2,80,N,N
1.526335e+05,1.160774e+09,1.053199e+12,2.223707e+05,8.457741e+09,5.723848e+12,2.284440e+05,1.287302e+10,1.898059e+13,3.496830e+05,2.237790e+10,1.019473e+14,2,65,N,N
8.527461e+04,7.057059e+08,6.002334e+11,1.937741e+05,6.332133e+09,4.075621e+12,2.100825e+05,1.113666e+10,1.083474e+13,3.140703e+05,1.912434e+10,7.866703e+13,3,55,N,N
5.404000e+04,3.329392e+08,3.514502e+11,2.005115e+05,6.870909e+09,2.923502e+12,3.102717e+05,2.329480e+10,1.993253e+13,3.820779e+05,2.982634e+10,1.276480e+14,3,68,N,N
1.120987e+05,9.708714e+08,1.112842e+12,2.896298e+05,1.280208e+10,8.359034e+12,3.634881e+05,3.209749e+10,3.822595e+13,4.630167e+05,4.229845e+10,2.241385e+14,0,47,N,N
6.642901e+04,4.768688e+08,3.605821e+11,1.071609e+05,2.639382e+09,8.991124e+11,2.213322e+05,1.193323e+10,8.814116e+12,2.835121e+05,1.833639e+10,5.017956e+13,0,15,N,N
8.964799e+04,1.221542e+09,1.628454e+12,2.395615e+05,1.216540e+10,8.912499e+12,3.658535e+05,3.354715e+10,6.783510e+13,4.152135e+05,3.442741e+10,1.752342e+14,1,76,N,N
9.129274e+04,5.760571e+08,8.043313e+11,2.117974e+05,6.909819e+09,3.806481e+12,2.810144e+05,1.958586e+10,1.984285e+13,3.883617e+05,3.269638e+10,1.544296e+14,3,91,N,N
7.517745e+04,1.062143e+09,1.104463e+12,1.839855e+05,7.797896e+09,4.104817e+12,2.867441e+05,2.043640e+10,2.771440e+13,3.659984e+05,2.433940e+10,1.008584e+14,0,76,N,N
8.915570e+04,5.198442e+08,4.744715e+11,1.661186e+05,4.906704e+09,1.647094e+12,2.598216e+05,1.700088e+10,1.689074e+13,3.239570e+05,2.090033e+10,1.227454e+14,1,62,N,N
9.123542e+04,1.023013e+09,1.659254e+12,2.060959e+05,7.366901e+09,4.224098e+12,2.843689e+05,2.041743e+10,3.055981e+13,3.586946e+05,2.545636e+10,1.357753e+14,0,75,N,N
1.118533e+05,9.952473e+08,9.250051e+11,2.044906e+05,7.189187e+09,4.799049e+12,2.573986e+05,1.654294e+10,1.767272e+13,3.466190e+05,2.520540e+10,1.285883e+14,1,55,N,N
4.383847e+04,2.745576e+08,3.144336e+11,1.883826e+05,6.318326e+09,3.877949e+12,3.025191e+05,2.200427e+10,2.362043e+13,3.718330e+05,3.014447e+10,1.217989e+14,3,96,N,N
9.593268e+04,1.048389e+09,1.269557e+12,2.151309e+05,8.360565e+09,4.011098e+12,3.241345e+05,2.642021e+10,3.653022e+13,3.819394e+05,2.935975e+10,1.251353e+14,0,57,N,N
8.674402e+04,5.052262e+08,4.179916e+11,1.792366e+05,5.347269e+09,2.726687e+12,2.999745e+05,2.101205e+10,2.258062e+13,3.227454e+05,2.308171e+10,1.648364e+14,1,82,N,N
8.196477e+04,9.693926e+08,1.376205e+12,1.781140e+05,6.313584e+09,3.421872e+12,2.733646e+05,1.872108e+10,1.929005e+13,3.957375e+05,3.317572e+10,1.191421e+14,0,39,N,N
7.216543e+04,9.920867e+08,1.305129e+12,1.853394e+05,7.719425e+09,5.103965e+12,3.020632e+05,2.293982e+10,3.284011e+13,4.163294e+05,4.028472e+10,1.609980e+14,1,66,N,N
8.724401e+04,6.541246e+08,5.432100e+11,1.300313e+05,3.496293e+09,9.832475e+11,2.328019e+05,1.346082e+10,1.085268e+13,2.766457e+05,1.637057e+10,5.672766e+13,0,63,N,N
7.057604e+04,5.305217e+08,7.782582e+11,2.117464e+05,8.164811e+09,6.001496e+12,3.288669e+05,2.702374e+10,3.751725e+13,4.448389e+05,3.861773e+10,2.044398e+14,0,81,N,N
8.758601e+04,8.294493e+08,8.524843e+11,1.995966e+05,8.311333e+09,6.342330e+12,3.188470e+05,2.508992e+10,2.760891e+13,4.669170e+05,4.696870e+10,3.043686e+14,1,98,N,N
5.799471e+04,5.190168e+08,9.225057e+11,1.671166e+05,5.549945e+09,3.888490e+12,3.033297e+05,2.179339e+10,2.513862e+13,5.288831e+05,6.895797e+10,3.605123e+14,2,79,N,N
8.378178e+04,6.172756e+08,5.598595e+11,1.369622e+05,3.780313e+09,1.580019e+12,2.127708e+05,1.137825e+10,1.191775e+13,2.760713e+05,1.513629e+10,6.174730e+13,3,48,N,N
5.398394e+04,4.168492e+08,3.386480e+11,1.613129e+05,5.427869e+09,1.810366e+12,3.030874e+05,2.271177e+10,1.918334e+13,3.811967e+05,2.876052e+10,8.519589e+13,2,86,N,N
5.798408e+04,5.395794e+08,5.928126e+11,2.197921e+05,1.002245e+10,7.933204e+12,3.859497e+05,3.641794e+10,5.180452e+13,5.363687e+05,6.483669e+10,2.658688e+14,0,27,N,N
1.673887e+05,1.736545e+09,1.792761e+12,2.624640e+05,1.193333e+10,7.362126e+12,4.028147e+05,4.074043e+10,7.805058e+13,4.312306e+05,4.456829e+10,1.876986e+14,3,79,N,N
1.215243e+05,1.358245e+09,1.335881e+12,2.398440e+05,9.688235e+09,3.964249e+12,3.508414e+05,3.049729e+10,3.359176e+13,4.234154e+05,4.266969e+10,1.475042e+14,0,26,N,N
8.377518e+04,1.175875e+09,1.525669e+12,2.004309e+05,8.692093e+09,5.739833e+12,3.316392e+05,2.776398e+10,5.015183e+13,4.407430e+05,4.145449e+10,2.190679e+14,1,61,N,N
1.626256e+05,1.967419e+09,2.346619e+12,3.392134e+05,1.756750e+10,1.285646e+13,4.890792e+05,5.724933e+10,1.010073e+14,5.466559e+05,6.558234e+10,3.892277e+14,1,47,N,N
1.269654e+05,9.000867e+08,1.005263e+12,2.917478e+05,1.097086e+10,8.986689e+12,2.658494e+05,1.787991e+10,3.202716e+13,3.905704e+05,3.014195e+10,1.688761e+14,1,97,N,N
5.641965e+04,3.419633e+08,3.623495e+11,1.668135e+05,5.496245e+09,2.927121e+12,3.211312e+05,2.542164e+10,2.536359e+13,4.275204e+05,3.827066e+10,1.652691e+14,0,0,N,N
1.471160e+05,1.574875e+09,1.694384e+12,2.576237e+05,1.084809e+10,4.837574e+12,3.483798e+05,3.037955e+10,3.639881e+13,4.100428e+05,3.468089e+10,1.590924e+14,2,104,N,N
9.681036e+04,1.101623e+09,1.736018e+12,2.247317e+05,8.256474e+09,5.307470e+12,3.153460e+05,2.465236e+10,3.711236e+13,3.897650e+05,3.269844e+10,1.274967e+14,3,75,N,N
1.455979e+05,1.590114e+09,2.180924e+12,2.785453e+05,1.194853e+10,7.675868e+12,3.703147e+05,3.375325e+10,4.799807e+13,4.809900e+05,5.410659e+10,2.628089e+14,2,51,N,N
1.000832e+05,1.092874e+09,8.847241e+11,1.516758e+05,4.915568e+09,2.437381e+12,2.473424e+05,1.547007e+10,2.313312e+13,2.969607e+05,1.923778e+10,7.552252e+13,3,90,N,N
4.050000e+04,2.175693e+08,2.357157e+11,1.606968e+05,4.526937e+09,2.175131e+12,2.461115e+05,1.489421e+10,1.048585e+13,3.643081e+05,2.727331e+10,1.122962e+14,3,77,N,N
7.622214e+04,5.236574e+08,4.297988e+11,1.660213e+05,3.921312e+09,9.077012e+11,2.425257e+05,1.336967e+10,6.843185e+12,2.696860e+05,1.730859e+10,3.609982e+13,0,31,N,N
9.505290e+04,6.959870e+08,1.041530e+12,2.124737e+05,8.607971e+09,5.887318e+12,4.250722e+05,4.133027e+10,5.726241e+13,4.682465e+05,5.163818e+10,2.205604e+14,1,5,N,N
9.959364e+04,8.075003e+08,8.244787e+11,2.146551e+05,9.234737e+09,6.277013e+12,2.899038e+05,2.090017e+10,2.213528e+13,4.822556e+05,4.209832e+10,2.177402e+14,3,99,N,N
6.850366e+04,4.760573e+08,6.254647e+11,2.487149e+05,8.976132e+09,5.803464e+12,3.119089e+05,2.392232e+10,2.538250e+13,4.215336e+05,3.996479e+10,1.785513e+14,0,42,N,N
1.052250e+05,8.768342e+08,7.785143e+11,2.004326e+05,7.443925e+09,3.791403e+12,3.166635e+05,2.527034e+10,3.283578e+13,4.237210e+05,3.590405e+10,1.470064e+14,0,70,N,N
1.295914e+05,1.019593e+09,6.410252e+11,1.853997e+05,6.064053e+09,3.106736e+12,2.135527e+05,1.150040e+10,1.092716e+13,3.032174e+05,1.920266e+10,5.303518e+13,1,80,N,N
1.075995e+05,9.039589e+08,1.105007e+12,2.721598e+05,1.150882e+10,7.461899e+12,3.872538e+05,3.658326e+10,5.480608e+13,4.260616e+05,3.540852e+10,1.962772e+14,1,34,N,N
1.091510e+05,1.286706e+09,1.521932e+12,2.995127e+05,1.245980e+10,8.612000e+12,4.374910e+05,4.348461e+10,7.273312e+13,4.331555e+05,4.228945e+10,1.969517e+14,3,93,N,N
8.796219e+04,7.472952e+08,1.001443e+12,2.102902e+05,7.647673e+09,5.195757e+12,3.645255e+05,3.096974e+10,4.347859e+13,4.359748e+05,4.454717e+10,1.827755e+14,0,93,N,N
1.261256e+05,1.238220e+09,1.122866e+12,2.203791e+05,9.029049e+09,5.060650e+12,3.668592e+05,3.256488e+10,4.096980e+13,4.592437e+05,4.796798e+10,2.014111e+14,0,6,N,N
8.668065e+04,3.711332e+08,2.195269e+11,1.795979e+05,4.960880e+09,1.821062e+12,1.964623e+05,9.630845e+09,5.489288e+12,2.842468e+05,1.739261e+10,4.359544e+13,0,18,N,N
6.976032e+04,6.954542e+08,8.568357e+11,1.800124e+05,6.049235e+09,3.038534e+12,2.571885e+05,1.657731e+10,2.102885e+13,3.140806e+05,2.070530e+10,8.198820e+13,0,50,N,N
1.073469e+05,1.109032e+09,7.740399e+11,1.675748e+05,5.596490e+09,2.022774e+12,2.463679e+05,1.502698e+10,1.017560e+13,3.466967e+05,2.877520e+10,6.466101e+13,2,101,N,N
1.026833e+05,8.296889e+08,6.821286e+11,1.875168e+05,6.491274e+09,2.416019e+12,3.149060e+05,2.464705e+10,2.627443e+13,3.436539e+05,2.467549e+10,7.874431e+13,3,74,N,N
7.216174e+04,5.159621e+08,8.740218e+11,2.068550e+05,6.948501e+09,4.465357e+12,3.401322e+05,2.517245e+10,2.343435e+13,4.227853e+05,4.322233e+10,1.620038e+14,3,54,N,N
4.333047e+04,2.433684e+08,2.709381e+11,1.643274e+05,4.786432e+09,2.338865e+12,2.632851e+05,1.673761e+10,1.207125e+13,3.721345e+05,2.933934e+10,1.201388e+14,1,77,N,N
1.122308e+05,1.104543e+09,1.915875e+12,2.622817e+05,9.793950e+09,5.980076e+12,3.022117e+05,2.268104e+10,2.587110e+13,3.863044e+05,3.335568e+10,1.331355e+14,0,91,N,N
1.135259e+05,7.660322e+08,7.022942e+11,1.893544e+05,5.843144e+09,2.096749e+12,2.652673e+05,1.767686e+10,1.754571e+13,3.152025e+05,2.074294e+10,6.807424e+13,2,62,N,N
5.297433e+04,4.329629e+08,5.529593e+11,2.170447e+05,8.548695e+09,7.175081e+12,3.654669e+05,3.284622e+10,4.877602e+13,4.813612e+05,4.761027e+10,2.848979e+14,2,81,N,N
8.316342e+04,5.762980e+08,6.674410e+11,1.762788e+05,6.204763e+09,3.816645e+12,2.658061e+05,1.748742e+10,2.505822e+13,3.757444e+05,2.484098e+10,1.281343e+14,2,92,N,N
6.556917e+04,3.251963e+08,2.809635e+11,1.210040e+05,2.698032e+09,1.126666e+12,1.747967e+05,7.690585e+09,6.226787e+12,2.299231e+05,1.060753e+10,4.253675e+13,1,58,N,N
8.919672e+04,1.023221e+09,8.842312e+11,1.371232e+05,4.124695e+09,1.842659e+12,2.339668e+05,1.380788e+10,1.809073e+13,2.898561e+05,1.796741e+10,7.740936e+13,0,90,N,N
5.163225e+04,3.989468e+08,2.692705e+11,1.703600e+05,6.009925e+09,4.524824e+12,2.573019e+05,1.565502e+10,1.653144e+13,4.104463e+05,4.023520e+10,1.803698e+14,3,73,N,N
4.294047e+04,3.211636e+08,3.667954e+11,1.637370e+05,4.990015e+09,4.199979e+12,2.823148e+05,1.815761e+10,2.101414e+13,4.109433e+05,4.249568e+10,1.953225e+14,1,78,N,N
1.059294e+05,1.354178e+09,1.112255e+12,2.470745e+05,1.059695e+10,5.731260e+12,4.583096e+05,4.683691e+10,6.275792e+13,4.575069e+05,5.074668e+10,2.043185e+14,2,49,N,N
9.037915e+04,8.326657e+08,1.191369e+12,2.602228e+05,1.238915e+10,1.263349e+13,3.752431e+05,3.423649e+10,5.226460e+13,4.537404e+05,4.168290e+10,2.690442e+14,1,67,N,N
1.295855e+05,1.523990e+09,2.008135e+12,2.830437e+05,1.336187e+10,9.050868e+12,3.887285e+05,3.780127e+10,7.289871e+13,4.336223e+05,3.794040e+10,2.367356e+14,0,34,N,N
7.779378e+04,5.752517e+08,6.308447e+11,1.898914e+05,6.120557e+09,2.653052e+12,2.702310e+05,1.836005e+10,1.924021e+13,3.471645e+05,2.670049e+10,9.986752e+13,0,71,N,N
1.374574e+05,1.161307e+09,1.426709e+12,2.412314e+05,9.153452e+09,7.157271e+12,2.443816e+05,1.509036e+10,1.974064e+13,3.485142e+05,2.659132e+10,1.137319e+14,3,64,N,N
1.560306e+05,1.603223e+09,1.815409e+12,2.575585e+05,1.107401e+10,5.011502e+12,3.685475e+05,3.394053e+10,4.372190e+13,4.034125e+05,3.459239e+10,1.608450e+14,3,104,N,N
1.038251e+05,1.225402e+09,2.101745e+12,2.396728e+05,9.602960e+09,7.270820e+12,3.496675e+05,3.050087e+10,5.356366e+13,4.253301e+05,3.967034e+10,2.880909e+14,2,75,N,N
8.286247e+04,1.051848e+09,1.722424e+12,2.161182e+05,9.313073e+09,6.037276e+12,3.250446e+05,2.665858e+10,4.304521e+13,4.359667e+05,3.955778e+10,1.847507e+14,3,66,N,N
7.578909e+04,7.611185e+08,7.980616e+11,1.747406e+05,6.273241e+09,2.501600e+12,3.069126e+05,2.342810e+10,2.488335e+13,3.862852e+05,3.455236e+10,1.022869e+14,0,89,N,N
8.975557e+04,8.919848e+08,1.697893e+12,2.530133e+05,1.117380e+10,9.230600e+12,4.647695e+05,4.921058e+10,8.732873e+13,5.134624e+05,6.222017e+10,4.985023e+14,0,32,N,N
5.239595e+04,2.647547e+08,2.887100e+11,1.700133e+05,4.870615e+09,2.074117e+12,2.444250e+05,1.504842e+10,1.463557e+13,3.145320e+05,2.051405e+10,5.951517e+13,0,102,N,N
1.376658e+05,1.439897e+09,1.285006e+12,2.376191e+05,9.139038e+09,4.159092e+12,2.948216e+05,2.182027e+10,2.633806e+13,3.358471e+05,2.222368e+10,9.089181e+13,2,103,N,N
7.519094e+04,8.008111e+08,1.430343e+12,2.394993e+05,1.252054e+10,1.478882e+13,4.126991e+05,4.261063e+10,9.990089e+13,4.869880e+05,5.934057e+10,4.390470e+14,0,5,N,N
7.331716e+04,7.095103e+08,9.564698e+11,1.755223e+05,5.788968e+09,3.004534e+12,2.679416e+05,1.808723e+10,2.110192e+13,3.519523e+05,2.567279e+10,8.429969e+13,1,59,N,N
6.216477e+04,3.260124e+08,2.681454e+11,2.292629e+05,6.612560e+09,4.940175e+12,2.202396e+05,1.204424e+10,1.306011e+13,3.566064e+05,2.855994e+10,1.200089e+14,3,97,N,N
9.816000e+04,5.851719e+08,5.947883e+11,2.208228e+05,6.837906e+09,4.416792e+12,2.313018e+05,1.349369e+10,1.626697e+13,3.466028e+05,2.620496e+10,9.935695e+13,0,97,N,N
9.314056e+04,8.368576e+08,6.985513e+11,1.326469e+05,3.477984e+09,8.643857e+11,2.018992e+05,1.012632e+10,7.298508e+12,2.862547e+05,1.570067e+10,3.489412e+13,1,88,N,N
7.271749e+04,9.292978e+08,1.254417e+12,1.903872e+05,7.763151e+09,4.644335e+12,2.866208e+05,2.068497e+10,2.748790e+13,3.715071e+05,2.884070e+10,1.138513e+14,0,66,N,N
6.076919e+04,4.113115e+08,4.651875e+11,2.095682e+05,6.872851e+09,5.335964e+12,2.654380e+05,1.645015e+10,1.616789e+13,3.903242e+05,3.499183e+10,1.939954e+14,0,64,N,N
8.189730e+04,6.898688e+08,9.572689e+11,1.969377e+05,7.110036e+09,5.143803e+12,3.571498e+05,3.005309e+10,4.462245e+13,4.430208e+05,4.571643e+10,1.921114e+14,1,93,N,N
8.797913e+04,6.010792e+08,3.579428e+11,1.473256e+05,4.538723e+09,1.859552e+12,2.336518e+05,1.362628e+10,1.484741e+13,3.263739e+05,2.055255e+10,6.601216e+13,3,95,N,N
4.493073e+04,2.510817e+08,2.374416e+11,1.848801e+05,6.193583e+09,3.505492e+12,2.849811e+05,1.905475e+10,1.598183e+13,3.627827e+05,2.856627e+10,1.464455e+14,1,25,N,N
7.562322e+04,5.299634e+08,6.435133e+11,1.751738e+05,5.275654e+09,2.556825e+12,2.634578e+05,1.730456e+10,2.064962e+13,3.132380e+05,2.040458e+10,8.087468e+13,3,53,N,N
3.952264e+04,2.176706e+08,2.298533e+11,1.513982e+05,4.185702e+09,1.887537e+12,2.439776e+05,1.438342e+10,8.772677e+12,3.574924e+05,2.734955e+10,9.419159e+13,0,77,N,N
9.212823e+04,1.193270e+09,1.564731e+12,1.920978e+05,7.721941e+09,4.094921e+12,2.993677e+05,2.244507e+10,3.460212e+13,3.932881e+05,3.065113e+10,1.374139e+14,0,61,N,N
4.843576e+04,3.180908e+08,3.451505e+11,1.899590e+05,6.572214e+09,2.942580e+12,3.288277e+05,2.479978e+10,1.890949e+13,4.136491e+05,4.187579e+10,1.289776e+14,2,68,N,N
1.419784e+05,1.583489e+09,1.959511e+12,3.065412e+05,1.507750e+10,1.084759e+13,4.088284e+05,4.200856e+10,7.729484e+13,5.145926e+05,4.955210e+10,3.172812e+14,2,47,N,N
6.084088e+04,4.891206e+08,6.125941e+11,2.585667e+05,1.153978e+10,7.004009e+12,4.055734e+05,4.136145e+10,7.464300e+13,4.749675e+05,4.348459e+10,2.128464e+14,0,41,N,N
8.674718e+04,7.385367e+08,8.284974e+11,1.839074e+05,6.324690e+09,2.834953e+12,2.865046e+05,2.054106e+10,2.496625e+13,3.444361e+05,2.713117e+10,9.605964e+13,1,71,N,N
1.225665e+05,8.704495e+08,5.935126e+11,1.231568e+05,3.290123e+09,8.862501e+11,2.126851e+05,1.115246e+10,8.986207e+12,3.111958e+05,1.853212e+10,4.879288e+13,2,88,N,N
1.699171e+05,2.541028e+09,3.817506e+12,3.419918e+05,2.229068e+10,2.161444e+13,6.086834e+05,8.912267e+10,1.982935e+14,7.868361e+05,1.435848e+11,8.698398e+14,0,72,N,N
5.079498e+04,3.993709e+08,4.631547e+11,2.216996e+05,8.257313e+09,6.187469e+12,3.949747e+05,3.622649e+10,5.724427e+13,4.472620e+05,4.498370e+10,2.694707e+14,1,87,N,N
6.041662e+04,3.616480e+08,3.010841e+11,1.945752e+05,5.769805e+09,4.365513e+12,2.448778e+05,1.468305e+10,1.810837e+13,3.794427e+05,3.120563e+10,1.789053e+14,2,97,N,N
5.080259e+04,4.462986e+08,5.163988e+11,1.764117e+05,6.639020e+09,5.685006e+12,3.033800e+05,2.216389e+10,3.005990e+13,4.614678e+05,5.302206e+10,2.702262e+14,2,87,N,N
9.054010e+04,9.498947e+08,1.099305e+12,1.849618e+05,7.034414e+09,3.925491e+12,2.773668e+05,1.935974e+10,2.540097e+13,3.648043e+05,2.680241e+10,9.465332e+13,0,92,N,N
1.861905e+05,3.105137e+09,5.168793e+12,4.445833e+05,3.362839e+10,4.299553e+13,8.042685e+05,1.402723e+11,3.895597e+14,9.443030e+05,2.221926e+11,1.478649e+15,2,72,N,N
9.208856e+04,8.024605e+08,9.203680e+11,2.262894e+05,1.029376e+10,7.971180e+12,3.398299e+05,2.905603e+10,3.695346e+13,5.094786e+05,4.636978e+10,3.003782e+14,0,99,N,N
7.052688e+04,7.199220e+08,1.060640e+12,2.063250e+05,7.051931e+09,3.163769e+12,2.946550e+05,2.182286e+10,2.469198e+13,3.813566e+05,3.016425e+10,9.460102e+13,1,37,N,N
8.319991e+04,4.328187e+08,3.859026e+11,1.740646e+05,5.395592e+09,1.857048e+12,2.661458e+05,1.779888e+10,1.704963e+13,3.461498e+05,2.622306e+10,1.165784e+14,0,1,N,N
4.905511e+04,3.612004e+08,4.095078e+11,1.725837e+05,6.263710e+09,3.192523e+12,3.166370e+05,2.375283e+10,2.161417e+13,4.107446e+05,3.818325e+10,1.510305e+14,1,68,N,N
1.414099e+05,1.267635e+09,8.845908e+11,1.918670e+05,6.690619e+09,3.824555e+12,2.501898e+05,1.579625e+10,2.110911e+13,3.105377e+05,1.881065e+10,7.272133e+13,0,80,N,N
8.716434e+04,1.195569e+09,1.572474e+12,1.918946e+05,7.830099e+09,4.748767e+12,3.243339e+05,2.645796e+10,4.333937e+13,4.156978e+05,3.400074e+10,1.882618e+14,3,61,N,N
1.042357e+05,1.188915e+09,1.409566e+12,2.769441e+05,1.108095e+10,7.291927e+12,3.847582e+05,3.609324e+10,6.077885e+13,4.312228e+05,3.978248e+10,1.845156e+14,2,93,N,N
1.112778e+05,7.984178e+08,9.342478e+11,2.631298e+05,1.017933e+10,7.901229e+12,2.817171e+05,1.984917e+10,2.271713e+13,4.323844e+05,4.045875e+10,2.015990e+14,0,35,N,N
1.037478e+05,7.796863e+08,1.120876e+12,2.478120e+05,9.890524e+09,5.370362e+12,4.385460e+05,4.295975e+10,4.768905e+13,4.957080e+05,5.777617e+10,2.102905e+14,0,8,N,N
1.022314e+05,9.477586e+08,1.299740e+12,2.572966e+05,1.211005e+10,1.114277e+13,3.580933e+05,3.158780e+10,5.090002e+13,4.639379e+05,4.407229e+10,2.589139e+14,2,67,N,N
4.454007e+04,2.039528e+08,2.093794e+11,1.649977e+05,4.462000e+09,1.847677e+12,2.196028e+05,1.213221e+10,9.540424e+12,3.076702e+05,1.934632e+10,5.347845e+13,2,102,N,N
1.201928e+05,1.025720e+09,1.063314e+12,2.223513e+05,7.564216e+09,3.290764e+12,2.856023e+05,2.011404e+10,2.119537e+13,3.380715e+05,2.571622e+10,1.033524e+14,1,52,N,N
7.598302e+04,6.520964e+08,6.313663e+11,1.653609e+05,5.249381e+09,1.979000e+12,2.550838e+05,1.629613e+10,1.484833e+13,3.240330e+05,2.239928e+10,8.378761e+13,3,62,N,N
1.137852e+05,8.902263e+08,8.697649e+11,2.166505e+05,7.976907e+09,4.589359e+12,2.956300e+05,2.187010e+10,2.612976e+13,3.948397e+05,3.348114e+10,1.728699e+14,0,45,N,N
9.473233e+04,1.117653e+09,8.858336e+11,1.362861e+05,4.164749e+09,1.951284e+12,2.335703e+05,1.378555e+10,1.845371e+13,2.837505e+05,1.722158e+10,6.869683e+13,1,90,N,N
1.279855e+05,1.423266e+09,1.297066e+12,2.159708e+05,8.374868e+09,4.221012e+12,2.660698e+05,1.778309e+10,2.452902e+13,3.211779e+05,1.869499e+10,9.265806e+13,3,103,N,N
1.326293e+05,1.285404e+09,1.084218e+12,2.126124e+05,7.548375e+09,3.163170e+12,2.611400e+05,1.718002e+10,1.722346e+13,3.179205e+05,1.964147e+10,6.993804e+13,0,103,N,N
9.661552e+04,1.314081e+09,1.756515e+12,1.993042e+05,8.417481e+09,5.115168e+12,3.236935e+05,2.641582e+10,4.514899e+13,4.265998e+05,3.700410e+10,1.821363e+14,2,61,N,N
1.252347e+05,1.049722e+09,9.739877e+11,2.024135e+05,7.392217e+09,3.255645e+12,3.213303e+05,2.598116e+10,3.191397e+13,3.821239e+05,2.819993e+10,1.098887e+14,0,84,N,N
7.403797e+04,4.380084e+08,2.982856e+11,1.598893e+05,5.002681e+09,2.214677e+12,2.617998e+05,1.718072e+10,1.777511e+13,3.378682e+05,2.504982e+10,7.719873e+13,2,95,N,N
6.010823e+04,5.424512e+08,7.116742e+11,1.907189e+05,7.685996e+09,7.578501e+12,3.615011e+05,3.127491e+10,5.988032e+13,5.068690e+05,6.399319e+10,3.157066e+14,0,4,N,N
8.017202e+04,6.565094e+08,1.168739e+12,2.252889e+05,7.405355e+09,3.874155e+12,3.841330e+05,3.198760e+10,3.125348e+13,4.419024e+05,4.688170e+10,1.674056e+14,2,54,N,N
3.321898e+04,2.255380e+08,1.667681e+11,1.520222e+05,5.060222e+09,2.148758e+12,3.057143e+05,2.262871e+10,2.120610e+13,3.997750e+05,3.535007e+10,9.566935e+13,1,86,N,N
1.153867e+05,1.101426e+09,1.444117e+12,2.477713e+05,9.530129e+09,5.471362e+12,4.050670e+05,3.676889e+10,4.334689e+13,4.744890e+05,5.534833e+10,1.987059e+14,1,44,N,N
6.586334e+04,5.563636e+08,7.132945e+11,1.871067e+05,5.646958e+09,2.673030e+12,2.544910e+05,1.632340e+10,1.695382e+13,3.417006e+05,2.347252e+10,7.649353e+13,0,59,N,N
9.871207e+04,7.098981e+08,5.641174e+11,2.036309e+05,6.233616e+09,1.897127e+12,2.963104e+05,2.096596e+10,1.443784e+13,3.555755e+05,2.934854e+10,6.649610e+13,2,100,N,N
3.527064e+04,1.953551e+08,1.389201e+11,1.617223e+05,5.041865e+09,2.494586e+12,2.294068e+05,1.324498e+10,1.089118e+13,3.263329e+05,1.755573e+10,7.443290e+13,1,46,N,N
5.953821e+04,3.554262e+08,4.195134e+11,2.532779e+05,8.275866e+09,4.821017e+12,2.684576e+05,1.784120e+10,1.582531e+13,3.951346e+05,3.339572e+10,1.290502e+14,1,42,N,N
9.210168e+04,9.163632e+08,1.493658e+12,2.226108e+05,8.476120e+09,4.637270e+12,3.483408e+05,3.039021e+10,4.507349e+13,4.417745e+05,4.419410e+10,1.755423e+14,2,37,N,N
4.944567e+04,3.926703e+08,4.899323e+11,1.864189e+05,6.320722e+09,4.558712e+12,3.519334e+05,2.881482e+10,4.707068e+13,4.767552e+05,5.758721e+10,2.261365e+14,1,36,N,N
8.575623e+04,6.400417e+08,5.191096e+11,1.275222e+05,3.396015e+09,9.605443e+11,2.348753e+05,1.363538e+10,1.045151e+13,2.854222e+05,1.838217e+10,5.319396e+13,1,63,N,N
1.054750e+05,1.046721e+09,8.395479e+11,1.834679e+05,5.911611e+09,3.382489e+12,2.278498e+05,1.302597e+10,1.554424e+13,3.315737e+05,1.843533e+10,7.970701e+13,1,65,N,N
6.317109e+04,2.698442e+08,2.365480e+11,1.274889e+05,2.809199e+09,1.262998e+12,1.672777e+05,7.066884e+09,6.003333e+12,2.284289e+05,9.698783e+09,4.031148e+13,3,58,N,N
1.116604e+05,1.150059e+09,9.398493e+11,1.937153e+05,6.247235e+09,3.510861e+12,2.329607e+05,1.368723e+10,1.624640e+13,3.338719e+05,2.029034e+10,8.572654e+13,0,65,N,N
5.165011e+04,2.223436e+08,2.253464e+11,1.392404e+05,3.374067e+09,1.525808e+12,2.035403e+05,1.043158e+10,1.089226e+13,2.776163e+05,1.508702e+10,5.186590e+13,1,53,N,N
1.159084e+05,1.016965e+09,1.266381e+12,2.487451e+05,1.147738e+10,6.937435e+12,3.870185e+05,3.775525e+10,6.129899e+13,4.953636e+05,4.929907e+10,2.238485e+14,0,7,N,N
1.010817e+05,9.168120e+08,8.407380e+11,1.954935e+05,6.928329e+09,2.482020e+12,2.897477e+05,2.110928e+10,2.231109e+13,3.581954e+05,2.689800e+10,9.678920e+13,1,60,N,N
1.033593e+05,8.454459e+08,1.129412e+12,2.253480e+05,8.577519e+09,4.497930e+12,3.976892e+05,3.836819e+10,5.565637e+13,4.547407e+05,4.761862e+10,2.404034e+14,0,3,N,N
8.152968e+04,6.552143e+08,9.448306e+11,2.564251e+05,1.059629e+10,8.158278e+12,3.572203e+05,3.094552e+10,3.568919e+13,4.745255e+05,4.914081e+10,2.403591e+14,1,33,N,N
8.885188e+04,5.939784e+08,4.795339e+11,1.704532e+05,5.089019e+09,2.641834e+12,2.202716e+05,1.215646e+10,1.144959e+13,3.219983e+05,2.213458e+10,6.864912e+13,3,80,N,N
7.327496e+04,3.936264e+08,4.202330e+11,1.486412e+05,3.920169e+09,1.199012e+12,3.029327e+05,2.055749e+10,1.630538e+13,3.282011e+05,2.461486e+10,7.336537e+13,3,83,N,N
1.204019e+05,1.117117e+09,1.326552e+12,2.407439e+05,8.530443e+09,5.299080e+12,3.152175e+05,2.450140e+10,3.973472e+13,3.664187e+05,2.989390e+10,1.324969e+14,2,78,N,N
5.348630e+04,3.319149e+08,3.719201e+11,1.953377e+05,6.826710e+09,3.107558e+12,3.275550e+05,2.579769e+10,2.258577e+13,3.835064e+05,3.107125e+10,1.357055e+14,0,68,N,N
1.063980e+05,9.594230e+08,1.280181e+12,2.405868e+05,8.268072e+09,4.771346e+12,2.928534e+05,2.087389e+10,2.490967e+13,3.686546e+05,3.030574e+10,1.378806e+14,0,19,N,N
8.899974e+04,7.680027e+08,8.732601e+11,2.072230e+05,7.539108e+09,3.185704e+12,3.163321e+05,2.480734e+10,2.645079e+13,3.815037e+05,3.205739e+10,1.085307e+14,1,89,N,N
6.209653e+04,4.236019e+08,3.847021e+11,2.108595e+05,7.948555e+09,7.168869e+12,3.053801e+05,2.197427e+10,2.312954e+13,4.424538e+05,4.456712e+10,2.379933e+14,1,35,N,N
8.418502e+04,9.214187e+08,1.542202e+12,2.629189e+05,1.091901e+10,7.849019e+12,3.481454e+05,3.006145e+10,5.071866e+13,3.932499e+05,3.602164e+10,1.612389e+14,2,94,N,N
5.186106e+04,4.131726e+08,4.725900e+11,2.045022e+05,7.689880e+09,5.680617e+12,3.763665e+05,3.247453e+10,4.712114e+13,4.547599e+05,4.820073e+10,3.118991e+14,0,87,N,N
5.754771e+04,4.066491e+08,4.852298e+11,1.944154e+05,6.823603e+09,4.238299e+12,3.701617e+05,3.045076e+10,3.657900e+13,4.295314e+05,4.300879e+10,1.994022e+14,0,22,N,N
1.045749e+05,6.195120e+08,4.654420e+11,1.616779e+05,4.849140e+09,1.436619e+12,2.575261e+05,1.668626e+10,1.412006e+13,3.408895e+05,2.363318e+10,7.863061e+13,0,88,N,N
5.166775e+04,4.051903e+08,2.683822e+11,1.635197e+05,5.679077e+09,3.885740e+12,2.608876e+05,1.607129e+10,1.572992e+13,3.782765e+05,3.331188e+10,1.528535e+14,1,73,N,N
7.490623e+04,5.038348e+08,7.946358e+11,2.395969e+05,7.640398e+09,5.534158e+12,3.770896e+05,3.006773e+10,3.985279e+13,3.988409e+05,3.890680e+10,1.769982e+14,0,38,N,N
1.365228e+05,1.577048e+09,2.273294e+12,2.618958e+05,1.076125e+10,6.699625e+12,3.421747e+05,2.910991e+10,3.860465e+13,4.513472e+05,4.692360e+10,2.105037e+14,3,51,N,N
7.902874e+04,5.206740e+08,4.625225e+11,1.454796e+05,4.062680e+09,1.715130e+12,2.124617e+05,1.131891e+10,1.067788e+13,2.683087e+05,1.500344e+10,5.513142e+13,0,48,N,N
1.127550e+05,1.091105e+09,1.062955e+12,2.349376e+05,9.888377e+09,7.023357e+12,3.394240e+05,2.707112e+10,2.751379e+13,4.649544e+05,4.820982e+10,2.729780e+14,3,98,N,N
7.815550e+04,6.733714e+08,1.207884e+12,2.324229e+05,7.688396e+09,4.042942e+12,3.913844e+05,3.291417e+10,3.150219e+13,4.536392e+05,5.088511e+10,1.702682e+14,1,54,N,N
9.926027e+04,7.042020e+08,5.353359e+11,2.074581e+05,6.599332e+09,2.188277e+12,3.116697e+05,2.309519e+10,1.729896e+13,3.678458e+05,3.141207e+10,7.624080e+13,1,100,N,N
8.588837e+04,5.983022e+08,6.255478e+11,1.768213e+05,5.868995e+09,2.686567e+12,2.851293e+05,2.047269e+10,2.116877e+13,3.866195e+05,3.145326e+10,1.231081e+14,1,0,N,N
7.775331e+04,5.398379e+08,4.550644e+11,1.786378e+05,5.440695e+09,2.061534e+12,3.127544e+05,2.336975e+10,2.766049e+13,3.070296e+05,1.936150e+10,9.605190e+13,1,12,N,N
1.855680e+05,2.885028e+09,4.324186e+12,4.069644e+05,2.705618e+10,2.527482e+13,6.430740e+05,9.747219e+10,1.999106e+14,8.162981e+05,1.606911e+11,8.394403e+14,3,72,N,N
7.642783e+04,4.590112e+08,5.006606e+11,2.259185e+05,7.952578e+09,5.419901e+12,2.448734e+05,1.500108e+10,1.598637e+13,4.057292e+05,3.087513e+10,1.336587e+14,2,85,N,N
1.349056e+05,1.605150e+09,1.651004e+12,2.472568e+05,1.144016e+10,8.251323e+12,3.746975e+05,3.382739e+10,4.480188e+13,5.142030e+05,6.132771e+10,3.844964e+14,0,98,N,N
1.118122e+05,1.136323e+09,1.150581e+12,2.243940e+05,7.735404e+09,3.059186e+12,2.992998e+05,2.171494e+10,2.355728e+13,3.355698e+05,2.551541e+10,9.365052e+13,0,11,N,N
8.581760e+04,7.951115e+08,1.127676e+12,2.162388e+05,7.497995e+09,4.238954e+12,3.020910e+05,2.216123e+10,2.869145e+13,3.616770e+05,3.113192e+10,1.019735e+14,2,50,N,N
9.984244e+04,6.362549e+08,6.020412e+11,2.154004e+05,8.145538e+09,3.818667e+12,3.279607e+05,2.636933e+10,2.341354e+13,4.074825e+05,3.532844e+10,1.374341e+14,1,104,N,N
8.461046e+04,6.060478e+08,5.577097e+11,1.560097e+05,4.706278e+09,2.103507e+12,2.357553e+05,1.394034e+10,1.686178e+13,2.992430e+05,1.957269e+10,7.991016e+13,2,48,N,N
9.997124e+04,1.120889e+09,8.053424e+11,1.881453e+05,6.853535e+09,2.622691e+12,3.305180e+05,2.713864e+10,2.954610e+13,4.031180e+05,3.674873e+10,1.287844e+14,0,49,N,N
7.372697e+04,8.836128e+08,1.199543e+12,1.818829e+05,6.852143e+09,4.550709e+12,2.962898e+05,2.192712e+10,3.973620e+13,3.533821e+05,2.997270e+10,2.040509e+14,1,50,N,N
5.926102e+04,5.261220e+08,5.268486e+11,2.520913e+05,1.134381e+10,8.703083e+12,3.517283e+05,2.996369e+10,3.698762e+13,4.939633e+05,5.058315e+10,2.978382e+14,3,47,N,N
9.846830e+04,9.061570e+08,9.587381e+11,2.140610e+05,7.318735e+09,3.244733e+12,2.669602e+05,1.774656e+10,1.913807e+13,3.195122e+05,2.178095e+10,1.077887e+14,2,52,N,N
8.988441e+04,1.046742e+09,9.027362e+11,1.337224e+05,4.010550e+09,1.797577e+12,2.306504e+05,1.344034e+10,1.653037e+13,2.720307e+05,1.610963e+10,5.169934e+13,2,90,N,N
6.873763e+04,4.119994e+08,3.693494e+11,1.193400e+05,2.708694e+09,1.153438e+12,1.791016e+05,8.087457e+09,7.354423e+12,2.434881e+05,1.327004e+10,5.075646e+13,2,58,N,N
4.392413e+04,2.917317e+08,2.744396e+11,1.608084e+05,5.061021e+09,2.712044e+12,3.422603e+05,2.591503e+10,2.880438e+13,3.865216e+05,3.656544e+10,1.383572e+14,3,69,N,N
8.005938e+04,4.707993e+08,4.050786e+11,1.723859e+05,4.947892e+09,1.775019e+12,2.571049e+05,1.641951e+10,1.655054e+13,2.967258e+05,1.836536e+10,7.592011e+13,2,63,N,N
1.242509e+05,1.331608e+09,1.280761e+12,2.489986e+05,1.100266e+10,7.576747e+12,3.471008e+05,2.906500e+10,3.146010e+13,4.840881e+05,5.533617e+10,2.838556e+14,2,98,N,N
8.307593e+04,4.286621e+08,5.231050e+11,1.996339e+05,6.780391e+09,2.982313e+12,2.640990e+05,1.750336e+10,1.512198e+13,3.985234e+05,3.074699e+10,9.606492e+13,1,40,N,N
8.447434e+04,5.666724e+08,6.219608e+11,2.468227e+05,9.133978e+09,6.780574e+12,2.674636e+05,1.799912e+10,1.873052e+13,4.269760e+05,3.737002e+10,1.720546e+14,3,85,N,N
1.253788e+05,1.257801e+09,1.562457e+12,2.503588e+05,9.326230e+09,5.673308e+12,3.139966e+05,2.438246e+10,3.785446e+13,3.516984e+05,2.711225e+10,1.168643e+14,3,78,N,N
9.795040e+04,1.140507e+09,8.722311e+11,1.999985e+05,7.695979e+09,3.251035e+12,3.639642e+05,3.182770e+10,3.506830e+13,4.584477e+05,5.165811e+10,1.821642e+14,1,49,N,N
1.766687e+05,2.671615e+09,4.387820e+12,3.978686e+05,2.784469e+10,2.833609e+13,7.288094e+05,1.169731e+11,2.615392e+14,8.584681e+05,1.807407e+11,1.026970e+15,1,72,N,N
1.252831e+05,1.373322e+09,2.048952e+12,2.655422e+05,1.175668e+10,7.829182e+12,3.559529e+05,3.118888e+10,4.143670e+13,4.437693e+05,4.455567e+10,2.172629e+14,0,24,N,N
1.113521e+05,1.367662e+09,1.405122e+12,1.773410e+05,6.705116e+09,3.517432e+12,3.127776e+05,2.457520e+10,3.407214e+13,4.025114e+05,3.703030e+10,1.602613e+14,1,45,N,N
1.416416e+05,1.468581e+09,1.978281e+12,2.742645e+05,1.148908e+10,6.979351e+12,3.388743e+05,2.854925e+10,3.687147e+13,4.241451e+05,3.997357e+10,2.002600e+14,0,51,N,N
8.635258e+04,6.635431e+08,5.539202e+11,2.068801e+05,6.542760e+09,2.065183e+12,3.163048e+05,2.379614e+10,1.836830e+13,3.717168e+05,3.217633e+10,8.242789e+13,0,100,N,N
4.523784e+04,3.007015e+08,3.469365e+11,1.971695e+05,6.743752e+09,4.550688e+12,3.358520e+05,2.563971e+10,3.015962e+13,3.711957e+05,2.970222e+10,1.376231e+14,1,96,N,N
9.856927e+04,6.121008e+08,4.814727e+11,1.906774e+05,5.568297e+09,2.463409e+12,2.997385e+05,2.002760e+10,1.680260e+13,3.274384e+05,2.589525e+10,1.082141e+14,3,82,N,N
8.423397e+04,7.964738e+08,1.123650e+12,2.008969e+05,6.763156e+09,3.560106e+12,2.779818e+05,1.902399e+10,2.427634e+13,3.390670e+05,2.495172e+10,9.095272e+13,3,50,N,N
7.584358e+04,8.157789e+08,8.565264e+11,1.734540e+05,6.433770e+09,2.974860e+12,3.130174e+05,2.420516e+10,2.804424e+13,4.045574e+05,3.728352e+10,1.262629e+14,3,89,N,N
7.652054e+04,3.935439e+08,3.079443e+11,1.536720e+05,4.234589e+09,2.028379e+12,2.651185e+05,1.645768e+10,1.454102e+13,3.214039e+05,2.406414e+10,1.258072e+14,2,82,N,N
8.836409e+04,7.295513e+08,6.718499e+11,1.962526e+05,6.503126e+09,4.071121e+12,2.254407e+05,1.278284e+10,1.212375e+13,3.237180e+05,2.163888e+10,8.792595e+13,0,55,N,N
9.857197e+04,1.043172e+09,7.685287e+11,2.094496e+05,6.648311e+09,2.234439e+12,2.789559e+05,1.815016e+10,1.135479e+13,2.925149e+05,1.829685e+10,4.830565e+13,0,20,N,N
4.403885e+04,2.890318e+08,3.457985e+11,2.378028e+05,7.382015e+09,4.910512e+12,3.213077e+05,2.531686e+10,4.112004e+13,3.663042e+05,2.848052e+10,1.648286e+14,0,36,N,N
1.048611e+05,9.133035e+08,7.391434e+11,1.979166e+05,7.001240e+09,4.260595e+12,2.588149e+05,1.686950e+10,2.283024e+13,3.540033e+05,2.385744e+10,1.022573e+14,0,56,N,N
8.536776e+04,9.729251e+08,1.610651e+12,2.490863e+05,1.024909e+10,7.364810e+12,3.292420e+05,2.705214e+10,4.524887e+13,3.898515e+05,3.342745e+10,1.682397e+14,1,94,N,N
7.987548e+04,4.452013e+08,5.820564e+11,2.316658e+05,7.118966e+09,3.876642e+12,2.797184e+05,1.885218e+10,1.619430e+13,3.771196e+05,3.187739e+10,1.217748e+14,2,91,N,N
1.173793e+05,1.065771e+09,8.570468e+11,1.884651e+05,7.115155e+09,3.566710e+12,3.178010e+05,2.532719e+10,3.735623e+13,4.236724e+05,3.400556e+10,1.493930e+14,1,70,N,N
1.198062e+05,1.159878e+09,1.573117e+12,2.597040e+05,1.068089e+10,6.812690e+12,4.669718e+05,4.509344e+10,5.772764e+13,4.987841e+05,6.104260e+10,2.436034e+14,0,44,N,N
8.875718e+04,1.145151e+09,1.798636e+12,2.245164e+05,1.018302e+10,8.959633e+12,3.276352e+05,2.706320e+10,5.075699e+13,3.633173e+05,2.927446e+10,1.490878e+14,3,94,N,N
1.731960e+05,2.013898e+09,1.839838e+12,2.436116e+05,1.118532e+10,6.515492e+12,3.772478e+05,3.566547e+10,6.894467e+13,4.084849e+05,3.336250e+10,1.921910e+14,1,79,N,N
7.768857e+04,6.032124e+08,6.366268e+11,1.950714e+05,6.617786e+09,4.436820e+12,3.132540e+05,2.391826e+10,3.001508e+13,4.038501e+05,3.777094e+10,1.764523e+14,3,56,N,N
9.115695e+04,7.204231e+08,6.489459e+11,1.725949e+05,6.127524e+09,3.273855e+12,2.966760e+05,2.203713e+10,3.129560e+13,4.175973e+05,3.176426e+10,1.415307e+14,3,70,N,N
9.783504e+04,5.935388e+08,4.715805e+11,1.670774e+05,4.929881e+09,1.544719e+12,2.673723e+05,1.792518e+10,1.531184e+13,3.393298e+05,2.369916e+10,6.674989e+13,3,88,N,N
8.997348e+04,7.530427e+08,8.332054e+11,1.939118e+05,6.557063e+09,2.996253e+12,2.832082e+05,2.002124e+10,2.194294e+13,3.455201e+05,2.677639e+10,9.422077e+13,3,71,N,N
4.706539e+04,2.654224e+08,2.246473e+11,1.358113e+05,3.888269e+09,1.353395e+12,2.738025e+05,1.871368e+10,1.727995e+13,3.479292e+05,2.486249e+10,8.556760e+13,0,74,N,N
1.271658e+05,1.828281e+09,3.222538e+12,3.065556e+05,1.555408e+10,1.351985e+13,5.104558e+05,5.731333e+10,1.068252e+14,5.284573e+05,6.951974e+10,3.907739e+14,0,17,N,N
1.430970e+05,1.841434e+09,2.900382e+12,2.662933e+05,1.165168e+10,7.804027e+12,3.863800e+05,3.645925e+10,5.362206e+13,4.838871e+05,5.608390e+10,2.518711e+14,1,51,N,N
6.376465e+04,4.584970e+08,5.537195e+11,2.479657e+05,8.308811e+09,7.098718e+12,3.026545e+05,2.044197e+10,2.166559e+13,4.050235e+05,3.961956e+10,2.303418e+14,1,64,N,N
4.512616e+04,2.710710e+08,3.134801e+11,1.673317e+05,5.043025e+09,2.666408e+12,2.748081e+05,1.813210e+10,1.419843e+13,3.880234e+05,3.306717e+10,1.406265e+14,2,77,N,N
9.821492e+04,6.629559e+08,8.310239e+11,2.532910e+05,9.658246e+09,7.650631e+12,2.544761e+05,1.631649e+10,1.827171e+13,4.301486e+05,3.529833e+10,1.749934e+14,1,85,N,N
7.605919e+04,5.193715e+08,7.441632e+11,2.348464e+05,7.054206e+09,4.199752e+12,3.317409e+05,2.485346e+10,2.966247e+13,3.591253e+05,3.054762e+10,1.129580e+14,1,38,N,N
6.236783e+04,3.629848e+08,4.776395e+11,1.986234e+05,6.296375e+09,3.864839e+12,2.886028e+05,2.036591e+10,2.037618e+13,3.879875e+05,3.251518e+10,1.703724e+14,1,91,N,N
1.026109e+05,7.553288e+08,6.006150e+11,2.105786e+05,7.282374e+09,2.783769e+12,3.438218e+05,2.775175e+10,2.547662e+13,3.759365e+05,3.175646e+10,1.078345e+14,3,100,N,N
8.709627e+04,5.394191e+08,5.866388e+11,1.997250e+05,6.382071e+09,4.634054e+12,2.454735e+05,1.474011e+10,1.289500e+13,3.627365e+05,2.846539e+10,1.213317e+14,0,10,N,N
7.750123e+04,6.433150e+08,7.160148e+11,2.250689e+05,9.835541e+09,7.651437e+12,3.257213e+05,2.669633e+10,3.070961e+13,5.100358e+05,5.076907e+10,3.021190e+14,1,99,N,N
8.210000e+04,5.011147e+08,5.489997e+11,1.717830e+05,5.211587e+09,1.979682e+12,3.219457e+05,2.467686e+10,2.570870e+13,3.478711e+05,2.651920e+10,9.859429e+13,1,83,N,N
1.141524e+05,7.883371e+08,6.580924e+11,1.929337e+05,6.594915e+09,2.717629e+12,2.808693e+05,1.966163e+10,1.769665e+13,3.321745e+05,2.253455e+10,6.983252e+13,0,28,N,N
7.047410e+04,7.661281e+08,9.466349e+11,1.490962e+05,4.817419e+09,2.679526e+12,2.493271e+05,1.558406e+10,1.757372e+13,3.314233e+05,2.304832e+10,7.947924e+13,3,59,N,N
1.228014e+05,1.338096e+09,1.047392e+12,1.969250e+05,7.267700e+09,2.851927e+12,2.874724e+05,2.051910e+10,1.746538e+13,3.662626e+05,2.979331e+10,8.812022e+13,0,101,N,N
7.478483e+04,7.262127e+08,1.157635e+12,2.173122e+05,1.019433e+10,9.626292e+12,3.870481e+05,3.684990e+10,7.225274e+13,4.637886e+05,5.389247e+10,2.866251e+14,0,2,N,N
1.321200e+05,1.235137e+09,1.168843e+12,2.471274e+05,1.162352e+10,7.997483e+12,3.163077e+05,2.509278e+10,3.193692e+13,5.135385e+05,5.379462e+10,2.847338e+14,2,99,N,N
1.057487e+05,8.078630e+08,7.468430e+11,1.862004e+05,5.571360e+09,1.945836e+12,2.598985e+05,1.674782e+10,1.368145e+13,3.113081e+05,2.069066e+10,6.661975e+13,0,14,N,N
1.295016e+05,1.128546e+09,1.009253e+12,1.969140e+05,7.103398e+09,3.224929e+12,2.910893e+05,2.124953e+10,2.357646e+13,3.543611e+05,2.414306e+10,8.736019e+13,1,84,N,N
7.561738e+04,4.879882e+08,5.298509e+11,1.822052e+05,6.127673e+09,3.707520e+12,2.479704e+05,1.527243e+10,2.025468e+13,3.645933e+05,2.340749e+10,1.031793e+14,3,92,N,N
1.045240e+05,1.242529e+09,9.091869e+11,2.270418e+05,8.979033e+09,4.346223e+12,3.921590e+05,3.667291e+10,4.478237e+13,4.580966e+05,4.992436e+10,1.906475e+14,3,49,N,N
1.120074e+05,1.000502e+09,1.513754e+12,2.309704e+05,9.251955e+09,4.867587e+12,3.239699e+05,2.640517e+10,3.327285e+13,4.344160e+05,4.070877e+10,1.346339e+14,0,40,N,N
1.077078e+05,1.191121e+09,1.599480e+12,2.407235e+05,1.056891e+10,6.975328e+12,3.773629e+05,3.528928e+10,5.846055e+13,4.175794e+05,3.986193e+10,1.660782e+14,2,57,N,N
8.977789e+04,6.798862e+08,3.836610e+11,1.401189e+05,4.195773e+09,1.592200e+12,2.372996e+05,1.419332e+10,1.397465e+13,3.118161e+05,2.003552e+10,5.584064e+13,0,95,N,N
1.010272e+05,7.529737e+08,6.872926e+11,2.125326e+05,7.123563e+09,2.668767e+12,3.025595e+05,2.279274e+10,2.235024e+13,3.542854e+05,2.701793e+10,9.718775e+13,2,60,N,N
5.679852e+04,4.887798e+08,3.728788e+11,2.128818e+05,7.985279e+09,6.525974e+12,2.795784e+05,1.839323e+10,2.205425e+13,4.004729e+05,3.710933e+10,2.053627e+14,2,73,N,N
7.388223e+04,6.289005e+08,7.894805e+11,2.357615e+05,1.048983e+10,9.740409e+12,3.122475e+05,2.400934e+10,3.302436e+13,4.395453e+05,4.050228e+10,2.347364e+14,3,67,N,N
1.192970e+05,1.075696e+09,8.741313e+11,1.988656e+05,7.551124e+09,3.806149e+12,3.229870e+05,2.629443e+10,3.894368e+13,4.113953e+05,3.039274e+10,1.336008e+14,2,70,N,N
1.181570e+05,1.037996e+09,1.113722e+12,2.147963e+05,7.381800e+09,3.315788e+12,2.635436e+05,1.751147e+10,2.025539e+13,3.268493e+05,2.199904e+10,1.103589e+14,3,52,N,N
1.029960e+05,6.803656e+08,5.641619e+11,1.842335e+05,5.996311e+09,2.200998e+12,3.498692e+05,2.813955e+10,2.683721e+13,3.794468e+05,3.377034e+10,1.315166e+14,1,43,N,N
9.320004e+04,6.543486e+08,4.145053e+11,1.518953e+05,4.826697e+09,2.269097e+12,2.563019e+05,1.656811e+10,1.933995e+13,3.339502e+05,2.522652e+10,6.950156e+13,1,95,N,N
9.327317e+04,6.070891e+08,5.412932e+11,1.741143e+05,5.013864e+09,1.549322e+12,2.494712e+05,1.559052e+10,1.223608e+13,3.125021e+05,2.159997e+10,5.902137e+13,0,62,N,N
1.173759e+05,1.352372e+09,2.752639e+12,3.231079e+05,1.400855e+10,1.054691e+13,4.143825e+05,4.092485e+10,6.338159e+13,4.830103e+05,5.217957e+10,2.827911e+14,0,9,N,N
5.074037e+04,4.121295e+08,4.833340e+11,2.105419e+05,7.849639e+09,6.293576e+12,3.738143e+05,3.166397e+10,4.621619e+13,4.884024e+05,5.869869e+10,3.406934e+14,3,87,N,N
5.752066e+04,3.911717e+08,3.121091e+11,1.701428e+05,5.736291e+09,2.100601e+12,3.122701e+05,2.393913e+10,2.102200e+13,3.907340e+05,3.239127e+10,8.362599e+13,3,86,N,N
5.475840e+04,4.496282e+08,6.226845e+11,2.236314e+05,9.111797e+09,8.266486e+12,3.596291e+05,3.254347e+10,6.013479e+13,4.920899e+05,4.547455e+10,3.017403e+14,1,81,N,N
1.148144e+05,1.293421e+09,2.107397e+12,2.513104e+05,1.050876e+10,6.927298e+12,3.666047e+05,3.341215e+10,5.861126e+13,4.470433e+05,4.590159e+10,2.331723e+14,2,66,N,N
1.418960e+05,1.308583e+09,1.878541e+12,2.954791e+05,1.302245e+10,9.397691e+12,3.929742e+05,3.714471e+10,4.714141e+13,5.100419e+05,5.955181e+10,2.682443e+14,0,33,N,N
5.253619e+04,2.385413e+08,2.492468e+11,1.479896e+05,3.686446e+09,1.586266e+12,2.104488e+05,1.112175e+10,1.185856e+13,2.817736e+05,1.520646e+10,5.058034e+13,0,53,N,N
6.973824e+04,5.931540e+08,7.841128e+11,2.008992e+05,6.378882e+09,3.552207e+12,2.699081e+05,1.837577e+10,2.220013e+13,3.672382e+05,2.691816e+10,9.784230e+13,2,59,N,N
5.266538e+04,4.728993e+08,6.109914e+11,1.936314e+05,7.667976e+09,6.922808e+12,3.325795e+05,2.596785e+10,3.639794e+13,4.791596e+05,5.576618e+10,3.157081e+14,0,16,N,N
7.906963e+04,5.817914e+08,4.778104e+11,1.839665e+05,6.523903e+09,2.957502e+12,3.393506e+05,2.799903e+10,3.219364e+13,3.773684e+05,2.933564e+10,1.216336e+14,2,74,N,N
4.808690e+04,2.351006e+08,2.504656e+11,1.732489e+05,4.942879e+09,2.147195e+12,2.464636e+05,1.520959e+10,1.404589e+13,3.213365e+05,2.119481e+10,6.619842e+13,3,102,N,N
9.423728e+04,7.459089e+08,6.780970e+11,2.319677e+05,8.046978e+09,3.737199e+12,3.400955e+05,2.783981e+10,3.505089e+13,3.747835e+05,3.429872e+10,1.012398e+14,1,69,N,N
3.278487e+04,2.149765e+08,1.579906e+11,1.580228e+05,5.238549e+09,2.026669e+12,2.997234e+05,2.166244e+10,1.981127e+13,4.018660e+05,3.675895e+10,1.166302e+14,0,86,N,N
1.154841e+05,1.512614e+09,1.717652e+12,2.051832e+05,8.350205e+09,3.270626e+12,3.325594e+05,2.770134e+10,3.194080e+13,3.746410e+05,2.925521e+10,1.219643e+14,0,104,N,N
9.162148e+04,7.505145e+08,5.562883e+11,1.760503e+05,5.342516e+09,1.997554e+12,2.828434e+05,1.922877e+10,2.045086e+13,2.862159e+05,1.802896e+10,5.824922e+13,0,12,N,N
7.282176e+04,5.091481e+08,8.475016e+11,2.136633e+05,6.963211e+09,4.079193e+12,3.485365e+05,2.645411e+10,2.302237e+13,4.305001e+05,4.554294e+10,1.491855e+14,0,54,N,N
7.382983e+04,4.938301e+08,4.107448e+11,1.651032e+05,5.456888e+09,2.236968e+12,3.092826e+05,2.361303e+10,2.528284e+13,3.774133e+05,2.952896e+10,1.042409e+14,1,74,N,N
7.676658e+04,4.841178e+08,5.372515e+11,1.664282e+05,5.307049e+09,2.383197e+12,3.237694e+05,2.527395e+10,3.153867e+13,3.675969e+05,2.998496e+10,1.183144e+14,2,83,N,N
3.471262e+04,1.678238e+08,1.492923e+11,1.620523e+05,4.519847e+09,2.492513e+12,2.261520e+05,1.282255e+10,9.953362e+12,3.476870e+05,2.399842e+10,8.944042e+13,1,92,N,N
1.349149e+05,1.235911e+09,8.845501e+11,2.042586e+05,7.570993e+09,3.353399e+12,2.826340e+05,1.990263e+10,1.682751e+13,3.766577e+05,3.229870e+10,9.994800e+13,3,101,N,N
6.132887e+04,4.195808e+08,4.252025e+11,1.865863e+05,5.855184e+09,4.060372e+12,2.936177e+05,2.059805e+10,2.288631e+13,3.849715e+05,3.370652e+10,1.687059e+14,1,56,N,N
4.824050e+04,3.062702e+08,2.677384e+11,1.836030e+05,6.413787e+09,4.202008e+12,2.348462e+05,1.341169e+10,1.123723e+13,3.393864e+05,2.536040e+10,1.290078e+14,0,25,N,N
1.003330e+05,7.636624e+08,8.724142e+11,2.082397e+05,7.398650e+09,3.817125e+12,3.021381e+05,2.298363e+10,3.184974e+13,3.674091e+05,2.859141e+10,1.475846e+14,2,71,N,N
9.777508e+04,1.204439e+09,1.939486e+12,2.135551e+05,8.290509e+09,5.515635e+12,3.214088e+05,2.571639e+10,3.975311e+13,3.835858e+05,3.067362e+10,1.260683e+14,1,75,N,N
1.132699e+05,1.281302e+09,9.493866e+11,1.724218e+05,5.989695e+09,2.346829e+12,2.663791e+05,1.776318e+10,1.527908e+13,3.595079e+05,2.863435e+10,8.004554e+13,1,101,N,N
1.394248e+05,1.559554e+09,1.614224e+12,2.582827e+05,1.249791e+10,8.907089e+12,3.988897e+05,3.974905e+10,6.880902e+13,5.081461e+05,5.591616e+10,2.827431e+14,0,23,N,N
8.027353e+04,9.406390e+08,1.469916e+12,2.063421e+05,8.025855e+09,4.343709e+12,3.126356e+05,2.464171e+10,3.492835e+13,4.134468e+05,3.561765e+10,1.384695e+14,0,37,N,N
7.068594e+04,4.661981e+08,4.394043e+11,1.998344e+05,6.701582e+09,4.622406e+12,2.440621e+05,1.500069e+10,1.492759e+13,3.915631e+05,2.887597e+10,1.237234e+14,0,85,N,N
4.109102e+04,2.227384e+08,2.251322e+11,1.697039e+05,5.277672e+09,3.000265e+12,2.747968e+05,1.815107e+10,1.694010e+13,3.479988e+05,2.523571e+10,9.672494e+13,0,96,N,N
1.183823e+05,1.062857e+09,1.236383e+12,2.280852e+05,7.833730e+09,4.540169e+12,2.927280e+05,2.133872e+10,3.164200e+13,3.351527e+05,2.389393e+10,1.015483e+14,0,78,N,N
9.538400e+04,7.709816e+08,6.535385e+11,1.986623e+05,6.749852e+09,4.102587e+12,2.679518e+05,1.808207e+10,2.295247e+13,3.555175e+05,2.510670e+10,1.058533e+14,2,56,N,N
4.300695e+04,2.612139e+08,2.332834e+11,1.605164e+05,4.852026e+09,2.064621e+12,3.385120e+05,2.524474e+10,2.594383e+13,3.728684e+05,3.208955e+10,1.284295e+14,0,69,N,N
1.014437e+05,1.122857e+09,1.484170e+12,2.374968e+05,9.882350e+09,5.938546e+12,3.782825e+05,3.498334e+10,5.314492e+13,4.352753e+05,4.344199e+10,1.881000e+14,3,57,N,N
1.009606e+05,1.061708e+09,1.422459e+12,2.352453e+05,9.768564e+09,5.622119e+12,3.793792e+05,3.486179e+10,5.063167e+13,4.276772e+05,4.281024e+10,1.667903e+14,1,57,N,N
7.934979e+04,8.149121e+08,8.903635e+11,1.773087e+05,6.632619e+09,2.910681e+12,3.121832e+05,2.438916e+10,2.906804e+13,3.836811e+05,3.430760e+10,1.113621e+14,2,89,N,N
8.437352e+04,1.032351e+09,1.498338e+12,2.112509e+05,8.922369e+09,6.869998e+12,3.193374e+05,2.535425e+10,3.855386e+13,3.613160e+05,2.892015e+10,1.286428e+14,0,94,N,N
5.371109e+04,3.679320e+08,3.027096e+11,1.665935e+05,5.653907e+09,2.104313e+12,3.011022e+05,2.248185e+10,2.107533e+13,4.416789e+05,4.337907e+10,1.673710e+14,0,79,N,N
1.044923e+05,1.169772e+09,1.172032e+12,2.616291e+05,1.034428e+10,5.577629e+12,3.577014e+05,2.885906e+10,3.436096e+13,4.229637e+05,3.871256e+10,1.760546e+14,0,21,N,N
4.624472e+04,2.533512e+08,2.218472e+11,1.588444e+05,4.421359e+09,2.428047e+12,2.616801e+05,1.586096e+10,1.460542e+13,3.035092e+05,2.129531e+10,9.652436e+13,0,82,N,N
8.499460e+04,5.295811e+08,5.923665e+11,1.719754e+05,5.129275e+09,1.782641e+12,3.128530e+05,2.354661e+10,2.378858e+13,3.470411e+05,2.613936e+10,8.932938e+13,0,83,N,N
8.115400e+04,5.305657e+08,4.813104e+11,1.446069e+05,3.968234e+09,1.570898e+12,2.195231e+05,1.205825e+10,1.188009e+13,2.803407e+05,1.613478e+10,6.112261e+13,1,48,N,N
3.686075e+04,2.120174e+08,1.788837e+11,1.628496e+05,4.966821e+09,2.246087e+12,2.889216e+05,2.061812e+10,1.959498e+13,3.841264e+05,3.078615e+10,1.089796e+14,3,84,N,N
9.056747e+04,6.935933e+08,5.938332e+11,1.911588e+05,6.148283e+09,1.989703e+12,2.683033e+05,1.801371e+10,1.550722e+13,3.366172e+05,2.401529e+10,6.817417e+13,0,60,N,N
1.009254e+05,9.277957e+08,8.571825e+11,1.852881e+05,6.427396e+09,2.144453e+12,2.742858e+05,1.886935e+10,1.850589e+13,3.467991e+05,2.667752e+10,1.008572e+14,3,60,N,N
9.856061e+04,6.194813e+08,3.327214e+11,1.663048e+05,4.601436e+09,1.584617e+12,1.966870e+05,9.651794e+09,6.993084e+12,2.645119e+05,1.379952e+10,3.742626e+13,0,13,N,N
1.098764e+05,9.101059e+08,1.077384e+12,2.277135e+05,8.226481e+09,6.140368e+12,2.947165e+05,2.171304e+10,3.685928e+13,3.577167e+05,2.654153e+10,1.951063e+14,0,30,N,N
7.957009e+04,6.746619e+08,1.069834e+12,2.168539e+05,8.922660e+09,7.280709e+12,3.636906e+05,3.335054e+10,5.975490e+13,4.827118e+05,4.218576e+10,2.842673e+14,3,81,N,N
8.885020e+04,7.641625e+08,6.547370e+11,1.242127e+05,3.191313e+09,8.842017e+11,2.332430e+05,1.340099e+10,1.142632e+13,2.825860e+05,1.706856e+10,7.996757e+13,3,63,N,N
6.450317e+04,4.148737e+08,4.991278e+11,2.148162e+05,7.138869e+09,5.730043e+12,2.562290e+05,1.634305e+10,1.977173e+13,3.892127e+05,3.448800e+10,2.267467e+14,2,64,N,N
8.093972e+04,5.412777e+08,4.872533e+11,2.148395e+05,6.410804e+09,2.432834e+12,3.418720e+05,2.633286e+10,2.469626e+13,3.596569e+05,2.915069e+10,8.805237e+13,2,69,N,N
9.327351e+04,7.425866e+08,5.980539e+11,1.893255e+05,6.057004e+09,2.262566e+12,2.928844e+05,2.084803e+10,2.261830e+13,2.979018e+05,1.872459e+10,6.980188e+13,2,12,N,N
1.030783e+05,7.603963e+08,8.233309e+11,2.366725e+05,8.171350e+09,5.405188e+12,2.557475e+05,1.638928e+10,1.676695e+13,3.636873e+05,2.915477e+10,1.131679e+14,1,10,N,N
1.121880e+05,9.090969e+08,8.232064e+11,2.177835e+05,7.255877e+09,2.515437e+12,3.486917e+05,2.781160e+10,2.402009e+13,3.807595e+05,3.464588e+10,9.398468e+13,0,43,N,N
6.368143e+04,5.116053e+08,5.708248e+11,2.182882e+05,9.636755e+09,9.708931e+12,2.986575e+05,2.207304e+10,2.795015e+13,4.297458e+05,3.864988e+10,2.328199e+14,0,67,N,N
6.118149e+04,3.428987e+08,3.543546e+11,1.209071e+05,2.981199e+09,1.381724e+12,1.944421e+05,9.478444e+09,1.019166e+13,2.677779e+05,1.338416e+10,4.441256e+13,2,53,N,N
1.211995e+05,1.336787e+09,1.074697e+12,2.038675e+05,6.963554e+09,4.158588e+12,2.321519e+05,1.351789e+10,1.724428e+13,3.380729e+05,2.006313e+10,9.201445e+13,3,65,N,N
8.682010e+04,9.940211e+08,1.188931e+12,2.208682e+05,9.753570e+09,5.537437e+12,3.261970e+05,2.661519e+10,3.821024e+13,4.072361e+05,2.871803e+10,1.524727e+14,3,76,N,N
3.376939e+04,1.732900e+08,1.746379e+11,1.708627e+05,4.818728e+09,2.192933e+12,2.839253e+05,1.889338e+10,1.596130e+13,3.378619e+05,2.555887e+10,8.369831e+13,1,102,N,N
4.810621e+04,3.563130e+08,2.370576e+11,1.796599e+05,6.457066e+09,4.289865e+12,2.569322e+05,1.640603e+10,1.796308e+13,3.749038e+05,2.686327e+10,1.387467e+14,0,73,N,N
