1.369389e+03,4.201380e+05,2.722519e+07,3,72,N,N
1.228429e+03,3.899705e+05,3.121597e+07,3,93,N,N
1.335206e+03,3.760472e+05,2.499837e+07,0,26,N,N
1.350867e+03,4.298532e+05,3.118518e+07,3,96,N,N
1.235652e+03,3.856644e+05,3.021010e+07,1,55,N,N
1.413406e+03,4.831805e+05,4.325374e+07,3,90,N,N
1.384564e+03,4.343498e+05,2.821423e+07,1,5,N,N
1.526909e+03,4.971844e+05,3.436041e+07,0,27,N,N
1.316660e+03,4.205361e+05,3.358108e+07,0,28,N,N
1.465765e+03,4.754078e+05,3.228993e+07,0,67,N,N
1.267379e+03,4.037237e+05,3.154920e+07,3,91,N,N
1.580663e+03,6.411013e+05,7.170627e+07,0,16,N,N
1.451307e+03,4.824650e+05,3.697592e+07,3,99,N,N
1.417849e+03,4.524671e+05,4.126340e+07,3,78,N,N
1.444115e+03,4.988532e+05,4.046511e+07,2,102,N,N
1.468704e+03,5.229115e+05,4.595617e+07,0,22,N,N
1.403525e+03,4.676942e+05,3.704358e+07,1,84,N,N
1.312626e+03,4.284443e+05,3.510868e+07,2,82,N,N
1.347203e+03,4.002217e+05,2.485971e+07,3,68,N,N
1.316780e+03,4.509528e+05,4.054031e+07,3,80,N,N
1.288675e+03,4.448706e+05,4.070868e+07,1,10,N,N
1.603837e+03,6.286089e+05,6.693282e+07,0,56,N,N
1.489706e+03,4.968064e+05,3.418652e+07,1,86,N,N
1.340040e+03,4.507924e+05,4.046442e+07,1,73,N,N
1.328206e+03,3.938091e+05,2.356480e+07,1,40,N,N
1.384991e+03,4.504627e+05,3.547440e+07,2,76,N,N
1.384355e+03,4.475228e+05,3.144226e+07,0,76,N,N
1.367575e+03,4.672214e+05,4.089732e+07,2,53,N,N
1.232846e+03,3.725269e+05,2.359983e+07,1,65,N,N
1.385816e+03,4.464468e+05,3.576764e+07,0,32,N,N
1.449166e+03,5.045685e+05,4.828799e+07,3,98,N,N
1.343241e+03,4.837566e+05,4.660341e+07,0,10,N,N
1.575706e+03,5.488928e+05,5.140398e+07,2,99,N,N
1.390195e+03,4.248491e+05,3.133246e+07,3,61,N,N
1.377015e+03,4.447637e+05,3.251777e+07,3,95,N,N
1.230584e+03,3.864063e+05,2.930900e+07,0,55,N,N
1.412517e+03,4.576078e+05,3.812303e+07,2,66,N,N
1.694918e+03,6.579610e+05,6.475263e+07,3,56,N,N
1.393711e+03,4.498923e+05,3.387395e+07,2,84,N,N
1.390510e+03,4.818247e+05,4.121801e+07,2,92,N,N
1.112445e+03,3.335228e+05,2.340627e+07,2,62,N,N
1.299390e+03,4.005604e+05,2.800223e+07,0,83,N,N
1.338669e+03,4.110861e+05,3.024077e+07,1,57,N,N
1.379403e+03,4.555541e+05,3.637807e+07,3,59,N,N
1.243376e+03,3.818237e+05,2.613266e+07,0,11,N,N
1.373349e+03,4.359521e+05,3.329924e+07,0,13,N,N
1.430237e+03,5.473930e+05,6.203592e+07,1,64,N,N
1.373469e+03,4.723146e+05,4.013653e+07,1,35,N,N
1.431888e+03,4.393367e+05,3.363238e+07,0,8,N,N
1.406564e+03,4.474359e+05,2.820868e+07,0,86,N,N
1.219155e+03,3.562942e+05,2.336230e+07,1,63,N,N
1.503283e+03,5.052668e+05,4.294467e+07,2,51,N,N
1.167602e+03,3.413663e+05,2.308061e+07,3,48,N,N
1.285988e+03,3.942748e+05,2.822146e+07,0,14,N,N
1.315938e+03,4.119471e+05,2.881882e+07,1,54,N,N
1.237825e+03,3.897671e+05,2.954908e+07,1,52,N,N
1.210993e+03,3.546679e+05,2.252244e+07,0,63,N,N
1.380058e+03,4.407554e+05,3.186237e+07,3,101,N,N
1.260869e+03,3.863094e+05,3.099397e+07,2,91,N,N
1.285649e+03,4.129049e+05,3.049340e+07,3,49,N,N
1.427955e+03,4.883270e+05,3.930519e+07,0,102,N,N
1.517409e+03,5.144230e+05,4.334662e+07,1,0,N,N
1.371083e+03,5.260725e+05,5.339581e+07,0,36,N,N
1.317499e+03,4.062176e+05,3.032306e+07,0,18,N,N
1.181914e+03,3.789614e+05,3.267976e+07,2,97,N,N
6.893259e+02,1.421143e+05,8.040969e+06,2,79,N,N
1.716711e+03,6.798046e+05,6.703404e+07,3,79,N,N
1.425866e+03,4.473309e+05,2.842920e+07,3,86,N,N
1.348187e+03,4.844719e+05,4.470613e+07,1,94,N,N
1.125426e+03,3.161803e+05,1.967254e+07,1,48,N,N
1.533832e+03,5.636572e+05,5.883928e+07,0,98,N,N
1.413777e+03,4.614066e+05,3.771532e+07,1,61,N,N
1.352318e+03,4.283934e+05,2.934755e+07,0,96,N,N
1.389537e+03,3.832712e+05,2.628963e+07,2,37,N,N
1.412180e+03,4.771678e+05,3.835544e+07,0,84,N,N
1.232120e+03,4.165298e+05,3.912268e+07,0,97,N,N
1.441702e+03,4.613540e+05,3.281532e+07,0,74,N,N
1.335612e+03,4.171297e+05,2.872230e+07,1,104,N,N
1.270699e+03,3.680169e+05,2.274602e+07,1,88,N,N
1.360475e+03,4.617702e+05,4.289202e+07,0,80,N,N
1.392927e+03,4.801898e+05,3.956028e+07,0,34,N,N
1.378968e+03,4.592528e+05,3.823602e+07,1,92,N,N
1.275330e+03,3.683825e+05,2.651327e+07,0,25,N,N
1.519424e+03,5.281104e+05,4.698361e+07,0,70,N,N
1.447128e+03,5.214630e+05,4.624307e+07,0,3,N,N
1.394086e+03,4.677284e+05,3.746453e+07,0,59,N,N
1.718680e+03,6.507748e+05,5.550221e+07,2,81,N,N
1.434721e+03,4.625579e+05,3.563009e+07,2,61,N,N
1.306689e+03,4.675639e+05,4.797513e+07,2,64,N,N
1.386339e+03,4.451909e+05,3.319389e+07,0,95,N,N
1.507530e+03,5.199409e+05,4.305807e+07,0,0,N,N
1.277865e+03,4.163741e+05,2.957340e+07,1,49,N,N
1.195244e+03,3.453501e+05,2.334598e+07,3,62,N,N
1.393265e+03,4.857243e+05,4.295795e+07,0,53,N,N
1.317962e+03,4.441941e+05,3.733436e+07,1,33,N,N
1.398880e+03,4.635079e+05,3.648328e+07,0,79,N,N
1.380990e+03,4.583176e+05,3.841915e+07,0,92,N,N
1.297021e+03,4.220622e+05,3.523484e+07,1,82,N,N
1.309222e+03,4.419801e+05,3.575307e+07,1,90,N,N
1.160835e+03,3.070779e+05,2.268859e+07,2,58,N,N
1.495136e+03,5.061799e+05,3.379230e+07,0,39,N,N
1.440578e+03,4.905518e+05,3.513627e+07,2,68,N,N
1.288391e+03,4.310298e+05,3.117501e+07,2,71,N,N
1.275308e+03,4.016698e+05,3.117135e+07,0,17,N,N
1.394166e+03,4.507844e+05,3.554360e+07,1,96,N,N
1.364004e+03,4.452881e+05,3.523714e+07,3,77,N,N
1.418302e+03,4.818502e+05,4.244128e+07,2,75,N,N
1.186789e+03,3.410670e+05,2.206307e+07,3,63,N,N
1.530549e+03,4.877231e+05,3.462285e+07,2,67,N,N
1.154412e+03,3.677148e+05,3.110105e+07,3,97,N,N
1.288688e+03,4.002650e+05,2.911105e+07,0,73,N,N
1.409597e+03,5.194397e+05,5.084399e+07,2,94,N,N
1.469514e+03,4.630409e+05,4.143275e+07,1,87,N,N
1.197327e+03,3.292882e+05,1.641377e+07,0,15,N,N
1.345800e+03,4.805972e+05,4.443181e+07,0,38,N,N
1.942364e+03,8.388635e+05,6.029818e+07,2,72,N,N
1.182875e+03,3.555002e+05,2.417407e+07,0,48,N,N
1.490693e+03,5.123116e+05,4.248637e+07,0,99,N,N
1.341019e+03,3.859157e+05,2.066248e+07,0,100,N,N
1.251585e+03,3.879510e+05,2.554530e+07,2,60,N,N
1.649056e+03,6.291120e+05,6.098290e+07,0,23,N,N
1.255727e+03,3.910565e+05,2.681473e+07,0,49,N,N
1.330445e+03,4.728701e+05,4.299630e+07,0,94,N,N
1.293029e+03,4.491372e+05,4.064043e+07,1,38,N,N
1.408672e+03,4.839175e+05,4.320632e+07,3,92,N,N
1.628495e+03,5.725182e+05,4.893841e+07,3,81,N,N
1.330201e+03,4.174529e+05,2.961992e+07,0,88,N,N
1.701734e+03,6.078030e+05,4.646750e+07,1,81,N,N
1.414737e+03,5.053664e+05,4.379536e+07,1,69,N,N
1.333524e+03,4.184443e+05,3.012844e+07,0,54,N,N
1.664249e+03,6.280288e+05,6.148342e+07,1,56,N,N
1.402070e+03,4.749154e+05,3.835497e+07,0,85,N,N
1.451640e+03,4.581785e+05,3.522819e+07,3,47,N,N
1.232880e+03,3.904160e+05,2.997396e+07,0,58,N,N
1.276802e+03,3.811112e+05,2.590825e+07,2,54,N,N
1.163538e+03,3.490563e+05,2.486783e+07,3,55,N,N
1.255607e+03,4.037522e+05,3.214064e+07,1,58,N,N
1.443987e+03,4.842204e+05,3.957198e+07,0,2,N,N
1.410708e+03,4.396597e+05,2.705877e+07,1,46,N,N
1.331332e+03,3.971209e+05,2.440812e+07,0,101,N,N
1.124216e+03,3.229252e+05,1.963967e+07,0,43,N,N
1.345389e+03,3.793384e+05,2.545956e+07,0,42,N,N
1.256773e+03,3.990163e+05,2.830598e+07,2,93,N,N
1.398016e+03,4.590556e+05,3.483709e+07,0,103,N,N
1.412268e+03,4.990099e+05,4.799498e+07,2,85,N,N
1.379388e+03,4.585955e+05,3.753068e+07,1,77,N,N
1.295552e+03,4.158739e+05,3.245601e+07,1,91,N,N
1.452920e+03,5.123846e+05,4.581222e+07,2,87,N,N
1.229403e+03,3.621530e+05,2.454479e+07,1,43,N,N
1.318399e+03,4.035102e+05,2.813249e+07,3,88,N,N
1.319554e+03,3.823016e+05,2.950251e+07,1,45,N,N
1.410665e+03,4.805020e+05,3.901116e+07,3,102,N,N
1.225550e+03,3.850232e+05,2.984480e+07,0,52,N,N
1.370293e+03,4.816547e+05,4.408191e+07,1,53,N,N
1.340535e+03,4.350735e+05,3.318675e+07,1,34,N,N
1.355116e+03,3.922093e+05,2.149427e+07,1,100,N,N
1.312203e+03,4.379860e+05,3.630286e+07,1,93,N,N
1.249679e+03,3.457450e+05,2.739921e+07,2,73,N,N
1.395952e+03,4.712214e+05,3.891215e+07,0,75,N,N
1.324808e+03,4.198733e+05,3.137438e+07,2,83,N,N
1.314226e+03,4.125616e+05,2.963460e+07,1,83,N,N
1.394848e+03,4.526610e+05,3.494764e+07,0,47,N,N
1.415981e+03,5.569088e+05,5.973369e+07,1,36,N,N
1.404946e+03,4.580545e+05,3.923135e+07,0,1,N,N
1.255488e+03,3.978445e+05,3.073052e+07,2,55,N,N
1.309646e+03,4.000751e+05,2.679145e+07,3,76,N,N
1.174181e+03,3.446292e+05,2.125893e+07,0,65,N,N
1.318594e+03,4.063064e+05,2.587736e+07,0,104,N,N
1.277365e+03,3.736978e+05,2.225068e+07,0,6,N,N
1.446097e+03,4.918569e+05,4.041718e+07,0,51,N,N
1.415077e+03,4.970774e+05,4.497978e+07,1,98,N,N
1.322739e+03,4.409480e+05,3.854488e+07,1,80,N,N
1.426591e+03,4.817905e+05,3.730688e+07,0,71,N,N
1.539104e+03,6.283742e+05,7.150360e+07,1,78,N,N
1.319658e+03,4.229209e+05,3.241155e+07,0,90,N,N
1.364782e+03,4.380909e+05,3.314681e+07,3,57,N,N
1.254123e+03,3.745754e+05,2.384267e+07,0,20,N,N
1.452576e+03,5.076450e+05,4.219390e+07,2,57,N,N
1.397326e+03,4.640640e+05,3.735710e+07,2,103,N,N
1.324242e+03,4.037463e+05,2.652118e+07,2,88,N,N
1.275074e+03,4.034708e+05,3.255354e+07,0,82,N,N
1.224667e+03,3.651237e+05,2.822074e+07,3,50,N,N
1.328004e+03,4.455885e+05,3.697895e+07,0,35,N,N
1.439233e+03,5.191223e+05,5.181301e+07,1,85,N,N
1.312982e+03,4.029485e+05,2.656463e+07,0,89,N,N
1.616564e+03,6.348889e+05,6.641578e+07,2,56,N,N
1.434001e+03,5.353952e+05,5.055537e+07,1,79,N,N
1.347615e+03,4.625015e+05,3.967544e+07,0,69,N,N
1.341465e+03,4.201726e+05,2.925946e+07,2,96,N,N
1.542401e+03,5.405757e+05,5.361820e+07,0,87,N,N
1.376789e+03,4.312129e+05,3.278203e+07,0,21,N,N
1.402836e+03,4.380514e+05,2.776792e+07,0,46,N,N
1.361601e+03,4.409729e+05,3.186845e+07,1,89,N,N
1.361683e+03,4.202877e+05,3.001706e+07,1,60,N,N
1.408040e+03,4.599906e+05,3.316697e+07,1,37,N,N
1.482052e+03,5.296028e+05,4.478359e+07,1,76,N,N
1.423468e+03,4.297791e+05,2.667801e+07,3,67,N,N
1.386257e+03,4.237081e+05,3.425395e+07,0,44,N,N
1.349898e+03,4.176710e+05,2.623809e+07,1,101,N,N
1.391770e+03,4.461751e+05,3.169747e+07,1,74,N,N
1.475067e+03,4.693575e+05,3.768339e+07,2,74,N,N
1.256715e+03,3.784994e+05,2.490314e+07,1,25,N,N
1.414196e+03,5.428896e+05,5.364295e+07,3,94,N,N
1.434258e+03,4.731265e+05,3.403753e+07,1,68,N,N
1.272710e+03,4.172290e+05,3.408429e+07,3,58,N,N
1.171119e+03,3.321424e+05,1.890136e+07,0,31,N,N
1.201495e+03,3.612193e+05,2.599498e+07,3,52,N,N
1.323235e+03,4.455581e+05,3.810241e+07,0,33,N,N
1.336725e+03,4.423631e+05,3.517564e+07,2,90,N,N
1.374648e+03,4.435429e+05,2.840465e+07,1,42,N,N
1.381134e+03,4.845881e+05,4.703040e+07,1,50,N,N
1.487192e+03,5.220436e+05,4.631804e+07,1,102,N,N
1.323382e+03,4.427601e+05,3.943208e+07,3,73,N,N
1.402890e+03,4.812702e+05,4.122966e+07,2,77,N,N
1.163375e+03,3.341071e+05,2.036313e+07,3,65,N,N
1.305537e+03,4.028856e+05,2.517997e+07,0,57,N,N
1.407670e+03,4.203649e+05,3.213087e+07,1,51,N,N
1.421300e+03,4.824303e+05,3.700981e+07,3,51,N,N
1.403943e+03,4.498996e+05,3.508574e+07,0,66,N,N
1.385203e+03,4.458351e+05,3.183306e+07,0,60,N,N
1.250634e+03,3.924130e+05,2.859351e+07,2,12,N,N
1.335552e+03,4.018644e+05,2.952800e+07,1,66,N,N
1.419050e+03,4.681463e+05,3.675180e+07,2,95,N,N
1.346166e+03,4.276746e+05,3.229199e+07,1,44,N,N
1.591375e+03,5.953703e+05,6.183883e+07,3,87,N,N
1.325090e+03,3.466288e+05,2.475566e+07,1,71,N,N
1.419856e+03,4.331746e+05,2.547175e+07,2,86,N,N
1.391946e+03,4.534838e+05,3.274044e+07,0,37,N,N
1.501198e+03,4.785179e+05,3.345738e+07,1,41,N,N
1.229831e+03,3.742749e+05,2.758351e+07,3,82,N,N
1.379091e+03,4.360137e+05,3.316888e+07,2,89,N,N
1.210393e+03,3.676266e+05,2.549210e+07,0,50,N,N
1.323516e+03,3.902486e+05,2.464231e+07,2,101,N,N
1.254212e+03,3.812704e+05,2.540898e+07,0,29,N,N
1.627084e+03,5.655975e+05,4.838938e+07,0,81,N,N
1.157872e+03,3.650314e+05,3.016715e+07,1,97,N,N
1.521872e+03,4.941458e+05,3.432796e+07,1,67,N,N
1.378708e+03,4.980241e+05,4.874399e+07,0,78,N,N
1.349914e+03,4.797917e+05,4.623950e+07,2,78,N,N
1.423602e+03,4.620331e+05,3.667852e+07,2,47,N,N
1.251382e+03,3.877585e+05,2.792491e+07,2,63,N,N
1.371743e+03,4.229810e+05,2.616578e+07,0,72,N,N
1.391113e+03,4.598950e+05,3.644302e+07,0,9,N,N
1.402540e+03,4.962458e+05,4.403377e+07,3,85,N,N
1.552284e+03,5.442069e+05,4.914746e+07,2,70,N,N
1.399042e+03,4.728797e+05,3.847396e+07,2,59,N,N
1.272150e+03,4.083204e+05,3.105614e+07,1,12,N,N
1.284525e+03,3.834994e+05,2.538548e+07,3,83,N,N
1.225162e+03,3.751393e+05,2.694820e+07,0,62,N,N
1.258766e+03,4.303663e+05,4.014575e+07,3,64,N,N
1.221428e+03,3.688246e+05,2.589732e+07,2,69,N,N
1.441261e+03,4.299989e+05,3.411804e+07,1,47,N,N
1.416629e+03,4.765218e+05,4.187705e+07,1,75,N,N
1.388010e+03,4.496462e+05,3.432869e+07,1,59,N,N
1.281207e+03,4.161216e+05,3.249177e+07,0,12,N,N
1.437337e+03,4.793315e+05,3.738739e+07,0,40,N,N
1.349725e+03,5.019720e+05,5.334552e+07,0,64,N,N
1.389024e+03,4.375822e+05,3.353964e+07,3,66,N,N
1.588366e+03,5.647906e+05,4.928191e+07,1,72,N,N
1.470550e+03,5.397920e+05,5.220888e+07,0,4,N,N
1.259272e+03,3.987823e+05,3.292623e+07,2,50,N,N
1.453142e+03,4.776187e+05,3.649331e+07,0,61,N,N
1.348535e+03,4.149749e+05,2.940771e+07,3,60,N,N
1.453572e+03,5.017690e+05,4.570706e+07,3,75,N,N
1.243032e+03,3.836775e+05,2.877802e+07,1,62,N,N
1.305546e+03,4.399139e+05,3.802463e+07,2,80,N,N
1.148588e+03,3.531285e+05,2.439145e+07,0,91,N,N
1.383693e+03,4.399241e+05,3.401352e+07,1,95,N,N
1.400962e+03,4.674924e+05,3.874079e+07,1,103,N,N
1.360330e+03,4.189914e+05,2.482466e+07,0,68,N,N
1.327313e+03,4.103640e+05,2.767328e+07,2,104,N,N
1.193426e+03,3.536222e+05,2.454887e+07,2,52,N,N
1.339330e+03,4.118471e+05,2.962400e+07,3,89,N,N
1.385446e+03,5.184088e+05,5.175512e+07,0,30,N,N
1.333402e+03,4.211367e+05,3.079517e+07,3,104,N,N
1.388060e+03,4.586173e+05,3.792767e+07,0,45,N,N
1.492155e+03,5.228770e+05,4.659092e+07,1,70,N,N
1.555164e+03,5.562492e+05,4.934256e+07,1,99,N,N
1.556702e+03,6.060383e+05,6.610955e+07,2,98,N,N
1.283319e+03,4.156580e+05,3.363697e+07,0,19,N,N
1.376074e+03,4.820101e+05,4.218299e+07,3,69,N,N
1.453209e+03,5.076514e+05,4.009853e+07,0,24,N,N
1.494914e+03,5.170387e+05,4.442640e+07,3,70,N,N
1.358584e+03,3.955562e+05,2.075047e+07,2,100,N,N
1.393754e+03,4.691483e+05,3.834439e+07,3,103,N,N
1.311661e+03,4.368390e+05,3.617440e+07,0,93,N,N
1.314342e+03,4.416730e+05,3.307691e+07,3,71,N,N
1.363846e+03,4.630751e+05,4.080102e+07,3,53,N,N
1.252061e+03,3.423427e+05,2.296952e+07,3,54,N,N
1.364669e+03,3.885065e+05,2.195891e+07,3,100,N,N
1.372606e+03,4.561608e+05,3.652926e+07,0,77,N,N
1.221136e+03,3.857469e+05,2.856782e+07,2,48,N,N
1.427932e+03,4.441762e+05,3.361342e+07,3,74,N,N
1.524875e+03,5.019244e+05,3.751151e+07,0,41,N,N
1.404673e+03,4.769452e+05,3.959615e+07,3,84,N,N
1.495911e+03,4.928753e+05,3.411202e+07,0,7,N,N
1.208646e+03,3.582686e+05,2.253576e+07,2,65,N,N
1.398405e+03,4.368816e+05,2.991153e+07,0,5,N,N
1.323227e+03,4.499116e+05,3.578573e+07,2,49,N,N
