1.451634e+08,5.260430e+15,2.955615e+18,1.427211e+17,1.198768e+08,9.579524e+15,9.180473e+18,9.162415e+17,4.734878e+07,6.735737e+14,3.970324e+17,8.379584e+15,3,72
1.470728e+08,4.262417e+15,2.544666e+18,1.593856e+17,1.190807e+08,8.698140e+15,1.046338e+19,1.257967e+18,5.382042e+07,9.698000e+14,4.375684e+17,3.158528e+15,3,93
1.867077e+08,8.797508e+15,7.790313e+18,4.923314e+17,1.500378e+08,1.704814e+16,1.420026e+19,1.728916e+18,5.627030e+07,1.515440e+15,3.664269e+17,2.926654e+15,0,26
1.278317e+08,3.036100e+15,3.215789e+18,8.845843e+16,1.036889e+08,6.273543e+15,7.756774e+18,6.216357e+17,4.862604e+07,6.123117e+14,6.348946e+17,2.024691e+16,3,96
1.420747e+08,4.345021e+15,2.920952e+18,2.986040e+17,1.190420e+08,7.975497e+15,1.175007e+19,1.455571e+18,5.324578e+07,6.912561e+14,3.620639e+17,5.404404e+15,1,55
1.565950e+08,5.122794e+15,3.165500e+18,1.562667e+17,1.272185e+08,1.021610e+16,1.205828e+19,1.663059e+18,5.564487e+07,1.221801e+15,4.475537e+17,3.822818e+15,3,90
1.425065e+08,4.467176e+15,2.998030e+18,1.238014e+17,1.167394e+08,8.604889e+15,8.616845e+18,7.238017e+17,4.991114e+07,6.714299e+14,5.766868e+17,1.921781e+16,1,5
1.327462e+08,4.454571e+15,3.513584e+18,1.599485e+17,1.090932e+08,8.301636e+15,6.184550e+18,5.713555e+17,4.244997e+07,5.645148e+14,3.213166e+17,4.541551e+15,0,27
1.507369e+08,6.147983e+15,5.542009e+18,4.893925e+17,1.236632e+08,1.139019e+16,9.335117e+18,1.067321e+18,4.525430e+07,7.795731e+14,1.972804e+17,1.438136e+15,0,28
1.038261e+08,2.572409e+15,2.807095e+18,1.718187e+17,8.980161e+07,4.174131e+15,6.248143e+18,4.954753e+17,3.924451e+07,2.078236e+14,3.276738e+17,1.836307e+16,0,67
1.280891e+08,2.725577e+15,2.537216e+18,1.233624e+17,1.037356e+08,5.864520e+15,8.082189e+18,6.268567e+17,5.153436e+07,5.950541e+14,6.284053e+17,4.227034e+16,3,91
1.275447e+08,3.411923e+15,2.328900e+18,8.430428e+16,1.068683e+08,6.260684e+15,7.363982e+18,4.660923e+17,4.846089e+07,4.855586e+14,7.169299e+17,4.233132e+16,0,16
1.495835e+08,6.101671e+15,2.824247e+18,1.068696e+17,1.246307e+08,1.064701e+16,8.796515e+18,8.998974e+17,4.652591e+07,6.717320e+14,4.175725e+17,5.621548e+15,3,99
1.316343e+08,2.865642e+15,2.523233e+18,2.204798e+17,1.056454e+08,6.295323e+15,8.338406e+18,9.391457e+17,5.230952e+07,7.776632e+14,3.747753e+17,1.905550e+16,3,78
1.352712e+08,4.089598e+15,3.443136e+18,1.541329e+17,1.093098e+08,8.084450e+15,7.143425e+18,7.139704e+17,4.537143e+07,6.743030e+14,4.057194e+17,1.441619e+16,2,102
1.455835e+08,5.075007e+15,2.584780e+18,2.190011e+17,1.180851e+08,9.748964e+15,7.338251e+18,6.886589e+17,4.684838e+07,7.626462e+14,3.139000e+17,1.379052e+16,0,22
1.650416e+08,6.149465e+15,4.019154e+18,1.418499e+17,1.327128e+08,1.229049e+16,1.156919e+19,1.359503e+18,5.438093e+07,1.186008e+15,4.992306e+17,8.602804e+15,1,84
1.264677e+08,3.773727e+15,2.766871e+18,1.308526e+17,1.030375e+08,7.203586e+15,7.010597e+18,7.911620e+17,4.165022e+07,5.601275e+14,2.754949e+17,5.325658e+14,2,82
1.380056e+08,5.011609e+15,2.311720e+18,7.656171e+16,1.148013e+08,8.961894e+15,7.767515e+18,7.211253e+17,4.400882e+07,5.390898e+14,4.357278e+17,7.512260e+15,3,68
1.323593e+08,4.722271e+15,2.112160e+18,1.130603e+17,1.111518e+08,8.157192e+15,8.631015e+18,1.012881e+18,4.243406e+07,4.918942e+14,3.035710e+17,1.306034e+15,3,80
1.335094e+08,3.877897e+15,1.904326e+18,8.284771e+16,1.102231e+08,7.329037e+15,8.037029e+18,8.327275e+17,4.807785e+07,5.862737e+14,4.001583e+17,8.456572e+15,1,10
1.433763e+08,5.130188e+15,2.540340e+18,1.004060e+17,1.198400e+08,9.078829e+15,1.013023e+19,1.152618e+18,4.821615e+07,6.561100e+14,4.276720e+17,3.280344e+15,0,56
1.686841e+08,8.347923e+15,6.799359e+18,3.813266e+17,1.379228e+08,1.496196e+16,8.945336e+18,9.522815e+17,4.658030e+07,9.575489e+14,2.917102e+17,7.642318e+15,1,86
6.816621e+08,1.544012e+16,8.043969e+17,7.611780e+16,3.232787e+08,5.566341e+16,6.860744e+19,7.929469e+18,4.457354e+08,1.499721e+17,5.455331e+18,5.199366e+17,1,73
1.497204e+08,5.329220e+15,5.166811e+18,4.721857e+17,1.232472e+08,9.893335e+15,9.891495e+18,8.925290e+17,5.025530e+07,7.130753e+14,3.094334e+17,2.857931e+16,1,40
1.972877e+08,1.461360e+16,1.189904e+19,1.416954e+18,1.755671e+08,2.040809e+16,3.309994e+19,4.334182e+18,5.469185e+07,7.244221e+14,2.374931e+17,5.111876e+16,2,76
1.531176e+08,6.306085e+15,7.174522e+18,8.383088e+17,1.284947e+08,1.084239e+16,1.451850e+19,1.860511e+18,4.914129e+07,8.262417e+14,1.422861e+17,8.318214e+15,0,76
1.112423e+08,2.770022e+15,1.840813e+18,1.713801e+17,9.182954e+07,5.241872e+15,6.139178e+18,6.520590e+17,3.929861e+07,3.895810e+14,3.044637e+17,3.928187e+15,2,53
1.584083e+08,5.069953e+15,2.898691e+18,1.235631e+17,1.292548e+08,1.019788e+16,1.281852e+19,1.671246e+18,5.805377e+07,1.158669e+15,5.914181e+17,2.193781e+15,1,65
1.247236e+08,2.951274e+15,2.471209e+18,1.672409e+17,1.023967e+08,5.887935e+15,7.359426e+18,5.580275e+17,4.808989e+07,5.085856e+14,4.430349e+17,4.131974e+16,0,32
1.693032e+08,6.659264e+15,4.688877e+18,3.902179e+17,1.378202e+08,1.297886e+16,1.076705e+19,1.208803e+18,5.624822e+07,1.066480e+15,5.040863e+17,5.269562e+15,3,98
1.443586e+08,4.286377e+15,2.554434e+18,1.559908e+17,1.177039e+08,8.438831e+15,8.497130e+18,7.491062e+17,5.250967e+07,7.161589e+14,4.913443e+17,2.465353e+16,0,10
1.557063e+08,6.726874e+15,2.645354e+18,1.437418e+17,1.300704e+08,1.165057e+16,9.370863e+18,1.005684e+18,4.805616e+07,7.410656e+14,3.699625e+17,3.472074e+15,2,99
1.552479e+08,5.171874e+15,4.134818e+18,3.643421e+17,1.263374e+08,1.016410e+16,1.185919e+19,1.472236e+18,5.443161e+07,1.087350e+15,3.157624e+17,4.073314e+15,3,61
1.728642e+08,7.707425e+15,4.590666e+18,1.841630e+17,1.410455e+08,1.431185e+16,1.384491e+19,1.767286e+18,5.326321e+07,1.152939e+15,4.128924e+17,1.240162e+16,3,95
1.388240e+08,4.082677e+15,2.831605e+18,2.451788e+17,1.159833e+08,7.572338e+15,1.134079e+19,1.421024e+18,5.213959e+07,7.246080e+14,3.090502e+17,2.396116e+15,0,55
1.379376e+08,3.784845e+15,1.686605e+18,1.855193e+17,1.140060e+08,7.302732e+15,9.054685e+18,9.330134e+17,5.248493e+07,6.249684e+14,4.735062e+17,4.926866e+16,2,66
1.349111e+08,4.305820e+15,2.354347e+18,6.518258e+16,1.108803e+08,8.054622e+15,7.978670e+18,8.204014e+17,4.526161e+07,5.964894e+14,4.477750e+17,4.938158e+15,3,56
1.610083e+08,6.247297e+15,3.104979e+18,1.241796e+17,1.307647e+08,1.200629e+16,1.066254e+19,1.327301e+18,5.172589e+07,1.143616e+15,4.008663e+17,6.597188e+15,2,84
1.314735e+08,3.924395e+15,2.646069e+18,1.422165e+17,1.080169e+08,7.421477e+15,7.666874e+18,7.390193e+17,4.537281e+07,5.542788e+14,3.637935e+17,1.049468e+16,2,92
1.641949e+08,6.272555e+15,3.630495e+18,1.413470e+17,1.313745e+08,1.261243e+16,1.057194e+19,1.199967e+18,5.217768e+07,1.109962e+15,4.745225e+17,4.986261e+15,2,62
1.481188e+08,4.662347e+15,4.268670e+18,2.361386e+17,1.186837e+08,9.558782e+15,9.870476e+18,1.029799e+18,5.041189e+07,8.734227e+14,4.000109e+17,3.695260e+15,0,83
1.374807e+08,4.293344e+15,3.704937e+18,2.483041e+17,1.118551e+08,8.320480e+15,9.016170e+18,1.047421e+18,4.633150e+07,7.759019e+14,2.685087e+17,3.271333e+15,1,57
1.730524e+08,5.827512e+15,4.880893e+18,6.803690e+17,1.438630e+08,1.113797e+16,1.992590e+19,2.462063e+18,6.759907e+07,1.152393e+15,4.355829e+17,8.609108e+16,3,59
1.702530e+08,5.609213e+15,3.797513e+18,1.450171e+17,1.355107e+08,1.201631e+16,1.305866e+19,1.666562e+18,6.068026e+07,1.478433e+15,5.526190e+17,2.891156e+15,0,11
1.768185e+08,7.414702e+15,5.254544e+18,3.179108e+17,1.435860e+08,1.424717e+16,1.409997e+19,1.860593e+18,5.748616e+07,1.343497e+15,3.492807e+17,2.680246e+15,0,13
1.236943e+08,2.167906e+15,1.167044e+18,2.566097e+16,1.000676e+08,4.944212e+15,7.080366e+18,4.244996e+17,5.350799e+07,5.890620e+14,9.690664e+17,6.309224e+16,1,64
1.318726e+08,3.112175e+15,1.814548e+18,5.551867e+16,1.069913e+08,6.532096e+15,7.548380e+18,5.613784e+17,5.121482e+07,6.207952e+14,6.542649e+17,3.190715e+16,1,35
1.407669e+08,3.884100e+15,3.468829e+18,1.531180e+17,1.125520e+08,8.209045e+15,8.081363e+18,6.813699e+17,5.023994e+07,8.035394e+14,5.057218e+17,2.529592e+16,0,8
1.803703e+08,1.043264e+16,6.789097e+18,5.328757e+17,1.495154e+08,1.781405e+16,9.508612e+18,1.060076e+18,4.737638e+07,9.588963e+14,2.883887e+17,3.271242e+15,0,86
1.663841e+08,6.211501e+15,5.249452e+18,3.070449e+17,1.332619e+08,1.252995e+16,1.227036e+19,1.536877e+18,5.444894e+07,1.235212e+15,3.783521e+17,5.246059e+14,1,63
1.259092e+08,3.291736e+15,2.650273e+18,2.059819e+17,1.036155e+08,6.405537e+15,7.008236e+18,6.848470e+17,4.624253e+07,5.309661e+14,2.954342e+17,2.304715e+16,2,51
1.355745e+08,3.742177e+15,3.177267e+18,1.957463e+17,1.102859e+08,7.480404e+15,9.782256e+18,1.216171e+18,4.925149e+07,7.238332e+14,3.973706e+17,9.392704e+14,3,48
1.686938e+08,6.312762e+15,3.614225e+18,2.749949e+17,1.362200e+08,1.254885e+16,1.188677e+19,1.347838e+18,5.682093e+07,1.123654e+15,3.645996e+17,1.085630e+16,0,14
9.679286e+07,2.049991e+15,2.305205e+18,2.025891e+17,8.240064e+07,3.557590e+15,5.240614e+18,4.084992e+17,3.714894e+07,2.104694e+14,2.772776e+17,3.004685e+16,1,54
1.393630e+08,5.083694e+15,2.884995e+18,1.465560e+17,1.153061e+08,9.084715e+15,8.671545e+18,9.981808e+17,4.405587e+07,6.749601e+14,2.776231e+17,3.233936e+15,1,52
1.624539e+08,5.993097e+15,5.108110e+18,3.876883e+17,1.303847e+08,1.196815e+16,1.181938e+19,1.475814e+18,5.305708e+07,1.160531e+15,3.085061e+17,5.554954e+14,0,63
1.869166e+08,8.396758e+15,8.970858e+18,4.495324e+17,1.505008e+08,1.639045e+16,1.600369e+19,1.947118e+18,5.889965e+07,1.545442e+15,4.551652e+17,2.818553e+16,3,101
1.267903e+08,2.854763e+15,2.491331e+18,8.209870e+16,1.034614e+08,5.929464e+15,7.957920e+18,6.107468e+17,5.003938e+07,5.471760e+14,6.710812e+17,3.694739e+16,2,91
1.912749e+08,1.021517e+16,6.676327e+18,5.242212e+17,1.564164e+08,1.892353e+16,1.391250e+19,1.711872e+18,5.536789e+07,1.396860e+15,2.478191e+17,2.278925e+14,3,49
1.399054e+08,4.162340e+15,2.756997e+18,7.733600e+16,1.128750e+08,8.379663e+15,8.156622e+18,7.902058e+17,4.837120e+07,7.319824e+14,5.155903e+17,1.620897e+16,0,102
1.664627e+08,6.102933e+15,4.428054e+18,1.911907e+17,1.323643e+08,1.265880e+16,1.023528e+19,1.029150e+18,5.424702e+07,1.167334e+15,5.161229e+17,1.252941e+16,1,0
1.346402e+08,4.006356e+15,2.359631e+18,1.192869e+17,1.104285e+08,7.657005e+15,7.963948e+18,7.180921e+17,4.713590e+07,5.907751e+14,4.869907e+17,1.783009e+16,0,36
1.562762e+08,5.856937e+15,4.748699e+18,2.134316e+17,1.269073e+08,1.140907e+16,1.022477e+19,1.198755e+18,5.038754e+07,9.276598e+14,4.112790e+17,7.583390e+15,0,18
1.301403e+08,3.008350e+15,1.932294e+18,7.224886e+16,1.064355e+08,6.198641e+15,9.112527e+18,7.481567e+17,5.159111e+07,5.690505e+14,6.978692e+17,1.794614e+16,2,97
1.430303e+08,6.102946e+15,3.757090e+18,1.851818e+17,1.197129e+08,1.030692e+16,6.610926e+18,5.402462e+17,4.159228e+07,5.893481e+14,3.207159e+17,1.216319e+16,2,79
1.591932e+08,6.804774e+15,4.908063e+18,3.349791e+17,1.299463e+08,1.251544e+16,9.633944e+18,1.047123e+18,4.745758e+07,8.841863e+14,2.958227e+17,4.103479e+15,3,79
1.797097e+08,9.283950e+15,7.693643e+18,3.979109e+17,1.461268e+08,1.692317e+16,1.106528e+19,1.269222e+18,4.979727e+07,1.131143e+15,3.239806e+17,1.120497e+16,3,86
1.512958e+08,3.381090e+15,2.698611e+18,2.383145e+17,1.218312e+08,7.782648e+15,1.164932e+19,1.311768e+18,6.372822e+07,9.887606e+14,7.061043e+17,2.516939e+16,1,94
1.255852e+08,3.697238e+15,3.114497e+18,1.960696e+17,1.040670e+08,6.864661e+15,8.483387e+18,1.048662e+18,4.326275e+07,5.274946e+14,2.911548e+17,3.320643e+14,1,48
1.759062e+08,7.595174e+15,5.184790e+18,2.520395e+17,1.431929e+08,1.436818e+16,1.102358e+19,1.220071e+18,5.608058e+07,1.147295e+15,4.702618e+17,7.356111e+15,0,98
1.574552e+08,5.403970e+15,4.620986e+18,4.775346e+17,1.287956e+08,1.049197e+16,1.243636e+19,1.567232e+18,5.528434e+07,1.126424e+15,2.689772e+17,1.441223e+16,1,61
1.325877e+08,3.411939e+15,3.449349e+18,9.138584e+16,1.076673e+08,6.979185e+15,8.129281e+18,6.640258e+17,4.927505e+07,6.431231e+14,6.174620e+17,1.686273e+16,0,96
1.285956e+08,3.268536e+15,2.448952e+18,1.468035e+17,1.040584e+08,6.625949e+15,7.535420e+18,7.228609e+17,4.719820e+07,6.043565e+14,4.025008e+17,1.484956e+16,2,37
1.484678e+08,5.405379e+15,2.783010e+18,8.464408e+16,1.201386e+08,1.037529e+16,8.589280e+18,9.814039e+17,4.661742e+07,8.721869e+14,3.641009e+17,6.554075e+15,0,84
1.475258e+08,3.981012e+15,2.744200e+18,1.024702e+17,1.196371e+08,8.265702e+15,1.181894e+19,1.258680e+18,5.666315e+07,8.225140e+14,7.140955e+17,4.035968e+15,0,97
1.449391e+08,5.980196e+15,5.110385e+18,2.959997e+17,1.188016e+08,1.071575e+16,7.623493e+18,8.104335e+17,4.147016e+07,6.839186e+14,2.434939e+17,3.690626e+15,0,74
1.586164e+08,6.294643e+15,5.601453e+18,2.851613e+17,1.289408e+08,1.196780e+16,9.972911e+18,1.018694e+18,4.961224e+07,8.864473e+14,3.958016e+17,1.548790e+16,1,104
1.716637e+08,7.184653e+15,6.342478e+18,5.327102e+17,1.381008e+08,1.400885e+16,1.218056e+19,1.502985e+18,5.334312e+07,1.330822e+15,2.323143e+17,9.800271e+14,1,88
1.462374e+08,5.482430e+15,2.824613e+18,1.525130e+17,1.220156e+08,9.710390e+15,1.103925e+19,1.431534e+18,4.798168e+07,7.564552e+14,3.410387e+17,3.660462e+15,0,80
1.692741e+08,5.589916e+15,1.572886e+18,1.172631e+17,1.360332e+08,1.165595e+16,1.184018e+19,1.250369e+18,6.131195e+07,1.151432e+15,5.645784e+17,3.916103e+16,0,34
1.185229e+08,3.025302e+15,1.900201e+18,8.427824e+16,9.738474e+07,5.807845e+15,6.239856e+18,5.370104e+17,4.238221e+07,4.548763e+14,4.152020e+17,1.360616e+16,1,92
1.351655e+08,4.650582e+15,2.376596e+18,1.497776e+17,1.133363e+08,8.113297e+15,6.280136e+18,3.896612e+17,4.517458e+07,5.457353e+14,4.307024e+17,4.947204e+16,0,25
1.294114e+08,4.385260e+15,4.431694e+18,3.098806e+17,1.073104e+08,7.864661e+15,7.801292e+18,8.413404e+17,4.109295e+07,4.974011e+14,2.323416e+17,6.828746e+15,0,70
1.839225e+08,7.199460e+15,6.504250e+18,4.262301e+17,1.465480e+08,1.501729e+16,1.258151e+19,1.139244e+18,6.171655e+07,1.397885e+15,5.838929e+17,2.288789e+16,0,3
1.213509e+08,3.663939e+15,2.770679e+18,2.321214e+17,1.037123e+08,6.224262e+15,9.114158e+18,1.026966e+18,4.324304e+07,3.596547e+14,2.786623e+17,1.071371e+16,0,59
1.138691e+08,2.852917e+15,2.779430e+18,1.662862e+17,9.770624e+07,4.963600e+15,7.236674e+18,5.061489e+17,4.429608e+07,3.012293e+14,4.675434e+17,2.146541e+16,2,81
1.434119e+08,4.865599e+15,4.306891e+18,3.873126e+17,1.189480e+08,9.087892e+15,1.062592e+19,1.309952e+18,4.920022e+07,8.134142e+14,2.497152e+17,3.968780e+15,2,61
1.352320e+08,2.821357e+15,1.109510e+18,3.782750e+16,1.096086e+08,6.243684e+15,7.663261e+18,5.184621e+17,5.650888e+07,6.576977e+14,8.790373e+17,8.032151e+16,2,64
1.903179e+08,8.351113e+15,6.590539e+18,2.004056e+17,1.528552e+08,1.657874e+16,1.709132e+19,2.211398e+18,6.156191e+07,1.640826e+15,5.784322e+17,2.890296e+16,0,95
1.600500e+08,5.986560e+15,3.832282e+18,1.450030e+17,1.289350e+08,1.186306e+16,9.062924e+18,8.327032e+17,5.159661e+07,9.722620e+14,4.907187e+17,1.267988e+16,0,0
1.894977e+08,9.237394e+15,9.085726e+18,6.638654e+17,1.525248e+08,1.774906e+16,1.482812e+19,1.833128e+18,5.644613e+07,1.652243e+15,2.443250e+17,1.497629e+15,1,49
1.786629e+08,7.445722e+15,4.476439e+18,2.351030e+17,1.437532e+08,1.503421e+16,1.318928e+19,1.635297e+18,5.751229e+07,1.389063e+15,5.051297e+17,7.493459e+15,3,62
1.064834e+08,2.728496e+15,2.190627e+18,1.675304e+17,8.877834e+07,4.892182e+15,5.500528e+18,5.227869e+17,3.666836e+07,3.140702e+14,2.786114e+17,6.636159e+15,0,53
1.321896e+08,2.606980e+15,3.707685e+18,2.062274e+17,1.058066e+08,6.046636e+15,7.971566e+18,5.473103e+17,5.477860e+07,7.101546e+14,6.616622e+17,5.470502e+16,1,33
1.434175e+08,6.576142e+15,4.228288e+18,2.756784e+17,1.200717e+08,1.091299e+16,6.577545e+18,6.392726e+17,3.898048e+07,5.460916e+14,2.090003e+17,6.420056e+15,0,79
1.435704e+08,4.096740e+15,2.831748e+18,1.781351e+17,1.164057e+08,8.525324e+15,9.814310e+18,1.149253e+18,5.240979e+07,8.630139e+14,3.873802e+17,2.868679e+15,0,92
1.326731e+08,3.568844e+15,2.915939e+18,9.872690e+16,1.068370e+08,7.433944e+15,8.217150e+18,9.010936e+17,4.711459e+07,6.715745e+14,4.304424e+17,3.137103e+15,1,82
1.749259e+08,6.122029e+15,4.140770e+18,1.766379e+17,1.420225e+08,1.239416e+16,1.574644e+19,2.204781e+18,6.379420e+07,1.729187e+15,5.140720e+17,5.082422e+15,1,90
1.211382e+08,3.355801e+15,1.845710e+18,1.015860e+17,1.007697e+08,6.184092e+15,7.273792e+18,8.260505e+17,4.284971e+07,4.829655e+14,3.099210e+17,3.418527e+15,2,58
1.479155e+08,3.910921e+15,2.198586e+18,6.646151e+16,1.186276e+08,8.421930e+15,9.026554e+18,9.738780e+17,5.614624e+07,1.019021e+15,5.899753e+17,1.914490e+16,0,39
1.314700e+08,4.929601e+15,2.309911e+18,1.184896e+17,1.107394e+08,8.374308e+15,6.747751e+18,6.164894e+17,4.053334e+07,4.305486e+14,3.388880e+17,5.482651e+15,2,68
1.569952e+08,4.599480e+15,4.570560e+18,2.410710e+17,1.235549e+08,1.031649e+16,1.069669e+19,1.176491e+18,5.574500e+07,1.156148e+15,4.627525e+17,5.842284e+15,2,71
1.276675e+08,2.957826e+15,2.946363e+18,2.763963e+17,1.049295e+08,5.955548e+15,9.680641e+18,1.106727e+18,5.054370e+07,6.418340e+14,3.559746e+17,1.624156e+16,0,17
1.201479e+08,2.769765e+15,2.758379e+18,6.228575e+16,9.842194e+07,5.536032e+15,7.299553e+18,5.662395e+17,4.579392e+07,5.037509e+14,6.102008e+17,1.500801e+16,1,96
1.298578e+08,3.766567e+15,2.600284e+18,1.559423e+17,1.074422e+08,7.042761e+15,6.579201e+18,4.354715e+17,4.611232e+07,5.315565e+14,4.863031e+17,5.226628e+16,3,77
1.238420e+08,2.818077e+15,1.172138e+18,1.381635e+17,1.012110e+08,5.749034e+15,6.676779e+18,6.875664e+17,4.815935e+07,5.750546e+14,4.003622e+17,2.920674e+16,2,75
1.963142e+08,8.027988e+15,4.696913e+18,6.486881e+17,1.562937e+08,1.680520e+16,1.554393e+19,1.896864e+18,6.669675e+07,1.761135e+15,3.336334e+17,6.836078e+16,3,63
1.146472e+08,3.440878e+15,3.393539e+18,2.607691e+17,1.001328e+08,5.333730e+15,8.699945e+18,7.962515e+17,4.161488e+07,2.110004e+14,3.198331e+17,1.791166e+16,2,67
1.315478e+08,3.103059e+15,1.998850e+18,6.054014e+16,1.069662e+08,6.445491e+15,9.220712e+18,8.688859e+17,5.126419e+07,6.065012e+14,6.398113e+17,8.632582e+15,3,97
1.517985e+08,5.674291e+15,3.495106e+18,2.138251e+17,1.251241e+08,1.053949e+16,9.329594e+18,9.800691e+17,4.979624e+07,7.148532e+14,4.072723e+17,6.070223e+15,0,73
1.348023e+08,2.882149e+15,1.993321e+18,9.058228e+16,1.090262e+08,6.317376e+15,9.218242e+18,1.031830e+18,5.535407e+07,7.498879e+14,5.221200e+17,1.067860e+16,2,94
1.281254e+08,2.776104e+15,2.751726e+18,1.118252e+17,1.024249e+08,6.158055e+15,6.792077e+18,5.046401e+17,4.974005e+07,6.821932e+14,5.861233e+17,3.580604e+16,1,87
1.665763e+08,6.251449e+15,6.239699e+18,3.644441e+17,1.356013e+08,1.215456e+16,1.491890e+19,2.013165e+18,5.659276e+07,1.246517e+15,3.763561e+17,6.588883e+15,0,15
9.940346e+07,2.290391e+15,1.018715e+18,5.349206e+16,8.492244e+07,3.891427e+15,4.784322e+18,3.117878e+17,3.706490e+07,2.141340e+14,3.878342e+17,3.683819e+16,0,38
1.421592e+08,5.137423e+15,2.893900e+18,2.578155e+17,1.188692e+08,9.241640e+15,8.759129e+18,8.176913e+17,4.719845e+07,5.525889e+14,4.116886e+17,1.614775e+16,2,72
1.413958e+08,3.965096e+15,3.475684e+18,1.857135e+17,1.139107e+08,8.225094e+15,9.572898e+18,1.160377e+18,5.096820e+07,8.279405e+14,3.929885e+17,1.972940e+15,0,48
1.593619e+08,6.522519e+15,3.468422e+18,1.439114e+17,1.318763e+08,1.200124e+16,9.667019e+18,9.316403e+17,5.114545e+07,7.701543e+14,5.421635e+17,5.433399e+15,0,99
1.945297e+08,7.586681e+15,7.906857e+18,3.170636e+17,1.528703e+08,1.669220e+16,1.628308e+19,1.938572e+18,6.577541e+07,1.815013e+15,6.793160e+17,1.767270e+16,0,100
1.492531e+08,6.106951e+15,5.962173e+18,4.690527e+17,1.234111e+08,1.083266e+16,1.120068e+19,1.278383e+18,4.526890e+07,7.240593e+14,2.086188e+17,1.733604e+15,2,60
1.480825e+08,5.724737e+15,3.469104e+18,1.927983e+17,1.226219e+08,1.026667e+16,9.058876e+18,9.590165e+17,4.696773e+07,6.765948e+14,3.480504e+17,8.238561e+15,0,23
1.756543e+08,8.460269e+15,6.599544e+18,5.000844e+17,1.429690e+08,1.562731e+16,1.245297e+19,1.512022e+18,5.099425e+07,1.262171e+15,2.280268e+17,1.282335e+15,0,49
1.475340e+08,3.322931e+15,2.217018e+18,2.036760e+17,1.191780e+08,7.403799e+15,1.129328e+19,1.410534e+18,6.154385e+07,1.095931e+15,4.250071e+17,2.196686e+16,0,94
1.098493e+08,2.316461e+15,1.246278e+18,4.861142e+16,9.120459e+07,4.462102e+15,6.057601e+18,4.581810e+17,4.309138e+07,3.476407e+14,5.010746e+17,2.863686e+16,1,38
1.300205e+08,3.398230e+15,2.572945e+18,1.357942e+17,1.056707e+08,6.958255e+15,7.632947e+18,7.533884e+17,4.737648e+07,5.975904e+14,4.104962e+17,1.131109e+16,3,92
1.160014e+08,2.809645e+15,2.664791e+18,1.255066e+17,9.747837e+07,5.191819e+15,7.241004e+18,6.030900e+17,4.447650e+07,3.533934e+14,4.169065e+17,1.215257e+16,3,81
1.792666e+08,7.475014e+15,7.010181e+18,4.523152e+17,1.422220e+08,1.524036e+16,1.139815e+19,1.281861e+18,5.582671e+07,1.396569e+15,3.608566e+17,4.320928e+15,0,88
1.010214e+08,2.441740e+15,2.057450e+18,1.198565e+17,8.812723e+07,3.971262e+15,5.882298e+18,4.203530e+17,3.875164e+07,1.903816e+14,3.401201e+17,1.933150e+16,1,81
1.400695e+08,4.986556e+15,3.078567e+18,1.429362e+17,1.146848e+08,9.250444e+15,8.570061e+18,1.009516e+18,4.408222e+07,6.953310e+14,3.141377e+17,7.181635e+14,1,69
1.040792e+08,2.345005e+15,2.746102e+18,2.393649e+17,8.899554e+07,4.031423e+15,5.915336e+18,3.916905e+17,4.063524e+07,2.514125e+14,3.420794e+17,4.364544e+16,0,54
1.284540e+08,4.316414e+15,2.255954e+18,1.036747e+17,1.077906e+08,7.456348e+15,7.655355e+18,7.662837e+17,4.210997e+07,4.434699e+14,3.907510e+17,5.576253e+15,1,56
1.282828e+08,3.177368e+15,1.786312e+18,7.213815e+16,1.075344e+08,6.530944e+15,7.711376e+18,7.052040e+17,5.116628e+07,4.314820e+14,6.036742e+17,1.845259e+16,0,85
1.345067e+08,4.376273e+15,3.014631e+18,1.525558e+17,1.107678e+08,8.075568e+15,6.892974e+18,5.948419e+17,4.464477e+07,5.635923e+14,3.834002e+17,1.950411e+16,3,47
1.216677e+08,3.228675e+15,2.325387e+18,1.923051e+17,1.011442e+08,6.059970e+15,8.063153e+18,9.403236e+17,4.434562e+07,5.050964e+14,3.390640e+17,2.184052e+15,0,58
1.172030e+08,2.465557e+15,2.928832e+18,2.295353e+17,9.626847e+07,5.000305e+15,6.546431e+18,4.767286e+17,4.661410e+07,4.492233e+14,4.073005e+17,4.479937e+16,2,54
1.348556e+08,4.290019e+15,2.940064e+18,2.278856e+17,1.149284e+08,7.298996e+15,1.138801e+19,1.448811e+18,4.944074e+07,6.484213e+14,2.610034e+17,2.857754e+15,3,55
1.207830e+08,3.279603e+15,1.677790e+18,7.482908e+16,9.988550e+07,6.110840e+15,7.143471e+18,7.810566e+17,4.261899e+07,4.736401e+14,3.242133e+17,4.090744e+15,1,58
8.203752e+07,1.581381e+15,1.378819e+18,9.314565e+16,7.532359e+07,2.155066e+15,3.656984e+18,7.037408e+16,3.563129e+07,2.141687e+14,3.818622e+17,8.676987e+16,0,2
1.491148e+08,4.852696e+15,5.556096e+18,2.056463e+17,1.203816e+08,9.789025e+15,9.389221e+18,9.317583e+17,5.072297e+07,8.425201e+14,4.856448e+17,1.454333e+16,1,46
1.860890e+08,8.776056e+15,7.442907e+18,4.294073e+17,1.515217e+08,1.648571e+16,1.588219e+19,1.961081e+18,5.785657e+07,1.525290e+15,3.372469e+17,1.291799e+16,0,101
1.614725e+08,6.536001e+15,5.466482e+18,3.778195e+17,1.311090e+08,1.237154e+16,1.191685e+19,1.434020e+18,5.026426e+07,1.033016e+15,2.888001e+17,6.852155e+13,0,43
1.061005e+08,1.854677e+15,1.760714e+18,9.275665e+16,8.742869e+07,3.826540e+15,6.130200e+18,5.178739e+17,4.439237e+07,3.488511e+14,3.994783e+17,2.133486e+16,0,42
1.510185e+08,4.325519e+15,2.289063e+18,8.758079e+16,1.211411e+08,9.143833e+15,1.059174e+19,1.249289e+18,5.539544e+07,1.047792e+15,4.999711e+17,1.421391e+15,2,93
1.647977e+08,6.385411e+15,5.396178e+18,2.766974e+17,1.340083e+08,1.226587e+16,1.347655e+19,1.717793e+18,5.409957e+07,1.163847e+15,3.826335e+17,8.874074e+15,0,103
1.540312e+08,4.348698e+15,2.629590e+18,6.551643e+16,1.249667e+08,9.025682e+15,1.053170e+19,9.399454e+17,5.906337e+07,8.463434e+14,8.292432e+17,3.263451e+16,2,85
1.013257e+08,2.653978e+15,1.508553e+18,6.562473e+16,8.598184e+07,4.449359e+15,4.366199e+18,2.819208e+17,3.463513e+07,2.549063e+14,3.027639e+17,2.984190e+16,1,77
1.201664e+08,2.834683e+15,2.267742e+18,9.206276e+16,9.920756e+07,5.540214e+15,6.936635e+18,5.081768e+17,4.598649e+07,4.417557e+14,5.366010e+17,3.336474e+16,1,91
1.142199e+08,2.562530e+15,2.319540e+18,1.154054e+17,9.594801e+07,4.761077e+15,5.765337e+18,2.770126e+17,4.540095e+07,4.513526e+14,5.891168e+17,7.352052e+16,2,87
1.679103e+08,6.576786e+15,5.277427e+18,2.558430e+17,1.347571e+08,1.308630e+16,1.205721e+19,1.353274e+18,5.368178e+07,1.121903e+15,4.290352e+17,4.031275e+15,1,43
1.699905e+08,6.528332e+15,6.234048e+18,3.272276e+17,1.348500e+08,1.346498e+16,1.113496e+19,1.263929e+18,5.405342e+07,1.255127e+15,4.086151e+17,7.277170e+15,3,88
1.746514e+08,6.729468e+15,5.008024e+18,3.555508e+17,1.414558e+08,1.343884e+16,1.445381e+19,1.711438e+18,5.943056e+07,1.318087e+15,4.198836e+17,3.560639e+15,1,45
1.393927e+08,4.324712e+15,3.267954e+18,9.636200e+16,1.129615e+08,8.490520e+15,7.942005e+18,7.596836e+17,4.725142e+07,6.988037e+14,4.977197e+17,1.648789e+16,3,102
1.502486e+08,5.333676e+15,3.769992e+18,1.966983e+17,1.232671e+08,1.001369e+16,1.126038e+19,1.362048e+18,5.024160e+07,9.174170e+14,3.710982e+17,3.139246e+15,0,52
1.141052e+08,2.757689e+15,1.923354e+18,9.295410e+16,9.316407e+07,5.389160e+15,5.974084e+18,5.672133e+17,4.074292e+07,4.386208e+14,3.731421e+17,7.631925e+15,1,53
1.722167e+08,5.367865e+15,3.285338e+18,1.368616e+17,1.364524e+08,1.192657e+16,1.297434e+19,1.322219e+18,6.318693e+07,1.300657e+15,8.578010e+17,1.068541e+16,1,34
1.761643e+08,6.601004e+15,6.696999e+18,4.000471e+17,1.397264e+08,1.407816e+16,1.334601e+19,1.607450e+18,5.850578e+07,1.396082e+15,5.597492e+17,1.915815e+16,1,100
1.161495e+08,2.828681e+15,1.758024e+18,7.622441e+16,9.501033e+07,5.541411e+15,6.261917e+18,5.841978e+17,4.183101e+07,4.508369e+14,3.853711e+17,5.945628e+15,1,93
7.269550e+08,2.831924e+16,6.727629e+17,1.787342e+17,3.296527e+08,5.278463e+16,7.465065e+19,8.568541e+18,4.979337e+08,1.898171e+17,7.989465e+18,6.475658e+17,2,73
1.376999e+08,3.247812e+15,1.292041e+18,1.485558e+17,1.118780e+08,6.900995e+15,8.149607e+18,8.629011e+17,5.493924e+07,7.873492e+14,4.597898e+17,4.224605e+16,0,75
1.400794e+08,4.186542e+15,3.255256e+18,1.823356e+17,1.123300e+08,8.609258e+15,7.962375e+18,7.697461e+17,4.764281e+07,7.719744e+14,3.531841e+17,6.423513e+15,2,83
1.364407e+08,4.246471e+15,3.861633e+18,1.916272e+17,1.098437e+08,8.444195e+15,8.175936e+18,8.651699e+17,4.467925e+07,7.133705e+14,3.325838e+17,3.166098e+15,1,83
1.317247e+08,4.512583e+15,2.552973e+18,1.238458e+17,1.095148e+08,7.985226e+15,7.212753e+18,7.198664e+17,4.237057e+07,5.174866e+14,3.157869e+17,1.196558e+16,0,47
1.556291e+08,4.203967e+15,3.522945e+18,8.070021e+16,1.250221e+08,9.108667e+15,1.166517e+19,9.048687e+17,6.019939e+07,1.029769e+15,1.077502e+18,2.886730e+16,1,36
1.683884e+08,7.273286e+15,6.045638e+18,4.513893e+17,1.358903e+08,1.395387e+16,9.308891e+18,9.617880e+17,5.061976e+07,1.056236e+15,2.765231e+17,6.597092e+15,0,1
1.439757e+08,4.839991e+15,3.065141e+18,3.117019e+17,1.220584e+08,8.385126e+15,1.206925e+19,1.532753e+18,5.254313e+07,7.748677e+14,2.396117e+17,7.181261e+15,2,55
1.503932e+08,5.952583e+15,6.516478e+18,6.644985e+17,1.249680e+08,1.053276e+16,1.208027e+19,1.424220e+18,4.782191e+07,7.070755e+14,1.574784e+17,7.688580e+15,3,76
1.544311e+08,4.989121e+15,2.583898e+18,8.873319e+16,1.263817e+08,9.831443e+15,1.188688e+19,1.574678e+18,5.574809e+07,1.112880e+15,5.041403e+17,1.412388e+15,0,65
2.045717e+08,9.732117e+15,7.711278e+18,9.552393e+17,1.646684e+08,1.921413e+16,1.774714e+19,2.149413e+18,6.614943e+07,1.827418e+15,2.899202e+17,2.126677e+16,0,104
1.721260e+08,5.970485e+15,5.401693e+18,2.908105e+17,1.373221e+08,1.255262e+16,1.332116e+19,1.525824e+18,6.010890e+07,1.315447e+15,5.328562e+17,3.253286e+15,0,6
1.267660e+08,3.237881e+15,3.396961e+18,2.929747e+17,1.034553e+08,6.419332e+15,7.186501e+18,7.083460e+17,4.667564e+07,5.804348e+14,3.106964e+17,1.998113e+16,0,51
1.693054e+08,6.615469e+15,4.782203e+18,2.259676e+17,1.372054e+08,1.287737e+16,1.008392e+19,1.038234e+18,5.587335e+07,1.064451e+15,4.915515e+17,1.166002e+16,1,98
1.480886e+08,5.483567e+15,3.002264e+18,1.765206e+17,1.232735e+08,9.784030e+15,1.150441e+19,1.506376e+18,4.923703e+07,7.987368e+14,3.562092e+17,3.580791e+15,1,80
1.499520e+08,4.936779e+15,4.315022e+18,2.796789e+17,1.205961e+08,9.920385e+15,9.971689e+18,1.120776e+18,5.049530e+07,9.140923e+14,3.408838e+17,4.869717e+15,0,71
1.058770e+08,2.141115e+15,1.737450e+18,9.701135e+16,8.867411e+07,4.118139e+15,5.156951e+18,3.006470e+17,4.240570e+07,3.327137e+14,5.136899e+17,4.216404e+16,1,78
1.672843e+08,5.629981e+15,3.788481e+18,1.535891e+17,1.360894e+08,1.128507e+16,1.476428e+19,2.065918e+18,6.105792e+07,1.564992e+15,5.247828e+17,6.419005e+15,0,90
1.554438e+08,5.975599e+15,4.384767e+18,4.267325e+17,1.278396e+08,1.099914e+16,1.029383e+19,1.177794e+18,5.057990e+07,8.682544e+14,2.568534e+17,1.225688e+16,3,57
2.218223e+08,1.066360e+16,6.941296e+18,2.717932e+17,1.774384e+08,2.183101e+16,2.183084e+19,2.782275e+18,7.417638e+07,2.549341e+15,6.739145e+17,1.879990e+16,0,20
1.403312e+08,4.670326e+15,4.265267e+18,2.653395e+17,1.148067e+08,8.894086e+15,9.557290e+18,1.108206e+18,4.650569e+07,7.690462e+14,2.668571e+17,2.656334e+15,2,57
1.882984e+08,7.216070e+15,6.449880e+18,3.602271e+17,1.504699e+08,1.518497e+16,1.736046e+19,2.217033e+18,6.552361e+07,1.741439e+15,5.333976e+17,5.437544e+15,2,103
1.717686e+08,7.412099e+15,5.878316e+18,4.140329e+17,1.381131e+08,1.433517e+16,1.124522e+19,1.332781e+18,5.207503e+07,1.221691e+15,2.777364e+17,1.955035e+15,2,88
1.151167e+08,3.262881e+15,2.245129e+18,9.918583e+16,9.473818e+07,6.052165e+15,5.599837e+18,5.621529e+17,3.761994e+07,4.158301e+14,2.687192e+17,1.546015e+15,0,82
1.202215e+08,2.813093e+15,2.065231e+18,1.520945e+17,9.943625e+07,5.468063e+15,8.619214e+18,1.024682e+18,4.640715e+07,5.277195e+14,3.077217e+17,5.507719e+15,3,50
1.201487e+08,2.649582e+15,1.939529e+18,8.654866e+16,9.763070e+07,5.474195e+15,6.649984e+18,6.124802e+17,4.616300e+07,5.347854e+14,4.182338e+17,1.644476e+16,0,35
1.521305e+08,3.725257e+15,1.852499e+18,1.432924e+17,1.247386e+08,7.880310e+15,9.969941e+18,7.592710e+17,6.371164e+07,7.514030e+14,8.626959e+17,1.192488e+17,1,85
1.729224e+08,7.454966e+15,7.389375e+18,5.312651e+17,1.407137e+08,1.418555e+16,1.508153e+19,1.831563e+18,5.437965e+07,1.272446e+15,2.913653e+17,1.515880e+15,0,89
1.441235e+08,4.569484e+15,2.673102e+18,9.876200e+16,1.173190e+08,8.910760e+15,9.402354e+18,1.054814e+18,4.978435e+07,7.994278e+14,4.544034e+17,1.793167e+15,2,56
1.664462e+08,7.203313e+15,5.842630e+18,4.387685e+17,1.351761e+08,1.356005e+16,1.060439e+19,1.165782e+18,5.031956e+07,1.012998e+15,2.978135e+17,3.909627e+15,1,79
1.337254e+08,4.307600e+15,3.403144e+18,1.334167e+17,1.090888e+08,8.171712e+15,7.140203e+18,6.769289e+17,4.345982e+07,6.203216e+14,4.129426e+17,2.934793e+15,0,69
1.233831e+08,2.885199e+15,2.868536e+18,5.914206e+16,1.004096e+08,5.871964e+15,7.155906e+18,5.434232e+17,4.675535e+07,5.628130e+14,6.250758e+17,1.979788e+16,2,96
1.255337e+08,2.847488e+15,2.878328e+18,1.474294e+17,1.021897e+08,5.891295e+15,6.698160e+18,4.322334e+17,4.889633e+07,5.939880e+14,5.822929e+17,4.961122e+16,0,87
1.346507e+08,5.079413e+15,3.111864e+18,4.298318e+17,1.153842e+08,8.512890e+15,1.060925e+19,1.405172e+18,4.417256e+07,5.864885e+14,2.034352e+17,2.418478e+16,0,21
1.492752e+08,5.036693e+15,5.631915e+18,2.673862e+17,1.207467e+08,1.000524e+16,9.587314e+18,9.842333e+17,4.978712e+07,8.163108e+14,4.230259e+17,7.851250e+15,0,46
1.614408e+08,6.576414e+15,5.791556e+18,3.002161e+17,1.312607e+08,1.244999e+16,1.245575e+19,1.454268e+18,5.022371e+07,1.000104e+15,3.378065e+17,6.265180e+15,1,89
1.712109e+08,7.293326e+15,7.111510e+18,5.606114e+17,1.388508e+08,1.387822e+16,1.371294e+19,1.642212e+18,5.346268e+07,1.228123e+15,2.438680e+17,7.925882e+14,1,60
1.301946e+08,3.785561e+15,2.114294e+18,1.771268e+17,1.070417e+08,7.175616e+15,7.671985e+18,7.873237e+17,4.557885e+07,5.554657e+14,2.959216e+17,1.927518e+16,1,37
1.485114e+08,5.835166e+15,5.529242e+18,5.298741e+17,1.234318e+08,1.028566e+16,1.157519e+19,1.373842e+18,4.710128e+07,6.920874e+14,1.829582e+17,5.683263e+15,1,76
1.022027e+08,2.841142e+15,2.940672e+18,2.209379e+17,9.020833e+07,4.303910e+15,6.844790e+18,5.968573e+17,3.690998e+07,1.444419e+14,2.597537e+17,1.251762e+16,3,67
1.437340e+08,3.519148e+15,3.455808e+18,2.777927e+17,1.151052e+08,7.911172e+15,1.011304e+19,1.005531e+18,5.582725e+07,8.311851e+14,5.617246e+17,1.729608e+16,0,44
1.944443e+08,9.229814e+15,8.738482e+18,5.060311e+17,1.578728e+08,1.761069e+16,1.859334e+19,2.322005e+18,6.188337e+07,1.747323e+15,4.355347e+17,2.014920e+16,1,101
1.407966e+08,5.195894e+15,4.248238e+18,2.090040e+17,1.138311e+08,9.831310e+15,7.099065e+18,7.884480e+17,4.174931e+07,7.326201e+14,2.456136e+17,6.170628e+15,1,74
1.441208e+08,5.586974e+15,4.801816e+18,2.849520e+17,1.174442e+08,1.033109e+16,8.029246e+18,8.832538e+17,4.275491e+07,7.158012e+14,2.558775e+17,4.217167e+15,2,74
1.494467e+08,4.974491e+15,3.840520e+18,2.229104e+17,1.216920e+08,9.700930e+15,7.927972e+18,6.294098e+17,5.117650e+07,7.880945e+14,4.854978e+17,2.902400e+16,1,25
1.437513e+08,3.340118e+15,2.697327e+18,2.142190e+17,1.176105e+08,7.060552e+15,1.167119e+19,1.452735e+18,5.983500e+07,9.538723e+14,5.199654e+17,9.113642e+15,3,94
1.249774e+08,4.233430e+15,1.951124e+18,1.053316e+17,1.052508e+08,7.192324e+15,6.130779e+18,4.914947e+17,4.022071e+07,4.221037e+14,3.570842e+17,1.422248e+16,1,68
1.045983e+08,2.850456e+15,1.208052e+18,5.148691e+16,8.908782e+07,4.775261e+15,5.843307e+18,6.292168e+17,3.569944e+07,2.611367e+14,2.587099e+17,2.754097e+15,3,58
1.723912e+08,7.301078e+15,4.640086e+18,3.463355e+17,1.408141e+08,1.376306e+16,1.436666e+19,1.879467e+18,5.538087e+07,1.213635e+15,3.063000e+17,3.726888e+15,0,31
1.361380e+08,4.721551e+15,3.238037e+18,1.798276e+17,1.128858e+08,8.476452e+15,9.290145e+18,1.087169e+18,4.423030e+07,6.362297e+14,3.172335e+17,1.797463e+15,3,52
1.219457e+08,2.600332e+15,2.477276e+18,2.165350e+17,9.854766e+07,5.576194e+15,6.416124e+18,5.109346e+17,4.755739e+07,5.475233e+14,4.093383e+17,4.618061e+16,0,33
1.806072e+08,6.410123e+15,4.582564e+18,1.324848e+17,1.461371e+08,1.311922e+16,1.681651e+19,2.358843e+18,6.609073e+07,1.891965e+15,6.373472e+17,1.848650e+16,2,90
1.076717e+08,1.988767e+15,1.727697e+18,1.239911e+17,8.906080e+07,4.028201e+15,6.117271e+18,5.128112e+17,4.447901e+07,3.467047e+14,4.022957e+17,3.086786e+16,1,42
1.374362e+08,3.693465e+15,3.132765e+18,3.240162e+17,1.141858e+08,7.054208e+15,1.198208e+19,1.583796e+18,5.344747e+07,8.509670e+14,2.942565e+17,2.100935e+16,1,50
1.454289e+08,4.387519e+15,3.327988e+18,1.217094e+17,1.171429e+08,8.947021e+15,8.241585e+18,7.187636e+17,5.102057e+07,8.138364e+14,5.639634e+17,2.161860e+16,1,102
6.545968e+08,1.445489e+16,1.809182e+18,5.478621e+16,3.130515e+08,4.991090e+16,6.579544e+19,7.571447e+18,4.330866e+08,1.384457e+17,4.681092e+18,2.432376e+17,3,73
1.056045e+08,2.541131e+15,1.822369e+18,6.531315e+16,8.813018e+07,4.618060e+15,4.588708e+18,2.816014e+17,3.772059e+07,3.356765e+14,3.855857e+17,3.194203e+16,2,77
1.586709e+08,5.280899e+15,2.189899e+18,1.055851e+17,1.301103e+08,1.040054e+16,1.231503e+19,1.580732e+18,5.744054e+07,1.113558e+15,5.091729e+17,1.126886e+14,3,65
1.392737e+08,4.456728e+15,4.051321e+18,3.523177e+17,1.142199e+08,8.723586e+15,9.462364e+18,1.109373e+18,4.756219e+07,7.521633e+14,3.092147e+17,8.286227e+14,0,57
1.391839e+08,3.706527e+15,3.562364e+18,2.865933e+17,1.125380e+08,7.709521e+15,8.463778e+18,8.644796e+17,5.167869e+07,7.919272e+14,3.065001e+17,1.896459e+16,1,51
1.272626e+08,3.283137e+15,2.700714e+18,2.181101e+17,1.044382e+08,6.485357e+15,7.513655e+18,8.036380e+17,4.713958e+07,5.702348e+14,3.068469e+17,2.017210e+16,3,51
1.290776e+08,3.484393e+15,1.566913e+18,9.883293e+16,1.084973e+08,6.337829e+15,9.510130e+18,1.237662e+18,4.948124e+07,6.854606e+14,3.935385e+17,3.063415e+15,0,66
1.747602e+08,7.530686e+15,7.241514e+18,7.139384e+17,1.414814e+08,1.449354e+16,1.372194e+19,1.634061e+18,5.470196e+07,1.237454e+15,2.578285e+17,2.170232e+15,0,60
1.643451e+08,5.964083e+15,3.566201e+18,1.881675e+17,1.308701e+08,1.229341e+16,1.084580e+19,1.330376e+18,5.367385e+07,1.185430e+15,4.086619e+17,1.638551e+14,2,12
1.295249e+08,3.880337e+15,1.830888e+18,1.264617e+17,1.099349e+08,6.704548e+15,9.233443e+18,1.202409e+18,4.765399e+07,7.139856e+14,2.963006e+17,4.856827e+15,1,66
1.657011e+08,6.633292e+15,5.039730e+18,1.326976e+17,1.340001e+08,1.289723e+16,1.236203e+19,1.518547e+18,5.260741e+07,1.055819e+15,5.361614e+17,2.244021e+16,2,95
1.483796e+08,3.630712e+15,3.555653e+18,2.125337e+17,1.182845e+08,8.258959e+15,1.105829e+19,1.124128e+18,5.804757e+07,9.230904e+14,6.505795e+17,1.586033e+16,1,44
1.333215e+08,2.794978e+15,2.755276e+18,1.456180e+17,1.061471e+08,6.401942e+15,6.781773e+18,4.250440e+17,5.340521e+07,8.047839e+14,6.339530e+17,6.569790e+16,3,87
1.635637e+08,5.523086e+15,4.757324e+18,3.062315e+17,1.308753e+08,1.147722e+16,1.242615e+19,1.452217e+18,5.655790e+07,1.185123e+15,4.171840e+17,3.645869e+15,1,71
1.835183e+08,9.500314e+15,8.431564e+18,4.724087e+17,1.487901e+08,1.748774e+16,1.118598e+19,1.262142e+18,5.133108e+07,1.206137e+15,3.368158e+17,1.059385e+16,2,86
1.371302e+08,3.770340e+15,2.581773e+18,1.580948e+17,1.111539e+08,7.631893e+15,9.024421e+18,1.009637e+18,4.984404e+07,7.442954e+14,3.807404e+17,5.305954e+15,0,37
1.497507e+08,5.543452e+15,3.235467e+18,3.052424e+17,1.231758e+08,1.034462e+16,9.681979e+18,1.131109e+18,4.873365e+07,8.030616e+14,2.679652e+17,9.764943e+15,1,41
1.438918e+08,4.493309e+15,3.461929e+18,1.738109e+17,1.161028e+08,8.976261e+15,9.699839e+18,1.165976e+18,4.916372e+07,8.311976e+14,3.602459e+17,1.925000e+14,3,82
1.709010e+08,7.230740e+15,6.710249e+18,4.023277e+17,1.387524e+08,1.377204e+16,1.470667e+19,1.811600e+18,5.372118e+07,1.271778e+15,3.181009e+17,3.225715e+15,2,89
1.330538e+08,3.391319e+15,2.953374e+18,2.273604e+17,1.103106e+08,6.558562e+15,1.137113e+19,1.476484e+18,5.208587e+07,7.626118e+14,3.587798e+17,8.385997e+15,0,50
1.835472e+08,8.450321e+15,9.091421e+18,6.293300e+17,1.494762e+08,1.602760e+16,1.612440e+19,1.999554e+18,5.755186e+07,1.521764e+15,3.112724e+17,1.230905e+16,2,101
1.901825e+08,8.204628e+15,6.251772e+18,6.375251e+17,1.524895e+08,1.645500e+16,1.484579e+19,1.893906e+18,6.194137e+07,1.767616e+15,2.563832e+17,7.086217e+15,0,29
1.177738e+08,3.018926e+15,2.717968e+18,1.659401e+17,1.002951e+08,5.335964e+15,7.714221e+18,6.179976e+17,4.536882e+07,3.257045e+14,4.172618e+17,2.291256e+16,0,81
1.360629e+08,3.524453e+15,1.871688e+18,5.290773e+16,1.106684e+08,7.190898e+15,9.508969e+18,1.033198e+18,5.139956e+07,6.914121e+14,5.848906e+17,2.908428e+15,1,97
1.044260e+08,2.970843e+15,2.775257e+18,2.022697e+17,9.258334e+07,4.379924e+15,7.281074e+18,6.172954e+17,3.832445e+07,1.453510e+14,2.883070e+17,2.025877e+16,1,67
1.352539e+08,2.653667e+15,1.972528e+18,1.807374e+17,1.075780e+08,6.324453e+15,8.518642e+18,8.946664e+17,5.607061e+07,8.021516e+14,5.114432e+17,3.937745e+16,0,78
1.452078e+08,2.981125e+15,2.162597e+18,2.509229e+17,1.150199e+08,7.174218e+15,9.514720e+18,9.646735e+17,6.050895e+07,9.478004e+14,5.619313e+17,7.436786e+16,2,78
1.352485e+08,4.908557e+15,3.045417e+18,2.460165e+17,1.130991e+08,8.507352e+15,7.715940e+18,7.743639e+17,4.305482e+07,5.190418e+14,2.451374e+17,1.537709e+16,2,47
1.302886e+08,4.304329e+15,2.508902e+18,1.385366e+17,1.063592e+08,8.091355e+15,7.131629e+18,8.233587e+17,4.083479e+07,5.949793e+14,2.324264e+17,1.110667e+14,2,63
1.671760e+08,6.884750e+15,3.809345e+18,2.506514e+17,1.376240e+08,1.266932e+16,1.176136e+19,1.141313e+18,5.465042e+07,8.853737e+14,5.656072e+17,1.637987e+16,0,72
1.256463e+08,3.136100e+15,1.577740e+18,1.312219e+17,1.052666e+08,5.826645e+15,8.310494e+18,8.186873e+17,4.932705e+07,4.672115e+14,4.609355e+17,3.534598e+16,0,9
1.384036e+08,3.561835e+15,2.114083e+18,6.140168e+16,1.132107e+08,7.310194e+15,8.715957e+18,7.984787e+17,5.353268e+07,6.422413e+14,6.579603e+17,2.539821e+16,3,85
1.458219e+08,5.032042e+15,5.050712e+18,3.561555e+17,1.182909e+08,9.672524e+15,9.486078e+18,1.058137e+18,4.754677e+07,7.989285e+14,2.614021e+17,7.351586e+15,2,70
1.231359e+08,4.424841e+15,2.637966e+18,2.802750e+17,1.079793e+08,6.723858e+15,9.482764e+18,9.697832e+17,4.147473e+07,2.479961e+14,2.486736e+17,2.396576e+16,2,59
1.491163e+08,5.930317e+15,3.348706e+18,2.581179e+17,1.215732e+08,1.099396e+16,8.279807e+18,9.967413e+17,4.459469e+07,7.986724e+14,2.320855e+17,3.167861e+15,1,12
1.506755e+08,5.070187e+15,3.608457e+18,2.564638e+17,1.214340e+08,1.010688e+16,9.229654e+18,9.030642e+17,5.022881e+07,8.552052e+14,3.574169e+17,1.255391e+16,3,83
1.657135e+08,6.765254e+15,4.618670e+18,2.209271e+17,1.333364e+08,1.314750e+16,1.084966e+19,1.262502e+18,5.112073e+07,1.104697e+15,4.208380e+17,4.229410e+15,0,62
1.071459e+08,1.821846e+15,8.124883e+17,3.656451e+16,8.781393e+07,3.855070e+15,5.526161e+18,5.182284e+17,4.513134e+07,3.936751e+14,4.930875e+17,2.600123e+16,3,64
1.412028e+08,4.973724e+15,3.786449e+18,2.603356e+17,1.159461e+08,9.254901e+15,9.182490e+18,1.046360e+18,4.543278e+07,6.713104e+14,3.204586e+17,1.529872e+15,2,69
1.403007e+08,4.714630e+15,3.402326e+18,2.217134e+17,1.150064e+08,8.843588e+15,8.029449e+18,8.302711e+17,4.636495e+07,6.816068e+14,3.076388e+17,1.051944e+16,1,47
1.251081e+08,2.677899e+15,1.336466e+18,1.465691e+17,1.027482e+08,5.616952e+15,7.270828e+18,7.867188e+17,5.112487e+07,6.383184e+14,4.098836e+17,2.553218e+16,1,75
1.316112e+08,4.454867e+15,3.318117e+18,3.649026e+17,1.133398e+08,7.258372e+15,1.181247e+19,1.365081e+18,4.659506e+07,4.290598e+14,2.914358e+17,2.445525e+16,1,59
1.712878e+08,6.621446e+15,3.905189e+18,4.345369e+17,1.381491e+08,1.379403e+16,1.172025e+19,1.459496e+18,5.677948e+07,1.198630e+15,3.602299e+17,1.720443e+16,0,12
1.272985e+08,4.842990e+15,3.894314e+18,4.079217e+17,1.077225e+08,7.960467e+15,7.036845e+18,6.860593e+17,3.814008e+07,3.847146e+14,1.408334e+17,1.726335e+16,0,40
1.110509e+08,2.034545e+15,8.469628e+17,9.903455e+15,9.112383e+07,4.236797e+15,5.647258e+18,3.616091e+17,4.602484e+07,4.074317e+14,7.146387e+17,4.297839e+16,0,64
1.311279e+08,3.234399e+15,1.797879e+18,8.219656e+16,1.083854e+08,6.336283e+15,9.462892e+18,1.153353e+18,5.152895e+07,7.109223e+14,5.158529e+17,3.227319e+15,3,66
1.391224e+08,5.004748e+15,2.907176e+18,1.957558e+17,1.155482e+08,8.930964e+15,8.141518e+18,7.672236e+17,4.481338e+07,5.576130e+14,4.009149e+17,1.246044e+16,1,72
1.038274e+08,2.185489e+15,1.863391e+18,8.716047e+16,8.670450e+07,4.078460e+15,4.905238e+18,2.926697e+17,3.997541e+07,3.240006e+14,4.212501e+17,3.099971e+16,0,4
1.175109e+08,2.975745e+15,2.136480e+18,1.778347e+17,9.807926e+07,5.489881e+15,8.166478e+18,9.718597e+17,4.354540e+07,4.679638e+14,2.425387e+17,4.413403e+15,2,50
1.477138e+08,5.047248e+15,4.264061e+18,4.752714e+17,1.215950e+08,9.639022e+15,1.026912e+19,1.238174e+18,5.076336e+07,8.768422e+14,2.509479e+17,6.883325e+15,0,61
1.738256e+08,7.080665e+15,7.917103e+18,7.488428e+17,1.400121e+08,1.395060e+16,1.405906e+19,1.687582e+18,5.586726e+07,1.382510e+15,2.128128e+17,3.204043e+15,3,60
1.309492e+08,3.070873e+15,1.076957e+18,1.022578e+17,1.066527e+08,6.355722e+15,7.168679e+18,7.593744e+17,5.124423e+07,7.041814e+14,3.861455e+17,3.431724e+16,3,75
1.505935e+08,6.085070e+15,3.315750e+18,1.373737e+17,1.229077e+08,1.124616e+16,8.364307e+18,9.139886e+17,4.490786e+07,7.830381e+14,3.476859e+17,2.038750e+15,1,62
1.360851e+08,5.510051e+15,2.218251e+18,1.854313e+17,1.158960e+08,8.905357e+15,9.393397e+18,1.225539e+18,4.173475e+07,5.411146e+14,2.320207e+17,5.540142e+15,2,80
1.359248e+08,2.993716e+15,2.725731e+18,1.424951e+17,1.087121e+08,6.744935e+15,9.149014e+18,8.977979e+17,5.400174e+07,7.724650e+14,5.492412e+17,1.779624e+16,0,91
1.700428e+08,6.798507e+15,4.244071e+18,1.113762e+17,1.371088e+08,1.335843e+16,1.339279e+19,1.681771e+18,5.467464e+07,1.183830e+15,5.221422e+17,2.408273e+16,1,95
1.767683e+08,7.131823e+15,5.933637e+18,3.496784e+17,1.433966e+08,1.398979e+16,1.530375e+19,1.945679e+18,5.894771e+07,1.374505e+15,4.145602e+17,4.588546e+15,1,103
1.181416e+08,3.999057e+15,2.060057e+18,8.820892e+16,1.003857e+08,6.559918e+15,6.820850e+18,6.477971e+17,3.714840e+07,3.155743e+14,3.150877e+17,5.118929e+15,0,68
1.795197e+08,7.007980e+15,6.578099e+18,5.105692e+17,1.430922e+08,1.457319e+16,1.363785e+19,1.538623e+18,5.937879e+07,1.417453e+15,3.952117e+17,9.144327e+15,2,104
1.513799e+08,5.493351e+15,4.064855e+18,2.638083e+17,1.239870e+08,1.042834e+16,1.070683e+19,1.289903e+18,4.988565e+07,9.418987e+14,3.574249e+17,3.906899e+15,2,52
1.718781e+08,7.399868e+15,7.338571e+18,5.713927e+17,1.402406e+08,1.399576e+16,1.498728e+19,1.848206e+18,5.427193e+07,1.287130e+15,2.800070e+17,1.170476e+15,3,89
1.502929e+08,4.942592e+15,3.191390e+18,1.911560e+17,1.222956e+08,9.684616e+15,9.922139e+18,1.119201e+18,5.201358e+07,8.508994e+14,4.096885e+17,5.058810e+15,0,30
1.744131e+08,7.215825e+15,5.982845e+18,4.157786e+17,1.405559e+08,1.411411e+16,1.295097e+19,1.446407e+18,5.561034e+07,1.217629e+15,3.308761e+17,8.714204e+15,3,104
1.498059e+08,5.274251e+15,3.709056e+18,3.164574e+17,1.222279e+08,1.014255e+16,9.592039e+18,1.016311e+18,4.961911e+07,7.836971e+14,2.996934e+17,1.063851e+16,0,45
1.464581e+08,5.788305e+15,6.027655e+18,4.794901e+17,1.216710e+08,1.020553e+16,1.054303e+19,1.161727e+18,4.561595e+07,6.530531e+14,2.251142e+17,5.313206e+15,1,70
1.541894e+08,6.355523e+15,2.985347e+18,1.208086e+17,1.280287e+08,1.126265e+16,8.795337e+18,8.261149e+17,4.834433e+07,7.041096e+14,4.822341e+17,9.122089e+15,1,99
1.711216e+08,6.414873e+15,5.220805e+18,2.556074e+17,1.376349e+08,1.288744e+16,1.090192e+19,1.203334e+18,5.760009e+07,1.187828e+15,5.262588e+17,8.049829e+15,2,98
1.146535e+08,3.057225e+15,1.117951e+18,1.086073e+17,9.750521e+07,5.259888e+15,6.412118e+18,6.475643e+17,4.221348e+07,3.165236e+14,3.303589e+17,2.753093e+16,0,19
1.197798e+08,3.562113e+15,2.700059e+18,1.078032e+17,9.899568e+07,6.494992e+15,5.751492e+18,4.890033e+17,3.937004e+07,4.616480e+14,3.481255e+17,4.261199e+15,3,69
1.850687e+08,4.789828e+15,5.168234e+18,3.912348e+17,1.459190e+08,1.185328e+16,1.719352e+19,1.670494e+18,7.674196e+07,1.615399e+15,9.182825e+17,6.550193e+16,0,24
1.344500e+08,4.936869e+15,4.364707e+18,3.160532e+17,1.122821e+08,8.544971e+15,8.355748e+18,8.447134e+17,4.207801e+07,4.939635e+14,2.390862e+17,1.088268e+16,3,70
1.640909e+08,6.039843e+15,5.904978e+18,3.027443e+17,1.310332e+08,1.238942e+16,1.154225e+19,1.369653e+18,5.336585e+07,1.171629e+15,4.523404e+17,1.478416e+16,2,100
1.789080e+08,7.408948e+15,6.700257e+18,3.923140e+17,1.457540e+08,1.422142e+16,1.645227e+19,2.114442e+18,5.968220e+07,1.488276e+15,3.996359e+17,5.099798e+15,3,103
1.272052e+08,2.987631e+15,2.049871e+18,6.180542e+16,1.025288e+08,6.290648e+15,7.480728e+18,6.851137e+17,4.789155e+07,6.104178e+14,5.243308e+17,1.088082e+16,0,93
1.606116e+08,4.879650e+15,4.869944e+18,2.787737e+17,1.267848e+08,1.075150e+16,1.176291e+19,1.379121e+18,5.693038e+07,1.263822e+15,4.227416e+17,3.401671e+15,3,71
1.229561e+08,3.407131e+15,2.419597e+18,2.932534e+17,1.010055e+08,6.490165e+15,7.167420e+18,8.066385e+17,4.273652e+07,5.101933e+14,2.921427e+17,4.410853e+15,3,53
1.010517e+08,2.187360e+15,1.539877e+18,1.606134e+17,8.637458e+07,3.792466e+15,4.547978e+18,2.335436e+17,3.961939e+07,2.605092e+14,3.241669e+17,8.583816e+16,3,54
1.695393e+08,6.680057e+15,6.014438e+18,3.210685e+17,1.360521e+08,1.340474e+16,1.219717e+19,1.420078e+18,5.435604e+07,1.162328e+15,4.871750e+17,1.184462e+16,3,100
1.105235e+08,2.765748e+15,2.212849e+18,1.010935e+17,9.213571e+07,5.085662e+15,5.134567e+18,3.295063e+17,3.964746e+07,3.652555e+14,4.052277e+17,2.973343e+16,0,77
1.449068e+08,4.562746e+15,3.473700e+18,2.041024e+17,1.179768e+08,8.957646e+15,1.019953e+19,1.243673e+18,5.046655e+07,7.997065e+14,3.684583e+17,8.440265e+14,2,48
1.601828e+08,6.788687e+15,5.740521e+18,3.060072e+17,1.299557e+08,1.269404e+16,1.059124e+19,1.267779e+18,4.757681e+07,9.894454e+14,2.903325e+17,7.250390e+15,3,74
1.311184e+08,3.876862e+15,2.489654e+18,9.987217e+16,1.070028e+08,7.457551e+15,7.096824e+18,6.318411e+17,4.476617e+07,5.908456e+14,4.370758e+17,1.137317e+16,0,41
1.236770e+08,4.059348e+15,2.327858e+18,7.787304e+16,1.021665e+08,7.264229e+15,6.170457e+18,5.878452e+17,3.845775e+07,4.643451e+14,3.302971e+17,6.630469e+15,3,84
1.440215e+08,4.465964e+15,3.352290e+18,1.778266e+17,1.170078e+08,8.827536e+15,9.667301e+18,1.041185e+18,5.018288e+07,7.456917e+14,4.244194e+17,4.990861e+15,0,7
1.324676e+08,3.472228e+15,2.318879e+18,8.140553e+16,1.071216e+08,7.219444e+15,8.164989e+18,9.615053e+17,4.821734e+07,7.283136e+14,4.692023e+17,1.342118e+15,2,65
1.189183e+08,3.469193e+15,2.452612e+18,1.042864e+17,1.005389e+08,5.971481e+15,6.389096e+18,4.377081e+17,4.168179e+07,3.732212e+14,4.736977e+17,2.639950e+16,0,5
2.061705e+08,1.055752e+16,8.870575e+18,6.168417e+17,1.652395e+08,2.069965e+16,1.714218e+19,2.080552e+18,6.251889e+07,1.955545e+15,3.374773e+17,1.659231e+15,2,49
