2.039424e+07,5.446693e+13,1.927109e+19,3.310312e+07,1.577219e+14,1.682812e+20,3.583713e+07,1.446952e+14,1.461207e+20,2.129503e+07,5.102128e+13,2.503791e+19,3,72
1.992959e+07,5.065796e+13,1.232808e+19,2.830965e+07,1.091678e+14,1.034089e+20,2.936355e+07,1.294207e+14,1.301065e+20,1.687948e+07,4.524356e+13,3.156408e+19,3,93
2.310521e+07,5.529419e+13,9.150287e+18,3.878152e+07,1.263661e+14,1.054450e+20,3.849578e+07,1.508966e+14,1.441728e+20,1.939516e+07,5.114595e+13,2.784774e+19,0,26
1.651517e+07,3.901613e+13,1.311912e+19,2.845285e+07,1.160141e+14,9.631221e+19,3.278629e+07,1.151410e+14,9.342094e+19,1.715969e+07,4.005169e+13,2.130575e+19,3,96
1.765820e+07,5.122494e+13,2.085878e+19,3.045158e+07,1.253904e+14,1.185374e+20,3.542636e+07,1.585747e+14,1.732563e+20,1.774869e+07,5.323267e+13,3.651097e+19,1,55
2.396180e+07,7.298339e+13,1.805209e+19,3.225429e+07,1.097676e+14,9.371312e+19,3.332659e+07,1.326131e+14,1.263487e+20,1.647946e+07,4.397586e+13,2.980680e+19,3,90
2.043632e+07,4.727989e+13,9.603198e+18,2.782688e+07,1.075829e+14,9.342463e+19,3.382666e+07,1.377126e+14,1.255601e+20,1.695378e+07,4.167633e+13,2.155457e+19,1,5
1.964173e+07,4.514826e+13,1.117323e+19,3.374424e+07,1.314159e+14,1.133005e+20,3.720437e+07,1.269826e+14,1.100277e+20,1.989618e+07,5.321967e+13,3.071641e+19,0,27
2.010583e+07,4.778789e+13,1.257532e+19,3.885196e+07,1.361739e+14,1.191153e+20,3.877424e+07,1.528404e+14,1.459954e+20,1.866514e+07,5.431479e+13,3.781844e+19,0,28
1.469504e+07,4.052122e+13,2.947936e+19,3.419765e+07,1.776452e+14,1.806116e+20,4.263238e+07,1.662181e+14,1.659934e+20,1.983754e+07,5.457854e+13,3.003057e+19,0,67
1.372764e+07,2.792650e+13,9.823499e+18,2.382347e+07,9.063368e+13,7.013767e+19,2.931753e+07,1.276158e+14,1.185730e+20,1.464152e+07,3.662253e+13,1.867564e+19,3,91
1.802342e+07,4.333073e+13,1.547142e+19,2.889331e+07,1.340735e+14,1.198023e+20,3.607616e+07,1.568543e+14,1.621461e+20,2.015449e+07,6.348614e+13,3.793649e+19,0,16
2.362938e+07,6.543071e+13,1.798242e+19,3.190561e+07,1.425495e+14,1.474280e+20,3.703431e+07,1.592595e+14,1.708224e+20,2.067154e+07,6.481475e+13,3.901798e+19,3,99
1.407565e+07,2.948624e+13,8.287404e+18,2.511324e+07,9.439178e+13,8.378037e+19,2.789840e+07,1.202209e+14,1.171129e+20,1.524741e+07,4.085396e+13,2.662609e+19,3,78
1.900612e+07,4.390774e+13,9.772654e+18,3.105886e+07,1.102874e+14,8.646898e+19,3.604379e+07,1.498207e+14,1.433497e+20,1.714401e+07,4.434774e+13,2.808899e+19,2,102
2.025015e+07,4.393954e+13,8.925370e+18,3.392403e+07,1.328856e+14,1.265491e+20,3.550527e+07,1.541323e+14,1.584348e+20,1.888941e+07,5.396694e+13,3.779288e+19,0,22
2.082675e+07,4.814625e+13,6.925808e+18,3.498462e+07,1.298122e+14,1.205862e+20,3.599320e+07,1.495657e+14,1.490090e+20,1.894198e+07,5.464602e+13,3.747189e+19,1,84
2.016263e+07,4.995544e+13,1.498190e+19,3.232501e+07,1.254834e+14,1.152336e+20,3.437456e+07,1.340332e+14,1.300290e+20,1.703811e+07,5.247914e+13,3.345684e+19,2,82
2.217322e+07,5.263697e+13,1.252890e+19,3.092305e+07,1.219636e+14,1.040336e+20,3.765963e+07,1.352630e+14,1.219555e+20,1.829723e+07,4.227178e+13,1.639098e+19,3,68
2.277680e+07,6.138889e+13,2.219529e+19,3.386669e+07,1.489944e+14,1.577836e+20,3.389226e+07,1.448950e+14,1.521706e+20,1.941100e+07,6.456344e+13,3.930633e+19,3,80
1.799498e+07,4.621536e+13,1.437519e+19,2.528506e+07,9.344411e+13,7.658049e+19,3.174487e+07,1.432931e+14,1.439412e+20,1.685655e+07,4.867762e+13,3.344843e+19,1,10
2.296435e+07,6.372735e+13,1.751406e+19,3.153510e+07,1.367563e+14,1.380707e+20,3.608921e+07,1.743705e+14,2.051845e+20,1.766861e+07,5.692984e+13,4.340785e+19,0,56
2.592149e+07,6.723779e+13,1.339188e+19,4.674281e+07,1.859305e+14,1.749592e+20,4.862099e+07,1.918285e+14,1.947948e+20,2.239327e+07,6.185625e+13,3.946559e+19,1,86
2.182011e+07,6.476085e+13,2.761225e+19,4.184315e+07,2.166632e+14,2.438876e+20,4.730324e+07,2.288500e+14,2.613519e+20,2.447695e+07,9.857634e+13,7.679620e+19,1,73
1.370336e+07,2.729763e+13,1.150394e+19,3.506473e+07,1.469767e+14,1.411913e+20,3.601703e+07,1.323580e+14,1.179847e+20,1.720082e+07,4.174163e+13,1.689724e+19,1,40
2.790933e+07,1.062837e+14,9.036233e+19,6.888684e+07,5.004658e+14,8.432079e+20,6.737988e+07,4.420541e+14,6.998892e+20,2.527137e+07,9.683299e+13,8.337762e+19,2,76
1.646738e+07,4.471917e+13,2.553643e+19,4.097322e+07,1.713414e+14,1.740265e+20,4.221314e+07,1.774412e+14,1.763099e+20,1.594153e+07,4.076100e+13,1.921633e+19,0,76
1.516899e+07,2.843375e+13,6.877820e+18,2.551417e+07,8.784907e+13,6.639907e+19,2.689760e+07,9.700634e+13,7.798697e+19,1.207562e+07,2.578521e+13,1.430923e+19,2,53
2.172331e+07,5.575296e+13,1.331661e+19,2.959984e+07,1.105575e+14,1.025783e+20,3.218761e+07,1.458329e+14,1.551403e+20,1.757731e+07,4.934771e+13,3.332666e+19,1,65
1.185485e+07,2.191963e+13,7.234291e+18,2.537115e+07,9.854754e+13,8.272476e+19,2.722532e+07,9.558487e+13,7.312674e+19,1.310550e+07,2.635881e+13,1.254865e+19,0,32
2.614101e+07,8.507955e+13,3.033635e+19,3.706800e+07,1.604465e+14,1.652487e+20,4.440131e+07,1.942122e+14,2.191984e+20,2.074674e+07,7.055520e+13,4.739514e+19,3,98
1.831981e+07,4.505789e+13,1.334959e+19,2.747817e+07,1.131841e+14,1.045843e+20,3.172275e+07,1.401833e+14,1.423342e+20,1.632309e+07,4.506269e+13,3.125205e+19,0,10
2.564006e+07,7.254431e+13,2.145842e+19,3.254383e+07,1.457933e+14,1.553595e+20,4.146685e+07,1.874239e+14,2.161320e+20,1.927339e+07,5.602901e+13,3.290859e+19,2,99
1.673844e+07,3.823977e+13,1.050837e+19,3.120752e+07,1.069751e+14,9.127500e+19,3.536966e+07,1.431955e+14,1.327576e+20,1.538243e+07,3.824922e+13,1.738348e+19,3,61
2.601037e+07,7.153690e+13,1.916050e+19,3.970939e+07,1.503644e+14,1.478717e+20,4.177759e+07,1.726754e+14,1.774540e+20,2.261411e+07,6.951589e+13,4.985657e+19,3,95
1.721496e+07,5.103320e+13,2.333586e+19,3.120460e+07,1.326861e+14,1.284247e+20,3.413785e+07,1.425930e+14,1.418854e+20,1.664933e+07,4.824127e+13,3.253994e+19,0,55
1.863212e+07,3.924275e+13,8.466182e+18,2.476871e+07,9.861070e+13,9.227590e+19,2.900035e+07,1.258807e+14,1.264431e+20,1.369149e+07,3.477553e+13,1.798130e+19,2,66
2.287528e+07,6.653741e+13,1.891235e+19,3.196678e+07,1.372463e+14,1.369340e+20,3.628822e+07,1.647862e+14,1.840619e+20,1.763074e+07,5.580557e+13,4.050500e+19,3,56
2.287498e+07,5.542963e+13,7.947371e+18,3.421143e+07,1.150812e+14,9.915584e+19,3.727776e+07,1.582492e+14,1.597748e+20,1.763844e+07,4.493865e+13,2.562882e+19,2,84
1.748397e+07,3.938846e+13,1.060774e+19,2.835807e+07,1.136331e+14,1.013843e+20,3.266829e+07,1.323600e+14,1.270811e+20,1.610407e+07,4.011046e+13,2.118391e+19,2,92
2.271207e+07,5.195642e+13,9.881903e+18,3.371240e+07,1.100017e+14,8.985993e+19,3.606648e+07,1.481083e+14,1.444666e+20,1.644851e+07,4.135861e+13,2.286793e+19,2,62
1.696443e+07,3.360019e+13,6.431919e+18,3.191083e+07,1.085916e+14,9.278806e+19,3.365391e+07,1.248611e+14,1.125719e+20,1.528721e+07,3.668671e+13,1.779555e+19,0,83
1.728902e+07,3.730732e+13,7.857591e+18,3.066172e+07,1.034642e+14,8.685265e+19,3.410934e+07,1.309144e+14,1.197895e+20,1.610838e+07,3.644874e+13,1.666186e+19,1,57
1.691438e+07,3.952789e+13,1.617855e+19,3.303832e+07,1.573909e+14,1.617427e+20,3.675063e+07,1.855919e+14,2.103940e+20,1.537109e+07,3.957819e+13,2.212739e+19,3,59
2.283616e+07,6.108615e+13,1.287181e+19,3.408711e+07,1.212116e+14,1.119980e+20,3.635582e+07,1.687275e+14,1.837350e+20,1.683653e+07,4.215333e+13,2.597661e+19,0,11
2.681239e+07,7.556381e+13,2.699332e+19,3.945627e+07,1.485464e+14,1.444838e+20,4.214421e+07,2.032652e+14,2.445722e+20,2.083967e+07,6.536315e+13,4.902357e+19,0,13
1.625867e+07,3.761962e+13,1.101326e+19,2.255845e+07,9.222379e+13,7.527171e+19,2.560927e+07,1.125702e+14,1.075335e+20,1.451450e+07,3.808727e+13,2.256609e+19,1,64
1.982203e+07,5.507281e+13,1.770665e+19,2.813965e+07,1.343076e+14,1.395936e+20,3.587863e+07,1.720993e+14,1.917954e+20,1.826168e+07,5.061600e+13,3.166726e+19,1,35
1.604028e+07,3.349394e+13,9.183535e+18,2.989003e+07,1.096778e+14,9.406499e+19,3.261771e+07,1.221621e+14,1.067971e+20,1.648331e+07,3.809650e+13,1.857139e+19,0,8
3.180014e+07,8.679869e+13,2.157542e+19,4.887447e+07,1.929754e+14,1.842175e+20,5.175795e+07,2.105997e+14,2.197397e+20,2.467837e+07,7.668791e+13,5.616498e+19,0,86
2.256639e+07,5.218509e+13,9.238948e+18,3.368218e+07,1.068291e+14,8.775273e+19,3.783430e+07,1.454602e+14,1.355145e+20,1.800295e+07,4.993431e+13,3.362800e+19,1,63
1.297817e+07,2.911774e+13,1.101888e+19,2.904849e+07,1.182601e+14,1.100735e+20,3.050026e+07,1.161824e+14,1.054626e+20,1.466342e+07,3.597626e+13,1.985034e+19,2,51
1.682911e+07,4.084583e+13,1.152629e+19,3.123189e+07,1.187861e+14,1.057376e+20,3.408698e+07,1.420305e+14,1.345265e+20,1.455092e+07,3.370034e+13,2.044934e+19,3,48
2.158672e+07,5.381152e+13,1.500966e+19,3.381851e+07,1.207044e+14,1.085642e+20,3.854992e+07,1.696866e+14,1.801637e+20,1.786958e+07,5.391002e+13,3.235790e+19,0,14
9.408283e+06,1.699694e+13,8.054655e+18,2.672015e+07,1.156071e+14,9.964649e+19,2.750543e+07,9.506471e+13,7.524850e+19,1.296960e+07,2.681889e+13,1.123174e+19,1,54
2.030760e+07,4.625305e+13,1.006648e+19,3.248308e+07,1.208134e+14,1.111364e+20,3.686154e+07,1.575478e+14,1.594000e+20,1.680391e+07,4.813292e+13,3.128305e+19,1,52
2.102440e+07,4.623794e+13,7.382297e+18,3.444643e+07,1.127766e+14,9.585887e+19,3.807234e+07,1.514372e+14,1.436414e+20,1.739563e+07,4.759743e+13,3.189188e+19,0,63
2.401579e+07,7.349593e+13,2.139898e+19,4.089693e+07,1.499946e+14,1.372543e+20,4.282585e+07,1.608317e+14,1.522498e+20,2.035029e+07,5.814166e+13,3.858366e+19,3,101
1.481738e+07,3.249501e+13,1.164687e+19,2.533442e+07,9.904908e+13,7.780556e+19,2.917612e+07,1.239508e+14,1.127309e+20,1.340429e+07,3.115714e+13,1.584462e+19,2,91
2.876578e+07,8.370411e+13,1.703096e+19,4.432980e+07,1.677261e+14,1.634719e+20,4.379184e+07,2.005068e+14,2.286917e+20,2.027217e+07,6.275768e+13,4.913076e+19,3,49
1.807174e+07,3.779587e+13,7.461808e+18,2.914423e+07,9.863610e+13,7.282043e+19,3.285444e+07,1.283145e+14,1.177571e+20,1.585956e+07,3.811001e+13,2.277266e+19,0,102
2.134435e+07,5.083287e+13,9.573613e+18,3.363377e+07,1.188005e+14,1.011081e+20,3.693396e+07,1.492180e+14,1.452910e+20,1.829264e+07,5.076285e+13,3.242237e+19,1,0
2.265041e+07,5.296478e+13,1.810221e+19,3.242365e+07,1.595194e+14,1.703049e+20,3.351271e+07,1.781637e+14,2.108844e+20,1.753914e+07,5.344157e+13,4.494278e+19,0,36
2.309795e+07,6.241543e+13,1.327400e+19,3.714039e+07,1.394499e+14,1.278895e+20,4.148235e+07,1.743468e+14,1.870362e+20,1.911779e+07,5.810712e+13,4.207959e+19,0,18
1.983546e+07,5.461081e+13,2.357534e+19,2.873773e+07,1.404906e+14,1.502030e+20,2.901090e+07,1.518443e+14,1.644411e+20,1.722151e+07,5.619644e+13,4.578975e+19,2,97
2.438566e+07,6.960751e+13,2.407780e+19,4.321213e+07,2.182229e+14,2.534474e+20,3.882984e+07,1.615462e+14,1.664084e+20,2.050354e+07,6.008032e+13,3.819280e+19,2,79
2.322840e+07,5.819118e+13,1.379662e+19,3.944422e+07,1.654394e+14,1.717131e+20,3.800348e+07,1.502274e+14,1.498604e+20,1.951202e+07,5.833484e+13,4.138015e+19,3,79
2.650025e+07,6.874608e+13,1.344653e+19,4.499011e+07,1.607684e+14,1.413941e+20,4.989409e+07,1.987291e+14,2.019744e+20,2.357232e+07,7.009665e+13,4.775316e+19,3,86
1.613040e+07,3.989808e+13,1.114377e+19,2.331081e+07,8.096985e+13,6.448990e+19,2.898795e+07,1.393929e+14,1.335650e+20,1.223395e+07,2.492055e+13,1.270032e+19,1,94
1.501890e+07,3.099509e+13,8.534787e+18,3.242390e+07,1.233359e+14,1.072144e+20,3.528709e+07,1.428920e+14,1.329296e+20,1.587704e+07,4.118827e+13,2.716926e+19,1,48
2.759290e+07,8.732504e+13,2.764996e+19,3.601513e+07,1.484753e+14,1.436327e+20,4.898696e+07,2.114506e+14,2.380345e+20,2.202572e+07,8.096829e+13,5.688962e+19,0,98
1.615164e+07,3.480957e+13,8.586534e+18,3.172657e+07,1.103183e+14,9.536353e+19,3.646670e+07,1.505682e+14,1.416188e+20,1.631090e+07,4.516411e+13,2.242670e+19,1,61
1.648101e+07,3.571349e+13,1.081796e+19,2.844552e+07,1.119975e+14,9.501509e+19,3.581861e+07,1.401087e+14,1.311009e+20,1.691132e+07,3.829388e+13,2.000609e+19,0,96
1.407481e+07,2.631924e+13,7.913051e+18,2.670737e+07,9.910838e+13,8.373090e+19,2.789857e+07,1.001760e+14,7.722703e+19,1.355358e+07,3.043301e+13,1.411405e+19,2,37
2.269532e+07,5.712456e+13,1.004413e+19,3.344159e+07,1.210729e+14,1.094212e+20,3.781227e+07,1.570063e+14,1.608059e+20,1.854783e+07,5.229953e+13,3.392232e+19,0,84
2.236552e+07,6.587177e+13,2.440676e+19,2.996390e+07,1.443653e+14,1.621995e+20,2.829606e+07,1.469972e+14,1.670366e+20,1.609667e+07,4.880130e+13,3.948748e+19,0,97
2.048598e+07,4.648723e+13,8.043744e+18,3.925360e+07,1.391139e+14,1.167307e+20,4.120901e+07,1.578992e+14,1.523526e+20,2.051297e+07,6.115357e+13,3.823502e+19,0,74
2.158805e+07,5.346328e+13,1.549401e+19,3.738030e+07,1.453715e+14,1.332271e+20,4.022890e+07,1.526556e+14,1.456797e+20,1.886318e+07,4.964186e+13,2.682058e+19,1,104
2.076927e+07,4.725828e+13,7.657438e+18,4.008701e+07,1.393134e+14,1.261049e+20,4.129343e+07,1.645896e+14,1.651947e+20,2.017731e+07,5.975957e+13,3.496960e+19,1,88
2.483295e+07,7.354742e+13,2.701481e+19,3.277084e+07,1.341578e+14,1.336365e+20,3.550000e+07,1.522820e+14,1.620199e+20,1.872138e+07,5.885832e+13,3.342361e+19,0,80
2.383447e+07,5.874807e+13,1.353578e+19,2.868342e+07,1.075073e+14,9.921781e+19,3.344629e+07,1.520186e+14,1.547203e+20,1.788398e+07,5.030673e+13,3.295450e+19,0,34
1.599368e+07,3.570450e+13,1.138054e+19,2.842701e+07,1.182955e+14,1.029318e+20,3.287168e+07,1.328871e+14,1.269900e+20,1.513300e+07,3.563584e+13,1.977688e+19,1,92
1.988447e+07,4.466413e+13,1.145866e+19,3.154543e+07,1.335860e+14,1.179024e+20,3.756976e+07,1.481927e+14,1.413310e+20,1.998485e+07,5.670188e+13,3.803077e+19,0,25
1.774432e+07,4.567266e+13,1.937219e+19,3.957965e+07,1.772312e+14,1.844751e+20,4.074728e+07,1.721647e+14,1.817355e+20,2.038630e+07,6.521700e+13,4.545449e+19,0,70
2.340397e+07,5.372165e+13,1.182144e+19,3.528499e+07,1.343274e+14,1.266142e+20,3.792307e+07,1.688212e+14,1.740727e+20,1.589405e+07,4.423613e+13,2.852116e+19,0,3
1.550653e+07,3.841937e+13,1.916285e+19,3.383887e+07,1.704097e+14,1.795170e+20,3.320418e+07,1.348953e+14,1.313898e+20,1.489509e+07,3.721471e+13,1.981426e+19,0,59
1.254032e+07,2.754279e+13,1.517565e+19,2.769487e+07,1.235604e+14,1.063917e+20,2.961845e+07,1.095302e+14,9.742344e+19,1.497515e+07,3.653949e+13,1.722426e+19,2,81
1.533433e+07,3.312163e+13,9.568446e+18,3.168670e+07,1.104112e+14,9.457037e+19,3.636349e+07,1.467811e+14,1.425977e+20,1.547532e+07,3.974550e+13,1.838737e+19,2,61
1.813957e+07,4.513505e+13,1.249048e+19,2.469164e+07,1.055031e+14,9.860003e+19,2.743316e+07,1.349424e+14,1.447582e+20,1.438665e+07,3.743383e+13,2.298638e+19,2,64
2.582756e+07,7.123229e+13,1.991857e+19,4.230090e+07,1.620907e+14,1.620428e+20,4.498061e+07,1.925403e+14,2.038753e+20,2.333343e+07,7.342827e+13,5.357896e+19,0,95
2.076006e+07,4.666951e+13,8.611574e+18,3.372315e+07,1.249106e+14,1.077611e+20,3.635394e+07,1.401834e+14,1.328172e+20,1.817952e+07,5.196859e+13,3.248439e+19,0,0
2.636872e+07,7.640838e+13,1.574648e+19,3.962500e+07,1.213480e+14,9.560635e+19,4.234665e+07,1.740390e+14,1.760396e+20,1.970054e+07,5.694540e+13,3.987328e+19,1,49
2.356614e+07,5.473235e+13,1.174856e+19,3.552770e+07,1.094978e+14,8.791188e+19,3.595298e+07,1.494644e+14,1.436184e+20,1.727279e+07,4.421062e+13,2.501962e+19,3,62
1.369406e+07,2.471228e+13,6.777249e+18,2.621294e+07,9.323780e+13,7.086727e+19,2.690379e+07,9.208362e+13,7.148088e+19,1.229369e+07,2.659505e+13,1.462524e+19,0,53
1.292707e+07,2.866288e+13,1.316533e+19,2.703541e+07,1.178777e+14,1.065996e+20,2.959520e+07,1.232569e+14,1.115745e+20,1.729892e+07,4.429502e+13,2.550172e+19,1,33
2.403882e+07,5.707187e+13,1.958439e+19,4.198922e+07,1.843106e+14,1.903023e+20,4.652632e+07,1.871856e+14,1.967344e+20,2.079642e+07,6.680312e+13,3.959598e+19,0,79
1.705662e+07,3.817887e+13,9.046701e+18,2.791395e+07,9.745597e+13,8.213524e+19,3.288431e+07,1.432165e+14,1.395262e+20,1.529229e+07,3.652676e+13,1.990914e+19,0,92
1.844587e+07,4.374204e+13,1.224765e+19,3.084962e+07,1.175583e+14,1.048372e+20,3.362002e+07,1.304701e+14,1.249480e+20,1.568829e+07,4.300872e+13,2.578070e+19,1,82
2.297815e+07,6.804801e+13,1.637560e+19,3.355537e+07,1.117404e+14,9.582779e+19,3.608304e+07,1.530040e+14,1.523763e+20,1.679697e+07,4.671814e+13,3.319773e+19,1,90
1.761056e+07,3.992781e+13,9.635463e+18,2.770184e+07,1.051545e+14,9.447826e+19,3.063424e+07,1.245922e+14,1.176423e+20,1.440207e+07,3.769364e+13,2.544660e+19,2,58
1.811163e+07,4.213616e+13,7.002117e+18,2.399485e+07,7.911751e+13,6.212942e+19,2.930384e+07,1.199948e+14,1.026144e+20,1.537290e+07,3.216450e+13,1.277164e+19,0,39
2.227680e+07,5.129895e+13,1.438553e+19,3.187291e+07,1.327123e+14,1.189676e+20,4.054615e+07,1.440016e+14,1.312292e+20,1.919379e+07,4.903546e+13,2.158337e+19,2,68
1.794761e+07,3.929154e+13,7.813798e+18,3.035823e+07,1.022390e+14,8.527336e+19,3.404580e+07,1.406050e+14,1.339435e+20,1.539022e+07,3.646637e+13,2.030509e+19,2,71
1.338252e+07,2.769828e+13,1.175022e+19,2.601726e+07,1.058632e+14,9.456368e+19,2.954195e+07,1.249686e+14,1.156744e+20,1.350033e+07,2.965872e+13,1.647718e+19,0,17
1.516053e+07,3.204037e+13,1.012236e+19,2.930485e+07,1.243156e+14,1.113641e+20,3.704036e+07,1.492971e+14,1.441196e+20,1.628308e+07,3.615735e+13,1.833144e+19,1,96
1.651459e+07,3.447368e+13,8.923307e+18,2.818221e+07,1.082247e+14,9.066108e+19,3.074168e+07,1.215776e+14,1.157329e+20,1.445230e+07,3.522617e+13,1.627974e+19,3,77
1.560565e+07,3.111576e+13,6.623920e+18,2.360564e+07,8.552750e+13,7.209190e+19,2.659056e+07,1.139291e+14,1.059457e+20,1.275410e+07,2.838915e+13,1.530463e+19,2,75
2.438129e+07,5.345725e+13,9.412458e+18,3.883517e+07,1.423484e+14,1.363933e+20,3.803144e+07,1.744249e+14,1.941552e+20,1.910620e+07,5.893568e+13,4.674546e+19,3,63
1.573618e+07,4.578096e+13,3.570861e+19,4.018128e+07,2.341499e+14,2.846200e+20,4.586448e+07,1.988344e+14,2.203779e+20,2.201607e+07,6.650598e+13,4.223261e+19,2,67
1.919913e+07,5.169716e+13,1.928487e+19,2.875593e+07,1.390373e+14,1.513398e+20,2.866093e+07,1.540141e+14,1.781299e+20,1.586437e+07,4.809576e+13,3.794904e+19,3,97
2.298135e+07,6.781270e+13,2.313396e+19,3.663248e+07,1.678413e+14,1.711155e+20,4.662387e+07,2.530041e+14,3.213592e+20,2.305048e+07,8.394225e+13,6.656388e+19,0,73
1.364648e+07,3.064986e+13,9.877711e+18,2.294388e+07,8.111936e+13,6.397318e+19,2.570728e+07,1.099495e+14,9.166188e+19,1.156334e+07,2.245010e+13,1.052232e+19,2,94
1.563647e+07,3.390530e+13,9.656402e+18,2.931702e+07,1.295657e+14,1.239290e+20,3.449844e+07,1.590300e+14,1.668257e+20,1.800150e+07,5.113450e+13,3.545289e+19,1,87
2.268915e+07,6.008160e+13,1.731996e+19,3.605352e+07,1.236870e+14,1.082197e+20,4.065480e+07,1.664552e+14,1.618980e+20,1.880078e+07,4.298574e+13,2.063984e+19,0,15
1.606911e+07,3.179251e+13,9.481582e+18,2.285111e+07,9.399129e+13,8.139665e+19,2.490841e+07,9.677141e+13,8.636346e+19,1.242650e+07,2.739606e+13,1.449115e+19,0,38
2.090536e+07,5.603526e+13,2.076800e+19,3.460576e+07,1.746309e+14,1.968833e+20,3.881350e+07,1.699658e+14,1.862175e+20,2.396753e+07,6.730831e+13,3.678688e+19,2,72
1.777093e+07,4.258030e+13,1.169026e+19,3.115500e+07,1.158769e+14,1.016975e+20,3.576979e+07,1.493054e+14,1.470863e+20,1.506368e+07,3.553594e+13,2.144360e+19,0,48
2.609628e+07,7.853313e+13,2.523433e+19,3.203338e+07,1.453523e+14,1.464679e+20,3.864164e+07,1.628754e+14,1.675389e+20,1.953159e+07,5.600983e+13,3.087425e+19,0,99
2.354755e+07,6.520081e+13,1.331125e+19,3.804201e+07,1.290428e+14,1.092689e+20,4.257173e+07,1.635364e+14,1.566004e+20,2.101409e+07,5.271404e+13,2.636732e+19,0,100
1.898146e+07,4.852665e+13,1.857005e+19,3.943942e+07,1.532561e+14,1.462521e+20,4.016742e+07,1.681849e+14,1.719840e+20,1.822777e+07,5.176340e+13,3.415514e+19,2,60
1.994605e+07,5.362230e+13,1.653800e+19,3.626018e+07,1.531833e+14,1.487493e+20,4.565059e+07,1.826272e+14,1.900257e+20,2.005046e+07,5.807088e+13,3.543482e+19,0,23
2.855170e+07,8.312604e+13,1.668937e+19,3.953049e+07,1.266851e+14,1.053796e+20,4.186765e+07,1.728108e+14,1.727046e+20,1.955891e+07,5.641667e+13,4.035192e+19,0,49
1.417870e+07,3.164102e+13,8.090468e+18,2.278144e+07,7.532645e+13,5.793216e+19,2.773459e+07,1.271817e+14,1.180519e+20,1.169365e+07,2.242156e+13,1.013016e+19,0,94
1.585542e+07,3.248377e+13,1.002722e+19,2.282640e+07,8.949857e+13,7.315897e+19,2.485166e+07,9.900007e+13,8.861010e+19,1.167071e+07,2.367638e+13,1.160932e+19,1,38
1.568659e+07,3.352390e+13,9.062085e+18,2.785107e+07,1.085793e+14,9.636705e+19,3.279306e+07,1.357010e+14,1.319988e+20,1.513190e+07,3.643085e+13,1.945886e+19,3,92
1.197090e+07,2.519785e+13,1.329995e+19,2.902909e+07,1.304005e+14,1.199031e+20,2.925684e+07,1.058697e+14,8.770503e+19,1.428685e+07,3.344143e+13,1.600785e+19,3,81
2.298549e+07,5.901575e+13,1.084258e+19,3.969387e+07,1.369331e+14,1.164274e+20,4.041649e+07,1.530220e+14,1.497074e+20,2.138081e+07,6.595590e+13,3.839550e+19,0,88
1.205938e+07,2.859374e+13,1.835645e+19,2.845733e+07,1.324195e+14,1.159955e+20,3.040214e+07,1.149473e+14,1.072341e+20,1.550123e+07,3.757072e+13,1.792786e+19,1,81
2.041091e+07,4.379205e+13,8.246441e+18,3.262532e+07,1.234543e+14,1.148530e+20,3.412207e+07,1.320592e+14,1.253130e+20,1.659095e+07,4.290582e+13,2.809410e+19,1,69
8.664047e+06,1.523206e+13,7.284766e+18,2.714750e+07,1.170567e+14,9.571852e+19,2.841907e+07,9.908960e+13,8.104128e+19,1.274565e+07,2.534823e+13,9.964352e+18,0,54
2.209331e+07,6.241645e+13,2.008727e+19,3.495118e+07,1.753153e+14,1.994425e+20,3.718461e+07,1.735144e+14,1.944475e+20,2.093883e+07,7.939700e+13,6.533039e+19,1,56
1.892174e+07,5.235292e+13,2.089528e+19,2.626802e+07,1.204770e+14,1.150443e+20,3.399427e+07,1.518649e+14,1.603337e+20,1.911882e+07,5.196465e+13,3.036530e+19,0,85
1.884807e+07,4.560521e+13,1.495142e+19,3.449165e+07,1.628751e+14,1.734783e+20,4.025162e+07,1.797716e+14,1.941454e+20,2.003368e+07,6.273474e+13,4.575715e+19,3,47
1.670269e+07,3.815275e+13,1.018513e+19,2.938922e+07,1.160196e+14,1.047684e+20,3.091935e+07,1.228010e+14,1.128984e+20,1.418615e+07,3.673732e+13,2.422260e+19,0,58
1.003448e+07,1.787961e+13,7.279759e+18,2.536768e+07,9.740608e+13,7.533254e+19,2.772026e+07,1.008296e+14,8.082804e+19,1.231771e+07,2.432534e+13,1.011058e+19,2,54
1.851099e+07,5.924577e+13,3.084107e+19,3.161163e+07,1.413815e+14,1.440079e+20,3.311259e+07,1.434149e+14,1.473802e+20,1.819492e+07,5.739153e+13,4.366518e+19,3,55
1.767896e+07,3.976778e+13,9.040666e+18,2.559192e+07,8.738838e+13,6.760872e+19,3.058408e+07,1.224651e+14,1.147710e+20,1.484450e+07,3.976429e+13,2.718984e+19,1,58
9.322796e+06,1.921359e+13,1.086733e+19,2.558384e+07,1.137850e+14,8.828196e+19,2.407581e+07,7.047353e+13,4.770371e+19,1.213023e+07,2.116595e+13,8.850869e+18,0,2
1.969708e+07,5.041007e+13,1.707476e+19,3.624856e+07,1.430697e+14,1.269606e+20,4.238041e+07,1.734621e+14,1.756101e+20,2.117593e+07,5.924131e+13,3.865593e+19,1,46
2.482792e+07,7.607796e+13,1.954372e+19,4.025461e+07,1.470669e+14,1.367820e+20,4.352344e+07,1.638440e+14,1.544217e+20,2.022863e+07,5.539369e+13,3.491009e+19,0,101
2.121558e+07,4.841206e+13,1.059170e+19,3.602838e+07,1.230134e+14,1.052170e+20,3.914904e+07,1.516040e+14,1.427557e+20,1.716471e+07,4.910412e+13,3.133765e+19,0,43
1.132075e+07,2.314516e+13,1.067646e+19,2.452055e+07,1.072209e+14,9.846801e+19,2.846901e+07,1.017494e+14,8.614408e+19,1.575047e+07,3.264609e+13,1.530959e+19,0,42
2.041049e+07,5.278195e+13,1.311810e+19,2.941126e+07,1.101244e+14,1.019718e+20,3.051343e+07,1.377925e+14,1.388598e+20,1.765103e+07,4.948861e+13,3.605139e+19,2,93
2.167654e+07,6.083915e+13,2.003757e+19,3.775299e+07,1.403134e+14,1.282926e+20,4.027864e+07,1.668088e+14,1.695500e+20,1.736800e+07,5.018842e+13,2.935982e+19,0,103
2.046746e+07,5.679015e+13,2.179539e+19,2.844578e+07,1.309960e+14,1.302227e+20,3.600016e+07,1.629977e+14,1.765530e+20,2.051278e+07,6.203704e+13,3.862114e+19,2,85
1.384258e+07,2.701766e+13,9.094943e+18,2.769415e+07,1.099526e+14,8.907585e+19,3.018014e+07,1.059281e+14,9.137128e+19,1.558621e+07,4.188207e+13,1.982402e+19,1,77
1.377495e+07,2.757365e+13,9.631790e+18,2.398462e+07,9.106484e+13,6.904032e+19,2.874609e+07,1.247992e+14,1.196156e+20,1.354941e+07,3.128147e+13,1.573185e+19,1,91
1.428474e+07,2.936034e+13,1.152668e+19,3.043596e+07,1.510189e+14,1.479192e+20,3.678175e+07,1.716703e+14,1.840824e+20,1.859898e+07,5.566469e+13,3.806372e+19,2,87
2.183126e+07,5.352957e+13,1.157382e+19,3.702830e+07,1.322582e+14,1.175840e+20,3.926801e+07,1.527924e+14,1.441864e+20,1.803005e+07,5.344156e+13,3.560949e+19,1,43
2.157963e+07,5.198640e+13,9.468962e+18,3.730271e+07,1.270902e+14,1.041588e+20,3.957157e+07,1.545425e+14,1.503564e+20,2.156819e+07,6.632567e+13,4.317273e+19,3,88
2.135867e+07,5.325515e+13,1.284575e+19,3.283356e+07,1.137196e+14,9.897670e+19,3.715878e+07,1.663950e+14,1.722196e+20,1.751915e+07,4.904225e+13,3.468806e+19,1,45
1.927974e+07,4.376827e+13,9.945548e+18,3.087403e+07,1.092944e+14,8.464520e+19,3.538840e+07,1.469812e+14,1.432859e+20,1.590298e+07,3.814467e+13,2.277262e+19,3,102
1.941795e+07,4.465335e+13,9.123047e+18,3.365079e+07,1.265408e+14,1.165143e+20,3.413005e+07,1.414961e+14,1.329343e+20,1.481610e+07,3.704497e+13,2.148712e+19,0,52
1.594211e+07,3.151788e+13,7.711718e+18,2.503194e+07,8.677234e+13,6.449690e+19,2.777895e+07,1.027300e+14,8.451692e+19,1.231528e+07,2.752548e+13,1.570787e+19,1,53
2.271140e+07,5.748567e+13,1.281742e+19,3.059322e+07,1.210548e+14,1.162757e+20,3.341701e+07,1.489873e+14,1.523105e+20,1.711686e+07,4.392500e+13,2.594782e+19,1,34
2.352225e+07,6.584524e+13,1.429539e+19,3.790427e+07,1.315445e+14,1.116299e+20,4.168344e+07,1.608351e+14,1.568081e+20,1.909150e+07,4.606334e+13,2.224400e+19,1,100
1.612732e+07,3.656860e+13,1.089342e+19,2.703350e+07,1.115963e+14,1.061249e+20,3.172377e+07,1.397779e+14,1.410419e+20,1.766920e+07,4.813791e+13,3.334003e+19,1,93
2.402065e+07,7.215898e+13,2.598080e+19,4.051601e+07,2.160670e+14,2.606006e+20,4.655196e+07,2.528597e+14,3.130952e+20,2.655573e+07,1.134126e+14,9.593475e+19,2,73
1.759586e+07,3.470745e+13,6.076030e+18,2.222129e+07,7.383273e+13,5.985701e+19,2.627459e+07,1.209587e+14,1.143331e+20,1.299571e+07,2.877127e+13,1.585919e+19,0,75
1.880792e+07,3.909255e+13,8.152541e+18,2.884570e+07,9.305199e+13,7.114517e+19,3.364797e+07,1.255370e+14,1.128926e+20,1.655626e+07,4.395880e+13,2.422969e+19,2,83
1.750784e+07,3.680435e+13,8.083167e+18,3.066758e+07,9.402379e+13,6.804876e+19,3.432944e+07,1.247678e+14,1.092985e+20,1.506088e+07,3.454914e+13,1.591323e+19,1,83
1.865960e+07,4.533917e+13,1.405819e+19,3.575468e+07,1.688288e+14,1.824572e+20,4.025501e+07,1.770081e+14,1.934042e+20,2.071872e+07,6.575076e+13,5.005087e+19,0,47
2.264071e+07,5.741974e+13,1.508880e+19,3.356540e+07,1.672670e+14,1.826631e+20,3.508652e+07,1.915813e+14,2.192954e+20,2.012156e+07,7.123615e+13,6.473472e+19,1,36
2.371625e+07,5.759832e+13,1.452455e+19,3.785969e+07,1.238008e+14,1.015297e+20,4.288765e+07,1.699221e+14,1.676069e+20,1.713944e+07,4.862944e+13,3.196711e+19,0,1
1.942483e+07,6.145990e+13,2.560993e+19,3.238543e+07,1.448151e+14,1.553836e+20,3.337571e+07,1.439118e+14,1.485543e+20,1.796253e+07,5.617948e+13,4.143693e+19,2,55
1.508861e+07,3.805373e+13,2.144227e+19,4.136405e+07,1.797526e+14,1.877749e+20,4.173711e+07,1.641861e+14,1.595161e+20,1.772372e+07,5.026550e+13,2.507475e+19,3,76
2.408696e+07,7.005441e+13,2.021589e+19,3.013801e+07,1.118830e+14,1.041336e+20,3.183393e+07,1.432311e+14,1.471540e+20,1.660109e+07,4.363962e+13,2.812724e+19,0,65
2.368106e+07,5.667177e+13,1.374748e+19,3.638358e+07,1.217899e+14,1.057065e+20,4.551076e+07,2.087467e+14,2.399965e+20,2.000471e+07,5.392477e+13,2.896238e+19,0,104
2.244365e+07,6.391726e+13,1.440025e+19,3.378089e+07,1.365616e+14,1.341970e+20,3.886177e+07,1.834061e+14,2.064373e+20,1.866519e+07,5.285497e+13,2.963353e+19,0,6
1.231956e+07,2.680554e+13,1.010700e+19,2.943925e+07,1.178733e+14,1.076832e+20,3.148481e+07,1.203662e+14,1.106889e+20,1.399585e+07,3.325912e+13,1.799820e+19,0,51
2.666356e+07,8.913788e+13,3.011539e+19,3.667192e+07,1.654196e+14,1.705559e+20,4.761509e+07,2.021530e+14,2.213996e+20,2.079059e+07,7.315950e+13,4.915633e+19,1,98
2.392499e+07,6.847504e+13,2.445474e+19,3.345626e+07,1.399890e+14,1.422636e+20,3.780705e+07,1.751370e+14,2.049950e+20,1.803917e+07,5.443286e+13,2.995841e+19,1,80
1.804757e+07,3.915567e+13,8.761480e+18,3.001156e+07,9.519029e+13,7.334240e+19,3.613277e+07,1.418324e+14,1.277835e+20,1.578712e+07,4.149073e+13,2.430894e+19,0,71
1.551050e+07,3.160705e+13,8.979339e+18,2.533108e+07,1.056572e+14,9.258653e+19,2.924022e+07,1.271749e+14,1.219519e+20,1.806762e+07,5.725717e+13,4.032115e+19,1,78
2.179014e+07,5.903450e+13,1.293348e+19,3.226822e+07,1.024583e+14,8.436205e+19,3.467589e+07,1.419065e+14,1.349723e+20,1.778687e+07,4.994710e+13,3.381822e+19,0,90
2.172509e+07,5.113658e+13,1.800739e+19,3.032020e+07,9.427006e+13,7.460996e+19,3.653633e+07,1.565456e+14,1.644948e+20,1.775432e+07,4.637676e+13,2.375519e+19,3,57
3.026876e+07,9.609834e+13,2.725935e+19,4.436383e+07,1.540555e+14,1.391688e+20,4.504704e+07,2.172114e+14,2.562349e+20,2.155674e+07,6.714291e+13,4.986639e+19,0,20
1.711050e+07,3.577491e+13,8.447267e+18,3.341123e+07,1.209002e+14,1.081207e+20,3.415164e+07,1.279305e+14,1.153123e+20,1.611913e+07,3.796930e+13,1.825051e+19,2,57
2.337564e+07,6.905818e+13,1.870692e+19,3.741320e+07,1.381991e+14,1.267695e+20,4.113766e+07,1.817930e+14,1.947016e+20,1.853896e+07,5.541235e+13,3.422417e+19,2,103
2.342438e+07,5.882083e+13,1.159443e+19,3.864783e+07,1.293046e+14,1.091292e+20,4.198620e+07,1.746195e+14,1.843767e+20,2.166631e+07,6.728383e+13,4.025048e+19,2,88
1.884021e+07,4.401660e+13,1.257981e+19,2.875522e+07,1.033823e+14,8.254470e+19,3.424558e+07,1.263292e+14,1.163701e+20,1.713848e+07,5.143714e+13,3.055618e+19,0,82
1.354469e+07,3.082016e+13,1.321920e+19,2.651956e+07,1.009791e+14,8.639597e+19,2.814269e+07,1.027036e+14,8.471438e+19,1.472049e+07,3.522551e+13,1.743157e+19,3,50
1.685663e+07,4.519276e+13,1.555127e+19,2.691101e+07,1.190689e+14,1.146832e+20,3.374505e+07,1.467465e+14,1.494731e+20,1.929695e+07,5.396828e+13,3.523385e+19,0,35
1.763026e+07,5.142238e+13,2.483969e+19,2.841960e+07,1.509188e+14,1.752382e+20,3.336357e+07,1.540692e+14,1.727856e+20,1.835248e+07,5.045988e+13,3.017734e+19,1,85
1.856366e+07,3.976577e+13,8.882343e+18,3.511302e+07,1.143914e+14,9.562671e+19,3.997648e+07,1.415190e+14,1.196458e+20,1.702373e+07,4.247744e+13,2.073487e+19,0,89
2.080323e+07,5.429966e+13,1.376176e+19,3.171919e+07,1.337097e+14,1.372454e+20,3.507473e+07,1.598248e+14,1.769251e+20,1.701934e+07,5.202771e+13,3.679474e+19,2,56
2.311251e+07,5.957880e+13,1.594171e+19,4.349048e+07,1.993590e+14,2.284500e+20,4.101118e+07,1.635679e+14,1.696280e+20,1.976829e+07,5.882476e+13,3.477397e+19,1,79
2.059964e+07,4.434508e+13,7.973790e+18,3.347521e+07,1.357952e+14,1.275735e+20,3.627378e+07,1.407239e+14,1.312594e+20,1.887506e+07,5.401643e+13,3.699886e+19,0,69
1.611869e+07,3.567230e+13,1.108772e+19,2.822784e+07,1.128362e+14,9.359219e+19,3.368499e+07,1.203108e+14,1.000422e+20,1.793751e+07,4.405710e+13,2.437837e+19,2,96
1.578757e+07,3.731028e+13,1.450983e+19,3.132473e+07,1.532078e+14,1.543270e+20,3.596808e+07,1.647190e+14,1.755795e+20,1.698354e+07,4.618296e+13,3.066595e+19,0,87
1.869473e+07,4.356179e+13,1.624946e+19,3.369710e+07,1.442775e+14,1.446799e+20,3.490635e+07,1.489998e+14,1.513949e+20,1.808444e+07,5.437074e+13,4.114757e+19,0,21
2.016732e+07,5.251898e+13,1.604200e+19,3.696215e+07,1.494232e+14,1.382573e+20,4.165695e+07,1.680055e+14,1.689539e+20,2.030994e+07,5.417600e+13,3.366294e+19,0,46
1.952522e+07,4.431888e+13,1.185126e+19,3.775345e+07,1.345639e+14,1.213956e+20,3.841035e+07,1.358793e+14,1.165923e+20,1.678902e+07,4.000494e+13,1.897171e+19,1,89
1.986824e+07,4.500893e+13,9.725786e+18,3.675559e+07,1.214596e+14,1.034475e+20,3.914844e+07,1.541071e+14,1.440858e+20,1.799163e+07,4.938131e+13,3.161196e+19,1,60
1.491830e+07,2.823092e+13,7.973787e+18,2.525846e+07,8.694957e+13,6.772583e+19,3.010894e+07,1.230639e+14,1.110012e+20,1.341556e+07,2.990672e+13,1.451326e+19,1,37
1.386337e+07,3.181015e+13,1.481797e+19,3.816436e+07,1.557468e+14,1.535609e+20,4.171920e+07,1.635243e+14,1.533214e+20,1.780671e+07,5.025049e+13,2.672759e+19,1,76
1.439450e+07,3.989708e+13,2.996575e+19,3.849661e+07,2.186284e+14,2.572242e+20,4.612638e+07,1.938537e+14,2.078128e+20,2.251456e+07,6.816199e+13,4.145822e+19,3,67
1.568629e+07,3.339314e+13,1.039422e+19,2.852773e+07,1.198188e+14,1.148305e+20,3.325774e+07,1.458556e+14,1.472484e+20,1.772213e+07,4.975264e+13,3.438667e+19,0,44
2.611783e+07,8.356725e+13,2.256095e+19,4.064523e+07,1.416712e+14,1.262802e+20,4.410205e+07,1.733216e+14,1.694815e+20,2.197649e+07,6.644290e+13,4.554225e+19,1,101
2.012650e+07,4.551305e+13,7.903648e+18,3.747039e+07,1.265465e+14,1.009771e+20,4.066806e+07,1.578380e+14,1.525267e+20,1.903129e+07,5.238658e+13,3.032619e+19,1,74
2.033427e+07,4.859573e+13,9.206639e+18,3.812817e+07,1.358049e+14,1.132079e+20,4.112489e+07,1.581396e+14,1.528141e+20,1.842062e+07,5.039452e+13,2.899295e+19,2,74
2.119411e+07,4.945481e+13,1.293156e+19,2.980741e+07,1.112712e+14,9.399206e+19,3.668639e+07,1.481857e+14,1.479143e+20,1.969843e+07,5.583148e+13,3.770593e+19,1,25
1.315246e+07,2.920327e+13,9.102757e+18,2.212469e+07,7.210056e+13,5.235873e+19,2.640848e+07,1.166168e+14,1.002046e+20,1.137472e+07,2.209462e+13,1.041603e+19,3,94
1.951147e+07,4.237106e+13,1.319157e+19,3.168036e+07,1.343880e+14,1.187543e+20,3.960975e+07,1.298376e+14,1.103338e+20,1.814657e+07,4.738649e+13,2.068224e+19,1,68
1.642493e+07,3.559001e+13,8.863754e+18,2.470259e+07,9.028444e+13,7.313044e+19,3.031619e+07,1.195099e+14,1.095969e+20,1.441543e+07,3.668990e+13,2.383822e+19,3,58
2.409750e+07,6.163950e+13,1.509638e+19,3.639127e+07,1.265353e+14,1.150476e+20,3.894107e+07,1.695694e+14,1.687802e+20,1.923235e+07,5.667841e+13,3.878135e+19,0,31
1.869598e+07,4.123526e+13,9.573689e+18,3.290298e+07,1.252022e+14,1.124537e+20,3.584717e+07,1.511209e+14,1.517255e+20,1.605433e+07,4.475776e+13,2.854958e+19,3,52
1.323701e+07,2.705170e+13,1.065744e+19,2.641408e+07,1.130239e+14,1.055357e+20,3.044136e+07,1.339263e+14,1.361517e+20,1.648529e+07,4.183716e+13,2.335948e+19,0,33
2.436458e+07,7.578537e+13,1.910895e+19,3.395981e+07,1.132732e+14,9.691380e+19,3.607697e+07,1.525131e+14,1.515228e+20,1.585429e+07,3.942748e+13,2.456478e+19,2,90
1.219058e+07,2.516832e+13,1.119788e+19,2.348037e+07,1.011784e+14,9.120465e+19,2.881459e+07,1.079759e+14,9.493748e+19,1.612255e+07,3.463354e+13,1.723227e+19,1,42
1.314074e+07,2.635327e+13,8.929921e+18,2.870194e+07,1.127940e+14,1.051376e+20,2.992344e+07,1.188021e+14,1.073566e+20,1.472795e+07,3.648413e+13,1.788660e+19,1,50
1.999963e+07,4.645303e+13,1.023108e+19,2.954659e+07,1.031360e+14,7.778690e+19,3.455528e+07,1.439157e+14,1.426234e+20,1.661830e+07,4.299782e+13,2.753391e+19,1,102
2.240217e+07,6.564829e+13,2.437197e+19,3.750669e+07,1.896529e+14,2.097505e+20,4.647726e+07,2.545343e+14,3.162052e+20,2.398557e+07,9.356016e+13,7.386734e+19,3,73
1.314241e+07,2.478389e+13,7.168677e+18,2.647461e+07,9.814410e+13,7.418208e+19,2.989305e+07,1.091923e+14,9.759363e+19,1.366030e+07,3.247331e+13,1.431751e+19,2,77
2.383034e+07,6.953496e+13,1.927690e+19,3.031053e+07,1.108615e+14,1.001665e+20,3.197588e+07,1.470025e+14,1.551465e+20,1.708931e+07,4.657494e+13,3.080846e+19,3,65
1.692437e+07,3.449027e+13,6.781233e+18,3.170358e+07,1.061796e+14,8.986326e+19,3.368155e+07,1.263889e+14,1.126197e+20,1.597573e+07,3.618322e+13,1.649408e+19,0,57
1.353525e+07,2.988299e+13,9.921908e+18,2.912765e+07,1.117153e+14,1.002943e+20,3.132780e+07,1.199250e+14,1.085126e+20,1.372961e+07,3.227303e+13,1.722458e+19,1,51
1.262314e+07,2.592348e+13,8.056080e+18,2.736333e+07,1.023389e+14,8.777051e+19,3.203294e+07,1.257351e+14,1.150033e+20,1.584669e+07,4.324283e+13,2.590976e+19,3,51
1.590477e+07,3.217977e+13,6.437171e+18,2.289877e+07,7.606847e+13,5.614748e+19,2.772287e+07,1.129345e+14,9.249942e+19,1.282163e+07,2.785778e+13,1.198705e+19,0,66
2.060540e+07,4.587467e+13,1.012397e+19,3.633000e+07,1.177923e+14,9.778267e+19,4.084681e+07,1.665847e+14,1.621836e+20,1.941853e+07,5.764197e+13,3.896871e+19,0,60
2.387635e+07,5.652402e+13,1.000611e+19,3.465806e+07,1.131391e+14,9.623705e+19,3.723842e+07,1.689512e+14,1.784870e+20,1.848944e+07,5.285051e+13,4.044105e+19,2,12
1.611124e+07,3.265384e+13,6.289052e+18,2.585377e+07,9.623023e+13,8.277029e+19,2.890031e+07,1.146779e+14,9.063738e+19,1.271569e+07,2.881654e+13,1.254985e+19,1,66
2.537150e+07,7.107176e+13,1.942135e+19,4.119213e+07,1.654778e+14,1.687527e+20,4.318586e+07,1.808869e+14,1.902254e+20,2.191999e+07,6.714943e+13,4.906619e+19,2,95
1.648544e+07,3.659498e+13,1.280594e+19,2.890693e+07,1.241777e+14,1.198334e+20,3.181693e+07,1.360705e+14,1.351362e+20,1.661042e+07,4.276672e+13,2.762034e+19,1,44
1.626285e+07,3.650304e+13,1.016092e+19,2.933532e+07,1.320540e+14,1.316509e+20,3.581560e+07,1.749442e+14,1.897992e+20,1.984631e+07,6.351935e+13,4.991956e+19,3,87
1.927954e+07,4.249816e+13,9.725479e+18,3.141134e+07,1.027707e+14,8.416738e+19,3.485954e+07,1.448294e+14,1.331656e+20,1.610415e+07,4.193950e+13,2.586788e+19,1,71
2.486550e+07,6.048584e+13,1.132000e+19,4.593535e+07,1.642720e+14,1.420576e+20,5.241683e+07,1.990109e+14,1.945090e+20,2.440862e+07,7.540482e+13,5.141143e+19,2,86
1.477925e+07,2.968221e+13,8.324448e+18,2.617379e+07,8.943858e+13,6.873966e+19,2.981771e+07,1.211869e+14,1.064809e+20,1.256535e+07,2.479288e+13,1.056400e+19,0,37
1.933868e+07,4.080257e+13,8.966449e+18,3.162475e+07,1.197604e+14,1.107054e+20,3.649843e+07,1.428884e+14,1.354841e+20,1.785204e+07,4.342611e+13,2.380350e+19,1,41
1.862840e+07,4.384885e+13,1.111627e+19,3.099259e+07,1.082788e+14,9.161889e+19,3.354131e+07,1.356066e+14,1.295544e+20,1.685113e+07,4.969116e+13,3.285793e+19,3,82
1.989599e+07,4.487190e+13,9.967926e+18,3.605781e+07,1.186905e+14,1.003404e+20,3.963792e+07,1.436832e+14,1.230175e+20,1.621671e+07,3.803338e+13,1.793412e+19,2,89
1.369325e+07,3.003141e+13,1.164249e+19,2.879416e+07,1.163368e+14,1.072670e+20,2.845561e+07,1.057379e+14,9.359193e+19,1.336029e+07,2.968231e+13,1.313785e+19,0,50
2.208393e+07,6.173946e+13,1.517789e+19,3.973009e+07,1.390352e+14,1.231282e+20,4.550872e+07,1.730603e+14,1.661132e+20,2.097695e+07,6.155806e+13,4.145817e+19,2,101
2.365923e+07,6.172831e+13,1.076501e+19,3.736356e+07,1.197513e+14,1.000140e+20,4.277257e+07,1.906197e+14,2.131861e+20,1.946730e+07,5.642857e+13,3.854941e+19,0,29
1.267111e+07,2.728393e+13,1.416346e+19,2.870464e+07,1.280111e+14,1.164872e+20,3.069414e+07,1.177615e+14,1.079098e+20,1.520886e+07,3.836713e+13,1.742493e+19,0,81
2.198731e+07,6.484881e+13,2.234166e+19,3.021321e+07,1.463753e+14,1.675755e+20,2.826681e+07,1.485836e+14,1.671127e+20,1.621314e+07,5.041848e+13,4.174092e+19,1,97
1.486733e+07,4.199242e+13,3.222418e+19,3.985462e+07,2.314511e+14,2.777126e+20,4.741325e+07,1.971953e+14,2.103569e+20,2.274500e+07,7.066181e+13,4.282681e+19,1,67
1.573222e+07,3.469327e+13,9.309165e+18,2.522141e+07,9.344249e+13,8.275075e+19,2.829156e+07,1.287043e+14,1.290526e+20,1.479558e+07,3.833790e+13,2.519773e+19,0,78
1.641408e+07,3.839593e+13,1.008229e+19,2.686541e+07,1.082961e+14,1.060110e+20,2.875806e+07,1.329260e+14,1.365021e+20,1.520610e+07,4.264669e+13,3.121498e+19,2,78
1.916695e+07,4.751295e+13,1.597537e+19,3.439098e+07,1.528162e+14,1.569070e+20,4.123696e+07,1.944295e+14,2.302414e+20,2.279076e+07,7.977127e+13,6.762485e+19,2,47
1.982630e+07,4.424004e+13,8.870563e+18,3.237337e+07,1.096093e+14,9.015610e+19,3.608841e+07,1.375591e+14,1.314920e+20,1.593954e+07,3.898061e+13,2.392045e+19,2,63
2.348035e+07,6.786666e+13,2.189704e+19,3.558076e+07,1.738898e+14,1.930628e+20,3.858703e+07,1.674700e+14,1.785870e+20,2.436903e+07,6.851378e+13,3.971077e+19,0,72
1.631287e+07,3.776669e+13,1.210703e+19,2.532529e+07,1.133696e+14,1.090482e+20,2.740994e+07,1.269826e+14,1.220740e+20,1.325283e+07,2.953262e+13,1.460159e+19,0,9
1.841931e+07,4.969574e+13,1.941458e+19,2.817164e+07,1.293569e+14,1.255014e+20,3.420940e+07,1.519087e+14,1.569312e+20,1.975819e+07,5.791546e+13,3.685107e+19,3,85
1.870544e+07,4.767868e+13,1.782098e+19,3.825846e+07,1.596429e+14,1.574522e+20,3.897903e+07,1.709679e+14,1.866595e+20,1.951068e+07,5.929095e+13,3.859996e+19,2,70
1.749853e+07,4.329338e+13,2.243090e+19,3.581164e+07,1.993489e+14,2.281223e+20,3.722182e+07,1.745848e+14,1.982045e+20,1.699043e+07,4.893652e+13,3.173349e+19,2,59
2.442602e+07,5.872968e+13,1.194285e+19,3.498396e+07,1.214149e+14,1.091240e+20,3.825586e+07,1.735158e+14,1.847355e+20,1.889520e+07,5.809499e+13,4.794260e+19,1,12
1.943452e+07,4.022186e+13,8.188528e+18,3.258829e+07,1.155509e+14,1.013257e+20,3.276862e+07,1.260908e+14,1.185544e+20,1.583410e+07,3.996716e+13,2.147875e+19,3,83
2.217445e+07,5.116413e+13,1.038943e+19,3.623567e+07,1.196095e+14,1.020131e+20,3.486362e+07,1.333495e+14,1.223184e+20,1.657232e+07,4.052087e+13,2.181790e+19,0,62
1.305366e+07,2.774495e+13,8.313736e+18,2.162019e+07,8.634035e+13,7.442519e+19,2.449394e+07,1.052395e+14,9.580823e+19,1.280821e+07,3.017476e+13,1.665442e+19,3,64
1.891843e+07,3.728265e+13,6.000251e+18,3.293015e+07,1.273705e+14,1.211573e+20,3.756353e+07,1.628046e+14,1.782444e+20,1.832768e+07,5.206995e+13,3.727236e+19,2,69
1.817804e+07,4.477411e+13,1.245814e+19,3.395968e+07,1.453282e+14,1.455377e+20,4.090001e+07,1.866014e+14,2.157008e+20,2.014536e+07,6.229503e+13,4.696422e+19,1,47
1.448470e+07,2.882238e+13,6.236026e+18,2.229208e+07,7.578695e+13,5.736406e+19,2.530466e+07,1.092550e+14,9.923191e+19,1.229829e+07,2.702589e+13,1.484866e+19,1,75
1.582027e+07,3.855210e+13,1.836687e+19,3.291301e+07,1.631637e+14,1.697213e+20,3.513325e+07,1.584549e+14,1.664295e+20,1.462372e+07,3.562211e+13,1.889801e+19,1,59
2.469610e+07,5.706574e+13,1.080715e+19,3.502407e+07,1.132867e+14,9.594699e+19,3.692065e+07,1.756260e+14,1.925989e+20,1.880095e+07,5.808989e+13,4.840764e+19,0,12
1.377742e+07,2.703265e+13,1.146868e+19,3.492360e+07,1.419411e+14,1.355409e+20,3.586892e+07,1.279173e+14,1.095205e+20,1.749475e+07,4.524281e+13,1.794175e+19,0,40
1.553058e+07,3.528890e+13,1.058469e+19,2.243031e+07,9.079386e+13,7.294329e+19,2.622226e+07,1.182517e+14,1.141662e+20,1.466174e+07,3.852826e+13,2.223678e+19,0,64
1.597507e+07,3.378891e+13,7.331117e+18,2.444492e+07,9.210366e+13,7.753319e+19,2.567685e+07,9.723381e+13,7.688528e+19,1.313634e+07,2.932849e+13,1.286693e+19,3,66
1.937842e+07,4.790070e+13,1.612058e+19,3.494234e+07,1.673749e+14,1.817390e+20,4.001705e+07,1.563955e+14,1.554726e+20,2.261171e+07,5.522896e+13,2.517171e+19,1,72
1.495881e+07,3.575175e+13,1.648748e+19,2.913055e+07,1.376113e+14,1.338446e+20,3.223759e+07,1.269013e+14,1.197298e+20,1.562694e+07,3.783333e+13,1.778630e+19,0,4
1.278899e+07,2.613740e+13,1.022015e+19,2.741477e+07,1.082168e+14,9.612517e+19,2.873937e+07,1.091224e+14,9.577654e+19,1.425917e+07,3.357950e+13,1.587833e+19,2,50
1.673267e+07,3.685457e+13,1.086608e+19,3.288846e+07,1.160186e+14,1.019079e+20,3.537906e+07,1.394995e+14,1.285185e+20,1.613192e+07,4.305781e+13,1.988327e+19,0,61
1.935199e+07,4.409045e+13,9.890740e+18,3.826312e+07,1.306850e+14,1.158681e+20,3.953320e+07,1.595549e+14,1.556517e+20,1.640292e+07,4.237607e+13,2.584896e+19,3,60
1.716919e+07,3.640031e+13,7.707500e+18,2.269780e+07,7.766417e+13,6.298491e+19,2.428358e+07,1.052456e+14,9.732435e+19,1.252660e+07,2.733062e+13,1.503199e+19,3,75
2.248296e+07,5.107501e+13,1.008865e+19,3.565251e+07,1.241356e+14,1.095637e+20,3.433204e+07,1.308415e+14,1.204391e+20,1.626187e+07,4.094415e+13,2.246030e+19,1,62
2.497632e+07,7.207094e+13,2.663220e+19,3.312484e+07,1.386935e+14,1.404556e+20,3.743941e+07,1.789441e+14,2.129855e+20,2.105610e+07,7.526459e+13,5.040115e+19,2,80
1.422052e+07,2.948668e+13,9.411376e+18,2.360633e+07,8.206718e+13,6.123201e+19,2.867098e+07,1.275633e+14,1.193234e+20,1.347375e+07,3.040456e+13,1.512608e+19,0,91
2.568433e+07,7.237094e+13,1.981617e+19,3.956866e+07,1.565049e+14,1.581348e+20,4.222259e+07,1.796016e+14,1.887790e+20,2.223701e+07,6.871477e+13,5.205765e+19,1,95
2.270523e+07,6.535047e+13,1.945125e+19,3.808431e+07,1.390390e+14,1.285043e+20,4.001457e+07,1.716693e+14,1.741753e+20,1.775410e+07,5.116733e+13,3.081284e+19,1,103
1.710519e+07,3.718106e+13,1.358513e+19,3.456159e+07,1.591881e+14,1.565139e+20,4.042592e+07,1.251683e+14,1.003169e+20,1.908188e+07,5.021079e+13,2.274792e+19,0,68
2.091433e+07,5.154821e+13,1.447687e+19,3.668585e+07,1.289457e+14,1.135929e+20,4.043474e+07,1.583271e+14,1.514116e+20,1.983449e+07,5.564693e+13,3.325956e+19,2,104
1.976721e+07,4.487241e+13,8.740009e+18,3.237292e+07,1.137868e+14,9.885568e+19,3.587502e+07,1.513630e+14,1.478524e+20,1.593369e+07,4.129069e+13,2.379370e+19,2,52
1.945234e+07,4.410627e+13,1.051932e+19,3.732826e+07,1.210465e+14,1.010876e+20,3.896625e+07,1.427117e+14,1.208776e+20,1.756882e+07,4.544565e+13,2.369855e+19,3,89
2.278436e+07,6.751777e+13,1.884222e+19,3.490674e+07,1.630367e+14,1.818324e+20,3.878465e+07,2.025003e+14,2.460905e+20,2.126067e+07,7.285128e+13,6.301266e+19,0,30
2.083144e+07,4.929748e+13,1.280099e+19,3.566108e+07,1.284671e+14,1.153578e+20,4.175286e+07,1.750183e+14,1.852377e+20,1.871915e+07,4.975071e+13,2.792277e+19,3,104
1.940046e+07,4.748610e+13,1.417231e+19,3.344804e+07,1.302404e+14,1.208726e+20,3.596873e+07,1.504876e+14,1.503140e+20,1.764769e+07,4.920045e+13,3.353059e+19,0,45
1.811668e+07,4.582787e+13,1.808672e+19,4.023376e+07,1.774909e+14,1.846189e+20,4.411926e+07,2.067964e+14,2.465009e+20,2.087872e+07,6.413595e+13,4.652526e+19,1,70
2.506858e+07,6.922569e+13,1.939679e+19,3.246151e+07,1.466459e+14,1.505115e+20,3.812892e+07,1.660080e+14,1.781608e+20,2.222111e+07,7.301654e+13,4.337905e+19,1,99
2.568491e+07,8.172922e+13,2.748452e+19,3.597187e+07,1.514861e+14,1.513635e+20,4.695652e+07,2.024593e+14,2.252012e+20,2.117343e+07,7.512471e+13,4.997809e+19,2,98
1.547506e+07,3.347287e+13,1.152183e+19,2.791890e+07,1.286442e+14,1.273642e+20,3.467410e+07,1.551765e+14,1.680595e+20,1.587005e+07,4.401588e+13,2.886568e+19,0,19
1.814406e+07,3.636627e+13,7.899567e+18,3.207406e+07,1.306657e+14,1.189455e+20,3.346122e+07,1.210366e+14,1.052289e+20,1.853444e+07,5.247868e+13,3.605549e+19,3,69
1.810736e+07,4.692392e+13,1.389951e+19,2.945105e+07,1.296440e+14,1.318486e+20,3.338448e+07,1.723624e+14,1.898099e+20,1.743131e+07,4.794180e+13,3.338041e+19,0,24
1.847048e+07,4.653964e+13,1.961568e+19,3.933442e+07,1.800039e+14,1.863757e+20,4.276888e+07,1.896137e+14,2.089567e+20,2.280252e+07,7.603108e+13,5.830338e+19,3,70
2.257395e+07,6.109575e+13,1.278181e+19,3.819412e+07,1.311699e+14,1.127211e+20,4.087552e+07,1.506711e+14,1.394193e+20,1.914146e+07,4.598986e+13,2.050071e+19,2,100
2.257288e+07,6.558895e+13,1.858097e+19,3.859095e+07,1.445717e+14,1.347345e+20,3.852106e+07,1.613644e+14,1.625929e+20,1.837046e+07,5.360945e+13,3.274685e+19,3,103
1.807883e+07,4.453389e+13,1.265903e+19,2.850751e+07,1.215647e+14,1.173266e+20,3.281982e+07,1.452290e+14,1.488275e+20,1.779049e+07,4.772883e+13,3.236673e+19,0,93
1.883712e+07,4.341884e+13,9.350497e+18,3.071827e+07,1.008611e+14,8.326026e+19,3.336012e+07,1.367280e+14,1.242217e+20,1.564614e+07,3.913503e+13,2.353921e+19,3,71
1.579134e+07,3.035518e+13,6.562960e+18,2.708042e+07,9.294616e+13,7.624359e+19,2.824226e+07,1.105218e+14,9.062102e+19,1.299365e+07,3.011700e+13,1.820711e+19,3,53
9.623696e+06,1.627257e+13,7.018711e+18,2.526851e+07,1.065469e+14,8.494795e+19,2.855450e+07,1.046352e+14,9.081397e+19,1.354221e+07,2.842898e+13,1.180920e+19,3,54
2.193142e+07,5.622169e+13,1.125806e+19,3.893185e+07,1.403412e+14,1.250255e+20,4.030014e+07,1.499208e+14,1.395492e+20,2.047822e+07,5.209293e+13,2.594997e+19,3,100
1.410550e+07,2.745884e+13,8.469101e+18,2.575573e+07,9.516925e+13,7.137011e+19,2.937499e+07,1.019530e+14,8.579172e+19,1.434150e+07,3.533995e+13,1.552326e+19,0,77
1.786993e+07,4.007846e+13,9.134655e+18,3.075672e+07,1.120569e+14,9.820337e+19,3.508119e+07,1.449099e+14,1.379931e+20,1.584558e+07,3.910967e+13,2.499103e+19,2,48
2.197514e+07,5.442474e+13,1.015968e+19,3.715966e+07,1.159047e+14,8.896299e+19,4.150610e+07,1.628305e+14,1.562302e+20,1.955944e+07,5.776695e+13,3.731159e+19,3,74
1.702620e+07,3.406379e+13,8.206169e+18,3.184295e+07,1.306484e+14,1.203113e+20,3.548126e+07,1.325647e+14,1.222377e+20,1.774733e+07,4.128613e+13,2.113476e+19,0,41
2.015457e+07,4.566370e+13,9.568545e+18,3.388392e+07,1.432868e+14,1.376437e+20,3.497383e+07,1.371035e+14,1.316275e+20,1.850866e+07,5.339540e+13,3.556858e+19,3,84
1.817592e+07,4.438491e+13,1.667410e+19,3.246650e+07,1.436417e+14,1.427853e+20,4.077590e+07,1.579181e+14,1.550278e+20,1.856041e+07,4.736944e+13,2.488936e+19,0,7
1.986798e+07,4.951967e+13,1.188481e+19,2.984908e+07,1.210036e+14,1.154188e+20,3.070952e+07,1.284168e+14,1.271560e+20,1.775203e+07,5.190848e+13,3.635531e+19,2,65
1.675912e+07,3.654258e+13,1.106960e+19,3.016055e+07,1.330552e+14,1.228951e+20,3.388452e+07,1.159988e+14,9.839456e+19,1.705749e+07,4.258501e+13,2.325650e+19,0,5
2.945985e+07,9.233211e+13,2.177749e+19,4.285064e+07,1.482292e+14,1.324615e+20,4.516566e+07,2.109210e+14,2.431444e+20,2.042343e+07,6.325563e+13,4.852847e+19,2,49
