7.106281e+08,3.700070e+16,1.832134e+23,1.233944e+09,5.088581e+16,3.906224e+23,1.224396e+09,4.981157e+16,3.998545e+23,7.066534e+08,3.645392e+16,1.957675e+23,3,72
2.878617e+08,6.946747e+15,1.011870e+22,5.519013e+08,1.092494e+16,4.814437e+22,5.620424e+08,1.164202e+16,5.101354e+22,3.083836e+08,7.542854e+15,1.475657e+22,3,93
2.073621e+08,3.478056e+15,5.166839e+21,4.441178e+08,7.110103e+15,2.356731e+22,4.717736e+08,7.935254e+15,2.798205e+22,2.472097e+08,4.077039e+15,5.372706e+21,0,26
1.872070e+08,2.973668e+15,2.876578e+21,3.404177e+08,4.431744e+15,9.753231e+21,3.500485e+08,4.797503e+15,1.203053e+22,2.015218e+08,3.151943e+15,3.619504e+21,3,96
1.595826e+08,2.532027e+15,1.805617e+21,2.931834e+08,3.284384e+15,5.531653e+21,3.184603e+08,4.008573e+15,7.589631e+21,1.509239e+08,2.201653e+15,1.421023e+21,1,55
1.518857e+08,1.993276e+15,1.377494e+21,2.523243e+08,2.686116e+15,5.022322e+21,2.607852e+08,3.043281e+15,6.453090e+21,1.328812e+08,1.916048e+15,1.128156e+21,3,90
3.355913e+08,8.143529e+15,1.603128e+22,6.219968e+08,1.374637e+16,5.941356e+22,5.944743e+08,1.349304e+16,6.148219e+22,3.411665e+08,7.861537e+15,1.162484e+22,1,5
3.198435e+08,8.976631e+15,1.945308e+22,5.560835e+08,1.212811e+16,5.570669e+22,5.446938e+08,1.185659e+16,5.529005e+22,3.215447e+08,8.214931e+15,1.982343e+22,0,27
1.450194e+08,1.763215e+15,1.246030e+21,2.970245e+08,2.954115e+15,4.535058e+21,2.828161e+08,2.901944e+15,4.406232e+21,1.442763e+08,1.669600e+15,1.100570e+21,0,28
2.402613e+08,5.893126e+15,5.650186e+21,4.360626e+08,7.141677e+15,1.692146e+22,4.471421e+08,7.837751e+15,2.308546e+22,2.846228e+08,6.585159e+15,8.473791e+21,0,67
2.262133e+08,3.556126e+15,3.027698e+21,3.445959e+08,4.153107e+15,8.147946e+21,3.349605e+08,4.110406e+15,6.509526e+21,1.845678e+08,3.040296e+15,2.169074e+21,3,91
3.177587e+08,8.625832e+15,1.809053e+22,4.836271e+08,8.907058e+15,2.633934e+22,4.837610e+08,8.445849e+15,2.572140e+22,3.255749e+08,8.912396e+15,1.755076e+22,0,16
2.113226e+08,4.448678e+15,2.986850e+21,2.978171e+08,4.144127e+15,6.518270e+21,3.189973e+08,4.904006e+15,7.911743e+21,2.041570e+08,3.801528e+15,3.370308e+21,3,99
2.360952e+08,4.472288e+15,3.634754e+21,4.194887e+08,6.684678e+15,2.208498e+22,3.790278e+08,5.472071e+15,1.288825e+22,2.069513e+08,3.566773e+15,2.925249e+21,3,78
1.155953e+08,1.126824e+15,7.443077e+20,1.901971e+08,1.641543e+15,2.378364e+21,1.981987e+08,1.779377e+15,2.592134e+21,1.265457e+08,1.369739e+15,1.030332e+21,2,102
2.469434e+08,4.841744e+15,1.025474e+22,4.297584e+08,8.624587e+15,3.672833e+22,4.160319e+08,7.590197e+15,3.119196e+22,2.217701e+08,4.527625e+15,7.245129e+21,0,22
1.885766e+08,2.601291e+15,1.913694e+21,2.698278e+08,2.725383e+15,3.254572e+21,2.655783e+08,2.738056e+15,3.567318e+21,1.555459e+08,2.111040e+15,1.212392e+21,1,84
1.565008e+08,1.922574e+15,1.735165e+21,2.924395e+08,2.874220e+15,4.562988e+21,2.907932e+08,2.722575e+15,3.686655e+21,1.578973e+08,1.912580e+15,1.332050e+21,2,82
1.654061e+08,2.416078e+15,2.715721e+21,3.000246e+08,3.437159e+15,6.160861e+21,3.345088e+08,4.316018e+15,9.974235e+21,1.913773e+08,2.712329e+15,3.018283e+21,3,68
1.525784e+08,2.062583e+15,8.161955e+20,2.224938e+08,1.738536e+15,1.375972e+21,2.297362e+08,1.867400e+15,1.702341e+21,1.713709e+08,2.223191e+15,1.209551e+21,3,80
2.157471e+08,3.385861e+15,3.316154e+21,3.277317e+08,4.112106e+15,8.629311e+21,3.137487e+08,4.315624e+15,8.462620e+21,1.687914e+08,2.564209e+15,2.402124e+21,1,10
1.668573e+08,2.792543e+15,2.040595e+21,2.750994e+08,3.272458e+15,7.147296e+21,2.632250e+08,3.352604e+15,6.530923e+21,1.595333e+08,2.372789e+15,1.741500e+21,0,56
1.478111e+08,1.957732e+15,3.029831e+21,2.745222e+08,3.305394e+15,7.368969e+21,2.857184e+08,3.812444e+15,9.344769e+21,1.700590e+08,2.376595e+15,3.833114e+21,1,86
2.715073e+08,5.768504e+15,7.701546e+21,4.943891e+08,6.946604e+15,1.539178e+22,4.654672e+08,6.046879e+15,1.099649e+22,2.528344e+08,4.593965e+15,4.173351e+21,1,73
1.513698e+08,2.036943e+15,1.480256e+21,2.798213e+08,3.369164e+15,6.144322e+21,2.597492e+08,2.785159e+15,4.034263e+21,1.521480e+08,2.051129e+15,1.469608e+21,1,40
2.153338e+08,4.361579e+15,5.399359e+21,4.321236e+08,9.180412e+15,3.504022e+22,3.787617e+08,5.981884e+15,1.357401e+22,2.153943e+08,4.262966e+15,4.596040e+21,2,76
2.004394e+08,3.410837e+15,4.663659e+21,3.067934e+08,4.469739e+15,9.328766e+21,2.561420e+08,2.892602e+15,4.094148e+21,1.579810e+08,2.375765e+15,1.466945e+21,0,76
7.703800e+07,7.083604e+14,2.346068e+20,1.405294e+08,9.509023e+14,1.016765e+21,1.433714e+08,1.229172e+15,1.588240e+21,8.892049e+07,7.873983e+14,3.689838e+20,2,53
1.475667e+08,2.263657e+15,8.579745e+20,2.686016e+08,2.603967e+15,3.112722e+21,2.291919e+08,1.992319e+15,1.742479e+21,1.252565e+08,1.868939e+15,4.300595e+20,1,65
3.171250e+08,9.846869e+15,2.704348e+22,5.776327e+08,1.556520e+16,8.948706e+22,5.921305e+08,1.627315e+16,9.692031e+22,2.957691e+08,8.850375e+15,2.239173e+22,0,32
2.511109e+08,5.187650e+15,8.180986e+21,4.796079e+08,8.976831e+15,2.983537e+22,5.038949e+08,9.377562e+15,3.061434e+22,2.838226e+08,6.477512e+15,8.821853e+21,3,98
1.983048e+08,3.390660e+15,3.374494e+21,3.288343e+08,4.205762e+15,8.524662e+21,2.982947e+08,4.278327e+15,9.395302e+21,1.728083e+08,2.428872e+15,2.684957e+21,0,10
2.525506e+08,5.941688e+15,6.738224e+21,3.749232e+08,6.452655e+15,1.734526e+22,4.077494e+08,8.377537e+15,2.703271e+22,2.473246e+08,5.952709e+15,9.355705e+21,2,99
2.008607e+08,4.521122e+15,3.393909e+21,3.460048e+08,4.690938e+15,9.107431e+21,3.305962e+08,4.722274e+15,9.853668e+21,1.947778e+08,3.919185e+15,3.249393e+21,3,61
1.043393e+08,1.121756e+15,6.674759e+20,1.705995e+08,1.379063e+15,1.573205e+21,1.825440e+08,1.609194e+15,2.117603e+21,9.917624e+07,1.062221e+15,5.055103e+20,3,95
1.500195e+08,1.983189e+15,1.173789e+21,2.512453e+08,2.468170e+15,3.127227e+21,2.409673e+08,2.267109e+15,2.419110e+21,1.399509e+08,1.865831e+15,9.755193e+20,0,55
2.705115e+08,7.543641e+15,1.123795e+22,5.084353e+08,1.137174e+16,5.331539e+22,5.481625e+08,1.480455e+16,8.334468e+22,2.790458e+08,6.394082e+15,1.113199e+22,2,66
2.053203e+08,3.781724e+15,4.371717e+21,3.504438e+08,6.319663e+15,2.531913e+22,3.615619e+08,8.259859e+15,3.755077e+22,2.064853e+08,3.846039e+15,5.884996e+21,3,56
1.909863e+08,2.686491e+15,2.362655e+21,3.338170e+08,4.105517e+15,8.484580e+21,3.615261e+08,4.957241e+15,1.202203e+22,1.937483e+08,3.071539e+15,3.292616e+21,2,84
1.357208e+08,2.110205e+15,2.018290e+21,2.327265e+08,2.983485e+15,5.409987e+21,2.216452e+08,2.451526e+15,3.174780e+21,1.486797e+08,2.536310e+15,2.166993e+21,2,92
1.492546e+08,1.829144e+15,1.319777e+21,2.731677e+08,2.548651e+15,3.322366e+21,2.468989e+08,2.396900e+15,3.595254e+21,1.386999e+08,1.399085e+15,1.079030e+21,2,62
1.501563e+08,1.924192e+15,1.550846e+21,2.833414e+08,2.982123e+15,4.835117e+21,2.707270e+08,2.952023e+15,5.330849e+21,1.620214e+08,1.923382e+15,1.890527e+21,0,83
2.378893e+08,4.662936e+15,4.608514e+21,4.464834e+08,6.801679e+15,1.908118e+22,4.878662e+08,8.262656e+15,2.498303e+22,2.749428e+08,5.716795e+15,7.069795e+21,1,57
1.601951e+08,2.306424e+15,1.964475e+21,2.588070e+08,3.023310e+15,6.354154e+21,2.719564e+08,3.624170e+15,8.032150e+21,1.640953e+08,2.351176e+15,2.576879e+21,3,59
1.768729e+08,2.473201e+15,1.916928e+21,3.398339e+08,3.879951e+15,8.081326e+21,3.409012e+08,3.581009e+15,6.643170e+21,2.034743e+08,2.836430e+15,2.177381e+21,0,11
1.118673e+08,1.146187e+15,5.814837e+20,1.976145e+08,1.344373e+15,1.097421e+21,2.077587e+08,1.517981e+15,1.394212e+21,1.235952e+08,1.062446e+15,5.353550e+20,0,13
2.820208e+08,5.933703e+15,7.989030e+21,5.006264e+08,9.882953e+15,3.701807e+22,5.067349e+08,1.026951e+16,4.005451e+22,2.895014e+08,6.761842e+15,1.022495e+22,1,64
2.940195e+08,7.357858e+15,8.957298e+21,4.935302e+08,7.986839e+15,2.002323e+22,4.950689e+08,9.270711e+15,2.867163e+22,3.038676e+08,6.801829e+15,1.068087e+22,1,35
3.010011e+08,6.266881e+15,8.417965e+21,5.438163e+08,1.066330e+16,4.212705e+22,5.412778e+08,1.012999e+16,3.641468e+22,3.313437e+08,6.700596e+15,1.116486e+22,0,8
1.607034e+08,2.454599e+15,4.282366e+21,3.275705e+08,4.429773e+15,1.197859e+22,3.272795e+08,4.636286e+15,1.331146e+22,1.671480e+08,2.443348e+15,3.827998e+21,0,86
1.080335e+08,9.507480e+14,7.214377e+20,2.085916e+08,1.672034e+15,2.329979e+21,2.116761e+08,1.629063e+15,2.000520e+21,1.045002e+08,1.000985e+15,6.262871e+20,1,63
2.983099e+08,6.927365e+15,1.120399e+22,4.809800e+08,8.804186e+15,2.678452e+22,4.624036e+08,7.826768e+15,2.357221e+22,3.356770e+08,7.195213e+15,9.287191e+21,2,51
9.069794e+07,1.020948e+15,5.333089e+20,1.866932e+08,1.450733e+15,1.610901e+21,1.906141e+08,1.673978e+15,2.554020e+21,1.032561e+08,9.921163e+14,6.335379e+20,3,48
1.520313e+08,1.869329e+15,1.327598e+21,2.739893e+08,2.662625e+15,3.783531e+21,2.796515e+08,2.640033e+15,3.944695e+21,1.653354e+08,1.824259e+15,1.589112e+21,0,14
2.669141e+08,4.755447e+15,8.711342e+21,4.684381e+08,8.870560e+15,3.338954e+22,4.546054e+08,8.165846e+15,2.951254e+22,2.815819e+08,4.718567e+15,1.005995e+22,1,54
1.750779e+08,2.401012e+15,2.119583e+21,3.345655e+08,3.513051e+15,5.245494e+21,3.355002e+08,3.432976e+15,5.053159e+21,1.859022e+08,2.643283e+15,2.018772e+21,1,52
1.039344e+08,9.100493e+14,6.894883e+20,2.175172e+08,1.764051e+15,2.308136e+21,2.004088e+08,1.477451e+15,1.681363e+21,1.064732e+08,1.034963e+15,6.618008e+20,0,63
1.860603e+08,2.571015e+15,2.873049e+21,3.553653e+08,4.284716e+15,7.345349e+21,3.460668e+08,4.239988e+15,7.953345e+21,1.822542e+08,2.347264e+15,2.573814e+21,3,101
2.151750e+08,3.248173e+15,2.827221e+21,3.706486e+08,4.531996e+15,1.026879e+22,3.651254e+08,4.556810e+15,8.844701e+21,1.958988e+08,2.996143e+15,2.121441e+21,2,91
2.382148e+08,4.960093e+15,1.096331e+22,4.248325e+08,7.241809e+15,2.382347e+22,4.335540e+08,7.713525e+15,2.879783e+22,2.448257e+08,4.675130e+15,9.174970e+21,3,49
1.223824e+08,1.333458e+15,1.033253e+21,2.125642e+08,2.133372e+15,3.463860e+21,2.066540e+08,1.966883e+15,3.196951e+21,1.301692e+08,1.359800e+15,1.074715e+21,0,102
1.517548e+08,2.235720e+15,1.719131e+21,2.669062e+08,3.715359e+15,9.897631e+21,2.637264e+08,3.615725e+15,9.163983e+21,1.470672e+08,1.827621e+15,1.314912e+21,1,0
2.342923e+08,5.710102e+15,8.874410e+21,4.191620e+08,7.155716e+15,2.149470e+22,4.052120e+08,6.942721e+15,2.508205e+22,2.423856e+08,4.447831e+15,7.669976e+21,0,36
1.324324e+08,1.192600e+15,5.737337e+20,2.022653e+08,1.418995e+15,1.589401e+21,2.000967e+08,1.350434e+15,1.260939e+21,1.104059e+08,9.369024e+14,3.846318e+20,0,18
2.436086e+08,5.664599e+15,3.096016e+21,4.311120e+08,5.683405e+15,1.116168e+22,4.265934e+08,5.555001e+15,9.067931e+21,2.476293e+08,5.505229e+15,3.812132e+21,2,97
3.052172e+08,8.142953e+15,1.796854e+22,5.169830e+08,1.107930e+16,4.774371e+22,5.343576e+08,1.108459e+16,4.899158e+22,3.862229e+08,1.298593e+16,5.000727e+22,2,79
3.748660e+08,9.671748e+15,3.048106e+22,5.614167e+08,1.576695e+16,8.523222e+22,5.223780e+08,9.237960e+15,3.435124e+22,3.498583e+08,9.161574e+15,3.013118e+22,3,79
1.390740e+08,1.701184e+15,2.340637e+21,2.605743e+08,2.887648e+15,5.574182e+21,2.566851e+08,3.042102e+15,6.252131e+21,1.470527e+08,1.954674e+15,2.198756e+21,3,86
2.296838e+08,4.772675e+15,7.092421e+21,4.135737e+08,7.458886e+15,2.340953e+22,4.130899e+08,7.759090e+15,2.776005e+22,2.410745e+08,4.972340e+15,7.685250e+21,1,94
9.996137e+07,1.092608e+15,7.399959e+20,2.019348e+08,1.607057e+15,1.935389e+21,2.009948e+08,1.665216e+15,2.355561e+21,9.724459e+07,9.406406e+14,5.234717e+20,1,48
2.859661e+08,6.681710e+15,1.669683e+22,5.268955e+08,1.206032e+16,4.902891e+22,5.281530e+08,1.026328e+16,3.412844e+22,3.116932e+08,8.184025e+15,1.445173e+22,0,98
2.508979e+08,6.021428e+15,7.048116e+21,4.216354e+08,7.373642e+15,2.332004e+22,3.997689e+08,6.383409e+15,1.583577e+22,2.106915e+08,5.170926e+15,4.581089e+21,1,61
1.666823e+08,2.285322e+15,1.958345e+21,2.964665e+08,3.465913e+15,6.466135e+21,2.947783e+08,3.492658e+15,6.617014e+21,1.658812e+08,2.297940e+15,2.074331e+21,0,96
2.019207e+08,3.592680e+15,3.438566e+21,3.431260e+08,5.619781e+15,2.016822e+22,3.599039e+08,6.207925e+15,2.128624e+22,2.140486e+08,4.031488e+15,4.753106e+21,2,37
1.766042e+08,2.649298e+15,2.093596e+21,2.989863e+08,3.359823e+15,4.273178e+21,3.129433e+08,3.932303e+15,6.734452e+21,1.889538e+08,2.869753e+15,2.423753e+21,0,84
2.032796e+08,3.615275e+15,1.674806e+21,3.354255e+08,3.717701e+15,5.752369e+21,3.244527e+08,3.564275e+15,4.553256e+21,2.135862e+08,3.582474e+15,2.702568e+21,0,97
1.265521e+08,1.419047e+15,9.160341e+20,2.178973e+08,1.949976e+15,1.936485e+21,1.977538e+08,1.596061e+15,1.499448e+21,1.316925e+08,1.399253e+15,1.035861e+21,0,74
2.042302e+08,3.241227e+15,3.145416e+21,3.749298e+08,4.644703e+15,7.318648e+21,3.899335e+08,5.127846e+15,8.674876e+21,2.151922e+08,3.291812e+15,3.780082e+21,1,104
9.632265e+07,7.344459e+14,3.179515e+20,1.669640e+08,1.005121e+15,6.794552e+20,1.659345e+08,1.028835e+15,6.133701e+20,9.702732e+07,8.351164e+14,3.217240e+20,1,88
1.603815e+08,2.471694e+15,1.296457e+21,2.672449e+08,2.837744e+15,3.945752e+21,2.552187e+08,2.306856e+15,2.702714e+21,1.504934e+08,1.876479e+15,7.843973e+20,0,80
2.952968e+08,7.352525e+15,1.257918e+22,5.104231e+08,1.064758e+16,3.916633e+22,4.874667e+08,9.438969e+15,2.870435e+22,2.711125e+08,7.299968e+15,1.022243e+22,0,34
1.392314e+08,1.646281e+15,1.486579e+21,2.396413e+08,2.622530e+15,4.449135e+21,2.090420e+08,2.034466e+15,2.996588e+21,1.284799e+08,1.625806e+15,1.029762e+21,1,92
2.140443e+08,3.865164e+15,5.213750e+21,4.178216e+08,6.757232e+15,2.337812e+22,3.898888e+08,5.972726e+15,2.053965e+22,2.016694e+08,3.140845e+15,4.199282e+21,0,25
2.091577e+08,3.620288e+15,3.651564e+21,3.180986e+08,4.364969e+15,9.398449e+21,2.985666e+08,3.915134e+15,7.487949e+21,1.712443e+08,2.952015e+15,1.941724e+21,0,70
2.765028e+08,5.766974e+15,1.175596e+22,4.700222e+08,8.420699e+15,2.557858e+22,4.605866e+08,8.358990e+15,2.574453e+22,2.498195e+08,5.360684e+15,1.076296e+22,0,3
1.641138e+08,2.367312e+15,2.153712e+21,2.557558e+08,2.928630e+15,5.903715e+21,2.325829e+08,2.446923e+15,3.911899e+21,1.455900e+08,1.830352e+15,1.663018e+21,0,59
2.447903e+08,5.960699e+15,1.121448e+22,4.103001e+08,1.144481e+16,6.683906e+22,3.849099e+08,8.596679e+15,3.827516e+22,2.323784e+08,5.100886e+15,9.062568e+21,2,81
2.181102e+08,4.357353e+15,3.638158e+21,3.446271e+08,4.925617e+15,1.089482e+22,3.415090e+08,4.640310e+15,7.614668e+21,1.949730e+08,4.487551e+15,3.278462e+21,2,61
2.679116e+08,6.342654e+15,6.514523e+21,3.915955e+08,5.604017e+15,1.093638e+22,3.958227e+08,5.355488e+15,9.483409e+21,2.616593e+08,6.387915e+15,6.571262e+21,2,64
1.104298e+08,1.094819e+15,8.372216e+20,1.922162e+08,1.702599e+15,2.514192e+21,2.047735e+08,1.959197e+15,3.392808e+21,1.050482e+08,1.108192e+15,5.901499e+20,0,95
1.991336e+08,3.302406e+15,3.317065e+21,3.079894e+08,3.901651e+15,7.807511e+21,3.087032e+08,4.189542e+15,8.988563e+21,1.842723e+08,2.857199e+15,2.898733e+21,0,0
2.184040e+08,3.705922e+15,7.575337e+21,3.836472e+08,5.459521e+15,1.539330e+22,3.738993e+08,5.563419e+15,1.575721e+22,2.151906e+08,4.049205e+15,6.903982e+21,1,49
1.149480e+08,1.398027e+15,8.336289e+20,2.438921e+08,2.113197e+15,2.367408e+21,2.407128e+08,2.231311e+15,3.345208e+21,1.261122e+08,1.336800e+15,8.752640e+20,3,62
9.267043e+07,8.834894e+14,3.478866e+20,1.642259e+08,1.244962e+15,1.432435e+21,1.695126e+08,1.621940e+15,2.568279e+21,1.018117e+08,9.819029e+14,5.993889e+20,0,53
3.470254e+08,8.694679e+15,7.996918e+21,5.433595e+08,9.499604e+15,2.368517e+22,5.444900e+08,1.058043e+16,2.665539e+22,3.273881e+08,7.866714e+15,1.189268e+22,1,33
2.249968e+08,4.026937e+15,6.079878e+21,3.653615e+08,5.122235e+15,8.991904e+21,3.320467e+08,4.026346e+15,5.938499e+21,2.172015e+08,3.491150e+15,4.784177e+21,0,79
1.622784e+08,2.372325e+15,2.220678e+21,2.748145e+08,3.387937e+15,7.407194e+21,2.852921e+08,3.748242e+15,8.466126e+21,1.506180e+08,2.246318e+15,2.079912e+21,0,92
1.700181e+08,2.385443e+15,2.510313e+21,3.110896e+08,3.248059e+15,5.862154e+21,3.199824e+08,3.320357e+15,5.985373e+21,1.640223e+08,2.379235e+15,2.113203e+21,1,82
1.463676e+08,2.007565e+15,1.370574e+21,2.389454e+08,2.133026e+15,2.686286e+21,2.599558e+08,2.688616e+15,4.581877e+21,1.408615e+08,1.671440e+15,1.169022e+21,1,90
8.124240e+07,7.324961e+14,3.194465e+20,1.757612e+08,1.661287e+15,3.010704e+21,1.705113e+08,1.706984e+15,3.525720e+21,8.468627e+07,6.757887e+14,3.096089e+20,2,58
1.719275e+08,2.689296e+15,1.754073e+21,3.054009e+08,3.771856e+15,6.744521e+21,3.016224e+08,3.837123e+15,6.766054e+21,2.117956e+08,3.237997e+15,2.368950e+21,0,39
2.056689e+08,3.249376e+15,7.018849e+21,3.835254e+08,6.579785e+15,2.133707e+22,3.832792e+08,7.233708e+15,2.418726e+22,2.152537e+08,3.134119e+15,6.201402e+21,2,68
1.691902e+08,2.754907e+15,2.968327e+21,3.101921e+08,3.784491e+15,6.343518e+21,3.159406e+08,4.218784e+15,8.711504e+21,1.678820e+08,2.699157e+15,3.053888e+21,2,71
4.698255e+08,1.515025e+16,4.307549e+22,7.876606e+08,2.155760e+16,1.212154e+23,7.123469e+08,1.954827e+16,1.048864e+23,3.898254e+08,1.085929e+16,2.261464e+22,0,17
2.081022e+08,3.816632e+15,5.393729e+21,4.190793e+08,7.658108e+15,2.751703e+22,3.890384e+08,6.044023e+15,1.875554e+22,1.920336e+08,3.004396e+15,3.266343e+21,1,96
1.612210e+08,2.327366e+15,1.314064e+21,2.860932e+08,2.940005e+15,3.426328e+21,2.983974e+08,3.360674e+15,4.774542e+21,1.825950e+08,2.464801e+15,1.652905e+21,3,77
2.637937e+08,6.911318e+15,1.243923e+22,4.338132e+08,8.179149e+15,2.769085e+22,4.476245e+08,8.152890e+15,2.639183e+22,2.517262e+08,5.724605e+15,5.621425e+21,2,75
1.100657e+08,1.311631e+15,1.002140e+21,2.189942e+08,1.923419e+15,2.884595e+21,2.165382e+08,1.772705e+15,2.479825e+21,1.193215e+08,1.229804e+15,8.366958e+20,3,63
2.862802e+08,8.300409e+15,9.276882e+21,4.802654e+08,8.987784e+15,2.865433e+22,4.827921e+08,8.993279e+15,3.054311e+22,2.959776e+08,8.079273e+15,1.008927e+22,2,67
2.177284e+08,4.001132e+15,1.775445e+21,3.923869e+08,4.691853e+15,7.923832e+21,3.857978e+08,4.513212e+15,7.073104e+21,2.315651e+08,4.404569e+15,3.403881e+21,3,97
2.094723e+08,4.354451e+15,3.382809e+21,3.531145e+08,4.206543e+15,5.920784e+21,3.512004e+08,4.080669e+15,5.743436e+21,2.161524e+08,4.137974e+15,2.476824e+21,0,73
2.650585e+08,5.790332e+15,1.184949e+22,4.435768e+08,9.121059e+15,3.557049e+22,4.559991e+08,9.208597e+15,3.601785e+22,2.472811e+08,4.923151e+15,7.780889e+21,2,94
3.359530e+08,8.152216e+15,1.106661e+22,5.159545e+08,9.786035e+15,3.698350e+22,5.218967e+08,9.909930e+15,3.681800e+22,3.049409e+08,8.017606e+15,1.045773e+22,1,87
1.166610e+08,1.261140e+15,9.572254e+20,2.142564e+08,1.582444e+15,1.790570e+21,2.237607e+08,1.743451e+15,2.478525e+21,1.161749e+08,9.804848e+14,7.035980e+20,0,15
2.698475e+08,5.601150e+15,6.984296e+21,4.508768e+08,7.899269e+15,2.663814e+22,4.778314e+08,1.055310e+16,4.370808e+22,2.758422e+08,5.383152e+15,9.324025e+21,0,38
1.029734e+09,8.718414e+16,1.137111e+24,1.915771e+09,2.215277e+17,4.867979e+24,1.701855e+09,1.189444e+17,1.976499e+24,9.106541e+08,6.324466e+16,5.912777e+23,2,72
1.035364e+08,1.067742e+15,8.380305e+20,2.050828e+08,1.865302e+15,2.580007e+21,1.953182e+08,1.587015e+15,2.100715e+21,9.642116e+07,9.323127e+14,5.397907e+20,0,48
2.432159e+08,5.506688e+15,5.133203e+21,3.786332e+08,6.451385e+15,1.337136e+22,4.040930e+08,7.623924e+15,1.770979e+22,2.316533e+08,5.818978e+15,7.969332e+21,0,99
1.787520e+08,2.071566e+15,1.915923e+21,3.036047e+08,3.008670e+15,4.929056e+21,2.920766e+08,3.002516e+15,5.321190e+21,1.718759e+08,2.014622e+15,1.772105e+21,0,100
1.602007e+08,2.194699e+15,2.189365e+21,3.095089e+08,3.387083e+15,5.729855e+21,3.269513e+08,3.792613e+15,7.510967e+21,1.757271e+08,2.181176e+15,1.847084e+21,2,60
3.196887e+08,8.586876e+15,2.280382e+22,4.686363e+08,9.474484e+15,2.992857e+22,4.592765e+08,8.083110e+15,2.155981e+22,3.157929e+08,8.297446e+15,1.387929e+22,0,23
1.720649e+08,2.698162e+15,3.988655e+21,3.139710e+08,3.970041e+15,8.888081e+21,3.092296e+08,3.994548e+15,9.403193e+21,1.772719e+08,2.735570e+15,3.368260e+21,0,49
2.251385e+08,4.423919e+15,6.458454e+21,4.267464e+08,7.911678e+15,2.738759e+22,4.034847e+08,7.289292e+15,2.358509e+22,2.293309e+08,4.278461e+15,6.436827e+21,0,94
2.338688e+08,3.979458e+15,4.385708e+21,3.948104e+08,5.755322e+15,1.567401e+22,3.703761e+08,6.125478e+15,2.001280e+22,2.083816e+08,3.223397e+15,3.801781e+21,1,38
1.336083e+08,1.845131e+15,1.596729e+21,2.242093e+08,2.700785e+15,5.016722e+21,2.179780e+08,2.414882e+15,3.680947e+21,1.250873e+08,1.895436e+15,1.246807e+21,3,92
2.141120e+08,4.933854e+15,5.737088e+21,3.719122e+08,8.227851e+15,4.003247e+22,3.627453e+08,7.442003e+15,2.958769e+22,2.070946e+08,4.944949e+15,5.528108e+21,3,81
1.334271e+08,1.571299e+15,1.325775e+21,2.479572e+08,2.187045e+15,2.056749e+21,2.365290e+08,1.982164e+15,1.932828e+21,1.466442e+08,1.651521e+15,1.399862e+21,0,88
2.347601e+08,6.126186e+15,7.873301e+21,3.814578e+08,9.278107e+15,4.954984e+22,3.713709e+08,8.017554e+15,3.158669e+22,2.078702e+08,4.957676e+15,6.328985e+21,1,81
2.491236e+08,4.080187e+15,7.877936e+21,4.289887e+08,7.464955e+15,2.590318e+22,4.044454e+08,6.192118e+15,2.020196e+22,2.117115e+08,3.238428e+15,3.896442e+21,1,69
2.585423e+08,4.368794e+15,7.872100e+21,4.696475e+08,8.402187e+15,2.999916e+22,4.500995e+08,8.398012e+15,3.283506e+22,2.475362e+08,3.850035e+15,7.533377e+21,0,54
2.011370e+08,3.536987e+15,3.917313e+21,3.512985e+08,6.357258e+15,2.719668e+22,3.544046e+08,7.483278e+15,3.203733e+22,1.971513e+08,3.804445e+15,4.529393e+21,1,56
1.736332e+08,2.967343e+15,2.077464e+21,2.658720e+08,3.385068e+15,6.277120e+21,3.053957e+08,3.815865e+15,6.223801e+21,1.818479e+08,2.917253e+15,2.793495e+21,0,85
3.350829e+08,9.153240e+15,7.911052e+21,5.731311e+08,1.083790e+16,3.138912e+22,5.817305e+08,1.130427e+16,3.465234e+22,3.145496e+08,8.842640e+15,8.144270e+21,3,47
8.309698e+07,5.519675e+14,2.205050e+20,1.327216e+08,8.308412e+14,7.192282e+20,1.204272e+08,6.305481e+14,5.073469e+20,6.322254e+07,3.678113e+14,1.122013e+20,0,58
2.682621e+08,4.756542e+15,9.259545e+21,4.866554e+08,9.196122e+15,3.517225e+22,4.481507e+08,7.868083e+15,2.952488e+22,2.487206e+08,4.083604e+15,7.143380e+21,2,54
1.311726e+08,1.655991e+15,6.572469e+20,2.395154e+08,2.188824e+15,2.715333e+21,2.342619e+08,2.330327e+15,2.792316e+21,1.281274e+08,1.700030e+15,7.244465e+20,3,55
7.672253e+07,5.964961e+14,2.517979e+20,1.354084e+08,8.672317e+14,7.893870e+20,1.408936e+08,9.702268e+14,1.057957e+21,7.919248e+07,5.592735e+14,2.286611e+20,1,58
5.186217e+08,1.736309e+16,5.676716e+22,7.587669e+08,2.166345e+16,1.261608e+23,7.822794e+08,2.264026e+16,1.377549e+23,5.666128e+08,1.898459e+16,8.045845e+22,0,2
1.149575e+08,1.325277e+15,7.869060e+20,1.972264e+08,1.826210e+15,2.392120e+21,2.032304e+08,1.816123e+15,2.155114e+21,1.134753e+08,1.288793e+15,5.747453e+20,1,46
2.093053e+08,2.961339e+15,3.731198e+21,3.535981e+08,3.984454e+15,4.985028e+21,3.557364e+08,4.041074e+15,6.542979e+21,1.882392e+08,2.389487e+15,1.996068e+21,0,101
1.941938e+08,2.455152e+15,3.068358e+21,3.653953e+08,4.076432e+15,8.133549e+21,3.559268e+08,4.127246e+15,8.404353e+21,1.938279e+08,2.411999e+15,2.600148e+21,0,43
2.069570e+08,3.787473e+15,4.414769e+21,3.992137e+08,8.008782e+15,3.151498e+22,3.530781e+08,5.351284e+15,1.565767e+22,2.173368e+08,3.653116e+15,5.134282e+21,0,42
2.481457e+08,5.363348e+15,7.056757e+21,4.469723e+08,8.207279e+15,2.975480e+22,4.694780e+08,8.340890e+15,3.061732e+22,2.648150e+08,6.191297e+15,7.799138e+21,2,93
1.580993e+08,1.999860e+15,1.260474e+21,2.989052e+08,2.886037e+15,3.342028e+21,3.018024e+08,2.964112e+15,3.962679e+21,1.692939e+08,2.046544e+15,1.694526e+21,0,103
1.790144e+08,3.374872e+15,3.782487e+21,3.132889e+08,4.524941e+15,9.507469e+21,3.202482e+08,4.617409e+15,9.318790e+21,1.765055e+08,3.044877e+15,2.616364e+21,2,85
1.727983e+08,2.441410e+15,1.665011e+21,3.192634e+08,3.469279e+15,4.522873e+21,3.193238e+08,3.654658e+15,5.273321e+21,1.936383e+08,2.706853e+15,1.831110e+21,1,77
2.325510e+08,3.582966e+15,3.028630e+21,3.445968e+08,4.256362e+15,8.382205e+21,3.497340e+08,4.411763e+15,7.570197e+21,1.839501e+08,3.190046e+15,2.391380e+21,1,91
3.656463e+08,9.629201e+15,1.287607e+22,5.290776e+08,8.899995e+15,2.653756e+22,5.306057e+08,9.413783e+15,3.104329e+22,3.364044e+08,8.770785e+15,1.709596e+22,2,87
2.139544e+08,2.848471e+15,4.210507e+21,3.682408e+08,4.265579e+15,8.829100e+21,3.588270e+08,4.334029e+15,9.020407e+21,1.783533e+08,2.381023e+15,2.483594e+21,1,43
1.523153e+08,1.775046e+15,1.332604e+21,2.669065e+08,2.284716e+15,2.490779e+21,2.591770e+08,2.201297e+15,2.081881e+21,1.392586e+08,1.559961e+15,8.952875e+20,3,88
1.966530e+08,3.363324e+15,3.013156e+21,3.586303e+08,5.406411e+15,1.691700e+22,3.323386e+08,4.780506e+15,1.095552e+22,1.789697e+08,3.305002e+15,2.758786e+21,1,45
1.193896e+08,1.309578e+15,9.313701e+20,2.171501e+08,2.142527e+15,3.558861e+21,2.294417e+08,2.370609e+15,4.192180e+21,1.354598e+08,1.516087e+15,1.201099e+21,3,102
1.540248e+08,2.105691e+15,1.601037e+21,2.923818e+08,2.689196e+15,3.053675e+21,2.853687e+08,2.717461e+15,3.653988e+21,1.595750e+08,2.040286e+15,1.404337e+21,0,52
9.064441e+07,8.964128e+14,3.343729e+20,1.598518e+08,1.300282e+15,1.722851e+21,1.545163e+08,1.371299e+15,1.939175e+21,9.242015e+07,8.225885e+14,3.855715e+20,1,53
2.519580e+08,5.746313e+15,6.939773e+21,4.824514e+08,8.981205e+15,2.860063e+22,4.623016e+08,7.913347e+15,2.238829e+22,2.383124e+08,5.313489e+15,5.635298e+21,1,34
1.727777e+08,1.956932e+15,1.532965e+21,3.088172e+08,2.974165e+15,4.690811e+21,3.039913e+08,3.147572e+15,5.855170e+21,1.745388e+08,1.911603e+15,1.458395e+21,1,100
2.789695e+08,6.266269e+15,9.899149e+21,4.762942e+08,8.513829e+15,3.126047e+22,4.542195e+08,7.927529e+15,2.836712e+22,2.729519e+08,6.007867e+15,9.083507e+21,1,93
3.093972e+08,8.559800e+15,1.089460e+22,6.281233e+08,1.278138e+16,5.855716e+22,6.885481e+08,1.717340e+16,1.064662e+23,3.394039e+08,8.223763e+15,9.401208e+21,2,73
2.161369e+08,4.182226e+15,4.226673e+21,3.286645e+08,4.638253e+15,1.034612e+22,3.081700e+08,3.848202e+15,7.333838e+21,2.055567e+08,3.782275e+15,1.876225e+21,0,75
1.794171e+08,2.535409e+15,2.739854e+21,2.899680e+08,3.422300e+15,7.055385e+21,2.971307e+08,3.397283e+15,6.388306e+21,1.900455e+08,2.971752e+15,3.552967e+21,2,83
1.573181e+08,1.910775e+15,1.757099e+21,2.702902e+08,2.823023e+15,4.904007e+21,2.864875e+08,3.187085e+15,5.709612e+21,1.563308e+08,1.975634e+15,1.962626e+21,1,83
3.116684e+08,7.702429e+15,6.038829e+21,5.599702e+08,9.784569e+15,2.514735e+22,4.985372e+08,7.939754e+15,1.729233e+22,2.811018e+08,6.236011e+15,4.781299e+21,0,47
3.696689e+08,9.964879e+15,2.580258e+22,5.503214e+08,1.120043e+16,4.138088e+22,5.046353e+08,1.041759e+16,4.141620e+22,3.295688e+08,7.469820e+15,2.138045e+22,1,36
1.529508e+08,1.858773e+15,1.877550e+21,2.596546e+08,2.547650e+15,3.896177e+21,2.681314e+08,3.030705e+15,5.375841e+21,1.500391e+08,1.987940e+15,2.192701e+21,0,1
1.652561e+08,2.822704e+15,1.640291e+21,2.899159e+08,3.320886e+15,4.790348e+21,2.792308e+08,3.020356e+15,4.039267e+21,1.557257e+08,2.121752e+15,1.168808e+21,2,55
1.815859e+08,3.332941e+15,3.156544e+21,3.125774e+08,4.130246e+15,7.155520e+21,3.196533e+08,4.188178e+15,7.099819e+21,1.903817e+08,3.334074e+15,2.721220e+21,3,76
1.658295e+08,2.743681e+15,1.101895e+21,3.013301e+08,3.112807e+15,3.790366e+21,2.767761e+08,2.800359e+15,2.942239e+21,1.326829e+08,1.978891e+15,4.833966e+20,0,65
2.425361e+08,4.318939e+15,6.114665e+21,4.305040e+08,6.363714e+15,1.273381e+22,4.353987e+08,6.865906e+15,1.723836e+22,2.232584e+08,3.929585e+15,5.126115e+21,0,104
2.929945e+08,6.898458e+15,9.315251e+21,4.710177e+08,7.338992e+15,2.114291e+22,4.956869e+08,8.761085e+15,3.023261e+22,2.678316e+08,4.921728e+15,6.581207e+21,0,6
2.666632e+08,5.849103e+15,6.235165e+21,4.127722e+08,6.448327e+15,1.500914e+22,4.146714e+08,5.729979e+15,1.233921e+22,2.809582e+08,5.232676e+15,5.699811e+21,0,51
2.353671e+08,5.117124e+15,6.620064e+21,4.233624e+08,7.236741e+15,1.697493e+22,4.226094e+08,6.555844e+15,1.268673e+22,2.664792e+08,6.087959e+15,6.766050e+21,1,98
1.457849e+08,1.735420e+15,6.302655e+20,2.147933e+08,1.659499e+15,1.509746e+21,2.227097e+08,1.748028e+15,1.505559e+21,1.511708e+08,1.766705e+15,7.968812e+20,1,80
1.479091e+08,1.952666e+15,2.085141e+21,2.748965e+08,3.061489e+15,4.679801e+21,2.573519e+08,2.741147e+15,4.476995e+21,1.585955e+08,1.915157e+15,2.046314e+21,0,71
2.815651e+08,5.589349e+15,1.120798e+22,4.448575e+08,8.296199e+15,2.884632e+22,4.236825e+08,7.089883e+15,2.238819e+22,2.579612e+08,5.233710e+15,6.663369e+21,1,78
1.228352e+08,1.593316e+15,8.311859e+20,2.268045e+08,1.954970e+15,2.470348e+21,2.389971e+08,2.399213e+15,3.797287e+21,1.299665e+08,1.501602e+15,8.012856e+20,0,90
2.282156e+08,4.551103e+15,4.226338e+21,4.494453e+08,7.351556e+15,1.994625e+22,4.877273e+08,8.837454e+15,2.640224e+22,2.957295e+08,6.737175e+15,8.731524e+21,3,57
1.863386e+08,2.225210e+15,2.183486e+21,3.647097e+08,4.030687e+15,8.936884e+21,3.405206e+08,3.707048e+15,8.026792e+21,1.837792e+08,1.981713e+15,2.160131e+21,0,20
2.734274e+08,5.709047e+15,7.517968e+21,4.726094e+08,8.026465e+15,2.342174e+22,4.941293e+08,9.697005e+15,3.224947e+22,2.847430e+08,6.018663e+15,9.919792e+21,2,57
1.810340e+08,2.703378e+15,1.862254e+21,3.500524e+08,3.932955e+15,6.361173e+21,3.529739e+08,4.281171e+15,7.790586e+21,1.997292e+08,2.905074e+15,3.122956e+21,2,103
9.220163e+07,8.519116e+14,4.575696e+20,1.669785e+08,1.107365e+15,8.248205e+20,1.615221e+08,1.079996e+15,7.618061e+20,1.090216e+08,9.958361e+14,5.699243e+20,2,88
1.789315e+08,2.088265e+15,2.226198e+21,3.499037e+08,4.320109e+15,1.057242e+22,3.337195e+08,3.470125e+15,6.770622e+21,1.535462e+08,2.073593e+15,1.648065e+21,0,82
1.880934e+08,3.170392e+15,2.113979e+21,3.243428e+08,3.351865e+15,5.179812e+21,2.951354e+08,3.286051e+15,6.082952e+21,1.627740e+08,2.225154e+15,1.580637e+21,3,50
2.485424e+08,5.752833e+15,6.026461e+21,3.867177e+08,5.412011e+15,1.133540e+22,3.835755e+08,5.805444e+15,1.433391e+22,2.434151e+08,4.747625e+15,4.919761e+21,0,35
2.306936e+08,5.553092e+15,7.055547e+21,3.874837e+08,6.694905e+15,1.900554e+22,3.821726e+08,6.617868e+15,1.584908e+22,2.303199e+08,5.274872e+15,6.952134e+21,1,85
1.507510e+08,1.926274e+15,2.282823e+21,3.349578e+08,4.189586e+15,8.758816e+21,3.516402e+08,4.689228e+15,9.623615e+21,1.948041e+08,2.968557e+15,4.414001e+21,0,89
1.505386e+08,2.398788e+15,1.647080e+21,2.898750e+08,3.876627e+15,1.028900e+22,3.122699e+08,5.059530e+15,1.562337e+22,1.744095e+08,2.717398e+15,2.512839e+21,2,56
3.224374e+08,8.563167e+15,2.110709e+22,4.526654e+08,7.947323e+15,1.967131e+22,4.215384e+08,6.142884e+15,1.095998e+22,3.020929e+08,7.542539e+15,2.354829e+22,1,79
2.088558e+08,3.290921e+15,5.277370e+21,3.952449e+08,6.355180e+15,1.958374e+22,3.502813e+08,4.485316e+15,1.085014e+22,1.754613e+08,2.556975e+15,2.229505e+21,0,69
1.940244e+08,3.248935e+15,3.463312e+21,3.731102e+08,5.373734e+15,1.437237e+22,3.876489e+08,5.784329e+15,1.624288e+22,2.043315e+08,3.280044e+15,4.116512e+21,2,96
3.543090e+08,8.958433e+15,1.291467e+22,5.293500e+08,1.000621e+16,3.482906e+22,5.179820e+08,9.777407e+15,3.407509e+22,3.229859e+08,8.561447e+15,1.360482e+22,0,87
2.600822e+08,4.263803e+15,5.256635e+21,4.772791e+08,7.444684e+15,2.416097e+22,4.975462e+08,9.087350e+15,2.900913e+22,2.696231e+08,5.233289e+15,6.276147e+21,0,21
1.635836e+08,2.378902e+15,4.026203e+21,3.248993e+08,6.166950e+15,2.333691e+22,2.946407e+08,4.365188e+15,1.403049e+22,1.482767e+08,1.975565e+15,2.336764e+21,0,46
1.723895e+08,2.159779e+15,3.093122e+21,3.402200e+08,4.251313e+15,8.941047e+21,3.645523e+08,4.813401e+15,9.933989e+21,1.938782e+08,2.998744e+15,4.374840e+21,1,89
1.585813e+08,2.148286e+15,2.127040e+21,2.963540e+08,3.182627e+15,5.053100e+21,2.977309e+08,3.168539e+15,4.851432e+21,1.692291e+08,2.241870e+15,1.822515e+21,1,60
1.596003e+08,2.326864e+15,1.575310e+21,2.662195e+08,3.379554e+15,8.148961e+21,2.966915e+08,4.059721e+15,9.747995e+21,1.770488e+08,2.458767e+15,2.381241e+21,1,37
2.821539e+08,7.038516e+15,1.558357e+22,3.824506e+08,6.528602e+15,1.446878e+22,4.058995e+08,7.929949e+15,2.370981e+22,2.385821e+08,4.655182e+15,8.198401e+21,1,76
2.266862e+08,5.349966e+15,4.371130e+21,4.606341e+08,7.742774e+15,2.255059e+22,4.975296e+08,9.598461e+15,3.356957e+22,3.073296e+08,8.368273e+15,1.188605e+22,3,67
2.973008e+08,6.755117e+15,1.331188e+22,6.271275e+08,1.506168e+16,8.166204e+22,6.857870e+08,2.181046e+16,1.459593e+23,3.892711e+08,9.190884e+15,2.306571e+22,0,44
1.818585e+08,2.434615e+15,2.493190e+21,3.031257e+08,3.182494e+15,3.681565e+21,2.950959e+08,2.962567e+15,3.462103e+21,1.617808e+08,1.924250e+15,1.484887e+21,1,101
1.675376e+08,2.245139e+15,2.005519e+21,2.720055e+08,2.892064e+15,4.674161e+21,2.581822e+08,2.543898e+15,3.328493e+21,1.475758e+08,1.932696e+15,1.462788e+21,1,74
1.708775e+08,2.631811e+15,2.621458e+21,3.066544e+08,3.915340e+15,9.641094e+21,2.951418e+08,3.562638e+15,8.301622e+21,1.656879e+08,2.407142e+15,2.616507e+21,2,74
2.166922e+08,3.543623e+15,5.092020e+21,4.050638e+08,5.967309e+15,1.678538e+22,3.631987e+08,4.832779e+15,1.208294e+22,1.844037e+08,2.973266e+15,3.609444e+21,1,25
2.588259e+08,5.619870e+15,1.033318e+22,4.098204e+08,7.930663e+15,2.562804e+22,4.125695e+08,7.877784e+15,2.815885e+22,2.586149e+08,5.270600e+15,8.986284e+21,3,94
2.186211e+08,3.864475e+15,7.961085e+21,3.605115e+08,5.149486e+15,1.214698e+22,3.609486e+08,5.106385e+15,1.225618e+22,2.160556e+08,3.526537e+15,5.258792e+21,1,68
7.288462e+07,5.617292e+14,2.070785e+20,1.271203e+08,7.858610e+14,7.448705e+20,1.355079e+08,9.944688e+14,1.078774e+21,7.171658e+07,5.464165e+14,2.211959e+20,3,58
1.349822e+08,1.026720e+15,8.913564e+20,2.581849e+08,1.937817e+15,2.927887e+21,2.834180e+08,2.326559e+15,3.559135e+21,1.323429e+08,1.146512e+15,9.028964e+20,0,31
1.460868e+08,2.183557e+15,1.537263e+21,2.961802e+08,2.708673e+15,2.987590e+21,3.054593e+08,3.007949e+15,4.286297e+21,1.683872e+08,2.314456e+15,1.636280e+21,3,52
3.982893e+08,1.036702e+16,1.091634e+22,6.388169e+08,1.227471e+16,3.380965e+22,6.318581e+08,1.255767e+16,3.442641e+22,3.642914e+08,8.951740e+15,1.377292e+22,0,33
1.409204e+08,1.689277e+15,1.059947e+21,2.248153e+08,2.016793e+15,2.638997e+21,2.317546e+08,2.212487e+15,3.414470e+21,1.232564e+08,1.363628e+15,7.233464e+20,2,90
1.973350e+08,3.146163e+15,3.734755e+21,3.705530e+08,6.694432e+15,1.988376e+22,3.417563e+08,4.574545e+15,1.090969e+22,1.997721e+08,3.125999e+15,2.918332e+21,1,42
2.612802e+08,6.571779e+15,1.125502e+22,4.011691e+08,5.708384e+15,1.383414e+22,3.679310e+08,4.865768e+15,1.174894e+22,2.087930e+08,3.374740e+15,3.273643e+21,1,50
1.500922e+08,1.939086e+15,1.858529e+21,2.785218e+08,3.328989e+15,7.895538e+21,2.806557e+08,3.659536e+15,9.870086e+21,1.682675e+08,2.058919e+15,2.315200e+21,1,102
3.014117e+08,7.551767e+15,1.459445e+22,5.225002e+08,7.465249e+15,1.615933e+22,5.125523e+08,7.263120e+15,1.712509e+22,3.094365e+08,6.222730e+15,6.512959e+21,3,73
1.922868e+08,2.889710e+15,3.113956e+21,3.256855e+08,3.792021e+15,5.251532e+21,3.196844e+08,3.830832e+15,6.072160e+21,1.939628e+08,2.836838e+15,2.202145e+21,2,77
1.717585e+08,3.070726e+15,1.270111e+21,2.941098e+08,3.015732e+15,3.792848e+21,2.766619e+08,2.758598e+15,3.097522e+21,1.412703e+08,2.406509e+15,7.045563e+20,3,65
2.093187e+08,3.612859e+15,3.221279e+21,3.642679e+08,5.003059e+15,1.029746e+22,3.291862e+08,3.761072e+15,4.749911e+21,1.851395e+08,2.905534e+15,1.828784e+21,0,57
2.926166e+08,7.053409e+15,9.350530e+21,5.249816e+08,1.036536e+16,3.952724e+22,5.096122e+08,9.894431e+15,3.895675e+22,3.269961e+08,6.856531e+15,1.078543e+22,1,51
2.394104e+08,5.054858e+15,4.421630e+21,4.063646e+08,5.913372e+15,1.215347e+22,4.225151e+08,6.495862e+15,1.542918e+22,3.003846e+08,5.628873e+15,6.226874e+21,3,51
2.127566e+08,3.706018e+15,3.261798e+21,3.516864e+08,5.023077e+15,1.140037e+22,3.408166e+08,5.006945e+15,1.231122e+22,2.052265e+08,3.477143e+15,2.960605e+21,0,66
1.417169e+08,1.683145e+15,1.604692e+21,2.690051e+08,2.735150e+15,3.617022e+21,2.520147e+08,2.387676e+15,3.346733e+21,1.555500e+08,1.636486e+15,1.124734e+21,0,60
1.564131e+08,2.012933e+15,1.798132e+21,3.132747e+08,3.659767e+15,8.506038e+21,3.005158e+08,3.338376e+15,7.498179e+21,1.481627e+08,1.782365e+15,1.804718e+21,2,12
2.208366e+08,4.242447e+15,4.015427e+21,4.034860e+08,6.800936e+15,2.143900e+22,3.967401e+08,6.770694e+15,2.125924e+22,2.119333e+08,4.120778e+15,4.091822e+21,1,66
1.258635e+08,1.538558e+15,1.538190e+21,2.289124e+08,2.605350e+15,5.808963e+21,2.347449e+08,2.857446e+15,7.303831e+21,1.142433e+08,1.299173e+15,8.017704e+20,2,95
3.197209e+08,7.400126e+15,1.586537e+22,5.696920e+08,1.174253e+16,4.451037e+22,5.265651e+08,1.027385e+16,4.546165e+22,2.997797e+08,5.709572e+15,9.457566e+21,1,44
4.044970e+08,1.185400e+16,3.226796e+22,5.930026e+08,1.492539e+16,7.690340e+22,5.541700e+08,1.177504e+16,5.265987e+22,3.610376e+08,1.014465e+16,2.052095e+22,3,87
1.750116e+08,2.325065e+15,3.058536e+21,3.365772e+08,6.052589e+15,2.034729e+22,3.070414e+08,3.761650e+15,7.804206e+21,1.713224e+08,2.564682e+15,3.066001e+21,1,71
1.201739e+08,1.532198e+15,1.883784e+21,2.366428e+08,2.473789e+15,4.172474e+21,2.458476e+08,2.629077e+15,4.959267e+21,1.360208e+08,1.603450e+15,1.777601e+21,2,86
1.771502e+08,2.982156e+15,2.184396e+21,2.833088e+08,3.713739e+15,8.195210e+21,3.060857e+08,4.457706e+15,1.050657e+22,1.995604e+08,3.515605e+15,3.655987e+21,0,37
2.850177e+08,6.290272e+15,6.433599e+21,4.537520e+08,7.613296e+15,2.116088e+22,4.443130e+08,7.283816e+15,2.054071e+22,2.626385e+08,5.683141e+15,5.348132e+21,1,41
1.610920e+08,2.002678e+15,1.771174e+21,3.177892e+08,3.248187e+15,5.837742e+21,3.325670e+08,3.755320e+15,7.702642e+21,1.837095e+08,2.021759e+15,2.327847e+21,3,82
1.938222e+08,3.024310e+15,5.008496e+21,3.483714e+08,4.635641e+15,1.042366e+22,3.630726e+08,4.824750e+15,1.093744e+22,2.041812e+08,2.937073e+15,4.415596e+21,2,89
1.613818e+08,2.480730e+15,1.397846e+21,2.850270e+08,2.786624e+15,3.618361e+21,2.816627e+08,2.865170e+15,4.189905e+21,1.638697e+08,2.227729e+15,1.549992e+21,0,50
1.976664e+08,2.148296e+15,2.374329e+21,3.261350e+08,3.258626e+15,5.156733e+21,3.231536e+08,3.208086e+15,5.212960e+21,1.517162e+08,1.806720e+15,1.396055e+21,2,101
1.845323e+08,2.820089e+15,2.985066e+21,3.443448e+08,3.666395e+15,5.907461e+21,3.505354e+08,4.109062e+15,7.766672e+21,1.890040e+08,2.334386e+15,2.210085e+21,0,29
2.124529e+08,4.462099e+15,6.176083e+21,3.672259e+08,8.238361e+15,3.940236e+22,3.379804e+08,6.381346e+15,2.305416e+22,1.844455e+08,3.515084e+15,3.426826e+21,0,81
2.299177e+08,5.732135e+15,2.661762e+21,4.390665e+08,6.378271e+15,1.307560e+22,4.578029e+08,6.822513e+15,1.362284e+22,2.279038e+08,5.462436e+15,3.121411e+21,1,97
2.818343e+08,7.930582e+15,9.730367e+21,5.194709e+08,1.025562e+16,3.567494e+22,5.299473e+08,1.122500e+16,4.636096e+22,3.142420e+08,8.491060e+15,1.197196e+22,1,67
2.345200e+08,4.668712e+15,3.625239e+21,3.643755e+08,4.775434e+15,1.006237e+22,3.499224e+08,4.744414e+15,1.077164e+22,1.936326e+08,3.112575e+15,2.655630e+21,0,78
2.460446e+08,4.970692e+15,4.122913e+21,4.152006e+08,6.252564e+15,1.735849e+22,4.062500e+08,6.593680e+15,1.687180e+22,2.411909e+08,4.937903e+15,5.403968e+21,2,78
3.111171e+08,9.779864e+15,7.803079e+21,5.698077e+08,1.093491e+16,2.895827e+22,6.300158e+08,1.379915e+16,5.066369e+22,3.257917e+08,9.193501e+15,8.388492e+21,2,47
1.225430e+08,1.373219e+15,1.248810e+21,2.423351e+08,2.240194e+15,3.598018e+21,2.294369e+08,1.922649e+15,2.686448e+21,1.133308e+08,1.169577e+15,7.760812e+20,2,63
6.750520e+08,3.916337e+16,1.817002e+23,1.202356e+09,5.104372e+16,3.931852e+23,1.112515e+09,4.245540e+16,3.101001e+23,6.306814e+08,3.083464e+16,1.323776e+23,0,72
3.494936e+08,9.275669e+15,1.544283e+22,6.603069e+08,1.522169e+16,6.409080e+22,6.211020e+08,1.344957e+16,4.973961e+22,3.239447e+08,8.854222e+15,1.130919e+22,0,9
2.241891e+08,4.567969e+15,4.731613e+21,3.679328e+08,5.436607e+15,1.062194e+22,3.802066e+08,5.813565e+15,1.143996e+22,2.172165e+08,4.126806e+15,4.202343e+21,3,85
1.882926e+08,3.603235e+15,2.922390e+21,3.145585e+08,4.296261e+15,8.494012e+21,2.973232e+08,3.995320e+15,7.691885e+21,1.790361e+08,2.888106e+15,1.753292e+21,2,70
1.782850e+08,2.988978e+15,2.903923e+21,2.775602e+08,3.465803e+15,8.050805e+21,2.808157e+08,3.714743e+15,7.816039e+21,1.603728e+08,2.446952e+15,2.591945e+21,2,59
1.638255e+08,2.454449e+15,2.616555e+21,3.256317e+08,4.065575e+15,1.064583e+22,3.037784e+08,3.561866e+15,8.746125e+21,1.504127e+08,1.972745e+15,2.054559e+21,1,12
1.514697e+08,1.611026e+15,1.481986e+21,2.807743e+08,2.836745e+15,5.345878e+21,3.012622e+08,3.355915e+15,6.802103e+21,1.615508e+08,1.855299e+15,1.901922e+21,3,83
1.268014e+08,1.306673e+15,8.973118e+20,2.335368e+08,1.880917e+15,1.926207e+21,2.164123e+08,1.853289e+15,2.246372e+21,1.194801e+08,1.007135e+15,6.653168e+20,0,62
2.299090e+08,4.541906e+15,3.333288e+21,3.204980e+08,3.786669e+15,5.897337e+21,3.332128e+08,3.769558e+15,5.201978e+21,2.332158e+08,4.275739e+15,2.765304e+21,3,64
1.846340e+08,2.348428e+15,2.394685e+21,3.852665e+08,5.060076e+15,1.306399e+22,3.563831e+08,4.275872e+15,1.006233e+22,1.884232e+08,2.527916e+15,2.367302e+21,2,69
3.796248e+08,1.192895e+16,1.943613e+22,7.452611e+08,2.168913e+16,1.360679e+23,7.094072e+08,1.852056e+16,1.046691e+23,3.851174e+08,1.191203e+16,1.692724e+22,1,47
2.387751e+08,5.035344e+15,4.529188e+21,3.866666e+08,6.899678e+15,2.188806e+22,3.563216e+08,4.515629e+15,8.927809e+21,2.330189e+08,4.403374e+15,2.661071e+21,1,75
1.660776e+08,2.421376e+15,2.199742e+21,2.668103e+08,3.165947e+15,6.908910e+21,2.567143e+08,3.055901e+15,5.724675e+21,1.597898e+08,2.273214e+15,2.303510e+21,1,59
1.631906e+08,2.112861e+15,1.998269e+21,3.073807e+08,3.784194e+15,8.496012e+21,2.778540e+08,2.899723e+15,6.338245e+21,1.561732e+08,1.856538e+15,1.873087e+21,0,12
1.965320e+08,3.361253e+15,4.497592e+21,3.689767e+08,5.849197e+15,1.445623e+22,3.680966e+08,5.386651e+15,1.206039e+22,2.146246e+08,3.564782e+15,4.756191e+21,0,40
2.836512e+08,5.737712e+15,7.785603e+21,4.059448e+08,6.393034e+15,1.531076e+22,3.851175e+08,4.925726e+15,9.038952e+21,2.459487e+08,5.083758e+15,3.974356e+21,0,64
2.223645e+08,5.134982e+15,4.505089e+21,3.683004e+08,5.745546e+15,1.358007e+22,3.877053e+08,6.417901e+15,1.820370e+22,2.103542e+08,4.186036e+15,3.558347e+21,3,66
8.583791e+08,5.836025e+16,5.993751e+23,1.477678e+09,8.495228e+16,9.757084e+23,1.405516e+09,6.967048e+16,7.384432e+23,7.697567e+08,3.974230e+16,2.575142e+23,1,72
3.921678e+08,1.292627e+16,3.309654e+22,6.046643e+08,1.373912e+16,5.783756e+22,6.239443e+08,1.363179e+16,5.403569e+22,3.642093e+08,1.098594e+16,2.224254e+22,0,4
2.119934e+08,3.851225e+15,3.199643e+21,3.529965e+08,4.169216e+15,8.929296e+21,3.711034e+08,5.007442e+15,1.111490e+22,2.122984e+08,3.317233e+15,3.937772e+21,2,50
2.082180e+08,3.952399e+15,3.336378e+21,2.991024e+08,3.833104e+15,6.874045e+21,2.905937e+08,3.576058e+15,4.982245e+21,1.831746e+08,3.317291e+15,2.416376e+21,0,61
1.609861e+08,2.262843e+15,2.507917e+21,3.080251e+08,3.393908e+15,5.445225e+21,3.064383e+08,3.491638e+15,6.192173e+21,1.749672e+08,2.066694e+15,1.961609e+21,3,60
2.442862e+08,4.744324e+15,5.253727e+21,3.990420e+08,6.755036e+15,2.159334e+22,3.937499e+08,5.683026e+15,1.359314e+22,2.500571e+08,5.418796e+15,3.486141e+21,3,75
1.276272e+08,1.784867e+15,1.419784e+21,2.280896e+08,1.841538e+15,1.759384e+21,2.238771e+08,1.940384e+15,2.447329e+21,1.279171e+08,1.267632e+15,8.148899e+20,1,62
1.582070e+08,2.316539e+15,1.157342e+21,2.260413e+08,1.932466e+15,1.909232e+21,2.216321e+08,1.798645e+15,1.610384e+21,1.615779e+08,1.901289e+15,1.065603e+21,2,80
2.356093e+08,4.408670e+15,4.211314e+21,4.069974e+08,5.349144e+15,1.112647e+22,3.786984e+08,5.066808e+15,1.024754e+22,2.027878e+08,3.144724e+15,2.914577e+21,0,91
1.214816e+08,1.476673e+15,1.358909e+21,2.246748e+08,2.633042e+15,6.673167e+21,2.408328e+08,3.294376e+15,1.001999e+22,1.115342e+08,1.313731e+15,7.497867e+20,1,95
1.892811e+08,2.205869e+15,1.423695e+21,3.098577e+08,3.080109e+15,4.397644e+21,3.359088e+08,4.221040e+15,7.847689e+21,1.846534e+08,2.757725e+15,3.474205e+21,1,103
1.910145e+08,2.661288e+15,4.013562e+21,3.488610e+08,4.696945e+15,1.058990e+22,3.144801e+08,3.798346e+15,7.202210e+21,1.675267e+08,2.531882e+15,2.415529e+21,0,68
2.197642e+08,4.061719e+15,4.883420e+21,4.134896e+08,5.541906e+15,9.080984e+21,4.346488e+08,6.638837e+15,1.552099e+22,2.331560e+08,3.798998e+15,4.452024e+21,2,104
1.477768e+08,2.119691e+15,1.514782e+21,3.024256e+08,2.699928e+15,2.907571e+21,3.330913e+08,3.495162e+15,5.752835e+21,1.713565e+08,2.217995e+15,1.644597e+21,2,52
1.730078e+08,2.432843e+15,3.291114e+21,3.429257e+08,4.351471e+15,9.535058e+21,3.941493e+08,6.170759e+15,1.671791e+22,2.156209e+08,3.699463e+15,6.262786e+21,3,89
2.194188e+08,4.989112e+15,6.178815e+21,4.239759e+08,7.702152e+15,2.605224e+22,3.921353e+08,7.368109e+15,2.369307e+22,2.301214e+08,5.256260e+15,8.793862e+21,0,30
2.448886e+08,4.204567e+15,5.517116e+21,4.408766e+08,6.221317e+15,1.236147e+22,4.891011e+08,8.351128e+15,2.228705e+22,2.523047e+08,5.121158e+15,8.488201e+21,3,104
1.971383e+08,3.045231e+15,2.407362e+21,3.174334e+08,4.060149e+15,9.680401e+21,3.355603e+08,4.968913e+15,1.237173e+22,1.653111e+08,2.779277e+15,2.635697e+21,0,45
1.989369e+08,3.906324e+15,3.480622e+21,3.012562e+08,3.792979e+15,5.329490e+21,2.703823e+08,3.317502e+15,5.084565e+21,1.720042e+08,2.877959e+15,2.179466e+21,1,70
2.544716e+08,5.879713e+15,5.777435e+21,3.776904e+08,6.299484e+15,1.367738e+22,4.032501e+08,7.836829e+15,1.934779e+22,2.591298e+08,6.365094e+15,9.798343e+21,1,99
2.711127e+08,5.547405e+15,1.103628e+22,4.704251e+08,8.752582e+15,2.879641e+22,5.053706e+08,1.074372e+16,4.055430e+22,3.128108e+08,7.461674e+15,1.635531e+22,2,98
2.286252e+08,4.202465e+15,5.514675e+21,3.762436e+08,4.973542e+15,1.112528e+22,3.548438e+08,5.097618e+15,1.278968e+22,1.796945e+08,2.859967e+15,3.084042e+21,0,19
2.328917e+08,4.004226e+15,6.350049e+21,4.217049e+08,6.366794e+15,1.891906e+22,4.404672e+08,7.992347e+15,2.997962e+22,2.365995e+08,3.783724e+15,5.307131e+21,3,69
3.217212e+08,7.253265e+15,6.737045e+21,4.633142e+08,8.252413e+15,2.595094e+22,4.509002e+08,8.344177e+15,2.383752e+22,2.804257e+08,5.995727e+15,6.369847e+21,0,24
1.749259e+08,3.308802e+15,2.241830e+21,2.612239e+08,2.966113e+15,3.412266e+21,2.740869e+08,3.381220e+15,5.238370e+21,1.692511e+08,2.759287e+15,1.714313e+21,3,70
1.602057e+08,1.643432e+15,1.172413e+21,2.798217e+08,2.414355e+15,3.039039e+21,2.973007e+08,3.017565e+15,5.602592e+21,1.635058e+08,1.714870e+15,1.244893e+21,2,100
1.739826e+08,2.665204e+15,2.095263e+21,3.182410e+08,3.485693e+15,5.008717e+21,3.245120e+08,3.769206e+15,5.714657e+21,1.692318e+08,2.494252e+15,2.034021e+21,3,103
2.756896e+08,5.786957e+15,8.902675e+21,4.682650e+08,7.965895e+15,2.909663e+22,4.901394e+08,9.181346e+15,3.612291e+22,2.944712e+08,6.688889e+15,1.277757e+22,0,93
1.598676e+08,2.208532e+15,2.111682e+21,2.978609e+08,3.384842e+15,5.719180e+21,2.965980e+08,3.439422e+15,6.104149e+21,1.678101e+08,2.233356e+15,2.313330e+21,3,71
1.344272e+08,1.667669e+15,1.050312e+21,2.607422e+08,2.653341e+15,4.917423e+21,2.595743e+08,3.224655e+15,7.059541e+21,1.517502e+08,2.161985e+15,2.182336e+21,3,53
2.748744e+08,4.764811e+15,8.909786e+21,4.742182e+08,8.934593e+15,3.729797e+22,5.024617e+08,9.925928e+15,4.428101e+22,2.589419e+08,4.727274e+15,8.879953e+21,3,54
1.811155e+08,2.226460e+15,1.982603e+21,3.370327e+08,3.581260e+15,6.664026e+21,3.518263e+08,4.567442e+15,1.148511e+22,1.817612e+08,2.594224e+15,2.387335e+21,3,100
1.546019e+08,1.936930e+15,9.401957e+20,2.856874e+08,2.740346e+15,2.726715e+21,2.748060e+08,2.807929e+15,3.614932e+21,1.757271e+08,2.176096e+15,1.278957e+21,0,77
1.111836e+08,1.396464e+15,1.085290e+21,2.399460e+08,2.744053e+15,5.512481e+21,2.336448e+08,2.503460e+15,4.692173e+21,1.204142e+08,1.375664e+15,1.196450e+21,2,48
1.494272e+08,1.867201e+15,1.366990e+21,2.651829e+08,2.545642e+15,3.586334e+21,2.707635e+08,2.803057e+15,4.852438e+21,1.717330e+08,2.060207e+15,2.214739e+21,3,74
2.435099e+08,5.782918e+15,4.737085e+21,3.973912e+08,6.640774e+15,1.786448e+22,4.153049e+08,7.710779e+15,2.448694e+22,2.784390e+08,6.272015e+15,6.296579e+21,0,41
1.797927e+08,2.600390e+15,1.831841e+21,2.813987e+08,2.859252e+15,3.303986e+21,2.877376e+08,3.394518e+15,5.205240e+21,1.812483e+08,2.570957e+15,1.895528e+21,3,84
2.458623e+08,5.650896e+15,8.994989e+21,3.922225e+08,6.747665e+15,1.653961e+22,4.065160e+08,6.681233e+15,1.386577e+22,2.676779e+08,5.930581e+15,6.006047e+21,0,7
1.925409e+08,3.622104e+15,1.566219e+21,3.267640e+08,3.442096e+15,4.419440e+21,2.905401e+08,3.052495e+15,3.386240e+21,1.574802e+08,2.735492e+15,8.983494e+20,2,65
5.238464e+08,1.863439e+16,8.375067e+22,8.642333e+08,2.985919e+16,2.195625e+23,8.282282e+08,2.909177e+16,1.972734e+23,5.563360e+08,2.256411e+16,9.703928e+22,0,5
2.820764e+08,6.704071e+15,1.838845e+22,5.653325e+08,1.248984e+16,5.970014e+22,5.419451e+08,1.161614e+16,5.521833e+22,2.908578e+08,6.168899e+15,1.639435e+22,2,49
