7.573684e-02,8.554131e-04,2.377306e-06,1.436914e-01,2.426736e-03,8.881779e-06,1.392135e-01,2.063694e-03,7.218683e-06,8.708941e-02,1.178376e-03,3.749599e-06,2,76,N,N
7.996478e-02,7.339849e-04,9.416425e-07,1.201001e-01,1.994792e-03,7.653589e-06,1.436846e-01,2.594019e-03,1.050862e-05,7.820249e-02,8.558435e-04,2.151481e-06,1,41,N,N
8.117091e-02,8.958865e-04,1.401737e-06,1.180702e-01,1.766654e-03,5.515770e-06,1.501098e-01,2.410736e-03,9.258101e-06,9.577587e-02,1.278929e-03,4.064322e-06,0,46,N,N
8.900253e-02,1.114538e-03,2.237222e-06,1.089400e-01,2.053769e-03,7.177747e-06,1.441762e-01,2.568113e-03,1.024100e-05,9.848973e-02,1.340990e-03,4.223173e-06,2,96,N,N
7.868224e-02,8.745552e-04,1.481263e-06,1.318838e-01,2.785077e-03,1.230149e-05,1.414308e-01,2.883666e-03,1.247460e-05,7.496142e-02,1.047315e-03,3.891514e-06,0,58,N,N
9.164272e-02,1.056448e-03,1.602253e-06,1.279916e-01,1.851860e-03,6.544989e-06,1.447494e-01,2.488280e-03,9.939764e-06,8.563303e-02,1.204897e-03,3.602587e-06,1,103,N,N
7.209151e-02,8.766024e-04,1.741379e-06,1.119821e-01,2.012843e-03,8.116567e-06,1.231389e-01,2.257479e-03,9.331521e-06,7.488408e-02,9.822051e-04,3.184205e-06,2,55,N,N
9.998177e-02,1.062953e-03,1.053504e-06,1.321021e-01,1.976193e-03,7.147323e-06,1.370111e-01,2.432004e-03,9.938340e-06,8.845677e-02,1.146913e-03,3.457601e-06,2,84,N,N
8.016471e-02,7.061755e-04,6.349622e-07,1.181330e-01,1.360484e-03,4.071323e-06,1.411688e-01,2.324348e-03,8.950292e-06,7.226103e-02,8.138699e-04,2.184742e-06,0,29,N,N
8.992929e-02,1.000293e-03,1.407875e-06,1.272400e-01,2.111873e-03,8.227139e-06,1.466223e-01,2.993300e-03,1.260693e-05,7.857070e-02,1.063463e-03,3.408070e-06,0,52,N,N
7.459921e-02,6.523189e-04,8.901610e-07,1.165596e-01,2.038245e-03,8.175121e-06,1.144466e-01,1.806492e-03,7.025141e-06,8.582100e-02,1.253513e-03,3.717075e-06,2,80,N,N
8.412084e-02,9.209119e-04,1.300073e-06,1.043571e-01,1.760674e-03,6.436045e-06,1.144399e-01,2.018811e-03,8.184079e-06,8.575716e-02,1.176611e-03,4.003550e-06,2,65,N,N
7.051820e-02,8.908668e-04,2.046124e-06,1.150061e-01,2.190525e-03,9.089779e-06,1.222204e-01,2.230345e-03,9.415550e-06,7.696977e-02,1.026802e-03,3.476109e-06,3,55,N,N
9.059872e-02,8.983742e-04,1.171650e-06,1.097172e-01,1.833683e-03,6.125738e-06,1.388075e-01,2.063592e-03,7.388838e-06,9.566388e-02,1.155715e-03,2.485930e-06,3,68,N,N
7.128945e-02,7.090211e-04,1.083008e-06,1.092110e-01,1.850159e-03,6.604342e-06,1.253639e-01,1.852090e-03,6.813866e-06,8.919667e-02,1.206334e-03,4.076781e-06,0,47,N,N
8.995218e-02,9.976083e-04,1.529667e-06,1.265040e-01,1.718371e-03,5.781739e-06,1.466375e-01,2.430878e-03,9.100913e-06,8.526313e-02,9.129280e-04,2.108733e-06,0,15,N,N
7.249410e-02,9.033321e-04,2.593510e-06,1.479277e-01,2.531552e-03,9.957895e-06,1.534779e-01,2.679259e-03,1.054920e-05,8.126675e-02,1.070413e-03,2.733132e-06,1,76,N,N
6.998159e-02,7.555375e-04,1.689174e-06,1.126657e-01,2.398712e-03,9.695203e-06,1.309812e-01,2.926355e-03,1.243604e-05,7.946457e-02,1.093118e-03,3.226042e-06,3,91,N,N
7.789031e-02,1.035148e-03,3.154026e-06,1.425747e-01,2.390037e-03,9.600969e-06,1.556982e-01,2.717301e-03,1.052601e-05,8.764045e-02,1.213650e-03,3.159234e-06,0,76,N,N
1.000037e-01,1.021276e-03,1.046971e-06,1.186874e-01,1.624071e-03,5.261272e-06,1.289857e-01,2.122251e-03,8.162657e-06,8.752139e-02,1.190706e-03,3.667497e-06,1,62,N,N
6.813703e-02,5.847461e-04,6.736798e-07,1.066457e-01,1.998369e-03,8.195179e-06,1.099825e-01,2.506629e-03,1.005602e-05,6.911013e-02,8.509313e-04,2.672799e-06,0,75,N,N
7.179675e-02,8.871655e-04,1.959433e-06,1.120260e-01,1.993755e-03,7.805818e-06,1.336467e-01,2.424725e-03,1.029497e-05,7.969005e-02,1.111634e-03,3.698817e-06,1,55,N,N
8.407520e-02,1.017801e-03,2.114685e-06,1.094450e-01,2.051516e-03,7.330771e-06,1.464475e-01,2.622521e-03,1.056732e-05,8.958368e-02,1.101112e-03,3.217366e-06,3,96,N,N
8.049411e-02,8.122573e-04,1.074648e-06,1.374593e-01,2.324403e-03,9.162143e-06,1.400736e-01,2.569770e-03,1.052695e-05,8.659071e-02,1.102736e-03,2.985594e-06,0,57,N,N
9.055514e-02,1.060034e-03,1.717433e-06,1.235190e-01,2.118812e-03,7.924770e-06,1.349474e-01,2.374029e-03,9.950778e-06,8.904968e-02,1.422129e-03,5.236090e-06,1,82,N,N
9.604599e-02,1.212786e-03,1.743375e-06,1.177269e-01,2.286113e-03,9.692179e-06,1.416886e-01,3.263227e-03,1.408732e-05,9.043675e-02,1.139438e-03,2.818490e-06,0,39,N,N
9.174293e-02,1.105206e-03,1.809007e-06,1.233677e-01,2.541064e-03,1.105910e-05,1.455912e-01,3.664642e-03,1.647475e-05,7.876565e-02,1.101914e-03,3.157649e-06,1,66,N,N
8.970249e-02,8.649182e-04,8.904347e-07,1.430570e-01,2.183662e-03,8.180228e-06,1.426203e-01,2.419237e-03,9.584902e-06,8.189388e-02,1.063040e-03,3.455247e-06,0,63,N,N
6.581465e-02,7.967992e-04,2.603346e-06,1.190563e-01,2.598924e-03,1.044509e-05,1.414018e-01,2.802039e-03,1.260141e-05,9.173471e-02,1.404716e-03,4.326839e-06,0,81,N,N
7.813678e-02,7.568584e-04,9.639765e-07,1.013693e-01,1.499173e-03,4.733595e-06,1.371568e-01,1.830691e-03,6.232066e-06,8.284899e-02,1.193625e-03,3.476977e-06,1,98,N,N
6.960430e-02,5.698767e-04,6.972173e-07,1.021479e-01,1.431440e-03,4.314255e-06,8.889269e-02,8.801344e-04,2.142757e-06,6.002936e-02,5.302474e-04,1.085332e-06,2,79,N,N
7.714580e-02,8.373741e-04,1.359782e-06,1.235446e-01,2.140164e-03,8.264914e-06,1.465647e-01,2.862724e-03,1.182867e-05,7.047777e-02,8.278191e-04,2.582306e-06,3,48,N,N
9.797779e-02,9.590010e-04,7.904742e-07,1.314259e-01,1.512495e-03,4.107728e-06,1.530107e-01,1.929500e-03,6.236187e-06,9.391511e-02,1.093973e-03,2.970279e-06,2,86,N,N
8.230122e-02,7.946613e-04,9.865075e-07,1.092185e-01,1.703814e-03,5.449203e-06,1.278766e-01,1.691481e-03,5.685928e-06,9.112991e-02,1.123158e-03,3.098217e-06,0,27,N,N
7.554773e-02,6.438602e-04,6.740323e-07,1.223027e-01,1.782282e-03,6.110583e-06,1.129800e-01,1.488381e-03,4.932643e-06,6.877439e-02,7.341176e-04,1.907151e-06,3,79,N,N
1.018095e-01,1.086840e-03,1.114780e-06,1.516692e-01,2.171364e-03,7.808213e-06,1.416590e-01,2.329038e-03,8.888026e-06,9.031861e-02,1.132155e-03,3.074455e-06,0,26,N,N
7.416588e-02,7.536521e-04,1.204772e-06,1.316617e-01,2.189809e-03,8.694469e-06,1.309102e-01,2.355425e-03,8.737614e-06,8.168422e-02,1.142723e-03,2.916074e-06,1,61,N,N
7.246838e-02,7.361041e-04,1.185772e-06,1.118440e-01,1.897226e-03,7.031704e-06,1.301071e-01,1.953338e-03,7.296379e-06,8.530482e-02,1.136114e-03,3.724801e-06,1,47,N,N
7.290906e-02,7.310131e-04,1.108399e-06,1.053868e-01,2.063656e-03,8.672983e-06,8.330627e-02,1.414818e-03,5.161150e-06,5.737714e-02,6.448032e-04,1.980370e-06,1,97,N,N
9.036057e-02,9.317519e-04,1.009916e-06,1.133770e-01,1.699066e-03,5.503924e-06,1.320330e-01,2.130128e-03,8.239090e-06,8.920263e-02,1.235557e-03,3.892869e-06,0,0,N,N
8.527452e-02,9.094973e-04,1.365357e-06,1.258354e-01,1.775989e-03,6.135816e-06,1.427336e-01,2.276450e-03,8.669578e-06,8.744729e-02,1.054794e-03,2.824556e-06,2,104,N,N
7.115723e-02,6.483062e-04,8.170723e-07,1.047026e-01,1.948009e-03,7.938132e-06,9.918319e-02,2.047953e-03,8.090011e-06,6.594040e-02,7.744845e-04,2.381018e-06,3,75,N,N
6.394915e-02,7.253880e-04,1.574382e-06,1.125603e-01,2.106959e-03,8.056748e-06,1.328904e-01,2.576723e-03,1.127476e-05,7.799319e-02,1.022375e-03,3.112595e-06,2,51,N,N
9.317636e-02,1.120830e-03,1.598593e-06,1.204413e-01,1.752740e-03,6.388795e-06,1.383173e-01,2.550074e-03,1.054522e-05,7.905947e-02,1.061346e-03,3.716617e-06,3,90,N,N
6.774539e-02,6.038787e-04,7.776669e-07,1.022661e-01,1.787496e-03,6.049172e-06,1.145941e-01,1.921478e-03,7.276662e-06,7.815287e-02,1.047297e-03,2.812895e-06,3,77,N,N
8.202189e-02,7.396160e-04,8.160426e-07,1.162989e-01,1.443764e-03,4.645265e-06,1.303799e-01,2.154086e-03,7.932609e-06,7.426827e-02,8.419829e-04,2.277719e-06,0,31,N,N
7.419143e-02,6.440700e-04,6.127874e-07,1.024929e-01,1.745226e-03,6.027162e-06,1.156976e-01,1.882588e-03,6.523093e-06,7.780595e-02,9.021574e-04,2.337577e-06,1,5,N,N
8.298790e-02,8.700374e-04,1.235712e-06,1.081706e-01,1.948934e-03,7.183454e-06,1.221256e-01,1.908545e-03,7.103197e-06,8.688200e-02,1.172542e-03,3.235174e-06,3,99,N,N
6.263449e-02,7.549070e-04,2.313802e-06,1.137041e-01,2.623521e-03,1.136859e-05,1.310686e-01,2.592975e-03,1.134655e-05,8.890241e-02,1.056625e-03,2.931445e-06,0,42,N,N
6.855897e-02,7.230332e-04,1.457481e-06,1.289062e-01,2.138791e-03,7.785953e-06,1.372976e-01,2.074285e-03,7.921543e-06,8.790127e-02,1.194392e-03,3.741033e-06,0,70,N,N
8.577506e-02,9.169549e-04,1.503429e-06,1.186241e-01,2.078223e-03,8.419097e-06,1.254491e-01,2.095170e-03,8.423287e-06,8.672032e-02,1.304810e-03,3.823836e-06,1,80,N,N
8.745801e-02,8.765128e-04,1.005706e-06,1.089680e-01,1.816448e-03,6.622819e-06,1.226302e-01,2.280177e-03,8.545620e-06,7.964522e-02,9.837169e-04,2.851965e-06,1,34,N,N
7.585098e-02,7.913423e-04,1.113037e-06,1.134194e-01,2.024510e-03,8.392717e-06,1.174931e-01,2.318702e-03,9.853926e-06,7.410107e-02,8.754368e-04,2.733476e-06,3,93,N,N
8.028499e-02,8.999336e-04,1.541532e-06,1.072915e-01,2.011008e-03,7.953380e-06,1.190150e-01,2.159404e-03,8.941927e-06,8.136336e-02,1.040435e-03,3.436375e-06,0,93,N,N
7.873211e-02,7.985304e-04,9.811671e-07,1.094130e-01,1.662420e-03,5.805794e-06,1.234833e-01,2.063037e-03,7.902794e-06,8.388906e-02,1.059416e-03,2.778234e-06,0,6,N,N
8.691867e-02,9.231140e-04,1.098417e-06,1.241475e-01,1.785671e-03,5.909886e-06,1.363175e-01,2.081190e-03,7.861706e-06,7.843539e-02,1.008499e-03,3.180221e-06,0,18,N,N
7.552742e-02,9.551552e-04,2.497176e-06,1.352755e-01,2.932464e-03,1.368427e-05,1.442604e-01,3.266988e-03,1.566994e-05,7.882099e-02,1.034828e-03,2.794275e-06,0,50,N,N
9.101737e-02,1.045847e-03,1.517924e-06,1.376074e-01,1.900768e-03,6.540509e-06,1.463285e-01,2.101558e-03,7.276260e-06,8.580944e-02,1.043653e-03,2.967237e-06,2,101,N,N
9.377692e-02,1.011202e-03,1.088964e-06,1.405848e-01,1.884923e-03,6.037021e-06,1.489610e-01,2.408013e-03,9.294600e-06,9.243905e-02,1.260473e-03,3.855830e-06,3,74,N,N
6.054366e-02,7.261795e-04,2.438306e-06,1.233704e-01,2.957386e-03,1.205950e-05,1.375745e-01,2.659171e-03,1.120743e-05,7.983293e-02,1.003024e-03,2.564253e-06,3,54,N,N
6.803438e-02,6.962883e-04,1.403026e-06,1.151105e-01,2.321158e-03,8.733554e-06,1.352694e-01,2.362887e-03,9.606695e-06,8.242209e-02,1.186914e-03,3.333073e-06,1,77,N,N
7.341920e-02,8.056963e-04,1.653754e-06,1.213770e-01,2.573868e-03,1.109305e-05,1.329638e-01,3.160560e-03,1.339474e-05,7.960839e-02,1.085084e-03,3.309965e-06,0,91,N,N
1.125346e-01,1.298525e-03,1.503802e-06,1.332190e-01,1.913306e-03,6.679693e-06,1.325438e-01,2.348202e-03,9.319967e-06,8.906877e-02,1.205102e-03,3.748874e-06,2,62,N,N
7.031709e-02,9.444145e-04,3.496369e-06,1.254885e-01,2.929759e-03,1.193781e-05,1.392118e-01,2.700035e-03,1.183619e-05,9.251824e-02,1.413200e-03,4.579842e-06,2,81,N,N
7.878716e-02,8.407247e-04,1.378303e-06,1.117236e-01,2.033047e-03,7.576409e-06,1.395399e-01,2.789937e-03,1.270435e-05,8.631477e-02,1.179442e-03,3.600429e-06,2,92,N,N
7.632066e-02,7.761744e-04,1.080341e-06,1.220557e-01,2.404183e-03,1.014516e-05,1.345486e-01,2.654704e-03,1.129057e-05,7.597017e-02,1.055373e-03,3.886477e-06,1,58,N,N
9.995773e-02,1.286328e-03,1.971877e-06,1.262418e-01,1.824481e-03,6.697493e-06,1.358531e-01,2.526293e-03,1.030475e-05,8.283826e-02,1.101772e-03,3.708675e-06,0,90,N,N
6.290181e-02,5.396134e-04,7.025629e-07,1.042258e-01,1.650456e-03,5.357519e-06,9.894305e-02,1.196015e-03,3.204591e-06,7.645485e-02,9.674741e-04,2.667728e-06,3,73,N,N
6.575536e-02,6.057741e-04,9.381358e-07,9.703839e-02,1.881029e-03,6.729533e-06,1.126673e-01,2.045192e-03,8.223302e-06,8.719592e-02,1.364016e-03,5.184388e-06,1,78,N,N
8.866210e-02,8.631910e-04,9.000577e-07,1.354357e-01,1.629985e-03,5.024945e-06,1.181117e-01,1.612969e-03,5.280724e-06,7.706883e-02,9.225075e-04,2.827323e-06,2,49,N,N
5.948655e-02,7.276918e-04,2.530592e-06,1.149363e-01,2.243770e-03,8.594814e-06,1.558403e-01,2.230921e-03,8.214965e-06,9.878882e-02,1.312228e-03,3.624603e-06,1,67,N,N
7.531607e-02,6.388898e-04,6.686852e-07,1.076364e-01,1.746459e-03,6.478079e-06,1.101479e-01,1.931945e-03,7.370955e-06,7.190581e-02,8.166022e-04,2.241563e-06,0,34,N,N
8.696792e-02,9.435577e-04,1.358436e-06,1.246150e-01,1.929015e-03,7.092918e-06,1.368544e-01,2.427486e-03,9.291432e-06,8.557170e-02,1.211388e-03,4.068780e-06,0,71,N,N
7.419134e-02,9.372252e-04,2.089459e-06,9.950504e-02,2.082376e-03,8.316034e-06,1.194794e-01,2.830719e-03,1.369045e-05,7.840947e-02,1.149807e-03,4.115289e-06,3,64,N,N
7.794923e-02,7.124197e-04,8.980782e-07,1.304540e-01,1.906452e-03,6.570128e-06,1.421536e-01,2.313305e-03,8.878892e-06,8.268357e-02,9.765443e-04,2.465910e-06,3,104,N,N
7.383453e-02,7.317263e-04,1.072314e-06,1.052213e-01,2.033920e-03,8.219027e-06,1.082419e-01,2.232391e-03,9.093808e-06,7.336895e-02,9.445258e-04,3.088515e-06,2,75,N,N
8.482001e-02,9.873956e-04,1.598450e-06,1.181397e-01,2.471553e-03,1.055920e-05,1.381453e-01,3.344338e-03,1.464270e-05,8.224647e-02,1.141245e-03,3.294984e-06,3,66,N,N
9.772781e-02,1.161270e-03,2.007421e-06,1.561578e-01,2.499429e-03,9.757231e-06,1.610204e-01,2.812338e-03,1.081903e-05,9.271717e-02,1.252650e-03,3.333615e-06,0,89,N,N
7.064219e-02,8.218135e-04,2.067899e-06,1.204328e-01,2.597156e-03,1.074513e-05,1.462957e-01,3.459392e-03,1.610862e-05,8.250979e-02,1.067310e-03,3.330792e-06,0,32,N,N
8.997301e-02,9.550490e-04,1.245330e-06,1.268486e-01,2.151569e-03,7.503682e-06,1.510232e-01,3.007987e-03,1.282439e-05,8.227243e-02,1.075330e-03,3.579937e-06,0,102,N,N
9.565361e-02,1.175816e-03,1.844025e-06,1.338348e-01,1.972003e-03,7.123212e-06,1.413727e-01,2.418807e-03,9.576232e-06,8.532104e-02,1.177766e-03,3.459227e-06,2,103,N,N
7.199767e-02,7.080927e-04,1.180705e-06,1.068039e-01,1.981308e-03,6.788233e-06,1.155805e-01,1.571403e-03,4.906058e-06,8.093337e-02,9.531566e-04,2.530785e-06,0,5,N,N
6.544471e-02,6.628417e-04,1.479076e-06,1.200432e-01,2.466176e-03,1.040707e-05,1.101721e-01,1.749418e-03,5.866732e-06,7.570210e-02,9.763730e-04,2.781492e-06,1,59,N,N
7.600232e-02,8.173714e-04,1.488425e-06,1.028557e-01,2.066215e-03,8.595650e-06,8.636484e-02,1.507811e-03,5.610453e-06,6.430213e-02,8.047194e-04,2.686504e-06,3,97,N,N
8.033249e-02,8.617038e-04,1.444339e-06,1.039520e-01,1.977366e-03,8.223709e-06,8.874194e-02,1.588811e-03,5.992430e-06,6.048882e-02,7.141021e-04,2.310068e-06,0,97,N,N
8.802482e-02,8.563240e-04,8.493230e-07,1.350826e-01,1.776510e-03,5.947153e-06,1.487380e-01,2.451898e-03,9.668482e-06,8.463136e-02,1.060853e-03,2.716630e-06,1,88,N,N
9.142449e-02,1.122088e-03,1.963439e-06,1.191482e-01,2.431797e-03,1.032762e-05,1.472448e-01,3.797864e-03,1.717586e-05,7.890010e-02,1.081255e-03,3.020100e-06,0,66,N,N
7.934564e-02,9.172045e-04,1.747767e-06,9.326063e-02,1.903495e-03,6.937821e-06,1.155976e-01,2.536416e-03,1.104850e-05,8.431216e-02,1.286496e-03,4.685359e-06,0,64,N,N
7.425473e-02,8.132689e-04,1.431546e-06,1.102974e-01,2.191188e-03,8.805857e-06,1.190785e-01,2.188414e-03,8.997078e-06,8.203093e-02,1.044898e-03,3.442082e-06,1,93,N,N
1.109783e-01,1.349467e-03,1.771176e-06,1.124307e-01,1.380540e-03,4.302247e-06,1.458081e-01,2.244888e-03,8.312531e-06,8.992400e-02,1.116808e-03,3.394736e-06,3,95,N,N
7.395470e-02,6.179150e-04,7.116914e-07,1.042572e-01,1.687481e-03,5.581733e-06,1.283027e-01,2.032911e-03,7.594232e-06,8.705978e-02,1.118877e-03,3.509139e-06,1,25,N,N
7.357446e-02,6.661940e-04,8.855178e-07,1.155238e-01,2.073449e-03,7.973101e-06,1.391375e-01,3.132594e-03,1.345767e-05,7.080656e-02,9.184412e-04,3.139722e-06,3,53,N,N
7.588037e-02,8.232889e-04,1.632267e-06,1.130032e-01,2.209357e-03,8.009218e-06,1.374977e-01,2.545351e-03,1.066147e-05,8.537929e-02,1.290617e-03,3.849214e-06,0,77,N,N
7.346074e-02,7.429507e-04,1.205136e-06,1.355837e-01,2.325796e-03,9.428845e-06,1.344598e-01,2.407711e-03,9.417450e-06,8.895079e-02,1.328430e-03,3.731681e-06,0,61,N,N
7.891170e-02,6.600109e-04,7.818901e-07,1.052398e-01,1.739183e-03,5.618621e-06,1.317968e-01,1.771988e-03,6.007279e-06,8.803078e-02,1.046501e-03,2.187148e-06,2,68,N,N
6.438893e-02,5.742122e-04,8.784781e-07,1.088448e-01,1.829901e-03,6.656879e-06,1.271617e-01,1.922386e-03,7.111234e-06,8.116904e-02,1.025800e-03,3.201501e-06,2,47,N,N
8.179788e-02,8.569953e-04,1.366587e-06,1.282549e-01,2.487518e-03,9.600838e-06,1.648364e-01,3.152001e-03,1.428188e-05,9.278897e-02,1.158331e-03,3.278445e-06,0,41,N,N
7.913219e-02,7.877800e-04,1.038780e-06,1.328011e-01,2.067037e-03,7.762045e-06,1.404804e-01,2.694653e-03,1.045964e-05,8.035675e-02,1.056386e-03,3.400524e-06,1,71,N,N
8.096857e-02,7.180794e-04,6.403057e-07,1.278248e-01,1.549919e-03,4.690534e-06,1.473055e-01,2.313143e-03,8.748458e-06,8.995769e-02,1.157225e-03,2.990234e-06,2,88,N,N
7.445156e-02,6.847449e-04,8.660792e-07,9.846143e-02,1.575849e-03,5.358578e-06,1.080294e-01,1.452459e-03,4.824306e-06,7.510100e-02,6.461619e-04,1.161321e-06,0,72,N,N
6.844578e-02,6.757971e-04,1.093719e-06,1.077463e-01,2.053737e-03,7.488728e-06,1.116926e-01,1.844560e-03,7.004339e-06,7.968314e-02,1.015530e-03,3.291283e-06,1,87,N,N
7.111056e-02,7.241767e-04,1.346133e-06,1.014225e-01,2.064243e-03,8.417431e-06,7.918654e-02,1.226767e-03,3.999533e-06,6.139630e-02,7.273046e-04,2.193814e-06,2,97,N,N
5.879638e-02,5.334951e-04,1.022976e-06,1.049449e-01,2.075382e-03,7.652040e-06,1.206905e-01,1.980538e-03,7.297990e-06,7.878668e-02,1.028437e-03,3.235426e-06,2,87,N,N
8.685691e-02,1.044128e-03,1.861581e-06,1.273183e-01,2.334569e-03,9.521141e-06,1.489986e-01,3.323668e-03,1.501195e-05,8.481203e-02,1.176629e-03,3.853000e-06,0,92,N,N
6.581837e-02,5.885268e-04,9.179479e-07,9.855754e-02,1.666409e-03,5.853593e-06,9.077586e-02,1.000833e-03,2.788100e-06,7.314092e-02,6.196671e-04,1.036747e-06,2,72,N,N
8.640707e-02,8.792391e-04,1.153423e-06,1.123196e-01,2.106225e-03,8.004514e-06,1.282342e-01,2.067673e-03,7.979290e-06,9.186674e-02,1.268066e-03,3.617403e-06,0,99,N,N
7.670050e-02,7.956724e-04,1.542573e-06,1.194778e-01,2.287702e-03,9.337367e-06,1.574017e-01,3.868590e-03,1.871544e-05,7.676254e-02,1.018772e-03,3.033064e-06,1,37,N,N
7.562779e-02,5.952424e-04,6.089689e-07,1.335255e-01,1.811926e-03,5.803128e-06,1.294897e-01,1.815852e-03,6.089739e-06,8.002059e-02,1.032873e-03,3.197786e-06,0,1,N,N
7.731690e-02,6.959265e-04,1.036993e-06,1.080881e-01,1.924800e-03,6.305665e-06,1.454183e-01,1.895664e-03,6.276949e-06,8.362430e-02,1.009348e-03,2.171865e-06,1,68,N,N
8.798764e-02,9.279027e-04,1.505483e-06,1.235603e-01,2.196309e-03,9.181932e-06,1.268485e-01,2.213366e-03,9.394331e-06,8.253013e-02,1.181716e-03,3.397463e-06,0,80,N,N
7.500848e-02,7.644905e-04,1.190776e-06,1.263054e-01,2.051409e-03,8.131352e-06,1.312200e-01,2.396624e-03,9.396198e-06,8.306576e-02,1.146435e-03,3.013150e-06,3,61,N,N
8.464690e-02,9.414541e-04,1.378434e-06,1.084071e-01,1.829439e-03,7.275052e-06,1.203370e-01,2.418024e-03,1.028322e-05,7.821867e-02,9.777585e-04,3.203384e-06,2,93,N,N
7.490659e-02,9.248320e-04,1.858514e-06,1.045580e-01,2.176200e-03,9.132715e-06,1.162769e-01,1.875991e-03,7.169957e-06,8.173321e-02,9.920299e-04,2.880895e-06,0,35,N,N
8.049856e-02,8.661581e-04,1.461226e-06,1.244595e-01,2.265594e-03,8.769979e-06,1.374869e-01,2.634180e-03,1.119207e-05,8.992958e-02,1.146605e-03,3.280461e-06,0,8,N,N
5.897063e-02,7.160884e-04,2.456182e-06,1.130573e-01,2.194591e-03,8.437805e-06,1.471428e-01,2.116390e-03,7.761777e-06,9.337617e-02,1.193682e-03,3.282815e-06,2,67,N,N
9.029263e-02,9.558029e-04,1.131759e-06,1.185167e-01,1.957076e-03,6.672362e-06,1.550581e-01,3.054823e-03,1.316302e-05,8.572709e-02,1.167328e-03,4.013293e-06,2,102,N,N
7.555123e-02,6.669438e-04,7.592377e-07,1.255587e-01,2.093432e-03,7.809787e-06,1.351666e-01,2.481800e-03,1.034757e-05,7.373189e-02,9.409230e-04,2.742575e-06,1,52,N,N
1.022724e-01,1.095540e-03,1.318061e-06,1.302932e-01,1.693654e-03,5.606040e-06,1.372060e-01,2.553911e-03,9.728877e-06,8.568523e-02,1.125457e-03,3.416905e-06,3,62,N,N
7.650552e-02,7.454234e-04,1.144993e-06,1.209867e-01,2.019260e-03,7.363564e-06,1.249776e-01,2.050262e-03,7.845230e-06,7.245982e-02,8.480087e-04,2.505181e-06,0,45,N,N
9.622387e-02,1.230155e-03,1.856785e-06,1.296845e-01,1.910420e-03,7.109115e-06,1.384975e-01,2.534923e-03,1.027327e-05,8.026514e-02,1.083862e-03,3.819168e-06,1,90,N,N
8.946703e-02,1.071882e-03,1.723646e-06,1.372434e-01,2.124982e-03,7.830707e-06,1.490924e-01,2.684044e-03,1.114192e-05,8.340838e-02,1.130218e-03,3.316352e-06,3,103,N,N
9.010641e-02,1.059683e-03,1.780031e-06,1.341815e-01,2.044199e-03,7.469263e-06,1.413945e-01,2.324372e-03,9.007818e-06,8.741047e-02,1.267791e-03,3.989105e-06,0,103,N,N
7.590456e-02,8.746897e-04,1.762265e-06,1.359654e-01,2.413899e-03,9.899724e-06,1.421931e-01,2.603827e-03,1.073852e-05,9.149313e-02,1.385139e-03,3.979938e-06,2,61,N,N
9.888246e-02,1.058593e-03,1.024614e-06,1.155070e-01,1.717803e-03,6.038160e-06,1.341188e-01,2.225023e-03,8.762791e-06,8.964433e-02,1.247411e-03,4.124357e-06,0,84,N,N
1.054098e-01,1.247526e-03,1.607489e-06,1.146825e-01,1.512063e-03,4.781522e-06,1.362483e-01,1.955684e-03,7.030989e-06,9.572437e-02,1.302635e-03,4.394546e-06,2,95,N,N
6.632673e-02,7.254700e-04,1.723155e-06,1.039851e-01,2.078817e-03,7.750765e-06,1.037743e-01,1.457136e-03,4.833473e-06,7.938924e-02,9.868214e-04,2.575962e-06,0,4,N,N
6.138089e-02,7.102765e-04,2.102677e-06,1.197328e-01,2.591021e-03,1.049986e-05,1.437411e-01,3.170399e-03,1.384483e-05,8.040124e-02,1.027365e-03,2.781230e-06,2,54,N,N
9.913337e-02,9.873490e-04,7.917753e-07,1.153918e-01,1.306756e-03,3.398366e-06,1.478613e-01,1.880730e-03,6.107241e-06,9.528473e-02,1.158290e-03,3.364599e-06,1,86,N,N
6.930248e-02,7.019153e-04,1.293420e-06,1.141687e-01,2.216691e-03,9.108286e-06,1.217807e-01,2.254867e-03,9.404433e-06,7.742892e-02,9.602405e-04,3.079693e-06,1,44,N,N
6.446692e-02,6.766698e-04,1.562462e-06,1.166832e-01,2.351931e-03,9.801683e-06,9.826585e-02,1.356424e-03,4.117821e-06,7.328396e-02,9.259125e-04,2.545894e-06,0,59,N,N
9.984962e-02,1.243383e-03,1.626598e-06,1.423078e-01,2.139883e-03,7.543032e-06,1.476727e-01,2.259854e-03,8.460023e-06,1.006257e-01,1.246714e-03,3.103283e-06,2,100,N,N
8.194719e-02,8.693937e-04,1.356893e-06,1.161725e-01,1.758570e-03,5.595485e-06,1.472963e-01,2.309406e-03,8.928342e-06,9.800779e-02,1.292389e-03,4.029714e-06,1,46,N,N
5.520231e-02,5.716490e-04,1.464008e-06,1.106683e-01,2.525549e-03,1.091202e-05,1.188710e-01,2.156115e-03,8.368434e-06,7.900156e-02,8.574918e-04,2.245308e-06,1,42,N,N
8.474362e-02,9.629215e-04,2.093509e-06,1.257391e-01,2.528292e-03,1.057057e-05,1.468643e-01,3.314294e-03,1.523759e-05,8.109826e-02,1.106166e-03,3.204761e-06,2,37,N,N
8.686563e-02,8.436788e-04,9.359014e-07,1.069379e-01,1.921402e-03,7.058279e-06,1.138768e-01,2.182805e-03,8.735306e-06,7.613105e-02,1.044392e-03,3.740056e-06,1,36,N,N
9.431208e-02,9.392370e-04,9.738904e-07,1.351822e-01,1.893624e-03,6.593368e-06,1.392086e-01,2.292459e-03,8.811664e-06,8.262667e-02,1.063429e-03,3.446234e-06,1,63,N,N
9.176868e-02,1.041695e-03,1.494574e-06,1.142604e-01,1.880257e-03,7.394790e-06,1.210782e-01,2.334158e-03,9.966902e-06,8.302963e-02,1.117034e-03,3.781342e-06,1,65,N,N
8.097196e-02,9.096348e-04,1.540327e-06,1.202465e-01,2.464098e-03,1.031705e-05,1.326101e-01,2.602160e-03,1.139410e-05,7.850684e-02,1.110451e-03,4.177917e-06,3,58,N,N
9.400616e-02,1.069966e-03,1.575319e-06,1.091560e-01,1.709295e-03,6.503622e-06,1.188495e-01,2.296044e-03,9.627203e-06,7.756485e-02,9.786461e-04,3.136084e-06,0,65,N,N
7.559813e-02,7.169558e-04,9.947610e-07,1.171575e-01,2.224354e-03,8.445996e-06,1.325273e-01,2.758502e-03,1.183878e-05,7.835085e-02,1.113951e-03,4.139337e-06,1,53,N,N
7.591141e-02,7.873994e-04,1.517378e-06,1.171591e-01,2.134242e-03,8.093285e-06,1.303840e-01,1.918346e-03,6.876371e-06,8.713097e-02,1.060043e-03,2.852424e-06,0,7,N,N
9.418416e-02,1.043748e-03,1.451845e-06,1.374727e-01,1.971317e-03,7.074443e-06,1.381273e-01,2.261152e-03,8.579926e-06,8.141038e-02,1.016830e-03,3.084140e-06,1,60,N,N
7.346735e-02,5.477947e-04,4.963029e-07,1.117130e-01,1.611298e-03,5.370573e-06,1.192685e-01,1.976365e-03,6.777540e-06,6.278549e-02,6.973980e-04,1.861753e-06,0,3,N,N
6.362377e-02,7.527932e-04,2.032029e-06,1.145662e-01,2.516354e-03,1.023075e-05,1.318090e-01,2.751391e-03,1.184318e-05,8.816593e-02,1.175984e-03,3.584360e-06,1,33,N,N
7.786197e-02,7.607551e-04,1.286813e-06,1.141245e-01,2.057667e-03,8.159346e-06,1.245074e-01,2.088855e-03,8.516893e-06,8.485966e-02,1.260995e-03,3.731814e-06,3,80,N,N
7.922631e-02,6.714182e-04,6.795804e-07,1.252614e-01,1.995585e-03,7.327585e-06,1.209578e-01,2.049650e-03,7.893247e-06,6.862285e-02,7.790010e-04,1.951388e-06,3,83,N,N
5.862832e-02,5.055688e-04,7.004186e-07,9.683189e-02,1.651579e-03,6.342408e-06,1.084588e-01,2.129349e-03,8.963530e-06,5.499786e-02,5.553833e-04,1.499169e-06,2,78,N,N
8.022805e-02,8.281566e-04,1.607516e-06,1.166174e-01,2.104276e-03,7.432580e-06,1.553302e-01,2.110872e-03,7.360948e-06,9.398610e-02,1.239072e-03,2.875948e-06,0,68,N,N
6.112987e-02,5.478812e-04,9.669732e-07,1.002451e-01,1.961758e-03,7.689232e-06,1.272742e-01,2.316476e-03,9.736126e-06,6.694836e-02,8.085547e-04,2.394070e-06,0,19,N,N
9.621488e-02,1.109870e-03,1.758825e-06,1.420460e-01,2.214620e-03,8.330929e-06,1.567448e-01,2.687285e-03,1.050876e-05,9.264382e-02,1.233616e-03,3.389495e-06,1,89,N,N
7.057209e-02,6.976472e-04,1.004755e-06,8.773885e-02,1.541115e-03,5.396365e-06,1.046949e-01,1.617817e-03,5.560777e-06,7.462609e-02,8.682998e-04,2.355875e-06,1,35,N,N
8.092475e-02,1.118057e-03,2.738397e-06,1.136924e-01,2.304557e-03,9.581727e-06,1.291661e-01,3.159430e-03,1.352335e-05,7.904836e-02,1.068986e-03,3.625210e-06,2,94,N,N
6.111698e-02,5.798555e-04,1.095743e-06,1.051213e-01,2.002333e-03,7.259581e-06,1.131547e-01,1.790735e-03,6.570076e-06,6.743805e-02,7.518744e-04,2.094148e-06,0,87,N,N
8.206697e-02,7.364348e-04,7.410477e-07,1.116767e-01,1.752014e-03,6.125667e-06,1.243082e-01,2.177464e-03,8.943092e-06,7.173690e-02,7.852135e-04,2.182927e-06,0,22,N,N
7.859548e-02,6.905673e-04,5.622506e-07,1.289156e-01,1.672054e-03,5.197919e-06,1.415818e-01,2.098080e-03,7.705940e-06,8.785670e-02,1.132665e-03,2.936686e-06,0,88,N,N
7.038539e-02,6.647399e-04,1.017711e-06,1.059558e-01,1.653895e-03,5.262326e-06,1.086781e-01,1.313388e-03,3.723326e-06,7.664268e-02,9.885311e-04,2.726058e-06,1,73,N,N
7.057119e-02,6.576665e-04,1.192023e-06,1.079870e-01,2.511828e-03,1.090443e-05,1.167541e-01,2.428995e-03,1.092672e-05,7.290065e-02,9.563826e-04,3.092654e-06,0,38,N,N
6.483271e-02,7.367627e-04,1.626386e-06,1.180727e-01,2.242400e-03,8.941876e-06,1.375292e-01,2.763966e-03,1.230955e-05,7.671941e-02,9.872387e-04,2.970330e-06,3,51,N,N
7.760414e-02,8.505339e-04,1.401274e-06,1.285557e-01,2.182792e-03,8.094304e-06,1.456584e-01,2.873586e-03,1.249791e-05,7.852514e-02,9.871120e-04,3.254992e-06,0,48,N,N
7.880673e-02,7.919853e-04,1.063902e-06,1.057079e-01,1.568464e-03,5.101702e-06,1.286381e-01,1.805347e-03,6.465854e-06,8.500516e-02,1.193645e-03,3.453129e-06,3,98,N,N
6.101506e-02,7.891642e-04,2.889341e-06,1.330659e-01,3.250069e-03,1.459652e-05,1.481664e-01,3.223929e-03,1.470693e-05,8.664669e-02,1.184914e-03,3.334119e-06,1,54,N,N
1.034113e-01,1.277408e-03,1.631273e-06,1.320289e-01,1.852094e-03,6.276858e-06,1.580209e-01,2.586241e-03,1.002446e-05,9.257369e-02,1.100594e-03,2.713708e-06,1,100,N,N
9.711992e-02,1.066072e-03,1.233047e-06,1.180491e-01,1.744950e-03,5.820166e-06,1.365675e-01,2.376389e-03,9.486764e-06,8.835124e-02,1.215747e-03,3.940038e-06,1,0,N,N
7.555603e-02,5.541607e-04,3.967722e-07,1.172539e-01,1.574996e-03,5.374243e-06,1.193692e-01,1.950462e-03,7.274946e-06,6.728717e-02,7.514218e-04,2.285993e-06,1,12,N,N
7.482633e-02,7.759853e-04,1.367425e-06,1.047323e-01,1.813497e-03,6.521856e-06,1.158404e-01,1.675491e-03,5.895180e-06,8.126297e-02,7.567590e-04,1.471440e-06,3,72,N,N
7.102795e-02,7.090291e-04,1.215275e-06,8.986437e-02,1.535774e-03,5.417025e-06,1.061584e-01,1.564635e-03,5.191163e-06,7.828790e-02,9.264248e-04,2.381528e-06,2,85,N,N
8.238481e-02,8.091678e-04,1.070938e-06,9.961625e-02,1.353329e-03,4.094175e-06,1.422677e-01,1.993238e-03,7.071647e-06,8.571208e-02,1.265640e-03,3.877411e-06,0,98,N,N
8.782173e-02,9.158563e-04,1.122484e-06,1.237684e-01,1.774732e-03,6.378364e-06,1.285089e-01,2.446535e-03,1.010185e-05,8.352805e-02,1.051810e-03,3.289367e-06,0,11,N,N
7.090926e-02,8.549482e-04,2.227533e-06,1.297070e-01,2.764637e-03,1.254629e-05,1.365851e-01,2.915050e-03,1.342614e-05,7.832043e-02,1.026373e-03,2.807377e-06,2,50,N,N
8.653806e-02,8.983812e-04,1.254372e-06,1.228949e-01,1.893907e-03,6.319979e-06,1.496122e-01,2.437111e-03,9.651412e-06,8.632586e-02,1.046682e-03,2.718031e-06,1,104,N,N
7.704860e-02,7.848278e-04,1.100255e-06,1.239786e-01,2.087191e-03,7.789786e-06,1.300323e-01,2.292077e-03,9.075434e-06,7.109997e-02,8.373741e-04,2.605041e-06,2,48,N,N
9.799284e-02,1.025561e-03,1.069242e-06,1.354361e-01,1.675924e-03,5.278560e-06,1.399415e-01,2.131313e-03,7.695135e-06,7.737156e-02,9.308599e-04,2.836250e-06,0,49,N,N
7.411025e-02,9.013111e-04,2.240160e-06,1.366072e-01,2.910302e-03,1.344799e-05,1.401342e-01,3.160216e-03,1.446966e-05,7.845476e-02,1.026968e-03,2.758820e-06,1,50,N,N
7.129112e-02,6.867075e-04,1.058612e-06,1.096289e-01,1.949668e-03,7.203938e-06,1.200839e-01,1.787029e-03,6.523443e-06,9.202431e-02,1.302583e-03,4.493567e-06,3,47,N,N
8.959046e-02,9.512305e-04,1.166186e-06,1.206964e-01,1.880163e-03,6.811762e-06,1.371679e-01,2.617089e-03,1.079384e-05,7.866461e-02,1.043842e-03,3.228370e-06,2,52,N,N
1.018097e-01,1.329547e-03,2.079069e-06,1.380803e-01,2.100384e-03,8.139587e-06,1.361295e-01,2.507363e-03,9.748652e-06,8.037864e-02,1.061456e-03,3.556044e-06,2,90,N,N
7.094380e-02,6.785981e-04,9.012147e-07,1.129824e-01,2.057808e-03,8.092940e-06,1.231920e-01,2.337606e-03,9.981436e-06,7.120873e-02,9.453342e-04,3.360347e-06,2,58,N,N
8.551343e-02,8.526666e-04,1.111251e-06,1.237373e-01,2.341596e-03,8.773989e-06,1.344035e-01,2.123184e-03,8.093688e-06,9.519415e-02,1.391022e-03,5.130925e-06,3,69,N,N
9.235290e-02,1.006392e-03,1.247563e-06,1.402384e-01,2.354343e-03,9.068990e-06,1.477616e-01,2.578430e-03,1.078311e-05,8.575729e-02,1.138385e-03,3.818653e-06,2,63,N,N
7.930678e-02,7.813005e-04,1.038868e-06,1.044641e-01,1.528096e-03,4.950845e-06,1.425940e-01,2.009993e-03,7.213996e-06,8.330934e-02,1.174814e-03,3.320713e-06,2,98,N,N
6.777035e-02,7.407669e-04,2.038232e-06,1.320133e-01,2.405378e-03,9.292534e-06,1.587878e-01,2.945675e-03,1.255383e-05,8.885987e-02,1.153465e-03,2.525447e-06,1,40,N,N
7.122912e-02,8.221310e-04,1.812696e-06,1.011543e-01,1.963511e-03,7.161011e-06,1.115261e-01,1.808767e-03,6.653628e-06,8.405489e-02,1.071495e-03,3.085231e-06,3,85,N,N
6.847810e-02,7.503059e-04,1.392470e-06,1.057521e-01,1.927828e-03,7.651627e-06,1.251695e-01,2.742764e-03,1.252277e-05,7.918999e-02,1.114516e-03,3.905668e-06,3,78,N,N
9.663716e-02,1.054898e-03,1.170567e-06,1.557732e-01,2.071988e-03,7.094620e-06,1.409300e-01,2.173208e-03,7.704904e-06,8.401166e-02,1.063791e-03,3.332023e-06,1,49,N,N
7.636285e-02,7.853061e-04,1.383596e-06,1.076165e-01,1.831102e-03,6.235114e-06,1.125796e-01,1.392638e-03,4.338103e-06,8.233530e-02,7.551089e-04,1.310273e-06,1,72,N,N
6.562242e-02,6.460779e-04,1.047824e-06,1.000045e-01,1.742998e-03,6.362282e-06,1.142753e-01,2.335902e-03,9.427049e-06,6.875195e-02,7.537397e-04,2.124654e-06,0,24,N,N
8.170557e-02,8.224302e-04,1.110973e-06,1.203402e-01,1.746366e-03,6.235607e-06,1.224121e-01,2.093163e-03,7.800303e-06,7.259049e-02,8.594219e-04,2.665524e-06,1,45,N,N
6.350039e-02,7.138459e-04,1.577527e-06,1.137028e-01,2.126525e-03,8.176167e-06,1.412438e-01,2.850447e-03,1.296941e-05,7.662198e-02,9.931744e-04,2.953410e-06,0,51,N,N
9.865251e-02,1.129139e-03,1.350856e-06,1.291769e-01,1.738460e-03,5.594225e-06,1.553760e-01,2.450168e-03,9.296148e-06,8.987617e-02,1.010699e-03,2.327672e-06,0,100,N,N
8.897798e-02,1.115260e-03,2.350892e-06,1.114261e-01,2.167217e-03,7.688453e-06,1.449887e-01,2.599987e-03,1.028264e-05,8.900494e-02,1.110859e-03,3.277085e-06,1,96,N,N
8.546028e-02,9.560883e-04,1.510667e-06,1.293143e-01,2.174676e-03,8.317032e-06,1.302981e-01,2.317033e-03,9.358712e-06,8.794874e-02,1.353878e-03,4.905437e-06,3,82,N,N
7.375414e-02,9.512489e-04,2.674614e-06,1.319062e-01,2.842017e-03,1.272123e-05,1.434525e-01,3.225942e-03,1.518687e-05,8.026786e-02,1.063388e-03,2.927132e-06,3,50,N,N
9.507923e-02,1.077021e-03,1.683566e-06,1.558801e-01,2.493875e-03,9.796708e-06,1.562487e-01,2.761968e-03,1.061258e-05,9.231477e-02,1.239548e-03,3.412934e-06,3,89,N,N
8.160304e-02,8.242657e-04,1.188191e-06,1.165598e-01,1.938714e-03,7.131762e-06,1.308930e-01,2.148349e-03,8.643403e-06,8.939610e-02,1.451682e-03,5.287194e-06,2,82,N,N
7.345779e-02,9.521078e-04,2.214927e-06,1.148431e-01,2.104224e-03,8.528094e-06,1.382933e-01,2.700058e-03,1.195844e-05,7.781389e-02,1.022394e-03,3.281333e-06,0,55,N,N
8.613273e-02,8.203772e-04,9.513718e-07,1.001741e-01,9.020467e-04,2.104053e-06,1.195378e-01,1.670863e-03,5.532157e-06,7.241707e-02,7.804679e-04,2.087824e-06,0,20,N,N
7.172034e-02,5.395870e-04,6.475501e-07,1.098499e-01,2.049749e-03,8.100584e-06,9.469617e-02,1.546578e-03,5.598917e-06,6.085443e-02,6.774146e-04,2.103380e-06,0,36,N,N
8.061003e-02,8.379499e-04,1.158406e-06,1.090258e-01,1.924064e-03,7.362290e-06,1.177426e-01,1.957335e-03,7.835374e-06,7.766954e-02,1.103534e-03,3.967485e-06,0,56,N,N
7.869655e-02,1.010104e-03,2.020879e-06,1.148025e-01,2.273827e-03,9.704679e-06,1.264028e-01,3.078010e-03,1.298631e-05,7.226802e-02,9.212277e-04,3.023413e-06,1,94,N,N
7.461162e-02,8.384523e-04,1.886945e-06,1.135226e-01,2.405854e-03,9.627237e-06,1.329386e-01,3.037121e-03,1.349907e-05,8.078459e-02,1.147217e-03,3.728555e-06,2,91,N,N
6.955223e-02,6.961782e-04,1.271595e-06,1.317600e-01,2.202536e-03,8.331702e-06,1.315657e-01,1.960194e-03,7.255395e-06,9.225347e-02,1.287944e-03,4.303366e-06,1,70,N,N
6.881608e-02,6.633099e-04,1.156285e-06,1.156133e-01,2.205046e-03,9.093208e-06,1.207723e-01,2.229440e-03,9.157335e-06,7.854412e-02,9.953665e-04,3.242091e-06,0,44,N,N
8.228558e-02,1.210096e-03,3.213989e-06,1.262020e-01,2.683612e-03,1.184824e-05,1.435235e-01,4.029443e-03,1.810433e-05,7.620527e-02,1.027001e-03,3.488126e-06,3,94,N,N
7.535127e-02,6.668855e-04,8.516362e-07,1.227212e-01,1.805056e-03,6.292932e-06,1.055196e-01,1.150591e-03,3.258323e-06,6.753119e-02,6.732383e-04,1.383006e-06,1,79,N,N
8.737874e-02,9.639205e-04,1.323025e-06,1.040428e-01,1.740840e-03,6.094386e-06,1.327387e-01,2.364705e-03,9.969484e-06,7.955679e-02,1.153756e-03,3.948803e-06,3,56,N,N
6.561559e-02,6.297700e-04,1.145253e-06,1.205175e-01,1.954350e-03,6.877921e-06,1.234272e-01,1.729008e-03,6.047153e-06,9.421912e-02,1.300267e-03,4.343110e-06,3,70,N,N
8.613211e-02,8.676142e-04,8.189861e-07,1.322268e-01,1.820066e-03,5.897834e-06,1.496488e-01,2.510312e-03,1.029757e-05,9.252285e-02,1.231484e-03,3.568140e-06,3,88,N,N
8.937991e-02,1.041851e-03,1.553641e-06,1.342060e-01,2.182233e-03,8.355422e-06,1.432359e-01,2.897234e-03,1.191093e-05,8.313769e-02,1.126749e-03,3.793062e-06,3,71,N,N
9.293268e-02,1.019279e-03,1.068958e-06,1.306322e-01,1.840743e-03,5.653096e-06,1.581465e-01,2.460076e-03,9.386839e-06,9.798730e-02,1.385190e-03,4.248976e-06,0,74,N,N
7.063649e-02,8.660456e-04,2.501563e-06,1.244416e-01,2.809337e-03,1.259084e-05,1.337661e-01,2.963904e-03,1.258238e-05,7.238428e-02,8.832496e-04,2.766888e-06,0,17,N,N
7.139492e-02,8.517831e-04,1.831685e-06,1.165765e-01,2.137664e-03,8.498696e-06,1.463228e-01,3.118728e-03,1.383130e-05,7.694945e-02,1.002100e-03,3.054964e-06,1,51,N,N
8.102270e-02,9.399746e-04,1.701292e-06,9.659281e-02,2.031817e-03,7.434118e-06,1.211594e-01,2.761913e-03,1.234044e-05,8.662931e-02,1.364811e-03,5.135970e-06,1,64,N,N
7.869746e-02,9.140666e-04,2.008956e-06,1.114111e-01,2.145305e-03,7.683248e-06,1.362440e-01,2.542823e-03,1.064104e-05,8.574383e-02,1.297471e-03,3.881256e-06,2,77,N,N
5.724383e-02,5.456036e-04,1.017356e-06,8.756127e-02,1.639220e-03,6.089881e-06,8.082192e-02,1.043312e-03,3.120362e-06,6.247712e-02,5.874625e-04,1.287857e-06,1,85,N,N
7.782392e-02,8.373717e-04,1.699303e-06,1.193685e-01,2.895675e-03,1.306748e-05,1.232614e-01,2.759474e-03,1.231906e-05,7.902355e-02,1.117054e-03,3.968705e-06,1,38,N,N
7.359400e-02,8.425588e-04,2.034100e-06,1.151470e-01,2.559650e-03,1.032613e-05,1.328993e-01,3.063850e-03,1.324269e-05,8.190829e-02,1.185509e-03,3.996342e-06,1,91,N,N
1.008921e-01,1.239036e-03,1.542713e-06,1.327344e-01,1.895474e-03,6.316286e-06,1.432028e-01,2.163802e-03,7.958698e-06,9.534262e-02,1.154886e-03,2.879144e-06,3,100,N,N
7.280368e-02,7.135133e-04,1.061770e-06,9.786933e-02,1.742860e-03,6.369207e-06,1.167792e-01,2.179309e-03,9.024943e-06,7.934565e-02,1.106107e-03,3.992582e-06,0,10,N,N
8.107098e-02,7.758522e-04,9.905391e-07,9.968092e-02,1.678922e-03,5.807848e-06,1.236981e-01,1.853659e-03,6.645341e-06,8.806639e-02,1.200279e-03,3.174713e-06,1,99,N,N
9.464211e-02,1.063204e-03,1.430034e-06,1.331959e-01,2.195507e-03,8.201043e-06,1.592342e-01,3.266682e-03,1.453170e-05,8.655754e-02,1.188572e-03,3.393036e-06,1,83,N,N
8.402394e-02,8.692377e-04,1.275503e-06,1.415125e-01,2.148786e-03,7.844942e-06,1.456768e-01,2.469286e-03,9.873185e-06,8.572149e-02,1.185779e-03,4.027849e-06,0,28,N,N
5.902732e-02,5.068341e-04,8.683614e-07,1.262681e-01,2.676999e-03,1.151813e-05,9.220136e-02,1.377767e-03,4.195911e-06,6.821034e-02,7.980925e-04,2.111624e-06,3,59,N,N
9.027730e-02,1.063809e-03,1.478551e-06,1.333618e-01,1.798625e-03,6.108819e-06,1.432984e-01,2.031662e-03,6.993857e-06,8.524674e-02,9.965537e-04,2.780191e-06,0,101,N,N
6.864324e-02,1.220036e-03,5.561671e-06,1.340914e-01,3.775660e-03,1.607273e-05,1.156082e-01,1.761540e-03,6.087712e-06,8.424811e-02,1.023031e-03,3.052086e-06,0,2,N,N
7.714761e-02,6.680327e-04,7.855484e-07,9.588546e-02,1.509154e-03,5.280310e-06,1.287138e-01,2.020795e-03,7.660461e-06,7.348149e-02,8.338176e-04,1.951593e-06,2,99,N,N
7.468176e-02,6.448594e-04,7.806786e-07,9.756205e-02,1.189634e-03,3.462841e-06,1.244485e-01,2.011840e-03,7.285520e-06,7.890139e-02,1.073213e-03,3.054727e-06,0,14,N,N
9.643088e-02,1.031789e-03,1.036747e-06,1.178326e-01,1.787818e-03,6.256311e-06,1.371231e-01,2.506428e-03,1.064730e-05,8.565577e-02,1.140802e-03,3.723247e-06,1,84,N,N
7.783852e-02,8.321521e-04,1.430303e-06,1.105925e-01,1.994032e-03,7.396535e-06,1.303072e-01,2.543094e-03,1.119403e-05,8.399951e-02,1.142427e-03,3.635842e-06,3,92,N,N
8.991126e-02,8.535681e-04,8.266808e-07,1.233500e-01,1.442923e-03,4.339340e-06,1.174856e-01,1.605642e-03,5.317790e-06,6.850510e-02,7.440322e-04,2.088311e-06,3,49,N,N
6.836432e-02,7.561790e-04,2.098416e-06,1.427222e-01,2.697649e-03,1.106080e-05,1.529828e-01,2.760907e-03,1.147910e-05,8.994002e-02,1.188793e-03,2.419737e-06,0,40,N,N
8.097791e-02,8.497210e-04,1.215501e-06,1.306876e-01,2.171157e-03,8.239377e-06,1.392563e-01,2.484135e-03,1.014273e-05,8.688090e-02,1.107655e-03,2.930534e-06,2,57,N,N
1.076130e-01,1.265404e-03,1.708987e-06,1.165889e-01,1.373859e-03,4.078645e-06,1.401819e-01,2.130384e-03,7.876097e-06,9.248115e-02,1.169036e-03,3.547890e-06,0,95,N,N
8.367109e-02,9.377127e-04,1.864876e-06,1.367656e-01,2.163881e-03,8.129466e-06,1.441167e-01,2.365080e-03,9.420223e-06,8.541776e-02,1.161159e-03,3.847067e-06,2,60,N,N
6.067347e-02,4.690145e-04,5.328574e-07,1.041808e-01,1.644812e-03,5.404577e-06,9.171818e-02,1.035880e-03,2.646505e-06,6.736226e-02,7.445210e-04,1.828098e-06,2,73,N,N
5.826250e-02,7.284285e-04,2.602648e-06,1.175630e-01,2.355947e-03,8.745012e-06,1.575614e-01,2.299844e-03,8.591192e-06,1.019045e-01,1.427177e-03,4.241722e-06,3,67,N,N
6.898522e-02,6.941643e-04,1.126239e-06,1.208060e-01,1.886709e-03,6.716083e-06,1.203076e-01,1.726569e-03,6.071282e-06,8.152389e-02,1.075399e-03,3.238401e-06,2,70,N,N
8.120052e-02,8.253567e-04,1.148835e-06,1.225173e-01,2.019956e-03,7.587659e-06,1.468830e-01,2.987404e-03,1.305031e-05,7.689800e-02,1.027083e-03,3.213282e-06,3,52,N,N
9.002823e-02,9.050145e-04,1.031503e-06,1.267839e-01,1.811425e-03,6.264449e-06,1.468653e-01,2.500605e-03,1.017086e-05,8.460379e-02,1.167845e-03,3.825933e-06,1,43,N,N
1.102613e-01,1.368439e-03,1.843437e-06,1.185904e-01,1.563895e-03,5.054617e-06,1.315630e-01,1.918954e-03,6.863230e-06,9.744492e-02,1.364656e-03,4.820196e-06,1,95,N,N
1.095884e-01,1.248879e-03,1.481471e-06,1.360199e-01,1.961585e-03,6.821159e-06,1.390766e-01,2.496287e-03,9.700350e-06,8.846267e-02,1.196936e-03,3.656240e-06,0,62,N,N
6.626280e-02,6.626741e-04,1.140612e-06,1.093931e-01,2.414830e-03,1.050781e-05,1.187867e-01,2.762851e-03,1.213878e-05,6.492073e-02,7.262958e-04,1.854822e-06,0,9,N,N
5.901078e-02,4.937002e-04,6.773778e-07,9.851767e-02,1.767671e-03,6.329545e-06,1.042379e-01,1.638890e-03,5.846360e-06,7.103183e-02,8.061114e-04,2.308940e-06,3,87,N,N
9.577819e-02,9.411040e-04,7.876863e-07,1.361519e-01,1.688512e-03,5.003153e-06,1.524892e-01,2.089504e-03,7.257280e-06,9.535961e-02,1.132027e-03,3.233760e-06,3,86,N,N
6.733784e-02,9.351283e-04,3.691789e-06,1.244156e-01,2.952573e-03,1.257142e-05,1.411843e-01,2.620413e-03,1.120062e-05,9.058654e-02,1.345540e-03,4.318452e-06,1,81,N,N
6.094165e-02,4.461951e-04,4.684251e-07,9.926754e-02,1.862805e-03,7.414335e-06,1.102023e-01,2.102868e-03,8.385376e-06,5.669085e-02,5.847481e-04,1.277147e-06,2,66,N,N
6.989833e-02,8.245332e-04,2.153659e-06,1.148103e-01,2.490182e-03,1.095407e-05,1.334572e-01,2.907885e-03,1.380420e-05,8.637587e-02,1.143003e-03,3.582297e-06,0,33,N,N
7.232345e-02,6.892982e-04,1.186937e-06,1.277778e-01,2.667604e-03,1.054530e-05,1.427314e-01,3.106659e-03,1.382329e-05,7.908364e-02,1.114588e-03,4.065957e-06,0,53,N,N
5.801396e-02,5.079887e-04,1.063190e-06,1.134688e-01,2.279321e-03,9.094049e-06,1.018673e-01,1.428756e-03,4.681449e-06,7.360688e-02,9.342597e-04,2.750158e-06,2,59,N,N
7.691271e-02,7.939074e-04,1.377092e-06,1.067308e-01,2.181319e-03,7.948017e-06,1.273652e-01,2.140211e-03,8.483000e-06,9.714535e-02,1.540618e-03,5.054044e-06,0,16,N,N
9.130540e-02,9.601092e-04,1.036856e-06,1.302303e-01,1.779201e-03,5.618733e-06,1.467106e-01,2.195362e-03,8.208175e-06,9.531036e-02,1.384725e-03,4.407151e-06,2,74,N,N
9.022359e-02,9.793923e-04,1.312468e-06,1.252555e-01,2.196055e-03,7.720730e-06,1.516388e-01,2.948827e-03,1.265023e-05,8.928825e-02,1.249725e-03,4.421247e-06,3,102,N,N
8.269462e-02,7.118361e-04,6.170479e-07,1.222992e-01,1.957186e-03,7.227373e-06,1.293737e-01,2.179248e-03,8.674460e-06,7.889292e-02,9.840225e-04,3.187525e-06,1,69,N,N
8.002189e-02,5.469631e-04,3.581693e-07,1.077949e-01,1.078219e-03,2.522106e-06,1.347035e-01,1.580850e-03,4.739835e-06,6.913128e-02,6.093083e-04,1.307915e-06,0,86,N,N
7.598755e-02,6.324373e-04,7.146274e-07,1.188402e-01,1.520069e-03,4.976661e-06,1.274318e-01,1.856066e-03,6.273857e-06,7.714622e-02,8.204653e-04,1.803231e-06,0,104,N,N
7.701352e-02,5.660957e-04,4.626191e-07,1.264147e-01,1.674870e-03,5.746383e-06,1.197304e-01,2.076048e-03,8.018064e-06,7.100361e-02,8.652572e-04,2.884350e-06,0,12,N,N
6.144340e-02,8.188498e-04,3.116559e-06,1.326592e-01,3.271852e-03,1.398808e-05,1.480485e-01,3.080487e-03,1.359463e-05,8.399093e-02,1.114473e-03,2.978246e-06,0,54,N,N
9.540117e-02,1.076709e-03,1.183889e-06,1.389811e-01,2.004870e-03,6.523938e-06,1.464693e-01,2.308334e-03,9.034226e-06,9.644188e-02,1.363898e-03,4.114561e-06,1,74,N,N
8.566889e-02,8.420129e-04,1.026453e-06,1.314574e-01,2.262743e-03,8.778583e-06,1.497341e-01,2.812806e-03,1.197501e-05,8.351581e-02,1.103615e-03,3.178314e-06,2,83,N,N
8.257733e-02,9.520708e-04,1.759235e-06,1.104788e-01,2.077855e-03,7.259588e-06,1.421440e-01,2.809091e-03,1.219150e-05,8.887660e-02,1.247440e-03,4.217002e-06,1,92,N,N
9.039302e-02,1.047148e-03,1.487494e-06,1.297216e-01,1.765160e-03,5.873683e-06,1.483139e-01,2.197763e-03,8.035567e-06,8.877260e-02,1.111989e-03,3.360116e-06,3,101,N,N
7.499922e-02,7.126124e-04,9.117187e-07,9.671823e-02,1.610633e-03,5.524864e-06,1.147025e-01,1.804377e-03,6.854436e-06,7.389417e-02,9.998051e-04,3.154409e-06,1,56,N,N
7.173691e-02,5.870362e-04,6.684373e-07,9.996735e-02,1.715674e-03,5.539069e-06,1.233891e-01,1.830167e-03,6.695030e-06,8.227165e-02,9.957434e-04,2.951419e-06,0,25,N,N
9.144101e-02,1.058533e-03,1.572793e-06,1.233810e-01,1.903678e-03,6.781269e-06,1.399170e-01,2.705997e-03,1.077803e-05,8.197972e-02,1.060078e-03,3.364863e-06,2,71,N,N
7.383005e-02,7.921335e-04,1.333531e-06,1.165719e-01,2.496205e-03,1.099213e-05,1.224678e-01,3.022428e-03,1.330752e-05,7.240602e-02,9.675650e-04,3.383468e-06,1,75,N,N
9.289774e-02,1.082288e-03,1.510439e-06,1.432216e-01,1.998357e-03,7.034736e-06,1.469280e-01,2.166534e-03,7.666942e-06,8.485895e-02,9.930117e-04,2.730570e-06,1,101,N,N
7.784113e-02,8.569504e-04,1.399352e-06,1.170741e-01,1.873308e-03,6.558512e-06,1.447080e-01,1.972092e-03,6.933302e-06,8.958570e-02,1.159803e-03,3.311429e-06,0,23,N,N
8.712026e-02,1.035727e-03,2.001417e-06,1.287971e-01,2.534499e-03,1.066060e-05,1.549209e-01,3.841994e-03,1.779966e-05,7.913359e-02,1.030151e-03,2.978008e-06,0,37,N,N
7.208771e-02,7.964621e-04,1.660726e-06,1.036093e-01,2.122662e-03,8.265417e-06,1.043223e-01,1.636293e-03,5.951451e-06,8.248920e-02,1.000153e-03,2.743764e-06,0,85,N,N
8.322453e-02,9.797402e-04,1.913829e-06,1.093692e-01,2.047661e-03,7.161135e-06,1.438841e-01,2.546908e-03,1.001900e-05,8.812796e-02,1.079746e-03,3.074335e-06,0,96,N,N
6.029081e-02,5.298850e-04,7.319256e-07,1.046663e-01,1.873630e-03,7.385044e-06,1.089261e-01,2.126780e-03,8.781394e-06,6.955362e-02,8.733137e-04,2.809461e-06,0,78,N,N
8.781878e-02,9.733517e-04,1.402740e-06,1.072849e-01,1.840406e-03,6.880912e-06,1.207910e-01,1.998480e-03,7.904169e-06,7.965784e-02,1.154366e-03,4.107227e-06,2,56,N,N
9.788465e-02,1.003241e-03,8.622304e-07,1.161647e-01,1.945323e-03,6.975108e-06,1.420630e-01,2.418773e-03,9.718933e-06,9.660955e-02,1.445732e-03,5.359848e-06,0,69,N,N
6.604411e-02,4.751992e-04,5.683094e-07,1.267259e-01,1.910288e-03,6.951213e-06,1.348496e-01,2.481110e-03,1.009165e-05,8.275084e-02,1.032642e-03,2.669587e-06,3,57,N,N
7.965135e-02,8.504294e-04,1.150937e-06,1.398047e-01,2.453306e-03,9.941353e-06,1.364556e-01,2.442702e-03,9.604358e-06,8.867657e-02,1.157810e-03,3.097900e-06,1,57,N,N
9.809713e-02,1.170273e-03,1.860019e-06,1.564022e-01,2.471930e-03,9.554349e-06,1.632432e-01,2.883181e-03,1.134486e-05,8.658045e-02,1.099447e-03,2.866503e-06,2,89,N,N
7.900131e-02,1.051638e-03,2.239082e-06,1.208875e-01,2.437009e-03,1.078901e-05,1.322304e-01,3.409603e-03,1.489115e-05,7.292318e-02,9.200236e-04,2.838677e-06,0,94,N,N
7.029744e-02,5.359813e-04,6.810968e-07,1.159746e-01,1.607895e-03,5.084884e-06,1.181829e-01,1.274347e-03,3.599204e-06,7.719590e-02,9.420293e-04,2.306834e-06,0,79,N,N
7.452283e-02,7.004383e-04,1.191160e-06,1.299726e-01,2.515635e-03,1.138857e-05,1.346540e-01,2.507628e-03,1.056844e-05,7.380033e-02,9.329185e-04,3.078729e-06,0,21,N,N
8.336972e-02,8.926777e-04,1.426036e-06,1.168081e-01,2.010627e-03,7.126073e-06,1.412949e-01,2.471364e-03,1.066830e-05,9.490232e-02,1.580616e-03,5.667997e-06,0,82,N,N
8.378194e-02,8.215355e-04,1.035065e-06,1.387422e-01,2.428381e-03,9.615705e-06,1.512318e-01,2.963722e-03,1.256892e-05,8.472836e-02,1.135859e-03,3.114404e-06,0,83,N,N
7.605790e-02,8.408574e-04,1.543330e-06,1.260268e-01,2.200804e-03,8.427600e-06,1.526062e-01,2.992856e-03,1.262395e-05,7.349829e-02,9.166944e-04,2.983412e-06,1,48,N,N
9.477952e-02,1.051674e-03,1.286422e-06,1.164355e-01,2.059856e-03,7.567945e-06,1.346745e-01,2.209618e-03,8.852697e-06,9.413171e-02,1.404086e-03,5.059304e-06,3,84,N,N
8.425125e-02,8.295005e-04,1.076112e-06,1.371028e-01,2.011952e-03,7.353541e-06,1.484615e-01,2.522886e-03,9.793996e-06,8.101390e-02,1.007340e-03,2.984819e-06,0,60,N,N
8.105495e-02,8.211853e-04,1.088035e-06,1.436943e-01,2.140461e-03,8.000485e-06,1.450106e-01,2.430037e-03,9.130657e-06,7.179692e-02,8.399299e-04,2.358040e-06,3,60,N,N
7.769821e-02,6.376250e-04,7.668127e-07,1.047969e-01,1.188489e-03,3.383186e-06,1.230926e-01,1.828386e-03,6.522030e-06,6.928169e-02,7.439951e-04,1.945280e-06,0,13,N,N
6.478084e-02,5.587744e-04,6.115617e-07,1.032158e-01,1.638197e-03,5.844932e-06,8.150512e-02,9.478952e-04,2.569441e-06,5.753477e-02,5.479923e-04,1.330950e-06,0,30,N,N
7.097903e-02,9.324283e-04,3.328292e-06,1.185640e-01,2.575253e-03,1.041684e-05,1.346134e-01,2.547636e-03,1.087374e-05,8.618619e-02,1.242969e-03,3.834130e-06,3,81,N,N
7.096835e-02,4.559579e-04,3.215319e-07,9.716472e-02,1.024696e-03,2.804333e-06,1.218295e-01,2.030643e-03,7.606770e-06,5.937151e-02,5.927630e-04,1.558375e-06,3,63,N,N
6.471992e-02,6.024318e-04,8.134027e-07,8.150537e-02,1.402730e-03,4.635775e-06,9.881148e-02,1.952210e-03,7.862205e-06,6.615016e-02,8.069241e-04,2.457368e-06,2,64,N,N
7.601790e-02,6.085435e-04,5.341897e-07,1.135312e-01,1.773793e-03,6.437888e-06,1.336350e-01,2.245824e-03,9.251665e-06,8.277652e-02,1.071303e-03,3.567721e-06,2,69,N,N
9.520734e-02,8.793969e-04,7.549280e-07,1.304042e-01,1.805038e-03,6.389580e-06,1.411019e-01,2.768345e-03,1.204946e-05,7.821337e-02,9.930326e-04,3.410713e-06,2,12,N,N
7.354708e-02,8.013648e-04,1.319077e-06,9.833710e-02,1.698398e-03,6.036431e-06,1.178044e-01,2.229590e-03,8.952790e-06,7.944535e-02,1.085927e-03,3.734633e-06,1,10,N,N
9.515843e-02,1.026288e-03,1.335605e-06,1.393409e-01,2.153065e-03,8.108796e-06,1.519162e-01,2.631303e-03,1.061973e-05,9.066386e-02,1.384099e-03,4.892259e-06,0,43,N,N
6.078581e-02,7.721007e-04,2.776216e-06,1.155446e-01,2.341691e-03,9.028672e-06,1.519071e-01,2.182161e-03,7.953697e-06,9.418821e-02,1.266115e-03,3.541968e-06,0,67,N,N
7.788516e-02,7.810946e-04,1.221865e-06,1.194782e-01,2.271871e-03,9.012782e-06,1.429830e-01,3.187975e-03,1.429113e-05,7.160746e-02,9.264295e-04,3.180369e-06,2,53,N,N
8.686105e-02,9.180051e-04,1.277241e-06,1.094698e-01,1.703639e-03,6.487297e-06,1.183315e-01,2.277756e-03,9.584441e-06,7.762491e-02,9.916026e-04,3.182993e-06,3,65,N,N
7.072425e-02,8.761085e-04,2.674609e-06,1.425549e-01,2.418986e-03,9.300802e-06,1.515508e-01,2.502018e-03,9.856956e-06,8.459964e-02,1.141853e-03,2.944021e-06,3,76,N,N
8.431173e-02,8.185645e-04,8.886455e-07,1.153085e-01,1.918119e-03,6.354827e-06,1.454298e-01,2.808955e-03,1.267511e-05,8.756703e-02,1.226496e-03,4.366262e-06,1,102,N,N
7.184098e-02,6.918046e-04,9.915265e-07,1.100929e-01,1.743735e-03,5.835254e-06,1.118623e-01,1.496623e-03,4.712974e-06,8.176022e-02,1.059017e-03,3.116700e-06,0,73,N,N
