7.381796e+06,6.334932e+12,9.004911e+17,2.039883e+07,8.270704e+13,1.274857e+19,3.739334e+07,3.114353e+14,4.518629e+19,2.790789e+07,1.460986e+14,1.580291e+19,2,93
7.661305e+06,7.246791e+12,1.002843e+18,1.292140e+07,4.066497e+13,4.708179e+18,4.192708e+07,4.257750e+14,4.050915e+19,2.680232e+07,1.094601e+14,1.437453e+19,0,90
6.740222e+06,6.218430e+12,7.321254e+17,1.766826e+07,7.482328e+13,7.651012e+18,7.050185e+07,1.211496e+15,1.146613e+20,3.858725e+07,1.869606e+14,2.187868e+19,0,86
1.215416e+07,1.852133e+13,2.148718e+18,2.490158e+07,1.441335e+14,2.157299e+19,5.687319e+07,7.962915e+14,1.296580e+20,3.301454e+07,1.798775e+14,2.967827e+19,1,73
7.742595e+06,6.959627e+12,8.340601e+17,2.160945e+07,9.074147e+13,1.139542e+19,5.198506e+07,6.742637e+14,7.368115e+19,2.384750e+07,8.288194e+13,1.113852e+19,0,23
9.736849e+06,7.365960e+12,1.031589e+18,1.601290e+07,5.218466e+13,5.344484e+18,3.741729e+07,3.429127e+14,2.801547e+19,2.305167e+07,7.887030e+13,6.753234e+18,0,89
2.619357e+06,1.390466e+12,1.900326e+17,1.880061e+07,4.638067e+13,5.777977e+18,4.140493e+07,4.038947e+14,4.521791e+19,3.464247e+07,2.312847e+14,1.520789e+19,0,3
6.067308e+06,4.833745e+12,6.426970e+17,3.391831e+07,1.387260e+14,1.823195e+19,4.455702e+07,4.677810e+14,6.603962e+19,3.175770e+07,1.763289e+14,1.883861e+19,0,6
8.098103e+06,8.684560e+12,1.281586e+18,2.085519e+07,9.099582e+13,1.317696e+19,3.354449e+07,2.738484e+14,4.375566e+19,2.416623e+07,1.080457e+14,9.409596e+18,1,87
3.278609e+06,1.776910e+12,1.754050e+17,2.358741e+07,7.416367e+13,5.687037e+18,4.661727e+07,5.224482e+14,4.538764e+19,3.699974e+07,2.516254e+14,2.037057e+19,1,74
6.969126e+06,4.669727e+12,5.924895e+17,1.382943e+07,3.770015e+13,4.307155e+18,4.144055e+07,4.050503e+14,3.115384e+19,3.107657e+07,1.507083e+14,1.160413e+19,1,62
6.689230e+06,4.656879e+12,6.636289e+17,1.725716e+07,6.141768e+13,7.173527e+18,4.776350e+07,5.397259e+14,5.119605e+19,3.438888e+07,1.870113e+14,2.354325e+19,0,31
8.507958e+06,1.196946e+13,1.303204e+18,1.653942e+07,6.840079e+13,1.012337e+19,4.016934e+07,3.762872e+14,4.170328e+19,3.164717e+07,1.395544e+14,1.621528e+19,1,95
6.230427e+06,3.886537e+12,4.306747e+17,1.713444e+07,5.443072e+13,5.991036e+18,3.967963e+07,3.857063e+14,3.633171e+19,2.587279e+07,1.016726e+14,8.404174e+18,1,60
3.661063e+06,2.087528e+12,2.472976e+17,1.693715e+07,4.602169e+13,5.276797e+18,3.893916e+07,3.408195e+14,4.001330e+19,2.441316e+07,1.141177e+14,1.419529e+19,1,92
7.863434e+06,6.931016e+12,9.833431e+17,2.064590e+07,8.195937e+13,1.198320e+19,3.760147e+07,3.179607e+14,4.869867e+19,2.648112e+07,1.343101e+14,1.464408e+19,3,93
1.237927e+07,1.840368e+13,2.909736e+18,1.944114e+07,9.003412e+13,1.363688e+19,3.663361e+07,3.281773e+14,5.139333e+19,2.562722e+07,1.087021e+14,1.542523e+19,3,80
6.377266e+06,4.339442e+12,5.883117e+17,1.857734e+07,6.355850e+13,9.451592e+18,4.514528e+07,4.966040e+14,6.226966e+19,2.275975e+07,8.038171e+13,1.129122e+19,1,25
1.013932e+07,1.157148e+13,1.853397e+18,1.765417e+07,7.646016e+13,9.318776e+18,4.048307e+07,3.965201e+14,4.510950e+19,2.570856e+07,9.888778e+13,1.088369e+19,3,103
8.487522e+06,8.174348e+12,1.208266e+18,1.993434e+07,8.336642e+13,1.282991e+19,3.624452e+07,3.095579e+14,4.600924e+19,2.432264e+07,1.098120e+14,1.131388e+19,0,93
1.199060e+07,1.953186e+13,2.346364e+18,2.706425e+07,1.783926e+14,2.946961e+19,5.621613e+07,7.472634e+14,1.592533e+20,2.945175e+07,1.337800e+14,2.345732e+19,2,73
1.230583e+07,1.367251e+13,2.251602e+18,1.962396e+07,8.658450e+13,9.245091e+18,3.482662e+07,2.597943e+14,2.972637e+19,1.958578e+07,5.890576e+13,1.003466e+19,1,76
7.945713e+06,4.023205e+12,4.659916e+17,1.784307e+07,4.416030e+13,4.675778e+18,3.506339e+07,3.072031e+14,2.794222e+19,2.301730e+07,9.544745e+13,9.709393e+18,1,61
1.246871e+07,1.529947e+13,2.206666e+18,2.025584e+07,9.015918e+13,1.232012e+19,3.823251e+07,3.510923e+14,5.630142e+19,2.315208e+07,9.510616e+13,1.600688e+19,3,55
7.362084e+06,5.018241e+12,6.503001e+17,1.635984e+07,5.020986e+13,5.880043e+18,4.388188e+07,4.697226e+14,4.333007e+19,3.473075e+07,1.987288e+14,1.558641e+19,1,43
5.856878e+06,4.113219e+12,4.823181e+17,1.718966e+07,5.196503e+13,5.927852e+18,3.864199e+07,3.481981e+14,3.126902e+19,3.603048e+07,2.453810e+14,2.210892e+19,3,84
7.249460e+06,6.779565e+12,9.996416e+17,2.042096e+07,7.616016e+13,9.999092e+18,2.960594e+07,2.151712e+14,3.066746e+19,2.320418e+07,9.454653e+13,1.192609e+19,1,44
6.424653e+06,5.072316e+12,6.694695e+17,1.842599e+07,5.997769e+13,7.649776e+18,4.504863e+07,4.849272e+14,5.523245e+19,3.009696e+07,1.616562e+14,1.820901e+19,1,45
1.882942e+06,7.957560e+11,8.861167e+16,1.601037e+07,3.082587e+13,3.189566e+18,2.556424e+07,1.610112e+14,1.933363e+19,2.089481e+07,8.623135e+13,1.221073e+19,1,54
8.415329e+06,9.168134e+12,1.260885e+18,2.088368e+07,9.049413e+13,1.323074e+19,2.660528e+07,1.765063e+14,3.220044e+19,2.224530e+07,9.454795e+13,1.070410e+19,2,87
1.047422e+07,8.352469e+12,1.276090e+18,1.668703e+07,4.570316e+13,5.266089e+18,3.376603e+07,2.800298e+14,2.548930e+19,2.011939e+07,7.054253e+13,7.551756e+18,2,61
9.393906e+06,9.095279e+12,1.316896e+18,1.651857e+07,6.041064e+13,7.909135e+18,4.460672e+07,4.945860e+14,5.014759e+19,2.444691e+07,8.230152e+13,1.001251e+19,0,27
9.809602e+06,7.824161e+12,9.462467e+17,1.982421e+07,8.203767e+13,1.016553e+19,3.458935e+07,2.879123e+14,3.591323e+19,2.545717e+07,1.027024e+14,1.083980e+19,2,60
8.671526e+06,1.179129e+13,1.357994e+18,1.771655e+07,7.724733e+13,1.098722e+19,4.112598e+07,3.999521e+14,3.966123e+19,3.305532e+07,1.431633e+14,1.652035e+19,0,95
1.164527e+07,1.356106e+13,1.969382e+18,1.874335e+07,7.585367e+13,9.682791e+18,4.150600e+07,4.255087e+14,6.027517e+19,2.928792e+07,1.488816e+14,1.463393e+19,2,70
7.304067e+06,4.102949e+12,4.993641e+17,1.846520e+07,5.516144e+13,7.176209e+18,3.929901e+07,3.618515e+14,3.754439e+19,3.113211e+07,1.786258e+14,1.437016e+19,1,52
1.869973e+07,4.018105e+13,6.763951e+18,2.408106e+07,1.434518e+14,2.174232e+19,3.260998e+07,2.366191e+14,4.190313e+19,2.207427e+07,8.093620e+13,2.181191e+19,3,67
1.074811e+06,3.152249e+11,2.708969e+16,1.660527e+07,2.591811e+13,2.520498e+18,3.174409e+07,2.098042e+14,1.974587e+19,2.637363e+07,1.427596e+14,1.136291e+19,0,77
2.054823e+06,7.243907e+11,6.926823e+16,1.727720e+07,3.036894e+13,3.071242e+18,3.176133e+07,2.194560e+14,2.215911e+19,2.632447e+07,1.397523e+14,1.200718e+19,1,77
5.062099e+06,3.515959e+12,5.960157e+17,3.503352e+07,1.084314e+14,1.694322e+19,3.553478e+07,2.604313e+14,4.357601e+19,2.289729e+07,1.114347e+14,1.300690e+19,2,64
4.069789e+06,2.174134e+12,2.733110e+17,1.618656e+07,4.760853e+13,4.884430e+18,4.030111e+07,3.820658e+14,4.171068e+19,2.646311e+07,1.151581e+14,1.143445e+19,2,71
7.716539e+06,7.502050e+12,9.663571e+17,1.404489e+07,4.884573e+13,6.283980e+18,4.152610e+07,4.252870e+14,4.673894e+19,2.731268e+07,1.150920e+14,1.749762e+19,1,90
9.094358e+06,1.026117e+13,1.325623e+18,2.992103e+07,1.360268e+14,1.505798e+19,4.453455e+07,4.783021e+14,5.166461e+19,4.605131e+07,3.618753e+14,3.146909e+19,2,49
8.056256e+06,9.615567e+12,1.139286e+18,1.720277e+07,7.291639e+13,1.156947e+19,4.192846e+07,4.165188e+14,5.216733e+19,3.132779e+07,1.329301e+14,1.994197e+19,0,13
7.377304e+06,5.340958e+12,7.426741e+17,1.754212e+07,5.888087e+13,8.153633e+18,4.429308e+07,4.890738e+14,6.294160e+19,2.140089e+07,6.911345e+13,1.014702e+19,0,25
2.397584e+06,8.909550e+11,8.895468e+16,1.600566e+07,3.350987e+13,3.141358e+18,3.878622e+07,3.504964e+14,3.030709e+19,3.120301e+07,1.771530e+14,1.215513e+19,2,83
8.715433e+06,8.500062e+12,9.846900e+17,3.183325e+07,1.327019e+14,1.173547e+19,4.244485e+07,4.307459e+14,3.828229e+19,4.321573e+07,3.398655e+14,2.394911e+19,0,49
1.889294e+07,3.876614e+13,6.508758e+18,2.449608e+07,1.456257e+14,2.228082e+19,3.602086e+07,2.998918e+14,5.832372e+19,2.297676e+07,8.871898e+13,2.274217e+19,2,67
7.540698e+06,5.541753e+12,7.627845e+17,1.779787e+07,5.267904e+13,7.553679e+18,2.747181e+07,1.857682e+14,2.715690e+19,1.994030e+07,7.803294e+13,1.129767e+19,1,33
7.998343e+06,8.568267e+12,1.245471e+18,2.123726e+07,8.951073e+13,1.283025e+19,2.907514e+07,2.118882e+14,3.490166e+19,2.402672e+07,1.067526e+14,1.076635e+19,0,87
4.449796e+06,2.164200e+12,2.496800e+17,1.810692e+07,4.077110e+13,4.812909e+18,3.899801e+07,3.299258e+14,3.917857e+19,2.913170e+07,1.737850e+14,1.968584e+19,3,58
8.390587e+06,7.023486e+12,1.155762e+18,2.325165e+07,7.935434e+13,1.007939e+19,3.438813e+07,2.925747e+14,4.210931e+19,2.779779e+07,1.562402e+14,2.026987e+19,3,59
1.185345e+06,4.003378e+11,3.580251e+16,1.289215e+07,2.218105e+13,2.188365e+18,3.284230e+07,2.406800e+14,2.291551e+19,2.272998e+07,9.636615e+13,9.068717e+18,2,37
9.772288e+06,7.943633e+12,1.095619e+18,1.630917e+07,5.578691e+13,6.223540e+18,3.569174e+07,3.115272e+14,2.826477e+19,2.346171e+07,8.217909e+13,7.306007e+18,1,89
6.669644e+06,5.433159e+12,7.933586e+17,2.590518e+07,1.060617e+14,1.361444e+19,4.144973e+07,3.989353e+14,4.993013e+19,3.441107e+07,2.037039e+14,2.127720e+19,0,11
6.362600e+06,4.241185e+12,5.734379e+17,2.812625e+07,9.301874e+13,1.438795e+19,3.791357e+07,3.309986e+14,5.732202e+19,2.367450e+07,1.048292e+14,1.437851e+19,1,10
1.017726e+07,9.986112e+12,1.683918e+18,1.827441e+07,7.240842e+13,1.027774e+19,4.102091e+07,3.873491e+14,5.832533e+19,2.083782e+07,8.040669e+13,1.521836e+19,3,85
8.918588e+06,6.449142e+12,8.395924e+17,1.566707e+07,4.648209e+13,5.021393e+18,4.154964e+07,4.237973e+14,3.750487e+19,3.231549e+07,1.809407e+14,1.252817e+19,0,43
1.109985e+07,1.451182e+13,2.245336e+18,1.995093e+07,9.523083e+13,1.362371e+19,3.732690e+07,3.396155e+14,4.456663e+19,2.631531e+07,1.064741e+14,1.503826e+19,0,80
8.383642e+06,8.768828e+12,1.180336e+18,1.821567e+07,6.848494e+13,1.007870e+19,3.918923e+07,3.560302e+14,5.106387e+19,2.942897e+07,1.521829e+14,2.193767e+19,3,65
6.814652e+06,6.798157e+12,1.063367e+18,2.452088e+07,1.248896e+14,1.657715e+19,4.450643e+07,4.700934e+14,6.397839e+19,2.841403e+07,1.281150e+14,1.765013e+19,0,72
6.549256e+06,4.914769e+12,6.818998e+17,1.723707e+07,5.505113e+13,5.842903e+18,4.314778e+07,4.475036e+14,5.102821e+19,2.725477e+07,1.258587e+14,1.464482e+19,0,48
9.632379e+06,9.485254e+12,1.393020e+18,1.446025e+07,4.645956e+13,5.584896e+18,4.219042e+07,4.371043e+14,4.981997e+19,2.427539e+07,9.232279e+13,1.295136e+19,2,82
9.792332e+06,1.006300e+13,1.416218e+18,1.815482e+07,6.823793e+13,8.704387e+18,4.367751e+07,4.774201e+14,5.345328e+19,2.935405e+07,1.466328e+14,1.295777e+19,3,79
4.842033e+06,2.498818e+12,2.956715e+17,1.767191e+07,4.077273e+13,4.590009e+18,3.836998e+07,3.247101e+14,3.473910e+19,3.035204e+07,1.894201e+14,1.949004e+19,0,58
1.165183e+07,1.387502e+13,1.960901e+18,1.836071e+07,7.425561e+13,1.035258e+19,3.902023e+07,3.684803e+14,5.600830e+19,2.085117e+07,7.516820e+13,1.419417e+19,0,55
8.385499e+06,7.121855e+12,1.153346e+18,2.008455e+07,7.541435e+13,1.035683e+19,2.736618e+07,1.804925e+14,3.302131e+19,1.404285e+07,3.766742e+13,5.358085e+18,1,42
9.761054e+06,7.706541e+12,1.119006e+18,1.550493e+07,4.733039e+13,5.692757e+18,4.232092e+07,4.384067e+14,4.804716e+19,2.737090e+07,1.222724e+14,1.235816e+19,0,14
6.231649e+06,4.871543e+12,6.112269e+17,1.903933e+07,6.599266e+13,8.135430e+18,4.259412e+07,4.437488e+14,5.337542e+19,2.449420e+07,1.036776e+14,1.306965e+19,0,45
6.886035e+06,4.581713e+12,5.984445e+17,1.697266e+07,5.751707e+13,6.719871e+18,5.061313e+07,6.303878e+14,5.659332e+19,2.647843e+07,9.955654e+13,1.009619e+19,0,1
5.806936e+06,4.091840e+12,6.442244e+17,2.305556e+07,7.926908e+13,1.479198e+19,4.073819e+07,3.619311e+14,6.601042e+19,2.469682e+07,1.204207e+14,1.547146e+19,0,24
6.352634e+06,4.498864e+12,5.933950e+17,1.728578e+07,4.754680e+13,4.915994e+18,4.242812e+07,4.290804e+14,4.875608e+19,2.944470e+07,1.638705e+14,1.805734e+19,3,48
9.606383e+06,9.987318e+12,1.497310e+18,1.991253e+07,8.123463e+13,1.136639e+19,3.496060e+07,2.990086e+14,3.881508e+19,2.070523e+07,7.298907e+13,1.189968e+19,0,7
1.013331e+07,1.261232e+13,1.678730e+18,1.895916e+07,9.001813e+13,9.511193e+18,4.468151e+07,4.323183e+14,5.091452e+19,2.388818e+07,7.598313e+13,9.413548e+18,2,101
5.507519e+06,2.950154e+12,3.235939e+17,1.522612e+07,3.542991e+13,3.588930e+18,4.711776e+07,5.297503e+14,4.348475e+19,3.599824e+07,2.346781e+14,1.988157e+19,0,63
1.309540e+06,4.818461e+11,5.053979e+16,1.418458e+07,2.314445e+13,2.253819e+18,2.562912e+07,1.544849e+14,1.804492e+19,2.263378e+07,1.068847e+14,1.387731e+19,3,54
9.527712e+06,1.180829e+13,1.533461e+18,1.880209e+07,8.900617e+13,1.113775e+19,4.654661e+07,5.027865e+14,5.927807e+19,2.748945e+07,9.689400e+13,1.330594e+19,1,101
4.652632e+06,2.672212e+12,3.535315e+17,1.944511e+07,5.126647e+13,7.730016e+18,3.487005e+07,2.441203e+14,3.666869e+19,2.098735e+07,9.511055e+13,1.199484e+19,0,64
4.437198e+06,2.276659e+12,2.680532e+17,1.799387e+07,4.175433e+13,4.556916e+18,3.898949e+07,3.340741e+14,3.839223e+19,2.816562e+07,1.566854e+14,1.580630e+19,1,58
1.573227e+06,6.839188e+11,8.031550e+16,1.755485e+07,3.244804e+13,4.127843e+18,3.148363e+07,1.940789e+14,2.595241e+19,2.480010e+07,1.270872e+14,1.224931e+19,2,91
2.344718e+07,5.413797e+13,1.649311e+19,3.409685e+07,2.689197e+14,4.424606e+19,6.108428e+07,8.374403e+14,1.685495e+20,4.282892e+07,2.902786e+14,7.229097e+19,2,76
1.329368e+07,1.676706e+13,2.487770e+18,1.863041e+07,7.600849e+13,9.775726e+18,4.032940e+07,4.076967e+14,5.847608e+19,2.920496e+07,1.472470e+14,1.597766e+19,0,70
1.945792e+07,3.931630e+13,7.081894e+18,2.479714e+07,1.475670e+14,2.238218e+19,3.557638e+07,2.893165e+14,5.079108e+19,2.234197e+07,7.959324e+13,1.925962e+19,1,67
5.316029e+06,3.369389e+12,3.698467e+17,1.575963e+07,5.046881e+13,4.680008e+18,4.685872e+07,5.355731e+14,4.071425e+19,3.357825e+07,1.709288e+14,1.747727e+19,1,100
8.836839e+06,1.252134e+13,1.475354e+18,1.741615e+07,7.606277e+13,1.159441e+19,4.207842e+07,3.937578e+14,4.425200e+19,3.150008e+07,1.368419e+14,1.598080e+19,2,95
6.085078e+06,3.475862e+12,4.006226e+17,1.289285e+07,3.195940e+13,3.315948e+18,4.190199e+07,4.096776e+14,3.294443e+19,3.057340e+07,1.506434e+14,1.176296e+19,2,62
2.263590e+06,1.054109e+12,1.230107e+17,1.436321e+07,3.128289e+13,3.144627e+18,3.147887e+07,2.293055e+14,2.105700e+19,2.038594e+07,7.025200e+13,8.298212e+18,1,37
2.693119e+06,1.472295e+12,1.627968e+17,1.503503e+07,2.995971e+13,3.448481e+18,4.241986e+07,3.947107e+14,3.939625e+19,3.714832e+07,2.936223e+14,2.455045e+19,3,102
6.614457e+06,4.500208e+12,5.766381e+17,1.328375e+07,3.892098e+13,4.318432e+18,4.349920e+07,4.512226e+14,3.736100e+19,2.868195e+07,1.254693e+14,1.107199e+19,3,62
1.165132e+07,1.866548e+13,2.216201e+18,2.618974e+07,1.593096e+14,2.547431e+19,5.637213e+07,7.687460e+14,1.477658e+20,3.017436e+07,1.461982e+14,2.595739e+19,3,73
1.046716e+07,1.281462e+13,2.181789e+18,4.615530e+07,3.573855e+14,4.179109e+19,4.862520e+07,5.948096e+14,9.910481e+19,2.287103e+07,6.703072e+13,1.008014e+19,3,98
2.807198e+06,1.077112e+12,1.096507e+17,1.573187e+07,2.550826e+13,2.659848e+18,2.844102e+07,1.780023e+14,1.546688e+19,3.078298e+07,2.187114e+14,1.566697e+19,0,53
3.157015e+06,1.548083e+12,1.412848e+17,1.979982e+07,5.488643e+13,4.681082e+18,4.703073e+07,5.282024e+14,4.232304e+19,4.120297e+07,3.293115e+14,2.581695e+19,0,74
1.252255e+06,4.438369e+11,4.457608e+16,1.395671e+07,2.381206e+13,2.488057e+18,2.656158e+07,1.701359e+14,1.979843e+19,2.084313e+07,9.009404e+13,1.045645e+19,2,54
9.719208e+06,1.095134e+13,1.668021e+18,1.959227e+07,7.394067e+13,1.289548e+19,4.013088e+07,3.193920e+14,5.914963e+19,3.237457e+07,2.242740e+14,3.563561e+19,1,97
1.062631e+07,1.279706e+13,2.229943e+18,4.798489e+07,3.728680e+14,4.201159e+19,5.098570e+07,6.510313e+14,9.555397e+19,2.351655e+07,7.640824e+13,1.168392e+19,0,98
2.400061e+06,8.758118e+11,8.262285e+16,1.666855e+07,3.426511e+13,3.153830e+18,3.633926e+07,3.146545e+14,2.353658e+19,2.971822e+07,1.652692e+14,1.106989e+19,0,57
1.052304e+06,3.134515e+11,2.589571e+16,1.671791e+07,2.662007e+13,2.557704e+18,2.922695e+07,1.893139e+14,1.791329e+19,2.186175e+07,9.485947e+13,9.801469e+18,0,32
3.802423e+06,1.772001e+12,2.022685e+17,1.731569e+07,4.508488e+13,5.662884e+18,4.123177e+07,4.061709e+14,4.099901e+19,2.482603e+07,1.056334e+14,1.164059e+19,1,96
1.097424e+07,1.680048e+13,1.890905e+18,2.249243e+07,1.246884e+14,1.909854e+19,5.014355e+07,6.108360e+14,1.083937e+20,3.168515e+07,1.638269e+14,2.755550e+19,0,73
5.158007e+06,2.554301e+12,2.613332e+17,1.465562e+07,3.312108e+13,3.336655e+18,4.698398e+07,5.252400e+14,3.978467e+19,3.835747e+07,2.736400e+14,2.419619e+19,1,63
1.073229e+07,1.190831e+13,1.902420e+18,3.437951e+07,1.484381e+14,1.850480e+19,3.693378e+07,3.251533e+14,4.750064e+19,3.105092e+07,1.788310e+14,2.010329e+19,0,56
1.219590e+07,1.070507e+13,1.806432e+18,2.028885e+07,6.655133e+13,8.457312e+18,3.051888e+07,2.340410e+14,3.412206e+19,2.550733e+07,1.277215e+14,1.961199e+19,0,59
3.204836e+06,1.709057e+12,2.062276e+17,1.766771e+07,4.717492e+13,4.903560e+18,3.925440e+07,3.431158e+14,4.073324e+19,2.489904e+07,1.195440e+14,1.374297e+19,3,92
3.144482e+06,1.403746e+12,1.563833e+17,1.728578e+07,3.647831e+13,4.486284e+18,2.783839e+07,1.585124e+14,1.900435e+19,1.928999e+07,7.103048e+13,5.874570e+18,1,75
6.863506e+06,5.206951e+12,7.088815e+17,1.987595e+07,9.894702e+13,1.073563e+19,4.216289e+07,4.323410e+14,3.921371e+19,2.552240e+07,8.674897e+13,9.657224e+18,0,15
6.829974e+06,5.315740e+12,7.393171e+17,1.797247e+07,5.817128e+13,6.137028e+18,4.064138e+07,4.082639e+14,4.574184e+19,2.535720e+07,1.144986e+14,1.312621e+19,1,48
2.753949e+06,1.521558e+12,2.023640e+17,2.891771e+07,7.761604e+13,1.046140e+19,3.876563e+07,3.360128e+14,3.863355e+19,2.912469e+07,1.635445e+14,1.728305e+19,1,5
1.186302e+07,1.522610e+13,2.802825e+18,4.199851e+07,2.975802e+14,3.544295e+19,5.249947e+07,6.917547e+14,1.085336e+20,2.212315e+07,6.122838e+13,8.937400e+18,2,98
8.805932e+06,8.513113e+12,1.080288e+18,1.674999e+07,6.460580e+13,7.541111e+18,4.384571e+07,4.706549e+14,5.604286e+19,3.158257e+07,1.520268e+14,1.560107e+19,0,18
5.974477e+06,3.058149e+12,3.393695e+17,1.777368e+07,4.985199e+13,6.115217e+18,3.672972e+07,3.146427e+14,3.134343e+19,3.140217e+07,1.860829e+14,1.432385e+19,0,52
1.098463e+07,9.929749e+12,1.689077e+18,2.278140e+07,8.285014e+13,1.101853e+19,3.399009e+07,2.879174e+14,4.628935e+19,2.871873e+07,1.648077e+14,2.388876e+19,2,59
7.939157e+06,6.090378e+12,7.971520e+17,1.434088e+07,4.075405e+13,4.711666e+18,4.161097e+07,4.228026e+14,4.454350e+19,2.507125e+07,1.060335e+14,1.239548e+19,3,82
1.010810e+07,1.390363e+13,2.012562e+18,1.797975e+07,6.952417e+13,1.105950e+19,3.799862e+07,3.151072e+14,4.657819e+19,3.855031e+07,3.065987e+14,3.826181e+19,1,36
5.708913e+06,3.246257e+12,3.662324e+17,1.810524e+07,4.842549e+13,5.342858e+18,4.817004e+07,5.738967e+14,5.310518e+19,2.727153e+07,1.142194e+14,1.082374e+19,2,104
6.840120e+06,4.331342e+12,4.862108e+17,1.716471e+07,5.648905e+13,6.877905e+18,4.081813e+07,4.119447e+14,4.050828e+19,2.262983e+07,7.563805e+13,6.660923e+18,3,60
9.499667e+06,9.891455e+12,1.572184e+18,1.760648e+07,7.498718e+13,9.571492e+18,4.426268e+07,4.827217e+14,5.691270e+19,2.724513e+07,1.082844e+14,1.332200e+19,2,103
2.408876e+06,1.237445e+12,1.575353e+17,1.675782e+07,3.608823e+13,3.780986e+18,3.304999e+07,2.313908e+14,2.712571e+19,1.936573e+07,7.763374e+13,1.195207e+19,2,94
5.815880e+06,4.385767e+12,5.349716e+17,1.632383e+07,5.826415e+13,6.490686e+18,4.535142e+07,4.779524e+14,4.273623e+19,2.765706e+07,1.659938e+14,1.527745e+19,2,12
8.337894e+06,6.991384e+12,9.350900e+17,1.550853e+07,5.738289e+13,5.461416e+18,4.056791e+07,4.037314e+14,2.927303e+19,3.151793e+07,1.625306e+14,1.258435e+19,1,88
1.921332e+06,8.793249e+11,1.042703e+17,1.379509e+07,2.798710e+13,2.873898e+18,3.378829e+07,2.567574e+14,2.396825e+19,2.207546e+07,8.868584e+13,9.134900e+18,0,37
8.923337e+06,1.097889e+13,1.710374e+18,2.105261e+07,9.769041e+13,1.657875e+19,3.152925e+07,2.428312e+14,4.356968e+19,2.182203e+07,8.501199e+13,7.755923e+18,3,87
1.050118e+06,3.347989e+11,3.087030e+16,1.844266e+07,3.460349e+13,3.967800e+18,3.485488e+07,2.537998e+14,2.804911e+19,2.395933e+07,1.177273e+14,1.050088e+19,3,66
1.045606e+07,1.181835e+13,2.033541e+18,2.787822e+07,1.394322e+14,2.231558e+19,4.946595e+07,5.963534e+14,1.035480e+20,2.410055e+07,8.887763e+13,1.367964e+19,2,99
5.190545e+06,3.221589e+12,3.696939e+17,1.935175e+07,6.422174e+13,7.344475e+18,3.460752e+07,2.985188e+14,3.237594e+19,2.609404e+07,1.191435e+14,1.041190e+19,0,41
1.018937e+07,9.244807e+12,1.592550e+18,1.767469e+07,6.797239e+13,1.040015e+19,4.729994e+07,5.349461e+14,7.894082e+19,2.052295e+07,7.273480e+13,1.380309e+19,2,85
7.997266e+06,5.657498e+12,8.225406e+17,2.003839e+07,7.903646e+13,8.929528e+18,3.981686e+07,3.914525e+14,3.693846e+19,2.253435e+07,8.365676e+13,9.906914e+18,0,68
7.900189e+06,7.884096e+12,1.157276e+18,1.391233e+07,4.847923e+13,5.989476e+18,4.209303e+07,4.305649e+14,4.394884e+19,2.686307e+07,1.035558e+14,1.422761e+19,2,90
1.336556e+07,1.687684e+13,3.035468e+18,1.951921e+07,8.756509e+13,1.026678e+19,3.480301e+07,2.500103e+14,2.972466e+19,1.999133e+07,6.085648e+13,1.059419e+19,0,76
9.413869e+06,6.871398e+12,9.783798e+17,1.653065e+07,5.352103e+13,5.907805e+18,3.948590e+07,3.860414e+14,3.090630e+19,2.426743e+07,8.683171e+13,6.710980e+18,3,89
8.363185e+06,5.881851e+12,8.494084e+17,1.864277e+07,5.933883e+13,7.048051e+18,2.844590e+07,2.012241e+14,2.132321e+19,1.941042e+07,7.391262e+13,9.184991e+18,3,50
3.559581e+06,1.509532e+12,1.645015e+17,1.951373e+07,4.335892e+13,6.477933e+18,3.285444e+07,2.198058e+14,2.882180e+19,2.107915e+07,9.100777e+13,9.407824e+18,0,38
9.849165e+06,1.143375e+13,1.662216e+18,1.930385e+07,7.711213e+13,1.030972e+19,4.511865e+07,5.112368e+14,6.928394e+19,3.099659e+07,1.558135e+14,1.896276e+19,2,79
6.806634e+06,4.673557e+12,6.848622e+17,1.949608e+07,7.069819e+13,1.012356e+19,3.317981e+07,2.699306e+14,3.417466e+19,1.944444e+07,6.291301e+13,8.559817e+18,0,4
4.315116e+06,2.366160e+12,2.887776e+17,1.678535e+07,5.153418e+13,5.328905e+18,4.015494e+07,3.767754e+14,4.455583e+19,2.473575e+07,9.658725e+13,9.512665e+18,3,71
6.014591e+06,4.234367e+12,5.003044e+17,1.525965e+07,4.776991e+13,5.633501e+18,4.527377e+07,4.742275e+14,4.373366e+19,3.925212e+07,3.245494e+14,3.298460e+19,0,12
8.601225e+06,7.090154e+12,9.214236e+17,1.897137e+07,6.794235e+13,8.500430e+18,3.880691e+07,3.594805e+14,3.620656e+19,3.047278e+07,1.762885e+14,1.571302e+19,2,69
1.035155e+07,1.147573e+13,1.597148e+18,1.962498e+07,7.637333e+13,9.392492e+18,4.456502e+07,4.708856e+14,5.429069e+19,2.265166e+07,7.346221e+13,8.313804e+18,0,79
1.004919e+07,1.155903e+13,1.640138e+18,1.844036e+07,6.857537e+13,1.240192e+19,3.664690e+07,2.751295e+14,5.229282e+19,2.951291e+07,1.882281e+14,2.743929e+19,3,97
1.005869e+07,9.156214e+12,1.686833e+18,1.898073e+07,6.815313e+13,9.693644e+18,4.104648e+07,3.874335e+14,6.835034e+19,2.161912e+07,9.911950e+13,2.506212e+19,1,85
2.666115e+06,9.646825e+11,9.040910e+16,1.717739e+07,3.818296e+13,3.792245e+18,3.694406e+07,3.274481e+14,2.430514e+19,3.009445e+07,1.721682e+14,1.128099e+19,1,57
8.136154e+06,8.018994e+12,8.880860e+17,2.617534e+07,1.044279e+14,1.012182e+19,4.691932e+07,5.229455e+14,5.282284e+19,4.042993e+07,2.742929e+14,2.027773e+19,1,49
9.729647e+06,1.127700e+13,1.552187e+18,1.857787e+07,8.496269e+13,1.016511e+19,4.806492e+07,5.292894e+14,6.192792e+19,2.513828e+07,8.118811e+13,9.887809e+18,0,101
1.009789e+06,2.837712e+11,2.354222e+16,1.541182e+07,2.195650e+13,2.098204e+18,3.266341e+07,2.085914e+14,1.960924e+19,2.764682e+07,1.607986e+14,1.246376e+19,2,77
7.063661e+06,5.822233e+12,6.945429e+17,1.817790e+07,6.786403e+13,7.757880e+18,3.944611e+07,3.854243e+14,4.014467e+19,2.766118e+07,1.311005e+14,1.412602e+19,0,28
1.449491e+06,5.050104e+11,4.943217e+16,1.502705e+07,2.275971e+13,2.126743e+18,3.657782e+07,2.643115e+14,2.765256e+19,2.755307e+07,1.526616e+14,1.352287e+19,3,77
1.154923e+07,1.462043e+13,2.696151e+18,3.386381e+07,2.054820e+14,2.665280e+19,5.366875e+07,7.231510e+14,1.245336e+20,2.213735e+07,6.250959e+13,1.082567e+19,1,98
4.547929e+06,2.454025e+12,3.055624e+17,1.975827e+07,5.348822e+13,6.506162e+18,3.328125e+07,2.648928e+14,3.102623e+19,1.891826e+07,6.122333e+13,6.976356e+18,2,51
9.466115e+06,1.031668e+13,1.260732e+18,3.222767e+07,1.465193e+14,1.595124e+19,4.871659e+07,5.584513e+14,6.190783e+19,4.527660e+07,3.622881e+14,3.031156e+19,3,49
5.758589e+06,4.116148e+12,5.375755e+17,3.664883e+07,1.386131e+14,1.392534e+19,3.739004e+07,3.225195e+14,2.949176e+19,3.984015e+07,2.970678e+14,3.016629e+19,1,84
1.538333e+06,6.185423e+11,6.855187e+16,1.609084e+07,2.981279e+13,3.019850e+18,2.524372e+07,1.574955e+14,1.938269e+19,2.136664e+07,8.968159e+13,1.209126e+19,0,54
4.083730e+06,2.179547e+12,2.789237e+17,1.804002e+07,5.108798e+13,6.224917e+18,1.945583e+07,9.502907e+13,1.344118e+19,1.489692e+07,4.123151e+13,5.231191e+18,0,2
1.631052e+06,6.877403e+11,8.127206e+16,2.006156e+07,4.033073e+13,4.858125e+18,3.751612e+07,2.921625e+14,3.910015e+19,2.503813e+07,1.335276e+14,1.258892e+19,2,66
9.752701e+06,8.725742e+12,1.421584e+18,1.865924e+07,7.169342e+13,1.028997e+19,4.246591e+07,4.235701e+14,6.184999e+19,1.932694e+07,6.990714e+13,1.264371e+19,0,85
1.243384e+07,2.088388e+13,3.641753e+18,2.097936e+07,1.085873e+14,1.899736e+19,3.887615e+07,3.680769e+14,6.046006e+19,2.602676e+07,1.058669e+14,1.595840e+19,2,80
1.156379e+07,1.386192e+13,1.817047e+18,1.958864e+07,8.791054e+13,1.358227e+19,3.874494e+07,3.735559e+14,6.141724e+19,2.555271e+07,1.036873e+14,1.090719e+19,3,47
4.217609e+06,2.434392e+12,2.410488e+17,2.023409e+07,6.386570e+13,5.862230e+18,4.894870e+07,5.808399e+14,5.070508e+19,3.315935e+07,1.805696e+14,1.399713e+19,2,74
7.343732e+06,6.088405e+12,9.284642e+17,2.111829e+07,7.466328e+13,9.888629e+18,3.249117e+07,2.650403e+14,4.347758e+19,1.850470e+07,6.088508e+13,8.254505e+18,0,19
5.996698e+06,4.233600e+12,6.434996e+17,2.047214e+07,9.092884e+13,1.069635e+19,3.664557e+07,3.295558e+14,3.118490e+19,2.160735e+07,6.813110e+13,6.943507e+18,2,68
3.294232e+06,1.766033e+12,1.757379e+17,2.600834e+07,7.466449e+13,5.929339e+18,4.597004e+07,5.049382e+14,3.889912e+19,3.963197e+07,2.976036e+14,2.286962e+19,3,74
6.374817e+06,5.048719e+12,7.027323e+17,2.608525e+07,1.043529e+14,1.617263e+19,4.600994e+07,5.064686e+14,8.861125e+19,2.565867e+07,1.035135e+14,1.412516e+19,0,99
1.004996e+07,9.455167e+12,1.426465e+18,1.928729e+07,7.096513e+13,9.568900e+18,2.248815e+07,1.222466e+14,2.036718e+19,1.644988e+07,4.941135e+13,8.409393e+18,3,81
1.019985e+07,1.100178e+13,1.744251e+18,3.600014e+07,1.628844e+14,1.942740e+19,3.629271e+07,3.149351e+14,4.322593e+19,3.075422e+07,1.694864e+14,1.859847e+19,2,56
1.038234e+07,1.123659e+13,1.687618e+18,1.863548e+07,6.735100e+13,1.122171e+19,4.008872e+07,3.277208e+14,5.382979e+19,3.117659e+07,2.116559e+14,3.309703e+19,2,97
1.147728e+07,1.395094e+13,2.366675e+18,3.571660e+07,1.688743e+14,2.224539e+19,4.544469e+07,4.872668e+14,8.371132e+19,3.358589e+07,2.140153e+14,2.951385e+19,1,56
3.257448e+06,1.237896e+12,1.234303e+17,1.503386e+07,2.540081e+13,2.622125e+18,3.068760e+07,2.012682e+14,1.793027e+19,2.971589e+07,1.998759e+14,1.490446e+19,2,53
2.474726e+06,1.153372e+12,1.456745e+17,2.059001e+07,3.991490e+13,5.308803e+18,3.125405e+07,1.884226e+14,2.428093e+19,2.323989e+07,1.175458e+14,9.814883e+18,0,75
4.924483e+06,2.899450e+12,3.997717e+17,1.927319e+07,4.959334e+13,7.696131e+18,3.645751e+07,2.703356e+14,4.287066e+19,2.246191e+07,1.088040e+14,1.343852e+19,1,64
1.905623e+06,8.933849e+11,1.105242e+17,1.746110e+07,3.501881e+13,4.325982e+18,2.889914e+07,1.720368e+14,2.155980e+19,2.246156e+07,1.045835e+14,9.854825e+18,1,91
5.698130e+06,3.380026e+12,3.977365e+17,1.842182e+07,5.434611e+13,6.402431e+18,4.277916e+07,4.526677e+14,4.318432e+19,2.669529e+07,1.112255e+14,1.039338e+19,1,104
6.150983e+06,3.745399e+12,4.567060e+17,1.801681e+07,5.088182e+13,6.431048e+18,4.911281e+07,5.595847e+14,5.728197e+19,3.657928e+07,2.373134e+14,2.438770e+19,3,63
4.255419e+06,2.405709e+12,3.026338e+17,1.712846e+07,5.523341e+13,5.782797e+18,4.002425e+07,3.858065e+14,4.099894e+19,2.585942e+07,1.056971e+14,1.024569e+19,1,71
1.213638e+06,4.447830e+11,4.650374e+16,2.610572e+07,4.585007e+13,4.726183e+18,3.100781e+07,2.128000e+14,2.105114e+19,2.272681e+07,9.743994e+13,7.515000e+18,1,66
2.558898e+06,1.360450e+12,1.863454e+17,1.654445e+07,3.553182e+13,4.132481e+18,3.565540e+07,2.597611e+14,3.335828e+19,2.259434e+07,1.068205e+14,1.769168e+19,1,94
9.182265e+06,6.650465e+12,9.498315e+17,1.571029e+07,4.819702e+13,4.987308e+18,3.969505e+07,3.915326e+14,3.052024e+19,2.484139e+07,9.136479e+13,7.497503e+18,2,89
1.172781e+07,1.423299e+13,1.852198e+18,2.020864e+07,9.260715e+13,1.307075e+19,3.796493e+07,3.558858e+14,5.565545e+19,2.407807e+07,8.843060e+13,1.044225e+19,1,47
4.739715e+06,2.788527e+12,3.703846e+17,1.775435e+07,6.459367e+13,7.691731e+18,3.922890e+07,3.806900e+14,3.120094e+19,2.259238e+07,7.666085e+13,7.057624e+18,3,68
6.615726e+06,5.826386e+12,7.355752e+17,1.816144e+07,7.385820e+13,8.452787e+18,4.548159e+07,5.105767e+14,5.502204e+19,2.796328e+07,1.156188e+14,1.257033e+19,0,46
6.586957e+06,4.667929e+12,6.696300e+17,1.801288e+07,6.512823e+13,7.666657e+18,3.732974e+07,3.440608e+14,3.470334e+19,2.075593e+07,7.085198e+13,8.263950e+18,1,68
3.210033e+06,1.600481e+12,2.056763e+17,2.133190e+07,4.884703e+13,6.524144e+18,3.312036e+07,2.116782e+14,2.591408e+19,2.142547e+07,9.317223e+13,9.242552e+18,3,75
8.528725e+06,6.986646e+12,9.226667e+17,1.774391e+07,6.181543e+13,7.507893e+18,3.555952e+07,3.013166e+14,2.997917e+19,2.946281e+07,1.613754e+14,1.298851e+19,1,69
9.683349e+06,1.066574e+13,1.579144e+18,1.954481e+07,7.677647e+13,1.361219e+19,4.039217e+07,3.347391e+14,6.259416e+19,3.284966e+07,2.283677e+14,3.893635e+19,0,97
1.604560e+07,2.771959e+13,4.409430e+18,2.082943e+07,1.034606e+14,1.483544e+19,3.236191e+07,2.364626e+14,3.837575e+19,1.876200e+07,6.038654e+13,1.468663e+19,0,67
8.388344e+06,7.082464e+12,1.056600e+18,1.777720e+07,5.646732e+13,7.467713e+18,2.705116e+07,1.788299e+14,2.553415e+19,2.101178e+07,8.640859e+13,1.248068e+19,0,33
5.545926e+06,2.818923e+12,2.894661e+17,1.596008e+07,3.681057e+13,3.738654e+18,4.195470e+07,4.117288e+14,3.275889e+19,3.538880e+07,2.328797e+14,1.934004e+19,2,63
2.524053e+06,1.120894e+12,1.300246e+17,1.725559e+07,3.252685e+13,3.745404e+18,3.116681e+07,1.988357e+14,2.204202e+19,2.078884e+07,8.438251e+13,7.524798e+18,2,75
3.064847e+06,1.603237e+12,1.920846e+17,2.004702e+07,6.013188e+13,6.638914e+18,3.125552e+07,2.374854e+14,2.552142e+19,1.977902e+07,6.235299e+13,9.413591e+18,1,40
2.378071e+06,8.336551e+11,7.762137e+16,1.674418e+07,3.595916e+13,3.554401e+18,3.658109e+07,3.201037e+14,2.735475e+19,2.956827e+07,1.602824e+14,1.028215e+19,0,83
1.188315e+07,1.769344e+13,2.952423e+18,2.035795e+07,1.009440e+14,1.619800e+19,3.632365e+07,3.257733e+14,4.828144e+19,2.496998e+07,9.566546e+13,1.468510e+19,1,80
7.004813e+06,6.507959e+12,9.576519e+17,1.975671e+07,7.457625e+13,9.797237e+18,2.963488e+07,2.201296e+14,3.485359e+19,2.248933e+07,9.189517e+13,1.118101e+19,0,44
5.165206e+06,3.287593e+12,4.161227e+17,3.642609e+07,1.306615e+14,1.250665e+19,4.027137e+07,3.758319e+14,3.316549e+19,3.937397e+07,2.821257e+14,2.625356e+19,0,84
8.773164e+06,7.364350e+12,9.377631e+17,1.698997e+07,5.858449e+13,7.045986e+18,3.576611e+07,2.997790e+14,3.233142e+19,2.790580e+07,1.453059e+14,1.235915e+19,3,69
1.139972e+07,1.116728e+13,1.733953e+18,2.038308e+07,7.710349e+13,1.002076e+19,2.381279e+07,1.393820e+14,2.456845e+19,1.780118e+07,5.848260e+13,1.006582e+19,1,81
2.601381e+06,1.381903e+12,1.870886e+17,1.664012e+07,3.700632e+13,3.964802e+18,3.413722e+07,2.443579e+14,2.644748e+19,2.050596e+07,8.678882e+13,1.291399e+19,0,94
2.725825e+06,1.449418e+12,1.645421e+17,1.536858e+07,3.465341e+13,4.225361e+18,4.050525e+07,3.873590e+14,3.814722e+19,3.190838e+07,2.030812e+14,1.869687e+19,1,102
1.144306e+07,1.103458e+13,1.745529e+18,1.872117e+07,6.756481e+13,9.303628e+18,2.415156e+07,1.440629e+14,2.491278e+19,1.699371e+07,5.323933e+13,9.229349e+18,0,81
8.434561e+06,8.431571e+12,1.165975e+18,1.725097e+07,6.021309e+13,8.220265e+18,4.105130e+07,3.817957e+14,5.030291e+19,3.078771e+07,1.692577e+14,2.510315e+19,0,65
1.191356e+06,3.547457e+11,3.100837e+16,1.742128e+07,2.810429e+13,3.183977e+18,3.116521e+07,1.960151e+14,1.807831e+19,3.501283e+07,2.867747e+14,2.516967e+19,1,53
8.789945e+06,5.905492e+12,8.376536e+17,1.808412e+07,5.308227e+13,6.265585e+18,2.947070e+07,2.154924e+14,2.411229e+19,1.968828e+07,7.378495e+13,9.256804e+18,2,50
1.453136e+06,6.098338e+11,6.525242e+16,1.973780e+07,4.451083e+13,5.753047e+18,3.512474e+07,2.397682e+14,3.502053e+19,2.082869e+07,9.055249e+13,1.145698e+19,0,9
4.990890e+06,3.297303e+12,4.801362e+17,1.871398e+07,5.800212e+13,7.697359e+18,3.350953e+07,2.618583e+14,3.446882e+19,2.070397e+07,8.434276e+13,9.666186e+18,2,78
8.479993e+06,9.035771e+12,1.170477e+18,1.680279e+07,6.890458e+13,1.050881e+19,5.187562e+07,6.612563e+14,7.269016e+19,3.677514e+07,1.660646e+14,2.079604e+19,0,20
1.403450e+07,1.889218e+13,2.908822e+18,2.006201e+07,8.540263e+13,1.129619e+19,4.175923e+07,4.382111e+14,6.164603e+19,3.238408e+07,1.908826e+14,2.079885e+19,1,70
8.031629e+06,7.647188e+12,1.009969e+18,1.414823e+07,4.817256e+13,6.371061e+18,4.143483e+07,4.218945e+14,4.521147e+19,2.613474e+07,1.038238e+14,1.462387e+19,3,90
9.566466e+06,1.009789e+13,1.414060e+18,1.882301e+07,7.081929e+13,8.686484e+18,4.738589e+07,5.637176e+14,6.222900e+19,2.856845e+07,1.323970e+14,1.446410e+19,1,79
5.095972e+06,3.024206e+12,3.364341e+17,1.634711e+07,5.447334e+13,5.211998e+18,4.648898e+07,5.213087e+14,3.703803e+19,3.373050e+07,1.699279e+14,1.603794e+19,2,100
9.458801e+06,1.170996e+13,1.580974e+18,1.819849e+07,8.291306e+13,1.138854e+19,4.486881e+07,4.765202e+14,5.769853e+19,2.570285e+07,8.881796e+13,1.139650e+19,3,101
7.185093e+06,5.632453e+12,7.753396e+17,2.543444e+07,1.115950e+14,1.197836e+19,4.689705e+07,5.259025e+14,5.390368e+19,3.557203e+07,2.111479e+14,2.148199e+19,0,29
8.136012e+06,6.707013e+12,8.682473e+17,1.477761e+07,5.052684e+13,5.581344e+18,4.548851e+07,5.050695e+14,3.819702e+19,3.273882e+07,1.702667e+14,1.449251e+19,2,88
2.096891e+06,8.713012e+11,9.369421e+16,1.694077e+07,4.129546e+13,4.899799e+18,3.990012e+07,3.755130e+14,3.962012e+19,2.503141e+07,1.068902e+14,1.033055e+19,3,96
1.172711e+07,1.526653e+13,2.219772e+18,1.841864e+07,7.754050e+13,1.072640e+19,3.977037e+07,3.824878e+14,5.921011e+19,2.165304e+07,8.092804e+13,1.436710e+19,2,55
1.438946e+07,1.954161e+13,2.953216e+18,2.063517e+07,9.131401e+13,1.285690e+19,4.065939e+07,4.140358e+14,6.214633e+19,3.179045e+07,1.783150e+14,2.017945e+19,3,70
7.031375e+06,4.987172e+12,6.040529e+17,1.507626e+07,5.220564e+13,5.520099e+18,4.136165e+07,4.214787e+14,3.271534e+19,3.639677e+07,2.312576e+14,1.930849e+19,3,88
1.005468e+07,1.068730e+13,1.678952e+18,3.331517e+07,1.396096e+14,1.735979e+19,3.796563e+07,3.468092e+14,5.032641e+19,3.153274e+07,1.791541e+14,2.205589e+19,3,56
9.686232e+06,8.141589e+12,1.191116e+18,1.937183e+07,7.097138e+13,9.598325e+18,2.283647e+07,1.262601e+14,2.024852e+19,1.601809e+07,4.654944e+13,7.896702e+18,2,81
9.733233e+06,1.094116e+13,1.768757e+18,1.767604e+07,7.593470e+13,9.038919e+18,4.286851e+07,4.492175e+14,5.194265e+19,2.619755e+07,9.789308e+13,1.233970e+19,1,103
3.864431e+06,2.203974e+12,2.627745e+17,4.107064e+07,1.505579e+14,1.448538e+19,4.222719e+07,4.148559e+14,3.809313e+19,3.817310e+07,2.615436e+14,2.328064e+19,2,84
4.208385e+06,2.291878e+12,2.777251e+17,1.770601e+07,4.740586e+13,5.016567e+18,4.342612e+07,4.270453e+14,4.182618e+19,3.513696e+07,2.268947e+14,2.071827e+19,1,0
1.652898e+06,4.957583e+11,4.096267e+16,1.560849e+07,2.657852e+13,2.361061e+18,3.893072e+07,3.469191e+14,2.823291e+19,3.319992e+07,2.159267e+14,1.547046e+19,1,83
4.824316e+06,3.103026e+12,4.372655e+17,1.870380e+07,6.082160e+13,7.770201e+18,3.324199e+07,2.565126e+14,3.172410e+19,2.139330e+07,9.069917e+13,9.503387e+18,0,78
5.169415e+06,3.173410e+12,3.772134e+17,1.594805e+07,5.276113e+13,5.053065e+18,5.287098e+07,6.727876e+14,5.426698e+19,3.394192e+07,1.678305e+14,1.676033e+19,0,100
1.232033e+07,1.488630e+13,1.917219e+18,2.177093e+07,1.052232e+14,1.587151e+19,3.962543e+07,3.904021e+14,6.976798e+19,2.438889e+07,9.351115e+13,1.015830e+19,2,47
9.542298e+06,1.093823e+13,1.598352e+18,1.520087e+07,4.996765e+13,6.454430e+18,3.917168e+07,3.440141e+14,5.249802e+19,2.912843e+07,1.585224e+14,2.093785e+19,2,65
8.256220e+06,6.668307e+12,9.003016e+17,1.484218e+07,5.212060e+13,5.101292e+18,4.726365e+07,5.518642e+14,4.093781e+19,3.395285e+07,1.828811e+14,1.670483e+19,0,88
7.750747e+06,6.146737e+12,9.477465e+17,2.009587e+07,7.787590e+13,1.073739e+19,2.547430e+07,1.588287e+14,2.837903e+19,1.462072e+07,4.137222e+13,6.895095e+18,0,42
2.603988e+06,9.665638e+11,9.495689e+16,1.622279e+07,3.270378e+13,3.074506e+18,4.049301e+07,3.747598e+14,3.625922e+19,3.158827e+07,1.938160e+14,1.481180e+19,3,83
5.303806e+06,3.526937e+12,4.959841e+17,1.877279e+07,6.755190e+13,9.973011e+18,3.660267e+07,3.107569e+14,4.308830e+19,2.319781e+07,1.049645e+14,1.343571e+19,1,78
5.706639e+06,3.786674e+12,5.609349e+17,3.063243e+07,1.092295e+14,1.365361e+19,4.385643e+07,4.439242e+14,6.522935e+19,2.772688e+07,1.339481e+14,1.809445e+19,1,34
7.638666e+06,6.224285e+12,9.601412e+17,3.339114e+07,1.351957e+14,2.132215e+19,3.579624e+07,2.998245e+14,5.137317e+19,2.412380e+07,1.107446e+14,1.156773e+19,0,10
4.399930e+06,2.266647e+12,2.736928e+17,1.883188e+07,4.986133e+13,5.811668e+18,3.211278e+07,2.461765e+14,2.649997e+19,1.932566e+07,6.474517e+13,7.337831e+18,3,51
9.741575e+06,1.008778e+13,1.859721e+18,4.355676e+07,2.399232e+14,3.529412e+19,3.857167e+07,3.556640e+14,6.549992e+19,2.466004e+07,1.087002e+14,1.637138e+19,1,35
2.377150e+06,1.204055e+12,1.475309e+17,1.892331e+07,4.568440e+13,5.341355e+18,3.742969e+07,3.252980e+14,3.756891e+19,3.070174e+07,1.816494e+14,1.496255e+19,0,5
8.802242e+06,5.617790e+12,7.171162e+17,1.772233e+07,5.472216e+13,6.702146e+18,3.522380e+07,2.949963e+14,2.958777e+19,3.017946e+07,1.690552e+14,1.416328e+19,3,52
5.343681e+06,3.070246e+12,3.462267e+17,1.795876e+07,4.876393e+13,5.563106e+18,4.481964e+07,4.993716e+14,4.428990e+19,2.686997e+07,1.168336e+14,1.109957e+19,3,104
1.160915e+07,1.421870e+13,2.060647e+18,1.823373e+07,7.537447e+13,1.059472e+19,4.062667e+07,4.013399e+14,6.435098e+19,2.053582e+07,6.794810e+13,1.211479e+19,1,55
5.949806e+06,4.758671e+12,5.858091e+17,1.591151e+07,4.975678e+13,5.414695e+18,4.246271e+07,4.319458e+14,4.012698e+19,3.943805e+07,3.193397e+14,3.032344e+19,1,12
1.113527e+07,1.104238e+13,1.690700e+18,1.913125e+07,6.756813e+13,9.539325e+18,2.549035e+07,1.642407e+14,2.946646e+19,1.657185e+07,5.213306e+13,8.253038e+18,0,17
5.340290e+06,3.078702e+12,4.050833e+17,1.946328e+07,5.236003e+13,6.039070e+18,3.294431e+07,2.631521e+14,3.060899e+19,1.819305e+07,5.499541e+13,6.243489e+18,0,51
1.192652e+07,1.359934e+13,1.791548e+18,1.980821e+07,8.783416e+13,1.288676e+19,3.877399e+07,3.725620e+14,6.025175e+19,2.580128e+07,1.046805e+14,1.238411e+19,0,47
6.861028e+06,6.511752e+12,8.385035e+17,1.912223e+07,8.357007e+13,1.015040e+19,4.479318e+07,4.845995e+14,5.387561e+19,2.835782e+07,1.197480e+14,1.382566e+19,1,46
8.219643e+06,6.504550e+12,8.293507e+17,1.490679e+07,4.444198e+13,5.209956e+18,4.041235e+07,4.011226e+14,4.524616e+19,2.554423e+07,1.065751e+14,1.381061e+19,1,82
5.085125e+06,2.806153e+12,3.506297e+17,1.907705e+07,4.722469e+13,5.538116e+18,3.983118e+07,3.485742e+14,4.376320e+19,2.965391e+07,1.768611e+14,1.922590e+19,2,58
1.003726e+07,1.365922e+13,1.967855e+18,2.106078e+07,8.810452e+13,1.269355e+19,3.319500e+07,2.604529e+14,4.160330e+19,3.341910e+07,2.317859e+14,2.822079e+19,0,36
2.470778e+06,1.242676e+12,1.376757e+17,1.369050e+07,2.573136e+13,2.617896e+18,4.148856e+07,3.708113e+14,3.456340e+19,3.755456e+07,3.089191e+14,2.508555e+19,0,102
8.573497e+06,8.312887e+12,1.234724e+18,2.390275e+07,1.045466e+14,1.646642e+19,4.608093e+07,5.084348e+14,9.064698e+19,2.540875e+07,1.067320e+14,1.631635e+19,3,99
7.103106e+06,4.514107e+12,5.580888e+17,2.063543e+07,7.520470e+13,9.290457e+18,2.932439e+07,1.917706e+14,2.206455e+19,1.712961e+07,4.467325e+13,6.661951e+18,0,40
1.034673e+07,1.121682e+13,2.005634e+18,2.785826e+07,1.377801e+14,2.185480e+19,4.724963e+07,5.424475e+14,9.659189e+19,2.638989e+07,1.085121e+14,1.564789e+19,1,99
1.307837e+06,5.176699e+11,5.857941e+16,2.657392e+07,5.596443e+13,6.907497e+18,3.497601e+07,2.541275e+14,2.995559e+19,2.403850e+07,1.121052e+14,9.591086e+18,0,39
6.197425e+06,3.566312e+12,4.142330e+17,1.233298e+07,2.938231e+13,3.108290e+18,4.507219e+07,4.725252e+14,3.346165e+19,3.230834e+07,1.593718e+14,1.336044e+19,0,62
6.392245e+06,4.564573e+12,6.170350e+17,1.683979e+07,5.093212e+13,5.742500e+18,4.429015e+07,4.666865e+14,5.224824e+19,2.813022e+07,1.397030e+14,1.633009e+19,2,48
6.112599e+06,4.989894e+12,4.964475e+17,1.576164e+07,6.030610e+13,6.462086e+18,5.969622e+07,8.740790e+14,6.997371e+19,3.615166e+07,1.647424e+14,1.714365e+19,1,86
8.245445e+06,9.126707e+12,1.462367e+18,2.585547e+07,1.448752e+14,1.863139e+19,4.332288e+07,4.476076e+14,7.327336e+19,2.285059e+07,8.381930e+13,1.029362e+19,2,72
4.586101e+06,2.849070e+12,3.708060e+17,1.909472e+07,6.285006e+13,7.689688e+18,3.128327e+07,2.289849e+14,2.701775e+19,2.142897e+07,9.118651e+13,9.671836e+18,3,78
2.861770e+06,1.431952e+12,1.626668e+17,1.770188e+07,4.725401e+13,5.277282e+18,3.958192e+07,3.549094e+14,4.020093e+19,2.290259e+07,9.575655e+13,1.121436e+19,2,92
3.161864e+06,1.310458e+12,1.362889e+17,2.257452e+07,7.684806e+13,7.990717e+18,3.899281e+07,3.707711e+14,3.318449e+19,3.019360e+07,1.719556e+14,1.307771e+19,3,57
7.291506e+06,5.025703e+12,7.259097e+17,2.321346e+07,7.737715e+13,1.025793e+19,3.306540e+07,2.686715e+14,3.623268e+19,2.708842e+07,1.464749e+14,1.900539e+19,1,59
8.574361e+06,1.092857e+13,1.229174e+18,1.739923e+07,7.582813e+13,1.025339e+19,4.021086e+07,3.722983e+14,3.819619e+19,3.301513e+07,1.458736e+14,1.698328e+19,3,95
4.816267e+06,2.798722e+12,3.584660e+17,1.776971e+07,4.304726e+13,5.744540e+18,3.239297e+07,2.125104e+14,3.008119e+19,1.869394e+07,7.599209e+13,9.475361e+18,3,64
8.477867e+06,1.077369e+13,1.389994e+18,2.443207e+07,1.228952e+14,1.688714e+19,5.220939e+07,6.219296e+14,1.101024e+20,3.333514e+07,1.937477e+14,3.368620e+19,0,30
3.837118e+06,1.918007e+12,2.306833e+17,1.780293e+07,5.345082e+13,6.700203e+18,3.762845e+07,3.432706e+14,3.519167e+19,2.284476e+07,8.714578e+13,8.618778e+18,2,96
1.387168e+07,1.887616e+13,3.284998e+18,1.972020e+07,8.897825e+13,1.020644e+19,3.555695e+07,2.688136e+14,3.219150e+19,2.157594e+07,7.155530e+13,1.253669e+19,3,76
2.483670e+06,1.260048e+12,1.337270e+17,1.388129e+07,2.983119e+13,3.506254e+18,4.082213e+07,3.766661e+14,3.921281e+19,3.491816e+07,2.445052e+14,2.072392e+19,2,102
1.098428e+06,3.650135e+11,3.501059e+16,1.922783e+07,3.316171e+13,3.485436e+18,3.379789e+07,2.352206e+14,2.586014e+19,2.545252e+07,1.367788e+14,1.178491e+19,0,66
3.480043e+06,1.656966e+12,1.920231e+17,1.615028e+07,4.339677e+13,4.558517e+18,3.791498e+07,3.487550e+14,3.270292e+19,2.715605e+07,1.290986e+14,1.213054e+19,0,71
8.986196e+06,9.795700e+12,1.352399e+18,1.588808e+07,5.412683e+13,7.251503e+18,4.117029e+07,3.867129e+14,5.675427e+19,2.914985e+07,1.494475e+14,2.295624e+19,1,65
8.785677e+06,5.467161e+12,7.553314e+17,1.728620e+07,4.393158e+13,4.606481e+18,3.594580e+07,3.213378e+14,2.727194e+19,2.329678e+07,9.685887e+13,9.592491e+18,3,61
2.925634e+06,1.327684e+12,1.529065e+17,1.889480e+07,4.407624e+13,5.026188e+18,3.388620e+07,2.652075e+14,2.855916e+19,2.086894e+07,7.618659e+13,7.700366e+18,1,51
7.122312e+06,4.943197e+12,6.007047e+17,1.770796e+07,5.895400e+13,6.809659e+18,3.990932e+07,3.924711e+14,3.750594e+19,2.676491e+07,1.081730e+14,9.108329e+18,0,60
8.652306e+06,7.100362e+12,9.496347e+17,1.442864e+07,4.167600e+13,4.813654e+18,4.040139e+07,4.026384e+14,4.061131e+19,2.581686e+07,1.114060e+14,1.491244e+19,0,82
5.248093e+06,3.031065e+12,3.991411e+17,1.997893e+07,6.230197e+13,7.869876e+18,4.460970e+07,4.462265e+14,6.356695e+19,2.689429e+07,1.256451e+14,1.775370e+19,0,34
2.791685e+06,1.118247e+12,1.194031e+17,1.890439e+07,3.857710e+13,5.320576e+18,3.064053e+07,1.868368e+14,2.480400e+19,2.099850e+07,9.479648e+13,8.934078e+18,1,38
8.393763e+06,7.942295e+12,1.098035e+18,2.049192e+07,8.660853e+13,1.293360e+19,3.491760e+07,2.860388e+14,4.390887e+19,2.319054e+07,9.959496e+13,1.050013e+19,1,93
1.728166e+06,8.076682e+11,1.016452e+17,1.755679e+07,3.664619e+13,4.406866e+18,3.035555e+07,2.017245e+14,2.720852e+19,2.255321e+07,1.024251e+14,1.070140e+19,3,91
3.014886e+06,1.230540e+12,1.331649e+17,1.647122e+07,2.969613e+13,3.380283e+18,3.210526e+07,2.121407e+14,1.944507e+19,3.354838e+07,2.538764e+14,2.240568e+19,3,53
5.738481e+06,3.887442e+12,4.578912e+17,1.660412e+07,6.093640e+13,6.391265e+18,4.551313e+07,5.092970e+14,3.907123e+19,3.338589e+07,1.604179e+14,1.505230e+19,3,100
8.620744e+06,8.497042e+12,1.312857e+18,2.394551e+07,1.247700e+14,1.665557e+19,3.951110e+07,3.766675e+14,5.947389e+19,2.300644e+07,8.528288e+13,9.497139e+18,3,72
6.601447e+06,5.324318e+12,7.649967e+17,1.786253e+07,5.985975e+13,7.827378e+18,4.388146e+07,4.377546e+14,5.060226e+19,3.206581e+07,1.783267e+14,1.689406e+19,0,22
5.120811e+06,2.820497e+12,3.310514e+17,1.906214e+07,5.373782e+13,6.577562e+18,5.066706e+07,6.393623e+14,6.148349e+19,2.650405e+07,1.015960e+14,9.831504e+18,0,104
9.936334e+06,6.919635e+12,1.004864e+18,1.712071e+07,4.545382e+13,5.310060e+18,3.352785e+07,2.778036e+14,2.447970e+19,2.268132e+07,9.124104e+13,1.031979e+19,0,61
5.048640e+06,3.165254e+12,3.446589e+17,1.517269e+07,3.836263e+13,3.760835e+18,4.547182e+07,4.966643e+14,2.861908e+19,3.999770e+07,2.802426e+14,2.607362e+19,0,26
2.507284e+06,1.251065e+12,1.431435e+17,1.705090e+07,4.333944e+13,4.976464e+18,4.143374e+07,3.804980e+14,4.159631e+19,2.498981e+07,1.167094e+14,1.290584e+19,0,92
5.549541e+06,2.848152e+12,3.269266e+17,1.781203e+07,4.660827e+13,5.642634e+18,4.022646e+07,3.646082e+14,3.145456e+19,3.252651e+07,1.984122e+14,1.574994e+19,2,52
1.073202e+07,8.571218e+12,1.341584e+18,1.688703e+07,5.274242e+13,5.907854e+18,2.920879e+07,2.114626e+14,2.447230e+19,1.913894e+07,6.924940e+13,9.017275e+18,1,50
3.396952e+06,1.408378e+12,1.429035e+17,1.825578e+07,4.656517e+13,4.684891e+18,3.437234e+07,2.890404e+14,2.339946e+19,2.914372e+07,1.549504e+14,1.045143e+19,2,57
1.090508e+07,1.206769e+13,1.545551e+18,1.894915e+07,7.594210e+13,1.056554e+19,3.057309e+07,2.310658e+14,3.038896e+19,2.380081e+07,1.023683e+14,1.307624e+19,0,21
9.142770e+06,8.070818e+12,1.112381e+18,2.365122e+07,9.509652e+13,1.334389e+19,4.076049e+07,3.832529e+14,6.901315e+19,2.223518e+07,9.240000e+13,1.335426e+19,0,35
4.280112e+06,2.356582e+12,2.845911e+17,1.693208e+07,4.504602e+13,4.855510e+18,4.405448e+07,4.518438e+14,3.993810e+19,3.350609e+07,1.959899e+14,1.876570e+19,0,0
2.669797e+06,1.433558e+12,1.906592e+17,1.715333e+07,3.875098e+13,4.315057e+18,3.076923e+07,2.038120e+14,2.152882e+19,2.011603e+07,8.652702e+13,1.285682e+19,3,94
7.281053e+06,6.029541e+12,8.995069e+17,1.893465e+07,6.701763e+13,9.801715e+18,4.501402e+07,4.874931e+14,6.319814e+19,2.368609e+07,9.793679e+13,1.192995e+19,0,16
7.328304e+06,5.198712e+12,6.405735e+17,1.526178e+07,4.627876e+13,5.287749e+18,3.945035e+07,3.601447e+14,3.254071e+19,3.350548e+07,2.135830e+14,2.074898e+19,0,69
6.254966e+06,4.949119e+12,7.228081e+17,2.423678e+07,1.195486e+14,1.557787e+19,4.580746e+07,5.132388e+14,6.970566e+19,2.298655e+07,7.980703e+13,9.851288e+18,1,72
6.457261e+06,5.764768e+12,6.334141e+17,1.630286e+07,6.557732e+13,6.436452e+18,5.737209e+07,7.985329e+14,6.285023e+19,3.483279e+07,1.531716e+14,1.491186e+19,3,86
1.083077e+07,9.425640e+12,1.515744e+18,1.611301e+07,4.966838e+13,5.759837e+18,2.780932e+07,1.929268e+14,2.123255e+19,1.874347e+07,6.632594e+13,9.194635e+18,0,50
2.828509e+06,1.208654e+12,1.291129e+17,1.775233e+07,4.375852e+13,5.631894e+18,4.164963e+07,4.140087e+14,4.285303e+19,2.399721e+07,9.349879e+13,9.037323e+18,0,96
3.738827e+06,1.796662e+12,2.067577e+17,1.851150e+07,4.583363e+13,5.947922e+18,3.420234e+07,2.790013e+14,2.907429e+19,2.454210e+07,1.101228e+14,7.869558e+18,0,8
1.038851e+07,1.211989e+13,2.014671e+18,1.660709e+07,6.473758e+13,7.496274e+18,4.389738e+07,4.744650e+14,5.268171e+19,2.643384e+07,1.081138e+14,1.398341e+19,0,103
6.269920e+06,5.391158e+12,5.925314e+17,1.680567e+07,7.134981e+13,7.714235e+18,6.335939e+07,9.912569e+14,8.061261e+19,3.224840e+07,1.118117e+14,1.021596e+19,2,86
1.300926e+06,4.985829e+11,5.174618e+16,1.690344e+07,3.291723e+13,3.980203e+18,3.085022e+07,1.957892e+14,2.456240e+19,2.331442e+07,1.106534e+14,1.096172e+19,0,91
5.736170e+06,4.046208e+12,5.176988e+17,1.946658e+07,6.412919e+13,7.323934e+18,3.615068e+07,3.262825e+14,3.252046e+19,2.440351e+07,9.863123e+13,8.560486e+18,1,41
