8.675591e+07,1.797241e+15,4.332123e+08,1.522559e+07,-4.734875e+13,-2.853975e+14,9.596735e+13,7.060313e+07,3.451039e+15,1.213278e+09,1.200078e+08,-4.489677e+16,-6.974118e+15,-3.639471e+16,2.820992e+07,2.617414e+14,6.051491e+07,1.164986e+06,1.660016e+12,1.254874e+13,-1.002648e+13,3,72
7.245678e+07,1.163401e+15,2.888940e+08,9.939997e+06,-4.770755e+14,-3.199845e+14,-3.909326e+14,5.871219e+07,2.318580e+15,1.011537e+09,1.037443e+08,-3.270841e+16,-4.919029e+15,-2.821818e+16,2.464361e+07,1.910817e+14,4.865406e+07,5.129353e+04,6.122306e+10,6.784898e+11,-5.074160e+10,3,93
9.211216e+07,2.325978e+15,6.889133e+08,2.736727e+07,-3.427690e+15,-1.266810e+15,-3.231718e+15,7.423333e+07,4.374284e+15,1.082091e+09,1.173064e+08,-4.169600e+16,-7.748683e+15,-3.882188e+16,2.601760e+07,3.197397e+14,3.988641e+07,2.217429e+06,1.902323e+13,3.787849e+13,-9.019182e+12,0,26
7.119435e+07,1.026209e+15,5.088909e+08,1.173090e+07,-3.209258e+14,-2.501792e+14,-2.492778e+14,5.696701e+07,2.154969e+15,1.116975e+09,1.135590e+08,-4.044318e+16,-5.271593e+15,-3.458881e+16,2.493304e+07,2.025348e+14,6.883046e+07,2.674849e+06,3.373712e+13,3.752131e+13,-1.125916e+13,3,96
7.363954e+07,1.085276e+15,4.568530e+08,1.201063e+07,-7.492059e+14,-3.660391e+14,-6.748132e+14,6.013311e+07,2.166632e+15,1.106373e+09,1.078729e+08,-3.718852e+16,-5.014989e+15,-3.357170e+16,2.720459e+07,1.852229e+14,6.238243e+07,1.339587e+06,6.718914e+12,1.392737e+13,-1.041139e+13,1,55
7.731095e+07,1.313029e+15,3.579484e+08,5.887893e+06,7.545381e+13,-5.253222e+13,9.406897e+13,6.226552e+07,2.687091e+15,1.040384e+09,1.090340e+08,-3.613141e+16,-5.607056e+15,-2.822972e+16,2.603019e+07,2.268489e+14,5.994018e+07,3.091645e+06,4.207264e+13,4.656482e+13,3.069708e+12,3,90
7.625675e+07,1.530647e+15,3.877868e+08,1.770949e+07,2.127422e+13,-2.930743e+14,2.180958e+14,6.274693e+07,2.780607e+15,9.672949e+08,1.025832e+08,-3.019565e+16,-5.196035e+15,-2.313678e+16,2.364719e+07,1.858301e+14,4.553634e+07,5.762926e+05,1.453561e+12,6.611331e+12,-2.568555e+12,1,5
8.370253e+07,1.748494e+15,6.642743e+08,3.011054e+07,-3.482700e+15,-1.154452e+15,-2.990168e+15,6.765206e+07,3.398363e+15,9.656083e+08,9.919362e+07,-3.021562e+16,-5.738899e+15,-2.443009e+16,2.589588e+07,2.577512e+14,4.088593e+07,1.248587e+06,8.866013e+12,1.966555e+13,2.589047e+12,0,27
8.735764e+07,1.976990e+15,8.122536e+08,4.615722e+07,-5.962325e+15,-1.690708e+15,-4.777275e+15,7.095612e+07,3.759052e+15,1.003681e+09,9.848818e+07,-3.085275e+16,-6.025495e+15,-2.338725e+16,2.650249e+07,2.777477e+14,3.738806e+07,1.065699e+06,2.348745e+12,1.018389e+13,-6.452200e+12,0,28
7.176172e+07,1.091066e+15,7.960533e+08,3.969051e+07,-5.243405e+15,-1.039411e+15,-5.241823e+15,6.005445e+07,1.986490e+15,1.140062e+09,1.087749e+08,-2.789823e+16,-4.124580e+15,-2.779947e+16,2.730129e+07,1.761761e+14,5.405968e+07,1.146206e+06,6.234483e+12,1.108717e+13,-4.577628e+12,0,67
6.580385e+07,9.297669e+14,3.173573e+08,1.015701e+07,-4.119505e+14,-2.632084e+14,-4.116822e+14,5.374486e+07,1.810017e+15,1.028478e+09,9.051673e+07,-2.709791e+16,-3.805726e+15,-2.764946e+16,2.326039e+07,1.456029e+14,5.946133e+07,1.037583e+06,-5.921653e+12,-1.057345e+13,5.483212e+12,3,91
7.589037e+07,1.312031e+15,4.143595e+08,1.335599e+07,-8.659962e+14,-4.605999e+14,-8.313938e+14,6.194763e+07,2.530057e+15,1.030055e+09,1.032631e+08,-3.291721e+16,-5.105883e+15,-3.157894e+16,2.573135e+07,1.966478e+14,6.165934e+07,6.949681e+05,-3.845264e+12,-6.414275e+11,-2.195728e+12,0,16
8.834997e+07,2.059948e+15,3.538876e+08,8.622469e+06,-9.574514e+13,-2.161649e+14,-3.299323e+13,7.257291e+07,3.744650e+15,1.112363e+09,1.174211e+08,-4.079373e+16,-7.032459e+15,-3.648478e+16,2.718789e+07,2.608225e+14,5.731769e+07,1.416636e+06,6.850848e+12,2.034490e+13,-1.063127e+13,3,99
6.396979e+07,7.607745e+14,2.629088e+08,6.949420e+06,-2.969859e+14,-1.915550e+14,-2.817196e+14,5.152419e+07,1.608124e+15,9.050599e+08,8.808383e+07,-2.354673e+16,-3.441034e+15,-2.167772e+16,2.398509e+07,1.550093e+14,5.462734e+07,7.780266e+05,-4.632591e+12,-7.161717e+12,2.233603e+12,3,78
7.431524e+07,1.385549e+15,4.209126e+08,1.480989e+07,-7.850815e+14,-4.392746e+14,-6.160642e+14,6.037687e+07,2.626580e+15,9.342811e+08,9.900502e+07,-2.990582e+16,-5.053429e+15,-2.588070e+16,2.316394e+07,1.958110e+14,4.137697e+07,1.496887e+06,1.399794e+12,1.102705e+13,-9.090761e+12,2,102
7.975429e+07,1.728138e+15,3.412386e+08,1.971555e+07,-1.608496e+15,-8.194068e+14,-1.433548e+15,6.516952e+07,3.204782e+15,8.465642e+08,8.865806e+07,-2.275499e+16,-4.832361e+15,-2.017968e+16,2.361097e+07,2.129970e+14,2.729676e+07,2.989756e+03,-3.182981e+08,2.706144e+10,-9.073309e+08,0,22
8.730213e+07,1.976358e+15,3.965291e+08,1.119853e+07,-6.234861e+14,-4.577042e+14,-5.724221e+14,7.089679e+07,3.717680e+15,1.154713e+09,1.391462e+08,-5.576907e+16,-8.481525e+15,-5.159484e+16,2.644636e+07,3.074711e+14,4.295136e+07,1.492435e+06,1.140767e+13,2.388116e+13,8.304178e+11,1,84
7.473122e+07,1.258764e+15,4.902598e+08,3.187230e+07,1.799651e+15,-1.899757e+14,1.939774e+15,6.059927e+07,2.507826e+15,9.875407e+08,1.018824e+08,-3.054517e+16,-4.928674e+15,-1.812691e+16,2.519024e+07,2.042700e+14,4.594897e+07,7.814570e+05,4.137162e+12,1.071380e+13,3.285142e+12,2,82
8.161333e+07,1.823964e+15,3.284250e+08,6.395078e+06,-7.672835e+13,-1.632624e+14,-3.694865e+13,6.735190e+07,3.246476e+15,1.033514e+09,1.000763e+08,-3.108158e+16,-5.590634e+15,-2.814670e+16,2.465299e+07,2.070929e+14,5.483661e+07,1.835213e+06,1.372703e+13,2.341633e+13,-1.084809e+13,3,68
8.045158e+07,1.515805e+15,4.057611e+08,1.944955e+07,1.013781e+14,-3.389263e+14,2.936614e+14,6.633809e+07,2.868947e+15,1.203502e+09,1.169501e+08,-4.382008e+16,-6.261817e+15,-3.167240e+16,2.751470e+07,2.118070e+14,5.774208e+07,8.199742e+05,-1.055019e+12,4.218383e+12,6.106375e+12,3,80
7.426495e+07,1.303517e+15,2.517714e+08,8.600202e+06,6.699062e+13,-1.025128e+14,1.093479e+14,6.113351e+07,2.433334e+15,1.011037e+09,1.049247e+08,-3.320885e+16,-5.095547e+15,-2.732432e+16,2.506187e+07,1.779840e+14,4.901620e+07,4.204080e+05,-6.312665e+11,2.502202e+12,-1.749738e+12,1,10
8.398668e+07,1.704064e+15,3.636710e+08,1.032067e+07,-2.738332e+14,-3.247545e+14,-2.928910e+14,6.896829e+07,3.182826e+15,1.249451e+09,1.399728e+08,-5.513998e+16,-7.632020e+15,-5.313519e+16,2.769121e+07,2.413116e+14,5.820136e+07,6.620347e+05,2.928493e+12,9.751149e+12,-2.834902e+12,0,56
1.026180e+08,3.108975e+15,8.804361e+08,4.113864e+07,-7.654511e+15,-2.271564e+15,-7.365444e+15,8.361453e+07,5.647260e+15,1.070033e+09,1.213632e+08,-4.233877e+16,-8.952624e+15,-3.783637e+16,2.786993e+07,3.614429e+14,3.339153e+07,2.867705e+06,1.961519e+13,4.405928e+13,2.748441e+13,1,86
9.787857e+07,2.161007e+15,6.267906e+08,3.339878e+07,-3.826723e+15,-1.376055e+15,-3.776938e+15,7.873073e+07,4.326761e+15,1.135908e+09,1.282304e+08,-4.316135e+16,-7.860368e+15,-4.147538e+16,3.236488e+07,3.679074e+14,4.729967e+07,4.438426e+05,-1.375152e+12,-5.101352e+11,-8.781992e+11,1,73
7.759273e+07,1.723536e+15,6.270053e+08,3.362751e+07,-4.881055e+15,-1.396014e+15,-4.825142e+15,6.577354e+07,2.843670e+15,1.056304e+09,8.807582e+07,-2.658235e+16,-4.677267e+15,-2.551484e+16,2.428202e+07,1.779936e+14,3.929458e+07,9.554483e+05,-5.845191e+12,-9.450671e+12,-1.867432e+12,1,40
1.169556e+08,4.186477e+15,1.638250e+09,1.542435e+08,-3.430153e+16,-7.173926e+15,-2.348616e+16,1.005836e+08,6.827790e+15,2.006004e+09,2.224666e+08,-1.485898e+17,-1.837555e+16,-8.884941e+16,3.594813e+07,3.121121e+14,3.229593e+07,1.406122e+06,-6.462929e+12,-1.899563e+13,-1.042864e+13,2,76
7.405852e+07,1.433360e+15,8.181444e+08,4.400299e+07,-8.328707e+15,-1.665798e+15,-8.324821e+15,6.262100e+07,2.455451e+15,9.623442e+08,9.119200e+07,-2.354420e+16,-4.216855e+15,-2.155387e+16,2.482935e+07,1.865592e+14,3.612114e+07,1.018673e+06,4.330121e+12,8.652373e+12,-3.606198e+12,0,76
6.266567e+07,9.046487e+14,3.558175e+08,1.002408e+07,-5.984611e+14,-3.014682e+14,-5.556129e+14,5.124753e+07,1.729159e+15,9.921500e+08,9.961035e+07,-3.049469e+16,-4.084012e+15,-2.803282e+16,2.120340e+07,1.303755e+14,4.986763e+07,6.866379e+05,1.116820e+12,5.356188e+12,-4.019416e+12,2,53
7.876154e+07,1.271660e+15,3.615773e+08,1.653854e+07,1.175752e+15,2.032068e+14,1.016992e+15,6.335852e+07,2.700311e+15,1.114668e+09,1.186784e+08,-4.315602e+16,-6.165133e+15,-2.717298e+16,2.770206e+07,2.390458e+14,6.800816e+07,1.648580e+06,1.007280e+13,1.806123e+13,1.638162e+13,1,65
6.162257e+07,8.839391e+14,3.783537e+08,2.341847e+07,-2.953085e+14,-3.851545e+14,6.967683e+13,5.124488e+07,1.677004e+15,8.903376e+08,7.475428e+07,-1.897359e+16,-3.039150e+15,-1.199450e+16,2.163015e+07,1.091179e+14,4.290408e+07,3.120906e+05,-2.241859e+11,-3.247184e+12,1.199835e+12,0,32
9.463948e+07,2.211690e+15,4.338025e+08,1.417746e+07,-9.264613e+14,-6.086460e+14,-7.973867e+14,7.663523e+07,4.248434e+15,1.010016e+09,1.128046e+08,-3.807184e+16,-7.352099e+15,-3.380951e+16,2.962148e+07,3.446877e+14,4.268661e+07,1.222250e+06,8.059909e+12,2.252917e+13,-3.978770e+12,3,98
7.439079e+07,1.443583e+15,2.549435e+08,1.124927e+07,-5.369682e+14,-4.047061e+14,-5.109147e+14,6.162142e+07,2.569261e+15,9.159795e+08,9.581998e+07,-2.838631e+16,-4.855531e+15,-2.834954e+16,2.371171e+07,1.740776e+14,3.653896e+07,1.230227e+05,6.968100e+10,-1.620441e+12,2.433698e+11,0,10
9.160212e+07,2.324988e+15,3.933643e+08,1.472809e+07,-1.030466e+15,-6.736839e+14,-8.801605e+14,7.556192e+07,4.135580e+15,1.045279e+09,1.096172e+08,-3.694245e+16,-7.033781e+15,-3.405628e+16,2.734839e+07,2.702164e+14,4.468503e+07,3.558797e+05,8.255687e+11,5.440884e+12,-1.166381e+12,2,99
7.473808e+07,1.268274e+15,4.518709e+08,2.465699e+07,-3.633720e+14,-4.824752e+14,-1.672279e+14,6.038038e+07,2.499165e+15,9.611179e+08,9.485122e+07,-2.553138e+16,-4.451276e+15,-2.642562e+16,2.477351e+07,2.069004e+14,4.597355e+07,9.229440e+05,-6.010214e+12,-7.911266e+12,4.603757e+11,3,61
9.050351e+07,2.148889e+15,4.438349e+08,1.305359e+07,3.494070e+14,-1.594082e+14,3.949356e+14,7.380726e+07,4.006373e+15,1.217675e+09,1.335767e+08,-5.349603e+16,-8.420607e+15,-4.262659e+16,2.751021e+07,2.839538e+14,5.064263e+07,4.343463e+06,4.262371e+13,5.831374e+13,7.551280e+13,3,95
7.260085e+07,1.023742e+15,4.314261e+08,1.287282e+07,-7.711323e+14,-3.743149e+14,-7.310718e+14,5.911652e+07,2.074410e+15,1.155624e+09,1.148034e+08,-4.181116e+16,-5.227970e+15,-3.870638e+16,2.712376e+07,1.838784e+14,6.070234e+07,7.898665e+05,2.501660e+12,7.781505e+12,-5.037776e+12,0,55
6.840865e+07,1.124334e+15,1.700289e+08,8.100154e+06,-2.705793e+14,-2.511980e+14,-2.030421e+14,5.680712e+07,2.047744e+15,8.558562e+08,8.250350e+07,-2.189564e+16,-3.731393e+15,-1.929562e+16,2.328169e+07,1.368764e+14,4.365209e+07,7.542584e+05,1.283364e+12,1.454446e+12,-4.242830e+12,2,66
8.408963e+07,1.659622e+15,3.872559e+08,1.179645e+07,2.517997e+14,-1.315637e+14,2.156878e+14,6.811799e+07,3.209030e+15,1.128145e+09,1.263669e+08,-4.550382e+16,-6.951207e+15,-4.667531e+16,2.744436e+07,2.686276e+14,5.823923e+07,1.507038e+06,1.331604e+13,2.468381e+13,-5.113723e+12,3,56
8.875984e+07,2.084538e+15,4.394619e+08,2.070235e+07,9.110639e+14,-8.515125e+13,9.758613e+14,7.229171e+07,3.914873e+15,1.165132e+09,1.388751e+08,-5.409230e+16,-8.540424e+15,-3.885973e+16,2.663839e+07,2.993313e+14,4.634539e+07,1.681078e+06,1.275365e+13,2.451263e+13,4.669889e+12,2,84
7.014742e+07,1.162975e+15,3.395604e+08,1.144554e+07,-4.329878e+14,-3.068976e+14,-3.245015e+14,5.748750e+07,2.219159e+15,9.777684e+08,9.741537e+07,-2.991452e+16,-4.572710e+15,-2.494816e+16,2.339222e+07,1.605462e+14,4.669396e+07,6.929930e+05,-1.704838e+12,2.060333e+12,-3.315771e+12,2,92
8.359727e+07,1.811947e+15,4.763318e+08,3.787113e+07,4.245780e+15,3.965122e+14,3.610648e+15,6.793703e+07,3.546042e+15,9.835872e+08,1.046247e+08,-3.088020e+16,-5.937748e+15,-1.335893e+16,2.539145e+07,2.458902e+14,4.476186e+07,2.044381e+06,4.837635e+12,1.748648e+13,2.374337e+13,2,62
7.368308e+07,1.409127e+15,5.437445e+08,3.534766e+07,6.907866e+14,-4.425446e+14,1.165212e+15,6.050632e+07,2.653068e+15,1.031502e+09,1.030205e+08,-3.320977e+16,-5.269666e+15,-2.039011e+16,2.296868e+07,1.745515e+14,4.011846e+07,5.567163e+05,2.551280e+12,7.233282e+12,-4.642462e+11,0,83
7.526300e+07,1.300258e+15,5.921750e+08,2.935834e+07,-3.829185e+14,-5.175732e+14,-6.864747e+13,6.065954e+07,2.584243e+15,1.101079e+09,1.143056e+08,-3.922122e+16,-5.699046e+15,-3.037920e+16,2.461231e+07,2.136846e+14,4.927876e+07,1.368610e+06,2.862436e+12,1.261193e+13,-1.007618e+13,1,57
6.893643e+07,1.243156e+15,3.727701e+08,3.089058e+07,-9.403711e+14,-6.577423e+14,-2.984995e+14,5.922075e+07,2.031444e+15,1.172668e+09,1.024236e+08,-3.363078e+16,-4.464868e+15,-2.504597e+16,2.400720e+07,1.050709e+14,4.345109e+07,1.284259e+06,7.088981e+12,2.267637e+12,-5.914754e+12,3,59
8.201781e+07,1.595011e+15,3.527400e+08,1.039937e+07,-4.302166e+13,-1.991314e+14,2.787009e+13,6.621927e+07,3.164617e+15,1.026110e+09,1.166209e+08,-4.014029e+16,-6.542876e+15,-3.164608e+16,2.628375e+07,2.571245e+14,4.859418e+07,1.304360e+06,9.568542e+12,1.941481e+13,2.919628e+12,0,11
8.830443e+07,1.917361e+15,4.643612e+08,1.589654e+07,-7.085798e+14,-5.149420e+14,-4.352528e+14,7.178722e+07,3.703031e+15,9.461990e+08,1.006278e+08,-3.089906e+16,-6.112336e+15,-2.339773e+16,2.805013e+07,2.776412e+14,4.197249e+07,2.048277e+06,1.138559e+13,2.711574e+13,2.132489e+13,0,13
6.707587e+07,8.375869e+14,1.539471e+08,2.245237e+06,4.129137e+13,4.388185e+13,3.045015e+13,5.397805e+07,1.787948e+15,8.951724e+08,9.099379e+07,-2.596675e+16,-3.847319e+15,-2.100077e+16,2.504076e+07,1.810492e+14,7.157379e+07,9.272437e+05,-5.008947e+12,2.243214e+12,-4.211235e+12,1,64
7.811816e+07,1.299916e+15,2.995697e+08,1.784903e+07,7.484160e+14,6.891505e+12,7.374647e+14,6.341390e+07,2.626662e+15,1.000786e+09,1.026104e+08,-3.171841e+16,-5.156389e+15,-2.117465e+16,2.736096e+07,2.315931e+14,5.178022e+07,1.971144e+05,-5.084241e+11,4.121469e+11,-3.453861e+11,1,35
7.402702e+07,1.282054e+15,4.938383e+08,1.845828e+07,-1.033707e+15,-5.177597e+14,-8.568258e+14,5.970890e+07,2.526736e+15,1.018584e+09,9.681904e+07,-3.036763e+16,-4.862056e+15,-2.578112e+16,2.390407e+07,2.051924e+14,5.006354e+07,1.549264e+06,-5.463884e+12,4.553069e+12,-1.216700e+13,0,8
1.066075e+08,3.760353e+15,7.208681e+08,4.171841e+07,-7.223688e+15,-2.556155e+15,-6.896490e+15,8.816262e+07,6.411212e+15,8.875406e+08,1.011190e+08,-2.911282e+16,-7.915162e+15,-2.667894e+16,2.687658e+07,3.402164e+14,2.177747e+07,1.084829e+06,2.416737e+12,1.322514e+13,5.836263e+12,0,86
8.068874e+07,1.686432e+15,4.796844e+08,2.030698e+07,-7.623119e+14,-5.530650e+14,-4.289625e+14,6.543774e+07,3.239336e+15,9.517998e+08,1.033958e+08,-3.242364e+16,-5.883766e+15,-2.406971e+16,2.439343e+07,2.328383e+14,3.588134e+07,1.440645e+06,8.281121e+12,1.973683e+13,7.512182e+12,1,63
6.769459e+07,8.983358e+14,4.487546e+08,4.324882e+07,5.120511e+15,4.038195e+14,3.945274e+15,5.505434e+07,1.907356e+15,9.053039e+08,8.220628e+07,-1.828542e+16,-3.183841e+15,-5.368719e+15,2.509235e+07,1.598623e+14,5.518395e+07,1.189871e+06,-9.551990e+12,-7.936371e+12,1.071737e+11,2,51
7.201779e+07,1.160675e+15,4.641456e+08,2.084625e+07,4.114737e+14,-2.553255e+14,5.653333e+14,5.879755e+07,2.263856e+15,1.114640e+09,1.199136e+08,-4.324573e+16,-5.662890e+15,-3.199095e+16,2.478606e+07,1.748375e+14,5.335259e+07,1.070302e+06,6.978113e+12,1.293124e+13,-4.235416e+12,3,48
8.164407e+07,1.921853e+15,3.482764e+08,1.571769e+07,-2.786060e+14,-3.837491e+14,-1.164068e+14,6.774813e+07,3.338362e+15,9.088461e+08,9.460603e+07,-2.560741e+16,-5.235563e+15,-2.176544e+16,2.391143e+07,1.933433e+14,3.373246e+07,6.177297e+05,1.064138e+12,6.075239e+12,-2.690351e+12,0,14
5.735009e+07,6.623563e+14,5.502846e+08,4.272253e+07,1.911889e+15,-2.197504e+14,2.364093e+15,4.819059e+07,1.239263e+15,9.912402e+08,7.133189e+07,-1.671220e+16,-2.324316e+15,-9.011065e+15,2.246446e+07,1.049830e+14,6.154336e+07,1.463764e+06,4.611388e+11,-1.428527e+13,1.659653e+13,1,54
8.046936e+07,1.681399e+15,4.752163e+08,1.812419e+07,-1.274219e+15,-6.535508e+14,-1.120946e+15,6.594159e+07,3.109843e+15,1.086804e+09,1.112234e+08,-3.855544e+16,-6.191187e+15,-3.345329e+16,2.494572e+07,2.112505e+14,4.410779e+07,9.633776e+05,3.073159e+12,1.097574e+13,-5.497559e+12,1,52
7.959626e+07,1.637281e+15,4.970940e+08,3.032346e+07,1.176015e+15,-2.796072e+14,1.415429e+15,6.470465e+07,3.134843e+15,9.755972e+08,1.055672e+08,-3.244344e+16,-5.773597e+15,-2.051907e+16,2.424775e+07,2.222776e+14,3.631712e+07,1.150437e+06,6.985141e+12,1.673627e+13,3.069163e+12,0,63
9.450629e+07,2.175406e+15,8.221242e+08,2.203133e+07,-2.957067e+15,-1.026937e+15,-2.899128e+15,7.573715e+07,4.303429e+15,1.174461e+09,1.243417e+08,-4.596655e+16,-8.003641e+15,-4.273414e+16,2.911142e+07,3.543773e+14,5.534843e+07,5.717264e+06,9.935411e+13,1.057091e+14,-1.780193e+13,3,101
6.743924e+07,9.495258e+14,3.952766e+08,1.117715e+07,-6.576883e+14,-3.237145e+14,-6.047761e+14,5.453170e+07,1.929949e+15,1.014189e+09,9.493384e+07,-2.898787e+16,-4.127434e+15,-2.599236e+16,2.371848e+07,1.679274e+14,6.073137e+07,1.106128e+06,-6.852273e+12,7.913711e+11,-6.205826e+12,2,91
1.033100e+08,3.077228e+15,7.399257e+08,7.652503e+07,6.946916e+15,-6.916013e+14,7.932108e+15,8.415452e+07,5.695272e+15,1.092051e+09,1.311707e+08,-3.560671e+16,-8.320018e+15,-1.485290e+16,2.870294e+07,3.714315e+14,2.361898e+07,4.990032e+05,1.660288e+12,9.443415e+12,1.771127e+11,3,49
7.494064e+07,1.433848e+15,4.551331e+08,1.432548e+07,-5.337598e+14,-3.849541e+14,-3.781181e+14,6.096357e+07,2.699137e+15,9.981174e+08,1.086417e+08,-3.521284e+16,-5.598180e+15,-3.015726e+16,2.310161e+07,1.971672e+14,4.556948e+07,1.959289e+06,1.452410e+13,2.498340e+13,-1.145900e+13,0,102
8.709974e+07,2.068213e+15,5.036769e+08,1.943973e+07,-1.062415e+15,-6.659245e+14,-7.496872e+14,7.062627e+07,3.851116e+15,1.009312e+09,1.072404e+08,-3.406080e+16,-6.534744e+15,-2.887899e+16,2.515801e+07,2.739313e+14,3.966057e+07,1.506015e+06,1.050545e+13,2.455058e+13,-4.770955e+12,1,0
7.877130e+07,1.420718e+15,3.739384e+08,1.542838e+07,-1.145047e+15,-5.768731e+14,-1.091539e+15,6.417144e+07,2.737207e+15,1.055865e+09,9.911466e+07,-3.173232e+16,-5.162815e+15,-2.952820e+16,2.651107e+07,2.148346e+14,5.829706e+07,5.321451e+05,3.218381e+11,-7.734189e+12,3.093696e+12,0,36
8.872206e+07,1.834981e+15,6.401827e+08,2.480837e+07,8.743430e+14,-2.852858e+14,1.114636e+15,7.123762e+07,3.727803e+15,1.106575e+09,1.238108e+08,-4.490287e+16,-7.480743e+15,-2.938746e+16,2.844888e+07,3.070361e+14,5.584152e+07,3.801088e+06,5.511094e+13,6.649818e+13,-6.891256e+11,0,18
7.773347e+07,1.014964e+15,3.081815e+08,1.332962e+07,6.318702e+14,4.438930e+13,6.012881e+14,6.208717e+07,2.298100e+15,1.236233e+09,1.165885e+08,-4.419108e+16,-5.582505e+15,-3.230593e+16,3.023421e+07,2.459130e+14,8.303370e+07,1.708814e+05,2.751096e+11,2.055785e+12,-6.083946e+11,2,97
1.052332e+08,2.427567e+15,6.973356e+08,4.056668e+07,1.375835e+15,-6.000277e+14,1.854548e+15,8.320770e+07,5.117498e+15,1.065170e+09,1.057973e+08,-3.017291e+16,-6.910778e+15,-2.029292e+16,3.394015e+07,5.116540e+14,4.846680e+07,1.809279e+06,1.056433e+13,3.079089e+13,-1.304596e+13,2,79
9.960297e+07,2.395799e+15,7.271364e+08,3.239214e+07,-4.174623e+15,-1.458129e+15,-3.961168e+15,7.974468e+07,4.740580e+15,1.114241e+09,1.089827e+08,-3.783563e+16,-7.484326e+15,-3.450084e+16,3.079778e+07,4.028993e+14,4.823602e+07,1.428288e+06,3.404777e+12,1.693192e+13,-1.194963e+13,3,79
1.011864e+08,2.959343e+15,8.699523e+08,4.197307e+07,-5.728720e+15,-1.961145e+15,-4.835365e+15,8.245086e+07,5.434563e+15,1.114628e+09,1.247411e+08,-4.646474e+16,-9.190317e+15,-3.667925e+16,2.807856e+07,3.518674e+14,3.595933e+07,2.904249e+06,2.013577e+13,4.459151e+13,2.860994e+13,3,86
6.393993e+07,8.881362e+14,1.997761e+08,6.537735e+06,9.722756e+13,-3.096077e+13,1.079758e+14,5.300366e+07,1.678297e+15,9.547468e+08,9.541752e+07,-2.878056e+16,-3.906985e+15,-2.281045e+16,2.321738e+07,1.210358e+14,5.848947e+07,3.048311e+05,-1.104983e+12,-2.420301e+12,6.776609e+11,1,94
7.228816e+07,1.103569e+15,5.323012e+08,2.548713e+07,6.036205e+14,-2.831715e+14,8.182451e+14,5.863765e+07,2.231887e+15,1.094252e+09,1.137508e+08,-3.969445e+16,-5.333003e+15,-2.784016e+16,2.543241e+07,1.891102e+14,5.528044e+07,1.182041e+06,9.184408e+12,1.557449e+13,-2.457679e+12,1,48
9.770351e+07,2.443333e+15,4.665163e+08,1.889312e+07,-3.814783e+14,-5.376164e+14,-8.811330e+13,7.946109e+07,4.626711e+15,1.009318e+09,1.117447e+08,-3.691817e+16,-7.533246e+15,-2.803830e+16,3.009271e+07,3.472425e+14,4.365390e+07,1.266152e+06,8.980496e+12,2.353767e+13,-3.342650e+12,0,98
7.682361e+07,1.365681e+15,4.730959e+08,2.765390e+07,-3.956895e+14,-5.199245e+14,-1.607578e+14,6.230479e+07,2.650080e+15,9.578624e+08,9.272442e+07,-2.332465e+16,-4.358880e+15,-2.378773e+16,2.535812e+07,2.145717e+14,4.571846e+07,8.301958e+05,-4.884726e+12,-9.089687e+12,1.447762e+12,1,61
7.241225e+07,1.140922e+15,4.633550e+08,9.464339e+06,-2.684102e+14,-2.208909e+14,-2.681514e+14,5.842407e+07,2.280047e+15,1.137232e+09,1.184744e+08,-4.058676e+16,-5.444782e+15,-4.025376e+16,2.469805e+07,1.958276e+14,6.602420e+07,2.650288e+06,3.142169e+13,3.618033e+13,-1.388280e+13,0,96
6.514497e+07,9.773160e+14,3.579325e+08,2.652475e+07,1.871281e+15,5.278181e+13,1.697804e+15,5.378287e+07,1.880373e+15,9.632720e+08,8.383277e+07,-2.355488e+16,-3.599364e+15,-1.208119e+16,2.265025e+07,1.333421e+14,5.172534e+07,3.495715e+05,-1.011973e+12,-3.374878e+11,-1.310925e+12,2,37
8.636578e+07,1.944893e+15,3.931262e+08,1.269426e+07,-5.438495e+14,-4.435332e+14,-5.036457e+14,7.006020e+07,3.661894e+15,1.104835e+09,1.310346e+08,-4.983014e+16,-7.928681e+15,-4.539374e+16,2.596999e+07,2.951948e+14,4.100448e+07,1.256966e+06,8.831746e+12,2.037861e+13,1.821224e+11,0,84
7.961449e+07,1.217869e+15,3.332604e+08,1.510463e+07,8.867157e+14,1.353115e+14,7.559186e+14,6.400179e+07,2.583928e+15,1.215662e+09,1.241394e+08,-4.692175e+16,-6.186859e+15,-3.192029e+16,2.910657e+07,2.447068e+14,7.389026e+07,5.919390e+05,3.639220e+12,8.472463e+12,2.253943e+12,0,97
8.188231e+07,1.974369e+15,6.408738e+08,2.750040e+07,-3.100297e+15,-1.129570e+15,-2.887875e+15,6.727756e+07,3.546430e+15,1.061623e+09,1.212915e+08,-4.228947e+16,-7.098115e+15,-3.608184e+16,2.284493e+07,2.155112e+14,3.184056e+07,2.039495e+06,1.615607e+13,2.967830e+13,6.498016e+11,0,74
8.850009e+07,1.985782e+15,6.475056e+08,2.845379e+07,-1.430298e+15,-8.505771e+14,-9.664822e+14,7.164868e+07,3.807783e+15,1.084068e+09,1.098141e+08,-3.714111e+16,-6.708347e+15,-2.921036e+16,2.709890e+07,2.842495e+14,4.464504e+07,2.316608e+06,8.034118e+12,2.386298e+13,-2.043633e+13,1,104
8.907057e+07,2.027872e+15,6.240277e+08,3.190761e+07,-2.470416e+15,-1.067181e+15,-1.931589e+15,7.150326e+07,3.924277e+15,1.004263e+09,1.081746e+08,-3.384690e+16,-6.565074e+15,-2.838085e+16,2.647621e+07,3.087658e+14,3.657959e+07,1.181526e+06,3.649567e+12,1.422484e+13,-6.387533e+12,1,88
7.991738e+07,1.465617e+15,4.452339e+08,1.786420e+07,-7.762940e+14,-4.974513e+14,-5.738686e+14,6.522369e+07,2.849905e+15,1.134371e+09,1.129826e+08,-4.026994e+16,-6.017185e+15,-3.258428e+16,2.694522e+07,2.257176e+14,5.456947e+07,1.108987e+06,1.154658e+12,8.449345e+12,1.094596e+13,0,80
7.881530e+07,1.736524e+15,2.415002e+08,2.971623e+07,2.410149e+15,7.232898e+14,1.134715e+15,6.602642e+07,3.079015e+15,9.363547e+08,1.020895e+08,-2.611452e+16,-5.063596e+15,-9.470512e+15,2.435643e+07,1.695838e+14,3.957827e+07,9.723815e+03,4.154534e+09,1.165595e+11,-4.308431e+09,0,34
7.003781e+07,1.125329e+15,3.379360e+08,1.152393e+07,3.964444e+14,-2.925729e+13,4.063747e+14,5.695731e+07,2.196389e+15,9.914971e+08,9.898720e+07,-3.023887e+16,-4.580481e+15,-2.342072e+16,2.341887e+07,1.711227e+14,5.508629e+07,1.543973e+06,5.194344e+12,1.426136e+13,-1.325527e+13,1,92
8.068809e+07,1.752432e+15,4.153102e+08,2.491050e+07,-2.265296e+15,-9.701049e+14,-1.778598e+15,6.620102e+07,3.213397e+15,8.210274e+08,7.897545e+07,-2.009110e+16,-4.474816e+15,-1.639921e+16,2.435356e+07,2.098764e+14,3.003438e+07,2.399356e+05,-2.657655e+10,-3.471854e+12,6.603929e+11,0,25
8.504123e+07,1.718904e+15,9.406874e+08,4.840742e+07,-9.984380e+15,-1.983316e+15,-9.297085e+15,6.904351e+07,3.336070e+15,1.212074e+09,1.212905e+08,-4.501574e+16,-6.885627e+15,-3.911111e+16,2.764540e+07,2.583493e+14,4.700339e+07,1.393717e+06,-1.355212e+11,8.289544e+12,-1.056485e+13,0,70
8.543737e+07,2.069853e+15,5.239499e+08,2.827591e+07,-1.494987e+15,-9.268868e+14,-1.551102e+15,6.989146e+07,3.736330e+15,8.606343e+08,8.715486e+07,-1.929132e+16,-4.759822e+15,-1.911279e+16,2.444174e+07,2.419688e+14,3.323279e+07,7.246125e+05,-3.622034e+11,5.309789e+12,-3.907910e+12,0,3
6.490774e+07,9.869516e+14,3.996382e+08,1.809827e+07,-1.482895e+15,-5.547294e+14,-1.471779e+15,5.488394e+07,1.719875e+15,1.160547e+09,1.009487e+08,-3.254006e+16,-4.059436e+15,-3.119335e+16,2.350294e+07,1.176863e+14,5.515277e+07,3.800843e+05,3.057441e+10,-4.035203e+12,2.088279e+12,0,59
6.415278e+07,9.070228e+14,4.896324e+08,1.763150e+07,-9.326491e+14,-4.174694e+14,-7.026111e+14,5.402653e+07,1.633069e+15,1.121782e+09,8.856524e+07,-2.787366e+16,-3.578002e+15,-2.269487e+16,2.394200e+07,1.293912e+14,7.024197e+07,9.473167e+05,-3.526348e+12,3.689848e+10,-1.011395e+13,2,81
7.488123e+07,1.231903e+15,6.335279e+08,3.481780e+07,6.156892e+14,-4.506208e+14,1.226632e+15,6.033365e+07,2.465251e+15,1.004303e+09,1.000318e+08,-2.358828e+16,-4.215477e+15,-2.318272e+16,2.523518e+07,2.169335e+14,5.235386e+07,1.647685e+06,-4.403054e+12,5.216266e+12,-1.588079e+13,2,61
6.792260e+07,9.147663e+14,1.133828e+08,1.029873e+07,3.294695e+14,2.590626e+14,1.897220e+14,5.531295e+07,1.886292e+15,7.320840e+08,7.409533e+07,-1.679169e+16,-3.164133e+15,-1.006716e+16,2.507927e+07,1.724520e+14,5.337315e+07,6.295592e+05,-1.904862e+12,-7.346476e+12,2.484799e+12,2,64
9.165969e+07,1.999404e+15,5.613433e+08,2.200415e+07,1.764772e+15,6.737110e+13,1.701445e+15,7.353439e+07,3.989198e+15,1.160456e+09,1.298387e+08,-4.702147e+16,-7.885773e+15,-3.288537e+16,2.883869e+07,3.327823e+14,5.740533e+07,6.023130e+06,8.028448e+13,8.952332e+13,1.263826e+14,0,95
8.465993e+07,1.914421e+15,4.233554e+08,1.980942e+07,1.227013e+14,-3.599735e+14,2.827690e+14,6.847369e+07,3.617480e+15,9.334780e+08,9.890664e+07,-2.855230e+16,-5.787568e+15,-2.210194e+16,2.473091e+07,2.635017e+14,3.655030e+07,1.237115e+06,6.611587e+12,1.878635e+13,-5.053466e+12,0,0
9.504388e+07,2.493893e+15,7.781900e+08,4.866462e+07,-7.738959e+15,-2.218990e+15,-6.741268e+15,7.659459e+07,4.723841e+15,1.044014e+09,1.169105e+08,-4.082969e+16,-8.034448e+15,-3.360972e+16,2.669449e+07,3.436181e+14,2.391456e+07,7.318722e+05,3.036579e+12,1.345614e+13,1.277674e+11,1,49
8.641271e+07,2.049404e+15,4.729626e+08,2.778403e+07,1.901170e+15,-1.191748e+13,1.883110e+15,7.049556e+07,3.818470e+15,9.990209e+08,1.070445e+08,-3.286895e+16,-6.367328e+15,-1.968792e+16,2.523973e+07,2.547795e+14,4.246902e+07,2.226832e+06,1.258969e+13,2.595037e+13,2.549456e+13,3,62
6.230551e+07,9.099066e+14,3.960721e+08,1.307466e+07,-9.390889e+14,-3.943914e+14,-9.058898e+14,5.117921e+07,1.710041e+15,9.966777e+08,9.663864e+07,-2.935480e+16,-3.942560e+15,-2.748218e+16,2.106923e+07,1.240547e+14,5.053043e+07,6.014014e+05,-6.094114e+11,2.798815e+12,-3.664222e+12,0,53
6.780396e+07,8.168496e+14,4.362936e+08,1.307561e+07,-8.016012e+14,-3.438117e+14,-6.661172e+14,5.433629e+07,1.783099e+15,9.202760e+08,7.204014e+07,-1.813423e+16,-3.010987e+15,-1.521852e+16,2.584273e+07,1.848861e+14,6.832721e+07,2.757676e+06,-3.585061e+13,-2.909865e+13,1.245261e+13,1,33
1.015945e+08,2.730044e+15,7.886224e+08,3.954428e+07,-6.753971e+15,-2.029143e+15,-6.673218e+15,8.241277e+07,5.115773e+15,9.763078e+08,9.466960e+07,-2.716064e+16,-6.568073e+15,-2.610671e+16,3.018467e+07,3.925548e+14,3.722804e+07,1.337223e+06,3.023242e+12,1.467013e+13,-9.540647e+12,0,79
6.966250e+07,1.111971e+15,2.941791e+08,9.580715e+06,-3.121315e+13,-1.507338e+14,2.163903e+13,5.648864e+07,2.173133e+15,9.709251e+08,1.002771e+08,-3.043413e+16,-4.613705e+15,-2.626118e+16,2.314241e+07,1.739751e+14,4.736830e+07,7.447246e+05,-2.426601e+11,4.839298e+12,-4.263608e+12,0,92
7.491547e+07,1.219259e+15,5.208069e+08,2.007408e+07,5.581807e+13,-3.168830e+14,2.806617e+14,6.034329e+07,2.498962e+15,1.054644e+09,1.097325e+08,-3.731347e+16,-5.483233e+15,-2.662618e+16,2.547275e+07,2.149170e+14,5.342816e+07,2.071960e+06,1.819425e+13,2.791050e+13,1.781037e+13,1,82
8.082211e+07,1.369192e+15,4.578942e+08,1.308243e+07,7.342176e+14,4.226428e+13,7.023522e+14,6.441285e+07,2.907997e+15,1.072444e+09,1.143918e+08,-3.983234e+16,-6.146362e+15,-2.827025e+16,2.741871e+07,2.693610e+14,6.274542e+07,4.056698e+06,6.441243e+13,6.641702e+13,8.901928e+12,1,90
6.640060e+07,9.814143e+14,2.937407e+08,1.451984e+07,4.110273e+14,-4.106315e+13,4.478077e+14,5.424743e+07,1.922448e+15,9.421736e+08,9.723174e+07,-2.933007e+16,-4.251887e+15,-2.099188e+16,2.294461e+07,1.498620e+14,4.739210e+07,3.392101e+05,3.413661e+10,2.415992e+12,-1.275734e+12,2,58
6.975038e+07,1.146722e+15,2.561451e+08,1.284256e+07,6.973245e+14,1.758105e+14,5.828998e+14,5.729022e+07,2.181172e+15,9.423797e+08,1.080826e+08,-3.264065e+16,-4.912990e+15,-2.277414e+16,2.342929e+07,1.879891e+14,5.121074e+07,1.354923e+06,5.307255e+12,1.628647e+13,-7.095845e+12,0,39
8.044487e+07,1.762022e+15,3.250233e+08,1.068627e+07,-1.010644e+14,-2.489014e+14,-2.745000e+13,6.692045e+07,3.102642e+15,9.737688e+08,8.738786e+07,-2.545882e+16,-4.861859e+15,-2.077595e+16,2.496505e+07,1.927271e+14,5.148839e+07,7.651092e+05,1.766727e+11,4.957032e+12,-5.598359e+12,2,68
7.586698e+07,1.321659e+15,4.902318e+08,3.863174e+07,4.717870e+15,3.999299e+14,4.085492e+15,6.122257e+07,2.688272e+15,1.016264e+09,1.074745e+08,-3.135586e+16,-5.197292e+15,-1.461423e+16,2.489140e+07,2.144609e+14,4.903171e+07,1.734644e+06,1.493540e+13,2.435353e+13,-6.217821e+12,2,71
6.165585e+07,6.770240e+14,4.105905e+08,1.107043e+07,-5.730897e+14,-2.516590e+14,-5.679280e+14,5.092800e+07,1.353589e+15,1.086672e+09,8.404584e+07,-2.345064e+16,-2.950133e+15,-2.264068e+16,2.497211e+07,1.422664e+14,8.065924e+07,1.127645e+06,-1.042836e+13,-7.226576e+12,-7.993836e+12,0,17
7.246065e+07,1.112223e+15,5.078858e+08,1.079082e+07,-7.536483e+14,-3.499986e+14,-7.343236e+14,5.833813e+07,2.264651e+15,1.166996e+09,1.178905e+08,-4.274295e+16,-5.544046e+15,-3.946046e+16,2.498829e+07,1.994460e+14,6.919552e+07,2.275351e+06,2.697270e+13,3.188685e+13,-6.076327e+12,1,96
7.235661e+07,1.368723e+15,4.057405e+08,2.456933e+07,-8.783602e+14,-5.678307e+14,-3.872536e+14,5.946226e+07,2.525821e+15,8.142445e+08,7.953490e+07,-1.956051e+16,-3.926007e+15,-1.397018e+16,2.247430e+07,1.694546e+14,2.966515e+07,8.887382e+05,-4.546851e+12,-6.296702e+12,1.001399e+12,3,77
6.442466e+07,9.109736e+14,1.924220e+08,2.079801e+07,1.120062e+15,2.638016e+14,7.465499e+14,5.305071e+07,1.769068e+15,8.445244e+08,8.217299e+07,-1.922041e+16,-3.215769e+15,-9.547560e+15,2.288707e+07,1.336008e+14,4.645726e+07,4.368955e+05,1.332222e+12,-7.389635e+11,-1.448103e+12,2,75
8.333256e+07,2.119842e+15,2.941138e+08,2.128443e+07,-1.598747e+15,-9.312822e+14,-1.267176e+15,6.929183e+07,3.720694e+15,7.225136e+08,7.917816e+07,-1.781999e+16,-4.668852e+15,-1.429027e+16,2.325075e+07,1.972907e+14,1.653653e+07,9.862729e+04,3.463237e+10,5.190857e+11,1.254041e+11,3,63
7.805480e+07,1.248013e+15,8.539116e+08,4.718481e+07,-8.280464e+15,-1.456539e+15,-8.447686e+15,6.469486e+07,2.347348e+15,1.284420e+09,1.286127e+08,-4.305334e+16,-5.644334e+15,-4.263228e+16,2.967524e+07,2.110209e+14,4.879824e+07,6.755836e+05,3.840298e+12,9.531175e+12,1.222454e+12,2,67
7.607981e+07,1.039600e+15,2.968075e+08,1.041049e+07,4.542664e+14,5.335665e+13,4.207508e+14,6.098239e+07,2.252606e+15,1.225617e+09,1.206514e+08,-4.508617e+16,-5.619144e+15,-3.522064e+16,2.874666e+07,2.279557e+14,8.083697e+07,4.462550e+05,1.699392e+12,5.929379e+12,-2.038084e+12,3,97
9.463846e+07,2.053713e+15,5.449524e+08,3.413783e+07,-1.351164e+15,-9.465838e+14,-4.197617e+14,7.633800e+07,4.102537e+15,1.147430e+09,1.288468e+08,-4.842401e+16,-8.142471e+15,-3.388285e+16,3.110104e+07,3.406646e+14,4.453113e+07,1.014755e+05,9.555899e+10,1.412691e+12,-1.710168e+11,0,73
6.041028e+07,7.249015e+14,2.295520e+08,9.491576e+06,4.374496e+14,1.237090e+14,3.555775e+14,4.984538e+07,1.430814e+15,9.588933e+08,9.127066e+07,-2.660413e+16,-3.423547e+15,-1.863481e+16,2.293638e+07,1.116386e+14,6.625116e+07,8.000505e+05,-1.596750e+12,2.847862e+12,-5.803613e+12,2,94
7.441423e+07,1.045377e+15,4.633938e+08,1.708287e+07,7.879135e+12,-2.695147e+14,2.173453e+14,5.956356e+07,2.296388e+15,1.016056e+09,9.008068e+07,-2.689836e+16,-4.291998e+15,-1.803374e+16,2.740506e+07,2.217148e+14,7.010758e+07,1.251918e+06,-6.787586e+12,4.497284e+11,-9.189752e+12,1,87
8.048744e+07,1.568071e+15,5.926502e+08,1.984812e+07,-4.758020e+14,-4.869547e+14,-3.051350e+14,6.551423e+07,3.000290e+15,1.059484e+09,1.164220e+08,-4.077940e+16,-6.364268e+15,-3.284140e+16,2.595089e+07,2.286473e+14,4.838809e+07,3.601630e+06,4.073216e+13,5.140094e+13,3.608236e+13,0,15
6.154376e+07,8.697548e+14,2.586931e+08,2.174682e+07,9.578065e+14,2.068947e+11,9.530089e+14,5.081053e+07,1.628605e+15,9.004497e+08,8.410928e+07,-1.980414e+16,-3.107415e+15,-1.335773e+16,2.131984e+07,1.168313e+14,4.890022e+07,4.345377e+05,2.002364e+12,-3.094692e+12,2.626139e+11,0,38
9.190086e+07,1.968928e+15,4.294533e+08,2.489526e+07,5.388040e+14,-3.110147e+14,7.758730e+14,7.508378e+07,3.833056e+15,1.202296e+09,1.137272e+08,-4.175516e+16,-7.011481e+15,-2.840953e+16,3.071418e+07,2.828191e+14,5.671665e+07,4.569968e+05,-2.322413e+12,-4.083641e+12,1.144047e+11,2,72
7.341146e+07,1.234687e+15,4.822871e+08,1.811698e+07,7.382957e+13,-2.750291e+14,2.398709e+14,5.982480e+07,2.408220e+15,1.059632e+09,1.141194e+08,-3.962706e+16,-5.592308e+15,-2.950042e+16,2.470430e+07,1.846051e+14,5.134005e+07,1.761165e+06,1.628318e+13,2.347012e+13,-4.660354e+12,0,48
9.096565e+07,2.353985e+15,3.705711e+08,9.882544e+06,-5.956262e+14,-4.794371e+14,-5.457523e+14,7.510492e+07,4.148468e+15,1.075394e+09,1.134466e+08,-3.961702e+16,-7.305509e+15,-3.792950e+16,2.659444e+07,2.665080e+14,4.809897e+07,9.451224e+05,4.455009e+12,1.479887e+13,-4.556535e+12,0,99
9.033853e+07,2.116835e+15,7.204533e+08,3.163174e+07,-2.453578e+15,-1.106168e+15,-1.906455e+15,7.288601e+07,4.058493e+15,1.140517e+09,1.291902e+08,-4.899475e+16,-8.181275e+15,-3.980555e+16,2.690887e+07,3.058678e+14,4.053684e+07,2.426915e+06,2.337535e+13,4.155738e+13,4.865733e+12,0,100
8.497174e+07,1.821861e+15,1.001702e+09,5.988762e+07,-7.957548e+15,-1.947841e+15,-6.415303e+15,6.945166e+07,3.451010e+15,1.172771e+09,1.148302e+08,-4.192549e+16,-6.727809e+15,-3.070063e+16,2.677162e+07,2.572903e+14,4.145988e+07,1.354415e+06,8.817183e+12,1.920264e+13,-3.988800e+12,2,60
9.233342e+07,2.100161e+15,6.685346e+08,3.209961e+07,-3.879220e+15,-1.341954e+15,-3.839767e+15,7.472047e+07,4.029419e+15,1.140998e+09,1.206832e+08,-4.229100e+16,-7.414188e+15,-4.152656e+16,2.893025e+07,3.119768e+14,4.356204e+07,1.006548e+06,2.395865e+11,9.531429e+12,-6.064871e+12,0,23
9.659373e+07,2.568235e+15,7.621798e+08,4.487400e+07,-4.303946e+15,-1.690350e+15,-3.227943e+15,7.793500e+07,4.869128e+15,1.059688e+09,1.184553e+08,-4.125053e+16,-8.191983e+15,-3.122950e+16,2.726356e+07,3.530349e+14,2.772394e+07,1.421219e+06,8.828938e+12,2.663214e+13,-2.137747e+12,0,49
6.116352e+07,7.460034e+14,2.075065e+08,4.236085e+06,-4.426161e+13,-7.771599e+13,-2.889030e+13,5.036104e+07,1.467659e+15,9.442635e+08,9.040519e+07,-2.614210e+16,-3.441736e+15,-2.261761e+16,2.306939e+07,1.166946e+14,6.280008e+07,4.865091e+05,-2.505092e+12,-3.676256e+12,9.783644e+11,0,94
6.065743e+07,7.745335e+14,2.696018e+08,9.895930e+06,2.436842e+13,-1.094300e+14,8.643238e+13,4.972217e+07,1.524578e+15,9.643931e+08,8.500246e+07,-2.431168e+16,-3.317221e+15,-1.893221e+16,2.189822e+07,1.199537e+14,6.162867e+07,4.283610e+05,-1.592562e+12,-3.626294e+12,1.450053e+12,1,38
6.963247e+07,1.123329e+15,3.115281e+08,9.560499e+06,-5.217116e+14,-3.203402e+14,-4.937134e+14,5.674562e+07,2.165834e+15,9.812700e+08,1.002580e+08,-3.089636e+16,-4.610395e+15,-2.895863e+16,2.322957e+07,1.665791e+14,4.473851e+07,5.459215e+05,-1.420949e+12,1.304259e+12,-2.164981e+12,3,92
6.328348e+07,8.674654e+14,4.696995e+08,1.457877e+07,-1.153711e+15,-4.202468e+14,-1.061153e+15,5.329496e+07,1.574549e+15,1.102562e+09,8.898515e+07,-2.632466e+16,-3.425313e+15,-2.335262e+16,2.385623e+07,1.270693e+14,6.964141e+07,9.586150e+05,-2.763129e+12,7.057409e+11,-1.024148e+13,3,81
9.175061e+07,2.178261e+15,6.130835e+08,3.303072e+07,-4.270136e+15,-1.456908e+15,-3.801512e+15,7.355385e+07,4.216564e+15,9.413270e+08,1.018999e+08,-3.150137e+16,-6.604117e+15,-2.786940e+16,2.688229e+07,3.311307e+14,3.041512e+07,6.771701e+05,1.169497e+12,7.902906e+12,-2.535178e+12,0,88
6.196069e+07,8.507448e+14,4.710419e+08,1.731631e+07,-1.426656e+15,-4.855983e+14,-1.327275e+15,5.295712e+07,1.472585e+15,1.137030e+09,8.921515e+07,-2.721271e+16,-3.346086e+15,-2.408839e+16,2.380677e+07,1.184339e+14,6.593152e+07,7.583191e+05,-4.458644e+12,-3.489126e+12,-6.091653e+12,1,81
7.716740e+07,1.495826e+15,4.748860e+08,2.455118e+07,1.588264e+14,-4.061030e+14,4.105234e+14,6.309456e+07,2.883530e+15,1.005461e+09,1.016246e+08,-3.234583e+16,-5.445759e+15,-2.175219e+16,2.444494e+07,1.990456e+14,4.751923e+07,8.275600e+05,2.440529e+12,8.244006e+12,5.893214e+12,1,69
5.782978e+07,6.978721e+14,5.135617e+08,2.768836e+07,-1.756066e+15,-5.448863e+14,-1.417061e+15,4.879874e+07,1.262658e+15,9.948230e+08,7.012089e+07,-1.824512e+16,-2.465956e+15,-1.480320e+16,2.238200e+07,1.062415e+14,5.917981e+07,1.796430e+06,-1.070811e+12,-1.785220e+13,2.167894e+13,0,54
8.493428e+07,1.647110e+15,4.217971e+08,2.042833e+07,-5.310467e+14,-4.784127e+14,-2.389734e+14,6.914936e+07,3.189775e+15,1.200042e+09,1.346835e+08,-5.262022e+16,-7.475042e+15,-4.318398e+16,2.856577e+07,2.700337e+14,5.385877e+07,1.024978e+05,2.302825e+11,1.681881e+12,-7.703774e+10,1,56
7.674777e+07,1.261751e+15,3.401223e+08,1.877003e+07,1.309308e+15,2.181605e+14,1.558739e+15,6.265826e+07,2.468999e+15,1.050292e+09,1.104181e+08,-2.109317e+16,-3.940490e+15,-2.026849e+16,2.720953e+07,1.998564e+14,6.920921e+07,1.313168e+06,-1.151131e+13,-3.233008e+12,-4.852092e+12,0,85
8.359317e+07,1.644569e+15,4.681722e+08,2.002325e+07,-1.347010e+15,-6.831249e+14,-1.035232e+15,6.794569e+07,3.238420e+15,1.036583e+09,1.035354e+08,-3.287074e+16,-5.792278e+15,-2.588263e+16,2.742581e+07,2.473584e+14,4.703254e+07,8.847218e+05,-3.755719e+12,4.936352e+11,-2.974617e+12,3,47
6.614492e+07,9.076649e+14,3.528443e+08,1.778536e+07,8.738464e+14,1.061038e+13,8.681883e+14,5.379568e+07,1.829214e+15,1.074703e+09,1.086855e+08,-3.635461e+16,-4.583641e+15,-2.563456e+16,2.366874e+07,1.527452e+14,5.905685e+07,6.310668e+05,-1.166424e+11,3.917321e+12,-3.747414e+12,0,58
5.866040e+07,7.205915e+14,4.199752e+08,1.812741e+07,-1.458740e+15,-4.666283e+14,-1.401845e+15,4.842712e+07,1.375116e+15,8.744082e+08,6.516200e+07,-1.549003e+16,-2.410163e+15,-1.473569e+16,2.158360e+07,1.139877e+14,5.192463e+07,2.030549e+06,-7.198878e+12,-2.165042e+13,2.082871e+13,2,54
7.310182e+07,1.045267e+15,4.073464e+08,1.499995e+07,-8.524265e+12,-2.101844e+14,1.108497e+14,6.006060e+07,2.069015e+15,1.232784e+09,1.260240e+08,-4.891951e+16,-5.676725e+15,-4.009424e+16,2.773020e+07,1.713580e+14,6.258440e+07,6.925712e+05,1.455593e+12,5.686184e+12,-4.418210e+12,3,55
6.579619e+07,9.857509e+14,3.083123e+08,1.458702e+07,3.174301e+14,-8.985798e+13,3.851124e+14,5.391919e+07,1.905341e+15,9.920875e+08,1.025730e+08,-3.235831e+16,-4.448868e+15,-2.318979e+16,2.252682e+07,1.424484e+14,4.858324e+07,2.986714e+05,3.439457e+11,2.604146e+12,-1.075375e+12,1,58
5.612827e+07,6.993592e+14,4.787093e+08,3.598670e+07,1.678478e+15,-2.574846e+14,1.921631e+15,4.868163e+07,1.160093e+15,9.867295e+08,5.759392e+07,-1.289499e+16,-1.866406e+15,-7.241398e+15,2.231162e+07,1.174604e+14,6.238533e+07,1.259608e+06,-7.425631e+12,-1.357795e+13,3.031304e+12,0,2
8.410268e+07,1.720594e+15,7.205781e+08,2.780831e+07,-3.332230e+15,-1.072498e+15,-3.139799e+15,6.792857e+07,3.354201e+15,1.112511e+09,1.205545e+08,-4.373339e+16,-6.944098e+15,-3.824460e+16,2.645747e+07,2.622804e+14,4.431062e+07,2.416944e+06,2.500799e+13,3.909867e+13,1.348654e+11,1,46
9.612178e+07,2.343948e+15,8.692290e+08,3.047555e+07,-4.643461e+15,-1.437379e+15,-4.278700e+15,7.753369e+07,4.517752e+15,1.198582e+09,1.252792e+08,-4.816494e+16,-8.382159e+15,-4.256806e+16,2.917758e+07,3.469157e+14,5.115243e+07,3.880182e+06,5.225642e+13,7.030548e+13,-1.438214e+13,0,101
8.401806e+07,1.836119e+15,6.163034e+08,4.341598e+07,2.462981e+15,-4.045364e+14,2.881385e+15,6.837836e+07,3.490915e+15,1.112436e+09,1.168160e+08,-3.875852e+16,-6.578701e+15,-2.261243e+16,2.555125e+07,2.476300e+14,3.949270e+07,1.050561e+06,6.759866e+12,1.653064e+13,1.092030e+12,0,43
5.743961e+07,5.789693e+14,3.857506e+08,1.155271e+07,-4.738854e+14,-2.144697e+14,-4.711201e+14,4.752623e+07,1.160011e+15,1.025225e+09,8.145806e+07,-1.820650e+16,-2.426474e+15,-1.784708e+16,2.352595e+07,1.126661e+14,7.874192e+07,9.020687e+05,-7.540630e+12,-6.430857e+12,-2.219835e+12,0,42
7.310061e+07,1.150123e+15,3.043824e+08,1.168601e+07,2.936609e+14,-5.585527e+13,3.235129e+14,5.899810e+07,2.359444e+15,1.026138e+09,1.042513e+08,-3.409760e+16,-5.063902e+15,-2.476694e+16,2.508991e+07,1.995575e+14,5.587412e+07,5.055418e+05,2.564001e+12,6.716964e+12,1.261391e+12,2,93
8.180736e+07,1.611404e+15,5.842375e+08,1.903831e+07,-3.913764e+14,-4.708415e+14,-2.027363e+14,6.638971e+07,3.153814e+15,1.112524e+09,1.192135e+08,-4.296178e+16,-6.657905e+15,-3.270700e+16,2.633522e+07,2.390612e+14,5.244075e+07,3.089746e+06,3.928628e+13,4.768854e+13,9.305806e+11,0,103
7.956211e+07,1.423448e+15,2.451602e+08,4.599537e+06,-4.630983e+13,-1.200378e+14,-3.064080e+13,6.500066e+07,2.741051e+15,9.894293e+08,9.689226e+07,-2.999953e+16,-5.070361e+15,-2.667213e+16,2.743858e+07,2.133091e+14,6.101242e+07,8.792650e+05,-4.355175e+12,1.136582e+12,-4.509280e+12,2,85
7.002464e+07,1.123640e+15,5.028336e+08,2.547802e+07,-1.368788e+15,-6.290335e+14,-1.004730e+15,5.695332e+07,2.206238e+15,9.687786e+08,8.703317e+07,-2.526554e+16,-4.087734e+15,-1.935968e+16,2.345807e+07,1.708594e+14,4.370175e+07,1.040113e+06,-6.866512e+12,-5.120468e+12,-1.441642e+12,1,77
6.675648e+07,9.410975e+14,3.394982e+08,1.029603e+07,1.462914e+13,-1.413513e+14,2.742541e+13,5.427726e+07,1.861299e+15,1.025100e+09,9.150204e+07,-2.608635e+16,-3.793597e+15,-2.668568e+16,2.361389e+07,1.557710e+14,6.648789e+07,1.581455e+06,-1.617645e+13,-8.227108e+12,-1.967702e+12,1,91
7.507229e+07,1.098462e+15,5.472089e+08,3.329047e+07,-2.957566e+15,-9.218839e+14,-2.420785e+15,6.022210e+07,2.332962e+15,9.473399e+08,7.711585e+07,-2.084090e+16,-3.724741e+15,-1.629564e+16,2.711051e+07,2.230196e+14,5.682982e+07,1.619497e+06,8.466772e+12,-2.151158e+13,1.352268e+13,2,87
8.511820e+07,1.934760e+15,5.583643e+08,2.702846e+07,-1.204577e+15,-7.704598e+14,-8.762561e+14,6.937050e+07,3.634271e+15,1.064666e+09,1.116831e+08,-3.844755e+16,-6.728561e+15,-2.939425e+16,2.538836e+07,2.497962e+14,3.814488e+07,1.145943e+06,7.479308e+12,1.805600e+13,1.988825e+12,1,43
9.068292e+07,2.160630e+15,6.542718e+08,2.807427e+07,-3.043024e+15,-1.173219e+15,-3.037896e+15,7.307101e+07,4.113940e+15,1.044421e+09,1.149530e+08,-3.663304e+16,-7.052039e+15,-3.604698e+16,2.660700e+07,3.101838e+14,3.903591e+07,1.723990e+06,1.123675e+13,2.675715e+13,-8.663353e+12,3,88
8.304779e+07,1.745856e+15,4.482284e+08,1.613382e+07,-1.292756e+15,-6.575746e+14,-1.279294e+15,6.748080e+07,3.295081e+15,1.071950e+09,1.131074e+08,-3.810889e+16,-6.380284e+15,-3.690500e+16,2.569785e+07,2.429805e+14,4.091025e+07,1.189339e+06,1.007235e+12,1.014755e+13,-7.281132e+12,1,45
7.512431e+07,1.378950e+15,4.229976e+08,1.219828e+07,-5.697617e+14,-3.669696e+14,-5.229098e+14,6.066221e+07,2.669916e+15,9.605405e+08,1.032211e+08,-3.249811e+16,-5.333134e+15,-2.926219e+16,2.354032e+07,2.114264e+14,4.486120e+07,2.011738e+06,1.085444e+13,2.313616e+13,-1.406390e+13,3,102
7.766315e+07,1.410585e+15,5.360139e+08,1.636909e+07,-1.113169e+15,-5.379052e+14,-9.458231e+14,6.263572e+07,2.785685e+15,1.115547e+09,1.170159e+08,-4.219339e+16,-6.168145e+15,-3.627542e+16,2.512802e+07,2.266797e+14,5.251248e+07,1.985182e+06,1.777517e+13,2.875093e+13,-9.788795e+12,0,52
6.380685e+07,9.393983e+14,3.849165e+08,9.787760e+06,-5.467195e+14,-2.869527e+14,-4.972098e+14,5.182068e+07,1.826697e+15,9.350461e+08,9.572281e+07,-2.850646e+16,-4.078850e+15,-2.592800e+16,2.118459e+07,1.440005e+14,4.978180e+07,1.227970e+06,8.806060e+12,1.456505e+13,-3.135449e+12,1,53
8.054069e+07,1.634884e+15,3.015537e+08,3.599596e+07,3.735924e+15,1.078586e+15,1.927456e+15,6.626690e+07,3.146403e+15,1.046112e+09,1.189486e+08,-3.610808e+16,-6.127337e+15,-1.274766e+16,2.583419e+07,2.128910e+14,5.009446e+07,9.051413e+05,1.425415e+12,6.283079e+12,5.659389e+12,1,34
8.986632e+07,2.035454e+15,7.177783e+08,2.431379e+07,-2.318616e+15,-9.562409e+14,-2.018431e+15,7.231562e+07,3.965907e+15,1.163285e+09,1.299082e+08,-5.034059e+16,-8.166560e+15,-4.239312e+16,2.723865e+07,3.084126e+14,4.721778e+07,3.534814e+06,4.504239e+13,6.157671e+13,6.085371e+12,1,100
6.986753e+07,9.823635e+14,3.165419e+08,1.293580e+07,4.900926e+14,3.945061e+12,4.700749e+14,5.637364e+07,2.056653e+15,1.016513e+09,9.549581e+07,-2.952564e+16,-4.309259e+15,-1.967336e+16,2.505709e+07,1.820863e+14,6.190963e+07,5.654388e+05,8.712798e+11,5.317067e+12,-3.440140e+12,1,93
9.966295e+07,2.233810e+15,6.060758e+08,5.293962e+07,-3.874502e+15,-1.613813e+15,-1.742785e+15,8.063829e+07,4.551426e+15,1.109886e+09,1.204981e+08,-4.390632e+16,-8.110459e+15,-2.702041e+16,3.338655e+07,3.668227e+14,3.792009e+07,2.837136e+05,-4.425992e+11,4.180222e+12,-5.463870e+11,2,73
6.274327e+07,9.074786e+14,1.441416e+08,6.876809e+06,-1.069437e+14,-1.285167e+14,-3.298225e+13,5.183421e+07,1.736079e+15,7.033458e+08,6.931617e+07,-1.513625e+16,-2.867912e+15,-1.131907e+16,2.171044e+07,1.273762e+14,3.623977e+07,4.289913e+05,5.838159e+11,3.088576e+11,-1.530083e+12,0,75
7.505925e+07,1.442789e+15,5.164668e+08,3.470342e+07,-1.526137e+14,-5.794564e+14,5.844583e+14,6.155402e+07,2.791893e+15,9.809412e+08,9.906562e+07,-3.086452e+16,-5.233795e+15,-1.738297e+16,2.359763e+07,1.825085e+14,3.618968e+07,2.976046e+05,3.331252e+11,2.707560e+12,9.946535e+11,2,83
7.284823e+07,1.317913e+15,5.498649e+08,3.894097e+07,2.975235e+15,-4.813535e+13,3.023458e+15,5.948256e+07,2.601047e+15,1.031759e+09,1.075413e+08,-3.504698e+16,-5.412791e+15,-1.668355e+16,2.318337e+07,1.791355e+14,3.981158e+07,1.360058e+06,5.819559e+12,1.466021e+13,9.244292e+12,1,83
8.335073e+07,1.582388e+15,5.269382e+08,3.246573e+07,2.312813e+15,-6.890267e+13,2.367087e+15,6.761189e+07,3.159759e+15,1.123368e+09,1.150631e+08,-3.971019e+16,-6.315337e+15,-2.400710e+16,2.783578e+07,2.496504e+14,5.263279e+07,1.509084e+06,2.745799e+12,1.421751e+13,-1.104671e+13,0,47
8.583493e+07,1.642170e+15,4.398075e+08,1.097007e+07,-4.879518e+14,-3.636320e+14,-4.359705e+14,6.881096e+07,3.320434e+15,1.191201e+09,1.249755e+08,-4.821981e+16,-7.201382e+15,-4.355994e+16,2.828750e+07,2.905514e+14,6.610948e+07,1.286119e+06,1.012135e+13,2.098859e+13,-6.031454e+12,1,36
8.674526e+07,2.231625e+15,6.390750e+08,4.341826e+07,-1.494338e+15,-1.139388e+15,-5.648619e+14,7.159297e+07,3.981945e+15,8.582682e+08,8.566384e+07,-2.244672e+16,-5.300859e+15,-1.426062e+16,2.435367e+07,2.350447e+14,2.702648e+07,7.618315e+05,2.039416e+12,8.491014e+12,-2.811079e+12,0,1
7.456680e+07,1.169046e+15,3.700905e+08,1.235228e+07,-6.689667e+14,-3.817285e+14,-5.986180e+14,6.150571e+07,2.237490e+15,1.154708e+09,1.147757e+08,-4.167114e+16,-5.424760e+15,-3.871599e+16,2.732563e+07,1.718965e+14,5.709424e+07,4.074734e+05,-1.312835e+12,-3.396917e+10,-1.648395e+12,2,55
8.049105e+07,1.713431e+15,9.170091e+08,5.814827e+07,-1.200422e+16,-2.329825e+15,-1.143166e+16,6.810330e+07,2.935184e+15,1.010680e+09,9.509677e+07,-2.717498e+16,-4.972089e+15,-2.234280e+16,2.683182e+07,2.137088e+14,3.322917e+07,5.591394e+05,2.213289e+12,6.683350e+12,-2.460402e+11,3,76
7.764510e+07,1.214449e+15,3.131923e+08,1.025085e+07,5.504987e+14,1.446031e+14,4.616296e+14,6.212659e+07,2.589269e+15,1.073958e+09,1.175404e+08,-4.140807e+16,-5.953689e+15,-2.926601e+16,2.727996e+07,2.431030e+14,6.739130e+07,1.897032e+06,1.746713e+13,2.511992e+13,1.454919e+13,0,65
8.928893e+07,2.279105e+15,4.721446e+08,4.199605e+07,2.126194e+15,-2.148827e+14,2.484942e+15,7.324874e+07,4.071803e+15,9.061161e+08,1.032315e+08,-1.782279e+16,-4.924011e+15,-1.012570e+16,2.554247e+07,2.577903e+14,2.622160e+07,8.429919e+05,-3.633975e+12,-5.473911e+12,-7.147053e+11,0,104
8.608614e+07,1.747933e+15,4.233917e+08,1.727873e+07,-2.000490e+14,-3.771132e+14,-1.231784e+13,6.951614e+07,3.435590e+15,1.140367e+09,1.267360e+08,-4.758460e+16,-7.376727e+15,-3.812571e+16,2.771557e+07,2.808902e+14,4.645002e+07,8.824804e+05,5.462050e+12,1.474787e+13,-1.723277e+12,0,6
6.769087e+07,9.392078e+14,4.540683e+08,2.255076e+07,-4.237549e+13,-3.223476e+14,2.245364e+14,5.516045e+07,1.936013e+15,8.928594e+08,7.748345e+07,-2.021732e+16,-3.398535e+15,-1.319379e+16,2.453640e+07,1.572710e+14,5.145826e+07,1.389207e+06,-1.130078e+13,-7.640445e+12,-1.707979e+12,0,51
9.612256e+07,2.264959e+15,5.193318e+08,2.694954e+07,5.678182e+14,-3.887012e+14,9.205538e+14,7.819579e+07,4.381161e+15,1.041062e+09,1.133100e+08,-3.753727e+16,-7.341260e+15,-2.380798e+16,3.063515e+07,3.343238e+14,4.766226e+07,1.145448e+06,7.056491e+12,2.004861e+13,-4.760218e+12,1,98
8.061003e+07,1.508226e+15,3.986571e+08,1.813404e+07,4.222551e+14,-1.992723e+14,5.371709e+14,6.603228e+07,2.890653e+15,1.205093e+09,1.209370e+08,-4.558535e+16,-6.456326e+15,-3.366263e+16,2.724361e+07,2.210411e+14,5.797292e+07,9.899811e+05,2.796210e+12,9.824766e+12,9.693814e+12,1,80
7.344860e+07,1.304018e+15,4.778568e+08,1.942850e+07,-8.437582e+14,-5.194907e+14,-5.730999e+14,5.972005e+07,2.539837e+15,9.344566e+08,9.271848e+07,-2.691346e+16,-4.640470e+15,-2.022845e+16,2.370658e+07,1.893558e+14,4.229963e+07,1.168977e+06,4.695034e+12,1.199467e+13,-6.679473e+12,0,71
6.575762e+07,8.819048e+14,3.236052e+08,1.878234e+07,3.011505e+14,-1.809991e+14,4.132806e+14,5.323299e+07,1.812720e+15,8.575394e+08,8.499716e+07,-2.278929e+16,-3.600293e+15,-1.605023e+16,2.354724e+07,1.588337e+14,4.590519e+07,2.366695e+05,-7.575382e+11,-1.688469e+12,2.092387e+11,1,78
7.927353e+07,1.359162e+15,3.766180e+08,9.346762e+06,3.538804e+14,4.472870e+12,3.491682e+14,6.343094e+07,2.819508e+15,1.090853e+09,1.173324e+08,-4.188112e+16,-6.221497e+15,-3.192187e+16,2.656903e+07,2.510324e+14,6.052151e+07,2.856386e+06,3.722631e+13,4.487632e+13,6.788591e+12,0,90
7.750286e+07,1.771281e+15,4.199605e+08,2.409541e+07,-8.889194e+14,-6.322234e+14,-4.498454e+14,6.464219e+07,3.039791e+15,8.331291e+08,8.684481e+07,-2.232416e+16,-4.656737e+15,-1.678695e+16,2.255561e+07,1.665121e+14,2.880860e+07,8.019070e+05,-2.665882e+12,-5.835128e+11,-1.572135e+12,3,57
9.730805e+07,2.632897e+15,5.211939e+08,1.107698e+07,-7.557553e+14,-5.461832e+14,-7.385146e+14,7.910952e+07,4.860650e+15,9.852624e+08,1.072880e+08,-3.247667e+16,-7.204929e+15,-3.057415e+16,2.779803e+07,3.311880e+14,4.344304e+07,4.514272e+06,6.314738e+13,8.176024e+13,1.037832e+13,0,20
7.657790e+07,1.400250e+15,5.733873e+08,2.423159e+07,-1.337233e+15,-6.276565e+14,-9.179879e+14,6.205800e+07,2.718606e+15,1.088356e+09,1.122796e+08,-3.873101e+16,-5.809493e+15,-3.108719e+16,2.463934e+07,2.110123e+14,4.544184e+07,1.631596e+06,4.894708e+12,1.576200e+13,-1.223234e+13,2,57
8.797724e+07,1.776779e+15,6.475247e+08,2.432373e+07,7.727514e+14,-2.988307e+14,9.869067e+14,7.089712e+07,3.620420e+15,1.188452e+09,1.278017e+08,-4.980371e+16,-7.689711e+15,-3.343751e+16,2.876111e+07,2.920563e+14,5.859276e+07,3.779651e+06,5.521331e+13,6.443341e+13,8.389469e+12,2,103
9.138166e+07,2.240363e+15,6.575399e+08,3.238071e+07,-4.489146e+15,-1.493840e+15,-4.041601e+15,7.369552e+07,4.246776e+15,9.306047e+08,9.991711e+07,-3.039140e+16,-6.505574e+15,-2.662995e+16,2.639099e+07,3.128399e+14,3.193949e+07,1.109699e+06,4.760631e+12,1.652559e+13,-4.495398e+12,2,88
7.398962e+07,1.254413e+15,4.968682e+08,1.987325e+07,-6.645195e+13,-3.665328e+14,1.182137e+14,5.990786e+07,2.485019e+15,9.923540e+08,1.007524e+08,-3.185600e+16,-5.021325e+15,-2.350348e+16,2.457389e+07,2.013532e+14,4.989186e+07,1.623948e+06,1.426754e+13,2.282388e+13,6.473928e+12,0,82
6.262262e+07,7.183699e+14,4.062818e+08,1.086182e+07,-5.547211e+14,-2.603015e+14,-4.694437e+14,5.126702e+07,1.459888e+15,1.109093e+09,9.675159e+07,-3.162404e+16,-3.694164e+15,-2.788432e+16,2.450371e+07,1.453368e+14,7.029515e+07,8.625377e+05,-1.143059e+12,2.577282e+12,-8.242901e+12,3,50
7.199073e+07,9.071262e+14,3.811135e+08,2.249559e+07,1.438509e+15,7.110368e+13,1.333378e+15,5.765261e+07,2.025430e+15,1.114010e+09,1.117357e+08,-3.744451e+16,-4.899380e+15,-2.354231e+16,2.753708e+07,2.150363e+14,6.797760e+07,7.656617e+05,-5.139588e+12,-1.612691e+12,-1.199641e+12,0,35
7.671389e+07,1.317718e+15,1.547387e+08,5.787865e+06,-6.462502e+12,-1.069255e+14,4.908424e+12,6.408728e+07,2.414752e+15,8.816628e+08,7.596647e+07,-1.957919e+16,-3.731498e+15,-1.735076e+16,2.780395e+07,1.597579e+14,5.803633e+07,2.485025e+06,1.973864e+13,-2.708156e+13,1.643198e+13,1,85
8.272099e+07,1.849898e+15,7.502439e+08,3.209953e+07,-3.059157e+15,-1.110753e+15,-2.813526e+15,6.767649e+07,3.376743e+15,1.153897e+09,1.140584e+08,-4.056153e+16,-6.553071e+15,-3.581904e+16,2.466682e+07,2.408401e+14,4.467060e+07,2.551789e+06,2.575626e+13,3.803936e+13,-1.712908e+12,0,89
8.243741e+07,1.478266e+15,3.484101e+08,1.620912e+07,8.842769e+14,8.838967e+13,8.035037e+14,6.658784e+07,2.993088e+15,1.176811e+09,1.297414e+08,-4.948705e+16,-6.987114e+15,-3.395578e+16,2.814262e+07,2.629956e+14,6.221256e+07,7.172205e+05,4.773035e+12,1.129725e+13,1.842673e+11,2,56
1.048601e+08,2.587623e+15,7.787609e+08,3.171744e+07,-3.956367e+15,-1.459654e+15,-3.506275e+15,8.355981e+07,5.220906e+15,1.121814e+09,1.103205e+08,-3.858356e+16,-7.943194e+15,-3.369833e+16,3.272887e+07,4.716784e+14,4.839884e+07,2.389562e+06,1.888580e+13,4.274397e+13,-1.656962e+13,1,79
7.953088e+07,1.524945e+15,5.370087e+08,3.070069e+07,2.377181e+15,-6.792707e+11,2.383190e+15,6.433560e+07,3.031489e+15,1.081575e+09,1.168542e+08,-4.043766e+16,-6.340323e+15,-2.462473e+16,2.528554e+07,2.309677e+14,5.252539e+07,2.161397e+06,1.231785e+13,2.343670e+13,2.494531e+13,0,69
7.088809e+07,1.047850e+15,4.982315e+08,1.410929e+07,1.033816e+14,-1.925622e+14,1.867723e+14,5.691378e+07,2.156800e+15,1.143348e+09,1.180918e+08,-4.259318e+16,-5.422698e+15,-3.514420e+16,2.455592e+07,1.955911e+14,6.843283e+07,2.348737e+06,2.853283e+13,3.271792e+13,-6.244296e+12,2,96
7.544756e+07,1.107034e+15,5.217558e+08,2.465078e+07,-1.289367e+15,-6.241624e+14,-9.114667e+14,6.058344e+07,2.357956e+15,9.825682e+08,8.402944e+07,-2.384864e+16,-4.060950e+15,-1.769142e+16,2.744993e+07,2.227730e+14,6.009622e+07,1.106899e+06,-8.419340e+12,-1.246707e+13,3.215135e+12,0,87
7.571845e+07,1.316612e+15,5.165726e+08,3.435452e+07,-4.133762e+15,-1.198708e+15,-3.590590e+15,6.210411e+07,2.485913e+15,1.087521e+09,9.750611e+07,-3.172019e+16,-4.855124e+15,-2.781422e+16,2.592262e+07,2.043691e+14,4.621423e+07,2.877731e+05,4.680890e+11,1.291716e+12,-9.456327e+11,0,21
8.379860e+07,1.648140e+15,6.880747e+08,2.993424e+07,8.801197e+14,-4.012357e+14,1.168840e+15,6.754393e+07,3.280106e+15,1.140709e+09,1.243272e+08,-4.552723e+16,-7.005146e+15,-3.196673e+16,2.695463e+07,2.647983e+14,5.067194e+07,3.585713e+06,4.833245e+13,5.826504e+13,-4.746445e+11,0,46
8.198397e+07,1.786570e+15,7.489040e+08,3.127555e+07,-4.571535e+15,-1.290021e+15,-4.389422e+15,6.690442e+07,3.293168e+15,1.116032e+09,1.084966e+08,-3.775382e+16,-6.226181e+15,-3.530155e+16,2.463659e+07,2.413014e+14,4.390897e+07,2.111268e+06,1.886168e+13,3.138959e+13,-1.966756e+12,1,89
8.570885e+07,1.921536e+15,7.840164e+08,3.928323e+07,-5.216904e+15,-1.497281e+15,-4.354355e+15,6.955341e+07,3.650564e+15,1.056375e+09,1.082466e+08,-3.660228e+16,-6.539969e+15,-2.919741e+16,2.572477e+07,2.641039e+14,3.588760e+07,1.614645e+06,1.081778e+13,2.407233e+13,-5.585893e+12,1,60
6.342252e+07,9.575926e+14,2.859022e+08,2.587333e+07,1.630813e+15,1.167825e+14,1.364594e+15,5.248761e+07,1.827064e+15,8.350601e+08,7.442275e+07,-1.800774e+16,-3.107881e+15,-8.090572e+15,2.160428e+07,1.216733e+14,3.949958e+07,1.315432e+05,-2.571889e+11,-1.200697e+12,1.463403e+11,1,37
8.078695e+07,1.681882e+15,8.226024e+08,5.559593e+07,-3.231009e+15,-1.488165e+15,-1.871818e+15,6.798114e+07,2.929296e+15,1.021741e+09,9.197768e+07,-2.776172e+16,-4.901477e+15,-1.766738e+16,2.707043e+07,2.268740e+14,3.872617e+07,7.767177e+05,2.603735e+12,6.634196e+12,-3.085135e+12,1,76
7.500063e+07,1.157766e+15,8.476379e+08,4.121307e+07,-7.348670e+15,-1.397531e+15,-7.379220e+15,6.256571e+07,2.144962e+15,1.256778e+09,1.223392e+08,-4.660676e+16,-5.595799e+15,-4.268909e+16,2.877737e+07,1.933788e+14,5.057886e+07,1.449198e+06,1.189378e+13,2.014892e+13,1.093530e+13,3,67
7.139996e+07,1.039406e+15,4.402629e+08,1.937569e+07,-8.927892e+14,-4.669504e+14,-5.902455e+14,5.760312e+07,2.155510e+15,9.603721e+08,8.525363e+07,-2.426393e+16,-3.950422e+15,-1.841214e+16,2.541942e+07,1.932024e+14,5.383247e+07,6.280535e+05,-3.641982e+12,-4.514745e+12,-5.976450e+11,0,44
9.536059e+07,2.270000e+15,8.090216e+08,3.084079e+07,-5.950822e+14,-7.827142e+14,-1.527901e+14,7.676762e+07,4.432023e+15,1.183624e+09,1.246051e+08,-4.675285e+16,-8.184753e+15,-3.539175e+16,2.912857e+07,3.476445e+14,5.335187e+07,4.726602e+06,7.328757e+13,8.639841e+13,-1.427385e+13,1,101
8.572946e+07,2.012641e+15,7.273944e+08,3.319764e+07,-5.107260e+15,-1.482057e+15,-5.031021e+15,6.944350e+07,3.776961e+15,1.088696e+09,1.267385e+08,-4.366102e+16,-7.451122e+15,-4.077232e+16,2.458672e+07,2.699408e+14,3.212444e+07,1.838097e+06,1.386534e+13,2.969399e+13,9.441106e+11,1,74
8.878624e+07,2.152536e+15,8.318086e+08,4.462443e+07,-7.375306e+15,-1.933637e+15,-6.812729e+15,7.202155e+07,4.044507e+15,1.104239e+09,1.255160e+08,-4.638113e+16,-7.941746e+15,-3.923316e+16,2.564160e+07,2.854937e+14,3.181147e+07,1.413075e+06,9.419317e+12,2.374875e+13,-2.620830e+11,2,74
7.818412e+07,1.659503e+15,4.142316e+08,2.591696e+07,-2.959918e+14,-5.142431e+14,1.366936e+14,6.455690e+07,3.069331e+15,8.289361e+08,8.384923e+07,-2.209642e+16,-4.644198e+15,-1.388741e+16,2.383467e+07,1.871092e+14,3.214989e+07,2.342529e+05,2.379070e+11,2.342021e+12,-5.702585e+11,1,25
5.934974e+07,6.642313e+14,2.260363e+08,1.382261e+06,-1.872141e+13,-3.174574e+13,-1.646314e+13,4.880055e+07,1.325407e+15,1.000676e+09,9.531588e+07,-2.892565e+16,-3.436106e+15,-2.656812e+16,2.304631e+07,1.118402e+14,7.474914e+07,1.319226e+06,-1.343682e+12,5.692414e+12,-1.376532e+13,3,94
8.052571e+07,1.701075e+15,4.043943e+08,2.100765e+07,2.852306e+13,-3.559042e+14,2.483236e+14,6.642280e+07,3.073746e+15,1.011398e+09,9.519912e+07,-2.609398e+16,-4.949266e+15,-2.067643e+16,2.517871e+07,2.086062e+14,4.873262e+07,4.174728e+05,-6.758339e+11,1.436593e+12,-2.304311e+12,1,68
6.543191e+07,1.010459e+15,3.022558e+08,1.956604e+07,1.080549e+15,1.219924e+14,9.492679e+14,5.427304e+07,1.872077e+15,1.132698e+09,1.194458e+08,-4.130620e+16,-4.984276e+15,-2.687677e+16,2.249506e+07,1.256230e+14,5.021959e+07,1.924889e+05,3.322532e+11,1.839535e+12,-5.003255e+11,3,58
8.419710e+07,1.835646e+15,4.590316e+08,2.099331e+07,-1.400667e+15,-7.602086e+14,-1.200499e+15,6.844721e+07,3.457325e+15,9.710331e+08,1.040465e+08,-3.306496e+16,-6.117594e+15,-2.798975e+16,2.562366e+07,2.493928e+14,3.571331e+07,6.674515e+05,2.431296e+12,9.117912e+12,2.942421e+12,0,31
8.003406e+07,1.563300e+15,4.994560e+08,2.349434e+07,1.431238e+12,-4.353092e+14,2.529068e+14,6.515615e+07,2.992644e+15,1.160307e+09,1.206585e+08,-4.459683e+16,-6.550777e+15,-3.365681e+16,2.564830e+07,2.215288e+14,4.773024e+07,1.042197e+06,5.770132e+12,1.420791e+13,-4.545641e+12,3,52
6.703021e+07,8.408554e+14,3.729218e+08,1.539796e+07,-6.713432e+14,-3.621601e+14,-4.807637e+14,5.403779e+07,1.781244e+15,9.056629e+08,7.290024e+07,-1.824928e+16,-3.049459e+15,-1.421074e+16,2.516931e+07,1.698955e+14,5.919808e+07,2.312346e+06,-1.122105e+13,-2.985522e+13,2.291154e+13,0,33
7.864789e+07,1.303961e+15,4.595078e+08,1.471893e+07,1.124749e+15,2.020571e+14,9.634483e+14,6.280236e+07,2.751444e+15,1.075661e+09,1.133010e+08,-3.839931e+16,-5.837615e+15,-2.527295e+16,2.669218e+07,2.521484e+14,6.751530e+07,4.793144e+06,8.462009e+13,7.534083e+13,2.933521e+13,2,90
5.917441e+07,6.244791e+14,3.173895e+08,1.059341e+07,-3.931626e+14,-2.080686e+14,-3.912768e+14,4.896470e+07,1.247758e+15,9.506423e+08,7.170822e+07,-1.425234e+16,-2.189909e+15,-1.398152e+16,2.403501e+07,1.197327e+14,7.281675e+07,1.233789e+06,-1.182055e+11,-1.334085e+13,1.396002e+13,1,42
6.198293e+07,7.284722e+14,3.653894e+08,1.377294e+07,-2.460370e+14,-2.312840e+14,-1.268808e+14,5.096038e+07,1.458238e+15,1.055174e+09,9.102118e+07,-2.820789e+16,-3.475570e+15,-2.269748e+16,2.400382e+07,1.405107e+14,5.981352e+07,4.930340e+05,-1.638036e+12,-5.956531e+11,-3.092904e+12,1,50
7.563731e+07,1.450285e+15,4.118656e+08,1.359941e+07,-9.073266e+14,-4.766718e+14,-7.416752e+14,6.144334e+07,2.763831e+15,8.921303e+08,9.614849e+07,-2.790722e+16,-5.030881e+15,-2.370174e+16,2.336256e+07,2.047046e+14,4.067255e+07,1.231878e+06,4.267493e+12,1.337863e+13,-6.538675e+12,1,102
9.587862e+07,2.026962e+15,5.999104e+08,4.007410e+07,-2.708351e+15,-1.206520e+15,-1.278642e+15,7.740082e+07,4.141745e+15,1.130422e+09,1.226589e+08,-4.556051e+16,-7.879903e+15,-3.016322e+16,3.240534e+07,3.455336e+14,4.482146e+07,7.490874e+04,-1.315914e+11,-9.417954e+11,5.039934e+10,3,73
6.942569e+07,1.130520e+15,5.051315e+08,1.917726e+07,-1.601631e+15,-5.954088e+14,-1.419062e+15,5.623624e+07,2.205207e+15,9.716316e+08,9.239135e+07,-2.764519e+16,-4.335556e+15,-2.419786e+16,2.262269e+07,1.749521e+14,4.458670e+07,1.493026e+06,-4.679393e+12,6.281994e+12,-1.095008e+13,2,77
7.750842e+07,1.377465e+15,3.011317e+08,3.470321e+07,3.547379e+15,8.627270e+14,1.947586e+15,6.355793e+07,2.721977e+15,1.126439e+09,1.257833e+08,-4.089901e+16,-6.055269e+15,-1.645209e+16,2.645283e+07,1.984694e+14,5.561249e+07,5.262132e+05,-5.586980e+11,1.644117e+12,2.880352e+12,3,65
7.522569e+07,1.333142e+15,5.565997e+08,2.685463e+07,-1.037589e+15,-5.960780e+14,-6.176011e+14,6.058812e+07,2.633701e+15,9.972294e+08,1.033338e+08,-3.197741e+16,-5.193889e+15,-2.502423e+16,2.407884e+07,2.150900e+14,4.305105e+07,1.332387e+06,5.746519e+11,1.008286e+13,-8.764060e+12,0,57
6.792363e+07,9.179458e+14,4.253089e+08,3.057807e+07,2.622348e+15,1.379444e+14,2.341559e+15,5.498652e+07,1.952914e+15,8.589245e+08,7.508741e+07,-1.807522e+16,-3.205163e+15,-7.997931e+15,2.470705e+07,1.674292e+14,5.291423e+07,1.482615e+06,-1.047504e+13,-3.696160e+12,-5.695777e+12,1,51
6.742820e+07,9.034767e+14,4.314417e+08,3.660782e+07,4.052857e+15,3.528096e+14,3.138836e+15,5.473658e+07,1.888337e+15,9.010225e+08,8.274201e+07,-1.772763e+16,-3.129938e+15,-6.279511e+15,2.471183e+07,1.612805e+14,5.574898e+07,1.891280e+06,-1.742952e+13,-8.322981e+12,-4.946866e+12,3,51
6.315118e+07,8.272729e+14,2.428865e+08,4.690472e+06,1.059365e+14,4.591813e+12,1.046231e+14,5.164376e+07,1.631956e+15,1.082590e+09,1.098028e+08,-3.775441e+16,-4.428932e+15,-3.201591e+16,2.288150e+07,1.336432e+14,7.176165e+07,7.580421e+05,3.965398e+12,8.157732e+12,-3.891775e+12,0,66
8.156126e+07,1.837683e+15,7.010017e+08,3.854272e+07,-5.714854e+15,-1.582762e+15,-5.351366e+15,6.680952e+07,3.366529e+15,9.817495e+08,1.001176e+08,-3.057701e+16,-5.725776e+15,-2.606739e+16,2.396720e+07,2.207811e+14,3.011237e+07,8.068775e+05,2.553331e+12,9.337590e+12,-3.060099e+12,0,60
8.354787e+07,1.934798e+15,4.368350e+08,3.496260e+07,2.345971e+15,-3.613321e+11,2.344797e+15,6.825811e+07,3.610126e+15,9.637272e+08,1.123466e+08,-3.369365e+16,-6.404518e+15,-1.804636e+16,2.427178e+07,2.341250e+14,3.298977e+07,7.230926e+05,-4.012330e+11,4.253676e+12,3.574555e+12,2,12
6.422897e+07,9.024242e+14,2.270311e+08,1.383078e+07,7.750118e+14,2.641429e+14,5.313601e+14,5.297610e+07,1.725236e+15,1.076280e+09,1.112052e+08,-3.543280e+16,-4.398267e+15,-2.329700e+16,2.293614e+07,1.284721e+14,6.647148e+07,4.037847e+05,1.158796e+11,2.908531e+12,-2.112021e+12,1,66
9.050420e+07,2.033952e+15,5.577484e+08,1.662841e+07,7.362458e+14,-1.483353e+14,7.792654e+14,7.316515e+07,3.921256e+15,1.156557e+09,1.252443e+08,-4.628715e+16,-7.713757e+15,-3.611866e+16,2.812646e+07,3.088090e+14,5.962924e+07,6.146116e+06,9.465008e+13,9.480988e+13,1.269613e+14,2,95
7.078751e+07,9.733181e+14,4.341088e+08,2.241882e+07,1.065216e+15,-1.242256e+14,1.127294e+15,5.729921e+07,2.050033e+15,1.052993e+09,9.165881e+07,-2.847244e+16,-4.148047e+15,-1.808214e+16,2.620337e+07,1.874067e+14,6.746077e+07,7.593799e+05,-3.603130e+12,-7.472966e+11,-4.744745e+12,1,44
7.472333e+07,1.042946e+15,4.689565e+08,3.400922e+07,1.348652e+15,-2.759344e+14,1.653845e+15,5.976370e+07,2.359977e+15,8.698243e+08,7.438028e+07,-1.888263e+16,-3.607027e+15,-9.378443e+15,2.753048e+07,2.240964e+14,5.546400e+07,6.662351e+05,-2.218480e+12,-9.560552e+12,3.235748e+12,3,87
7.580406e+07,1.439644e+15,4.738340e+08,3.193380e+07,1.575781e+15,-1.847423e+14,1.766375e+15,6.216293e+07,2.763307e+15,9.841751e+08,9.958037e+07,-3.060485e+16,-5.174677e+15,-1.685708e+16,2.423758e+07,1.861346e+14,4.093859e+07,6.456203e+05,2.272821e+12,7.197300e+12,-2.377798e+12,1,71
1.040952e+08,3.267343e+15,8.777140e+08,4.190061e+07,-8.018487e+15,-2.393167e+15,-7.694758e+15,8.505522e+07,5.877058e+15,1.041928e+09,1.186189e+08,-3.909304e+16,-8.782054e+15,-3.501881e+16,2.791681e+07,3.635799e+14,3.070247e+07,2.723064e+06,1.838306e+13,4.435229e+13,2.239885e+13,2,86
6.562535e+07,1.012595e+15,3.474395e+08,2.321540e+07,1.540898e+15,7.091767e+13,1.342446e+15,5.423487e+07,1.943121e+15,9.588566e+08,8.661152e+07,-2.482832e+16,-3.798632e+15,-1.267505e+16,2.255687e+07,1.315592e+14,5.170063e+07,3.741435e+05,8.877373e+11,3.240293e+12,-1.412441e+12,0,37
7.663571e+07,1.423587e+15,3.523607e+08,2.956443e+07,2.352577e+15,2.042982e+14,2.095768e+15,6.270889e+07,2.753205e+15,9.851013e+08,9.737655e+07,-2.812627e+16,-4.912914e+15,-1.502049e+16,2.498704e+07,1.957978e+14,4.660152e+07,2.912454e+05,-4.216064e+11,6.474140e+11,-9.914798e+11,1,41
7.424657e+07,1.294936e+15,4.346417e+08,2.120164e+07,9.407728e+14,-1.172820e+14,1.004055e+15,6.048751e+07,2.513187e+15,1.065779e+09,1.116599e+08,-3.739445e+16,-5.499174e+15,-2.455160e+16,2.460223e+07,1.915323e+14,4.856486e+07,1.322955e+06,1.020246e+13,1.809152e+13,4.510791e+12,3,82
8.433086e+07,1.869198e+15,7.850320e+08,3.441709e+07,-3.674397e+15,-1.233102e+15,-3.424616e+15,6.843225e+07,3.514136e+15,1.148144e+09,1.161227e+08,-4.229363e+16,-6.872998e+15,-3.641766e+16,2.519820e+07,2.621756e+14,4.297267e+07,2.672499e+06,2.863727e+13,4.326941e+13,9.373790e+12,2,89
6.276346e+07,7.699164e+14,4.452638e+08,1.717208e+07,-9.177172e+14,-3.895362e+14,-7.888731e+14,5.172726e+07,1.509096e+15,1.110993e+09,9.645316e+07,-3.157177e+16,-3.746718e+15,-2.720884e+16,2.399824e+07,1.392981e+14,6.223331e+07,4.921331e+05,-8.696369e+11,9.645792e+11,-3.464661e+12,0,50
9.312678e+07,2.163029e+15,8.364069e+08,3.011318e+07,-3.205168e+15,-1.183666e+15,-2.826845e+15,7.506598e+07,4.187270e+15,1.148087e+09,1.183235e+08,-4.345734e+16,-7.638988e+15,-3.706532e+16,2.857960e+07,3.310186e+14,5.056317e+07,4.118188e+06,5.338462e+13,6.887130e+13,-2.524156e+13,2,101
8.997282e+07,2.219072e+15,5.078113e+08,3.146483e+07,-3.601958e+15,-1.386685e+15,-2.943907e+15,7.319389e+07,4.137552e+15,9.181871e+08,1.050028e+08,-3.250664e+16,-6.742208e+15,-2.675908e+16,2.608983e+07,2.908026e+14,2.347845e+07,1.386507e+05,2.373723e+11,2.327325e+12,-9.756788e+10,0,29
6.271699e+07,9.302779e+14,4.483198e+08,1.616473e+07,-1.311903e+15,-4.794977e+14,-1.286891e+15,5.372934e+07,1.562476e+15,1.082500e+09,8.449568e+07,-2.438117e+16,-3.252604e+15,-2.340587e+16,2.326420e+07,1.151467e+14,6.379032e+07,8.350593e+05,-5.693630e+12,-4.761492e+12,-5.900612e+12,0,81
7.756133e+07,1.135991e+15,2.665407e+08,4.231206e+06,-7.480160e+13,-1.083430e+14,-6.245301e+13,6.211753e+07,2.426797e+15,1.167066e+09,1.204425e+08,-4.480813e+16,-5.912437e+15,-4.032507e+16,2.841570e+07,2.394004e+14,7.186712e+07,4.870345e+05,2.672424e+12,7.475761e+12,-8.758434e+11,1,97
7.554206e+07,1.272462e+15,9.039412e+08,5.110621e+07,-1.019508e+16,-1.696860e+15,-1.042516e+16,6.384754e+07,2.233849e+15,1.285093e+09,1.271768e+08,-4.512322e+16,-5.626364e+15,-4.448336e+16,2.832706e+07,1.792999e+14,4.652534e+07,9.163795e+05,5.685044e+12,1.226653e+13,5.807002e+12,1,67
6.325008e+07,7.812746e+14,2.440486e+08,1.416605e+07,7.442779e+13,-1.294934e+14,1.846735e+14,5.110447e+07,1.631267e+15,8.000103e+08,7.837773e+07,-1.909888e+16,-3.119397e+15,-1.379483e+16,2.315318e+07,1.483283e+14,4.322524e+07,5.024591e+05,1.099430e+12,-5.809255e+12,1.736544e+12,0,78
6.571756e+07,8.434203e+14,1.842236e+08,1.301751e+07,2.968349e+14,-1.744217e+13,3.093190e+14,5.329354e+07,1.737254e+15,7.910204e+08,7.462669e+07,-1.705786e+16,-2.996564e+15,-1.175159e+16,2.425273e+07,1.543935e+14,4.440347e+07,1.203840e+06,7.259749e+12,-1.108649e+13,3.138678e+12,2,78
8.710474e+07,1.762940e+15,5.896853e+08,3.568112e+07,-3.899386e+15,-1.317479e+15,-2.953451e+15,7.092848e+07,3.492273e+15,1.133731e+09,1.151537e+08,-4.028999e+16,-6.681084e+15,-3.021328e+16,2.904029e+07,2.650010e+14,4.315703e+07,2.477231e+05,-6.389065e+11,-3.286471e+12,4.932905e+11,2,47
8.004652e+07,1.549982e+15,6.053062e+08,3.416050e+07,2.402591e+14,-5.554420e+14,7.218850e+14,6.464597e+07,3.048899e+15,1.134811e+09,1.220726e+08,-4.427201e+16,-6.638242e+15,-3.062145e+16,2.528055e+07,2.373451e+14,4.581628e+07,1.036871e+06,6.544198e+12,1.523999e+13,3.673801e+12,2,63
9.218572e+07,2.134826e+15,3.923167e+08,3.527841e+07,3.575707e+15,5.096680e+14,2.971546e+15,7.551545e+07,4.038124e+15,1.099079e+09,1.113276e+08,-3.385975e+16,-6.494185e+15,-1.689554e+16,2.931130e+07,2.805546e+14,5.039065e+07,5.906901e+05,-1.390202e+12,2.809863e+12,-2.672993e+12,0,72
6.645736e+07,9.249775e+14,2.170320e+08,7.748176e+06,-3.145445e+14,-2.353493e+14,-2.922814e+14,5.530063e+07,1.726975e+15,1.047217e+09,8.901711e+07,-2.662503e+16,-3.658591e+15,-2.473328e+16,2.499371e+07,1.244875e+14,6.748524e+07,1.638335e+06,1.722427e+13,-1.023865e+13,1.657045e+12,0,9
7.769235e+07,1.294560e+15,2.870242e+08,3.267598e+06,-7.303406e+12,-5.648692e+13,-5.714462e+12,6.344635e+07,2.527335e+15,1.086627e+09,1.057990e+08,-3.397099e+16,-5.115160e+15,-3.373278e+16,2.753084e+07,2.039430e+14,7.370240e+07,2.164488e+06,-6.382909e+12,1.249618e+13,-2.556568e+13,3,85
8.412563e+07,1.632514e+15,7.923519e+08,3.974615e+07,-7.050410e+15,-1.605520e+15,-6.937382e+15,6.785804e+07,3.247922e+15,1.117705e+09,1.152524e+08,-3.697578e+16,-6.196077e+15,-3.369720e+16,2.750845e+07,2.651603e+14,4.225369e+07,1.295549e+06,-1.437687e+12,6.108415e+12,-7.971881e+12,2,70
7.257768e+07,1.309134e+15,4.917267e+08,3.406616e+07,-2.523361e+15,-9.455039e+14,-1.867270e+15,6.185822e+07,2.212554e+15,1.269775e+09,1.124500e+08,-4.203746e+16,-5.250642e+15,-3.399756e+16,2.568196e+07,1.269605e+14,4.913156e+07,6.178277e+05,3.293276e+12,-1.297668e+12,-1.395706e+11,2,59
8.309946e+07,1.925720e+15,3.770675e+08,2.594163e+07,-9.672358e+14,-7.827788e+14,-7.625884e+14,6.809606e+07,3.539990e+15,8.691182e+08,9.426331e+07,-2.691757e+16,-5.600828e+15,-2.066773e+16,2.422090e+07,2.251291e+14,2.902657e+07,1.056465e+04,-8.797900e+08,-1.576662e+11,-5.863570e+09,1,12
7.486825e+07,1.484928e+15,4.521516e+08,4.515846e+07,2.168314e+15,-2.636973e+14,2.603222e+15,6.149433e+07,2.811920e+15,8.902909e+08,9.210432e+07,-2.487979e+16,-4.718768e+15,-1.171541e+16,2.296190e+07,1.788845e+14,2.642333e+07,1.959195e+04,-3.858135e+09,8.543317e+10,1.380694e+10,3,83
8.424491e+07,1.938619e+15,4.477503e+08,1.904832e+07,7.632861e+14,-1.104572e+14,8.281628e+14,6.862756e+07,3.615715e+15,9.914119e+08,1.040425e+08,-3.279799e+16,-6.186048e+15,-2.304951e+16,2.459991e+07,2.457948e+14,4.461116e+07,2.689193e+06,2.385460e+13,3.660544e+13,2.884653e+13,0,62
6.132185e+07,5.942277e+14,1.797815e+08,7.066250e+06,2.259757e+14,1.473273e+14,1.302578e+14,4.934613e+07,1.346099e+15,9.205796e+08,8.810510e+07,-2.459131e+16,-3.193147e+15,-1.670510e+16,2.497245e+07,1.467279e+14,8.000977e+07,1.322402e+06,-1.308466e+13,-4.495330e+12,-1.520886e+12,3,64
7.714832e+07,1.472263e+15,4.851155e+08,3.945831e+07,2.984644e+15,-4.957109e+13,3.011400e+15,6.331125e+07,2.854903e+15,1.022545e+09,1.038088e+08,-3.291767e+16,-5.455815e+15,-1.624754e+16,2.494917e+07,1.936741e+14,4.561983e+07,4.487896e+05,-5.244984e+11,2.082990e+12,2.132642e+12,2,69
8.415481e+07,1.604148e+15,5.473492e+08,3.113828e+07,1.356490e+14,-5.312314e+14,5.956616e+14,6.832325e+07,3.250420e+15,1.113117e+09,1.120349e+08,-3.949228e+16,-6.382165e+15,-2.528880e+16,2.829165e+07,2.525264e+14,4.978858e+07,7.631311e+05,2.783447e+11,6.207268e+12,-3.825771e+12,1,47
6.015242e+07,7.122127e+14,1.865730e+08,1.800597e+07,9.091942e+14,2.202625e+14,5.627819e+14,4.942915e+07,1.473938e+15,8.143993e+08,7.395288e+07,-1.756655e+16,-2.786111e+15,-8.179383e+15,2.275723e+07,1.185478e+14,5.365453e+07,5.517721e+05,2.498348e+12,-1.617460e+12,-1.695997e+12,1,75
6.636920e+07,1.084158e+15,4.765107e+08,3.310418e+07,-6.440269e+14,-5.881215e+14,-1.272502e+14,5.639577e+07,1.848047e+15,1.223304e+09,1.095311e+08,-3.761643e+16,-4.528870e+15,-2.871505e+16,2.347788e+07,1.108951e+14,5.183612e+07,2.769257e+05,7.760680e+11,-2.245729e+12,1.111530e+12,1,59
8.215058e+07,1.948738e+15,4.007662e+08,2.625138e+07,-2.139003e+15,-1.010571e+15,-1.786810e+15,6.734151e+07,3.538106e+15,8.510243e+08,9.694131e+07,-2.746923e+16,-5.725433e+15,-2.218818e+16,2.320160e+07,2.199464e+14,2.385258e+07,1.052400e+05,-7.805006e+10,-1.508888e+12,-1.514836e+11,0,12
7.672098e+07,1.657374e+15,6.788908e+08,4.468876e+07,-7.589885e+15,-1.783925e+15,-7.454023e+15,6.532711e+07,2.730625e+15,9.793488e+08,8.092160e+07,-1.883174e+16,-3.866940e+15,-1.773929e+16,2.469787e+07,1.824986e+14,3.496366e+07,6.804088e+05,-7.926552e+11,-9.054248e+12,3.533363e+12,0,40
6.679765e+07,8.191780e+14,1.730162e+08,2.894739e+06,6.211341e+13,3.485974e+13,5.095656e+13,5.374412e+07,1.766856e+15,8.798467e+08,8.934091e+07,-2.492593e+16,-3.747415e+15,-1.946843e+16,2.513224e+07,1.832345e+14,6.916630e+07,8.164642e+05,-3.215969e+12,3.616952e+12,-4.059348e+12,0,64
6.282769e+07,8.192768e+14,2.145049e+08,5.228952e+06,1.641289e+14,5.267628e+13,1.458604e+14,5.132561e+07,1.624542e+15,1.022948e+09,1.039765e+08,-3.379100e+16,-4.181049e+15,-2.712874e+16,2.270740e+07,1.345738e+14,6.868516e+07,6.941809e+05,2.592176e+12,7.016186e+12,-4.073512e+12,3,66
9.013918e+07,1.992460e+15,4.663283e+08,1.779056e+07,2.657222e+14,-2.752946e+14,3.782381e+14,7.353774e+07,3.786166e+15,1.186376e+09,1.128349e+08,-4.068500e+16,-6.885735e+15,-3.182823e+16,2.890156e+07,2.762458e+14,5.911800e+07,1.665558e+06,1.674955e+12,1.542455e+13,-1.740446e+13,1,72
7.216122e+07,8.894752e+14,4.880509e+08,3.291581e+07,3.411635e+15,2.232906e+14,2.944958e+15,5.754869e+07,2.033241e+15,9.911555e+08,8.419026e+07,-2.179914e+16,-3.539124e+15,-9.881782e+15,2.773541e+07,2.197814e+14,7.285407e+07,1.178035e+06,-4.986831e+12,2.109668e+12,-1.145282e+13,0,4
6.206578e+07,7.365840e+14,3.674667e+08,1.520154e+07,-2.046477e+14,-2.284875e+14,-2.912847e+13,5.102373e+07,1.464766e+15,1.068778e+09,9.313537e+07,-2.864991e+16,-3.510743e+15,-2.282963e+16,2.390869e+07,1.375537e+14,6.019681e+07,4.897313e+05,-2.651116e+12,-3.484120e+12,-1.025578e+12,2,50
7.309478e+07,1.274725e+15,4.667981e+08,2.776557e+07,4.017560e+14,-3.607335e+14,7.778184e+14,5.941480e+07,2.446208e+15,8.731968e+08,8.390052e+07,-1.987305e+16,-3.832634e+15,-2.047446e+16,2.371151e+07,1.898254e+14,4.346572e+07,1.152381e+06,-7.746727e+12,-7.045214e+12,-2.112753e+12,0,61
8.523701e+07,1.858482e+15,7.619374e+08,4.419524e+07,-8.103063e+15,-1.902548e+15,-7.543481e+15,6.899001e+07,3.552558e+15,1.004279e+09,1.023485e+08,-3.198296e+16,-6.015372e+15,-2.872876e+16,2.588553e+07,2.666611e+14,3.097558e+07,6.409900e+05,-1.507682e+11,3.854634e+12,-2.804073e+12,3,60
6.306901e+07,8.556308e+14,1.618614e+08,1.441841e+07,5.001126e+14,1.136802e+14,3.666649e+14,5.180215e+07,1.699415e+15,7.354466e+08,7.074490e+07,-1.569951e+16,-2.862833e+15,-8.410724e+15,2.255492e+07,1.330145e+14,4.217364e+07,4.144875e+05,5.156748e+11,6.390547e+11,-1.604359e+12,3,75
8.419977e+07,2.014278e+15,4.649237e+08,2.215801e+07,2.561015e+14,-3.501352e+14,5.156267e+14,6.885961e+07,3.670726e+15,9.352385e+08,9.867226e+07,-2.828251e+16,-5.786295e+15,-1.961738e+16,2.399433e+07,2.354551e+14,3.991907e+07,1.610726e+06,1.070523e+13,2.105977e+13,1.205603e+13,1,62
8.282701e+07,1.678866e+15,3.979837e+08,2.479771e+07,6.575206e+14,-2.574346e+14,8.812728e+14,6.868585e+07,3.128165e+15,1.158824e+09,1.136858e+08,-4.088788e+16,-6.326263e+15,-2.548221e+16,2.780382e+07,2.103999e+14,5.139354e+07,5.055233e+05,-1.942471e+12,-5.771086e+11,1.089553e+12,2,80
6.653826e+07,9.548590e+14,3.240613e+08,9.714656e+06,-5.349706e+14,-2.977381e+14,-5.127737e+14,5.426707e+07,1.865027e+15,1.036668e+09,9.452307e+07,-2.929488e+16,-4.060672e+15,-2.816323e+16,2.338159e+07,1.505964e+14,5.745921e+07,9.970972e+05,-6.586946e+12,-9.068301e+12,3.592802e+12,0,91
9.057631e+07,1.983652e+15,5.153928e+08,1.178734e+07,1.468562e+13,-2.553794e+14,7.817805e+13,7.300226e+07,3.899273e+15,1.205527e+09,1.304083e+08,-5.166153e+16,-8.140183e+15,-4.211890e+16,2.851143e+07,3.145991e+14,5.842929e+07,5.639906e+06,7.522687e+13,8.333549e+13,1.152525e+14,1,95
8.512769e+07,1.727641e+15,5.686486e+08,3.051280e+07,2.702208e+15,8.694947e+13,2.594588e+15,6.915369e+07,3.430448e+15,1.126194e+09,1.209047e+08,-4.376480e+16,-6.998211e+15,-2.483764e+16,2.759040e+07,2.566735e+14,5.102280e+07,2.938674e+06,3.515540e+13,4.705014e+13,5.764091e+12,1,103
7.950238e+07,1.572824e+15,5.133858e+08,1.678811e+07,-1.123242e+15,-5.886131e+14,-1.002807e+15,6.546191e+07,2.884258e+15,1.183809e+09,1.122138e+08,-4.085348e+16,-6.022295e+15,-3.669247e+16,2.587644e+07,2.100632e+14,5.827108e+07,1.353715e+06,1.004687e+13,1.770779e+13,-4.301836e+12,0,68
8.837338e+07,1.967663e+15,6.404698e+08,2.531134e+07,-2.987242e+15,-1.085027e+15,-2.869906e+15,7.134072e+07,3.776979e+15,1.041138e+09,1.045815e+08,-3.447514e+16,-6.424907e+15,-3.177791e+16,2.698726e+07,2.916588e+14,4.031058e+07,2.290809e+06,4.902052e+12,2.001496e+13,-1.965918e+13,2,104
7.843163e+07,1.473676e+15,4.461773e+08,1.310958e+07,-6.884762e+14,-4.215829e+14,-5.545735e+14,6.341037e+07,2.883059e+15,1.041477e+09,1.093588e+08,-3.656995e+16,-5.847337e+15,-3.069723e+16,2.503737e+07,2.271140e+14,4.735508e+07,1.661881e+06,1.233231e+13,2.366046e+13,-8.221795e+12,2,52
8.173620e+07,1.765286e+15,7.381862e+08,3.347538e+07,-3.580876e+15,-1.205697e+15,-3.438386e+15,6.668492e+07,3.267609e+15,1.125264e+09,1.090226e+08,-3.811715e+16,-6.224039e+15,-3.341644e+16,2.467814e+07,2.402641e+14,4.383237e+07,1.911991e+06,1.600060e+13,2.808337e+13,-2.735011e+12,3,89
8.972902e+07,1.713433e+15,4.800096e+08,2.631670e+07,-1.242345e+15,-7.372933e+14,-6.049515e+14,7.234042e+07,3.547224e+15,1.095635e+09,1.183097e+08,-4.251947e+16,-7.041339e+15,-2.999092e+16,3.099683e+07,3.108689e+14,4.721535e+07,1.195903e+05,-2.882089e+10,1.035590e+12,-2.261498e+11,0,30
8.669895e+07,1.980485e+15,6.064044e+08,2.584388e+07,-2.214430e+15,-9.821702e+14,-1.952460e+15,7.055127e+07,3.690902e+15,1.027294e+09,1.035594e+08,-3.363880e+16,-6.275238e+15,-2.902396e+16,2.607706e+07,2.614807e+14,3.977377e+07,1.997045e+06,2.802260e+12,1.560299e+13,-1.576342e+13,3,104
7.871820e+07,1.526474e+15,4.017404e+08,2.436786e+07,6.141490e+14,-2.481414e+14,7.955472e+14,6.426928e+07,2.874647e+15,1.013693e+09,1.013109e+08,-2.853897e+16,-5.041205e+15,-2.101662e+16,2.519994e+07,2.104965e+14,4.179478e+07,9.470056e+05,-5.654175e+12,-5.948976e+12,-1.364093e+12,0,45
7.974045e+07,1.685668e+15,8.106121e+08,4.682278e+07,-8.550133e+15,-1.878292e+15,-8.067874e+15,6.569428e+07,3.076584e+15,1.141161e+09,1.175708e+08,-4.154509e+16,-6.392696e+15,-3.583138e+16,2.468797e+07,1.974812e+14,3.625879e+07,7.527143e+05,-7.761431e+11,3.025585e+12,-3.335781e+12,1,70
9.093867e+07,2.256278e+15,3.550805e+08,1.317345e+07,7.041750e+13,-2.315727e+14,1.689491e+14,7.492210e+07,4.067809e+15,1.071095e+09,1.121908e+08,-3.809323e+16,-7.076924e+15,-3.032271e+16,2.742237e+07,2.671279e+14,4.956089e+07,7.984301e+05,3.770241e+12,1.259349e+13,-3.304035e+12,1,99
9.627159e+07,2.229001e+15,5.061199e+08,1.806953e+07,-1.488315e+15,-7.990215e+14,-1.451593e+15,7.770383e+07,4.344169e+15,1.039435e+09,1.155758e+08,-3.818690e+16,-7.403724e+15,-3.658566e+16,3.052256e+07,3.567299e+14,4.603613e+07,1.117404e+06,7.114941e+12,2.073624e+13,-3.890480e+12,2,98
6.863307e+07,9.848895e+14,2.129815e+08,8.702961e+06,-3.724856e+14,-2.727343e+14,-3.195169e+14,5.690166e+07,1.857283e+15,9.471741e+08,7.836929e+07,-2.115522e+16,-3.363692e+15,-1.947677e+16,2.560233e+07,1.442271e+14,5.942017e+07,1.199004e+06,8.681769e+12,-1.106492e+12,-4.033982e+12,0,19
7.749816e+07,1.425519e+15,5.296977e+08,1.948083e+07,-3.133832e+14,-4.209964e+14,-9.234647e+13,6.275199e+07,2.819006e+15,1.097828e+09,1.125728e+08,-3.944904e+16,-5.966319e+15,-2.951682e+16,2.504457e+07,2.183095e+14,5.609423e+07,1.831658e+06,1.633694e+13,2.496602e+13,1.384728e+13,3,69
7.711436e+07,1.345545e+15,3.608789e+08,9.866186e+06,-4.568247e+14,-3.179973e+14,-3.592308e+14,6.318737e+07,2.567390e+15,1.084256e+09,1.031107e+08,-3.442276e+16,-5.219551e+15,-3.064319e+16,2.652898e+07,1.965899e+14,5.869980e+07,1.431319e+06,-1.204189e+13,-3.636090e+12,-4.039126e+12,0,24
7.807559e+07,1.588274e+15,7.640699e+08,4.813749e+07,-7.205841e+15,-1.720019e+15,-6.532746e+15,6.439013e+07,2.912502e+15,1.119450e+09,1.130414e+08,-3.972335e+16,-6.064067e+15,-3.215960e+16,2.455025e+07,1.874694e+14,3.565314e+07,6.487642e+05,-2.604793e+12,-2.339998e+12,-1.093953e+12,3,70
8.759900e+07,1.873120e+15,7.156701e+08,2.600965e+07,-1.750487e+15,-8.476544e+14,-1.500258e+15,7.032130e+07,3.711321e+15,1.159828e+09,1.280280e+08,-4.930060e+16,-7.796677e+15,-4.038339e+16,2.705056e+07,2.988379e+14,4.882573e+07,3.330524e+06,4.246679e+13,5.756311e+13,-3.124423e+12,2,100
8.345697e+07,1.587898e+15,6.195747e+08,2.381785e+07,1.108783e+14,-4.172493e+14,3.986370e+14,6.726157e+07,3.234652e+15,1.157545e+09,1.243013e+08,-4.712140e+16,-7.066699e+15,-3.301923e+16,2.744078e+07,2.625742e+14,5.565271e+07,2.762457e+06,3.414924e+13,4.475824e+13,8.717669e+11,3,103
7.088178e+07,1.052634e+15,3.246973e+08,8.696755e+06,-1.281075e+14,-1.722564e+14,-4.913479e+13,5.722000e+07,2.154386e+15,1.026615e+09,9.936016e+07,-3.166134e+16,-4.606629e+15,-2.538930e+16,2.481307e+07,1.867507e+14,5.923363e+07,6.569613e+05,2.173219e+12,7.558779e+12,-3.548163e+12,0,93
7.566479e+07,1.348176e+15,5.067349e+08,3.031761e+07,2.198502e+15,-2.986038e+13,2.166720e+15,6.143981e+07,2.685026e+15,1.049814e+09,1.081372e+08,-3.529956e+16,-5.500468e+15,-1.945640e+16,2.476413e+07,2.023503e+14,4.903028e+07,1.417492e+06,1.121434e+13,1.956760e+13,-4.031771e+12,3,71
6.395346e+07,1.007076e+15,3.334579e+08,1.101380e+07,-6.666537e+14,-3.494783e+14,-6.117016e+14,5.280232e+07,1.857016e+15,9.671744e+08,9.766192e+07,-2.826854e+16,-4.076995e+15,-2.553297e+16,2.108775e+07,1.244683e+14,4.598756e+07,3.335350e+05,-1.791759e+11,1.791816e+12,-1.376953e+12,3,53
6.056915e+07,8.051665e+14,3.530618e+08,2.493911e+07,-1.865708e+15,-6.490268e+14,-1.734427e+15,5.100509e+07,1.452787e+15,8.395559e+08,5.412123e+07,-1.134828e+16,-2.046873e+15,-9.659926e+15,2.266326e+07,1.118526e+14,4.665963e+07,3.891106e+06,5.232746e+13,-9.968389e+12,1.468413e+13,3,54
8.858158e+07,1.950169e+15,6.906668e+08,2.375213e+07,-6.709537e+14,-6.381112e+14,-4.902291e+14,7.135278e+07,3.805048e+15,1.175191e+09,1.293092e+08,-5.026010e+16,-7.964139e+15,-4.089193e+16,2.719802e+07,2.969686e+14,5.205372e+07,3.983608e+06,5.724160e+13,6.853682e+13,-6.381042e+12,3,100
6.829289e+07,1.068911e+15,4.626969e+08,1.965103e+07,-1.214088e+15,-5.390899e+14,-9.708682e+14,5.511947e+07,2.117077e+15,8.976968e+08,8.482846e+07,-2.337540e+16,-3.900460e+15,-1.936967e+16,2.249284e+07,1.742407e+14,4.173694e+07,1.283300e+06,-6.731961e+12,2.420453e+11,-5.754318e+12,0,77
7.389997e+07,1.214810e+15,4.283780e+08,1.907081e+07,-3.375390e+14,-3.942808e+14,-1.064442e+14,5.977979e+07,2.424457e+15,9.977074e+08,1.073872e+08,-3.497156e+16,-5.272539e+15,-2.682250e+16,2.499670e+07,1.994232e+14,4.588269e+07,5.981458e+05,2.665992e+12,7.807644e+12,-1.690233e+12,2,48
8.851368e+07,2.140183e+15,6.871830e+08,3.232862e+07,-3.498617e+15,-1.281307e+15,-3.127830e+15,7.178818e+07,4.021849e+15,1.127690e+09,1.297731e+08,-4.951330e+16,-8.213276e+15,-4.141977e+16,2.552607e+07,2.829400e+14,3.256479e+07,1.878028e+06,1.442861e+13,3.135717e+13,2.709595e+11,3,74
7.513932e+07,1.283725e+15,5.015000e+08,2.226664e+07,1.843604e+14,-3.328687e+14,4.248224e+14,6.061335e+07,2.582040e+15,1.036913e+09,1.028498e+08,-3.327352e+16,-5.199120e+15,-2.353983e+16,2.482579e+07,2.112693e+14,5.711993e+07,1.003680e+06,5.459878e+12,1.275842e+13,-5.232597e+12,0,41
8.447731e+07,1.747857e+15,4.608828e+08,1.413918e+07,-1.123477e+15,-5.867047e+14,-1.090965e+15,6.849223e+07,3.360620e+15,1.254400e+09,1.412666e+08,-5.792522e+16,-8.064214e+15,-5.368425e+16,2.668787e+07,2.720519e+14,5.203618e+07,1.128176e+06,7.079540e+12,1.796645e+13,-4.991944e+12,3,84
7.696364e+07,1.362662e+15,4.333801e+08,2.896172e+07,2.853255e+15,3.091056e+14,2.242193e+15,6.324199e+07,2.615565e+15,1.127276e+09,1.057507e+08,-3.231094e+16,-5.020687e+15,-1.620215e+16,2.642295e+07,1.999485e+14,6.193064e+07,1.226060e+06,8.892519e+12,1.532232e+13,-4.555407e+12,0,7
7.731138e+07,1.200041e+15,3.556305e+08,1.855322e+07,1.495816e+15,3.572279e+14,1.046201e+15,6.231344e+07,2.571258e+15,1.107033e+09,1.171826e+08,-4.116674e+16,-5.869182e+15,-2.273537e+16,2.768782e+07,2.271672e+14,7.112042e+07,1.762656e+06,1.548975e+13,2.207129e+13,1.413149e+13,2,65
7.537309e+07,1.341051e+15,4.683212e+08,1.807252e+07,-9.044209e+14,-5.064328e+14,-6.891749e+14,6.145312e+07,2.559487e+15,1.047714e+09,1.030909e+08,-3.341077e+16,-5.166256e+15,-2.854623e+16,2.484756e+07,1.938790e+14,5.194212e+07,9.364648e+05,-1.410683e+12,5.352898e+12,-6.610251e+12,0,5
1.026540e+08,2.965085e+15,7.824858e+08,4.988436e+07,-3.371522e+15,-1.729988e+15,-1.704641e+15,8.331926e+07,5.609868e+15,1.049095e+09,1.161542e+08,-4.013681e+16,-8.652484e+15,-2.556507e+16,2.889071e+07,3.759026e+14,2.687323e+07,1.380677e+06,7.156984e+12,2.456481e+13,3.829969e+12,2,49
