3.954589e+03,1.151394e+06,3.247623e+07,5.508980e+03,4.748116e+06,4.857012e+07,7.198790e+03,1.168676e+07,2.403100e+08,8.370596e+03,1.699652e+07,1.245245e+09,3,72,N,N
2.523889e+03,6.119874e+05,1.563387e+07,4.574536e+03,2.724667e+06,2.438170e+07,5.935020e+03,6.869492e+06,1.052403e+08,5.702044e+03,7.690596e+06,6.455572e+08,3,93,N,N
2.799645e+03,6.332540e+05,1.376364e+07,4.163687e+03,2.597004e+06,1.149383e+07,4.711033e+03,5.377389e+06,6.634113e+07,5.529428e+03,7.312706e+06,4.079320e+08,0,26,N,N
1.344557e+03,2.241415e+05,7.540845e+06,3.402281e+03,1.856417e+06,1.746912e+07,4.189705e+03,4.010483e+06,4.637731e+07,5.055536e+03,6.055787e+06,4.357519e+08,3,96,N,N
2.239064e+03,3.880890e+05,8.401754e+06,4.297941e+03,2.309423e+06,2.337640e+07,3.613354e+03,3.219762e+06,3.943899e+07,4.769286e+03,5.156043e+06,4.366404e+08,1,55,N,N
2.446496e+03,5.234950e+05,9.141791e+06,3.263093e+03,1.934499e+06,1.360902e+07,3.340374e+03,2.802376e+06,4.191478e+07,4.486059e+03,4.715878e+06,4.033178e+08,3,90,N,N
2.703708e+03,4.715903e+05,1.814970e+07,3.665517e+03,2.495648e+06,2.448398e+07,5.615035e+03,6.875004e+06,1.106556e+08,5.986942e+03,8.898031e+06,5.826908e+08,1,5,N,N
1.582777e+03,3.781268e+05,1.129338e+07,3.659605e+03,2.766239e+06,3.010905e+07,5.078052e+03,6.240879e+06,1.067540e+08,6.280480e+03,9.348716e+06,5.843976e+08,0,27,N,N
2.755005e+03,4.027305e+05,7.508842e+06,3.608653e+03,1.968792e+06,1.093810e+07,4.012720e+03,3.947809e+06,4.248159e+07,4.765206e+03,5.001175e+06,2.821317e+08,0,28,N,N
1.720377e+03,3.268220e+05,9.247786e+06,3.645427e+03,2.560873e+06,3.079229e+07,4.681908e+03,5.189872e+06,7.863219e+07,5.549593e+03,6.961062e+06,7.054341e+08,0,67,N,N
2.575353e+03,3.822215e+05,1.365940e+07,3.927388e+03,2.088964e+06,1.734116e+07,4.138008e+03,4.081602e+06,4.198662e+07,5.251222e+03,6.437441e+06,5.015408e+08,3,91,N,N
1.395896e+03,3.062867e+05,1.008562e+07,3.271173e+03,2.154322e+06,2.849764e+07,4.322371e+03,4.369949e+06,7.142699e+07,6.316252e+03,1.023242e+07,8.745142e+08,0,16,N,N
2.483234e+03,4.482152e+05,1.213584e+07,3.789695e+03,2.587354e+06,2.667657e+07,4.266778e+03,4.570626e+06,5.556778e+07,5.891771e+03,6.811310e+06,5.150807e+08,3,99,N,N
2.727199e+03,5.056874e+05,1.295198e+07,4.630821e+03,2.531171e+06,2.409006e+07,4.395756e+03,4.596160e+06,8.103353e+07,5.005979e+03,5.889363e+06,4.556291e+08,3,78,N,N
9.931584e+02,1.352624e+05,4.352871e+06,3.281736e+03,1.483317e+06,9.830781e+06,3.479188e+03,2.983382e+06,2.523877e+07,4.446211e+03,4.327298e+06,2.244253e+08,2,102,N,N
1.480316e+03,2.906697e+05,9.566500e+06,3.409143e+03,2.058372e+06,2.091874e+07,4.911384e+03,5.248213e+06,7.770632e+07,5.644888e+03,7.733100e+06,5.454490e+08,0,22,N,N
3.015858e+03,5.077090e+05,9.391695e+06,3.949110e+03,2.378531e+06,1.677261e+07,3.981209e+03,3.965340e+06,4.842515e+07,4.959168e+03,5.237780e+06,3.187966e+08,1,84,N,N
2.098210e+03,2.571729e+05,5.507214e+06,2.960045e+03,1.444130e+06,1.131472e+07,3.954765e+03,3.495711e+06,3.651310e+07,4.735001e+03,5.626171e+06,4.425481e+08,2,82,N,N
1.506235e+03,2.491303e+05,7.988020e+06,3.441634e+03,1.903608e+06,1.144431e+07,4.383747e+03,4.463140e+06,3.801586e+07,5.140228e+03,5.997272e+06,3.955180e+08,3,68,N,N
2.278113e+03,3.437756e+05,7.548179e+06,3.354516e+03,1.758367e+06,1.566304e+07,3.430668e+03,2.932388e+06,3.658025e+07,4.606592e+03,4.697603e+06,2.661586e+08,3,80,N,N
2.661940e+03,4.085250e+05,9.968202e+06,4.299623e+03,2.182844e+06,2.117825e+07,3.848649e+03,3.613525e+06,4.083016e+07,4.930044e+03,5.601372e+06,3.742708e+08,1,10,N,N
2.523003e+03,4.194346e+05,6.876640e+06,3.809396e+03,2.205113e+06,2.149167e+07,3.554191e+03,3.181942e+06,4.717417e+07,4.849273e+03,4.923996e+06,3.844629e+08,0,56,N,N
1.061978e+03,2.274567e+05,5.314973e+06,2.860152e+03,1.738503e+06,1.177755e+07,4.159947e+03,4.146887e+06,4.642557e+07,5.267512e+03,6.641787e+06,3.194643e+08,1,86,N,N
1.509265e+03,3.354929e+05,6.469948e+06,3.146510e+03,2.048742e+06,2.129104e+07,4.105579e+03,3.982182e+06,6.012112e+07,5.226681e+03,6.707888e+06,4.796286e+08,1,73,N,N
2.533283e+03,3.370797e+05,1.100836e+07,3.697977e+03,2.032912e+06,1.237217e+07,3.886829e+03,3.786311e+06,3.881819e+07,5.239512e+03,5.600402e+06,2.805186e+08,1,40,N,N
2.093401e+03,6.353037e+05,1.764082e+07,3.687118e+03,2.785728e+06,2.243223e+07,4.540441e+03,5.141040e+06,8.424863e+07,5.557233e+03,6.852449e+06,6.884187e+08,2,76,N,N
1.732889e+03,5.290128e+05,9.596540e+06,3.213661e+03,2.357548e+06,2.292936e+07,4.074932e+03,4.138947e+06,5.750873e+07,5.111461e+03,5.493677e+06,4.667354e+08,0,76,N,N
1.881868e+03,2.761022e+05,7.851150e+06,2.590475e+03,1.281305e+06,9.900334e+06,3.101206e+03,2.401524e+06,3.162521e+07,4.074371e+03,3.449679e+06,2.215873e+08,2,53,N,N
2.388801e+03,5.088470e+05,9.244649e+06,3.674537e+03,2.093475e+06,1.898263e+07,3.359199e+03,2.831686e+06,3.873211e+07,4.532832e+03,3.739518e+06,2.981735e+08,1,65,N,N
2.278917e+03,5.195553e+05,2.444602e+07,4.036006e+03,2.544508e+06,2.540676e+07,5.568883e+03,6.742786e+06,1.210658e+08,6.462538e+03,1.064080e+07,1.404001e+09,0,32,N,N
2.718063e+03,5.564722e+05,1.298941e+07,3.841645e+03,2.549172e+06,2.812495e+07,4.869657e+03,5.453790e+06,6.875781e+07,5.904351e+03,8.071368e+06,6.747217e+08,3,98,N,N
2.311214e+03,3.231131e+05,9.378370e+06,3.638519e+03,1.887847e+06,2.335081e+07,3.868643e+03,3.567022e+06,3.923348e+07,4.983921e+03,5.728671e+06,4.074805e+08,0,10,N,N
3.153681e+03,5.746331e+05,1.163782e+07,4.137522e+03,2.969311e+06,2.783000e+07,4.324811e+03,4.694867e+06,6.159210e+07,6.129368e+03,7.851238e+06,6.109069e+08,2,99,N,N
2.126049e+03,6.527340e+05,2.022748e+07,3.717926e+03,2.606417e+06,1.890295e+07,4.291001e+03,4.586988e+06,8.277551e+07,5.454303e+03,6.539027e+06,6.361866e+08,3,61,N,N
2.305542e+03,3.350351e+05,4.444810e+06,3.016619e+03,1.696151e+06,1.022128e+07,3.413552e+03,2.934504e+06,3.835120e+07,4.609984e+03,4.338317e+06,2.619445e+08,3,95,N,N
2.237600e+03,3.869635e+05,8.797449e+06,4.206878e+03,2.250829e+06,2.095466e+07,3.431831e+03,2.916909e+06,3.256168e+07,4.560615e+03,4.616841e+06,3.237245e+08,0,55,N,N
2.818776e+03,6.790865e+05,2.568354e+07,4.314382e+03,2.733437e+06,2.303468e+07,4.824015e+03,5.736895e+06,1.133916e+08,5.770807e+03,7.836122e+06,6.631847e+08,2,66,N,N
1.765029e+03,3.114302e+05,8.818322e+06,3.504125e+03,1.984233e+06,2.335938e+07,4.131348e+03,4.067253e+06,5.275303e+07,5.346202e+03,6.901371e+06,5.343299e+08,3,56,N,N
2.623616e+03,5.957369e+05,1.268578e+07,3.757810e+03,2.477019e+06,1.592716e+07,4.236024e+03,4.475231e+06,6.108499e+07,5.105903e+03,6.089619e+06,3.629321e+08,2,84,N,N
2.259284e+03,3.339215e+05,9.492856e+06,3.463957e+03,1.976460e+06,1.611798e+07,3.641452e+03,3.332717e+06,4.966313e+07,5.060828e+03,4.991392e+06,4.629892e+08,2,92,N,N
2.860038e+03,4.126418e+05,8.360611e+06,3.566099e+03,1.802638e+06,8.990251e+06,3.697370e+03,3.370697e+06,3.368963e+07,4.533388e+03,4.684793e+06,2.856128e+08,2,62,N,N
2.457989e+03,3.815913e+05,9.928867e+06,3.165379e+03,1.672569e+06,7.553454e+06,4.464209e+03,4.580067e+06,5.559109e+07,5.000709e+03,5.890123e+06,3.587308e+08,0,83,N,N
2.476879e+03,5.834909e+05,1.843941e+07,3.966245e+03,2.465662e+06,1.456558e+07,4.966017e+03,5.874609e+06,1.021374e+08,5.786123e+03,8.287706e+06,5.560924e+08,1,57,N,N
1.812386e+03,4.369531e+05,1.341706e+07,3.025234e+03,1.893664e+06,2.144054e+07,3.771099e+03,3.471482e+06,4.726389e+07,4.708807e+03,4.870959e+06,3.270395e+08,3,59,N,N
2.588992e+03,5.261389e+05,1.217373e+07,4.331231e+03,2.377160e+06,1.337711e+07,4.213238e+03,4.090736e+06,4.893877e+07,4.851124e+03,5.719410e+06,3.837922e+08,0,11,N,N
2.595042e+03,3.310964e+05,4.028721e+06,3.485265e+03,1.692125e+06,9.189055e+06,3.284719e+03,2.665048e+06,2.545927e+07,4.076186e+03,3.485771e+06,1.680857e+08,0,13,N,N
1.686272e+03,2.976984e+05,9.246538e+06,3.905074e+03,2.083539e+06,2.430775e+07,4.323674e+03,4.027619e+06,5.134677e+07,5.322356e+03,7.003332e+06,6.140887e+08,1,64,N,N
1.716593e+03,3.115610e+05,7.667733e+06,3.784856e+03,2.430351e+06,3.302678e+07,4.527656e+03,4.718435e+06,6.126779e+07,5.694899e+03,7.730759e+06,6.269353e+08,1,35,N,N
2.966531e+03,5.225785e+05,1.801754e+07,4.001129e+03,2.613088e+06,1.906815e+07,5.570517e+03,6.627423e+06,7.830686e+07,6.144235e+03,9.100117e+06,5.112411e+08,0,8,N,N
1.099246e+03,2.419847e+05,5.929951e+06,2.978393e+03,1.825694e+06,1.169646e+07,4.281421e+03,4.351793e+06,4.891685e+07,5.297239e+03,6.757762e+06,3.390491e+08,0,86,N,N
2.316293e+03,3.743468e+05,7.478143e+06,2.711866e+03,1.399335e+06,6.560611e+06,3.493109e+03,2.957056e+06,2.804154e+07,4.361375e+03,4.619126e+06,2.415012e+08,1,63,N,N
3.208269e+03,6.353488e+05,1.736336e+07,4.866430e+03,2.986385e+06,2.574962e+07,4.634275e+03,5.136368e+06,6.785494e+07,6.007853e+03,8.844369e+06,6.738870e+08,2,51,N,N
2.181087e+03,3.246875e+05,7.331738e+06,2.906896e+03,1.532933e+06,1.128956e+07,3.285163e+03,2.599587e+06,2.909877e+07,4.123469e+03,3.849641e+06,3.080624e+08,3,48,N,N
2.681581e+03,4.129437e+05,8.182418e+06,3.784886e+03,1.849129e+06,1.052561e+07,3.856262e+03,3.532199e+06,3.236835e+07,4.572927e+03,4.827037e+06,2.947543e+08,0,14,N,N
2.138202e+03,4.599146e+05,2.138273e+07,4.124580e+03,2.146344e+06,1.635366e+07,5.150285e+03,5.245313e+06,5.147573e+07,5.801799e+03,8.476361e+06,4.326241e+08,1,54,N,N
2.469298e+03,4.093651e+05,9.705660e+06,4.377983e+03,2.242696e+06,1.417853e+07,3.881092e+03,3.553632e+06,3.557665e+07,4.823937e+03,5.697785e+06,4.281587e+08,1,52,N,N
2.323326e+03,3.768240e+05,7.612747e+06,2.802420e+03,1.451360e+06,6.795580e+06,3.457247e+03,2.883876e+06,2.628225e+07,4.262040e+03,4.348962e+06,2.565373e+08,0,63,N,N
2.814029e+03,4.735638e+05,6.758823e+06,4.148033e+03,2.502571e+06,1.620736e+07,3.830340e+03,3.611348e+06,3.064909e+07,5.043278e+03,6.009676e+06,3.247316e+08,3,101,N,N
2.162858e+03,3.158099e+05,1.153128e+07,4.069949e+03,1.966480e+06,1.669938e+07,4.169555e+03,3.986505e+06,3.518402e+07,5.101816e+03,6.192611e+06,3.879900e+08,2,91,N,N
2.525089e+03,6.171492e+05,9.712128e+06,3.739061e+03,2.272396e+06,1.427335e+07,5.248804e+03,5.977994e+06,7.273694e+07,5.916152e+03,8.698876e+06,5.801118e+08,3,49,N,N
1.679743e+03,2.384994e+05,8.057400e+06,3.393032e+03,1.567437e+06,1.034060e+07,3.597525e+03,3.198232e+06,3.141088e+07,4.545604e+03,4.627215e+06,2.556979e+08,0,102,N,N
2.308635e+03,3.506806e+05,9.702923e+06,3.366064e+03,1.904648e+06,1.406790e+07,3.770117e+03,3.574156e+06,4.059301e+07,5.215855e+03,6.074908e+06,4.178659e+08,1,0,N,N
1.263065e+03,2.354539e+05,8.207938e+06,4.343435e+03,2.050628e+06,2.127280e+07,4.343441e+03,4.407948e+06,7.422890e+07,5.309435e+03,6.551358e+06,6.443834e+08,0,36,N,N
2.493088e+03,2.731284e+05,4.596834e+06,3.573183e+03,1.687336e+06,8.716056e+06,3.296544e+03,2.679034e+06,1.947720e+07,4.226733e+03,4.007073e+06,1.843798e+08,0,18,N,N
1.805276e+03,3.151897e+05,8.213721e+06,3.758955e+03,2.007763e+06,2.454368e+07,3.680745e+03,3.263137e+06,4.729128e+07,5.132960e+03,5.992171e+06,5.788156e+08,2,97,N,N
1.668994e+03,4.238767e+05,1.862244e+07,3.129247e+03,2.054376e+06,2.069082e+07,4.439396e+03,4.673197e+06,6.453040e+07,6.466991e+03,1.052211e+07,7.882701e+08,2,79,N,N
3.611904e+03,7.501427e+05,1.628950e+07,4.293562e+03,2.904925e+06,2.020040e+07,4.916559e+03,6.075578e+06,1.191273e+08,6.567790e+03,1.067190e+07,8.075692e+08,3,79,N,N
1.861972e+03,3.583976e+05,8.641550e+06,3.118492e+03,1.848415e+06,1.034337e+07,4.338676e+03,4.439199e+06,4.617002e+07,5.212211e+03,6.115683e+06,2.759374e+08,3,86,N,N
1.977853e+03,4.973905e+05,1.926196e+07,4.331793e+03,2.565223e+06,2.648408e+07,4.589645e+03,4.960324e+06,8.731353e+07,5.314125e+03,6.626556e+06,5.579724e+08,1,94,N,N
2.140546e+03,2.946988e+05,6.697462e+06,3.072430e+03,1.542135e+06,9.922624e+06,3.414944e+03,2.779754e+06,2.830919e+07,4.192559e+03,4.086911e+06,2.917701e+08,1,48,N,N
3.072932e+03,6.866019e+05,1.492781e+07,3.795732e+03,2.653949e+06,2.932972e+07,5.024329e+03,5.815929e+06,7.649058e+07,6.236502e+03,9.260756e+06,8.807888e+08,0,98,N,N
2.113559e+03,6.726450e+05,2.110392e+07,3.595543e+03,2.559049e+06,1.805849e+07,4.547838e+03,5.165497e+06,1.088164e+08,5.670107e+03,7.412033e+06,7.029902e+08,1,61,N,N
1.334698e+03,2.118898e+05,6.645582e+06,3.187566e+03,1.715874e+06,1.493858e+07,4.055723e+03,3.746832e+06,3.690222e+07,4.848992e+03,5.440139e+06,3.641312e+08,0,96,N,N
2.452992e+03,5.901048e+05,2.356068e+07,4.004188e+03,2.320915e+06,1.685146e+07,4.588858e+03,5.184390e+06,8.090455e+07,5.680895e+03,7.530761e+06,5.030276e+08,2,37,N,N
2.950471e+03,4.778186e+05,9.268791e+06,3.861428e+03,2.289653e+06,1.549848e+07,4.190901e+03,4.389123e+06,5.736133e+07,5.223303e+03,5.920284e+06,4.025636e+08,0,84,N,N
2.816708e+03,3.883312e+05,1.046673e+07,4.339682e+03,2.183042e+06,2.182899e+07,3.672814e+03,3.328256e+06,4.906982e+07,4.746924e+03,5.068790e+06,3.298710e+08,0,97,N,N
1.011192e+03,1.591759e+05,4.026146e+06,2.703050e+03,1.458824e+06,8.189303e+06,3.826801e+03,3.557387e+06,3.454031e+07,4.872045e+03,5.471383e+06,3.173718e+08,0,74,N,N
2.652155e+03,3.316509e+05,7.834531e+06,3.811763e+03,2.209227e+06,1.435493e+07,4.472109e+03,4.672702e+06,3.933152e+07,5.397913e+03,6.772424e+06,4.353999e+08,1,104,N,N
2.167266e+03,4.318056e+05,9.030081e+06,2.973973e+03,1.527670e+06,6.657814e+06,3.050791e+03,2.339053e+06,1.905218e+07,4.203488e+03,3.578355e+06,1.480808e+08,1,88,N,N
3.107238e+03,5.006941e+05,6.815078e+06,3.864266e+03,2.222665e+06,1.924393e+07,3.530854e+03,3.139192e+06,4.611501e+07,4.674053e+03,4.578991e+06,3.509933e+08,0,80,N,N
2.912190e+03,6.079888e+05,1.630383e+07,4.755341e+03,3.072914e+06,2.537577e+07,5.121731e+03,6.229340e+06,1.088908e+08,5.689098e+03,7.310552e+06,7.801625e+08,0,34,N,N
1.179012e+03,1.785512e+05,5.274614e+06,3.020913e+03,1.540785e+06,1.364216e+07,3.612222e+03,3.184330e+06,3.119766e+07,4.800273e+03,4.893920e+06,3.019183e+08,1,92,N,N
1.407303e+03,2.555659e+05,6.203313e+06,3.101662e+03,1.912368e+06,1.993561e+07,3.927172e+03,3.700683e+06,4.634433e+07,4.757501e+03,5.293003e+06,4.397800e+08,0,25,N,N
2.647246e+03,4.471524e+05,8.616529e+06,3.565708e+03,2.212682e+06,1.855535e+07,4.247623e+03,4.460372e+06,5.947739e+07,5.462275e+03,6.475285e+06,4.571465e+08,0,70,N,N
2.810280e+03,4.944687e+05,1.517296e+07,3.709300e+03,2.244806e+06,1.488719e+07,5.151410e+03,6.080137e+06,8.192587e+07,6.000290e+03,8.937770e+06,6.923329e+08,0,3,N,N
1.827597e+03,4.111215e+05,1.620203e+07,3.769146e+03,1.842719e+06,1.318166e+07,3.745978e+03,3.489223e+06,4.150596e+07,4.734411e+03,4.750728e+06,2.776771e+08,0,59,N,N
1.475875e+03,3.109685e+05,1.059266e+07,3.518227e+03,2.234871e+06,2.589677e+07,4.834590e+03,5.449613e+06,8.474855e+07,5.959976e+03,7.928357e+06,7.399344e+08,2,81,N,N
2.205251e+03,6.526865e+05,2.031985e+07,3.690278e+03,2.559104e+06,1.877857e+07,4.405677e+03,4.871006e+06,9.405330e+07,5.513939e+03,6.628851e+06,5.922372e+08,2,61,N,N
1.728621e+03,2.829041e+05,8.941514e+06,3.968287e+03,2.169713e+06,2.433641e+07,4.038479e+03,3.890766e+06,5.497278e+07,5.164400e+03,6.265184e+06,6.910829e+08,2,64,N,N
2.287825e+03,3.539679e+05,4.318809e+06,2.948671e+03,1.666628e+06,9.854517e+06,3.434969e+03,2.961944e+06,3.573656e+07,4.541916e+03,4.478365e+06,2.355145e+08,0,95,N,N
1.344702e+03,2.191557e+05,6.438171e+06,3.132909e+03,1.836859e+06,1.554423e+07,4.271156e+03,4.383662e+06,4.699950e+07,5.561885e+03,7.143123e+06,5.043799e+08,0,0,N,N
2.421321e+03,6.089462e+05,1.011496e+07,3.256612e+03,2.000689e+06,1.145572e+07,4.889006e+03,5.467822e+06,6.476433e+07,5.878359e+03,8.661945e+06,5.269791e+08,1,49,N,N
2.113146e+03,4.368739e+05,1.103326e+07,3.456259e+03,1.950259e+06,1.046565e+07,3.693514e+03,3.362851e+06,3.571396e+07,4.597947e+03,4.806262e+06,3.179505e+08,3,62,N,N
1.820374e+03,2.341654e+05,7.044119e+06,3.085025e+03,1.384731e+06,9.191836e+06,3.346464e+03,2.782583e+06,3.581657e+07,4.221703e+03,3.778544e+06,2.410998e+08,0,53,N,N
1.713394e+03,3.234554e+05,1.092576e+07,4.487120e+03,2.892663e+06,3.223617e+07,4.721312e+03,5.270125e+06,6.503904e+07,6.048156e+03,8.499794e+06,6.216117e+08,1,33,N,N
1.547943e+03,3.008846e+05,7.594228e+06,3.093572e+03,1.926003e+06,1.087474e+07,4.265667e+03,4.436827e+06,4.475079e+07,5.759476e+03,7.696480e+06,4.643203e+08,0,79,N,N
2.227190e+03,4.631733e+05,1.259995e+07,3.784564e+03,2.488784e+06,2.078519e+07,3.739588e+03,3.501278e+06,4.558129e+07,5.014934e+03,5.451037e+06,3.809458e+08,0,92,N,N
2.320413e+03,2.793498e+05,5.470845e+06,3.216197e+03,1.573855e+06,1.195259e+07,4.144169e+03,3.770297e+06,4.180185e+07,4.772671e+03,5.649544e+06,5.754293e+08,1,82,N,N
2.364817e+03,5.718166e+05,1.035107e+07,2.901089e+03,1.735869e+06,1.592416e+07,3.331500e+03,2.720075e+06,3.668950e+07,4.271255e+03,4.267495e+06,3.669222e+08,1,90,N,N
1.937631e+03,2.635102e+05,5.984764e+06,2.765258e+03,1.251140e+06,9.684864e+06,2.812080e+03,1.950359e+06,1.914845e+07,3.773615e+03,3.313398e+06,2.347343e+08,2,58,N,N
2.116503e+03,5.620098e+05,1.980091e+07,3.815430e+03,2.671123e+06,2.258331e+07,3.730363e+03,3.439284e+06,3.774184e+07,5.206441e+03,6.036607e+06,3.539115e+08,0,39,N,N
1.465079e+03,2.611728e+05,8.436395e+06,3.265472e+03,1.884954e+06,1.252309e+07,4.521968e+03,4.534612e+06,3.715569e+07,5.435006e+03,7.331633e+06,3.931331e+08,2,68,N,N
2.449042e+03,3.984510e+05,1.034639e+07,3.818814e+03,2.025921e+06,1.426010e+07,4.069016e+03,4.064450e+06,5.738829e+07,5.055071e+03,6.022388e+06,5.384404e+08,2,71,N,N
2.699168e+03,7.448589e+05,2.894853e+07,4.471356e+03,3.145298e+06,3.345271e+07,6.269204e+03,7.979147e+06,1.432420e+08,6.760617e+03,1.168532e+07,1.087267e+09,0,17,N,N
1.336193e+03,2.361407e+05,7.577954e+06,3.329985e+03,1.850660e+06,1.836355e+07,4.339533e+03,4.158782e+06,4.912495e+07,5.168372e+03,6.537120e+06,5.325854e+08,1,96,N,N
1.316710e+03,2.283850e+05,8.393631e+06,3.219901e+03,1.679073e+06,1.244907e+07,3.991290e+03,3.774138e+06,3.204055e+07,4.967062e+03,5.453077e+06,3.583552e+08,3,77,N,N
2.378941e+03,6.107197e+05,2.470393e+07,4.458849e+03,2.633734e+06,2.722815e+07,4.641072e+03,5.293384e+06,1.072149e+08,5.624624e+03,7.230220e+06,7.444083e+08,2,75,N,N
2.340778e+03,3.926341e+05,7.854602e+06,2.774040e+03,1.421542e+06,7.059203e+06,3.522399e+03,2.989665e+06,2.977037e+07,4.298309e+03,4.381958e+06,3.127941e+08,3,63,N,N
2.254653e+03,4.186254e+05,1.401804e+07,4.074117e+03,2.848374e+06,3.665559e+07,4.962725e+03,5.718560e+06,8.650198e+07,5.792527e+03,7.245666e+06,7.681097e+08,2,67,N,N
1.832188e+03,2.671704e+05,6.647830e+06,4.276041e+03,2.032939e+06,2.353420e+07,3.602694e+03,3.124778e+06,4.183177e+07,4.862477e+03,5.464518e+06,3.694614e+08,3,97,N,N
1.459660e+03,3.069582e+05,5.888931e+06,3.377267e+03,2.191868e+06,2.169868e+07,4.033206e+03,3.933114e+06,5.856494e+07,5.107689e+03,5.407428e+06,4.549623e+08,0,73,N,N
2.023005e+03,4.984377e+05,2.013268e+07,4.508453e+03,2.592878e+06,2.596173e+07,4.609996e+03,5.018440e+06,9.052398e+07,5.426278e+03,7.161696e+06,5.904630e+08,2,94,N,N
1.436246e+03,3.024153e+05,9.542073e+06,3.947869e+03,2.488159e+06,2.806036e+07,4.682874e+03,4.962975e+06,7.480476e+07,5.869678e+03,8.445768e+06,8.404280e+08,1,87,N,N
1.859173e+03,3.161350e+05,6.477595e+06,2.391643e+03,1.233388e+06,7.198692e+06,3.495250e+03,2.875027e+06,2.771846e+07,4.315544e+03,4.601138e+06,2.259853e+08,0,15,N,N
1.991801e+03,3.480729e+05,1.533712e+07,4.158914e+03,2.058875e+06,2.520724e+07,5.130943e+03,5.029370e+06,6.559692e+07,5.557223e+03,7.860253e+06,6.095203e+08,0,38,N,N
3.903810e+03,1.211029e+06,3.848010e+07,5.606538e+03,5.295076e+06,6.847824e+07,7.925167e+03,1.375469e+07,3.604549e+08,9.486357e+03,2.267914e+07,2.063826e+09,2,72,N,N
2.111338e+03,2.857543e+05,6.337157e+06,3.032954e+03,1.511997e+06,9.586849e+06,3.304337e+03,2.617651e+06,2.685099e+07,4.076074e+03,3.878313e+06,2.610322e+08,0,48,N,N
1.736518e+03,3.305126e+05,8.845051e+06,3.755326e+03,2.599807e+06,2.843131e+07,4.592270e+03,5.265353e+06,6.699287e+07,6.110880e+03,7.508313e+06,7.316233e+08,0,99,N,N
2.278866e+03,4.135765e+05,8.595807e+06,3.796699e+03,1.988293e+06,8.359798e+06,4.518800e+03,4.587810e+06,3.967811e+07,5.163702e+03,6.476311e+06,2.835531e+08,0,100,N,N
2.501974e+03,4.179974e+05,9.047385e+06,3.896271e+03,1.962986e+06,9.740881e+06,4.198110e+03,4.245410e+06,4.188691e+07,4.941864e+03,5.684669e+06,3.501845e+08,2,60,N,N
3.227592e+03,6.430104e+05,1.379237e+07,4.156640e+03,2.989481e+06,2.811417e+07,4.943688e+03,5.915812e+06,9.684710e+07,6.211715e+03,8.908421e+06,7.679136e+08,0,23,N,N
2.433307e+03,5.921472e+05,9.230198e+06,3.225827e+03,1.921450e+06,1.030968e+07,4.581328e+03,4.947725e+06,5.519023e+07,5.371519e+03,6.903304e+06,4.228505e+08,0,49,N,N
2.025014e+03,5.125315e+05,1.776703e+07,3.607807e+03,2.427464e+06,2.884028e+07,4.402521e+03,4.493887e+06,7.302368e+07,5.153124e+03,6.350695e+06,5.261482e+08,0,94,N,N
2.164402e+03,3.482876e+05,1.230622e+07,4.180888e+03,1.980874e+06,1.840485e+07,4.883697e+03,4.626369e+06,5.202250e+07,5.207114e+03,6.793085e+06,4.661775e+08,1,38,N,N
2.190448e+03,3.270645e+05,9.009306e+06,3.509514e+03,1.945839e+06,1.611135e+07,3.523223e+03,3.114799e+06,4.365072e+07,4.978770e+03,4.792647e+06,3.837703e+08,3,92,N,N
1.962431e+03,3.987136e+05,1.710230e+07,3.725772e+03,2.422263e+06,2.880615e+07,4.637397e+03,5.325799e+06,1.058461e+08,5.987573e+03,7.293139e+06,8.015721e+08,3,81,N,N
2.824848e+03,3.647876e+05,7.012035e+06,3.294496e+03,1.763718e+06,8.000242e+06,3.664075e+03,3.349314e+06,3.104841e+07,4.715539e+03,4.874868e+06,2.807234e+08,0,88,N,N
1.480421e+03,3.182353e+05,1.146134e+07,3.686963e+03,2.386931e+06,2.968847e+07,4.741471e+03,5.481655e+06,1.036534e+08,6.021687e+03,7.379602e+06,8.191789e+08,1,81,N,N
2.428293e+03,4.417860e+05,9.572141e+06,4.122432e+03,2.197037e+06,1.171691e+07,4.786052e+03,5.282151e+06,7.593195e+07,5.304802e+03,7.062771e+06,3.675444e+08,1,69,N,N
2.278059e+03,4.192718e+05,1.916606e+07,3.770859e+03,2.022004e+06,1.854348e+07,4.761621e+03,4.687468e+06,4.471073e+07,5.658679e+03,8.090351e+06,3.986764e+08,0,54,N,N
1.370207e+03,2.505354e+05,7.109805e+06,3.456591e+03,1.915338e+06,2.261697e+07,4.072586e+03,3.912157e+06,4.826111e+07,5.235401e+03,6.508404e+06,5.060556e+08,1,56,N,N
1.982278e+03,3.525584e+05,9.864718e+06,3.817517e+03,2.151468e+06,2.215133e+07,3.888523e+03,3.791892e+06,5.563545e+07,5.207814e+03,5.309721e+06,3.545521e+08,0,85,N,N
1.577054e+03,3.670381e+05,9.389993e+06,4.157266e+03,2.993830e+06,3.128894e+07,4.934068e+03,5.684278e+06,7.865259e+07,6.063947e+03,8.150466e+06,7.492073e+08,3,47,N,N
1.866816e+03,2.659273e+05,6.046035e+06,2.544900e+03,1.119142e+06,7.703868e+06,2.766201e+03,1.868292e+06,1.596915e+07,3.618644e+03,2.957143e+06,1.443206e+08,0,58,N,N
2.254946e+03,4.581013e+05,2.115431e+07,4.019146e+03,2.123616e+06,1.678147e+07,5.036303e+03,5.088364e+06,5.009279e+07,5.736161e+03,8.207573e+06,4.487172e+08,2,54,N,N
2.240528e+03,3.944231e+05,8.640466e+06,4.060707e+03,2.252809e+06,2.235157e+07,3.375828e+03,2.817054e+06,3.261296e+07,4.450740e+03,4.186448e+06,3.057309e+08,3,55,N,N
1.896056e+03,2.223679e+05,4.928682e+06,2.794443e+03,1.225369e+06,9.567099e+06,2.820892e+03,1.954171e+06,1.741160e+07,3.673982e+03,3.016092e+06,1.947286e+08,1,58,N,N
1.959842e+03,4.944301e+05,2.148543e+07,3.613373e+03,2.814490e+06,3.630009e+07,5.043997e+03,6.218599e+06,1.411530e+08,6.223119e+03,9.886104e+06,8.705460e+08,0,2,N,N
1.145436e+03,1.844429e+05,4.113297e+06,2.994386e+03,1.638204e+06,1.208924e+07,3.756327e+03,3.440886e+06,3.203876e+07,4.523889e+03,3.837991e+06,2.815462e+08,1,46,N,N
2.752660e+03,5.642394e+05,9.186891e+06,4.102885e+03,2.627281e+06,1.645120e+07,3.894353e+03,3.652978e+06,3.038910e+07,5.008235e+03,5.978844e+06,3.152566e+08,0,101,N,N
2.828260e+03,5.068956e+05,1.091143e+07,3.832346e+03,2.071624e+06,9.931342e+06,4.786615e+03,4.892674e+06,4.649309e+07,5.350865e+03,7.170582e+06,3.446053e+08,0,43,N,N
1.996642e+03,3.581447e+05,1.242023e+07,4.471317e+03,2.354487e+06,1.856912e+07,4.326555e+03,4.522332e+06,5.163327e+07,5.389175e+03,6.637955e+06,4.346010e+08,0,42,N,N
2.447982e+03,5.919771e+05,1.520991e+07,4.465302e+03,2.609767e+06,2.249955e+07,5.456510e+03,6.357541e+06,1.036191e+08,5.597003e+03,7.076281e+06,5.770062e+08,2,93,N,N
2.942121e+03,5.217032e+05,9.598100e+06,4.142976e+03,2.264853e+06,1.266946e+07,3.773776e+03,3.491466e+06,3.424195e+07,4.562919e+03,4.569887e+06,2.926588e+08,0,103,N,N
1.838119e+03,2.952884e+05,9.162498e+06,3.960800e+03,2.276807e+06,2.300854e+07,3.820774e+03,3.672706e+06,5.659670e+07,5.249738e+03,5.252666e+06,3.518968e+08,2,85,N,N
1.348681e+03,2.347895e+05,8.599491e+06,3.148398e+03,1.646354e+06,1.261468e+07,4.028022e+03,3.790575e+06,3.226529e+07,5.033788e+03,5.794686e+06,3.740575e+08,1,77,N,N
1.648442e+03,2.568914e+05,9.397019e+06,3.685885e+03,1.921866e+06,1.754537e+07,4.150186e+03,4.020843e+06,4.037877e+07,5.231243e+03,6.445563e+06,5.569487e+08,1,91,N,N
1.417506e+03,3.235950e+05,9.805904e+06,3.317515e+03,2.260802e+06,3.524587e+07,4.185472e+03,4.201779e+06,6.840663e+07,5.859908e+03,8.793880e+06,7.292492e+08,2,87,N,N
2.737391e+03,4.077362e+05,7.728169e+06,3.414032e+03,1.875554e+06,9.308473e+06,4.643957e+03,4.748073e+06,4.912161e+07,5.363951e+03,7.245471e+06,4.587370e+08,1,43,N,N
2.720677e+03,3.582254e+05,7.339126e+06,3.324328e+03,1.736667e+06,8.522619e+06,3.813461e+03,3.512727e+06,2.913695e+07,4.699616e+03,4.951237e+06,2.637137e+08,3,88,N,N
2.662081e+03,6.386870e+05,1.473093e+07,3.435720e+03,2.309647e+06,1.904859e+07,4.117530e+03,4.188260e+06,6.261660e+07,5.396368e+03,7.040666e+06,5.600162e+08,1,45,N,N
1.085643e+03,1.510392e+05,4.855155e+06,3.360239e+03,1.564713e+06,1.097807e+07,3.669090e+03,3.273110e+06,3.045315e+07,4.581706e+03,4.676709e+06,2.724615e+08,3,102,N,N
2.369016e+03,4.714881e+05,1.146230e+07,3.848965e+03,2.224232e+06,1.459726e+07,3.679856e+03,3.246641e+06,3.527175e+07,4.546907e+03,4.947061e+06,4.064021e+08,0,52,N,N
1.776286e+03,2.173705e+05,6.464674e+06,2.926411e+03,1.322009e+06,9.795219e+06,3.262291e+03,2.647346e+06,3.524272e+07,4.146975e+03,3.655460e+06,2.270701e+08,1,53,N,N
2.768472e+03,4.750226e+05,1.249390e+07,4.430871e+03,2.690534e+06,2.134639e+07,5.138966e+03,6.008989e+06,8.363240e+07,5.584992e+03,6.936157e+06,6.585595e+08,1,34,N,N
2.540293e+03,4.146957e+05,7.560607e+06,3.777500e+03,1.986665e+06,9.197845e+06,4.519931e+03,4.616281e+06,3.903560e+07,5.112412e+03,6.316156e+06,2.639694e+08,1,100,N,N
2.265306e+03,4.487619e+05,1.624513e+07,3.844548e+03,2.308004e+06,2.746544e+07,4.434263e+03,4.577496e+06,7.203983e+07,5.723288e+03,8.152161e+06,6.049918e+08,1,93,N,N
1.592986e+03,3.799459e+05,8.269327e+06,3.640727e+03,2.423466e+06,2.996216e+07,4.297364e+03,4.335968e+06,7.579279e+07,5.401563e+03,7.003316e+06,6.035062e+08,2,73,N,N
2.391258e+03,5.952452e+05,2.370325e+07,4.021049e+03,2.425224e+06,2.185087e+07,4.126366e+03,4.216933e+06,7.483877e+07,5.028317e+03,5.344746e+06,4.528445e+08,0,75,N,N
2.349639e+03,3.760229e+05,1.063396e+07,3.015213e+03,1.700694e+06,1.028328e+07,4.531039e+03,4.717782e+06,6.545644e+07,5.148717e+03,6.287055e+06,4.491243e+08,2,83,N,N
2.416832e+03,3.732400e+05,9.876212e+06,3.106018e+03,1.643029e+06,7.716895e+06,4.496626e+03,4.579808e+06,5.340739e+07,4.993879e+03,5.962629e+06,3.906982e+08,1,83,N,N
2.798800e+03,5.331282e+05,1.534057e+07,4.770360e+03,3.216378e+06,2.978983e+07,5.100542e+03,6.080117e+06,7.594046e+07,5.898856e+03,7.530970e+06,6.093388e+08,0,47,N,N
1.412549e+03,2.951748e+05,9.785329e+06,3.763578e+03,2.090632e+06,2.487513e+07,4.259529e+03,4.228092e+06,7.613592e+07,6.151114e+03,9.589568e+06,6.730196e+08,1,36,N,N
2.417975e+03,2.899478e+05,6.548685e+06,3.343709e+03,1.745820e+06,7.644677e+06,3.807364e+03,3.586298e+06,3.426105e+07,4.927184e+03,5.765588e+06,4.159595e+08,0,1,N,N
2.347949e+03,4.376036e+05,9.735219e+06,4.136981e+03,2.437870e+06,2.566593e+07,3.552171e+03,3.115458e+06,3.922821e+07,4.716992e+03,4.944304e+06,4.040875e+08,2,55,N,N
2.001210e+03,4.954990e+05,1.455099e+07,4.157640e+03,2.779401e+06,1.951014e+07,4.299753e+03,4.622747e+06,6.213866e+07,5.467841e+03,6.179651e+06,5.533513e+08,3,76,N,N
2.447247e+03,5.409912e+05,9.879475e+06,3.800872e+03,2.151898e+06,1.899981e+07,3.410273e+03,2.918588e+06,4.004083e+07,4.571764e+03,3.989281e+06,3.079642e+08,0,65,N,N
2.453519e+03,6.214781e+05,1.459523e+07,4.181039e+03,2.848160e+06,1.679200e+07,4.242673e+03,4.363416e+06,4.741942e+07,5.294257e+03,6.672856e+06,4.959623e+08,0,104,N,N
3.023022e+03,5.800350e+05,1.060485e+07,4.070752e+03,2.654363e+06,2.027309e+07,4.637709e+03,5.027030e+06,6.581985e+07,5.785919e+03,8.217404e+06,5.714498e+08,0,6,N,N
3.175691e+03,6.299959e+05,1.729854e+07,4.814740e+03,2.882684e+06,2.396591e+07,4.580033e+03,5.038760e+06,6.559460e+07,5.734031e+03,7.928904e+06,6.475224e+08,0,51,N,N
1.628366e+03,3.543523e+05,9.967030e+06,3.413331e+03,2.358660e+06,2.910328e+07,4.737609e+03,5.333916e+06,7.367860e+07,5.900489e+03,7.954953e+06,7.612422e+08,1,98,N,N
3.020187e+03,4.628132e+05,5.852353e+06,3.780527e+03,2.101204e+06,1.694238e+07,3.266882e+03,2.683594e+06,3.063774e+07,4.435426e+03,4.255832e+06,2.273902e+08,1,80,N,N
2.099656e+03,3.519962e+05,9.538774e+06,3.739070e+03,1.945990e+06,1.121270e+07,3.797122e+03,3.535357e+06,3.873294e+07,4.859785e+03,5.648310e+06,3.693911e+08,0,71,N,N
1.242731e+03,2.580975e+05,8.141430e+06,3.114133e+03,1.763185e+06,2.667753e+07,3.999210e+03,3.675506e+06,6.004644e+07,5.522414e+03,7.765363e+06,5.334939e+08,1,78,N,N
2.210252e+03,5.443788e+05,1.095384e+07,2.951402e+03,1.730760e+06,1.543140e+07,3.220449e+03,2.573909e+06,3.406579e+07,4.324085e+03,4.339863e+06,3.815824e+08,0,90,N,N
2.531355e+03,5.984270e+05,1.845283e+07,4.121225e+03,2.549717e+06,1.579951e+07,4.972822e+03,5.913830e+06,1.064871e+08,5.827473e+03,8.322656e+06,6.145717e+08,3,57,N,N
2.192605e+03,4.723364e+05,7.696129e+06,4.079090e+03,2.161399e+06,1.595912e+07,4.300724e+03,3.848579e+06,2.458164e+07,4.395084e+03,4.532153e+06,2.309567e+08,0,20,N,N
2.577242e+03,6.062200e+05,1.884345e+07,4.022443e+03,2.549840e+06,1.574746e+07,4.947191e+03,5.925072e+06,1.140208e+08,5.688545e+03,7.853862e+06,6.196098e+08,2,57,N,N
3.003762e+03,5.831725e+05,1.091934e+07,4.299744e+03,2.432881e+06,1.508814e+07,4.190850e+03,4.219508e+06,4.849033e+07,4.846054e+03,5.347486e+06,4.042688e+08,2,103,N,N
3.077493e+03,3.995748e+05,5.464822e+06,2.803420e+03,1.508243e+06,7.173479e+06,3.070248e+03,2.356747e+06,2.063025e+07,4.349180e+03,3.782097e+06,1.860491e+08,2,88,N,N
1.364824e+03,2.036770e+05,4.993941e+06,2.892893e+03,1.448136e+06,1.236803e+07,3.871300e+03,3.422803e+06,3.875635e+07,4.599651e+03,5.358592e+06,4.081108e+08,0,82,N,N
2.134118e+03,4.534880e+05,1.635010e+07,3.983327e+03,2.125715e+06,1.606975e+07,3.953858e+03,3.675284e+06,4.954526e+07,4.867307e+03,5.575717e+06,4.002759e+08,3,50,N,N
2.865124e+03,4.685586e+05,1.380884e+07,4.529522e+03,2.675844e+06,3.234431e+07,4.209230e+03,4.353328e+06,5.764449e+07,5.597009e+03,7.073028e+06,5.509492e+08,0,35,N,N
2.827472e+03,4.900193e+05,1.673225e+07,4.350822e+03,2.657313e+06,3.117574e+07,3.983358e+03,3.990595e+06,6.441044e+07,5.497839e+03,5.877021e+06,4.247541e+08,1,85,N,N
1.952981e+03,4.718651e+05,1.318876e+07,3.276331e+03,2.014877e+06,1.056506e+07,4.190728e+03,4.302826e+06,5.009277e+07,5.319503e+03,6.888549e+06,3.981308e+08,0,89,N,N
2.450054e+03,4.027448e+05,7.423357e+06,3.795352e+03,2.157632e+06,2.078565e+07,3.658985e+03,3.348750e+06,4.729162e+07,4.854861e+03,5.017164e+06,3.866578e+08,2,56,N,N
3.530995e+03,7.636228e+05,1.408850e+07,4.166068e+03,2.868176e+06,2.005298e+07,4.707028e+03,5.582244e+06,1.072802e+08,6.208236e+03,9.021068e+06,8.936382e+08,1,79,N,N
1.324887e+03,2.329121e+05,6.118438e+06,2.963486e+03,1.674375e+06,1.184269e+07,4.409278e+03,4.230907e+06,5.224168e+07,5.212106e+03,6.794221e+06,4.488087e+08,0,69,N,N
1.357065e+03,2.338052e+05,7.646234e+06,3.299209e+03,1.860979e+06,1.887063e+07,4.225515e+03,4.069045e+06,5.057056e+07,4.991001e+03,5.943629e+06,4.980651e+08,2,96,N,N
1.460329e+03,3.135002e+05,9.835163e+06,3.696903e+03,2.429042e+06,2.822342e+07,4.610684e+03,4.835321e+06,7.459338e+07,5.917195e+03,8.707287e+06,9.138913e+08,0,87,N,N
2.474980e+03,5.964820e+05,1.411895e+07,4.357237e+03,2.464866e+06,1.793586e+07,5.146280e+03,5.530165e+06,7.485636e+07,5.737969e+03,7.542186e+06,5.566362e+08,0,21,N,N
1.185395e+03,2.072143e+05,5.104892e+06,3.265379e+03,1.798506e+06,1.426375e+07,4.176270e+03,4.053598e+06,4.203678e+07,5.153814e+03,6.518063e+06,4.230218e+08,0,46,N,N
2.329998e+03,4.610787e+05,1.357659e+07,3.751941e+03,2.108795e+06,9.749435e+06,4.267966e+03,4.460744e+06,5.187719e+07,5.288591e+03,6.619120e+06,4.085040e+08,1,89,N,N
2.491097e+03,4.724244e+05,1.020941e+07,3.713140e+03,2.095770e+06,9.575512e+06,3.994973e+03,3.922499e+06,4.056951e+07,4.941368e+03,5.596229e+06,3.636542e+08,1,60,N,N
1.940011e+03,4.864883e+05,1.967880e+07,3.935177e+03,2.164423e+06,1.396004e+07,4.227918e+03,4.382517e+06,5.807717e+07,5.128491e+03,5.707160e+06,3.110066e+08,1,37,N,N
2.080932e+03,5.629844e+05,1.728092e+07,4.035076e+03,2.961975e+06,2.414510e+07,4.681640e+03,5.492669e+06,9.952273e+07,5.785700e+03,7.460298e+06,7.544167e+08,1,76,N,N
1.690508e+03,3.239055e+05,9.451490e+06,3.815480e+03,2.662908e+06,3.292754e+07,4.598384e+03,4.995912e+06,7.404213e+07,5.557822e+03,6.939590e+06,7.016211e+08,3,67,N,N
2.902579e+03,5.718792e+05,1.769177e+07,4.346562e+03,2.660355e+06,2.371462e+07,5.457032e+03,6.204451e+06,8.982911e+07,6.340511e+03,1.016723e+07,6.360522e+08,0,44,N,N
2.583497e+03,5.495124e+05,8.665228e+06,3.631015e+03,2.351554e+06,1.735548e+07,3.640951e+03,3.242880e+06,2.701447e+07,4.872808e+03,5.579306e+06,2.898978e+08,1,101,N,N
2.241056e+03,3.679876e+05,7.911420e+06,2.997690e+03,1.705760e+06,9.502322e+06,4.218254e+03,4.277191e+06,4.992492e+07,5.118713e+03,5.991384e+06,3.708543e+08,1,74,N,N
2.268955e+03,3.739526e+05,7.763075e+06,3.075830e+03,1.787591e+06,1.026577e+07,4.483684e+03,4.739543e+06,6.179405e+07,5.222354e+03,6.329089e+06,4.634782e+08,2,74,N,N
1.400621e+03,2.211375e+05,6.121481e+06,3.367046e+03,1.896343e+06,1.486415e+07,4.232528e+03,4.093568e+06,4.153703e+07,5.079739e+03,6.363828e+06,5.000184e+08,1,25,N,N
2.043601e+03,5.327927e+05,1.888813e+07,3.619947e+03,2.482956e+06,3.080876e+07,4.500447e+03,4.769385e+06,9.019381e+07,5.237895e+03,6.595146e+06,6.383243e+08,3,94,N,N
1.450834e+03,2.536565e+05,8.015248e+06,2.951230e+03,1.828152e+06,1.556065e+07,4.299423e+03,4.314374e+06,4.412809e+07,5.379263e+03,7.069607e+06,4.893338e+08,1,68,N,N
1.932531e+03,2.026431e+05,4.868993e+06,2.874685e+03,1.154266e+06,9.423526e+06,2.745001e+03,1.875461e+06,1.761014e+07,3.633958e+03,2.827295e+06,2.016176e+08,3,58,N,N
2.089391e+03,3.312902e+05,7.451573e+06,3.362959e+03,1.466153e+06,5.956776e+06,4.050608e+03,3.356720e+06,2.145396e+07,4.149478e+03,4.224436e+06,1.563999e+08,0,31,N,N
2.435883e+03,4.196584e+05,9.868573e+06,4.325142e+03,2.251285e+06,1.434999e+07,3.740088e+03,3.412094e+06,3.889440e+07,4.693632e+03,5.132379e+06,4.735542e+08,3,52,N,N
3.536120e+03,6.558283e+05,2.091307e+07,5.063909e+03,3.417745e+06,3.560311e+07,5.132747e+03,6.145833e+06,8.309632e+07,6.297885e+03,9.388603e+06,6.660852e+08,0,33,N,N
2.054246e+03,5.024737e+05,1.010960e+07,2.860981e+03,1.680358e+06,1.687243e+07,3.224744e+03,2.572923e+06,3.333978e+07,4.264327e+03,4.294316e+06,3.242817e+08,2,90,N,N
1.910510e+03,3.181592e+05,1.079009e+07,4.479392e+03,2.202593e+06,1.650279e+07,4.131859e+03,4.144406e+06,4.242092e+07,5.142499e+03,5.760199e+06,3.147091e+08,1,42,N,N
1.739882e+03,4.568301e+05,1.220790e+07,3.233391e+03,2.003013e+06,2.060498e+07,4.089125e+03,4.013077e+06,7.390302e+07,5.240965e+03,6.993711e+06,8.566468e+08,1,50,N,N
1.095334e+03,1.622627e+05,5.060177e+06,3.224134e+03,1.579269e+06,1.113722e+07,4.038528e+03,3.682670e+06,3.256732e+07,4.796032e+03,5.473716e+06,3.136372e+08,1,102,N,N
1.502084e+03,3.348448e+05,6.400685e+06,3.236846e+03,2.115445e+06,2.465126e+07,4.027638e+03,3.837414e+06,6.005550e+07,5.357864e+03,7.111215e+06,4.724139e+08,3,73,N,N
1.352816e+03,2.430385e+05,8.985487e+06,3.088749e+03,1.651755e+06,1.367904e+07,4.090251e+03,3.894492e+06,3.531434e+07,5.153592e+03,6.199361e+06,4.125609e+08,2,77,N,N
2.456202e+03,5.576065e+05,9.846347e+06,3.818391e+03,2.161437e+06,1.903728e+07,3.420143e+03,2.946354e+06,4.316344e+07,4.613011e+03,3.932499e+06,3.320647e+08,3,65,N,N
2.354154e+03,5.489432e+05,1.616105e+07,3.965415e+03,2.365661e+06,1.356680e+07,4.443707e+03,4.826836e+06,7.044977e+07,5.318436e+03,6.488803e+06,4.772228e+08,0,57,N,N
2.722288e+03,6.342385e+05,2.090077e+07,4.993569e+03,3.142915e+06,2.837723e+07,4.598496e+03,5.050453e+06,6.867063e+07,6.121721e+03,9.306803e+06,7.081576e+08,1,51,N,N
2.838880e+03,6.233130e+05,1.931048e+07,4.984470e+03,3.054266e+06,2.559310e+07,4.379201e+03,4.640911e+06,5.735152e+07,5.786348e+03,8.095192e+06,6.085667e+08,3,51,N,N
1.794326e+03,5.420754e+05,1.646269e+07,3.647786e+03,2.658273e+06,2.595412e+07,4.192018e+03,4.315636e+06,7.448238e+07,5.042189e+03,5.651493e+06,4.006644e+08,0,66,N,N
2.349682e+03,4.004182e+05,8.393588e+06,3.786890e+03,1.976735e+06,8.603145e+06,3.868340e+03,3.665802e+06,3.224889e+07,4.760377e+03,5.161677e+06,2.708117e+08,0,60,N,N
2.348340e+03,3.828041e+05,7.136872e+06,3.310767e+03,1.723208e+06,7.917816e+06,4.545595e+03,4.523349e+06,4.991345e+07,4.606077e+03,5.058254e+06,3.399749e+08,2,12,N,N
1.763379e+03,5.604970e+05,1.510096e+07,3.475748e+03,2.605987e+06,2.746554e+07,4.282401e+03,4.529381e+06,8.687138e+07,5.392937e+03,6.841270e+06,4.831500e+08,1,66,N,N
2.030556e+03,2.695977e+05,5.171006e+06,3.194516e+03,1.720938e+06,1.121389e+07,3.654317e+03,3.324303e+06,4.174251e+07,4.785729e+03,5.261529e+06,3.096694e+08,2,95,N,N
2.855230e+03,5.928131e+05,1.849310e+07,4.337349e+03,2.584544e+06,2.071200e+07,5.244633e+03,5.894787e+06,8.269876e+07,6.062071e+03,9.245883e+06,5.049366e+08,1,44,N,N
1.430150e+03,3.079524e+05,9.580733e+06,3.688923e+03,2.390678e+06,2.982397e+07,4.561944e+03,4.706338e+06,7.140674e+07,6.109723e+03,9.521603e+06,8.772062e+08,3,87,N,N
2.266999e+03,4.214243e+05,1.143578e+07,3.586052e+03,2.021432e+06,1.185452e+07,3.997280e+03,3.889084e+06,5.191009e+07,4.888630e+03,5.755157e+06,3.846589e+08,1,71,N,N
1.663709e+03,3.413827e+05,8.761969e+06,2.976064e+03,1.763360e+06,1.021319e+07,4.223485e+03,4.211192e+06,4.075789e+07,5.100402e+03,5.677078e+06,2.931767e+08,2,86,N,N
1.978926e+03,5.432031e+05,2.152242e+07,3.776382e+03,2.357569e+06,1.856439e+07,4.475303e+03,4.919956e+06,7.865465e+07,5.425723e+03,6.452519e+06,4.357971e+08,0,37,N,N
2.901285e+03,7.941262e+05,2.069105e+07,3.998369e+03,2.925297e+06,1.877034e+07,4.955026e+03,6.022493e+06,1.077835e+08,5.705977e+03,7.193603e+06,5.611095e+08,1,41,N,N
2.580616e+03,3.389759e+05,5.818153e+06,3.656881e+03,1.739934e+06,1.170520e+07,4.195082e+03,3.731342e+06,3.604602e+07,4.931579e+03,6.211669e+06,3.943743e+08,3,82,N,N
1.992036e+03,4.781950e+05,1.337615e+07,3.268742e+03,2.034448e+06,1.090544e+07,4.231810e+03,4.421261e+06,5.613107e+07,5.409212e+03,7.179952e+06,4.379968e+08,2,89,N,N
1.761049e+03,4.059613e+05,1.159118e+07,3.529234e+03,2.028906e+06,1.864507e+07,3.767893e+03,3.342265e+06,4.491988e+07,4.629017e+03,5.026520e+06,3.913498e+08,0,50,N,N
2.585226e+03,5.327868e+05,8.461008e+06,3.578812e+03,2.267694e+06,1.520276e+07,3.498535e+03,2.994773e+06,2.281467e+07,4.759804e+03,5.487254e+06,2.234783e+08,2,101,N,N
2.651089e+03,5.530435e+05,1.137904e+07,3.804696e+03,2.188038e+06,1.106442e+07,4.436545e+03,4.599878e+06,5.201139e+07,4.965685e+03,5.839929e+06,3.460236e+08,0,29,N,N
1.476581e+03,2.713012e+05,9.387640e+06,3.615446e+03,2.194267e+06,2.424321e+07,4.439119e+03,4.826103e+06,7.486803e+07,5.625843e+03,6.627842e+06,5.646845e+08,0,81,N,N
3.229320e+03,5.031001e+05,1.342494e+07,5.085370e+03,2.810656e+06,3.037226e+07,4.004303e+03,4.015839e+06,8.314953e+07,5.170373e+03,5.531839e+06,5.745110e+08,1,97,N,N
1.786354e+03,3.375042e+05,1.031105e+07,4.006295e+03,2.800941e+06,3.631802e+07,5.211729e+03,6.156525e+06,9.511388e+07,5.792616e+03,7.441746e+06,8.559558e+08,1,67,N,N
2.734630e+03,4.679196e+05,1.162676e+07,4.442898e+03,2.366798e+06,2.239595e+07,4.231174e+03,4.281740e+06,7.089351e+07,4.827338e+03,5.355717e+06,4.240332e+08,0,78,N,N
2.861652e+03,5.076893e+05,1.273011e+07,4.481014e+03,2.481166e+06,2.447176e+07,4.470617e+03,4.704388e+06,8.225835e+07,5.131992e+03,6.218468e+06,4.989041e+08,2,78,N,N
3.239294e+03,7.019828e+05,1.900433e+07,5.035796e+03,3.624950e+06,3.434962e+07,5.239586e+03,6.635075e+06,1.129764e+08,6.251054e+03,8.181164e+06,8.314613e+08,2,47,N,N
2.186614e+03,3.010213e+05,6.313427e+06,3.328042e+03,1.575756e+06,7.459313e+06,3.768044e+03,3.343045e+06,3.215682e+07,4.450831e+03,4.698709e+06,3.559718e+08,2,63,N,N
3.788809e+03,1.104882e+06,3.365910e+07,4.996820e+03,4.487846e+06,5.188749e+07,6.833725e+03,1.095644e+07,2.514200e+08,8.353443e+03,1.666479e+07,1.362446e+09,0,72,N,N
2.624007e+03,6.428543e+05,3.108573e+07,5.270022e+03,3.233062e+06,3.208876e+07,5.487825e+03,6.817586e+06,1.100404e+08,6.087964e+03,8.667071e+06,7.415779e+08,0,9,N,N
2.339333e+03,4.174821e+05,1.280328e+07,4.344492e+03,2.494437e+06,2.580671e+07,4.155522e+03,4.316282e+06,6.322796e+07,5.441042e+03,6.197786e+06,4.327931e+08,3,85,N,N
2.846117e+03,5.143575e+05,8.385612e+06,3.730882e+03,2.376747e+06,1.827283e+07,4.084300e+03,4.198864e+06,6.548213e+07,5.422696e+03,6.084237e+06,4.765768e+08,2,70,N,N
1.900118e+03,4.208788e+05,1.540138e+07,3.909923e+03,1.925936e+06,1.465516e+07,3.876959e+03,3.752758e+06,5.159346e+07,4.972951e+03,5.244980e+06,3.470102e+08,2,59,N,N
2.141688e+03,3.472345e+05,7.438973e+06,3.284541e+03,1.681396e+06,8.224814e+06,4.680932e+03,4.669301e+06,5.414977e+07,4.718758e+03,5.271656e+06,4.390834e+08,1,12,N,N
2.356812e+03,3.459063e+05,9.394130e+06,2.960876e+03,1.499430e+06,6.913654e+06,4.338550e+03,4.128657e+06,3.948014e+07,4.837431e+03,5.731490e+06,2.873620e+08,3,83,N,N
2.517292e+03,3.571880e+05,7.165501e+06,3.569472e+03,1.742747e+06,8.175132e+06,3.543390e+03,3.090277e+06,2.625164e+07,4.481263e+03,4.695266e+06,2.285098e+08,0,62,N,N
3.295470e+03,5.198221e+05,1.331472e+07,4.539040e+03,2.560453e+06,2.683531e+07,3.689044e+03,3.398229e+06,5.085482e+07,4.797861e+03,5.192198e+06,4.153595e+08,3,64,N,N
2.251431e+03,3.706653e+05,8.472738e+06,4.025188e+03,1.967313e+06,9.973809e+06,4.859396e+03,4.971869e+06,5.119184e+07,5.008200e+03,5.946733e+06,2.942025e+08,2,69,N,N
3.464801e+03,7.430868e+05,1.735244e+07,5.255121e+03,3.840599e+06,3.597781e+07,5.709471e+03,7.535115e+06,1.271395e+08,6.561202e+03,1.002916e+07,9.515292e+08,1,47,N,N
2.482442e+03,6.407278e+05,2.446557e+07,4.131781e+03,2.671035e+06,2.579106e+07,4.376768e+03,4.656767e+06,8.508683e+07,5.321806e+03,6.384576e+06,4.878374e+08,1,75,N,N
1.834046e+03,4.320198e+05,1.627645e+07,3.601892e+03,1.986653e+06,1.781955e+07,3.906617e+03,3.751071e+06,4.910150e+07,4.872795e+03,5.212767e+06,3.304029e+08,1,59,N,N
2.335545e+03,3.913527e+05,6.808403e+06,3.378845e+03,1.710875e+06,9.278923e+06,4.292497e+03,4.115286e+06,4.744128e+07,4.684319e+03,5.332251e+06,3.569957e+08,0,12,N,N
2.680895e+03,5.294179e+05,2.016542e+07,4.093693e+03,2.509844e+06,1.647430e+07,4.230439e+03,4.481809e+06,6.098729e+07,5.661865e+03,7.147706e+06,4.001149e+08,0,40,N,N
1.661390e+03,2.830443e+05,8.535356e+06,3.676159e+03,1.981522e+06,2.148512e+07,3.992330e+03,3.607566e+06,4.414583e+07,5.162342e+03,6.444319e+06,5.265955e+08,0,64,N,N
2.014406e+03,5.990537e+05,2.471092e+07,4.070981e+03,2.856943e+06,2.463186e+07,4.460831e+03,4.947627e+06,9.560987e+07,5.515872e+03,6.678411e+06,5.456495e+08,3,66,N,N
3.856953e+03,1.086490e+06,3.516748e+07,5.158425e+03,4.723958e+06,5.190241e+07,7.536978e+03,1.243585e+07,2.782723e+08,8.897591e+03,1.971086e+07,1.601290e+09,1,72,N,N
1.648094e+03,4.001204e+05,1.499301e+07,3.373500e+03,2.391924e+06,3.603864e+07,4.688445e+03,5.274271e+06,1.229127e+08,6.293503e+03,1.010316e+07,8.178068e+08,0,4,N,N
2.161763e+03,4.612621e+05,1.669573e+07,4.150267e+03,2.140168e+06,1.617160e+07,4.167693e+03,4.044508e+06,5.394859e+07,5.015918e+03,6.192866e+06,4.259905e+08,2,50,N,N
2.164388e+03,6.172820e+05,1.920729e+07,3.641122e+03,2.451983e+06,1.728488e+07,4.245629e+03,4.519361e+06,7.772503e+07,5.236345e+03,5.853348e+06,4.739791e+08,0,61,N,N
2.523832e+03,4.884364e+05,1.068717e+07,3.581534e+03,2.080975e+06,1.025975e+07,3.943273e+03,3.791530e+06,3.781381e+07,4.862104e+03,5.572698e+06,3.546091e+08,3,60,N,N
2.471086e+03,6.180063e+05,2.422354e+07,4.312945e+03,2.555376e+06,2.411745e+07,4.439173e+03,4.803786e+06,8.878751e+07,5.276075e+03,6.168302e+06,4.148083e+08,3,75,N,N
2.486267e+03,3.090246e+05,6.889484e+06,3.352263e+03,1.670119e+06,8.647080e+06,3.632767e+03,3.275291e+06,3.260043e+07,4.627163e+03,4.814086e+06,4.354371e+08,1,62,N,N
2.861621e+03,4.307247e+05,5.894638e+06,3.687635e+03,2.055421e+06,1.699064e+07,3.298579e+03,2.738685e+06,3.567827e+07,4.547682e+03,4.429506e+06,2.742393e+08,2,80,N,N
2.371435e+03,4.886193e+05,1.971850e+07,4.866695e+03,2.611860e+06,2.091790e+07,4.139662e+03,4.087304e+06,4.529396e+07,5.205397e+03,6.416072e+06,4.938111e+08,0,91,N,N
2.409212e+03,3.370425e+05,4.895779e+06,3.115937e+03,1.768643e+06,1.266693e+07,3.527257e+03,3.128253e+06,4.339044e+07,4.764222e+03,5.269848e+06,2.965585e+08,1,95,N,N
2.956631e+03,5.471119e+05,9.999181e+06,4.142396e+03,2.387801e+06,1.450985e+07,3.903872e+03,3.752179e+06,4.399724e+07,4.644538e+03,4.752089e+06,3.570866e+08,1,103,N,N
1.531116e+03,2.313921e+05,7.395939e+06,3.408294e+03,1.911745e+06,1.261406e+07,4.386823e+03,4.433037e+06,3.746634e+07,5.198258e+03,6.222642e+06,4.474098e+08,0,68,N,N
3.171758e+03,6.188677e+05,1.411689e+07,4.602581e+03,2.852469e+06,1.672433e+07,4.582286e+03,5.078734e+06,5.433417e+07,5.506798e+03,7.058332e+06,5.407328e+08,2,104,N,N
2.397290e+03,4.625745e+05,1.150168e+07,4.163579e+03,2.290441e+06,1.334588e+07,3.878483e+03,3.572650e+06,3.843817e+07,4.651563e+03,5.184346e+06,4.321243e+08,2,52,N,N
1.949528e+03,4.981861e+05,1.332632e+07,3.205567e+03,2.038221e+06,1.232696e+07,4.254437e+03,4.452109e+06,5.957784e+07,5.515734e+03,7.247715e+06,4.808364e+08,3,89,N,N
2.821603e+03,5.151816e+05,1.285688e+07,4.140181e+03,2.284669e+06,2.170829e+07,4.013912e+03,3.974026e+06,6.626613e+07,5.058057e+03,5.945640e+06,7.339342e+08,0,30,N,N
3.278441e+03,6.072667e+05,1.442433e+07,4.641151e+03,2.847950e+06,1.741506e+07,4.604648e+03,5.083578e+06,5.603276e+07,5.566501e+03,7.369266e+06,5.832975e+08,3,104,N,N
2.629223e+03,4.082827e+05,8.846449e+06,4.098187e+03,2.269905e+06,1.743898e+07,4.031441e+03,4.011232e+06,4.661254e+07,5.200399e+03,6.198199e+06,4.912749e+08,0,45,N,N
2.806339e+03,5.071649e+05,8.540417e+06,3.580692e+03,2.290741e+06,1.707834e+07,4.141802e+03,4.322985e+06,7.167610e+07,5.493639e+03,6.265471e+06,4.888366e+08,1,70,N,N
1.695672e+03,3.318987e+05,9.093137e+06,3.761097e+03,2.618173e+06,2.850748e+07,4.532559e+03,5.136816e+06,6.448215e+07,6.155691e+03,7.930259e+06,6.828259e+08,1,99,N,N
2.829395e+03,5.995388e+05,1.351461e+07,3.878163e+03,2.585707e+06,2.913821e+07,4.853476e+03,5.453784e+06,6.944740e+07,6.042812e+03,8.869436e+06,6.957357e+08,2,98,N,N
2.757387e+03,5.281441e+05,1.672087e+07,4.321500e+03,2.212619e+06,1.813876e+07,4.187270e+03,4.121437e+06,5.522041e+07,5.071696e+03,6.025728e+06,4.591605e+08,0,19,N,N
1.316040e+03,2.461003e+05,6.551626e+06,2.936221e+03,1.698468e+06,1.488077e+07,4.392435e+03,4.303752e+06,5.655867e+07,5.324145e+03,7.231574e+06,4.431904e+08,3,69,N,N
2.750519e+03,5.633206e+05,1.808517e+07,4.877381e+03,3.250725e+06,3.187576e+07,4.677667e+03,5.199197e+06,6.655299e+07,5.713624e+03,7.844343e+06,6.056425e+08,0,24,N,N
2.451559e+03,4.188226e+05,9.380619e+06,3.336527e+03,2.069225e+06,1.941659e+07,3.955817e+03,3.922185e+06,5.144049e+07,5.406148e+03,6.013156e+06,4.813904e+08,3,70,N,N
2.412158e+03,4.066712e+05,7.837456e+06,3.817476e+03,1.933588e+06,8.692261e+06,4.348154e+03,4.326586e+06,3.443309e+07,5.035984e+03,6.105837e+06,2.401145e+08,2,100,N,N
2.434989e+03,5.242318e+05,1.051925e+07,4.343350e+03,2.543376e+06,1.712510e+07,3.668561e+03,3.360325e+06,4.317196e+07,4.587141e+03,4.480098e+06,4.121355e+08,3,103,N,N
2.404305e+03,4.798198e+05,1.655228e+07,3.979191e+03,2.364077e+06,2.566369e+07,4.485764e+03,4.639979e+06,7.126188e+07,5.710343e+03,8.158796e+06,5.994088e+08,0,93,N,N
2.264283e+03,4.007626e+05,1.049031e+07,3.694815e+03,2.007553e+06,1.218586e+07,3.944579e+03,3.767787e+06,4.621673e+07,4.885296e+03,5.736748e+06,3.714959e+08,3,71,N,N
2.087747e+03,3.541727e+05,1.059693e+07,3.397822e+03,1.743942e+06,1.215168e+07,4.054012e+03,3.923287e+06,5.633845e+07,4.627812e+03,4.885529e+06,3.461004e+08,3,53,N,N
1.935816e+03,3.588873e+05,1.709190e+07,3.601492e+03,1.988547e+06,2.145372e+07,4.683061e+03,4.685286e+06,5.010030e+07,5.582598e+03,7.793465e+06,4.391439e+08,3,54,N,N
2.715803e+03,4.200015e+05,7.281080e+06,3.696683e+03,2.088571e+06,1.056404e+07,4.654890e+03,4.899672e+06,4.729943e+07,5.231202e+03,6.544627e+06,3.750295e+08,3,100,N,N
1.284217e+03,2.267835e+05,8.170620e+06,2.999324e+03,1.559438e+06,1.169502e+07,3.906837e+03,3.570505e+06,2.902072e+07,4.915723e+03,5.542168e+06,3.059820e+08,0,77,N,N
2.149207e+03,3.094775e+05,6.995357e+06,3.238145e+03,1.678035e+06,1.159889e+07,3.473313e+03,2.924478e+06,3.786235e+07,4.389155e+03,4.563316e+06,3.700737e+08,2,48,N,N
2.498024e+03,4.395275e+05,8.455065e+06,3.472612e+03,1.914965e+06,9.192239e+06,4.199757e+03,4.316106e+06,5.052379e+07,5.075509e+03,6.057966e+06,3.630521e+08,3,74,N,N
1.651147e+03,3.461069e+05,1.187029e+07,4.157964e+03,2.834681e+06,2.219465e+07,5.182951e+03,6.564921e+06,1.213931e+08,5.961671e+03,7.458066e+06,6.443136e+08,0,41,N,N
1.186213e+03,2.085780e+05,5.391845e+06,3.291176e+03,1.869181e+06,1.299018e+07,3.954060e+03,3.759344e+06,3.666503e+07,5.166165e+03,6.057371e+06,3.622860e+08,3,84,N,N
2.910344e+03,5.216567e+05,1.449007e+07,4.266806e+03,2.946309e+06,2.205929e+07,4.861613e+03,5.870342e+06,9.865093e+07,6.036216e+03,7.783625e+06,5.995807e+08,0,7,N,N
3.369068e+03,4.781008e+05,9.309932e+06,4.207213e+03,2.391183e+06,2.261474e+07,3.519619e+03,3.111289e+06,4.540111e+07,4.659505e+03,4.218176e+06,3.618464e+08,2,65,N,N
1.766318e+03,4.210157e+05,1.784461e+07,3.632465e+03,2.851940e+06,4.242256e+07,5.507668e+03,7.370239e+06,1.987798e+08,6.193171e+03,9.693278e+06,1.005600e+09,0,5,N,N
2.550456e+03,6.751058e+05,1.153800e+07,3.692616e+03,2.359106e+06,1.494225e+07,5.899684e+03,6.759785e+06,8.477300e+07,6.102343e+03,9.439264e+06,6.800441e+08,2,49,N,N
