1.672091e+08,5.718327e+15,7.517202e+18,5.093695e+17,1.326903e+08,1.217697e+16,1.534693e+19,1.951600e+18,5.710372e+07,1.343771e+15,4.669658e+17,1.496775e+16,3,72
1.191922e+08,2.912835e+15,3.650515e+18,2.752396e+17,9.971627e+07,5.387987e+15,1.118390e+19,1.617369e+18,4.580767e+07,4.474248e+14,3.385223e+17,4.529491e+16,3,93
1.488897e+08,5.892769e+15,7.631060e+18,5.981744e+17,1.228364e+08,1.056849e+16,1.431417e+19,1.842065e+18,4.610315e+07,7.700802e+14,2.275452e+17,7.421654e+15,0,26
1.124666e+08,3.343872e+15,3.858897e+18,2.987917e+17,9.442276e+07,5.800380e+15,7.986795e+18,9.742483e+17,3.660460e+07,3.262085e+14,1.923384e+17,4.496494e+15,3,96
1.577155e+08,4.450626e+15,6.740710e+18,5.036802e+17,1.290786e+08,9.055573e+15,1.953782e+19,2.885936e+18,6.259129e+07,1.501721e+15,3.753025e+17,2.457388e+16,1,55
1.364147e+08,4.132407e+15,5.001772e+18,3.925249e+17,1.140188e+08,7.478158e+15,1.456053e+19,2.212528e+18,4.995029e+07,7.188684e+14,2.557307e+17,4.388145e+16,3,90
1.177850e+08,3.155497e+15,3.875622e+18,3.969968e+17,9.751366e+07,5.972383e+15,8.605736e+18,1.022689e+18,4.136198e+07,4.114798e+14,3.136292e+17,3.148185e+15,1,5
1.511069e+08,5.381266e+15,6.968105e+18,5.221009e+17,1.225521e+08,1.036862e+16,1.464250e+19,1.965615e+18,4.938272e+07,1.012587e+15,3.053923e+17,1.728738e+16,0,27
1.543459e+08,5.110178e+15,8.681841e+18,6.337974e+17,1.257529e+08,1.009170e+16,1.656893e+19,2.333658e+18,5.431930e+07,1.020996e+15,2.928373e+17,2.379872e+16,0,28
1.985770e+08,7.294834e+15,9.272932e+18,5.230213e+17,1.609869e+08,1.509548e+16,2.759269e+19,4.200137e+18,7.572278e+07,2.749011e+15,6.800027e+17,5.540569e+16,0,67
1.095310e+08,2.145082e+15,3.394898e+18,1.150297e+17,8.946432e+07,4.437063e+15,8.182247e+18,9.882046e+17,4.314965e+07,4.506953e+14,3.855652e+17,6.591016e+15,3,91
1.225285e+08,2.993721e+15,3.942423e+18,1.631122e+17,1.002721e+08,5.905774e+15,1.027322e+19,1.461753e+18,4.568011e+07,6.460362e+14,3.081334e+17,1.378313e+16,0,16
1.639438e+08,5.565060e+15,8.899218e+18,5.439604e+17,1.326570e+08,1.122569e+16,1.856423e+19,2.398701e+18,5.813627e+07,1.380095e+15,4.401557e+17,1.605271e+16,3,99
1.202588e+08,1.869684e+15,3.867570e+18,2.258076e+17,9.628362e+07,4.528742e+15,1.011841e+19,1.542200e+18,5.308118e+07,6.831075e+14,5.094665e+17,2.252916e+16,3,78
1.190239e+08,3.600441e+15,4.191826e+18,3.218125e+17,1.010323e+08,6.169648e+15,9.107100e+18,1.093743e+18,4.104868e+07,3.389702e+14,2.162960e+17,7.716295e+15,2,102
1.219723e+08,3.372981e+15,4.310083e+18,3.706127e+17,1.009877e+08,6.303352e+15,1.049454e+19,1.455886e+18,4.291600e+07,4.791001e+14,2.598370e+17,2.110930e+16,0,22
1.300837e+08,3.906681e+15,5.533537e+18,3.830657e+17,1.071030e+08,7.305544e+15,1.149809e+19,1.504043e+18,4.463515e+07,5.667831e+14,2.393369e+17,1.254833e+16,1,84
1.422857e+08,3.379967e+15,6.977762e+18,4.851001e+17,1.151778e+08,7.298990e+15,1.534942e+19,2.271338e+18,5.704813e+07,1.149468e+15,2.834559e+17,2.119502e+16,2,82
1.496607e+08,4.825922e+15,6.691876e+18,3.708763e+17,1.190372e+08,1.000954e+16,1.137991e+19,1.401756e+18,4.961513e+07,1.021342e+15,3.134245e+17,7.160717e+15,3,68
1.868890e+06,3.197140e+12,1.261836e+14,4.013363e+13,2.019354e+06,2.917387e+12,1.393407e+15,2.063824e+14,2.313353e+05,2.775872e+10,4.529399e+12,4.436085e+12,3,80
1.199223e+08,2.620725e+15,4.232878e+18,2.759310e+17,9.800656e+07,5.352315e+15,1.062351e+19,1.436499e+18,4.684653e+07,5.629147e+14,3.362149e+17,7.252606e+15,1,10
1.453384e+08,3.657617e+15,5.874085e+18,3.960674e+17,1.176336e+08,7.762227e+15,1.588565e+19,2.251712e+18,5.725299e+07,8.759675e+14,3.255263e+17,3.065006e+16,0,56
1.733548e+08,8.850963e+15,1.089814e+19,8.874505e+17,1.442713e+08,1.522105e+16,1.845920e+19,2.408740e+18,5.019582e+07,8.661796e+14,2.293945e+17,3.077093e+16,1,86
1.950863e+08,6.774011e+15,1.471419e+19,9.456747e+17,1.572705e+08,1.453136e+16,2.998580e+19,4.478670e+18,7.499309e+07,2.141725e+15,6.180063e+17,6.900178e+16,1,73
1.532062e+08,4.888522e+15,7.927411e+18,5.251881e+17,1.221327e+08,1.027117e+16,1.322906e+19,1.663791e+18,5.225317e+07,1.183164e+15,3.040763e+17,4.686084e+15,1,40
3.262530e+08,1.991864e+16,3.597841e+19,4.391341e+18,2.632939e+08,4.310404e+16,8.751475e+19,1.240071e+19,1.222488e+08,5.080202e+15,7.626219e+17,1.618065e+17,2,76
1.921446e+08,9.356502e+15,9.560517e+18,1.047568e+18,1.598756e+08,1.672765e+16,2.526627e+19,3.425141e+18,6.336937e+07,1.645705e+15,1.536902e+17,1.765972e+16,0,76
1.092001e+08,2.021630e+15,3.997077e+18,2.811805e+17,8.858211e+07,4.286466e+15,7.604730e+18,9.363094e+17,4.375019e+07,4.257282e+14,2.562452e+17,4.249480e+15,2,53
1.331251e+08,3.921902e+15,4.419884e+18,4.747574e+17,1.120619e+08,7.039254e+15,1.445887e+19,2.168413e+18,4.958503e+07,7.979800e+14,3.622060e+17,3.230435e+16,1,65
1.008608e+08,2.317827e+15,3.405191e+18,3.675168e+17,8.349803e+07,4.326283e+15,5.783194e+18,6.369515e+17,3.540601e+07,3.014670e+14,1.924130e+17,1.544177e+15,0,32
1.664035e+08,5.926757e+15,1.012361e+19,6.568081e+17,1.355592e+08,1.174233e+16,1.947768e+19,2.521444e+18,5.858996e+07,1.433375e+15,2.430198e+17,1.550396e+16,3,98
1.171298e+08,2.637317e+15,4.327132e+18,2.674836e+17,9.693897e+07,5.116686e+15,1.072112e+19,1.477036e+18,4.560110e+07,4.896225e+14,3.081635e+17,9.626773e+15,0,10
1.669786e+08,5.376829e+15,8.377279e+18,5.092458e+17,1.335102e+08,1.146309e+16,1.767177e+19,2.231075e+18,6.028112e+07,1.589796e+15,3.491313e+17,1.015859e+16,2,99
1.362644e+08,3.920578e+15,6.227877e+18,4.519305e+17,1.098008e+08,7.955387e+15,1.061179e+19,1.384883e+18,4.724344e+07,8.733872e+14,1.886842e+17,2.453115e+15,3,61
1.609628e+08,7.311685e+15,7.298299e+18,5.773136e+17,1.376442e+08,1.186637e+16,2.170109e+19,3.264291e+18,5.216452e+07,9.182090e+14,3.240215e+17,6.853456e+16,3,95
1.583891e+08,4.125764e+15,6.883686e+18,4.205510e+17,1.285052e+08,8.845861e+15,1.928269e+19,2.809737e+18,6.438616e+07,1.615877e+15,4.044498e+17,2.493490e+16,0,55
1.218321e+08,1.988040e+15,4.329475e+18,2.361413e+17,9.445238e+07,5.190043e+15,8.815592e+18,1.095758e+18,4.994704e+07,8.344486e+14,4.160411e+17,1.083151e+15,2,66
1.391766e+08,3.464247e+15,5.800595e+18,3.528978e+17,1.129005e+08,7.245714e+15,1.471536e+19,2.073389e+18,5.407146e+07,8.334443e+14,2.983980e+17,2.372990e+16,3,56
1.270504e+08,3.952385e+15,5.134331e+18,3.425379e+17,1.046264e+08,7.273414e+15,9.924471e+18,1.234316e+18,4.176625e+07,5.129674e+14,2.108157e+17,4.334445e+15,2,84
1.270824e+08,3.161939e+15,5.407265e+18,3.297962e+17,1.029596e+08,6.460499e+15,1.055836e+19,1.343015e+18,4.676854e+07,6.194765e+14,3.122208e+17,5.657570e+15,2,92
1.307833e+08,4.057734e+15,5.480231e+18,4.793916e+17,1.087571e+08,7.356763e+15,1.268259e+19,1.713733e+18,4.517057e+07,6.110866e+14,2.503696e+17,7.869848e+15,2,62
1.247293e+08,3.434701e+15,5.230157e+18,4.693290e+17,1.017736e+08,6.721861e+15,9.151793e+18,1.159617e+18,4.326263e+07,5.473073e+14,1.912137e+17,5.258607e+15,0,83
1.402211e+08,3.765974e+15,6.222811e+18,3.570543e+17,1.112308e+08,8.216787e+15,1.110341e+19,1.392690e+18,4.988588e+07,9.005959e+14,3.086694e+17,5.081829e+15,1,57
1.475338e+08,5.147958e+15,4.911516e+18,3.761158e+17,1.225813e+08,9.349293e+15,1.510002e+19,2.052048e+18,5.084210e+07,7.165701e+14,2.105155e+17,1.834679e+16,3,59
1.200911e+08,3.637681e+15,4.289696e+18,3.879899e+17,1.020096e+08,6.211822e+15,1.133795e+19,1.611533e+18,4.170100e+07,3.960060e+14,2.554224e+17,2.567241e+16,0,11
1.541240e+08,6.183520e+15,6.544222e+18,6.706351e+17,1.324826e+08,1.006575e+16,2.175702e+19,3.522016e+18,5.392938e+07,9.596424e+14,3.515607e+17,7.480563e+16,0,13
9.538928e+07,1.186062e+15,2.339107e+18,1.007799e+17,7.814797e+07,2.675486e+15,7.023896e+18,9.935758e+17,4.378961e+07,3.830500e+14,4.539776e+17,4.169603e+15,1,64
1.292479e+08,3.633617e+15,4.615807e+18,7.862447e+17,1.066028e+08,6.839596e+15,1.204353e+19,1.851053e+18,4.667571e+07,6.016644e+14,3.248610e+17,2.245218e+16,1,35
1.198619e+08,3.571098e+15,4.259594e+18,2.712277e+17,9.884854e+07,6.518214e+15,8.852814e+18,1.060654e+18,3.912837e+07,4.838441e+14,2.154166e+17,1.056728e+15,0,8
1.758036e+08,9.326528e+15,1.108506e+19,8.997517e+17,1.468246e+08,1.579567e+16,1.919289e+19,2.518829e+18,5.025185e+07,8.489944e+14,2.258946e+17,3.679058e+16,0,86
1.276192e+08,4.274334e+15,5.687749e+18,4.744588e+17,1.065729e+08,7.474198e+15,1.039269e+19,1.385605e+18,4.119584e+07,4.606584e+14,1.599421e+17,1.333636e+16,1,63
1.277610e+08,2.953205e+15,5.223421e+18,5.768773e+17,1.021378e+08,6.502297e+15,1.028652e+19,1.378368e+18,4.792530e+07,7.792192e+14,2.973630e+17,6.082413e+15,2,51
1.287168e+08,3.255504e+15,5.636374e+18,5.102207e+17,1.052581e+08,6.499347e+15,1.105834e+19,1.554694e+18,4.834702e+07,5.594226e+14,2.648298e+17,2.143950e+16,3,48
1.401843e+08,3.968665e+15,5.897104e+18,3.540736e+17,1.133064e+08,8.077680e+15,1.272259e+19,1.714029e+18,5.031319e+07,9.154991e+14,2.308902e+17,8.409800e+15,0,14
1.283541e+08,2.890322e+15,4.713942e+18,3.289410e+17,1.019452e+08,6.464295e+15,9.554524e+18,1.162707e+18,4.823096e+07,7.223299e+14,3.605968e+17,1.450929e+15,1,54
1.460914e+08,3.798250e+15,8.430045e+18,5.425125e+17,1.171518e+08,8.243079e+15,1.484505e+19,2.029835e+18,5.554546e+07,9.997180e+14,3.585224e+17,1.427591e+16,1,52
1.346041e+08,4.280201e+15,6.123808e+18,5.203065e+17,1.108599e+08,7.997448e+15,1.147423e+19,1.520906e+18,4.543798e+07,5.780451e+14,2.004770e+17,1.448494e+16,0,63
1.630766e+08,8.013666e+15,8.655715e+18,8.147933e+17,1.379910e+08,1.318477e+16,1.988172e+19,2.707189e+18,4.847790e+07,9.061819e+14,1.634285e+17,2.256406e+16,3,101
9.503018e+07,1.705623e+15,2.859581e+18,1.235144e+17,7.807475e+07,3.390271e+15,6.075273e+18,7.213889e+17,3.682279e+07,3.076850e+14,2.743058e+17,2.215860e+15,2,91
1.591736e+08,6.517166e+15,9.298485e+18,9.751820e+17,1.326061e+08,1.158222e+16,1.916240e+19,2.628555e+18,5.189797e+07,7.729823e+14,2.255227e+17,3.781281e+16,3,49
1.093210e+08,2.892882e+15,3.935684e+18,2.850419e+17,9.161078e+07,5.136504e+15,7.207232e+18,8.654017e+17,3.782544e+07,3.229283e+14,1.919388e+17,4.347193e+15,0,102
1.236038e+08,3.936311e+15,5.678878e+18,5.072139e+17,1.029696e+08,6.974039e+15,1.050548e+19,1.389704e+18,4.027104e+07,4.689246e+14,2.000649e+17,6.827076e+15,1,0
1.183113e+08,2.685051e+15,3.466992e+18,2.882724e+17,1.015407e+08,4.698155e+15,1.228475e+19,2.040198e+18,4.991854e+07,3.519926e+14,3.255063e+17,8.552744e+16,0,36
1.572557e+08,5.484075e+15,8.548627e+18,6.336321e+17,1.291587e+08,1.048653e+16,1.861785e+19,2.681929e+18,5.514837e+07,1.018799e+15,2.917532e+17,3.874307e+16,0,18
1.304174e+08,1.924662e+15,4.976307e+18,2.658225e+17,1.069299e+08,4.508149e+15,1.500677e+19,2.580863e+18,6.328485e+07,1.092178e+15,7.078357e+17,6.031362e+16,2,97
1.858477e+08,5.372668e+15,1.094144e+19,1.288385e+18,1.436603e+08,1.329370e+16,2.170659e+19,3.380057e+18,7.081427e+07,2.296077e+15,2.856183e+17,1.789394e+16,2,79
1.663578e+08,5.010311e+15,1.112391e+19,1.205718e+18,1.306923e+08,1.126942e+16,1.730123e+19,2.547800e+18,6.023658e+07,1.647172e+15,2.262532e+17,1.142655e+16,3,79
1.572317e+08,8.166039e+15,9.079443e+18,8.306389e+17,1.330946e+08,1.318268e+16,1.477013e+19,1.933906e+18,4.272955e+07,6.011868e+14,1.379980e+17,2.167849e+16,3,86
9.029834e+07,1.755649e+15,2.760261e+18,2.190241e+17,7.583018e+07,3.176265e+15,5.510983e+18,6.828325e+17,3.396901e+07,2.200761e+14,2.033774e+17,2.771445e+15,1,94
1.383952e+08,3.536730e+15,7.138294e+18,5.907328e+17,1.118572e+08,7.468174e+15,1.245327e+19,1.704875e+18,5.248393e+07,7.325076e+14,2.852620e+17,1.953448e+16,1,48
1.536802e+08,6.155296e+15,9.173132e+18,6.820660e+17,1.273288e+08,1.100254e+16,1.493778e+19,1.842712e+18,4.888728e+07,9.910538e+14,1.349889e+17,1.939772e+16,0,98
1.592614e+08,4.213868e+15,8.281757e+18,4.631133e+17,1.248932e+08,9.859332e+15,1.493277e+19,1.936717e+18,5.998212e+07,1.402657e+15,3.930360e+17,9.313825e+15,1,61
1.117547e+08,3.397487e+15,3.704339e+18,2.609654e+17,9.405238e+07,5.784956e+15,7.960491e+18,9.672533e+17,3.578592e+07,3.138761e+14,1.769894e+17,3.511364e+15,0,96
1.143142e+08,2.460124e+15,4.243277e+18,4.249079e+17,9.135175e+07,5.318022e+15,6.990830e+18,8.514075e+17,4.189904e+07,5.358457e+14,2.911298e+17,5.124919e+13,2,37
1.288103e+08,4.126075e+15,5.594417e+18,3.632304e+17,1.066195e+08,7.468673e+15,1.097110e+19,1.412530e+18,4.244412e+07,5.201033e+14,2.096067e+17,9.148138e+15,0,84
1.163836e+08,2.144300e+15,4.050344e+18,3.149563e+17,9.938782e+07,3.991899e+15,1.280623e+19,2.210949e+18,5.322441e+07,6.576890e+14,5.324227e+17,5.672479e+16,0,97
1.374315e+08,6.530647e+15,3.873228e+18,3.821212e+17,1.196655e+08,9.759542e+15,1.298920e+19,1.736831e+18,3.890487e+07,3.187109e+14,9.502151e+16,1.587164e+16,0,74
1.411794e+08,5.352170e+15,7.014034e+18,5.203900e+17,1.169861e+08,9.494584e+15,1.286252e+19,1.656093e+18,4.385860e+07,6.630281e+14,1.765528e+17,6.966269e+15,1,104
1.607553e+08,6.408539e+15,7.965053e+18,4.950518e+17,1.323573e+08,1.179435e+16,1.705635e+19,2.296803e+18,5.230858e+07,1.007269e+15,2.378216e+17,1.603328e+16,1,88
1.646289e+06,2.489014e+12,1.286576e+14,5.936439e+13,1.790343e+06,2.314465e+12,1.026628e+15,1.557213e+14,2.126834e+05,2.577958e+10,4.009685e+12,3.907241e+12,0,80
1.182837e+08,3.195269e+15,3.942736e+18,3.805123e+17,9.827012e+07,5.950522e+15,9.944893e+18,1.317597e+18,4.175448e+07,4.459842e+14,2.680589e+17,1.249476e+16,0,34
1.231264e+08,2.968268e+15,4.695255e+18,2.665912e+17,1.001047e+08,6.010824e+15,1.009757e+19,1.291962e+18,4.568381e+07,5.444637e+14,2.943382e+17,8.758160e+15,1,92
1.255693e+08,3.904976e+15,4.534122e+18,3.077459e+17,1.037189e+08,7.119365e+15,1.049717e+19,1.365998e+18,4.123943e+07,5.001314e+14,1.909413e+17,1.290066e+16,0,25
1.756103e+08,6.879997e+15,8.091643e+18,7.491152e+17,1.443416e+08,1.307308e+16,2.286402e+19,3.106055e+18,6.144334e+07,1.116776e+15,2.111506e+17,4.182068e+16,0,70
1.146210e+08,3.325720e+15,5.487287e+18,3.898674e+17,9.561688e+07,5.865720e+15,8.384051e+18,1.007039e+18,3.803369e+07,3.812970e+14,1.545592e+17,1.098901e+15,0,3
1.488122e+08,5.107101e+15,4.476353e+18,3.340056e+17,1.232892e+08,9.400810e+15,1.577697e+19,2.139139e+18,5.187728e+07,7.834562e+14,2.080018e+17,1.580587e+16,0,59
1.345046e+08,3.369729e+15,4.926124e+18,3.666101e+17,1.093864e+08,6.981311e+15,1.279701e+19,1.774425e+18,5.154460e+07,9.407989e+14,3.515310e+17,1.226268e+16,2,81
1.550566e+08,4.529470e+15,7.394220e+18,5.170183e+17,1.233633e+08,9.793769e+15,1.428903e+19,1.900458e+18,5.609373e+07,1.292283e+15,2.464298e+17,5.786163e+15,2,61
9.893109e+07,1.217419e+15,2.474480e+18,1.316951e+17,8.055527e+07,2.839483e+15,7.380684e+18,9.896307e+17,4.575144e+07,3.807033e+14,4.751385e+17,2.165996e+15,2,64
1.604488e+08,7.923580e+15,7.655495e+18,6.123491e+17,1.385276e+08,1.232499e+16,2.091067e+19,3.091300e+18,4.951652e+07,8.517751e+14,2.625543e+17,6.196028e+16,0,95
1.263776e+08,3.910187e+15,5.585512e+18,4.285193e+17,1.041945e+08,7.175377e+15,1.086808e+19,1.442175e+18,4.169205e+07,5.467191e+14,1.990812e+17,6.887511e+15,0,0
1.665833e+08,7.346575e+15,1.045652e+19,9.142149e+17,1.378546e+08,1.313271e+16,1.889418e+19,2.453711e+18,5.216032e+07,9.017463e+14,2.280928e+17,2.316550e+16,1,49
1.349818e+08,4.512975e+15,6.139092e+18,6.181975e+17,1.131624e+08,8.018212e+15,1.380310e+19,1.869616e+18,4.599925e+07,6.470849e+14,2.563085e+17,9.301535e+15,3,62
1.059100e+08,1.993685e+15,3.479080e+18,2.204789e+17,8.616732e+07,4.131386e+15,6.855158e+18,8.344404e+17,4.165454e+07,3.914219e+14,2.328433e+17,2.613256e+15,0,53
1.205171e+08,3.058990e+15,3.332551e+18,3.673783e+17,1.002126e+08,5.682327e+15,1.066942e+19,1.549881e+18,4.522111e+07,5.502625e+14,3.834475e+17,1.062997e+16,1,33
2.038976e+08,7.256446e+15,1.862795e+19,1.671289e+18,1.591172e+08,1.688216e+16,2.517480e+19,3.367825e+18,7.396759e+07,2.889801e+15,2.431778e+17,6.645814e+15,0,79
1.168045e+08,2.992561e+15,4.391751e+18,2.805822e+17,9.586447e+07,5.721551e+15,8.648172e+18,1.085814e+18,4.116694e+07,4.554346e+14,2.342022e+17,3.750813e+15,0,92
1.366632e+08,3.132677e+15,6.074895e+18,3.281091e+17,1.102373e+08,6.808398e+15,1.356103e+19,1.983109e+18,5.430062e+07,9.980031e+14,3.174229e+17,2.049632e+16,1,82
1.434507e+08,4.356806e+15,6.549510e+18,4.538073e+17,1.192680e+08,8.117801e+15,1.598692e+19,2.457754e+18,5.337832e+07,8.864477e+14,3.219936e+17,4.603208e+16,1,90
1.158153e+08,2.196056e+15,4.324950e+18,3.957138e+17,9.370414e+07,4.824267e+15,9.029318e+18,1.246083e+18,4.694766e+07,5.032063e+14,2.961714e+17,1.840991e+16,2,58
9.983664e+07,2.541094e+15,3.252013e+18,2.440245e+17,8.291463e+07,4.547525e+15,5.160176e+18,5.308472e+17,3.251051e+07,2.870878e+14,1.993156e+17,7.572082e+14,0,39
1.640640e+08,5.825988e+15,8.212305e+18,4.367871e+17,1.302382e+08,1.214799e+16,1.357485e+19,1.693686e+18,5.391082e+07,1.273701e+15,3.231995e+17,1.491246e+16,2,68
1.193048e+08,3.209236e+15,5.189348e+18,5.291117e+17,9.895809e+07,6.080559e+15,9.646632e+18,1.261454e+18,4.235299e+07,4.325118e+14,2.574738e+17,7.199078e+15,2,71
1.432027e+08,3.385044e+15,5.223396e+18,3.227939e+17,1.147755e+08,7.467562e+15,1.437242e+19,2.014438e+18,5.687190e+07,1.077233e+15,4.752053e+17,2.440414e+16,0,17
1.220117e+08,3.744954e+15,4.698589e+18,3.229974e+17,1.013719e+08,6.705120e+15,9.493083e+18,1.185993e+18,4.018592e+07,4.357165e+14,2.215786e+17,7.893108e+15,1,96
1.067496e+08,2.055632e+15,4.012653e+18,3.044866e+17,8.574096e+07,4.406936e+15,7.217905e+18,8.825599e+17,4.058846e+07,4.671037e+14,2.817177e+17,3.303500e+15,3,77
1.090180e+08,1.614371e+15,2.917315e+18,2.493813e+17,8.594896e+07,4.038138e+15,7.013911e+18,8.076117e+17,4.601421e+07,5.425399e+14,4.236080e+17,2.508002e+14,2,75
1.189751e+08,3.667415e+15,4.640365e+18,4.129210e+17,1.005496e+08,6.293923e+15,1.022205e+19,1.415969e+18,4.000893e+07,3.598630e+14,1.572724e+17,2.835918e+16,3,63
2.355126e+08,8.947844e+15,1.289049e+19,6.592130e+17,1.878817e+08,2.020855e+16,3.920561e+19,6.134164e+18,9.344828e+07,4.237321e+15,1.161372e+18,1.245363e+17,2,67
1.228220e+08,2.151817e+15,4.508936e+18,3.330234e+17,1.041710e+08,4.219326e+15,1.433306e+19,2.566445e+18,5.795712e+07,8.713878e+14,5.955270e+17,5.713086e+16,3,97
1.734558e+08,5.792386e+15,9.442928e+18,7.265322e+17,1.428699e+08,1.144238e+16,2.566128e+19,4.032983e+18,6.678053e+07,1.563116e+15,5.152196e+17,7.114956e+16,0,73
9.460294e+07,1.608625e+15,3.055986e+18,2.580675e+17,7.748853e+07,3.309934e+15,5.841482e+18,7.448177e+17,3.741071e+07,3.114610e+14,2.388581e+17,3.098546e+15,2,94
1.277533e+08,3.270366e+15,4.626086e+18,3.162645e+17,1.058362e+08,6.280727e+15,1.241603e+19,1.822064e+18,4.865198e+07,6.018687e+14,3.598245e+17,2.881247e+16,1,87
1.526101e+08,6.120486e+15,6.802014e+18,5.128706e+17,1.264250e+08,1.091720e+16,1.448852e+19,2.009162e+18,4.820936e+07,7.634771e+14,2.733493e+17,2.064400e+16,0,15
1.043510e+08,1.458970e+15,3.013667e+18,2.941712e+17,8.442025e+07,3.386279e+15,7.940980e+18,1.021648e+18,4.624228e+07,4.183169e+14,3.596244e+17,1.238056e+16,0,38
1.825744e+08,6.650165e+15,1.038083e+19,9.385059e+17,1.441604e+08,1.441764e+16,1.874124e+19,2.516521e+18,6.276974e+07,1.681519e+15,5.208593e+17,2.103686e+16,2,72
1.285027e+08,3.336347e+15,5.968992e+18,5.940379e+17,1.053441e+08,6.610266e+15,1.077971e+19,1.477989e+18,4.764398e+07,5.479719e+14,2.449907e+17,1.797093e+16,0,48
1.442151e+08,4.882631e+15,6.609030e+18,4.034960e+17,1.177213e+08,9.237391e+15,1.328284e+19,1.668327e+18,4.810387e+07,9.332629e+14,2.517408e+17,9.125470e+15,0,99
1.354701e+08,5.884295e+15,5.670187e+18,4.269719e+17,1.136792e+08,9.699457e+15,1.004734e+19,1.290032e+18,3.704427e+07,5.040618e+14,1.317989e+17,7.559889e+15,0,100
1.856501e+08,6.857729e+15,1.149824e+19,9.662414e+17,1.493397e+08,1.437428e+16,2.431806e+19,3.290526e+18,6.653873e+07,1.535168e+15,3.273860e+17,3.855305e+16,2,60
1.725477e+08,6.638993e+15,1.151786e+19,7.588426e+17,1.384649e+08,1.334823e+16,1.832537e+19,2.415339e+18,5.701426e+07,1.438371e+15,2.346493e+17,1.860528e+16,0,23
1.563469e+08,6.409391e+15,9.037034e+18,8.408809e+17,1.296173e+08,1.145386e+16,1.640323e+19,2.170070e+18,4.957957e+07,7.602754e+14,1.942938e+17,2.331711e+16,0,49
9.690029e+07,1.787508e+15,3.248471e+18,2.432455e+17,7.946363e+07,3.571047e+15,5.896133e+18,7.214882e+17,3.724776e+07,3.294247e+14,2.266001e+17,2.020113e+15,0,94
1.009913e+08,1.591545e+15,2.765837e+18,1.791570e+17,8.299639e+07,3.345714e+15,7.507971e+18,9.453272e+17,4.315028e+07,3.419851e+14,3.446588e+17,8.191375e+15,1,38
1.190462e+08,2.898723e+15,4.617084e+18,2.719989e+17,9.716794e+07,5.743061e+15,9.219566e+18,1.176471e+18,4.332914e+07,4.946727e+14,2.631560e+17,5.682359e+15,3,92
1.356435e+08,3.620432e+15,4.951008e+18,3.490103e+17,1.109310e+08,7.227001e+15,1.303736e+19,1.840147e+18,5.092342e+07,9.696496e+14,3.314862e+17,1.389164e+16,3,81
1.549399e+08,5.905092e+15,8.235216e+18,5.207025e+17,1.270555e+08,1.102972e+16,1.568147e+19,2.121511e+18,5.022144e+07,9.566669e+14,2.244029e+17,1.598312e+16,0,88
1.465368e+08,3.790765e+15,5.102350e+18,3.479009e+17,1.179152e+08,8.097141e+15,1.476540e+19,2.105788e+18,5.663489e+07,1.183705e+15,3.858480e+17,1.799591e+16,1,81
1.361826e+08,4.045636e+15,5.778639e+18,5.784708e+17,1.118092e+08,7.811865e+15,1.319360e+19,1.850636e+18,4.821933e+07,6.682350e+14,2.338492e+17,2.952174e+16,1,69
1.272846e+08,2.673752e+15,4.704297e+18,2.634441e+17,9.985552e+07,6.267718e+15,8.894057e+18,1.057692e+18,4.823235e+07,7.764672e+14,3.528322e+17,1.010283e+15,0,54
1.558501e+08,3.745573e+15,7.150216e+18,4.860365e+17,1.244454e+08,8.576991e+15,1.800532e+19,2.609047e+18,6.324506e+07,1.168030e+15,4.091517e+17,4.323980e+16,1,56
1.277180e+08,3.601076e+15,3.959890e+18,2.312880e+17,1.055166e+08,6.759730e+15,1.121780e+19,1.564331e+18,4.551472e+07,6.370520e+14,3.030266e+17,1.347390e+16,0,85
1.601642e+08,5.123568e+15,7.612400e+18,6.749499e+17,1.300475e+08,1.032088e+16,1.952185e+19,2.824863e+18,5.872372e+07,1.303792e+15,4.145682e+17,4.151753e+16,3,47
1.326574e+08,2.677669e+15,5.669948e+18,4.763116e+17,1.054734e+08,6.223713e+15,1.123130e+19,1.529829e+18,5.392322e+07,7.509953e+14,3.705419e+17,1.638908e+16,0,58
1.113534e+08,2.391703e+15,3.552565e+18,2.147294e+17,8.975115e+07,4.968206e+15,7.021704e+18,7.757945e+17,4.095588e+07,4.685267e+14,2.748350e+17,1.405592e+14,2,54
1.712652e+08,4.062103e+15,8.079998e+18,5.153429e+17,1.371019e+08,9.572182e+15,2.329253e+19,3.539017e+18,7.348398e+07,1.997753e+15,6.040933e+17,3.789720e+16,3,55
1.138860e+08,2.203897e+15,4.218212e+18,3.765120e+17,9.233972e+07,4.731927e+15,8.582801e+18,1.187692e+18,4.547902e+07,4.732580e+14,2.872735e+17,1.498600e+16,1,58
1.222155e+08,2.785669e+15,4.342397e+18,5.401783e+17,9.892486e+07,5.848639e+15,1.000735e+19,1.359260e+18,4.623042e+07,6.256646e+14,3.529048e+17,7.902427e+15,0,2
1.433799e+08,5.775695e+15,5.872883e+18,4.397592e+17,1.201817e+08,9.956293e+15,1.385856e+19,1.889560e+18,4.418472e+07,6.022164e+14,2.394452e+17,2.735620e+16,1,46
1.711343e+08,8.588270e+15,9.660140e+18,8.045033e+17,1.433228e+08,1.460583e+16,2.009736e+19,2.649237e+18,5.065937e+07,1.006280e+15,1.887868e+17,1.935095e+16,0,101
1.546090e+08,4.717070e+15,9.789954e+18,8.044694e+17,1.242323e+08,9.849104e+15,1.602480e+19,2.162091e+18,5.564265e+07,1.143558e+15,2.496315e+17,1.041388e+16,0,43
1.328075e+08,3.804301e+15,3.336184e+18,1.824853e+17,1.087453e+08,7.360888e+15,1.085941e+19,1.488591e+18,4.712152e+07,8.125197e+14,4.006547e+17,1.663954e+16,0,42
1.130837e+08,3.054669e+15,3.165674e+18,2.456293e+17,9.638268e+07,5.172088e+15,1.034674e+19,1.481288e+18,4.118663e+07,3.332957e+14,2.660256e+17,3.565862e+16,2,93
1.421379e+08,6.437311e+15,4.940637e+18,5.667497e+17,1.236106e+08,9.771164e+15,1.591118e+19,2.236844e+18,4.343633e+07,5.261748e+14,8.262584e+16,2.060714e+16,0,103
1.300036e+08,3.833080e+15,5.108084e+18,2.759324e+17,1.075891e+08,7.106780e+15,1.188687e+19,1.599371e+18,4.570869e+07,6.832235e+14,2.717088e+17,1.022579e+16,2,85
1.323851e+08,2.255624e+15,5.616263e+18,2.572558e+17,1.017114e+08,6.182165e+15,1.018068e+19,1.215967e+18,5.422586e+07,1.007307e+15,4.403090e+17,1.258217e+16,1,77
1.061993e+08,1.980060e+15,3.173893e+18,1.366323e+17,8.706281e+07,4.060767e+15,7.903473e+18,9.413162e+17,4.256626e+07,3.925215e+14,3.714029e+17,6.504036e+14,1,91
1.413358e+08,3.532225e+15,5.601598e+18,3.338919e+17,1.153840e+08,7.256605e+15,1.536884e+19,2.305428e+18,5.615027e+07,9.137439e+14,4.645498e+17,2.878061e+16,2,87
1.366400e+08,4.628485e+15,7.387092e+18,6.323984e+17,1.135140e+08,8.371250e+15,1.325312e+19,1.835752e+18,4.548826e+07,6.828260e+14,1.907875e+17,1.210005e+16,1,43
1.494686e+08,5.319009e+15,7.227263e+18,4.506100e+17,1.228235e+08,9.948118e+15,1.534565e+19,2.092460e+18,4.989779e+07,8.652527e+14,2.472980e+17,1.742437e+16,3,88
1.334872e+08,4.112642e+15,5.829234e+18,4.277148e+17,1.104680e+08,7.584316e+15,1.284993e+19,1.742917e+18,4.642617e+07,5.783375e+14,2.771657e+17,1.536106e+16,1,45
1.107241e+08,3.078751e+15,3.692386e+18,2.407710e+17,9.330560e+07,5.315861e+15,7.761970e+18,9.619847e+17,3.783518e+07,3.092814e+14,1.917234e+17,6.778684e+15,3,102
1.408805e+08,3.616835e+15,6.961103e+18,4.385115e+17,1.136247e+08,7.668127e+15,1.365914e+19,1.841631e+18,5.354480e+07,8.506555e+14,3.361898e+17,1.206028e+16,0,52
9.711649e+07,1.712350e+15,3.147408e+18,2.131862e+17,8.060326e+07,3.339558e+15,6.309227e+18,7.444148e+17,3.933607e+07,2.788374e+14,2.474323e+17,1.253802e+15,1,53
1.130189e+08,3.125727e+15,3.521233e+18,3.656919e+17,9.509987e+07,5.544417e+15,9.425978e+18,1.229508e+18,3.926710e+07,3.559033e+14,2.447267e+17,1.051095e+16,1,34
1.462379e+08,5.990147e+15,6.290950e+18,4.540645e+17,1.206746e+08,1.059437e+16,1.251599e+19,1.638508e+18,4.334068e+07,7.149803e+14,1.950034e+17,1.143153e+16,1,100
1.253382e+08,3.324591e+15,3.859371e+18,2.675885e+17,1.047107e+08,6.115031e+15,1.208677e+19,1.771239e+18,4.722821e+07,5.232330e+14,3.512009e+17,4.164888e+16,1,93
1.846583e+08,5.715871e+15,1.138339e+19,1.032227e+18,1.496709e+08,1.237065e+16,2.827886e+19,4.464334e+18,7.458056e+07,1.983353e+15,6.064829e+17,9.326313e+16,2,73
1.027300e+08,1.668764e+15,2.732729e+18,1.742514e+17,8.368041e+07,3.597253e+15,6.993027e+18,7.929723e+17,4.301538e+07,3.695172e+14,4.514781e+17,5.747564e+13,0,75
1.156141e+08,2.940138e+15,4.310468e+18,3.467036e+17,9.471192e+07,5.686255e+15,8.250395e+18,1.074798e+18,4.058513e+07,4.478411e+14,1.973613e+17,6.732259e+15,2,83
1.195282e+08,3.330181e+15,4.712908e+18,3.847611e+17,9.835848e+07,6.286299e+15,8.254268e+18,1.008517e+18,4.071844e+07,4.568218e+14,1.929587e+17,2.499682e+15,1,83
1.682407e+08,5.378861e+15,6.846671e+18,5.790316e+17,1.349853e+08,1.136750e+16,2.001908e+19,2.826964e+18,6.177651e+07,1.451720e+15,3.987705e+17,3.819165e+16,0,47
1.087533e+08,2.950407e+15,3.086668e+18,2.970045e+17,9.728047e+07,4.315838e+15,1.150694e+19,1.915110e+18,4.321176e+07,2.182557e+14,2.632566e+17,6.594269e+16,1,36
1.328427e+08,4.517247e+15,7.444122e+18,6.488550e+17,1.096072e+08,8.200419e+15,1.097900e+19,1.521542e+18,4.248445e+07,6.166714e+14,1.545570e+17,1.366088e+16,0,1
1.644269e+08,4.190312e+15,7.423242e+18,4.250648e+17,1.334422e+08,9.112030e+15,2.152097e+19,3.233694e+18,6.899699e+07,1.883862e+15,5.264480e+17,3.847949e+16,2,55
2.041142e+08,7.755108e+15,1.543556e+19,1.403299e+18,1.628703e+08,1.694820e+16,2.750934e+19,3.736475e+18,7.489966e+07,2.670330e+15,3.321681e+17,1.892186e+16,3,76
1.304094e+08,3.668430e+15,4.217253e+18,3.771357e+17,1.090826e+08,6.705911e+15,1.350054e+19,1.997724e+18,4.862570e+07,7.620966e+14,3.359748e+17,2.808024e+16,0,65
1.445736e+08,5.935511e+15,7.843021e+18,6.052865e+17,1.195691e+08,1.040388e+16,1.165129e+19,1.453927e+18,4.257503e+07,6.785271e+14,1.407416e+17,3.827983e+15,0,104
1.415443e+08,4.333236e+15,5.860793e+18,4.739542e+17,1.160129e+08,8.363435e+15,1.448876e+19,2.039350e+18,5.022035e+07,8.499122e+14,3.566146e+17,1.175463e+16,0,6
1.299177e+08,3.095171e+15,5.895193e+18,4.901279e+17,1.038262e+08,6.767886e+15,1.058059e+19,1.386367e+18,4.826802e+07,8.326956e+14,2.962242e+17,6.608453e+15,0,51
1.660227e+08,6.245667e+15,1.115604e+19,8.183159e+17,1.359675e+08,1.194749e+16,1.926792e+19,2.456305e+18,5.693841e+07,1.443151e+15,1.620181e+17,1.525228e+16,1,98
2.550541e+06,5.907669e+12,2.604747e+14,4.222386e+13,2.763570e+06,5.458553e+12,2.826777e+15,4.311360e+14,3.330426e+05,5.765769e+10,1.164945e+13,1.104840e+13,1,80
1.224431e+08,3.720497e+15,5.476997e+18,4.622393e+17,1.012481e+08,6.850766e+15,8.844546e+18,1.092630e+18,4.025728e+07,4.627238e+14,1.814609e+17,2.410854e+15,0,71
1.182261e+08,1.869186e+15,3.306507e+18,1.439923e+17,9.557189e+07,4.374613e+15,1.041042e+19,1.605281e+18,5.234306e+07,6.331318e+14,5.403828e+17,3.035529e+16,1,78
1.319530e+08,3.957758e+15,5.178340e+18,3.739010e+17,1.100407e+08,7.188734e+15,1.292651e+19,1.926064e+18,4.720500e+07,7.019668e+14,2.445693e+17,2.985843e+16,0,90
1.391950e+08,3.689248e+15,6.160117e+18,3.419736e+17,1.103036e+08,8.068037e+15,1.098121e+19,1.377083e+18,4.956558e+07,8.821139e+14,3.131892e+17,6.861926e+15,3,57
1.489067e+08,6.798227e+15,6.995154e+18,5.240323e+17,1.275979e+08,1.075496e+16,1.782485e+19,2.510567e+18,4.520876e+07,6.442152e+14,2.093950e+17,2.821517e+16,0,20
1.547836e+08,4.001076e+15,7.790414e+18,4.319674e+17,1.208918e+08,9.565641e+15,1.367506e+19,1.723256e+18,5.765046e+07,1.235891e+15,4.306326e+17,1.036000e+16,2,57
1.403107e+08,5.536622e+15,5.972833e+18,5.691003e+17,1.200730e+08,8.972900e+15,1.558250e+19,2.239794e+18,4.569571e+07,6.436556e+14,1.456859e+17,2.430724e+16,2,103
1.526140e+08,5.939944e+15,7.819879e+18,5.310332e+17,1.260743e+08,1.075218e+16,1.577425e+19,2.146380e+18,4.904009e+07,9.229080e+14,2.145641e+17,1.501534e+16,2,88
1.307616e+08,2.998715e+15,5.541946e+18,3.487200e+17,1.056955e+08,6.369712e+15,1.219061e+19,1.779168e+18,5.100154e+07,8.967158e+14,2.849430e+17,1.505858e+16,0,82
1.355411e+08,2.762445e+15,4.641396e+18,2.249990e+17,1.071666e+08,6.537135e+15,1.133660e+19,1.600020e+18,5.470886e+07,1.139806e+15,3.473689e+17,8.531665e+15,3,50
1.403084e+08,3.674574e+15,4.765449e+18,3.594941e+17,1.133203e+08,7.724921e+15,1.326586e+19,1.827537e+18,5.280633e+07,8.485423e+14,4.586805e+17,2.923845e+16,0,35
1.260023e+08,3.290765e+15,3.987680e+18,1.909973e+17,1.039568e+08,6.312498e+15,1.110451e+19,1.487383e+18,4.660806e+07,6.348681e+14,3.234208e+17,7.389818e+15,1,85
1.543843e+08,6.063445e+15,9.263317e+18,7.449453e+17,1.258091e+08,1.136425e+16,1.333878e+19,1.681303e+18,4.794902e+07,9.949378e+14,1.282524e+17,4.341829e+15,0,89
1.426532e+08,3.493831e+15,6.217595e+18,4.099179e+17,1.150723e+08,7.518398e+15,1.527752e+19,2.212284e+18,5.599529e+07,9.101536e+14,3.481504e+17,2.649606e+16,2,56
1.849021e+08,5.869896e+15,1.366061e+19,1.433307e+18,1.436572e+08,1.385319e+16,1.996716e+19,2.745364e+18,6.720287e+07,2.267173e+15,1.923021e+17,1.076789e+16,1,79
1.305605e+08,4.110629e+15,5.414433e+18,3.964033e+17,1.089579e+08,7.404323e+15,1.253430e+19,1.692406e+18,4.488109e+07,5.221578e+14,2.525205e+17,2.443771e+16,0,69
1.135210e+08,3.295145e+15,3.631340e+18,2.984861e+17,9.483641e+07,5.873238e+15,8.113824e+18,1.006678e+18,3.744551e+07,3.514676e+14,1.872948e+17,6.656351e+15,2,96
1.420961e+08,3.631451e+15,5.789791e+18,4.089628e+17,1.153412e+08,7.534419e+15,1.493168e+19,2.225104e+18,5.529524e+07,8.768887e+14,4.434949e+17,2.740179e+16,0,87
1.671674e+08,5.379940e+15,7.270849e+18,4.735941e+17,1.368789e+08,1.072275e+16,2.205236e+19,3.383326e+18,6.365729e+07,1.558419e+15,4.877972e+17,5.293905e+16,0,21
1.391008e+08,5.739141e+15,5.600848e+18,3.942630e+17,1.170844e+08,9.565036e+15,1.287722e+19,1.744357e+18,4.142072e+07,5.338938e+14,2.108384e+17,2.147169e+16,0,46
1.503145e+08,5.701805e+15,8.681966e+18,6.326166e+17,1.230575e+08,1.058288e+16,1.379284e+19,1.776335e+18,4.755680e+07,9.582419e+14,1.536792e+17,8.449056e+15,1,89
1.446207e+08,5.483067e+15,7.501058e+18,6.413691e+17,1.205618e+08,9.820921e+15,1.457354e+19,1.933654e+18,4.651403e+07,6.807254e+14,2.018403e+17,2.082812e+16,1,60
1.127518e+08,2.641991e+15,4.053187e+18,5.400547e+17,9.196574e+07,5.365646e+15,7.430494e+18,9.386261e+17,4.079455e+07,4.523222e+14,2.510398e+17,2.842162e+15,1,37
1.904353e+08,7.055063e+15,1.341180e+19,1.213593e+18,1.518652e+08,1.512486e+16,2.287405e+19,3.095565e+18,6.804869e+07,2.126176e+15,3.335142e+17,1.251398e+16,1,76
2.391224e+08,9.470548e+15,1.285213e+19,5.996226e+17,1.922756e+08,2.073968e+16,4.001511e+19,6.313978e+18,9.511107e+07,4.612445e+15,1.246126e+18,1.185807e+17,3,67
1.200889e+08,3.407750e+15,3.671520e+18,2.573537e+17,1.003954e+08,6.105072e+15,1.035872e+19,1.458258e+18,4.204678e+07,5.279043e+14,2.469670e+17,1.690238e+16,0,44
1.666456e+08,8.415736e+15,9.452540e+18,8.392543e+17,1.406274e+08,1.394930e+16,1.987409e+19,2.671138e+18,4.889510e+07,9.337113e+14,1.835222e+17,2.332753e+16,1,101
1.437123e+08,5.956177e+15,5.365506e+18,4.731135e+17,1.215613e+08,1.001061e+16,1.320401e+19,1.725022e+18,4.441611e+07,4.937790e+14,1.666643e+17,1.645889e+16,1,74
1.507556e+08,5.557135e+15,8.258534e+18,8.546246e+17,1.238732e+08,1.047592e+16,1.311095e+19,1.719524e+18,4.947535e+07,7.243027e+14,1.883158e+17,2.557097e+16,2,74
1.203140e+08,3.853040e+15,4.029401e+18,3.197522e+17,1.003614e+08,6.727207e+15,9.321425e+18,1.198464e+18,3.845685e+07,4.069778e+14,1.774320e+17,8.556551e+15,1,25
9.497053e+07,1.788243e+15,3.168312e+18,2.259496e+17,7.855104e+07,3.441710e+15,5.986599e+18,7.639554e+17,3.632011e+07,3.018383e+14,2.129258e+17,3.850107e+15,3,94
1.621947e+08,5.529977e+15,8.841268e+18,4.990079e+17,1.282638e+08,1.177798e+16,1.334503e+19,1.656505e+18,5.393704e+07,1.316313e+15,2.687351e+17,1.519982e+16,1,68
1.133539e+08,2.206138e+15,3.839363e+18,2.863270e+17,9.258205e+07,4.609142e+15,8.864004e+18,1.214622e+18,4.565085e+07,4.374201e+14,3.154898e+17,1.371354e+16,3,58
1.325007e+08,4.199483e+15,5.553294e+18,4.255125e+17,1.096036e+08,7.688334e+15,1.206751e+19,1.687185e+18,4.487754e+07,5.989946e+14,1.993825e+17,1.300638e+16,0,31
1.482246e+08,3.806593e+15,8.312318e+18,6.040383e+17,1.187883e+08,8.333452e+15,1.571516e+19,2.207063e+18,5.711787e+07,1.054594e+15,3.505323e+17,1.595719e+16,3,52
1.282009e+08,3.128250e+15,4.549882e+18,5.514734e+17,1.055426e+08,6.090930e+15,1.256933e+19,1.961513e+18,5.015655e+07,7.466318e+14,4.600255e+17,1.610698e+16,0,33
1.385193e+08,4.610337e+15,5.661292e+18,4.265449e+17,1.168942e+08,7.989497e+15,1.498474e+19,2.263776e+18,4.914629e+07,7.245034e+14,2.641687e+17,3.710106e+16,2,90
1.426972e+08,4.052063e+15,4.175869e+18,2.143333e+17,1.162088e+08,8.150662e+15,1.301571e+19,1.762557e+18,5.257739e+07,9.615766e+14,5.502207e+17,1.965667e+16,1,42
1.465850e+08,3.283788e+15,6.346660e+18,4.526484e+17,1.161486e+08,7.650178e+15,1.348062e+19,1.888420e+18,5.918607e+07,1.470636e+15,3.442143e+17,5.464679e+15,1,50
1.097641e+08,3.006750e+15,4.118254e+18,2.915442e+17,9.229883e+07,5.217605e+15,8.120578e+18,1.046182e+18,3.753232e+07,3.050371e+14,1.954102e+17,1.004886e+16,1,102
1.852116e+08,5.357894e+15,1.190657e+19,9.205422e+17,1.486957e+08,1.220825e+16,2.815290e+19,4.412880e+18,7.560960e+07,2.093860e+15,6.811743e+17,9.388857e+16,3,73
1.122503e+08,2.030223e+15,4.662045e+18,2.241960e+17,8.858535e+07,4.720904e+15,7.504876e+18,8.803736e+17,4.355412e+07,5.886495e+14,2.974540e+17,6.410482e+15,2,77
1.433010e+08,4.002513e+15,5.068401e+18,4.873603e+17,1.193903e+08,7.713500e+15,1.686196e+19,2.505608e+18,5.620399e+07,9.971148e+14,5.113522e+17,4.025361e+16,3,65
1.415653e+08,3.827777e+15,6.635376e+18,3.844093e+17,1.121882e+08,8.378699e+15,1.139022e+19,1.418463e+18,5.033076e+07,9.166280e+14,3.240155e+17,5.386829e+15,0,57
1.258424e+08,2.813822e+15,5.493511e+18,4.885969e+17,1.001371e+08,6.315679e+15,9.482655e+18,1.177472e+18,4.715832e+07,7.276804e+14,3.018286e+17,1.934185e+15,1,51
1.258224e+08,3.082068e+15,5.020872e+18,4.345722e+17,1.015203e+08,6.545695e+15,9.824030e+18,1.252613e+18,4.600929e+07,7.028697e+14,2.636066e+17,4.552908e+15,3,51
1.172384e+08,2.190135e+15,3.931166e+18,2.351836e+17,9.230771e+07,5.176025e+15,7.492497e+18,8.519381e+17,4.555192e+07,6.716674e+14,3.555834e+17,1.971511e+15,0,66
1.495160e+08,6.695298e+15,5.727149e+18,5.659098e+17,1.267781e+08,1.099465e+16,1.553699e+19,2.052180e+18,4.500472e+07,5.817232e+14,1.375678e+17,1.544146e+16,0,60
1.264651e+08,4.001286e+15,5.282172e+18,6.556304e+17,1.086072e+08,6.875427e+15,1.233301e+19,1.694573e+18,4.537575e+07,3.277371e+14,2.505993e+17,4.702771e+16,2,12
1.144167e+08,2.292624e+15,4.260623e+18,3.515214e+17,9.100321e+07,5.289444e+15,6.734173e+18,7.517210e+17,4.312863e+07,5.927435e+14,2.778592e+17,3.515684e+14,1,66
1.699035e+08,7.480260e+15,8.220526e+18,6.321648e+17,1.434270e+08,1.278182e+16,2.336685e+19,3.487344e+18,5.698196e+07,1.167659e+15,3.519710e+17,6.541881e+16,2,95
1.245328e+08,3.302750e+15,4.143614e+18,4.069336e+17,1.030461e+08,6.304068e+15,1.124417e+19,1.583793e+18,4.562318e+07,6.008732e+14,3.077400e+17,1.859691e+16,1,44
1.284958e+08,3.581310e+15,4.650785e+18,4.092910e+17,1.081258e+08,6.457357e+15,1.363223e+19,2.088086e+18,4.838410e+07,5.856048e+14,3.605823e+17,3.800258e+16,3,87
1.240472e+08,3.725823e+15,5.809620e+18,5.672997e+17,1.031306e+08,6.867468e+15,9.994357e+18,1.314132e+18,4.211346e+07,4.650015e+14,2.091520e+17,9.721361e+15,1,71
1.720680e+08,9.347069e+15,1.125597e+19,8.854608e+17,1.435644e+08,1.569199e+16,1.570877e+19,2.006071e+18,4.688951e+07,8.215780e+14,1.652311e+17,2.073232e+16,2,86
1.109884e+08,2.653971e+15,3.986947e+18,4.175630e+17,9.050538e+07,5.253096e+15,6.919410e+18,8.497749e+17,3.909968e+07,4.374366e+14,2.340289e+17,8.662701e+14,0,37
1.524737e+08,5.197084e+15,6.467561e+18,4.673624e+17,1.231123e+08,1.030244e+16,1.400317e+19,1.804592e+18,5.109961e+07,9.502625e+14,3.601997e+17,1.117040e+16,1,41
1.299411e+08,3.144466e+15,5.239203e+18,2.845701e+17,1.064430e+08,6.323296e+15,1.278123e+19,1.879527e+18,5.043414e+07,7.820985e+14,3.100977e+17,1.493560e+16,3,82
1.493437e+08,6.022704e+15,9.304697e+18,7.340467e+17,1.229669e+08,1.086297e+16,1.316841e+19,1.686110e+18,4.537071e+07,8.803135e+14,1.234870e+17,6.307480e+15,2,89
1.415361e+08,2.949953e+15,5.466698e+18,3.408265e+17,1.119772e+08,6.973550e+15,1.259643e+19,1.787592e+18,5.802970e+07,1.403642e+15,3.401111e+17,6.506261e+15,0,50
1.805776e+08,8.883000e+15,1.145705e+19,1.163489e+18,1.496109e+08,1.599879e+16,2.146072e+19,2.842381e+18,5.542577e+07,1.246498e+15,2.093856e+17,2.566950e+16,2,101
1.317225e+08,4.852789e+15,6.043972e+18,5.324955e+17,1.105763e+08,8.364584e+15,1.165609e+19,1.552263e+18,4.092990e+07,5.105408e+14,1.531881e+17,1.346723e+16,0,29
1.464031e+08,3.945667e+15,6.108496e+18,3.610147e+17,1.183104e+08,8.244982e+15,1.492189e+19,2.097479e+18,5.561243e+07,1.234787e+15,3.795285e+17,1.305755e+16,0,81
1.175143e+08,1.993258e+15,3.699018e+18,2.257828e+17,9.942278e+07,3.915534e+15,1.273344e+19,2.173666e+18,5.496894e+07,6.607902e+14,5.508193e+17,4.678533e+16,1,97
2.532263e+08,9.486979e+15,1.326697e+19,6.483790e+17,1.989707e+08,2.292929e+16,4.162781e+19,6.385801e+18,1.019151e+08,5.273183e+15,1.228358e+18,9.087810e+16,1,67
1.081300e+08,1.954815e+15,2.864351e+18,1.688087e+17,8.956940e+07,3.931443e+15,8.673063e+18,1.332216e+18,4.545667e+07,4.192053e+14,3.404000e+17,2.165189e+16,0,78
1.009979e+08,1.787664e+15,2.923285e+18,1.782851e+17,8.393038e+07,3.515640e+15,7.852861e+18,1.300535e+18,4.171337e+07,4.045489e+14,2.631631e+17,4.067194e+16,2,78
1.815798e+08,6.137837e+15,8.257673e+18,6.877515e+17,1.460783e+08,1.305625e+16,2.473061e+19,3.549334e+18,6.783923e+07,1.730325e+15,5.477588e+17,6.125428e+16,2,47
1.314753e+08,3.782086e+15,5.652982e+18,4.286474e+17,1.076069e+08,7.338675e+15,1.108493e+19,1.484657e+18,4.612320e+07,5.840915e+14,2.070081e+17,1.728700e+16,2,63
1.586133e+08,6.113895e+15,7.032849e+18,8.732853e+17,1.285251e+08,1.181029e+16,1.370244e+19,1.829969e+18,5.041289e+07,9.758807e+14,3.343221e+17,1.781351e+16,0,72
1.204543e+08,1.958990e+15,4.783387e+18,3.780084e+17,9.483869e+07,4.883938e+15,9.194094e+18,1.046055e+18,5.057822e+07,7.085295e+14,4.124342e+17,9.912613e+15,0,9
1.353908e+08,3.770067e+15,4.586302e+18,1.945049e+17,1.116374e+08,7.283132e+15,1.359556e+19,1.875681e+18,5.029485e+07,7.432303e+14,4.194181e+17,1.750761e+16,3,85
1.611226e+08,6.146017e+15,7.345529e+18,7.765915e+17,1.335978e+08,1.130077e+16,1.930134e+19,2.662575e+18,5.526000e+07,8.677232e+14,1.965050e+17,4.357995e+16,2,70
1.828155e+08,5.136168e+15,7.696585e+18,4.207693e+17,1.444804e+08,1.210898e+16,2.340187e+19,3.113449e+18,7.281366e+07,1.594667e+15,5.955483e+17,2.208202e+16,2,59
1.338209e+08,4.310585e+15,5.907489e+18,5.950921e+17,1.133942e+08,7.457751e+15,1.347366e+19,1.873949e+18,4.774568e+07,4.225059e+14,2.684102e+17,4.324273e+16,1,12
1.136507e+08,3.040844e+15,3.920486e+18,3.613850e+17,9.446617e+07,5.629880e+15,8.320812e+18,1.068909e+18,3.934936e+07,3.762153e+14,1.799068e+17,8.095253e+15,3,83
1.279999e+08,4.167580e+15,5.108060e+18,4.553706e+17,1.068005e+08,7.359199e+15,1.149018e+19,1.549435e+18,4.228861e+07,5.553971e+14,1.902289e+17,6.719402e+15,0,62
1.032212e+08,1.197009e+15,2.797868e+18,1.159649e+17,8.266894e+07,3.049839e+15,7.609067e+18,1.099918e+18,4.826786e+07,5.572085e+14,5.026147e+17,5.381591e+15,3,64
1.532145e+08,4.590954e+15,7.436861e+18,6.046200e+17,1.235284e+08,9.511652e+15,1.631963e+19,2.245141e+18,5.588526e+07,9.652162e+14,3.308557e+17,3.224914e+16,2,69
1.668387e+08,5.958776e+15,7.219581e+18,6.776372e+17,1.365024e+08,1.167540e+16,2.101347e+19,2.984445e+18,5.937897e+07,1.279816e+15,4.074457e+17,4.319309e+16,1,47
1.124921e+08,1.557337e+15,3.602917e+18,2.419616e+17,8.837109e+07,4.079841e+15,7.888664e+18,9.536609e+17,4.903575e+07,6.239477e+14,5.057567e+17,1.484070e+15,1,75
1.539127e+08,5.125381e+15,5.556219e+18,4.893057e+17,1.265415e+08,9.813528e+15,1.654996e+19,2.177650e+18,5.496250e+07,8.437306e+14,2.555429e+17,1.429242e+16,1,59
1.174028e+08,3.670541e+15,4.291444e+18,4.417270e+17,1.018685e+08,5.821726e+15,1.122693e+19,1.578941e+18,4.137471e+07,2.464357e+14,2.113169e+17,3.612780e+16,0,12
1.663908e+08,5.183429e+15,1.015103e+19,8.432501e+17,1.309250e+08,1.152104e+16,1.571738e+19,2.048951e+18,5.917264e+07,1.728622e+15,2.665297e+17,3.522855e+15,0,40
9.538522e+07,1.190474e+15,2.267002e+18,1.083429e+17,7.812466e+07,2.713264e+15,6.834069e+18,9.690358e+17,4.362735e+07,3.843710e+14,4.589568e+17,5.068407e+15,0,64
1.131292e+08,2.041023e+15,3.569650e+18,2.199004e+17,8.932512e+07,4.807732e+15,7.320268e+18,8.896232e+17,4.415002e+07,6.461347e+14,3.195258e+17,6.970601e+14,3,66
1.742941e+08,6.869818e+15,9.571412e+18,6.291795e+17,1.385621e+08,1.414791e+16,1.464477e+19,1.756388e+18,5.573110e+07,1.370701e+15,3.816393e+17,7.209936e+15,1,72
1.348642e+08,2.631487e+15,6.222406e+18,6.170765e+17,1.059894e+08,6.489761e+15,1.222708e+19,1.731994e+18,5.485174e+07,1.091664e+15,3.629379e+17,1.253696e+16,0,4
1.354947e+08,2.835528e+15,4.788942e+18,2.745701e+17,1.074595e+08,6.563396e+15,1.159295e+19,1.636231e+18,5.447992e+07,1.138741e+15,3.512845e+17,6.557233e+15,2,50
1.362057e+08,4.568978e+15,5.044559e+18,3.939713e+17,1.124081e+08,8.367645e+15,1.125177e+19,1.474129e+18,4.489463e+07,7.349924e+14,1.345052e+17,3.736815e+15,0,61
1.540903e+08,5.560358e+15,8.543432e+18,6.594540e+17,1.256153e+08,1.062493e+16,1.586571e+19,2.114607e+18,5.107169e+07,9.420911e+14,2.205833e+17,1.681636e+16,3,60
1.021191e+08,1.277292e+15,2.641312e+18,2.154674e+17,8.107334e+07,3.243384e+15,6.698395e+18,7.829530e+17,4.566227e+07,4.532454e+14,4.708291e+17,7.509648e+14,3,75
1.333024e+08,3.977793e+15,5.435351e+18,4.608560e+17,1.096596e+08,7.519990e+15,1.259212e+19,1.754032e+18,4.659522e+07,7.157547e+14,2.403549e+17,9.354283e+15,1,62
3.188128e+06,9.128617e+12,4.190462e+14,4.741617e+13,3.425654e+06,8.228983e+12,4.758732e+15,7.592225e+14,4.043570e+05,7.393548e+10,1.604476e+13,1.529485e+13,2,80
1.067699e+08,2.137088e+15,3.782386e+18,2.087150e+17,8.744991e+07,4.284064e+15,7.764829e+18,9.384115e+17,4.134727e+07,4.015849e+14,3.498997e+17,1.546091e+15,0,91
1.696154e+08,7.483553e+15,7.354212e+18,5.153192e+17,1.442896e+08,1.252540e+16,2.404578e+19,3.631988e+18,5.780730e+07,1.149291e+15,3.999833e+17,7.589712e+16,1,95
1.511572e+08,6.067164e+15,6.997629e+18,7.174354e+17,1.280843e+08,1.019744e+16,1.780307e+19,2.535259e+18,5.036059e+07,8.025406e+14,1.592954e+17,2.677175e+16,1,103
1.925750e+08,6.487180e+15,1.186403e+19,5.734060e+17,1.482687e+08,1.556918e+16,1.818490e+19,2.301714e+18,6.780474e+07,2.163275e+15,4.983122e+17,3.132448e+16,0,68
1.476189e+08,5.625870e+15,7.759577e+18,5.638854e+17,1.212887e+08,1.027083e+16,1.352702e+19,1.727281e+18,4.628302e+07,7.570673e+14,1.873744e+17,6.546256e+15,2,104
1.433776e+08,3.804972e+15,7.513045e+18,5.019378e+17,1.152240e+08,8.066981e+15,1.374972e+19,1.830852e+18,5.358721e+07,8.918942e+14,3.500378e+17,1.005709e+16,2,52
1.465466e+08,5.727764e+15,8.589831e+18,7.319246e+17,1.203802e+08,1.038828e+16,1.242002e+19,1.587429e+18,4.470430e+07,8.420346e+14,1.081723e+17,4.654199e+15,3,89
1.532930e+08,3.965938e+15,8.055022e+18,5.208925e+17,1.246530e+08,8.403208e+15,1.903145e+19,3.015941e+18,6.184468e+07,1.027946e+15,5.664320e+17,8.180143e+16,0,30
1.556073e+08,6.001085e+15,8.950508e+18,6.354570e+17,1.271875e+08,1.120892e+16,1.515121e+19,1.936343e+18,4.978023e+07,9.052593e+14,2.265549e+17,6.743333e+15,3,104
1.461152e+08,4.537535e+15,6.236576e+18,4.388654e+17,1.195217e+08,8.895403e+15,1.535893e+19,2.052225e+18,5.217648e+07,7.913662e+14,3.255429e+17,2.006678e+16,0,45
1.716816e+08,9.097326e+15,5.664671e+18,5.779010e+17,1.486849e+08,1.398361e+16,2.449644e+19,3.339500e+18,5.342935e+07,6.688501e+14,9.017977e+16,3.556745e+16,1,70
1.600288e+08,5.206771e+15,7.794925e+18,4.079921e+17,1.289100e+08,1.064465e+16,1.682413e+19,2.151503e+18,5.688875e+07,1.352959e+15,4.035402e+17,2.134597e+16,1,99
1.659233e+08,6.268655e+15,1.084784e+19,7.962524e+17,1.357565e+08,1.195743e+16,1.897050e+19,2.401253e+18,5.658166e+07,1.437779e+15,1.773760e+17,1.207789e+16,2,98
1.494382e+08,2.975991e+15,5.985464e+18,3.562330e+17,1.162449e+08,7.635210e+15,1.416584e+19,1.965218e+18,6.206086e+07,1.386500e+15,4.610564e+17,8.537153e+15,0,19
1.427267e+08,3.826303e+15,5.642301e+18,5.069657e+17,1.151801e+08,8.057798e+15,1.429823e+19,1.995450e+18,5.341736e+07,8.502567e+14,3.122003e+17,3.264070e+16,3,69
1.089839e+08,3.013880e+15,3.927619e+18,3.931219e+17,9.308512e+07,5.015589e+15,9.339295e+18,1.201580e+18,3.826512e+07,2.841351e+14,2.604795e+17,1.714493e+16,0,24
1.662397e+08,8.825568e+15,3.626219e+18,3.381541e+17,1.458142e+08,1.315713e+16,2.446688e+19,3.362005e+18,5.189656e+07,5.250317e+14,8.685481e+16,3.619113e+16,3,70
1.509706e+08,6.095874e+15,6.842678e+18,4.764609e+17,1.233262e+08,1.116775e+16,1.245908e+19,1.602715e+18,4.531067e+07,8.249028e+14,2.157729e+17,9.795140e+15,2,100
1.492104e+08,6.187654e+15,6.261771e+18,6.323313e+17,1.277186e+08,1.008305e+16,1.764344e+19,2.510757e+18,4.917238e+07,7.130449e+14,1.642105e+17,3.035928e+16,3,103
1.240735e+08,3.176946e+15,3.654167e+18,2.066672e+17,1.028696e+08,6.012093e+15,1.120842e+19,1.605786e+18,4.653991e+07,5.272167e+14,3.455038e+17,3.207149e+16,0,93
1.212966e+08,3.325539e+15,5.483453e+18,6.052633e+17,1.009238e+08,6.290807e+15,1.020746e+19,1.335153e+18,4.330907e+07,4.362805e+14,2.671997e+17,1.230827e+16,3,71
1.041820e+08,2.059099e+15,3.695320e+18,2.656650e+17,8.601666e+07,4.027858e+15,7.118174e+18,8.750383e+17,4.072158e+07,3.310842e+14,2.289471e+17,4.848556e+15,3,53
1.148552e+08,2.235110e+15,4.085988e+18,2.099225e+17,9.064804e+07,5.104155e+15,7.311540e+18,8.696058e+17,4.341186e+07,5.940200e+14,3.092471e+17,1.536484e+15,3,54
1.513772e+08,6.478079e+15,6.843017e+18,4.710231e+17,1.252901e+08,1.137082e+16,1.376010e+19,1.809323e+18,4.480543e+07,7.576314e+14,2.279476e+17,1.340173e+16,3,100
1.136668e+08,2.207009e+15,3.956384e+18,2.143558e+17,9.011792e+07,4.951010e+15,7.753605e+18,9.442247e+17,4.332367e+07,5.953449e+14,2.560926e+17,5.315609e+15,0,77
1.229435e+08,3.336847e+15,5.308292e+18,5.233961e+17,1.020517e+08,6.214754e+15,1.023859e+19,1.426906e+18,4.438122e+07,4.478450e+14,2.163505e+17,1.841835e+16,2,48
1.502136e+08,5.488312e+15,8.504167e+18,7.535522e+17,1.228597e+08,1.034486e+16,1.281417e+19,1.681375e+18,4.895163e+07,7.518686e+14,2.222131e+17,1.644209e+16,3,74
1.338487e+08,4.218835e+15,5.347419e+18,3.759918e+17,1.091238e+08,8.057834e+15,1.107483e+19,1.463892e+18,4.417559e+07,6.933050e+14,2.821450e+17,1.219439e+16,0,41
1.472123e+08,4.191646e+15,6.183597e+18,3.244383e+17,1.187016e+08,8.700432e+15,1.504477e+19,2.035391e+18,5.396265e+07,8.704657e+14,3.377897e+17,2.490204e+16,3,84
1.591414e+08,6.583673e+15,7.019373e+18,4.442908e+17,1.315823e+08,1.191063e+16,1.572848e+19,2.096985e+18,5.045611e+07,1.080784e+15,3.136682e+17,1.547088e+16,0,7
1.253965e+08,3.119649e+15,3.355329e+18,3.631621e+17,1.040159e+08,6.008888e+15,1.215856e+19,1.832434e+18,4.826223e+07,7.165732e+14,3.267078e+17,3.188863e+16,2,65
1.267057e+08,3.157696e+15,4.628884e+18,2.592793e+17,1.007907e+08,6.747938e+15,8.499164e+18,1.038022e+18,4.462091e+07,6.765328e+14,3.210243e+17,1.481252e+16,0,5
1.621018e+08,7.238741e+15,9.419521e+18,9.016899e+17,1.362334e+08,1.238623e+16,1.972207e+19,2.651671e+18,5.119199e+07,7.576904e+14,2.062726e+17,3.368253e+16,2,49
