3.538139e+07,2.707649e+14,4.281733e+08,2.802616e+07,-2.220830e+15,-3.995993e+14,-2.220502e+15,2.861272e+07,5.413545e+14,4.130334e+08,3.283079e+07,-3.673796e+15,-7.479752e+14,-3.084776e+15,1.215785e+07,5.976965e+13,2.000944e+07,1.135178e+06,-3.944739e+12,-8.764823e+12,-3.583162e+12,2,76
1.341997e+07,4.491024e+13,1.021402e+08,1.174107e+07,-2.030546e+14,-5.493171e+13,-1.790554e+14,1.132292e+07,7.803372e+13,1.995774e+08,1.642945e+07,-8.505538e+14,-1.376352e+14,-6.156133e+14,4.623261e+06,5.275303e+12,6.847252e+06,5.760378e+05,-3.234256e+11,1.051140e+12,7.183260e+11,1,41
1.669074e+07,8.095980e+13,1.414231e+08,1.132618e+07,-8.848104e+13,-5.574251e+13,-3.687583e+13,1.394640e+07,1.390700e+14,3.042774e+08,3.571127e+07,-3.531241e+15,-4.083299e+14,-2.583196e+15,4.948823e+06,7.797197e+12,6.559647e+06,1.459802e+05,-1.398656e+11,-3.395092e+11,4.422849e+10,0,46
1.327099e+07,4.409700e+13,1.028218e+08,7.125256e+06,-3.086807e+13,-2.462814e+13,-1.634539e+13,1.109470e+07,7.792623e+13,2.573356e+08,2.983054e+07,-2.054606e+15,-2.269417e+14,-1.874582e+15,4.456857e+06,5.043221e+12,1.000781e+07,4.722766e+03,9.303694e+08,-5.124709e+09,3.139503e+08,2,96
1.314328e+07,3.191518e+13,1.124998e+08,1.131890e+07,1.051141e+14,-1.228969e+13,2.067682e+14,1.084398e+07,6.351832e+13,2.196612e+08,1.963300e+07,-9.181730e+14,-1.278269e+14,-4.659647e+14,5.196904e+06,6.110324e+12,1.085238e+07,1.964886e+05,2.764299e+11,-5.141329e+10,1.380443e+10,0,58
1.421140e+07,5.185175e+13,1.732549e+08,1.043572e+07,-3.534319e+14,-6.530788e+13,-3.559765e+14,1.171447e+07,9.419814e+13,2.291530e+08,2.267677e+07,-1.566745e+15,-2.146915e+14,-1.329459e+15,4.515610e+06,6.414030e+12,7.832944e+06,2.074388e+05,-2.064387e+11,-1.414055e+11,1.625280e+11,1,103
1.490581e+07,3.424330e+13,9.366232e+07,4.270628e+06,-6.592610e+13,-2.130156e+13,-6.592486e+13,1.188351e+07,7.902301e+13,2.328400e+08,2.227608e+07,-1.588839e+15,-1.971710e+14,-1.406920e+15,6.033805e+06,9.167926e+12,1.451351e+07,4.621127e+04,2.631085e+10,-1.231245e+11,-2.636879e+10,2,55
1.388429e+07,4.691981e+13,1.292297e+08,9.662389e+06,-2.695907e+14,-5.768692e+13,-2.705954e+14,1.167683e+07,8.237224e+13,2.542975e+08,2.345619e+07,-1.756915e+15,-2.096095e+14,-1.492748e+15,4.827040e+06,5.286081e+12,1.002721e+07,1.127792e+05,2.505284e+10,1.241112e+11,7.729570e+10,2,84
1.364099e+07,5.346174e+13,1.486497e+08,1.283263e+07,-5.530303e+14,-9.298421e+13,-5.512098e+14,1.146000e+07,9.007347e+13,2.160960e+08,2.015211e+07,-1.314684e+15,-1.901274e+14,-1.326933e+15,4.151138e+06,4.954853e+12,4.875790e+06,1.005667e+05,3.539876e+10,4.413965e+10,3.498838e+10,0,29
1.223765e+07,3.035820e+13,1.141569e+08,6.697409e+06,-1.797615e+14,-3.639455e+13,-1.679163e+14,1.014345e+07,5.816451e+13,2.129033e+08,1.745872e+07,-1.051297e+15,-1.322565e+14,-1.168319e+15,4.636107e+06,4.992719e+12,1.166228e+07,1.761628e+05,2.307893e+11,-2.219758e+11,-1.136135e+11,0,52
1.869694e+07,4.343660e+13,9.348785e+07,1.335298e+06,-1.185103e+13,-8.263380e+12,-1.071738e+13,1.433028e+07,1.197894e+14,2.788126e+08,3.163621e+07,-2.939523e+15,-3.440448e+14,-3.239765e+15,7.787039e+06,1.992220e+13,2.081232e+07,4.225456e+05,7.923374e+11,1.635035e+12,1.321424e+12,2,80
1.417195e+07,2.796493e+13,7.668962e+07,4.622369e+06,-2.306463e+13,-1.415263e+13,-1.903495e+13,1.145313e+07,6.439000e+13,2.544897e+08,3.297019e+07,-2.983056e+15,-2.631085e+14,-2.562298e+15,6.170277e+06,9.199572e+12,1.537407e+07,1.541515e+05,5.987199e+10,3.058131e+11,-2.482353e+11,2,65
1.581205e+07,3.338780e+13,8.635189e+07,4.151073e+06,-3.470215e+13,-1.669685e+13,-3.258150e+13,1.241294e+07,8.425339e+13,2.409644e+08,2.401188e+07,-1.641581e+15,-2.071620e+14,-1.571686e+15,6.636412e+06,1.171464e+13,1.547195e+07,5.482009e+04,4.961972e+10,-1.047528e+11,-1.255287e+10,3,55
1.532636e+07,6.147073e+13,1.227923e+08,7.101688e+06,-2.055912e+14,-5.520111e+13,-2.019409e+14,1.273458e+07,1.096069e+14,2.118743e+08,1.848619e+07,-1.116823e+15,-1.898728e+14,-1.248471e+15,4.894724e+06,6.889519e+12,1.088723e+07,1.304267e+05,8.532522e+10,-3.100067e+11,-1.171979e+11,3,68
2.006762e+07,6.373215e+13,1.452129e+08,8.528292e+06,-1.615691e+14,-5.099689e+13,-1.615435e+14,1.586481e+07,1.488243e+14,3.498476e+08,4.638772e+07,-5.434693e+15,-5.339595e+14,-5.392929e+15,7.893993e+06,2.315426e+13,1.188839e+07,2.380930e+05,-2.409708e+11,-1.143845e+12,3.219663e+11,0,47
1.369209e+07,6.406926e+13,1.366791e+08,1.194516e+07,-4.298873e+14,-8.927680e+13,-4.405780e+14,1.192135e+07,9.555762e+13,1.718459e+08,1.393550e+07,-6.073264e+14,-1.286005e+14,-5.616017e+14,3.917365e+06,5.107275e+12,4.854484e+06,9.898701e+04,6.627747e+10,-1.400789e+10,-6.229254e+09,0,15
1.670863e+07,6.500227e+13,2.264083e+08,1.613731e+07,-9.471115e+14,-1.275029e+14,-9.841232e+14,1.362396e+07,1.245952e+14,1.403010e+08,9.553936e+06,-2.712706e+14,-9.326827e+13,-2.723028e+14,5.561565e+06,1.314990e+13,7.953279e+06,4.600178e+05,-1.709088e+11,-1.623798e+12,-5.253989e+11,1,76
9.888494e+06,2.095917e+13,4.950950e+07,2.102814e+06,-1.533846e+13,-8.259482e+12,-1.527596e+13,8.726432e+06,3.294764e+13,2.057749e+08,1.534183e+07,-8.397327e+14,-8.661694e+13,-8.020237e+14,4.148585e+06,1.656320e+12,1.799417e+07,7.179355e+05,2.495655e+12,1.353006e+10,3.182066e+11,3,91
1.757647e+07,6.407777e+13,2.437161e+08,1.448333e+07,-8.347987e+14,-1.131937e+14,-7.658798e+14,1.437970e+07,1.262033e+14,1.545677e+08,8.353977e+06,-1.740457e+14,-7.250690e+13,-1.760196e+14,6.375429e+06,1.677657e+13,1.442966e+07,1.218517e+06,-1.244087e+12,-4.680851e+12,-3.346631e+12,0,76
1.319553e+07,3.458825e+13,1.064096e+08,5.924140e+06,-1.346259e+14,-3.349968e+13,-1.375547e+14,1.082622e+07,6.862942e+13,2.374649e+08,2.403384e+07,-1.424210e+15,-1.754896e+14,-1.621953e+15,4.951248e+06,5.659051e+12,1.109347e+07,9.710929e+04,6.976603e+10,-2.115683e+11,-7.269945e+10,1,62
8.213595e+06,9.894216e+12,4.048480e+07,2.034234e+06,-8.084720e+12,-4.387127e+12,-7.234738e+12,7.337498e+06,1.640203e+13,1.680323e+08,8.092970e+06,-2.981198e+14,-3.277601e+13,-2.532817e+14,4.192405e+06,1.549922e+12,2.426856e+07,2.012205e+06,1.268957e+13,1.083290e+12,3.052472e+12,0,75
1.434349e+07,3.645592e+13,1.203430e+08,9.144449e+06,-3.858709e+13,-2.639753e+13,1.405239e+12,1.148669e+07,8.089675e+13,2.225125e+08,2.185083e+07,-1.465326e+15,-1.927639e+14,-9.675592e+14,5.450323e+06,8.161450e+12,1.040651e+07,1.643274e+04,6.792629e+09,-2.529389e+10,-4.490257e+08,1,55
1.288619e+07,4.236520e+13,1.003354e+08,6.768740e+06,-1.293985e+14,-3.707879e+13,-1.287418e+14,1.084954e+07,7.304674e+13,2.619696e+08,2.806763e+07,-2.230237e+15,-2.285528e+14,-2.109593e+15,4.342429e+06,4.200069e+12,9.994775e+06,4.973657e+04,-3.432827e+10,9.655480e+10,9.731213e+09,3,96
1.246035e+07,3.466253e+13,1.065118e+08,7.564470e+06,-1.374626e+14,-3.617488e+13,-1.335413e+14,1.044831e+07,6.641308e+13,1.788062e+08,1.230649e+07,-5.156872e+14,-9.389559e+13,-3.754006e+14,4.561300e+06,5.259576e+12,1.071107e+07,2.606755e+05,4.324191e+11,-7.657124e+10,-4.706210e+10,0,57
1.342548e+07,3.968731e+13,1.438130e+08,8.376359e+06,-2.721584e+14,-5.096649e+13,-2.802544e+14,1.092760e+07,7.781061e+13,2.384488e+08,2.669022e+07,-2.128684e+15,-2.353590e+14,-1.911967e+15,4.628389e+06,6.393582e+12,7.282121e+06,5.217079e+04,2.820761e+10,1.165534e+11,-1.539406e+10,1,82
8.465830e+06,2.062417e+13,4.761033e+07,3.388286e+06,-4.267030e+13,-1.528877e+13,-4.267130e+13,7.860912e+06,2.648217e+13,1.850373e+08,8.214205e+06,-3.195836e+14,-4.226087e+13,-3.205921e+14,3.321124e+06,1.696030e+12,1.460410e+07,2.033519e+06,1.018709e+13,1.485997e+12,3.083378e+11,0,39
8.866508e+06,1.437020e+13,6.199449e+07,2.414612e+06,-2.763494e+13,-8.813579e+12,-2.858455e+13,8.241942e+06,1.959073e+13,1.698154e+08,1.675997e+06,-1.318557e+13,-5.249735e+12,-1.374167e+13,4.451355e+06,4.639034e+12,3.219456e+07,7.094198e+06,9.695563e+13,3.869206e+12,-4.757637e+13,1,66
1.284982e+07,4.602871e+13,1.354326e+08,1.070123e+07,-3.939888e+14,-7.145963e+13,-4.122240e+14,1.088257e+07,7.655532e+13,2.097233e+08,1.926156e+07,-1.104042e+15,-1.596614e+14,-1.107793e+15,4.104049e+06,4.340091e+12,5.157533e+06,1.256185e+05,9.667697e+10,-1.307915e+11,-3.775237e+10,0,63
1.218274e+07,2.468861e+13,8.909683e+07,2.372262e+06,-2.582908e+13,-9.949457e+12,-2.586874e+13,9.762652e+06,5.543839e+13,1.962651e+08,1.920134e+07,-1.158489e+15,-1.409219e+14,-1.015474e+15,4.801523e+06,5.859095e+12,1.517260e+07,2.492534e+05,-2.980060e+11,3.125567e+10,3.847659e+11,0,81
1.773808e+07,6.987941e+13,1.996771e+08,1.029752e+07,-4.669385e+14,-8.604263e+13,-4.553931e+14,1.416549e+07,1.424814e+14,2.826950e+08,3.378081e+07,-3.285404e+15,-4.023759e+14,-3.438493e+15,5.806628e+06,1.488909e+13,6.870677e+06,4.196697e+05,6.769814e+11,1.456628e+12,-8.245822e+10,1,98
2.075831e+07,8.737253e+13,1.061184e+08,8.296924e+06,-1.734809e+14,-6.445369e+13,-1.705307e+14,1.683615e+07,1.771263e+14,2.977462e+08,3.945178e+07,-3.635612e+15,-4.737939e+14,-3.644257e+15,7.488877e+06,2.040895e+13,4.253948e+06,1.408303e+05,2.797667e+10,-5.082865e+11,1.143352e+11,2,79
1.341330e+07,4.046835e+13,1.217117e+08,1.122879e+07,-2.800446e+14,-6.030190e+13,-2.581138e+14,1.122839e+07,7.431694e+13,2.041886e+08,1.760714e+07,-1.054023e+15,-1.516513e+14,-1.225994e+15,4.867439e+06,5.883266e+12,6.837492e+06,2.235428e+05,1.773381e+10,3.772988e+11,1.932158e+11,3,48
1.949135e+07,1.332061e+14,2.636737e+08,2.322597e+07,-1.808965e+15,-2.671577e+14,-1.814711e+15,1.633353e+07,2.168900e+14,2.451896e+08,2.718066e+07,-2.111495e+15,-3.891423e+14,-2.252424e+15,4.793312e+06,9.984285e+12,2.119198e+06,6.265253e+04,-1.325853e+10,-3.056982e+10,-5.074489e+09,2,86
1.716756e+07,6.315785e+13,1.356553e+08,8.803299e+06,-3.671119e+13,-3.022830e+13,2.248328e+12,1.390771e+07,1.253449e+14,2.867377e+08,3.410749e+07,-3.136654e+15,-3.624233e+14,-2.371607e+15,5.981345e+06,1.373979e+13,9.037053e+06,1.053819e+05,9.221492e+10,3.905506e+11,8.240924e+10,0,27
1.706697e+07,6.405071e+13,1.302994e+08,1.104187e+07,-2.243873e+14,-6.065223e+13,-2.051202e+14,1.384633e+07,1.257135e+14,2.399455e+08,2.589168e+07,-1.902884e+15,-2.776862e+14,-1.511551e+15,5.866012e+06,1.040476e+13,5.009398e+06,8.830514e+03,1.610267e+09,-7.142347e+09,8.429757e+08,3,79
1.323253e+07,4.985442e+13,1.132959e+08,8.794016e+06,-2.746405e+14,-6.170378e+13,-2.811741e+14,1.114508e+07,8.364179e+13,1.984758e+08,1.704316e+07,-9.912307e+14,-1.558596e+14,-1.000043e+15,4.087260e+06,4.729324e+12,5.994962e+06,2.098740e+05,2.342678e+11,-1.382723e+11,-1.880530e+10,0,26
1.216032e+07,3.135974e+13,1.409267e+08,6.396233e+06,-1.655780e+14,-3.226866e+13,-1.534994e+14,1.020741e+07,5.766975e+13,1.497261e+08,7.783239e+06,-1.118710e+14,-4.007226e+13,-1.195042e+14,4.619098e+06,6.119419e+12,1.551956e+07,1.491586e+06,-1.829849e+12,-3.446497e+12,-5.173698e+12,1,61
1.840714e+07,5.799767e+13,1.238744e+08,5.950946e+06,-1.351027e+14,-4.068793e+13,-1.368999e+14,1.460290e+07,1.307324e+14,3.107480e+08,4.031372e+07,-4.214705e+15,-4.410858e+14,-4.265389e+15,6.991870e+06,1.775618e+13,1.052105e+07,2.031200e+05,-2.962995e+11,-6.681504e+11,-3.358338e+10,1,47
1.275518e+07,2.128631e+13,3.446644e+07,2.502093e+06,-1.648031e+13,-9.793364e+12,-1.322995e+13,1.102094e+07,4.027417e+13,2.076228e+08,3.346449e+07,-2.755317e+15,-2.106072e+14,-2.867546e+15,6.409310e+06,4.608345e+12,1.795448e+07,1.690255e+06,4.615660e+12,2.484841e+12,-8.283208e+12,1,97
1.344953e+07,4.519984e+13,1.211648e+08,9.333263e+06,-1.136252e+14,-4.072700e+13,-8.961488e+13,1.114856e+07,8.144521e+13,2.522343e+08,2.874834e+07,-2.091834e+15,-2.370872e+14,-1.742913e+15,4.425700e+06,5.519008e+12,7.557320e+06,2.085418e+03,1.255838e+08,2.065479e+09,-2.217583e+08,0,0
1.323152e+07,4.926451e+13,1.439149e+08,1.231092e+07,-3.233233e+14,-6.591957e+13,-3.003466e+14,1.108816e+07,8.475859e+13,1.892082e+08,1.631902e+07,-9.067992e+14,-1.502282e+14,-1.048895e+15,4.093990e+06,5.113688e+12,5.460304e+06,9.378256e+04,6.408400e+10,-1.107330e+11,-2.534478e+10,2,104
8.654556e+06,9.567006e+12,3.350891e+07,1.762253e+06,-9.899448e+12,-4.759641e+12,-9.904265e+12,7.592977e+06,1.727358e+13,1.560479e+08,7.668320e+06,-2.651876e+14,-3.185014e+13,-2.445475e+14,4.500007e+06,1.818311e+12,2.316454e+07,2.043048e+06,1.034156e+13,1.347804e+12,5.893076e+12,3,75
1.251454e+07,2.449929e+13,9.075069e+07,6.158955e+06,-1.351082e+14,-2.911168e+13,-1.340656e+14,1.021458e+07,5.324264e+13,1.934426e+08,1.465462e+07,-6.658632e+14,-9.678270e+13,-7.426376e+14,5.272369e+06,5.859324e+12,1.467907e+07,6.458171e+05,1.330641e+12,3.430374e+11,9.356036e+11,2,51
1.242845e+07,3.666373e+13,9.080006e+07,6.924121e+06,-1.453691e+14,-3.818444e+13,-1.457562e+14,1.029391e+07,6.701306e+13,2.004993e+08,1.951091e+07,-1.167977e+15,-1.560656e+14,-1.142076e+15,4.242502e+06,4.730056e+12,5.335540e+06,4.154315e+04,7.290703e+09,2.637242e+10,1.142882e+10,3,90
1.076909e+07,2.010863e+13,6.383499e+07,2.735482e+06,-3.412725e+13,-1.191239e+13,-3.000910e+13,8.919348e+06,4.086162e+13,1.996248e+08,1.879361e+07,-1.094608e+15,-1.164105e+14,-1.291645e+15,4.438773e+06,3.423267e+12,1.493373e+07,1.670476e+05,2.125824e+11,-4.184153e+10,1.494865e+11,3,77
1.357554e+07,4.999645e+13,1.319645e+08,1.045018e+07,-3.820876e+14,-7.325423e+13,-3.479834e+14,1.161320e+07,8.175633e+13,2.292882e+08,1.836491e+07,-1.178173e+15,-1.655081e+14,-1.225325e+15,4.546489e+06,4.893407e+12,8.333928e+06,3.301745e+05,4.783242e+11,6.749937e+10,7.281232e+10,0,31
1.225403e+07,3.089964e+13,9.178473e+07,3.885633e+06,-4.488041e+13,-1.723298e+13,-4.310991e+13,1.031733e+07,5.674806e+13,2.225389e+08,2.187221e+07,-1.198412e+15,-1.419206e+14,-1.240628e+15,4.759314e+06,3.751553e+12,1.394150e+07,2.519502e+05,-2.431010e+11,-4.624306e+11,-4.519189e+11,1,5
1.600018e+07,4.846476e+13,8.616217e+07,4.314829e+06,-5.786580e+13,-2.415014e+13,-5.752616e+13,1.311530e+07,9.662590e+13,2.829866e+08,3.391573e+07,-3.235766e+15,-3.272262e+14,-3.085489e+15,6.171467e+06,9.148372e+12,1.628962e+07,7.538373e+04,-2.271332e+10,1.885794e+11,-8.613085e+10,3,99
1.175062e+07,2.467546e+13,5.116144e+07,3.042485e+06,-3.029656e+13,-1.323035e+13,-3.054047e+13,9.852945e+06,4.813077e+13,2.042241e+08,1.701222e+07,-9.762631e+14,-1.157578e+14,-8.346504e+14,4.886167e+06,3.649562e+12,1.753554e+07,6.736285e+05,-1.476553e+11,7.312217e+11,2.029377e+12,0,42
2.163894e+07,7.241652e+13,1.735279e+08,6.196084e+06,-3.883310e+13,-2.646485e+13,-1.386177e+13,1.664552e+07,1.826485e+14,3.233990e+08,3.829319e+07,-4.048214e+15,-5.009522e+14,-3.252334e+15,8.141985e+06,2.676786e+13,1.323575e+07,1.068204e+06,3.905113e+12,5.500469e+12,2.606746e+12,0,70
1.641457e+07,4.139361e+13,1.198378e+08,3.531299e+06,-7.260709e+13,-2.271285e+13,-7.477748e+13,1.275780e+07,1.018222e+14,2.441104e+08,2.620516e+07,-2.095758e+15,-2.644239e+14,-2.053299e+15,6.325064e+06,1.373089e+13,1.486735e+07,3.107743e+05,1.727392e+11,8.034687e+11,7.439996e+11,1,80
1.071160e+07,2.868802e+13,8.204933e+07,7.672831e+06,-3.534140e+13,-2.226035e+13,-1.437206e+13,9.164692e+06,4.774713e+13,2.292884e+08,2.476333e+07,-1.737155e+15,-1.629074e+14,-1.330197e+15,3.808614e+06,2.431217e+12,8.403717e+06,1.587350e+05,-1.762236e+11,2.332213e+11,5.563865e+10,1,34
1.256248e+07,2.915186e+13,6.001188e+07,4.597852e+06,-7.536209e+13,-2.473110e+13,-7.043843e+13,1.047495e+07,5.624060e+13,2.109168e+08,2.253096e+07,-1.536877e+15,-1.677895e+14,-1.671386e+15,5.084717e+06,4.361288e+12,1.232150e+07,5.237931e+05,-1.179744e+12,1.058096e+12,-3.806866e+11,3,93
1.445648e+07,4.475104e+13,7.068466e+07,4.011105e+06,-6.049050e+13,-2.567064e+13,-6.268521e+13,1.208679e+07,8.213619e+13,2.542913e+08,3.340251e+07,-3.078385e+15,-3.027207e+14,-3.163517e+15,5.397230e+06,6.971978e+12,1.133082e+07,3.658141e+05,7.432477e+11,-7.162297e+10,7.869668e+09,0,93
1.284886e+07,3.811249e+13,9.051517e+07,7.545380e+06,-4.498061e+12,-1.980004e+13,1.462828e+13,1.065390e+07,7.006821e+13,2.326811e+08,2.692669e+07,-1.466714e+15,-1.841906e+14,-1.320328e+15,4.485070e+06,4.819469e+12,8.796971e+06,3.009729e+04,-1.544261e+10,6.578195e+10,2.343808e+09,0,6
1.633532e+07,6.367472e+13,1.568370e+08,1.298280e+07,-4.239732e+14,-8.904642e+13,-4.240888e+14,1.323103e+07,1.237759e+14,2.830133e+08,3.349786e+07,-3.260400e+15,-3.726596e+14,-2.813272e+15,5.253245e+06,1.013867e+13,4.815393e+06,9.738249e+04,1.380536e+10,-2.790423e+11,5.406203e+10,0,18
1.007171e+07,2.053316e+13,8.044945e+07,5.204491e+06,-9.708003e+13,-2.280057e+13,-9.608503e+13,8.493855e+06,3.731176e+13,1.414933e+08,5.519295e+06,-1.529720e+14,-3.353801e+13,-1.594290e+14,3.964375e+06,3.865430e+12,1.303485e+07,1.695023e+06,7.638349e+12,-9.536181e+11,-2.889512e+12,0,50
1.618036e+07,7.382240e+13,1.601689e+08,1.526596e+07,-2.722925e+14,-8.290740e+13,-2.178637e+14,1.346334e+07,1.292716e+14,2.075356e+08,2.016622e+07,-1.175573e+15,-2.157361e+14,-7.639930e+14,4.872548e+06,8.150527e+12,4.109603e+06,5.202564e+04,8.433991e+09,-1.319464e+11,-2.060292e+10,2,101
1.596790e+07,6.970953e+13,1.787448e+08,1.160178e+07,-5.155083e+14,-9.537474e+13,-5.248383e+14,1.319195e+07,1.238893e+14,2.317353e+08,2.296363e+07,-1.670671e+15,-2.553638e+14,-1.595887e+15,4.843364e+06,8.083025e+12,6.623020e+06,6.144097e+04,3.597778e+10,1.682455e+11,2.008752e+09,3,74
1.267963e+07,2.484979e+13,7.592695e+07,3.491260e+06,-2.769905e+13,-1.267242e+13,-2.559405e+13,1.052262e+07,5.141513e+13,2.028778e+08,1.236317e+07,-6.153762e+14,-8.841309e+13,-5.162709e+14,5.537693e+06,6.151185e+12,2.281175e+07,6.747098e+05,2.634858e+12,-2.349676e+11,-3.499422e+11,3,54
1.499392e+07,2.496935e+13,1.129897e+08,2.404074e+06,-3.961271e+13,-1.196630e+13,-3.762622e+13,1.161635e+07,7.036624e+13,2.386093e+08,2.318707e+07,-1.653140e+15,-1.886706e+14,-1.852248e+15,6.664423e+06,1.184580e+13,2.384627e+07,3.531194e+05,-8.866242e+11,-4.957602e+10,4.683157e+11,1,77
8.560665e+06,1.658997e+13,4.363408e+07,3.771941e+06,2.612180e+13,4.278902e+11,3.639201e+13,7.840289e+06,2.288145e+13,1.822916e+08,9.663899e+06,-2.481365e+14,-3.563411e+13,-1.730390e+14,3.777378e+06,1.792107e+12,1.806034e+07,1.790614e+06,1.015886e+13,8.489574e+11,-1.295491e+12,0,91
1.132855e+07,2.922520e+13,9.598429e+07,6.326435e+06,-1.388425e+14,-3.188700e+13,-1.405312e+14,9.559466e+06,5.275156e+13,2.349138e+08,2.348829e+07,-1.320382e+15,-1.435712e+14,-1.551321e+15,4.157154e+06,3.129962e+12,1.046249e+07,1.780709e+05,1.741345e+11,-7.133228e+09,1.573227e+11,2,62
1.229738e+07,2.516303e+13,8.112340e+07,2.934698e+06,1.292022e+13,-2.659124e+12,2.141514e+13,9.962331e+06,5.469438e+13,2.169570e+08,2.295019e+07,-1.616325e+15,-1.693603e+14,-1.191019e+15,4.953492e+06,5.545589e+12,1.689601e+07,9.361668e+04,5.645898e+09,1.284909e+11,1.282318e+11,2,81
1.243684e+07,3.140207e+13,8.770780e+07,4.516865e+06,-8.950807e+13,-2.505906e+13,-8.363430e+13,1.031983e+07,6.012329e+13,2.254905e+08,2.146753e+07,-1.289989e+15,-1.534978e+14,-1.233671e+15,4.720678e+06,4.668828e+12,1.376075e+07,9.375197e+04,4.979493e+10,5.830388e+10,6.988284e+10,2,92
1.231315e+07,2.700348e+13,9.486282e+07,5.527243e+06,-1.080141e+14,-2.638988e+13,-1.096949e+14,1.008106e+07,5.519920e+13,2.187352e+08,2.069184e+07,-1.320648e+15,-1.490684e+14,-1.280870e+15,4.884687e+06,5.146579e+12,1.098932e+07,5.741954e+04,3.819585e+10,-1.188876e+10,1.319111e+10,1,58
1.141528e+07,3.540084e+13,1.054611e+08,7.976210e+06,-1.788542e+14,-4.185948e+13,-1.669174e+14,9.673970e+06,5.915758e+13,1.909009e+08,1.643161e+07,-8.761902e+14,-1.227786e+14,-9.094163e+14,3.724311e+06,3.339592e+12,6.439707e+06,1.316081e+05,1.197063e+11,-1.169720e+11,-3.500543e+10,0,90
2.551805e+07,1.335496e+14,1.290740e+08,5.957091e+06,-1.585492e+14,-6.752752e+13,-1.568937e+14,2.102808e+07,2.667001e+14,4.152123e+08,6.311182e+07,-8.456033e+15,-9.118497e+14,-1.048679e+16,9.473145e+06,3.665417e+13,1.104078e+07,1.108277e+06,-2.269531e+12,-6.506482e+12,3.173959e+12,3,73
1.393173e+07,3.292890e+13,4.776868e+07,9.718372e+05,-4.387062e+12,-4.573605e+12,-3.684988e+12,1.164397e+07,6.610144e+13,2.564655e+08,3.791371e+07,-3.418351e+15,-2.927937e+14,-4.227568e+15,5.905695e+06,7.704961e+12,1.650214e+07,3.710793e+05,4.324690e+10,-9.062076e+11,1.073569e+12,1,78
1.583681e+07,6.156346e+13,1.549048e+08,1.232576e+07,-4.547631e+14,-9.025445e+13,-4.022223e+14,1.301243e+07,1.149342e+14,2.600702e+08,2.881703e+07,-2.493046e+15,-3.087979e+14,-2.826350e+15,5.178496e+06,7.995892e+12,5.680381e+06,1.857805e+04,5.507515e+09,-7.791545e+09,-2.637458e+09,2,49
2.732584e+07,1.127154e+14,1.919768e+08,1.094581e+07,-2.289566e+14,-7.903564e+13,-2.182843e+14,2.061083e+07,2.999358e+14,3.438363e+08,3.968815e+07,-3.988682e+15,-6.299416e+14,-3.747712e+15,1.001494e+07,4.764472e+13,1.433997e+07,7.869087e+04,8.148981e+10,5.023162e+11,-1.926385e+10,1,67
9.984252e+06,2.354667e+13,7.056991e+07,7.027610e+06,-2.333550e+13,-1.799871e+13,-6.846690e+12,8.457343e+06,4.070758e+13,1.953109e+08,1.966370e+07,-9.995309e+14,-1.100600e+14,-7.998400e+14,3.604939e+06,2.357018e+12,7.320485e+06,2.135856e+05,-1.178678e+11,2.428729e+11,2.141432e+11,0,34
1.162560e+07,3.757516e+13,1.211354e+08,9.095729e+06,-1.497642e+14,-4.082007e+13,-1.218602e+14,1.013845e+07,5.824709e+13,1.924561e+08,1.325086e+07,-6.000853e+14,-9.551189e+13,-6.245439e+14,4.008605e+06,3.626383e+12,8.997775e+06,4.967468e+05,7.037880e+11,-5.491543e+11,-6.108456e+11,0,71
1.102945e+07,1.271900e+13,5.186359e+07,1.563725e+06,-1.261090e+13,-5.205438e+12,-1.285862e+13,9.179900e+06,2.941115e+13,2.038960e+08,2.017539e+07,-1.268938e+15,-1.085881e+14,-1.155229e+15,5.615072e+06,3.437483e+12,2.694721e+07,4.092937e+05,-8.959295e+10,4.641207e+11,1.394565e+12,3,64
1.355575e+07,5.432526e+13,1.385539e+08,1.132603e+07,-4.269252e+14,-8.154421e+13,-3.834969e+14,1.147545e+07,8.929337e+13,2.112568e+08,1.845128e+07,-1.118573e+15,-1.719007e+14,-1.164335e+15,4.111456e+06,4.781241e+12,6.068191e+06,1.613877e+05,1.472328e+11,-4.521516e+10,1.354292e+10,3,104
9.252775e+06,1.272693e+13,4.290587e+07,3.390750e+06,2.114518e+13,7.299120e+11,3.114410e+13,8.029714e+06,2.276195e+13,1.714636e+08,9.251994e+06,-2.839604e+14,-3.664191e+13,-1.911573e+14,4.482115e+06,2.389347e+12,2.107680e+07,1.580469e+06,8.578972e+12,5.443786e+11,9.467598e+11,2,75
8.575477e+06,1.301929e+13,5.066343e+07,2.403831e+06,-2.257583e+13,-7.868144e+12,-2.282348e+13,7.541684e+06,2.154351e+13,1.434446e+08,4.015515e+06,-5.519237e+13,-1.495094e+13,-6.252250e+13,3.936876e+06,2.973731e+12,1.998531e+07,3.248366e+06,2.489709e+13,1.535638e+11,-1.008521e+13,3,66
1.162280e+07,4.018943e+13,1.312095e+08,9.577767e+06,-2.829638e+14,-5.448769e+13,-2.449826e+14,9.917272e+06,6.524030e+13,1.352418e+08,8.020382e+06,-2.516574e+14,-6.332794e+13,-2.692046e+14,3.578331e+06,4.209376e+12,7.342868e+06,7.319693e+05,8.836190e+11,-1.028817e+12,-1.235680e+12,0,89
9.756977e+06,1.776116e+13,9.107515e+07,6.899101e+06,-1.200653e+14,-2.315663e+13,-1.183341e+14,8.331708e+06,3.171127e+13,1.795963e+08,9.631059e+06,-3.410874e+14,-4.961551e+13,-2.970189e+14,4.125765e+06,2.209212e+12,1.655076e+07,2.005723e+06,1.151839e+13,-7.967558e+11,-5.149535e+11,0,32
1.180191e+07,3.904101e+13,1.028408e+08,9.269811e+06,-2.383316e+14,-5.148866e+13,-2.081456e+14,1.009608e+07,6.345379e+13,2.110903e+08,2.141471e+07,-1.198755e+15,-1.531804e+14,-1.200041e+15,3.851488e+06,3.335464e+12,5.184340e+06,9.441962e+04,-6.560673e+10,1.692326e+11,9.506549e+09,0,102
1.301910e+07,4.808228e+13,1.510783e+08,9.663966e+06,-3.578366e+14,-6.543871e+13,-3.703933e+14,1.088818e+07,8.234978e+13,2.195105e+08,2.173361e+07,-1.497311e+15,-1.970530e+14,-1.390144e+15,3.954966e+06,4.626887e+12,6.264350e+06,1.103268e+05,-9.171826e+10,-1.476199e+11,-1.538620e+09,2,103
1.611651e+07,4.862362e+13,1.200417e+08,5.585896e+06,-6.324627e+13,-2.640021e+13,-5.601511e+13,1.305678e+07,1.009756e+14,2.332160e+08,2.583068e+07,-1.577429e+15,-2.259071e+14,-1.525888e+15,6.085503e+06,1.002563e+13,1.183596e+07,2.088187e+05,-1.757079e+11,1.977381e+11,2.819935e+11,0,5
1.547900e+07,3.726187e+13,1.125144e+08,5.137925e+06,-4.823357e+13,-2.004381e+13,-3.164725e+13,1.266749e+07,7.948048e+13,1.934627e+08,1.128022e+07,-2.994534e+14,-7.544381e+13,-2.301716e+14,6.564647e+06,1.265544e+13,2.071118e+07,1.083221e+06,1.696960e+12,-2.959022e+12,-3.486457e+12,1,59
1.228785e+07,2.180098e+13,2.997820e+07,1.621461e+06,-1.054294e+13,-7.193104e+12,-8.953658e+12,1.080392e+07,3.820830e+13,2.105718e+08,3.818723e+07,-3.386358e+15,-2.341324e+14,-3.748877e+15,6.134776e+06,4.815090e+12,1.747839e+07,1.836780e+06,8.892610e+12,2.053626e+12,-4.153566e+12,3,97
1.196589e+07,2.323496e+13,2.751935e+07,1.853698e+06,-9.828758e+12,-7.615792e+12,-8.559317e+12,1.058805e+07,3.885195e+13,2.051554e+08,3.322356e+07,-2.742055e+15,-2.065634e+14,-2.945609e+15,5.768372e+06,3.279465e+12,1.570118e+07,1.454473e+06,3.710696e+12,1.824411e+12,-5.993083e+12,0,97
1.518350e+07,6.419544e+13,1.425603e+08,8.666886e+06,-3.004682e+14,-6.881524e+13,-2.892820e+14,1.248254e+07,1.147718e+14,1.735475e+08,1.558077e+07,-7.992891e+14,-1.656420e+14,-8.108373e+14,4.470375e+06,7.705788e+12,5.641852e+06,1.454223e+05,-1.120066e+11,-9.338132e+10,6.935098e+10,1,88
8.506776e+06,1.311852e+13,6.062582e+07,2.691041e+06,-3.245746e+13,-9.342016e+12,-3.221652e+13,7.767483e+06,1.894732e+13,1.592542e+08,1.824825e+06,-2.287245e+13,-6.992526e+12,-2.460887e+13,4.155196e+06,3.633883e+12,2.869806e+07,6.257048e+06,7.808032e+13,2.485791e+12,-3.478095e+13,0,66
1.115841e+07,1.554793e+13,4.013292e+07,7.575836e+05,-4.173445e+12,-2.986846e+12,-4.076478e+12,9.556310e+06,3.076973e+13,2.190866e+08,3.121024e+07,-2.580631e+15,-1.730090e+14,-2.605516e+15,5.614842e+06,3.949074e+12,2.475056e+07,2.056888e+05,1.519835e+10,3.385300e+11,-5.400929e+11,0,64
1.537468e+07,3.989635e+13,6.475239e+07,3.585791e+06,-3.045312e+13,-1.720327e+13,-2.619134e+13,1.258896e+07,8.336307e+13,2.583717e+08,3.529474e+07,-3.370444e+15,-3.222417e+14,-3.694801e+15,6.273530e+06,9.507204e+12,1.474038e+07,5.590573e+05,1.604583e+12,-8.916165e+10,-6.767401e+10,1,93
1.707416e+07,8.022062e+13,1.590434e+08,1.186978e+07,-5.156487e+14,-1.063126e+14,-5.194541e+14,1.403719e+07,1.438091e+14,2.904206e+08,3.404054e+07,-3.382655e+15,-4.080858e+14,-3.385059e+15,5.082176e+06,9.666197e+12,5.338964e+06,8.480286e+04,-1.060730e+10,-2.578123e+11,4.593806e+10,3,95
1.418664e+07,5.070133e+13,1.275288e+08,7.995417e+06,-2.180429e+14,-5.245999e+13,-2.210029e+14,1.183945e+07,9.013307e+13,2.773452e+08,3.133925e+07,-2.920791e+15,-2.974489e+14,-2.600411e+15,4.719099e+06,5.953790e+12,8.255073e+06,1.503281e+04,-3.848434e+09,-3.567582e+10,3.631419e+09,1,25
1.062699e+07,1.880308e+13,6.785398e+07,4.351208e+06,-7.412798e+13,-1.885430e+13,-7.087762e+13,9.051716e+06,3.589355e+13,1.932831e+08,1.326418e+07,-5.333106e+14,-6.993453e+13,-6.897553e+14,4.727410e+06,3.665286e+12,1.448260e+07,9.096192e+05,2.730633e+12,6.190205e+11,1.103689e+12,3,53
1.272515e+07,2.108742e+13,9.652528e+07,2.405890e+06,-2.049955e+13,-9.093613e+12,-1.783232e+13,1.010364e+07,5.373189e+13,2.170424e+08,2.162660e+07,-1.357853e+15,-1.501553e+14,-1.718831e+15,5.527364e+06,7.110508e+12,2.023307e+07,2.752851e+05,-5.238030e+11,-1.883053e+10,3.384385e+11,0,77
1.341405e+07,3.295510e+13,1.552626e+08,5.424195e+06,-1.573594e+14,-3.113797e+13,-1.567295e+14,1.101251e+07,6.989177e+13,1.633199e+08,9.285152e+06,-2.275679e+14,-5.867825e+13,-2.227106e+14,5.272449e+06,7.394955e+12,1.799742e+07,1.521907e+06,-6.549055e+12,-4.060818e+12,-3.893630e+12,0,61
1.767178e+07,7.017399e+13,1.259903e+08,5.342963e+06,-1.373648e+14,-4.462027e+13,-1.424348e+14,1.425796e+07,1.402193e+14,1.983502e+08,1.721120e+07,-9.297756e+14,-1.947409e+14,-1.032340e+15,5.881451e+06,1.205450e+13,1.271682e+07,2.104248e+05,-3.439873e+11,-4.045855e+11,5.217912e+10,2,68
2.081294e+07,6.925044e+13,1.230452e+08,5.824873e+06,-1.487450e+14,-4.719785e+13,-1.527226e+14,1.640801e+07,1.623851e+14,3.467608e+08,4.591358e+07,-5.571197e+15,-5.708480e+14,-5.730260e+15,8.086339e+06,2.442003e+13,1.125871e+07,3.292967e+05,-5.150266e+11,-1.605997e+12,3.697688e+11,2,47
1.505689e+07,5.498582e+13,1.203678e+08,9.486906e+06,-2.376178e+14,-5.940852e+13,-2.378848e+14,1.242938e+07,1.007225e+14,2.713032e+08,3.101702e+07,-2.615150e+15,-2.962427e+14,-2.545527e+15,5.025307e+06,7.250127e+12,8.392213e+06,9.975550e+04,-8.011326e+09,2.073009e+11,-7.812923e+10,0,41
1.113270e+07,3.611431e+13,9.216263e+07,7.297427e+06,-1.817081e+14,-4.295155e+13,-1.746764e+14,9.764008e+06,5.458064e+13,1.931108e+08,1.405823e+07,-7.311854e+14,-1.038341e+14,-7.643010e+14,3.754573e+06,3.052385e+12,7.482258e+06,3.920958e+05,5.922195e+11,1.452696e+11,3.639134e+10,1,71
1.617808e+07,6.794103e+13,1.580281e+08,1.058586e+07,-3.754935e+14,-8.246717e+13,-3.718052e+14,1.323459e+07,1.252989e+14,2.367824e+08,2.311593e+07,-1.709536e+15,-2.586141e+14,-1.833398e+15,4.993410e+06,8.741723e+12,6.997450e+06,4.939192e+04,-2.886867e+10,-8.270517e+10,5.963736e+08,2,88
1.581222e+07,6.722038e+13,5.750909e+07,6.208379e+06,3.637823e+13,-9.663021e+12,6.495142e+13,1.329651e+07,1.148596e+14,2.246141e+08,2.661681e+07,-1.671448e+15,-2.453024e+14,-1.246554e+15,5.097717e+06,6.517795e+12,8.963630e+06,2.056238e+05,-1.358574e+11,4.672252e+11,-2.067417e+11,0,72
1.482478e+07,5.099220e+13,6.016417e+07,3.051037e+06,-3.436077e+13,-1.991839e+13,-3.489423e+13,1.256852e+07,8.842910e+13,2.695742e+08,3.647475e+07,-3.616096e+15,-3.429429e+14,-3.330532e+15,5.430256e+06,6.739786e+12,1.096991e+07,3.188681e+05,5.752903e+11,-1.815938e+11,1.992511e+11,1,87
1.288149e+07,2.932236e+13,3.379066e+07,2.141470e+06,-1.682499e+13,-1.117178e+13,-1.537880e+13,1.141552e+07,4.732638e+13,2.253686e+08,4.219948e+07,-4.062933e+15,-2.881428e+14,-4.057834e+15,6.003030e+06,5.919031e+12,1.333284e+07,2.143392e+06,1.137264e+13,1.884353e+12,6.097958e+11,2,97
1.706211e+07,6.453834e+13,7.426018e+07,4.859137e+06,-6.248023e+13,-3.146395e+13,-6.151571e+13,1.452090e+07,1.117650e+14,3.223893e+08,4.894939e+07,-6.096668e+15,-5.144571e+14,-5.629688e+15,6.492761e+06,1.186844e+13,1.238177e+07,9.986751e+05,3.427597e+12,5.440377e+10,1.130445e+12,2,87
1.080027e+07,2.872884e+13,8.050151e+07,5.445662e+06,-1.023552e+14,-2.783826e+13,-1.031166e+14,9.475980e+06,4.609470e+13,1.990135e+08,1.379826e+07,-6.470814e+14,-8.720508e+13,-5.676664e+14,4.116270e+06,2.981348e+12,1.251184e+07,4.872570e+05,8.865140e+11,3.611649e+11,2.915575e+11,0,92
1.879152e+07,7.553680e+13,6.269608e+07,7.393697e+06,6.125712e+13,-6.429318e+12,1.052489e+14,1.533792e+07,1.513367e+14,2.277047e+08,2.565909e+07,-1.898012e+15,-3.094589e+14,-1.140863e+15,6.649779e+06,1.204912e+13,1.122704e+07,4.062967e+05,3.330739e+10,8.926729e+11,-7.448198e+11,2,72
1.480851e+07,4.933704e+13,9.043333e+07,5.129557e+06,-9.890294e+13,-3.282300e+13,-1.028628e+14,1.256157e+07,8.961073e+13,2.975827e+08,3.694358e+07,-3.435186e+15,-3.267251e+14,-2.758398e+15,5.539831e+06,5.954840e+12,1.548792e+07,2.779586e+05,3.182353e+11,3.107612e+11,-4.890482e+11,0,99
1.005355e+07,2.376188e+13,8.645707e+07,7.608466e+06,-9.728973e+13,-2.565398e+13,-8.186345e+13,8.989847e+06,3.528450e+13,1.736292e+08,8.444479e+06,-1.777523e+14,-3.644944e+13,-1.313628e+14,4.115640e+06,3.512961e+12,1.518838e+07,1.570639e+06,6.743721e+12,1.330407e+12,1.315618e+11,1,37
1.411345e+07,5.512445e+13,1.593257e+08,1.294964e+07,-1.997691e+14,-5.907975e+13,-1.209247e+14,1.175176e+07,9.606495e+13,2.191662e+08,2.319417e+07,-1.213031e+15,-1.930270e+14,-8.119606e+14,4.328456e+06,5.590054e+12,5.402147e+06,5.737104e+04,-2.764021e+10,-1.910326e+10,1.676095e+10,0,1
1.723161e+07,6.969143e+13,1.655940e+08,1.328197e+07,-9.690541e+13,-5.789899e+13,-2.508243e+13,1.381341e+07,1.385255e+14,2.043579e+08,2.197941e+07,-1.035636e+15,-2.116190e+14,-9.779611e+14,5.465357e+06,1.169660e+13,7.740234e+06,5.993384e+04,-3.743616e+10,-3.579348e+10,1.739121e+10,1,68
1.526613e+07,4.060819e+13,1.089442e+08,5.297122e+06,-7.153222e+12,-1.491366e+13,5.685764e+12,1.217448e+07,9.051862e+13,2.433691e+08,2.524459e+07,-1.904282e+15,-2.363477e+14,-1.501430e+15,5.806792e+06,9.641491e+12,1.424567e+07,1.034161e+05,-8.260138e+10,3.386375e+10,9.467719e+10,0,80
1.181042e+07,3.052984e+13,1.356573e+08,6.500822e+06,-1.925200e+14,-3.591951e+13,-1.857148e+14,9.860479e+06,5.570514e+13,1.507216e+08,7.045967e+06,-2.295689e+14,-5.254498e+13,-2.399916e+14,4.348748e+06,5.298358e+12,1.453265e+07,1.654698e+06,-3.783487e+11,-3.428410e+12,-7.010567e+12,3,61
1.196580e+07,2.981877e+13,5.850798e+07,4.325570e+06,-4.310389e+13,-1.843179e+13,-3.800167e+13,1.012788e+07,5.328847e+13,2.202456e+08,2.452040e+07,-1.589979e+15,-1.670803e+14,-1.587241e+15,4.672572e+06,3.378198e+12,1.196642e+07,3.380409e+05,-5.481207e+11,5.892421e+11,-2.775814e+11,2,93
1.605084e+07,4.591889e+13,6.022140e+07,2.110013e+06,-2.378425e+13,-1.429444e+13,-2.381096e+13,1.316915e+07,9.333448e+13,2.722410e+08,3.634254e+07,-3.583117e+15,-3.494029e+14,-3.723587e+15,6.395346e+06,1.022379e+13,1.565897e+07,2.107822e+05,3.683240e+11,-2.083232e+11,1.446913e+11,0,35
1.153863e+07,2.993746e+13,9.667081e+07,6.069848e+06,-1.250866e+14,-3.067493e+13,-1.179918e+14,9.711941e+06,5.338566e+13,2.246492e+08,2.162969e+07,-1.342621e+15,-1.485158e+14,-1.328144e+15,4.240432e+06,3.360744e+12,1.173350e+07,2.030352e+05,2.753583e+11,-1.109955e+11,1.329184e+11,0,8
2.659985e+07,1.108061e+14,1.818270e+08,9.464141e+06,-3.589650e+14,-9.643946e+13,-3.696020e+14,2.024099e+07,2.860682e+14,3.410792e+08,3.846974e+07,-4.385682e+15,-6.484858e+14,-4.670402e+15,9.715142e+06,4.275158e+13,1.413584e+07,7.145438e+04,-3.800930e+10,-6.917033e+10,-5.106197e+10,2,67
1.387641e+07,5.284082e+13,1.016203e+08,7.234552e+06,-1.888029e+14,-5.167441e+13,-1.896505e+14,1.192283e+07,8.515846e+13,2.774011e+08,2.783033e+07,-2.440474e+15,-2.566055e+14,-2.313603e+15,4.653661e+06,4.357963e+12,8.119237e+06,5.077631e+04,-2.912328e+10,9.447341e+10,-3.543628e+09,2,102
1.461019e+07,3.924260e+13,1.407812e+08,1.039647e+07,-3.916609e+14,-6.455242e+13,-3.476120e+14,1.183549e+07,8.160243e+13,2.312271e+08,1.993742e+07,-1.285667e+15,-1.757463e+14,-1.306744e+15,5.577153e+06,8.244995e+12,1.127959e+07,3.286677e+05,4.655745e+11,1.078606e+11,2.745340e+11,1,52
1.102633e+07,3.029394e+13,8.766559e+07,4.989573e+06,-9.343876e+13,-2.579206e+13,-9.380581e+13,9.563526e+06,5.165274e+13,2.200487e+08,1.948843e+07,-6.440320e+14,-9.496641e+13,-9.640554e+14,4.063424e+06,2.435940e+12,1.192305e+07,2.774678e+05,5.018930e+11,-1.397485e+11,-1.032222e+11,3,62
1.422837e+07,4.202443e+13,9.111860e+07,1.037885e+07,5.199324e+12,-2.300025e+13,7.009893e+13,1.165494e+07,8.201915e+13,2.229863e+08,2.409950e+07,-1.339433e+15,-1.856878e+14,-8.907255e+14,5.179642e+06,6.714753e+12,7.206494e+06,1.975859e+05,-2.109246e+11,4.924621e+11,1.135835e+11,0,45
1.201773e+07,3.991845e+13,1.062179e+08,8.778277e+06,-2.449233e+14,-5.252389e+13,-2.490262e+14,1.022323e+07,6.580295e+13,2.074074e+08,1.960605e+07,-1.182827e+15,-1.542406e+14,-1.164570e+15,3.907262e+06,3.552150e+12,5.512155e+06,7.132931e+04,-1.527718e+10,9.957865e+10,2.674894e+10,1,90
1.390450e+07,4.870842e+13,1.467571e+08,8.322398e+06,-2.831542e+14,-5.715691e+13,-2.671426e+14,1.149797e+07,8.810852e+13,2.187446e+08,2.025523e+07,-1.338860e+15,-1.893286e+14,-1.385265e+15,4.518906e+06,6.170142e+12,8.549599e+06,2.031411e+05,-2.549765e+11,-4.150286e+11,-7.427737e+10,3,103
1.580167e+07,5.846018e+13,2.096678e+08,1.271732e+07,-5.560815e+14,-9.018920e+13,-5.466685e+14,1.286382e+07,1.122556e+14,2.363903e+08,2.237824e+07,-1.620829e+15,-2.364754e+14,-1.734663e+15,5.217916e+06,8.852590e+12,8.673629e+06,3.520367e+05,-5.647754e+11,-4.808346e+11,2.042541e+11,0,103
1.300835e+07,3.175990e+13,1.353234e+08,5.923926e+06,-1.443380e+14,-3.118818e+13,-1.469481e+14,1.064326e+07,6.663521e+13,1.570533e+08,8.148842e+06,-2.689229e+14,-6.303960e+13,-2.201790e+14,5.010140e+06,7.184358e+12,1.656584e+07,1.590808e+06,-2.561532e+12,-4.089988e+12,-7.899024e+12,2,61
1.561862e+07,5.211429e+13,1.296723e+08,8.140833e+06,-2.530763e+14,-5.776299e+13,-2.489665e+14,1.279169e+07,1.009042e+14,2.870482e+08,3.130841e+07,-2.944980e+15,-3.128281e+14,-2.980741e+15,5.574059e+06,8.097603e+12,1.068026e+07,2.450978e+04,7.542735e+09,2.092032e+10,-9.298576e+09,0,84
1.851744e+07,9.275381e+13,1.733213e+08,1.160391e+07,-4.890751e+14,-1.070280e+14,-4.142118e+14,1.527579e+07,1.689543e+14,3.313798e+08,4.017892e+07,-4.558393e+15,-5.164370e+14,-5.348332e+15,5.645651e+06,1.195254e+13,6.628446e+06,2.268304e+05,-2.384384e+11,-7.586938e+11,1.490255e+11,2,95
1.531911e+07,4.307526e+13,7.377128e+07,4.308485e+06,-8.793631e+12,-1.585349e+13,-6.167808e+12,1.268057e+07,8.471269e+13,2.705784e+08,3.379698e+07,-3.035358e+15,-2.972468e+14,-2.794676e+15,6.118688e+06,8.800348e+12,1.526990e+07,1.158984e+05,6.466889e+10,2.145340e+11,-1.434200e+11,0,4
9.456319e+06,2.239593e+13,6.038049e+07,4.407796e+06,-5.917187e+13,-1.884872e+13,-5.967125e+13,8.451802e+06,3.296403e+13,1.812360e+08,9.290487e+06,-3.807000e+14,-5.333943e+13,-3.382503e+14,3.720097e+06,2.398175e+12,1.374971e+07,1.552547e+06,6.714186e+12,9.124790e+11,3.476198e+11,2,54
2.074656e+07,1.306388e+14,2.066798e+08,1.586226e+07,-8.763073e+14,-1.777066e+14,-8.328573e+14,1.712316e+07,2.285034e+14,3.174561e+08,3.679578e+07,-3.914878e+15,-5.515071e+14,-4.412355e+15,5.693490e+06,1.366590e+13,4.029448e+06,1.494036e+05,-1.146372e+11,-3.960318e+11,9.347166e+09,1,86
1.130051e+07,2.931101e+13,6.224039e+07,4.989972e+06,-7.121121e+13,-2.446821e+13,-6.642458e+13,9.647088e+06,5.057763e+13,2.082452e+08,2.072200e+07,-1.335056e+15,-1.457439e+14,-1.537020e+15,4.233225e+06,2.747036e+12,8.438097e+06,2.493725e+05,-3.589378e+11,4.132647e+11,2.264467e+10,1,44
1.584124e+07,3.587636e+13,1.067885e+08,3.933907e+06,-4.177421e+13,-1.666641e+13,-3.787992e+13,1.277564e+07,8.265846e+13,1.901696e+08,1.124330e+07,-5.021827e+14,-1.006923e+14,-4.083841e+14,6.789236e+06,1.304739e+13,2.093148e+07,9.152378e+05,-3.028637e+11,-3.063562e+12,-3.107056e+12,0,59
1.460165e+07,6.359623e+13,1.388294e+08,9.879359e+06,-3.541787e+14,-7.817605e+13,-3.280050e+14,1.217776e+07,1.102851e+14,2.017160e+08,1.939629e+07,-1.110568e+15,-1.940423e+14,-1.381453e+15,4.230185e+06,5.967213e+12,5.661282e+06,1.468930e+04,-7.297303e+08,-3.567025e+10,-3.216542e+09,2,100
1.653080e+07,8.375527e+13,1.377958e+08,1.186508e+07,-3.094805e+14,-8.656170e+13,-3.018257e+14,1.388778e+07,1.407042e+14,2.956558e+08,3.482651e+07,-3.520415e+15,-4.125378e+14,-2.868537e+15,4.737856e+06,7.363461e+12,4.858252e+06,1.691392e+05,5.517837e+10,-3.672588e+11,8.931747e+10,1,46
1.245132e+07,2.328191e+13,5.399295e+07,2.848808e+06,-3.409852e+13,-1.348200e+13,-3.434844e+13,1.030373e+07,5.029645e+13,2.053435e+08,1.874444e+07,-9.980085e+14,-1.202430e+14,-8.995227e+14,5.478989e+06,4.612142e+12,1.904475e+07,5.702489e+05,-5.832519e+11,7.770846e+11,1.689594e+12,1,42
9.374782e+06,2.311343e+13,7.392947e+07,5.631915e+06,-1.054526e+14,-2.536861e+13,-1.068595e+14,8.358503e+06,3.395164e+13,1.709120e+08,1.016647e+07,-3.594855e+14,-5.410113e+13,-3.783109e+14,3.561904e+06,2.319372e+12,1.135912e+07,9.428013e+05,2.654072e+12,5.966124e+11,2.960198e+11,2,37
1.398829e+07,4.384792e+13,6.362906e+07,3.932355e+06,-4.492007e+13,-2.154542e+13,-4.456972e+13,1.250649e+07,6.609147e+13,3.225007e+08,5.752929e+07,-7.460296e+15,-4.480121e+14,-7.505174e+15,5.889286e+06,8.176650e+12,1.217909e+07,1.262838e+06,4.737906e+12,7.847667e+10,4.327836e+12,1,36
1.264398e+07,4.724974e+13,1.295027e+08,9.901909e+06,-3.527434e+14,-6.793985e+13,-3.608614e+14,1.076963e+07,7.653542e+13,2.128777e+08,1.934205e+07,-1.240874e+15,-1.691800e+14,-1.247652e+15,3.895936e+06,3.796893e+12,4.952472e+06,1.045248e+05,6.112309e+10,-1.459549e+11,-4.287828e+10,1,63
1.199388e+07,2.496638e+13,7.807159e+07,5.986829e+06,2.277053e+13,-6.969877e+12,4.342425e+13,9.859562e+06,5.065142e+13,2.236599e+08,2.498642e+07,-1.606187e+15,-1.627110e+14,-1.241964e+15,4.881162e+06,4.627616e+12,1.246030e+07,5.813268e+04,-4.615746e+10,1.156971e+11,1.854800e+10,1,65
1.399127e+07,3.103340e+13,7.859537e+07,3.566818e+06,-5.944334e+13,-1.970196e+13,-5.756517e+13,1.140626e+07,6.762779e+13,2.396483e+08,2.302412e+07,-1.544737e+15,-1.766964e+14,-1.791479e+15,5.857213e+06,6.782738e+12,1.398102e+07,7.556562e+04,6.479921e+10,-1.754604e+10,3.079686e+10,3,58
1.263178e+07,2.641120e+13,8.313102e+07,5.629944e+06,-7.581095e+13,-2.276226e+13,-7.407816e+13,1.045877e+07,5.357771e+13,2.470541e+08,2.538052e+07,-1.986941e+15,-1.845565e+14,-1.750569e+15,5.321447e+06,4.752826e+12,1.545134e+07,3.044399e+05,-4.391755e+11,5.238758e+11,4.908705e+11,0,65
1.079921e+07,1.807776e+13,8.108535e+07,4.234760e+06,-6.630447e+13,-1.606762e+13,-6.627869e+13,8.970914e+06,3.720532e+13,2.109088e+08,1.788544e+07,-8.988680e+14,-9.733605e+13,-1.014042e+15,4.737368e+06,3.598359e+12,1.595990e+07,4.911989e+05,1.373985e+12,-2.336818e+11,5.153816e+08,1,53
1.493527e+07,5.336171e+13,1.153868e+08,6.876082e+06,-1.716156e+14,-4.730890e+13,-1.714479e+14,1.232161e+07,9.850529e+13,2.266275e+08,2.097414e+07,-1.402063e+15,-2.036327e+14,-1.393070e+15,5.018577e+06,6.893448e+12,8.777586e+06,1.725499e+05,6.320210e+08,-4.519034e+11,-2.036503e+11,0,7
1.316381e+07,4.560960e+13,1.418233e+08,1.228701e+07,-4.466504e+14,-7.654321e+13,-4.200074e+14,1.107451e+07,7.817076e+13,2.124913e+08,1.897750e+07,-1.162636e+15,-1.643605e+14,-1.210697e+15,4.323799e+06,4.991779e+12,5.884191e+06,9.143776e+04,1.603950e+10,9.021376e+10,2.846731e+10,1,60
9.874354e+06,2.961825e+13,7.443094e+07,6.204801e+06,-1.316025e+14,-3.322324e+13,-1.373081e+14,8.712990e+06,4.390500e+13,1.797215e+08,1.450763e+07,-7.292969e+14,-9.519148e+13,-6.620422e+14,3.273967e+06,1.726943e+12,6.575163e+06,4.054044e+05,3.653992e+11,2.433283e+11,3.480538e+11,0,3
1.192590e+07,2.571724e+13,5.421813e+07,4.242322e+06,2.742831e+13,-1.836702e+11,4.197870e+13,1.003954e+07,4.797131e+13,2.300710e+08,2.772018e+07,-1.908188e+15,-1.750646e+14,-1.525247e+15,5.000428e+06,3.959335e+12,1.545610e+07,1.802501e+05,-1.659223e+11,2.336448e+11,2.525579e+11,1,33
1.758125e+07,3.893485e+13,1.191760e+08,3.060397e+06,-3.145062e+13,-1.452069e+13,-3.060640e+13,1.356213e+07,1.064333e+14,2.800365e+08,3.450238e+07,-3.340339e+15,-3.524865e+14,-3.790671e+15,7.325445e+06,1.859632e+13,1.902343e+07,3.384569e+05,8.526241e+11,1.402228e+12,1.405621e+11,3,80
1.167407e+07,3.193231e+13,1.002462e+08,7.413642e+06,-1.932604e+14,-4.116351e+13,-1.906980e+14,9.677783e+06,5.858198e+13,1.894231e+08,1.651063e+07,-8.880276e+14,-1.236929e+14,-9.228508e+14,4.026919e+06,4.088507e+12,7.713435e+06,2.474715e+05,3.088706e+11,-8.161535e+10,8.563332e+10,3,83
1.021901e+07,2.089986e+13,6.115846e+07,7.658430e+06,-1.471972e+14,-3.183364e+13,-1.487018e+14,8.561082e+06,3.889591e+13,1.709302e+08,1.845037e+07,-9.017260e+14,-1.053766e+14,-9.537056e+14,4.010379e+06,2.765771e+12,6.288695e+06,8.751930e+05,-1.692685e+12,1.389138e+12,-4.773313e+11,2,78
2.063392e+07,8.884733e+13,1.851092e+08,7.471515e+06,-2.776979e+14,-7.033272e+13,-2.869798e+14,1.620372e+07,1.919901e+14,2.076697e+08,1.850522e+07,-1.133172e+15,-2.549314e+14,-1.132491e+15,6.777926e+06,2.001210e+13,1.300227e+07,4.717290e+05,1.623250e+10,1.022118e+12,9.407441e+11,0,68
1.560538e+07,3.875146e+13,9.833505e+07,7.893067e+06,-2.149101e+14,-4.899029e+13,-2.240451e+14,1.270354e+07,8.357569e+13,2.377086e+08,1.908347e+07,-1.178611e+15,-1.678927e+14,-1.336725e+15,6.483884e+06,9.374624e+12,1.420184e+07,7.705713e+05,-1.250143e+10,1.525844e+12,1.878781e+12,0,19
1.304646e+07,4.643483e+13,1.442703e+08,9.566495e+06,-3.253697e+14,-6.190720e+13,-2.777027e+14,1.085893e+07,8.140533e+13,1.639679e+08,1.205697e+07,-5.184785e+14,-1.070736e+14,-5.534662e+14,4.046437e+06,5.413817e+12,7.526002e+06,3.418186e+05,-3.599065e+09,-7.813752e+11,-3.948107e+11,1,89
1.533462e+07,4.745995e+13,6.558297e+07,4.462317e+06,-3.518475e+13,-2.142201e+13,-3.342313e+13,1.311333e+07,8.499918e+13,2.833558e+08,4.497078e+07,-3.953998e+15,-3.514605e+14,-4.490262e+15,6.229863e+06,9.770236e+12,1.380586e+07,8.363631e+05,2.731383e+12,8.563078e+11,-3.764105e+11,1,35
7.489006e+06,1.087651e+13,3.130817e+07,1.950682e+06,-5.039112e+12,-4.138275e+12,-4.449280e+12,6.788658e+06,1.598554e+13,1.486890e+08,6.327035e+06,-1.705926e+14,-2.366681e+13,-1.556767e+14,3.490929e+06,1.994697e+12,1.803504e+07,2.296032e+06,1.416490e+13,1.780516e+12,9.027126e+11,2,94
1.606122e+07,5.688601e+13,7.964371e+07,5.223111e+06,-7.512804e+13,-3.319813e+13,-7.471201e+13,1.349194e+07,1.023257e+14,2.963998e+08,4.193883e+07,-4.653128e+15,-4.227176e+14,-4.262764e+15,5.949962e+06,8.694119e+12,1.086124e+07,6.590534e+05,1.662007e+12,-4.549070e+11,5.838016e+11,0,87
1.421851e+07,4.760770e+13,9.937077e+07,8.987236e+06,-2.550482e+14,-6.004620e+13,-2.558963e+14,1.188094e+07,8.540350e+13,2.654077e+08,3.280932e+07,-2.907960e+15,-2.951519e+14,-3.045977e+15,4.985707e+06,5.844983e+12,7.332388e+06,5.371717e+05,8.801011e+11,3.910983e+11,-5.741133e+11,0,22
1.561201e+07,7.067864e+13,1.520381e+08,1.080190e+07,-3.991486e+14,-8.703075e+13,-3.840740e+14,1.282825e+07,1.253175e+14,2.070047e+08,2.142482e+07,-1.401963e+15,-2.378196e+14,-1.453197e+15,4.421588e+06,7.770564e+12,4.354762e+06,4.813774e+04,-1.340628e+10,2.252733e+10,1.726090e+10,0,88
2.674535e+07,1.597391e+14,1.762796e+08,1.054276e+07,-3.905737e+14,-1.241204e+14,-3.927670e+14,2.180480e+07,3.090489e+14,4.335139e+08,5.911074e+07,-9.309391e+15,-1.028692e+15,-9.077316e+15,9.166146e+06,3.688322e+13,7.851128e+06,5.078011e+05,-9.536100e+11,-2.981976e+12,2.764307e+11,1,73
1.207650e+07,1.219710e+13,6.491382e+07,3.453011e+06,-3.991796e+13,-1.034411e+13,-4.008895e+13,9.802084e+06,3.396807e+13,2.134045e+08,2.310386e+07,-1.318732e+15,-1.166730e+14,-1.458083e+15,6.313577e+06,5.885075e+12,2.702859e+07,8.026400e+05,-1.685585e+12,1.003785e+12,3.445712e+12,0,38
1.155128e+07,2.374515e+13,8.793101e+07,5.606739e+06,-1.227309e+14,-2.711818e+13,-1.167165e+14,9.638870e+06,4.677971e+13,1.874240e+08,1.194049e+07,-5.486105e+14,-7.968606e+13,-6.121817e+14,4.766712e+06,4.520761e+12,1.509889e+07,8.813864e+05,3.026216e+12,1.026729e+10,2.757687e+11,3,51
1.294992e+07,3.988599e+13,1.354096e+08,1.427806e+07,-2.586583e+14,-5.710933e+13,-2.065595e+14,1.084216e+07,7.095231e+13,2.071094e+08,1.886117e+07,-8.775669e+14,-1.343830e+14,-6.118949e+14,4.530936e+06,5.141481e+12,6.889580e+06,3.815317e+05,2.784917e+11,3.866135e+11,3.886438e+11,0,48
1.685493e+07,6.977131e+13,1.524779e+08,1.099402e+07,3.973511e+13,-2.898897e+13,9.091217e+13,1.381432e+07,1.327735e+14,2.901784e+08,3.416500e+07,-3.283736e+15,-3.857580e+14,-3.602903e+15,5.467691e+06,1.005192e+13,8.747919e+06,1.684881e+05,-1.417621e+10,1.265378e+11,-2.190179e+11,3,98
1.300048e+07,2.694258e+13,7.986306e+07,4.110991e+06,-5.377311e+13,-1.783781e+13,-5.333757e+13,1.101077e+07,5.157325e+13,2.083672e+08,9.272491e+06,-3.916020e+14,-6.498930e+13,-3.462634e+14,5.821280e+06,7.709732e+12,2.465073e+07,1.568052e+06,9.721060e+12,1.713483e+11,-1.641145e+12,1,54
1.346796e+07,5.442150e+13,1.232713e+08,1.009724e+07,-3.283848e+14,-7.207541e+13,-3.262044e+14,1.129878e+07,9.475728e+13,1.965063e+08,1.993073e+07,-1.081153e+15,-1.777191e+14,-1.392942e+15,3.922334e+06,4.754407e+12,4.420368e+06,2.833307e+04,-1.095405e+09,3.698879e+10,9.140641e+09,1,100
1.240788e+07,4.095805e+13,1.006336e+08,9.012867e+06,-1.755997e+14,-4.514480e+13,-1.700060e+14,1.045452e+07,6.986684e+13,2.456038e+08,2.673109e+07,-2.060018e+15,-2.176592e+14,-1.776691e+15,4.058770e+06,3.872677e+12,6.606099e+06,1.379349e+05,-1.207777e+11,2.708808e+11,-3.125518e+10,1,0
1.710782e+07,6.169039e+13,1.349639e+08,1.316425e+07,-3.161555e+14,-7.915340e+13,-3.084167e+14,1.409838e+07,1.181282e+14,2.891125e+08,3.173363e+07,-2.934861e+15,-3.369098e+14,-2.475922e+15,6.246757e+06,9.074752e+12,7.585156e+06,2.399899e+05,5.288209e+10,3.880767e+11,-2.136266e+11,1,12
1.654376e+07,5.777696e+13,4.848119e+07,2.341858e+06,-2.273240e+13,-1.707052e+13,-2.216714e+13,1.355061e+07,1.122367e+14,2.258733e+08,2.358473e+07,-1.696751e+15,-2.481627e+14,-1.694650e+15,5.949695e+06,8.965786e+12,1.282620e+07,1.827095e+05,-6.450884e+10,3.599999e+11,2.757427e+11,3,72
1.310988e+07,4.288992e+13,7.310110e+07,3.228291e+06,-4.846611e+13,-2.096036e+13,-4.787344e+13,1.108824e+07,7.354308e+13,2.217450e+08,2.329052e+07,-1.660178e+15,-1.983360e+14,-1.650661e+15,4.540237e+06,4.361423e+12,9.863260e+06,1.153147e+05,-5.385971e+10,-2.189308e+11,-1.389097e+11,2,85
1.749868e+07,8.157773e+13,1.956810e+08,1.176712e+07,-5.514254e+14,-1.037825e+14,-5.131741e+14,1.432182e+07,1.489227e+14,2.704714e+08,3.026793e+07,-2.721852e+15,-3.675433e+14,-2.834527e+15,5.295636e+06,1.049080e+13,6.086121e+06,1.752162e+05,1.767845e+11,5.330379e+11,-4.079544e+10,0,98
1.221267e+07,3.885261e+13,1.053728e+08,8.082143e+06,-2.358584e+14,-5.036519e+13,-2.297095e+14,1.046378e+07,6.383590e+13,2.574282e+08,2.481554e+07,-1.949804e+15,-1.960866e+14,-1.904660e+15,4.230624e+06,3.093115e+12,1.033689e+07,2.519520e+05,-2.790381e+11,3.739903e+11,2.713553e+11,0,11
1.160731e+07,2.222901e+13,6.019252e+07,2.201709e+06,-1.940751e+13,-8.845748e+12,-1.945580e+13,9.782352e+06,4.277738e+13,1.886149e+08,8.465297e+06,-3.350158e+14,-5.506564e+13,-3.051779e+14,5.071482e+06,6.102379e+12,2.159465e+07,2.173033e+06,1.210694e+13,-1.595819e+12,-8.689121e+12,2,50
1.546157e+07,5.804367e+13,1.552713e+08,1.120899e+07,-4.665100e+14,-8.506649e+13,-4.676848e+14,1.264503e+07,1.095857e+14,2.499123e+08,2.477646e+07,-1.848285e+15,-2.507631e+14,-1.753337e+15,5.033638e+06,7.936539e+12,8.255073e+06,3.194947e+04,6.437907e+09,9.653529e+09,1.081791e+10,1,104
1.276688e+07,3.803950e+13,1.151906e+08,9.897534e+06,-3.340950e+14,-6.098179e+13,-3.371901e+14,1.076591e+07,6.807992e+13,2.073459e+08,1.850827e+07,-9.406189e+14,-1.366400e+14,-1.138965e+15,4.599865e+06,4.779172e+12,7.107848e+06,3.716275e+05,3.032982e+11,3.965760e+11,4.243013e+11,2,48
1.713947e+07,6.429073e+13,1.831951e+08,1.215430e+07,-5.556720e+14,-9.538673e+13,-5.435385e+14,1.382407e+07,1.314050e+14,2.634728e+08,2.868197e+07,-2.315065e+15,-3.134243e+14,-2.759310e+15,5.809093e+06,1.099404e+13,7.216891e+06,2.127700e+04,7.436692e+09,6.684189e+10,-3.898973e+09,0,49
1.028835e+07,2.156758e+13,8.962120e+07,6.316305e+06,-1.435627e+14,-2.892933e+13,-1.471088e+14,8.804375e+06,3.760070e+13,1.463236e+08,4.356893e+06,-1.077381e+14,-2.628252e+13,-1.083377e+14,4.161326e+06,4.235485e+12,1.574222e+07,2.762358e+06,1.803779e+13,-3.277802e+11,-5.128022e+12,1,50
1.925773e+07,7.209143e+13,1.035756e+08,6.879451e+06,-6.798711e+13,-3.718681e+13,-6.450374e+13,1.593766e+07,1.395484e+14,3.790755e+08,5.438290e+07,-7.171796e+15,-6.054246e+14,-6.997044e+15,7.465039e+06,2.073840e+13,1.007429e+07,3.574169e+05,3.078798e+11,-9.723588e+11,7.746694e+11,3,47
1.244689e+07,3.142293e+13,1.000189e+08,5.935792e+06,-1.442414e+14,-3.318036e+13,-1.437589e+14,1.042068e+07,6.023984e+13,2.129252e+08,1.766899e+07,-8.301930e+14,-1.177796e+14,-1.077734e+15,4.816672e+06,5.064211e+12,1.200123e+07,2.874732e+05,5.339512e+11,-1.167914e+11,-7.171528e+10,2,52
1.105395e+07,3.534743e+13,8.656304e+07,6.769778e+06,-1.463419e+14,-3.727052e+13,-1.492427e+14,9.496589e+06,5.625810e+13,1.852851e+08,1.606181e+07,-8.042111e+14,-1.147705e+14,-7.955298e+14,3.557179e+06,2.819870e+12,5.398782e+06,1.742036e+05,1.614471e+11,-3.573698e+10,3.125473e+09,2,90
1.330854e+07,2.925252e+13,1.066811e+08,7.230438e+06,-1.795303e+14,-3.632415e+13,-1.811034e+14,1.089339e+07,6.181584e+13,2.318981e+08,2.146989e+07,-1.259765e+15,-1.511632e+14,-1.388041e+15,5.493726e+06,6.121106e+12,1.236434e+07,1.823098e+05,-3.930879e+09,2.546661e+11,2.001505e+11,2,58
1.678589e+07,5.417230e+13,1.191031e+08,7.526411e+06,-3.092386e+12,-2.150861e+13,2.844870e+13,1.367179e+07,1.095226e+14,3.266301e+08,4.531946e+07,-4.890447e+15,-4.386859e+14,-4.104306e+15,6.320595e+06,1.479119e+13,1.036249e+07,2.259471e+05,-3.365926e+11,-8.037493e+11,1.823631e+10,3,69
1.550681e+07,4.999550e+13,1.584291e+08,1.319190e+07,-3.957184e+14,-7.531765e+13,-3.939473e+14,1.248624e+07,1.019383e+14,2.490134e+08,2.512855e+07,-1.948456e+15,-2.504305e+14,-1.655509e+15,5.422929e+06,9.153543e+12,6.509795e+06,1.100125e+04,-2.898483e+09,3.234744e+10,8.843519e+08,2,63
1.732832e+07,7.159137e+13,2.253545e+08,1.292770e+07,-5.928842e+14,-9.827641e+13,-5.136215e+14,1.397266e+07,1.396362e+14,2.859080e+08,3.320962e+07,-3.138828e+15,-3.846279e+14,-3.320562e+15,5.515319e+06,1.243252e+13,7.751197e+06,3.036482e+05,4.611715e+11,1.013671e+12,-1.214818e+10,2,98
1.236088e+07,4.021861e+13,1.222208e+08,7.795286e+06,-2.111456e+14,-4.634751e+13,-1.953654e+14,1.038984e+07,6.917569e+13,1.851123e+08,1.346074e+07,-5.516034e+14,-1.016624e+14,-5.498960e+14,4.048338e+06,4.658811e+12,1.025600e+07,4.923886e+05,6.926636e+11,-8.014786e+11,-7.430981e+11,1,40
1.412168e+07,4.452550e+13,6.265404e+07,2.191938e+06,-2.483223e+13,-1.434890e+13,-2.508467e+13,1.188022e+07,8.099867e+13,2.443297e+08,2.806209e+07,-2.152099e+15,-2.401618e+14,-1.951848e+15,5.208047e+06,5.486052e+12,1.345257e+07,1.027417e+04,3.474461e+09,-2.018940e+10,-1.153502e+09,3,85
1.111367e+07,2.395278e+13,4.894606e+07,2.608585e+06,-1.515546e+13,-9.648812e+12,-1.441731e+13,9.354253e+06,4.428882e+13,1.974044e+08,1.899055e+07,-9.714116e+14,-1.165442e+14,-1.005057e+15,4.460485e+06,3.456337e+12,1.242847e+07,1.419184e+05,-6.179273e+10,2.139111e+11,1.470029e+11,3,78
1.540663e+07,5.769864e+13,1.438936e+08,9.583010e+06,-3.438329e+14,-7.169425e+13,-3.094678e+14,1.266022e+07,1.083213e+14,2.382450e+08,2.463393e+07,-1.852049e+15,-2.533608e+14,-2.134035e+15,5.073930e+06,7.646517e+12,6.766385e+06,1.167147e+04,-3.093668e+09,-2.407349e+10,-9.402836e+08,1,49
1.863537e+07,8.257515e+13,9.057442e+07,6.297174e+06,-1.379477e+14,-5.510245e+13,-1.400923e+14,1.525747e+07,1.559455e+14,2.259929e+08,2.292439e+07,-1.511005e+15,-2.734861e+14,-1.458342e+15,6.170622e+06,1.142689e+13,1.044357e+07,1.611383e+05,-1.513491e+11,4.406949e+11,1.405520e+11,1,72
8.883474e+06,1.921102e+13,4.848700e+07,4.481458e+06,-6.228763e+12,-8.565500e+12,4.871991e+12,7.901918e+06,2.896746e+13,1.935378e+08,1.718789e+07,-9.115212e+14,-8.876354e+13,-7.051273e+14,3.520777e+06,9.971275e+11,1.151778e+07,5.437963e+05,-1.925643e+11,3.573495e+11,1.177176e+12,0,24
1.262922e+07,3.947955e+13,1.076624e+08,8.439557e+06,-1.215330e+14,-3.585151e+13,-1.051921e+14,1.075518e+07,6.701940e+13,2.260282e+08,2.109792e+07,-1.395631e+15,-1.687723e+14,-1.074540e+15,4.475951e+06,3.900757e+12,8.429078e+06,6.031788e+04,1.595107e+10,4.917199e+10,2.513691e+10,1,45
1.232370e+07,2.523965e+13,9.114128e+07,7.501144e+06,-1.452556e+14,-3.237294e+13,-1.424757e+14,1.011203e+07,5.238920e+13,1.896701e+08,1.301932e+07,-6.049038e+14,-9.039016e+13,-4.916798e+14,5.091903e+06,5.473056e+12,1.353679e+07,1.026758e+06,2.661695e+12,5.112520e+11,1.729623e+12,0,51
1.258808e+07,5.663922e+13,1.503600e+08,1.523609e+07,-3.973995e+14,-8.654625e+13,-3.043281e+14,1.071795e+07,8.912666e+13,1.728415e+08,1.726157e+07,-8.453464e+14,-1.535729e+14,-8.788415e+14,3.192471e+06,3.601222e+12,2.634808e+06,2.659322e+04,4.814382e+09,2.297548e+09,3.002136e+09,0,100
1.440054e+07,5.092681e+13,1.119992e+08,6.903720e+06,-1.268329e+14,-3.972967e+13,-1.252728e+14,1.205665e+07,8.989948e+13,2.867158e+08,3.174796e+07,-3.001081e+15,-2.988766e+14,-2.663065e+15,4.924240e+06,5.868415e+12,1.137553e+07,2.149906e+04,7.537279e+09,1.610698e+10,-7.377728e+09,1,96
1.251900e+07,3.405435e+13,9.892941e+07,5.239759e+06,-1.132752e+14,-3.011018e+13,-1.061704e+14,1.035460e+07,6.452603e+13,2.246355e+08,2.171407e+07,-1.470652e+15,-1.713185e+14,-1.680536e+15,4.532671e+06,4.890759e+12,9.393846e+06,8.137012e+04,-1.247351e+10,-1.793975e+11,-6.868123e+10,3,82
1.121995e+07,2.405517e+13,6.775142e+07,3.834790e+06,-4.325349e+13,-1.646434e+13,-4.370041e+13,9.374462e+06,4.590640e+13,1.646014e+08,8.759368e+06,-3.192913e+14,-5.839762e+13,-3.744954e+14,4.471098e+06,4.865124e+12,1.394998e+07,1.111957e+06,4.186061e+12,-7.135603e+11,-1.645813e+12,3,50
1.217062e+07,4.217920e+13,1.368987e+08,1.026499e+07,-3.744373e+14,-6.565517e+13,-3.566533e+14,1.046207e+07,6.804965e+13,1.545363e+08,7.884782e+06,-2.671445e+14,-6.398268e+13,-3.067936e+14,3.967623e+06,4.592004e+12,9.715118e+06,1.261712e+06,3.832145e+12,-9.688402e+11,-2.262877e+12,3,89
1.601059e+07,4.456798e+13,1.753090e+08,7.490795e+06,-2.703978e+14,-4.987026e+13,-2.609493e+14,1.266667e+07,1.003974e+14,2.830870e+08,3.127945e+07,-2.916096e+15,-3.120113e+14,-2.913769e+15,5.990838e+06,1.142729e+13,1.201384e+07,3.113455e+05,4.166404e+11,9.347231e+11,5.441520e+11,2,82
1.405307e+07,3.241605e+13,1.092265e+08,6.998294e+06,-8.886878e+13,-2.769343e+13,-7.793410e+13,1.126160e+07,7.312517e+13,2.244995e+08,2.075878e+07,-1.407545e+15,-1.770004e+14,-1.081233e+15,5.568200e+06,7.867314e+12,1.292499e+07,1.153178e+05,1.406054e+11,-1.369114e+11,-2.217576e+09,0,55
1.244696e+07,5.044543e+13,1.119708e+08,9.537236e+06,-3.105496e+14,-6.757285e+13,-3.001078e+14,1.068159e+07,7.864349e+13,2.150835e+08,2.210440e+07,-1.517312e+15,-1.953887e+14,-1.533368e+15,3.579253e+06,3.280062e+12,3.316212e+06,2.767618e+04,-4.858957e+09,4.272700e+10,5.919987e+09,0,20
1.681093e+07,4.056965e+13,7.667112e+07,6.042417e+06,-1.286383e+14,-3.820763e+13,-1.316919e+14,1.384204e+07,8.741110e+13,2.913732e+08,4.614705e+07,-5.305107e+15,-4.277767e+14,-5.355608e+15,7.472635e+06,1.210242e+13,1.286491e+07,1.574489e+06,6.645082e+12,1.186226e+12,-2.155121e+12,0,36
1.623106e+07,3.778724e+13,1.096003e+08,4.010490e+06,-7.102429e+13,-2.249278e+13,-7.132547e+13,1.275558e+07,9.253796e+13,2.641828e+08,3.287624e+07,-3.008678e+15,-3.127684e+14,-2.977965e+15,6.612666e+06,1.286140e+13,1.304024e+07,1.445144e+05,-3.129830e+10,1.168466e+11,-2.145141e+11,0,56
7.418241e+06,1.280113e+13,5.219691e+07,4.174171e+06,-5.858051e+13,-1.459076e+13,-5.245723e+13,6.831826e+06,1.770410e+13,1.627568e+08,7.381966e+06,-2.328178e+14,-2.941964e+13,-2.836716e+14,3.257718e+06,1.029739e+12,1.611808e+07,1.969656e+06,7.535955e+12,1.394694e+12,3.501581e+12,1,94
9.985059e+06,1.969638e+13,7.160457e+07,4.084382e+06,-6.891266e+13,-1.804074e+13,-6.741291e+13,8.756495e+06,3.238931e+13,2.136612e+08,1.687665e+07,-9.420600e+14,-9.145424e+13,-9.070857e+14,4.319727e+06,1.635886e+12,1.855749e+07,6.483499e+05,8.408909e+11,3.462668e+11,1.534358e+12,2,91
2.080090e+07,7.106985e+13,1.724659e+08,8.345488e+06,4.436152e+12,-2.361808e+13,5.140451e+13,1.603145e+07,1.735887e+14,3.044795e+08,3.721391e+07,-2.990824e+15,-4.139496e+14,-2.490299e+15,7.631208e+06,2.337989e+13,1.194590e+07,6.998391e+05,1.717494e+12,3.124939e+12,1.863261e+12,1,70
1.214034e+07,3.542385e+13,7.541806e+07,7.458695e+06,-3.612967e+13,-2.429530e+13,-1.172647e+13,1.046158e+07,5.988423e+13,2.344573e+08,2.368497e+07,-1.763187e+15,-1.832376e+14,-2.047898e+15,4.509843e+06,2.818224e+12,9.711695e+06,3.074151e+05,-3.900154e+11,4.830292e+11,-2.117804e+11,0,44
7.074015e+06,1.171080e+13,3.891564e+07,2.992771e+06,-2.481625e+13,-9.117779e+12,-2.111919e+13,6.685104e+06,1.451650e+13,1.555415e+08,4.108191e+06,-1.006582e+14,-1.536613e+13,-1.064554e+14,3.266339e+06,1.492927e+12,1.923107e+07,3.554441e+06,2.699270e+13,2.982595e+12,8.759529e+11,3,94
1.751672e+07,7.867288e+13,1.481894e+08,1.380792e+07,-3.920908e+14,-9.159289e+13,-3.757060e+14,1.433211e+07,1.448026e+14,2.145462e+08,2.308444e+07,-1.404595e+15,-2.531748e+14,-1.144512e+15,5.483389e+06,1.014270e+13,3.438963e+06,7.621408e+03,-8.450585e+08,1.900370e+10,8.159026e+08,1,79
1.660038e+07,4.259716e+13,1.151072e+08,5.692250e+06,-1.059199e+14,-3.243249e+13,-9.976273e+13,1.333193e+07,9.597865e+13,3.055462e+08,4.170338e+07,-4.538673e+15,-3.992338e+14,-4.597701e+15,6.806022e+06,1.437037e+13,1.238013e+07,1.406379e+05,-1.330495e+11,-5.275968e+11,1.167944e+11,3,56
2.277333e+07,7.808299e+13,1.781520e+08,7.283346e+06,-1.635727e+14,-4.950536e+13,-1.574776e+14,1.748856e+07,1.992859e+14,3.527665e+08,4.366761e+07,-5.102963e+15,-5.915387e+14,-4.693498e+15,8.658690e+06,3.080105e+13,1.239041e+07,6.076215e+05,1.666408e+12,3.366165e+12,7.821547e+11,3,70
1.531351e+07,6.984962e+13,1.414782e+08,1.052988e+07,-4.054444e+14,-8.782687e+13,-3.873986e+14,1.279923e+07,1.184243e+14,2.634632e+08,2.838786e+07,-2.388926e+15,-3.035323e+14,-2.353752e+15,4.442004e+06,6.386402e+12,5.792969e+06,6.002320e+03,-1.080388e+09,1.516830e+10,-1.367001e+08,3,88
1.020844e+07,2.906604e+13,7.253476e+07,5.484935e+06,-7.951103e+13,-2.512641e+13,-7.884340e+13,8.944614e+06,4.429073e+13,1.975469e+08,1.562261e+07,-7.835068e+14,-9.827387e+13,-7.259536e+14,3.553357e+06,2.276725e+12,8.009560e+06,3.077942e+05,4.124902e+11,8.739180e+10,5.850543e+10,3,71
1.808115e+07,7.670204e+13,1.869951e+08,1.002853e+07,-4.143891e+14,-8.528805e+13,-4.239359e+14,1.444555e+07,1.538794e+14,2.721670e+08,3.052838e+07,-2.777952e+15,-3.784990e+14,-2.603861e+15,5.688504e+06,1.338866e+13,6.993107e+06,2.799764e+05,3.813491e+11,9.854909e+11,-9.371046e+10,0,74
1.134215e+07,1.903548e+13,7.174631e+07,4.864122e+06,-6.805628e+13,-1.882678e+13,-5.938970e+13,9.505637e+06,3.838802e+13,1.756030e+08,9.383625e+06,-3.710386e+14,-5.702139e+13,-3.944446e+14,5.147730e+06,5.183335e+12,1.826842e+07,1.548938e+06,7.422679e+12,8.937896e+11,1.353403e+12,0,17
1.025480e+07,2.155947e+13,7.414357e+07,5.888828e+06,-1.103567e+14,-2.589087e+13,-1.127257e+14,8.758042e+06,3.825019e+13,1.779591e+08,1.224617e+07,-3.947283e+14,-6.189196e+13,-4.498309e+14,4.115118e+06,3.067834e+12,1.152281e+07,1.031771e+06,2.822307e+12,5.561226e+11,1.138499e+12,1,51
9.860941e+06,1.662325e+13,3.888211e+07,1.493296e+06,-4.601581e+12,-4.135984e+12,-4.216854e+12,8.669436e+06,2.773503e+13,2.190058e+08,3.234321e+07,-2.702850e+15,-1.695798e+14,-2.800514e+15,4.595071e+06,2.586704e+12,1.709723e+07,2.426874e+05,1.642396e+11,2.876604e+11,-4.955111e+11,1,64
1.234912e+07,2.287681e+13,8.944279e+07,3.260853e+06,-5.306256e+13,-1.532585e+13,-5.342343e+13,9.996204e+06,5.163019e+13,2.261839e+08,2.231181e+07,-1.437264e+15,-1.520764e+14,-1.693780e+15,5.213810e+06,5.617401e+12,1.885562e+07,1.067958e+05,1.105532e+11,-2.286053e+11,-1.032823e+11,2,77
1.303751e+07,3.887088e+13,5.004469e+07,3.018846e+06,-3.627580e+13,-1.865300e+13,-3.642159e+13,1.111664e+07,6.713901e+13,1.845935e+08,1.814368e+07,-9.825444e+14,-1.423524e+14,-9.356000e+14,4.882069e+06,3.786479e+12,1.057343e+07,3.701053e+05,4.997545e+11,-4.227489e+10,6.561192e+11,1,85
9.686509e+06,1.036157e+13,4.101492e+07,1.091398e+06,-7.260423e+12,-3.512362e+12,-7.228906e+12,8.041102e+06,2.391553e+13,1.825945e+08,1.713597e+07,-8.713838e+14,-7.939581e+13,-1.002943e+15,4.826638e+06,2.709204e+12,2.166591e+07,4.093592e+05,8.739585e+11,6.651209e+08,9.437986e+11,1,38
1.001084e+07,1.817816e+13,4.435342e+07,2.487180e+06,-1.879411e+13,-8.762415e+12,-1.868763e+13,8.762955e+06,3.033899e+13,2.072478e+08,1.682211e+07,-9.862985e+14,-9.213371e+13,-9.092985e+14,4.503546e+06,1.682644e+12,1.956463e+07,8.987481e+05,7.747649e+11,6.569275e+11,3.239339e+12,1,91
1.505800e+07,6.637344e+13,1.458494e+08,1.102413e+07,-4.049284e+14,-8.611680e+13,-3.603567e+14,1.249739e+07,1.170543e+14,2.126890e+08,2.129679e+07,-1.399584e+15,-2.271063e+14,-1.670294e+15,4.355977e+06,6.565661e+12,5.297074e+06,6.991027e+02,3.659055e+07,-4.524573e+08,1.150928e+07,3,100
1.197515e+07,2.700959e+13,6.105635e+07,3.339907e+06,-1.721985e+13,-1.036325e+13,-1.683551e+13,1.017568e+07,5.040616e+13,2.553397e+08,3.479900e+07,-2.198863e+15,-1.925715e+14,-2.753797e+15,5.016558e+06,3.782333e+12,1.449428e+07,1.799393e+05,8.793284e+10,2.013905e+11,-2.961301e+11,0,10
1.646008e+07,5.632908e+13,8.274047e+07,3.639412e+06,-3.344038e+13,-1.912523e+13,-3.050861e+13,1.363714e+07,1.070074e+14,2.871852e+08,3.532320e+07,-3.555496e+15,-3.651934e+14,-3.059171e+15,6.142072e+06,9.366896e+12,1.591448e+07,2.906127e+04,1.976269e+10,-1.849099e+10,2.741830e+09,1,99
1.244040e+07,3.727263e+13,1.243587e+08,7.511526e+06,-2.007361e+14,-4.241423e+13,-2.036972e+14,1.039807e+07,6.652948e+13,2.014005e+08,1.449921e+07,-7.821569e+14,-1.181201e+14,-6.983441e+14,4.295117e+06,4.520929e+12,1.132771e+07,5.339020e+05,6.588925e+11,-9.828789e+11,-1.012621e+12,1,83
1.654720e+07,6.288735e+13,1.431206e+08,1.087265e+07,-2.902098e+14,-7.186972e+13,-2.875566e+14,1.348143e+07,1.245043e+14,2.361610e+08,2.302797e+07,-1.680658e+15,-2.547876e+14,-1.314030e+15,5.551278e+06,9.737829e+12,6.937542e+06,9.222869e+03,2.331494e+09,-1.276253e+10,-3.605398e+08,0,28
1.163439e+07,3.566400e+13,9.842778e+07,5.147064e+06,-1.012485e+14,-2.775123e+13,-1.043668e+14,9.914042e+06,5.937281e+13,1.247433e+08,9.854426e+06,-2.459294e+14,-6.297017e+13,-2.368029e+14,3.943505e+06,4.707904e+12,7.156478e+06,1.857433e+05,-2.087484e+11,-3.544404e+11,1.852791e+10,3,59
1.586993e+07,6.865711e+13,1.438694e+08,1.128254e+07,-4.491551e+14,-9.279749e+13,-4.438186e+14,1.312350e+07,1.221439e+14,1.955061e+08,1.848799e+07,-1.082710e+15,-2.014090e+14,-1.017729e+15,4.840732e+06,8.164194e+12,3.971199e+06,6.853084e+04,1.105479e+10,-1.807831e+11,-2.988040e+10,0,101
1.194195e+07,2.045610e+13,4.253475e+07,3.259235e+06,-2.589619e+12,-7.077676e+12,2.207559e+12,9.924155e+06,4.278048e+13,1.926157e+08,2.269321e+07,-1.373831e+15,-1.397565e+14,-1.198566e+15,5.401624e+06,4.624099e+12,1.757213e+07,6.274832e+05,-1.946951e+12,1.340707e+12,-7.305576e+11,0,2
1.644131e+07,5.067646e+13,1.079280e+08,8.426153e+06,-2.523203e+14,-5.989819e+13,-2.590097e+14,1.336215e+07,1.042695e+14,2.649057e+08,2.931544e+07,-2.470711e+15,-2.933347e+14,-2.328868e+15,6.243737e+06,9.804965e+12,1.241808e+07,3.771744e+05,-8.152165e+11,1.153261e+12,4.230260e+10,2,99
1.166221e+07,3.143098e+13,1.094329e+08,5.683270e+06,-1.133635e+14,-2.850508e+13,-1.126877e+14,9.519550e+06,6.011565e+13,1.727084e+08,1.602771e+07,-8.432277e+14,-1.242648e+14,-7.755319e+14,3.919647e+06,4.713490e+12,7.139534e+06,2.068835e+05,-2.413712e+11,-2.155084e+11,6.933900e+10,0,14
1.346294e+07,4.389936e+13,1.100911e+08,8.754363e+06,-1.934614e+14,-4.758879e+13,-1.922726e+14,1.124155e+07,7.813162e+13,2.666575e+08,2.971495e+07,-2.546738e+15,-2.563034e+14,-2.301271e+15,4.624200e+06,5.006016e+12,8.698559e+06,1.195711e+05,-5.670908e+10,2.319845e+11,-8.672303e+10,1,84
1.236790e+07,3.269314e+13,9.601150e+07,5.702325e+06,-1.334220e+14,-3.258773e+13,-1.342228e+14,1.037208e+07,6.115825e+13,2.234549e+08,2.175750e+07,-1.240260e+15,-1.510909e+14,-1.138255e+15,4.659168e+06,4.119111e+12,1.258971e+07,9.671479e+04,-5.762938e+10,1.623233e+11,8.029936e+10,3,92
1.782853e+07,6.440946e+13,1.529247e+08,1.119797e+07,-4.633537e+14,-8.982145e+13,-4.594314e+14,1.441474e+07,1.383859e+14,2.700343e+08,3.350829e+07,-2.087207e+15,-3.123098e+14,-3.091732e+15,6.392800e+06,1.170488e+13,6.713278e+06,1.258947e+05,7.713012e+10,-3.634443e+11,8.280910e+10,3,49
1.581022e+07,4.503753e+13,1.452871e+08,7.141779e+06,-2.089110e+14,-4.556121e+13,-2.142233e+14,1.281408e+07,9.447134e+13,1.912445e+08,9.759692e+06,-4.214600e+14,-9.485586e+13,-3.657048e+14,6.103386e+06,1.249511e+13,1.886958e+07,1.077232e+06,1.562923e+12,-3.176906e+12,-3.258278e+12,0,40
1.317278e+07,3.702780e+13,9.227385e+07,5.004586e+06,-6.348269e+13,-2.365289e+13,-6.095440e+13,1.083891e+07,7.123420e+13,1.967559e+08,1.386514e+07,-7.055714e+14,-1.155443e+14,-5.966613e+14,4.753973e+06,6.831043e+12,1.265449e+07,5.157409e+05,6.695959e+11,-1.038045e+12,-9.777270e+11,2,57
1.632934e+07,8.232912e+13,1.697825e+08,1.336551e+07,-6.225259e+14,-1.201311e+14,-6.140488e+14,1.362472e+07,1.396659e+14,2.804945e+08,3.224278e+07,-3.042824e+15,-3.784919e+14,-3.280746e+15,4.551730e+06,7.547810e+12,4.391743e+06,6.450450e+04,-1.233066e+10,-1.767865e+11,2.620813e+10,0,95
1.767089e+07,6.604627e+13,1.716792e+08,1.039996e+07,-4.343802e+14,-8.367645e+13,-4.258489e+14,1.420650e+07,1.346218e+14,2.740215e+08,2.748868e+07,-2.310417e+15,-3.128829e+14,-2.464615e+15,6.091915e+06,1.248252e+13,9.411092e+06,2.757748e+04,1.404892e+10,9.743281e+10,-2.766165e+09,2,60
2.515451e+07,1.419408e+14,1.244021e+08,6.860592e+06,-1.871739e+14,-7.800245e+13,-1.942645e+14,2.079755e+07,2.664255e+14,3.971323e+08,5.718723e+07,-8.492853e+15,-9.273071e+14,-7.525421e+15,8.884302e+06,3.328735e+13,7.947071e+06,8.555222e+05,-1.111332e+12,-4.675567e+12,1.973155e+12,2,73
2.799465e+07,1.020920e+14,1.746819e+08,4.999882e+06,-1.477563e+14,-5.051406e+13,-1.457992e+14,2.092626e+07,2.991595e+14,3.345946e+08,3.835050e+07,-4.013426e+15,-6.318418e+14,-4.596401e+15,1.082220e+07,5.379389e+13,1.942749e+07,4.940917e+05,1.520425e+12,3.454771e+12,-8.886806e+10,3,67
1.810444e+07,5.963322e+13,1.506176e+08,8.126525e+06,1.570370e+13,-2.191084e+13,4.809184e+13,1.427774e+07,1.331621e+14,2.976341e+08,3.651475e+07,-2.923590e+15,-3.601808e+14,-2.524487e+15,6.571057e+06,1.507017e+13,1.086844e+07,3.603933e+05,6.979000e+11,1.394270e+12,3.037078e+11,2,70
1.474181e+07,3.643298e+13,1.502019e+08,1.094970e+07,-3.824826e+14,-6.147369e+13,-3.440115e+14,1.176297e+07,8.230817e+13,2.307078e+08,2.106491e+07,-1.468449e+15,-1.910770e+14,-1.637310e+15,5.728310e+06,9.233458e+12,1.110172e+07,8.753672e+04,-2.556442e+09,1.459611e+11,6.169551e+10,3,52
1.333955e+07,4.959779e+13,1.525067e+08,1.300709e+07,-4.549301e+14,-8.108389e+13,-4.576123e+14,1.112472e+07,8.586961e+13,2.261527e+08,2.301033e+07,-1.589079e+15,-2.079885e+14,-1.354561e+15,4.082471e+06,4.909019e+12,4.651142e+06,4.550958e+04,2.082513e+10,-4.569123e+10,7.731299e+08,1,43
1.649655e+07,7.780916e+13,1.292854e+08,8.493642e+06,-2.759686e+14,-7.421307e+13,-2.725749e+14,1.376615e+07,1.353525e+14,3.117112e+08,3.909894e+07,-3.882045e+15,-4.268302e+14,-4.451787e+15,4.946300e+06,8.494796e+12,6.034289e+06,2.095938e+05,-1.255743e+11,-6.097337e+11,1.863925e+11,1,95
1.192258e+07,3.330591e+13,9.385345e+07,5.296185e+06,-1.145819e+14,-2.984576e+13,-1.199575e+14,9.991068e+06,5.976403e+13,2.144809e+08,1.948390e+07,-1.061833e+15,-1.371527e+14,-1.159335e+15,4.220096e+06,3.756430e+12,9.127735e+06,2.098963e+05,1.505921e+11,-3.748689e+11,-2.395556e+11,0,62
9.738743e+06,1.277374e+13,4.849805e+07,3.945275e+06,-3.774160e+13,-1.158031e+13,-3.253628e+13,8.747383e+06,2.083418e+13,1.949927e+08,6.620992e+06,-2.195396e+14,-2.882365e+13,-2.270177e+14,5.174367e+06,3.689528e+12,3.154646e+07,5.038642e+06,4.920808e+13,7.146248e+12,2.344226e+13,0,9
1.504360e+07,5.408477e+13,6.407447e+07,3.662446e+06,-5.294533e+13,-2.614703e+13,-5.417966e+13,1.294091e+07,8.945763e+13,2.891662e+08,4.285693e+07,-4.769638e+15,-4.052476e+14,-4.581427e+15,5.586940e+06,7.614968e+12,1.039660e+07,7.786017e+05,1.986141e+12,-3.381392e+11,1.130202e+12,3,87
1.937212e+07,1.164805e+14,2.204084e+08,1.803123e+07,-1.135970e+15,-1.941446e+14,-1.151208e+15,1.603333e+07,2.017842e+14,2.822089e+08,3.177024e+07,-2.742033e+15,-4.268520e+14,-3.077007e+15,5.247388e+06,1.115887e+13,3.641326e+06,7.528495e+04,-3.940683e+10,-1.778056e+11,7.631445e+09,3,86
1.483159e+07,2.680017e+13,8.384937e+07,3.046698e+06,6.891656e+12,-3.484329e+12,1.325554e+13,1.156709e+07,7.163170e+13,2.282213e+08,2.406564e+07,-1.782188e+15,-2.036193e+14,-1.378120e+15,6.436888e+06,1.069659e+13,2.050198e+07,4.354486e+04,-4.112434e+10,-7.335458e+10,-5.226660e+09,1,81
9.377000e+06,1.418396e+13,5.749257e+07,4.563820e+06,-6.779572e+13,-1.637420e+13,-6.971672e+13,7.905024e+06,2.744111e+13,1.380198e+08,7.315360e+06,-1.922685e+14,-3.559364e+13,-1.957806e+14,4.138892e+06,3.196661e+12,1.306498e+07,1.919401e+06,9.062213e+12,8.128904e+11,2.031631e+12,2,66
1.326721e+07,2.669723e+13,6.817152e+07,6.191319e+06,5.417629e+13,-8.628626e+11,8.917384e+13,1.097274e+07,5.550946e+13,2.536858e+08,2.949172e+07,-2.209994e+15,-1.983769e+14,-1.565892e+15,5.818935e+06,5.789197e+12,1.860475e+07,3.376381e+05,-8.120005e+11,7.317352e+11,1.930728e+11,0,33
1.183588e+07,2.152088e+13,8.387131e+07,4.428235e+06,-7.534279e+13,-1.966067e+13,-7.656316e+13,9.716630e+06,4.653471e+13,2.022088e+08,1.611496e+07,-7.932884e+14,-1.020670e+14,-9.905222e+14,5.078989e+06,5.045368e+12,1.364389e+07,3.717075e+05,8.204724e+11,-3.181490e+11,-2.246828e+11,0,53
1.915964e+07,4.599634e+13,1.131114e+08,3.755216e+06,3.674795e+12,-8.479103e+12,1.346370e+13,1.507418e+07,1.176488e+14,2.430681e+08,1.810533e+07,-9.739828e+14,-1.743525e+14,-8.279414e+14,8.313125e+06,2.075379e+13,2.534866e+07,5.987471e+05,-1.669940e+12,-2.674882e+12,-1.033146e+12,2,59
1.527782e+07,5.558055e+13,9.334382e+07,3.847762e+06,-4.850705e+13,-2.339058e+13,-3.556816e+13,1.282509e+07,9.843092e+13,3.051697e+08,4.035035e+07,-4.131918e+15,-3.776229e+14,-4.188942e+15,5.373202e+06,8.333025e+12,1.152349e+07,8.424209e+04,-2.743126e+10,-1.596314e+10,-1.029163e+11,0,16
1.766660e+07,7.722024e+13,1.866282e+08,1.166259e+07,-3.483667e+14,-8.159457e+13,-3.405962e+14,1.432285e+07,1.482439e+14,2.741560e+08,2.971047e+07,-2.631761e+15,-3.585813e+14,-2.167362e+15,5.537561e+06,1.118349e+13,7.492975e+06,1.489461e+05,1.473218e+11,4.823673e+11,5.432709e+10,2,74
1.305256e+07,4.656696e+13,1.135259e+08,9.681608e+06,-3.195049e+14,-6.576886e+13,-3.085865e+14,1.111229e+07,7.705203e+13,2.461726e+08,2.583083e+07,-1.971262e+15,-2.208795e+14,-1.916280e+15,4.288707e+06,3.918953e+12,6.497695e+06,1.440456e+05,-1.574420e+10,1.699628e+11,-7.261708e+10,3,102
1.463769e+07,3.874504e+13,1.179246e+08,9.337193e+06,-1.395370e+14,-4.008731e+13,-1.219783e+14,1.169393e+07,8.413731e+13,2.366731e+08,2.527011e+07,-1.710441e+15,-2.156876e+14,-1.426053e+15,5.469573e+06,8.666298e+12,9.133556e+06,5.102284e+04,-2.178766e+10,1.174493e+11,2.611930e+10,1,69
2.200102e+07,1.418252e+14,2.556126e+08,2.652520e+07,-2.178441e+15,-3.156297e+14,-2.185559e+15,1.804609e+07,2.558391e+14,2.958101e+08,3.462605e+07,-3.200809e+15,-5.244047e+14,-3.726547e+15,6.137238e+06,1.603165e+13,2.573626e+06,2.604749e+05,2.053632e+11,-2.213810e+11,-1.914812e+10,0,86
1.261529e+07,5.224952e+13,1.449937e+08,1.263880e+07,-5.368503e+14,-9.117125e+13,-5.241215e+14,1.090674e+07,7.993608e+13,1.519500e+08,1.090825e+07,-4.214655e+14,-9.466629e+13,-4.160289e+14,3.682274e+06,4.242320e+12,4.838427e+06,3.691993e+05,4.920081e+11,-1.669272e+11,-1.217531e+11,0,104
1.298186e+07,4.033772e+13,1.002198e+08,1.121827e+07,-7.366676e+13,-3.525004e+13,-1.716362e+12,1.117362e+07,7.059880e+13,2.620045e+08,2.849600e+07,-2.451488e+15,-2.388530e+14,-1.417743e+15,4.822662e+06,3.338362e+12,7.190495e+06,3.973367e+05,2.624955e+11,1.413529e+11,-5.599848e+11,0,12
1.194865e+07,2.493982e+13,7.130130e+07,2.769194e+06,-2.533399e+13,-1.112943e+13,-2.418329e+13,1.004022e+07,4.771331e+13,1.851942e+08,9.768537e+06,-3.927196e+14,-6.551778e+13,-3.434939e+14,5.046703e+06,5.974817e+12,2.035145e+07,1.090460e+06,4.130404e+12,-1.170660e+12,-2.813329e+12,0,54
1.723232e+07,7.557351e+13,1.560857e+08,8.833623e+06,-2.974363e+14,-7.326807e+13,-3.046236e+14,1.403081e+07,1.418512e+14,2.714832e+08,2.922504e+07,-2.598824e+15,-3.478045e+14,-2.357979e+15,5.339467e+06,1.025166e+13,7.450417e+06,1.068492e+05,9.145845e+10,3.302483e+11,-3.325005e+10,1,74
1.188439e+07,3.344986e+13,9.999896e+07,7.735581e+06,-8.552363e+13,-2.829691e+13,-6.911520e+13,9.832259e+06,6.170610e+13,1.971629e+08,1.798140e+07,-9.822445e+14,-1.349036e+14,-7.507130e+14,4.052214e+06,4.313758e+12,8.011377e+06,1.643689e+05,1.826776e+11,-1.919790e+11,-5.734781e+10,2,83
1.338980e+07,3.653156e+13,8.774064e+07,5.499704e+06,-1.152071e+14,-3.235447e+13,-1.125601e+14,1.109115e+07,6.970621e+13,2.546903e+08,2.897430e+07,-2.401800e+15,-2.369843e+14,-2.358346e+15,5.047791e+06,5.322052e+12,1.201278e+07,1.822005e+05,1.205679e+11,1.697804e+11,-2.095291e+11,1,92
1.577750e+07,6.775902e+13,1.571632e+08,1.245196e+07,-5.151853e+14,-9.930235e+13,-5.323731e+14,1.299177e+07,1.217331e+14,2.408587e+08,2.523776e+07,-1.949346e+15,-2.775174e+14,-1.768275e+15,4.764513e+06,7.767494e+12,4.212436e+06,1.269101e+04,6.202466e+08,-3.502921e+10,-2.746768e+09,3,101
2.019261e+07,5.749374e+13,1.037234e+08,5.115036e+06,-3.699003e+13,-2.384090e+13,-3.637552e+13,1.604463e+07,1.380711e+14,3.232508e+08,4.659108e+07,-4.848329e+15,-4.982012e+14,-5.146517e+15,8.480273e+06,2.377845e+13,1.416259e+07,2.549163e+05,-1.861865e+11,-1.226659e+12,4.729649e+11,1,56
1.686608e+07,6.481274e+13,1.463191e+08,1.143414e+07,-3.957538e+14,-8.431905e+13,-4.023002e+14,1.394942e+07,1.203806e+14,3.321100e+08,4.175616e+07,-4.834386e+15,-4.537629e+14,-4.434756e+15,5.898813e+06,1.172352e+13,8.086383e+06,2.287528e+05,3.095795e+11,-8.018961e+09,1.693013e+10,0,25
1.067303e+07,3.265827e+13,7.260826e+07,5.295642e+06,-9.207195e+13,-2.843417e+13,-9.064753e+13,9.344951e+06,5.027388e+13,2.117722e+08,1.753035e+07,-1.031037e+15,-1.215351e+14,-1.180212e+15,3.631618e+06,2.243005e+12,7.658150e+06,2.473383e+05,2.402412e+11,1.092504e+11,1.158626e+11,2,71
7.958373e+06,9.452156e+12,2.679952e+07,1.542955e+06,-2.020053e+12,-2.802389e+12,-8.993110e+11,7.123080e+06,1.596583e+13,1.578763e+08,7.157231e+06,-1.913126e+14,-2.557528e+13,-1.544822e+14,4.053156e+06,1.623829e+12,2.146122e+07,2.073841e+06,1.119906e+13,1.579235e+12,5.069465e+12,1,75
1.568227e+07,7.521105e+13,1.858606e+08,1.670355e+07,-7.402114e+14,-1.296345e+14,-7.447433e+14,1.314016e+07,1.265736e+14,2.274157e+08,2.248839e+07,-1.560160e+15,-2.486451e+14,-1.215475e+15,4.473946e+06,6.634942e+12,4.143040e+06,1.296151e+04,4.885170e+08,1.260301e+10,1.838985e+09,1,101
2.009444e+07,9.664627e+13,1.990407e+08,1.604369e+07,-6.844894e+14,-1.353208e+14,-5.829325e+14,1.604892e+07,1.925466e+14,2.743364e+08,3.060828e+07,-2.508963e+15,-3.981661e+14,-2.583411e+15,6.218513e+06,1.687724e+13,6.810328e+06,4.839909e+04,-8.672058e+09,-1.955085e+11,1.729178e+10,0,23
8.622852e+06,2.105249e+13,5.236383e+07,4.473837e+06,-4.111135e+13,-1.571698e+13,-3.965562e+13,8.019585e+06,2.694179e+13,1.624415e+08,6.546303e+06,-1.557918e+14,-2.886069e+13,-1.422684e+14,3.433834e+06,2.491102e+12,1.282083e+07,2.050589e+06,9.924112e+12,1.785922e+12,-5.277268e+11,0,37
1.446744e+07,3.977760e+13,5.712550e+07,2.117835e+06,-1.912474e+13,-1.154276e+13,-1.931183e+13,1.220033e+07,8.250913e+13,2.320665e+08,2.886106e+07,-1.443330e+15,-1.975700e+14,-1.202140e+15,5.896542e+06,5.573339e+12,1.659190e+07,1.294620e+05,1.139783e+11,7.838214e+10,-1.500514e+11,0,85
1.303609e+07,4.181677e+13,1.233667e+08,9.649157e+06,-2.034677e+14,-4.830777e+13,-1.923627e+14,1.089001e+07,7.451330e+13,2.559595e+08,2.680301e+07,-2.149285e+15,-2.270269e+14,-1.747449e+15,4.423612e+06,4.684092e+12,9.676571e+06,7.591746e+04,-6.505509e+10,1.599690e+11,8.422338e+09,0,96
1.036572e+07,2.239684e+13,5.375168e+07,3.781021e+06,-5.209687e+13,-1.739082e+13,-5.394064e+13,8.760465e+06,4.031243e+13,1.828668e+08,1.805620e+07,-1.037338e+15,-1.145607e+14,-9.716878e+14,4.029949e+06,2.684302e+12,9.567080e+06,2.625493e+05,-4.067883e+11,4.293983e+11,1.278526e+11,0,78
1.526337e+07,3.759355e+13,9.774790e+07,4.090609e+06,-5.417892e+13,-2.045466e+13,-5.359731e+13,1.218593e+07,8.521162e+13,2.580081e+08,3.369039e+07,-2.862369e+15,-2.923575e+14,-2.902984e+15,6.055986e+06,1.063762e+13,1.116923e+07,1.113518e+05,-7.289442e+10,-4.360322e+10,-1.283235e+11,2,56
1.587557e+07,5.438451e+13,1.089867e+08,5.168646e+06,-1.169527e+14,-3.682746e+13,-1.220230e+14,1.312463e+07,1.026644e+14,3.223240e+08,4.123190e+07,-4.741656e+15,-4.174054e+14,-4.483844e+15,5.750213e+06,1.061090e+13,1.003002e+07,1.172207e+05,-1.255398e+11,-3.410042e+11,3.291605e+09,0,69
1.222286e+07,3.606565e+13,1.012413e+08,6.966138e+06,-1.564234e+14,-3.858221e+13,-1.474464e+14,1.014630e+07,6.531963e+13,1.841031e+08,1.401166e+07,-6.715511e+14,-1.098070e+14,-6.868610e+14,4.140845e+06,4.973156e+12,9.163595e+06,3.312585e+05,5.663848e+11,-3.273634e+11,-1.798019e+11,3,57
1.288817e+07,3.718160e+13,8.852281e+07,5.040741e+06,-1.006784e+14,-3.007176e+13,-1.040857e+14,1.070824e+07,6.848146e+13,1.900214e+08,1.258165e+07,-6.097768e+14,-1.037209e+14,-5.700546e+14,4.618787e+06,6.178941e+12,1.157856e+07,5.851202e+05,1.294794e+12,-7.900523e+11,-7.771728e+11,1,57
1.245634e+07,4.655350e+13,1.437770e+08,1.244151e+07,-2.332994e+14,-5.420490e+13,-1.588149e+14,1.069205e+07,7.353174e+13,1.555822e+08,1.000821e+07,-1.752926e+14,-5.902520e+13,-1.417010e+14,3.882757e+06,4.543160e+12,8.301592e+06,9.716500e+05,2.087423e+12,-1.142975e+12,-1.596839e+12,2,89
6.886492e+06,1.237245e+13,3.610560e+07,3.076210e+06,-3.194880e+13,-1.074767e+13,-2.994852e+13,6.639298e+06,1.415927e+13,1.571550e+08,3.133600e+06,-6.515445e+13,-1.146551e+13,-6.534973e+13,3.123670e+06,1.478778e+12,1.969740e+07,4.963767e+06,4.542970e+13,4.607279e+12,1.137430e+12,0,94
2.095836e+07,9.715667e+13,1.857183e+08,1.295700e+07,-4.512404e+14,-1.019965e+14,-4.475796e+14,1.668597e+07,1.991553e+14,2.744795e+08,3.103718e+07,-2.465493e+15,-3.978808e+14,-2.295351e+15,6.861424e+06,1.844096e+13,5.675274e+06,8.444075e+04,4.449047e+10,3.357624e+11,4.011586e+10,0,79
1.743064e+07,4.200094e+13,1.245709e+08,9.196787e+06,-2.043493e+14,-4.825031e+13,-1.626787e+14,1.391977e+07,1.056206e+14,2.356068e+08,2.061144e+07,-1.296993e+15,-2.002910e+14,-1.779544e+15,7.439093e+06,1.474597e+13,1.165624e+07,7.182560e+04,-6.556786e+10,2.661318e+11,9.849962e+09,0,21
1.607807e+07,4.732044e+13,1.568690e+08,8.058396e+06,-1.521309e+14,-4.359903e+13,-1.487478e+14,1.281343e+07,1.033083e+14,2.895731e+08,3.300822e+07,-3.198573e+15,-3.339726e+14,-2.760332e+15,5.937574e+06,1.140859e+13,1.044720e+07,1.999952e+05,2.683661e+11,6.721573e+11,1.697957e+11,0,82
1.105765e+07,3.065178e+13,1.171087e+08,7.205835e+06,-2.073145e+14,-3.967018e+13,-2.038012e+14,9.127953e+06,5.588813e+13,1.685285e+08,1.400515e+07,-6.599409e+14,-1.028626e+14,-6.985706e+14,3.593480e+06,3.814410e+12,7.358192e+06,2.145726e+05,-1.289034e+10,-4.188834e+11,-2.255032e+11,0,83
1.473371e+07,4.595169e+13,1.392766e+08,1.158462e+07,-3.364588e+14,-6.428328e+13,-3.336519e+14,1.217875e+07,8.724673e+13,2.151127e+08,1.743641e+07,-1.018373e+15,-1.584660e+14,-8.324368e+14,5.409017e+06,8.391321e+12,8.510396e+06,3.654174e+05,6.317002e+11,-3.458702e+10,1.582503e+08,1,48
1.861124e+07,6.320022e+13,1.080615e+08,4.511086e+06,-9.705866e+13,-3.576021e+13,-9.928646e+13,1.494853e+07,1.349589e+14,3.284534e+08,4.182525e+07,-4.842154e+15,-4.818243e+14,-5.117833e+15,7.014337e+06,1.602202e+13,1.302601e+07,2.254454e+05,-3.109049e+11,-8.851768e+11,2.306879e+11,3,84
1.353231e+07,5.002601e+13,1.419380e+08,1.259886e+07,-2.392319e+14,-6.089688e+13,-1.912680e+14,1.137835e+07,8.559329e+13,2.157396e+08,1.973926e+07,-1.209482e+15,-1.759507e+14,-1.290736e+15,4.309970e+06,5.213723e+12,5.801148e+06,4.833815e+04,2.551196e+10,-4.753453e+10,-6.318507e+09,0,60
1.263315e+07,4.232558e+13,1.265880e+08,1.073493e+07,-3.479631e+14,-6.555113e+13,-3.190066e+14,1.065005e+07,7.221940e+13,1.882046e+08,1.622016e+07,-8.830096e+14,-1.366791e+14,-9.430681e+14,4.144893e+06,4.826330e+12,5.185797e+06,7.885728e+04,3.619109e+10,2.582248e+10,8.385993e+09,3,60
1.598612e+07,6.617702e+13,1.267009e+08,1.035242e+07,-3.431463e+14,-8.015940e+13,-3.487396e+14,1.318387e+07,1.196160e+14,2.824066e+08,3.243597e+07,-3.003288e+15,-3.483392e+14,-2.946747e+15,5.049744e+06,7.857183e+12,5.825068e+06,1.060259e+05,7.624979e+10,-2.375159e+10,-3.749463e+10,0,13
1.848191e+07,7.476077e+13,8.560999e+07,6.383479e+06,-1.260147e+14,-5.123049e+13,-1.273687e+14,1.517651e+07,1.429133e+14,2.627608e+08,3.461319e+07,-3.190840e+15,-4.063271e+14,-3.171480e+15,6.530416e+06,1.163265e+13,8.344295e+06,6.801402e+05,1.212166e+12,-1.201371e+12,4.044035e+11,0,30
1.195628e+07,2.320838e+13,7.776178e+07,3.324095e+06,-1.417568e+13,-8.706935e+12,-1.142254e+13,9.709862e+06,5.029058e+13,2.032796e+08,1.878801e+07,-1.156732e+15,-1.331309e+14,-9.606858e+14,4.909173e+06,5.090704e+12,1.680332e+07,1.817531e+05,1.424799e+11,-3.741489e+11,-2.874243e+11,3,81
1.093535e+07,3.440514e+13,1.089413e+08,1.183417e+07,-4.230264e+14,-6.927682e+13,-4.322697e+14,9.298878e+06,5.627577e+13,1.888388e+08,1.931785e+07,-1.166684e+15,-1.449171e+14,-1.166074e+15,3.433832e+06,2.727781e+12,2.677234e+06,2.296238e+05,-1.757931e+11,3.783270e+11,1.134425e+10,3,63
1.016492e+07,1.466494e+13,4.000221e+07,1.862288e+06,-1.306978e+13,-6.435290e+12,-1.322076e+13,8.753506e+06,2.761246e+13,1.993608e+08,2.563292e+07,-1.793297e+15,-1.336480e+14,-1.565127e+15,4.925642e+06,2.312475e+12,1.823050e+07,3.779434e+05,-9.877626e+11,5.671181e+11,-3.847256e+11,2,64
1.565563e+07,4.340009e+13,1.302385e+08,1.071029e+07,-5.154699e+13,-3.099146e+13,3.121481e+13,1.235125e+07,9.807939e+13,2.456525e+08,2.855160e+07,-1.873667e+15,-2.459391e+14,-1.265460e+15,5.765361e+06,1.098328e+13,8.591215e+06,2.438752e+04,4.307613e+09,-7.269517e+10,7.732853e+09,2,69
1.369909e+07,5.208138e+13,1.392377e+08,1.368715e+07,-4.785750e+14,-8.652698e+13,-4.828097e+14,1.170688e+07,8.478569e+13,2.734176e+08,3.043148e+07,-2.589357e+15,-2.673703e+14,-2.319817e+15,4.491591e+06,3.974007e+12,5.742858e+06,2.360578e+05,1.132000e+11,2.059252e+11,-1.558510e+11,2,12
1.244354e+07,2.303445e+13,7.108855e+07,3.432540e+06,-5.403515e+12,-6.644528e+12,1.988654e+11,1.027299e+07,4.849814e+13,2.380836e+08,2.455111e+07,-1.490740e+15,-1.476751e+14,-1.431901e+15,5.500609e+06,4.738165e+12,1.960469e+07,1.673386e+05,2.229898e+11,1.449686e+10,2.001138e+11,1,10
1.386314e+07,4.390243e+13,1.514550e+08,1.039522e+07,-3.967589e+14,-6.732573e+13,-4.153160e+14,1.130198e+07,8.444346e+13,2.011111e+08,1.800984e+07,-9.854642e+14,-1.568470e+14,-9.656037e+14,4.677771e+06,6.898506e+12,7.127788e+06,2.544281e+05,1.168731e+10,-6.509979e+11,-3.329836e+11,0,43
2.295044e+07,8.353591e+13,1.485639e+08,7.369679e+06,-2.015383e+14,-5.949335e+13,-2.027800e+14,1.762493e+07,2.090175e+14,3.127442e+08,3.563889e+07,-3.509375e+15,-4.940094e+14,-3.562668e+15,8.510706e+06,3.041294e+13,1.313986e+07,4.287801e+04,2.409281e+10,2.279794e+11,2.462681e+10,0,67
1.089694e+07,1.907566e+13,8.539615e+07,6.310328e+06,-1.382791e+14,-2.714216e+13,-1.235536e+14,9.132948e+06,3.860215e+13,1.930842e+08,1.354565e+07,-6.129337e+14,-7.841117e+13,-7.847467e+14,4.787475e+06,4.074611e+12,1.393889e+07,8.508513e+05,1.785551e+12,7.928278e+11,1.615090e+12,2,53
1.139203e+07,2.422680e+13,5.837464e+07,3.652518e+06,-1.452574e+13,-1.015597e+13,-9.188729e+12,9.511083e+06,4.650259e+13,2.227834e+08,2.513174e+07,-1.857090e+15,-1.700605e+14,-1.535614e+15,4.590790e+06,3.623243e+12,1.177296e+07,9.965240e+04,-9.939218e+10,1.771034e+11,3.644987e+10,3,65
1.803398e+07,7.246056e+13,2.379585e+08,1.707211e+07,-8.350596e+14,-1.242837e+14,-7.065313e+14,1.447485e+07,1.457860e+14,1.689898e+08,1.334565e+07,-4.699655e+14,-1.387203e+14,-4.640733e+14,5.965151e+06,1.531900e+13,8.600192e+06,4.562477e+05,-5.016562e+11,-1.782424e+12,-5.654443e+11,3,76
1.201314e+07,4.073882e+13,1.039587e+08,9.532942e+06,-2.107351e+14,-5.131973e+13,-1.764806e+14,1.026823e+07,6.607147e+13,2.503627e+08,2.802950e+07,-2.202826e+15,-2.197463e+14,-2.291410e+15,3.886266e+06,3.053270e+12,5.952917e+06,1.642882e+05,3.544087e+10,1.383758e+11,-1.134092e+11,1,102
2.179378e+07,1.184837e+14,1.312161e+08,7.762095e+06,-2.280666e+14,-7.918236e+13,-2.026803e+14,1.816452e+07,2.134653e+14,3.958738e+08,5.537343e+07,-8.055600e+15,-7.991493e+14,-9.188079e+15,7.287460e+06,2.010758e+13,7.510501e+06,7.086747e+05,-7.479325e+11,-3.049606e+12,1.477979e+12,0,73
