7.262726e+02,1.414927e+05,3.524676e+06,7.311017e+02,1.314497e+05,1.947582e+06,7.163068e+02,1.366174e+05,3.074940e+06,6.872308e+02,1.158362e+05,1.396504e+06,2.130942e+03,1.160185e+06,8.193421e+07,1.701993e+03,4.211572e+05,1.124727e+07,1.667030e+03,3.995883e+05,9.121399e+06,3,72,N,N
7.145509e+02,1.362830e+05,3.220300e+06,7.367279e+02,1.316903e+05,1.606789e+06,6.880440e+02,1.271682e+05,3.195480e+06,6.994216e+02,1.164091e+05,1.071480e+06,2.098241e+03,1.102312e+06,8.627250e+07,1.725330e+03,4.162374e+05,9.235777e+06,1.679188e+03,3.848862e+05,7.582498e+06,3,93,N,N
7.390381e+02,1.413246e+05,2.601778e+06,7.695973e+02,1.410411e+05,1.443859e+06,7.228204e+02,1.353576e+05,2.271233e+06,7.582484e+02,1.349478e+05,1.090804e+06,2.244242e+03,1.280555e+06,6.773738e+07,1.760050e+03,4.398046e+05,7.591392e+06,1.742428e+03,4.293618e+05,6.625485e+06,0,26,N,N
7.064471e+02,1.319556e+05,2.611448e+06,7.203562e+02,1.282561e+05,1.256649e+06,7.020181e+02,1.285709e+05,2.111739e+06,7.087893e+02,1.228517e+05,1.018102e+06,1.990674e+03,1.026695e+06,7.462764e+07,1.580224e+03,3.902589e+05,9.684049e+06,1.603786e+03,3.843754e+05,8.968829e+06,3,96,N,N
7.261214e+02,1.407037e+05,3.232211e+06,7.809092e+02,1.253502e+05,6.796765e+05,7.094873e+02,1.338846e+05,2.862185e+06,7.488097e+02,1.224520e+05,5.079968e+05,2.170316e+03,1.187696e+06,9.863775e+07,1.801152e+03,4.486454e+05,8.861149e+06,1.735354e+03,4.199040e+05,7.166111e+06,1,55,N,N
7.233331e+02,1.385778e+05,3.004389e+06,7.738334e+02,1.329299e+05,9.430874e+05,6.966499e+02,1.272373e+05,2.609194e+06,7.045014e+02,1.128368e+05,5.371245e+05,2.164541e+03,1.189549e+06,8.118614e+07,1.747578e+03,4.334603e+05,7.045779e+06,1.687475e+03,3.900123e+05,5.753130e+06,3,90,N,N
6.762944e+02,1.222593e+05,2.791440e+06,7.242004e+02,1.328078e+05,1.761632e+06,6.586410e+02,1.164627e+05,2.782711e+06,7.341563e+02,1.337831e+05,1.452446e+06,2.016198e+03,1.036933e+06,7.336119e+07,1.621529e+03,3.832214e+05,9.944531e+06,1.617823e+03,3.805206e+05,8.772334e+06,1,5,N,N
7.157240e+02,1.359902e+05,3.177121e+06,7.623578e+02,1.371829e+05,1.547012e+06,7.044746e+02,1.317483e+05,3.216253e+06,7.247974e+02,1.243125e+05,1.119502e+06,2.173037e+03,1.195312e+06,7.217996e+07,1.741818e+03,4.284046e+05,8.857432e+06,1.678903e+03,3.990615e+05,7.184583e+06,0,27,N,N
7.531574e+02,1.480834e+05,2.647031e+06,7.659035e+02,1.323657e+05,8.111032e+05,7.238050e+02,1.355331e+05,2.139846e+06,7.509517e+02,1.296367e+05,7.046048e+05,2.227535e+03,1.259782e+06,7.677058e+07,1.778972e+03,4.480517e+05,7.845441e+06,1.749479e+03,4.281819e+05,6.702261e+06,0,28,N,N
7.711211e+02,1.543495e+05,2.429141e+06,7.665764e+02,1.247278e+05,7.085924e+05,7.581442e+02,1.485642e+05,1.983125e+06,7.561751e+02,1.176258e+05,4.745005e+05,2.172200e+03,1.204262e+06,9.691634e+07,1.768866e+03,4.680996e+05,1.335363e+07,1.778754e+03,4.592209e+05,1.016607e+07,0,67,N,N
7.021080e+02,1.317535e+05,3.249163e+06,7.395596e+02,1.353953e+05,1.878168e+06,6.990997e+02,1.291529e+05,2.619312e+06,7.527743e+02,1.406739e+05,1.641580e+06,1.977968e+03,9.857112e+05,8.370348e+07,1.659532e+03,3.892624e+05,1.084951e+07,1.616810e+03,3.867797e+05,9.097830e+06,3,91,N,N
7.105090e+02,1.348122e+05,3.335691e+06,7.778338e+02,1.421880e+05,1.396661e+06,6.984908e+02,1.325851e+05,3.678556e+06,7.657871e+02,1.388934e+05,1.331633e+06,2.124291e+03,1.142346e+06,8.868346e+07,1.760693e+03,4.232958e+05,9.064865e+06,1.685347e+03,4.102288e+05,9.862439e+06,0,16,N,N
7.082975e+02,1.376945e+05,4.346603e+06,8.022985e+02,1.488361e+05,1.817590e+06,7.306203e+02,1.436298e+05,4.019148e+06,7.725241e+02,1.378637e+05,1.223733e+06,2.207802e+03,1.239967e+06,9.333151e+07,1.768812e+03,4.354402e+05,1.048510e+07,1.752020e+03,4.405374e+05,8.847379e+06,3,99,N,N
7.001972e+02,1.292712e+05,2.669991e+06,7.295895e+02,1.278423e+05,1.123867e+06,6.786464e+02,1.212197e+05,2.241839e+06,7.154419e+02,1.210050e+05,7.627530e+05,2.010165e+03,9.971823e+05,7.961640e+07,1.690471e+03,3.880149e+05,8.329974e+06,1.657204e+03,3.661010e+05,6.876412e+06,3,78,N,N
7.126064e+02,1.336375e+05,2.575771e+06,7.379360e+02,1.357692e+05,9.502595e+05,6.675537e+02,1.163700e+05,1.985071e+06,7.081215e+02,1.237411e+05,7.766639e+05,2.048374e+03,1.083857e+06,7.471881e+07,1.652865e+03,4.077099e+05,1.063433e+07,1.585203e+03,3.727252e+05,8.407707e+06,2,102,N,N
6.964864e+02,1.280675e+05,2.695954e+06,7.265703e+02,1.318837e+05,1.416125e+06,6.636600e+02,1.178865e+05,2.711134e+06,7.288253e+02,1.283004e+05,1.118587e+06,2.109141e+03,1.120635e+06,7.347619e+07,1.699308e+03,4.001455e+05,8.923253e+06,1.671349e+03,3.894816e+05,8.715871e+06,0,22,N,N
7.059405e+02,1.317246e+05,2.921912e+06,7.802538e+02,1.477094e+05,1.363837e+06,7.009845e+02,1.263214e+05,2.595905e+06,7.551676e+02,1.385917e+05,9.515686e+05,2.195532e+03,1.223750e+06,8.077572e+07,1.734452e+03,4.220519e+05,7.536539e+06,1.736669e+03,4.179775e+05,6.783073e+06,1,84,N,N
6.993954e+02,1.275901e+05,2.012747e+06,7.872124e+02,1.394999e+05,8.055755e+05,6.955522e+02,1.256832e+05,2.115600e+06,7.476268e+02,1.220576e+05,5.003788e+05,2.165233e+03,1.171186e+06,7.913241e+07,1.754773e+03,4.206717e+05,6.064953e+06,1.757587e+03,4.030972e+05,5.087923e+06,2,82,N,N
6.882956e+02,1.265616e+05,2.861596e+06,7.428850e+02,1.313286e+05,1.528402e+06,6.861499e+02,1.248630e+05,2.481170e+06,7.340417e+02,1.279910e+05,1.305114e+06,2.069838e+03,1.105715e+06,6.685750e+07,1.638068e+03,3.927698e+05,9.574733e+06,1.594873e+03,3.891822e+05,8.912712e+06,3,68,N,N
7.324675e+02,1.419215e+05,3.006609e+06,8.322657e+02,1.384713e+05,9.905630e+05,7.293293e+02,1.420036e+05,3.366548e+06,7.768544e+02,1.226077e+05,4.568142e+05,2.257476e+03,1.273627e+06,9.708917e+07,1.835558e+03,4.592075e+05,7.544050e+06,1.797404e+03,4.334997e+05,6.754767e+06,3,80,N,N
6.874622e+02,1.281839e+05,3.477108e+06,7.425568e+02,1.350048e+05,1.488861e+06,6.830760e+02,1.265282e+05,3.440622e+06,7.411210e+02,1.334833e+05,9.757584e+05,2.046015e+03,1.059466e+06,8.860466e+07,1.675052e+03,3.950532e+05,9.851890e+06,1.658108e+03,3.963885e+05,8.480745e+06,1,10,N,N
7.302255e+02,1.416666e+05,3.214478e+06,7.778709e+02,1.365926e+05,7.652279e+05,7.131449e+02,1.355772e+05,3.248624e+06,7.526479e+02,1.296611e+05,6.406683e+05,2.199209e+03,1.221665e+06,9.748911e+07,1.788665e+03,4.394020e+05,7.125211e+06,1.761951e+03,4.250266e+05,6.537708e+06,0,56,N,N
7.375880e+02,1.401120e+05,2.320104e+06,7.751862e+02,1.406659e+05,9.086242e+05,7.319777e+02,1.356670e+05,2.190703e+06,7.566823e+02,1.321460e+05,6.912192e+05,2.282300e+03,1.340419e+06,6.623158e+07,1.720189e+03,4.459310e+05,7.985581e+06,1.743582e+03,4.409922e+05,7.292461e+06,1,86,N,N
7.687635e+02,1.561204e+05,4.077095e+06,7.943201e+02,1.390450e+05,8.895809e+05,7.288963e+02,1.421727e+05,3.905267e+06,7.691110e+02,1.315190e+05,5.752186e+05,2.340002e+03,1.372136e+06,9.896947e+07,1.921646e+03,4.903125e+05,1.080096e+07,1.830323e+03,4.504137e+05,9.188246e+06,1,73,N,N
7.351435e+02,1.413902e+05,2.556733e+06,7.598548e+02,1.332431e+05,1.471678e+06,7.099055e+02,1.307287e+05,1.965680e+06,7.468104e+02,1.272601e+05,9.683851e+05,2.081320e+03,1.110413e+06,7.862734e+07,1.696905e+03,4.350114e+05,1.391346e+07,1.654477e+03,4.109793e+05,1.141294e+07,1,40,N,N
8.720049e+02,1.946790e+05,2.600032e+06,9.093102e+02,1.729125e+05,1.124247e+06,8.417204e+02,1.783436e+05,1.862661e+06,8.657305e+02,1.563921e+05,6.206438e+05,2.583622e+03,1.749134e+06,1.513020e+08,2.036726e+03,6.554657e+05,1.596647e+07,2.016143e+03,6.096448e+05,1.250140e+07,2,76,N,N
7.632597e+02,1.498036e+05,2.122428e+06,7.662541e+02,1.150238e+05,5.184142e+05,7.544834e+02,1.446222e+05,1.362120e+06,7.312150e+02,1.046588e+05,3.069667e+05,2.205731e+03,1.232649e+06,8.128946e+07,1.814179e+03,4.657248e+05,1.097953e+07,1.766705e+03,4.405669e+05,9.242864e+06,0,76,N,N
6.979588e+02,1.288909e+05,2.494870e+06,7.035968e+02,1.219827e+05,9.498316e+05,6.498855e+02,1.115622e+05,1.990432e+06,6.949858e+02,1.170863e+05,6.214172e+05,1.916945e+03,9.374038e+05,6.979821e+07,1.574289e+03,3.727457e+05,8.883678e+06,1.549940e+03,3.517751e+05,7.566313e+06,2,53,N,N
7.413354e+02,1.462261e+05,3.442801e+06,7.785102e+02,1.400196e+05,1.508424e+06,7.020543e+02,1.296047e+05,3.089659e+06,7.257294e+02,1.189202e+05,8.306036e+05,2.178468e+03,1.194004e+06,9.075179e+07,1.774833e+03,4.416493e+05,7.705224e+06,1.726407e+03,3.930813e+05,6.159279e+06,1,65,N,N
7.146575e+02,1.332879e+05,2.466481e+06,7.470137e+02,1.423007e+05,2.128131e+06,6.500279e+02,1.134502e+05,2.655242e+06,6.739766e+02,1.121077e+05,1.314734e+06,1.895880e+03,9.239675e+05,7.750111e+07,1.564852e+03,4.018047e+05,1.349681e+07,1.548693e+03,3.464109e+05,9.911246e+06,0,32,N,N
7.234675e+02,1.420711e+05,4.441171e+06,8.261548e+02,1.514906e+05,1.596788e+06,7.094665e+02,1.341624e+05,3.852895e+06,8.217337e+02,1.478204e+05,1.184435e+06,2.322150e+03,1.367737e+06,1.002850e+08,1.843121e+03,4.747440e+05,1.200495e+07,1.852365e+03,4.669955e+05,1.029321e+07,3,98,N,N
6.656214e+02,1.204295e+05,3.432576e+06,7.424717e+02,1.359300e+05,1.562394e+06,6.709006e+02,1.227834e+05,3.488671e+06,7.692717e+02,1.429032e+05,1.221170e+06,2.075527e+03,1.083203e+06,9.062028e+07,1.685062e+03,3.944390e+05,9.947738e+06,1.695202e+03,4.089559e+05,9.161608e+06,0,10,N,N
6.958410e+02,1.330054e+05,4.222315e+06,8.148210e+02,1.484706e+05,1.834806e+06,6.984443e+02,1.325811e+05,3.742117e+06,7.790789e+02,1.403819e+05,1.370023e+06,2.230126e+03,1.260657e+06,9.207933e+07,1.809806e+03,4.472180e+05,1.073552e+07,1.739965e+03,4.318864e+05,8.910134e+06,2,99,N,N
7.089110e+02,1.345708e+05,3.579271e+06,7.474623e+02,1.267091e+05,1.363294e+06,7.103245e+02,1.320541e+05,2.197143e+06,7.614204e+02,1.319419e+05,1.001248e+06,2.129522e+03,1.128745e+06,7.335112e+07,1.757422e+03,4.069801e+05,8.764775e+06,1.718730e+03,4.146459e+05,7.945840e+06,3,61,N,N
7.579105e+02,1.489407e+05,2.718143e+06,7.745275e+02,1.315755e+05,9.412879e+05,7.492929e+02,1.457893e+05,2.880422e+06,7.731736e+02,1.305022e+05,7.973904e+05,2.295154e+03,1.353384e+06,8.171922e+07,1.777281e+03,4.512655e+05,6.219620e+06,1.769109e+03,4.450854e+05,5.772249e+06,3,95,N,N
7.228728e+02,1.393926e+05,3.251592e+06,7.579100e+02,1.210198e+05,7.148555e+05,7.234785e+02,1.388008e+05,2.972007e+06,7.567297e+02,1.246642e+05,5.868235e+05,2.160602e+03,1.172467e+06,9.743029e+07,1.786548e+03,4.367176e+05,8.573919e+06,1.752935e+03,4.298530e+05,7.570827e+06,0,55,N,N
6.474571e+02,1.139637e+05,3.048006e+06,7.548089e+02,1.384995e+05,1.622644e+06,6.424998e+02,1.114013e+05,2.671497e+06,7.420284e+02,1.360888e+05,1.723609e+06,1.988223e+03,9.766824e+05,7.435088e+07,1.652422e+03,3.681107e+05,8.675662e+06,1.625011e+03,3.665059e+05,8.337933e+06,2,66,N,N
7.278935e+02,1.386534e+05,3.102003e+06,7.648480e+02,1.329737e+05,7.742557e+05,7.075617e+02,1.338221e+05,3.268624e+06,7.708070e+02,1.366395e+05,8.337851e+05,2.195606e+03,1.219222e+06,9.405310e+07,1.794960e+03,4.275440e+05,6.468179e+06,1.735527e+03,4.257621e+05,6.746631e+06,3,56,N,N
7.208133e+02,1.368835e+05,3.121450e+06,7.747523e+02,1.461470e+05,1.231575e+06,6.951719e+02,1.261263e+05,2.596494e+06,7.398941e+02,1.309463e+05,9.302523e+05,2.183959e+03,1.220214e+06,7.578259e+07,1.729382e+03,4.289490e+05,7.650308e+06,1.681851e+03,3.995159e+05,6.642626e+06,2,84,N,N
6.895900e+02,1.271337e+05,2.819252e+06,7.644587e+02,1.431436e+05,1.245620e+06,6.581731e+02,1.146484e+05,2.250000e+06,7.190574e+02,1.233962e+05,8.541587e+05,2.032497e+03,1.048182e+06,7.721103e+07,1.660493e+03,4.032246e+05,9.966045e+06,1.633080e+03,3.683778e+05,7.124256e+06,2,92,N,N
7.383950e+02,1.441134e+05,2.963929e+06,7.745708e+02,1.445751e+05,1.474206e+06,7.129175e+02,1.322896e+05,2.692617e+06,7.182969e+02,1.201342e+05,1.009012e+06,2.164934e+03,1.196537e+06,7.155129e+07,1.703508e+03,4.249021e+05,7.084369e+06,1.680234e+03,3.947673e+05,5.749598e+06,2,62,N,N
7.160353e+02,1.354611e+05,2.645745e+06,7.545647e+02,1.390931e+05,1.422440e+06,6.933355e+02,1.264205e+05,2.492181e+06,7.394256e+02,1.268235e+05,9.715715e+05,2.077756e+03,1.097303e+06,6.763677e+07,1.657828e+03,3.999692e+05,7.941444e+06,1.648813e+03,3.880624e+05,7.148413e+06,0,83,N,N
7.203667e+02,1.367540e+05,2.807253e+06,7.435470e+02,1.324258e+05,9.978325e+05,7.119547e+02,1.312144e+05,2.125782e+06,7.346811e+02,1.289117e+05,9.298125e+05,2.100101e+03,1.108587e+06,6.752673e+07,1.697918e+03,4.096619e+05,8.338158e+06,1.687582e+03,3.978319e+05,6.884917e+06,1,57,N,N
7.333008e+02,1.399356e+05,2.686582e+06,7.306233e+02,1.174154e+05,5.675170e+05,7.181501e+02,1.355516e+05,2.596231e+06,7.154718e+02,1.122617e+05,3.113258e+05,2.089974e+03,1.099609e+06,9.079554e+07,1.748757e+03,4.283505e+05,1.195422e+07,1.694804e+03,4.148656e+05,1.010795e+07,3,59,N,N
7.183551e+02,1.361778e+05,2.869368e+06,7.831018e+02,1.476521e+05,1.694215e+06,7.051355e+02,1.307561e+05,2.979340e+06,7.538953e+02,1.352179e+05,1.227808e+06,2.200558e+03,1.232837e+06,8.609656e+07,1.750566e+03,4.357961e+05,8.148553e+06,1.732711e+03,4.195948e+05,7.636238e+06,0,11,N,N
7.151286e+02,1.335929e+05,2.333205e+06,7.917316e+02,1.404121e+05,1.012536e+06,6.849583e+02,1.233398e+05,2.408513e+06,7.764628e+02,1.319202e+05,6.695197e+05,2.256938e+03,1.298392e+06,8.300515e+07,1.761586e+03,4.333245e+05,5.803970e+06,1.744543e+03,4.178077e+05,5.381558e+06,0,13,N,N
6.959753e+02,1.309303e+05,3.532666e+06,7.551504e+02,1.433849e+05,1.904497e+06,6.883937e+02,1.283628e+05,3.528471e+06,7.387861e+02,1.341417e+05,1.270516e+06,2.010425e+03,1.012322e+06,9.198672e+07,1.664148e+03,3.961966e+05,9.621956e+06,1.668574e+03,3.901340e+05,8.821396e+06,1,64,N,N
7.083991e+02,1.355982e+05,3.724911e+06,7.569390e+02,1.373758e+05,1.686962e+06,7.147923e+02,1.387922e+05,4.191180e+06,7.362306e+02,1.286292e+05,1.321368e+06,2.147435e+03,1.154381e+06,9.626899e+07,1.762513e+03,4.281969e+05,1.036388e+07,1.724149e+03,4.180142e+05,9.301095e+06,1,35,N,N
7.271717e+02,1.416782e+05,3.584600e+06,7.458096e+02,1.390232e+05,1.791863e+06,6.857179e+02,1.247009e+05,2.573107e+06,7.177137e+02,1.268292e+05,1.378562e+06,2.051886e+03,1.069609e+06,7.412134e+07,1.670069e+03,4.126570e+05,1.119477e+07,1.626965e+03,3.786850e+05,8.404672e+06,0,8,N,N
7.010340e+02,1.266754e+05,2.044754e+06,7.682657e+02,1.411338e+05,9.788300e+05,6.841253e+02,1.202193e+05,1.949928e+06,7.566539e+02,1.345350e+05,8.764908e+05,2.285669e+03,1.343059e+06,6.413168e+07,1.712243e+03,4.322424e+05,7.844715e+06,1.714112e+03,4.203291e+05,6.872861e+06,0,86,N,N
7.094851e+02,1.327976e+05,2.496399e+06,7.629570e+02,1.385994e+05,1.018615e+06,6.912908e+02,1.232124e+05,2.093939e+06,7.352918e+02,1.266560e+05,7.353138e+05,2.169266e+03,1.203055e+06,6.996737e+07,1.679977e+03,4.180444e+05,7.767646e+06,1.702801e+03,4.041844e+05,6.076341e+06,1,63,N,N
7.352330e+02,1.454490e+05,4.059956e+06,7.497187e+02,1.388697e+05,1.612154e+06,6.778645e+02,1.244348e+05,3.540245e+06,7.062613e+02,1.129553e+05,8.319919e+05,2.043675e+03,1.038532e+06,8.088446e+07,1.702150e+03,4.221920e+05,1.288383e+07,1.685957e+03,3.811061e+05,9.305591e+06,2,51,N,N
6.993175e+02,1.274784e+05,2.001670e+06,7.237778e+02,1.243273e+05,8.731894e+05,6.968807e+02,1.264365e+05,2.111010e+06,6.991847e+02,1.158744e+05,6.051503e+05,2.045089e+03,1.067616e+06,7.672319e+07,1.645345e+03,3.973510e+05,9.041072e+06,1.646871e+03,3.862960e+05,7.825320e+06,3,48,N,N
6.581633e+02,1.155048e+05,2.422312e+06,7.951520e+02,1.451944e+05,1.293102e+06,6.516393e+02,1.123059e+05,2.019014e+06,7.707360e+02,1.389822e+05,7.681371e+05,2.132513e+03,1.148406e+06,7.355794e+07,1.738531e+03,4.011504e+05,6.862792e+06,1.657380e+03,3.847698e+05,5.671434e+06,0,14,N,N
7.631763e+02,1.478142e+05,2.375804e+06,7.012001e+02,1.212264e+05,1.147402e+06,6.923535e+02,1.240875e+05,1.751402e+06,6.578130e+02,1.000058e+05,5.668786e+05,1.865980e+03,9.060918e+05,8.069383e+07,1.580495e+03,4.142842e+05,1.692433e+07,1.525947e+03,3.631404e+05,1.306333e+07,1,54,N,N
7.005823e+02,1.300991e+05,2.654274e+06,7.700753e+02,1.392243e+05,8.074511e+05,6.822591e+02,1.235417e+05,2.483903e+06,7.551028e+02,1.282629e+05,5.136358e+05,2.132438e+03,1.145788e+06,7.656200e+07,1.727089e+03,4.145247e+05,7.400098e+06,1.702528e+03,4.022106e+05,6.455938e+06,1,52,N,N
7.082548e+02,1.323520e+05,2.470532e+06,7.608219e+02,1.366196e+05,9.199316e+05,6.880963e+02,1.229026e+05,2.168115e+06,7.325103e+02,1.247294e+05,6.972047e+05,2.146913e+03,1.178635e+06,6.923290e+07,1.672899e+03,4.168513e+05,8.025523e+06,1.685702e+03,3.979979e+05,6.443675e+06,0,63,N,N
7.571716e+02,1.496202e+05,2.863397e+06,7.729884e+02,1.352751e+05,8.359144e+05,7.298218e+02,1.377685e+05,2.443671e+06,7.677546e+02,1.332197e+05,7.740780e+05,2.281405e+03,1.332745e+06,8.122137e+07,1.790102e+03,4.605770e+05,7.034000e+06,1.758551e+03,4.440656e+05,6.470479e+06,3,101,N,N
7.055751e+02,1.340258e+05,3.378308e+06,7.502427e+02,1.420464e+05,1.876786e+06,6.669172e+02,1.181563e+05,2.371437e+06,7.226596e+02,1.311580e+05,1.557298e+06,1.950209e+03,9.652815e+05,8.155337e+07,1.629060e+03,3.946285e+05,1.127888e+07,1.590269e+03,3.647657e+05,8.786208e+06,2,91,N,N
7.356321e+02,1.396450e+05,2.536398e+06,7.748489e+02,1.402075e+05,1.097291e+06,7.549599e+02,1.454919e+05,2.762309e+06,7.805014e+02,1.373952e+05,7.796357e+05,2.336895e+03,1.378728e+06,7.930629e+07,1.818660e+03,4.462297e+05,6.554080e+06,1.847913e+03,4.720558e+05,6.787925e+06,3,49,N,N
6.928122e+02,1.263851e+05,2.437828e+06,7.202605e+02,1.300344e+05,9.083504e+05,6.678958e+02,1.171124e+05,2.038747e+06,7.107477e+02,1.261501e+05,8.177177e+05,1.998123e+03,1.038777e+06,7.193195e+07,1.591212e+03,3.875596e+05,1.014624e+07,1.556066e+03,3.724133e+05,9.051738e+06,0,102,N,N
7.139381e+02,1.358647e+05,3.225361e+06,7.713511e+02,1.423996e+05,1.342643e+06,7.071679e+02,1.318963e+05,2.830882e+06,7.599954e+02,1.380674e+05,1.089141e+06,2.172871e+03,1.204289e+06,7.806905e+07,1.722542e+03,4.212006e+05,8.656656e+06,1.704796e+03,4.191487e+05,7.378521e+06,1,0,N,N
7.268808e+02,1.386425e+05,2.605536e+06,7.292536e+02,1.282988e+05,1.896288e+06,7.263072e+02,1.387717e+05,2.878611e+06,7.167985e+02,1.229817e+05,1.220925e+06,2.107386e+03,1.124435e+06,9.371592e+07,1.730000e+03,4.208847e+05,9.980570e+06,1.697415e+03,4.067663e+05,9.143418e+06,0,36,N,N
7.432812e+02,1.450213e+05,3.052363e+06,7.656094e+02,1.346312e+05,6.395999e+05,7.315185e+02,1.372261e+05,2.529751e+06,7.480369e+02,1.264071e+05,5.223949e+05,2.232045e+03,1.263272e+06,7.884217e+07,1.770390e+03,4.415819e+05,6.766249e+06,1.758932e+03,4.290868e+05,5.456372e+06,0,18,N,N
7.717062e+02,1.570611e+05,3.269564e+06,7.407335e+02,1.268626e+05,1.376432e+06,7.340180e+02,1.431003e+05,3.283069e+06,6.968684e+02,1.111535e+05,9.740695e+05,2.104247e+03,1.090669e+06,9.859014e+07,1.773471e+03,4.339376e+05,8.112020e+06,1.731341e+03,4.054820e+05,7.110376e+06,2,97,N,N
7.530918e+02,1.495045e+05,3.617949e+06,7.072642e+02,1.153306e+05,1.037616e+06,7.674056e+02,1.543919e+05,3.190182e+06,7.084560e+02,1.124048e+05,6.603627e+05,2.230607e+03,1.241367e+06,7.415506e+07,1.796430e+03,4.271395e+05,9.021861e+06,1.758033e+03,4.373037e+05,8.569824e+06,2,79,N,N
7.432196e+02,1.461530e+05,3.419155e+06,7.332365e+02,1.207310e+05,1.121568e+06,7.390169e+02,1.432001e+05,2.808996e+06,7.341703e+02,1.222911e+05,6.976587e+05,2.221885e+03,1.242555e+06,7.499091e+07,1.788163e+03,4.333155e+05,9.311543e+06,1.746434e+03,4.364200e+05,8.627182e+06,3,79,N,N
7.498452e+02,1.444759e+05,2.340606e+06,7.678059e+02,1.396677e+05,8.997490e+05,7.365458e+02,1.378863e+05,2.232970e+06,7.442871e+02,1.305807e+05,7.033142e+05,2.292794e+03,1.353238e+06,6.729633e+07,1.753870e+03,4.560785e+05,8.170541e+06,1.716017e+03,4.364384e+05,7.206159e+06,3,86,N,N
6.788331e+02,1.225517e+05,2.672659e+06,7.619532e+02,1.477591e+05,2.020113e+06,6.544813e+02,1.148418e+05,2.551487e+06,7.207230e+02,1.287127e+05,1.363746e+06,1.938180e+03,9.626125e+05,8.701128e+07,1.600577e+03,3.936627e+05,1.196889e+07,1.596068e+03,3.681934e+05,9.497800e+06,1,94,N,N
7.261964e+02,1.368559e+05,2.004598e+06,7.322253e+02,1.269149e+05,7.888918e+05,6.855146e+02,1.217580e+05,1.869466e+06,7.032221e+02,1.144469e+05,5.327874e+05,2.051642e+03,1.073413e+06,7.643376e+07,1.672873e+03,4.134624e+05,9.618125e+06,1.644995e+03,3.802161e+05,7.560174e+06,1,48,N,N
7.177442e+02,1.397746e+05,4.461527e+06,8.441479e+02,1.645175e+05,2.076635e+06,6.999908e+02,1.316641e+05,3.761464e+06,8.283976e+02,1.536927e+05,1.524575e+06,2.330298e+03,1.386483e+06,9.979750e+07,1.843898e+03,4.849711e+05,1.305690e+07,1.832307e+03,4.643340e+05,1.050402e+07,0,98,N,N
7.370298e+02,1.450727e+05,3.959733e+06,7.646329e+02,1.254685e+05,1.087950e+06,7.091883e+02,1.315556e+05,2.150571e+06,7.524728e+02,1.286032e+05,8.224088e+05,2.142979e+03,1.143808e+06,7.455871e+07,1.807362e+03,4.297811e+05,1.005928e+07,1.703162e+03,4.093395e+05,8.062112e+06,1,61,N,N
7.151775e+02,1.353368e+05,2.711146e+06,7.348868e+02,1.340287e+05,1.433929e+06,6.942121e+02,1.264768e+05,2.174891e+06,7.163611e+02,1.268028e+05,1.121212e+06,2.006461e+03,1.041871e+06,7.589761e+07,1.615102e+03,4.012086e+05,1.041085e+07,1.589933e+03,3.851753e+05,9.002972e+06,0,96,N,N
7.085802e+02,1.300295e+05,2.168380e+06,7.467413e+02,1.375921e+05,1.642410e+06,6.628816e+02,1.170779e+05,2.553345e+06,6.936532e+02,1.155406e+05,1.006291e+06,1.957891e+03,9.741354e+05,7.367840e+07,1.606717e+03,3.992737e+05,1.275554e+07,1.593322e+03,3.607016e+05,9.599780e+06,2,37,N,N
6.922650e+02,1.258865e+05,2.733122e+06,7.671836e+02,1.435879e+05,1.187771e+06,7.163063e+02,1.336995e+05,2.783959e+06,7.540152e+02,1.354072e+05,9.140259e+05,2.187820e+03,1.216480e+06,7.696364e+07,1.724908e+03,4.136478e+05,6.922418e+06,1.723852e+03,4.152159e+05,6.765455e+06,0,84,N,N
7.472845e+02,1.473864e+05,3.108893e+06,7.495055e+02,1.315447e+05,1.721540e+06,7.264652e+02,1.402427e+05,3.222518e+06,7.024931e+02,1.135155e+05,1.138607e+06,2.108853e+03,1.113133e+06,1.022147e+08,1.755949e+03,4.325644e+05,8.546873e+06,1.704998e+03,4.019379e+05,7.436184e+06,0,97,N,N
7.173689e+02,1.343977e+05,2.524099e+06,7.533272e+02,1.376187e+05,8.335282e+05,7.114503e+02,1.288346e+05,2.321952e+06,7.390875e+02,1.297149e+05,5.845520e+05,2.192061e+03,1.229886e+06,6.647739e+07,1.686587e+03,4.126335e+05,6.238062e+06,1.699786e+03,4.084617e+05,6.759171e+06,0,74,N,N
7.344429e+02,1.416677e+05,2.709127e+06,7.831516e+02,1.446430e+05,1.287654e+06,7.175000e+02,1.335299e+05,2.126900e+06,7.521225e+02,1.329524e+05,8.341775e+05,2.200725e+03,1.233511e+06,7.544798e+07,1.746012e+03,4.453967e+05,8.888025e+06,1.732073e+03,4.267226e+05,6.929001e+06,1,104,N,N
7.226251e+02,1.355253e+05,2.760104e+06,7.876263e+02,1.428232e+05,1.149613e+06,7.197001e+02,1.348040e+05,2.299657e+06,7.672986e+02,1.345853e+05,8.843756e+05,2.272801e+03,1.300674e+06,6.872807e+07,1.810944e+03,4.429578e+05,6.998514e+06,1.757635e+03,4.231171e+05,5.331213e+06,1,88,N,N
7.329491e+02,1.425499e+05,3.144265e+06,8.170703e+02,1.350721e+05,9.882853e+05,7.206932e+02,1.388015e+05,3.364138e+06,7.645188e+02,1.208875e+05,5.979806e+05,2.257475e+03,1.277247e+06,9.313056e+07,1.865321e+03,4.610498e+05,7.388954e+06,1.759357e+03,4.281487e+05,6.783054e+06,0,80,N,N
6.927078e+02,1.277216e+05,2.775552e+06,7.550438e+02,1.433511e+05,1.695564e+06,6.407793e+02,1.102018e+05,2.590359e+06,7.331821e+02,1.279709e+05,1.176759e+06,2.085574e+03,1.103085e+06,8.036529e+07,1.665787e+03,4.024174e+05,8.760594e+06,1.662826e+03,3.745244e+05,6.746039e+06,0,34,N,N
6.908666e+02,1.275487e+05,2.822398e+06,7.304017e+02,1.318813e+05,9.923547e+05,6.629568e+02,1.159926e+05,2.238354e+06,7.175520e+02,1.250679e+05,9.887677e+05,1.998640e+03,1.028367e+06,7.802894e+07,1.590107e+03,3.892051e+05,9.625646e+06,1.616311e+03,3.670013e+05,7.619097e+06,1,92,N,N
6.904562e+02,1.273879e+05,2.965378e+06,7.521001e+02,1.384432e+05,1.440990e+06,6.785418e+02,1.234405e+05,2.916665e+06,7.318891e+02,1.293500e+05,1.045675e+06,2.111928e+03,1.126819e+06,7.691175e+07,1.708134e+03,4.155963e+05,1.059115e+07,1.672278e+03,3.927419e+05,8.827339e+06,0,25,N,N
7.897288e+02,1.618732e+05,2.988135e+06,7.694454e+02,1.319644e+05,7.535866e+05,7.481582e+02,1.448557e+05,2.477553e+06,7.733831e+02,1.259339e+05,5.419382e+05,2.276284e+03,1.304899e+06,9.051812e+07,1.840013e+03,4.709758e+05,8.678544e+06,1.841229e+03,4.618106e+05,7.848631e+06,0,70,N,N
7.147764e+02,1.363601e+05,3.221840e+06,7.755903e+02,1.480439e+05,1.860117e+06,6.617859e+02,1.168735e+05,2.429811e+06,7.437680e+02,1.376252e+05,1.488878e+06,2.077864e+03,1.102902e+06,7.312509e+07,1.696397e+03,4.200038e+05,1.149466e+07,1.612155e+03,3.818149e+05,9.007173e+06,0,3,N,N
7.461133e+02,1.463249e+05,2.917447e+06,7.243453e+02,1.108959e+05,4.040693e+05,7.139485e+02,1.329368e+05,2.426058e+06,6.863864e+02,1.036182e+05,2.867648e+05,2.041652e+03,1.053050e+06,8.408831e+07,1.727721e+03,4.265462e+05,1.122026e+07,1.637283e+03,3.909852e+05,9.210101e+06,0,59,N,N
7.522058e+02,1.460927e+05,2.747349e+06,7.313346e+02,1.220688e+05,1.160202e+06,7.090321e+02,1.304418e+05,2.164342e+06,7.076375e+02,1.160407e+05,7.735591e+05,1.994782e+03,1.020580e+06,8.584717e+07,1.664924e+03,4.147395e+05,1.179692e+07,1.596680e+03,3.788607e+05,8.673336e+06,2,81,N,N
7.438660e+02,1.474327e+05,3.853618e+06,7.416327e+02,1.119638e+05,7.699966e+05,7.258436e+02,1.364081e+05,1.906454e+06,7.476090e+02,1.225734e+05,6.393054e+05,2.146879e+03,1.147457e+06,7.467263e+07,1.806957e+03,4.324942e+05,9.306708e+06,1.718990e+03,4.123617e+05,7.539339e+06,2,61,N,N
6.671533e+02,1.211551e+05,3.397667e+06,7.952197e+02,1.600045e+05,2.016373e+06,6.340855e+02,1.088187e+05,2.930866e+06,7.138982e+02,1.249033e+05,1.295691e+06,2.011495e+03,9.960047e+05,8.930027e+07,1.686872e+03,4.070799e+05,1.051411e+07,1.675609e+03,3.639229e+05,8.266490e+06,2,64,N,N
7.564350e+02,1.488889e+05,2.760708e+06,7.791293e+02,1.371674e+05,1.045947e+06,7.399471e+02,1.409586e+05,2.562796e+06,7.618159e+02,1.289623e+05,7.874113e+05,2.302514e+03,1.361522e+06,8.146016e+07,1.778898e+03,4.516283e+05,6.246603e+06,1.772175e+03,4.422498e+05,5.409868e+06,0,95,N,N
7.023793e+02,1.309326e+05,3.018284e+06,7.701443e+02,1.434768e+05,1.253592e+06,6.934941e+02,1.267998e+05,2.661594e+06,7.618420e+02,1.376647e+05,1.020691e+06,2.151545e+03,1.176604e+06,7.425814e+07,1.705842e+03,4.150955e+05,8.393780e+06,1.700995e+03,4.042757e+05,6.965893e+06,0,0,N,N
7.552469e+02,1.458594e+05,2.444406e+06,7.740177e+02,1.407067e+05,1.009555e+06,7.384218e+02,1.388070e+05,2.518246e+06,7.605349e+02,1.331958e+05,8.355470e+05,2.308609e+03,1.354277e+06,7.498261e+07,1.797384e+03,4.509884e+05,6.473371e+06,1.793916e+03,4.491635e+05,6.295422e+06,1,49,N,N
7.226757e+02,1.376578e+05,2.772217e+06,7.682691e+02,1.425731e+05,1.421321e+06,6.997005e+02,1.272142e+05,2.403345e+06,7.371465e+02,1.288122e+05,1.167670e+06,2.172585e+03,1.206698e+06,7.106671e+07,1.679831e+03,4.099765e+05,6.741226e+06,1.698448e+03,4.032911e+05,5.914147e+06,3,62,N,N
6.750861e+02,1.202106e+05,2.219583e+06,6.979831e+02,1.197662e+05,9.000787e+05,6.599686e+02,1.152875e+05,2.116787e+06,7.114118e+02,1.241480e+05,6.662037e+05,1.890913e+03,9.183421e+05,6.983211e+07,1.536679e+03,3.510441e+05,8.371392e+06,1.533403e+03,3.590790e+05,8.865089e+06,0,53,N,N
7.654476e+02,1.512274e+05,2.809011e+06,7.369253e+02,1.319902e+05,2.063162e+06,7.242553e+02,1.367971e+05,2.441781e+06,7.156114e+02,1.245990e+05,1.144680e+06,2.019976e+03,1.024194e+06,8.623743e+07,1.701420e+03,4.222391e+05,1.213354e+07,1.649260e+03,3.933949e+05,8.614269e+06,1,33,N,N
7.421362e+02,1.453220e+05,3.106651e+06,7.648227e+02,1.280590e+05,9.368541e+05,7.262640e+02,1.387774e+05,2.621067e+06,7.641428e+02,1.274114e+05,8.392894e+05,2.294090e+03,1.316881e+06,7.262746e+07,1.856954e+03,4.508307e+05,9.370297e+06,1.785616e+03,4.451808e+05,8.959193e+06,0,79,N,N
6.828639e+02,1.247740e+05,2.867014e+06,7.505991e+02,1.370203e+05,1.200645e+06,6.778223e+02,1.220461e+05,2.558107e+06,7.329667e+02,1.306137e+05,1.092477e+06,2.051143e+03,1.070877e+06,7.850955e+07,1.661960e+03,3.978468e+05,9.706665e+06,1.648624e+03,3.878295e+05,8.222593e+06,0,92,N,N
7.251843e+02,1.366511e+05,2.138899e+06,7.574508e+02,1.322217e+05,7.536049e+05,6.981783e+02,1.271362e+05,2.260763e+06,7.290457e+02,1.161801e+05,4.339823e+05,2.121517e+03,1.131408e+06,7.633302e+07,1.726734e+03,4.127935e+05,6.023503e+06,1.700573e+03,3.907346e+05,5.298742e+06,1,82,N,N
7.449937e+02,1.461819e+05,3.047338e+06,7.543959e+02,1.282891e+05,1.012504e+06,7.034500e+02,1.289808e+05,2.549890e+06,7.205773e+02,1.169271e+05,5.912120e+05,2.181925e+03,1.213370e+06,8.317066e+07,1.739692e+03,4.297903e+05,6.991972e+06,1.709472e+03,4.001748e+05,5.935605e+06,1,90,N,N
6.932376e+02,1.283300e+05,2.839960e+06,7.326374e+02,1.315119e+05,9.611224e+05,6.485762e+02,1.119623e+05,2.437423e+06,6.968048e+02,1.146894e+05,5.935009e+05,2.007391e+03,1.011355e+06,7.541602e+07,1.660915e+03,3.935512e+05,7.962712e+06,1.619687e+03,3.566284e+05,6.815977e+06,2,58,N,N
6.799280e+02,1.253303e+05,3.335430e+06,7.778790e+02,1.566649e+05,2.474263e+06,6.575445e+02,1.171138e+05,3.384963e+06,7.249317e+02,1.339924e+05,1.927234e+06,2.002949e+03,1.032210e+06,8.114599e+07,1.610747e+03,4.041116e+05,1.371924e+07,1.608256e+03,3.773526e+05,1.073697e+07,0,39,N,N
6.970110e+02,1.290889e+05,2.887040e+06,7.820761e+02,1.438966e+05,1.659251e+06,6.754021e+02,1.211633e+05,2.486458e+06,7.305058e+02,1.231299e+05,1.096575e+06,2.101272e+03,1.131206e+06,6.819033e+07,1.671510e+03,4.120867e+05,1.089728e+07,1.630954e+03,3.833133e+05,8.637508e+06,2,68,N,N
7.123831e+02,1.327501e+05,2.178124e+06,7.553904e+02,1.421705e+05,1.302428e+06,6.915272e+02,1.240515e+05,2.280513e+06,7.110668e+02,1.209799e+05,6.928660e+05,2.067479e+03,1.096761e+06,7.546894e+07,1.637705e+03,4.073581e+05,8.945506e+06,1.653712e+03,3.885286e+05,7.265219e+06,2,71,N,N
7.434767e+02,1.430376e+05,2.715779e+06,6.739023e+02,1.033893e+05,9.423801e+05,7.414585e+02,1.405495e+05,2.007671e+06,6.751341e+02,1.011128e+05,6.320847e+05,1.974596e+03,9.872701e+05,8.448737e+07,1.641738e+03,3.976784e+05,1.085222e+07,1.642131e+03,3.995439e+05,1.012732e+07,0,17,N,N
7.260754e+02,1.395649e+05,2.874885e+06,7.306794e+02,1.320354e+05,1.366289e+06,7.085355e+02,1.312310e+05,2.173560e+06,7.157507e+02,1.255021e+05,1.025857e+06,2.008961e+03,1.047293e+06,7.771736e+07,1.609585e+03,4.027788e+05,1.032454e+07,1.600664e+03,3.894812e+05,8.696664e+06,1,96,N,N
6.830577e+02,1.248031e+05,2.856261e+06,7.763704e+02,1.521873e+05,2.229196e+06,6.507999e+02,1.126902e+05,2.385472e+06,7.310567e+02,1.282832e+05,1.427399e+06,2.011565e+03,1.009328e+06,7.243107e+07,1.670915e+03,3.964677e+05,1.016301e+07,1.638118e+03,3.729922e+05,7.424550e+06,3,77,N,N
6.939701e+02,1.311807e+05,3.943647e+06,7.523597e+02,1.449776e+05,2.182968e+06,6.278936e+02,1.089146e+05,3.263506e+06,6.810622e+02,1.159820e+05,1.240024e+06,1.949928e+03,9.502152e+05,7.807469e+07,1.667335e+03,4.002672e+05,1.255824e+07,1.550277e+03,3.410682e+05,8.654945e+06,2,75,N,N
6.688796e+02,1.186888e+05,2.291991e+06,7.961759e+02,1.578772e+05,1.421712e+06,6.156976e+02,9.994998e+04,1.862927e+06,7.418716e+02,1.281710e+05,8.406659e+05,2.162062e+03,1.175864e+06,7.116268e+07,1.720470e+03,4.244397e+05,8.546919e+06,1.696317e+03,3.719454e+05,5.857821e+06,3,63,N,N
7.923678e+02,1.635901e+05,2.711692e+06,7.824512e+02,1.295164e+05,8.531312e+05,7.741766e+02,1.551953e+05,2.078296e+06,7.674889e+02,1.243412e+05,5.317039e+05,2.256779e+03,1.299302e+06,1.077938e+08,1.841347e+03,5.031771e+05,1.411535e+07,1.836790e+03,4.895356e+05,1.027630e+07,2,67,N,N
7.520192e+02,1.489968e+05,3.140998e+06,7.203764e+02,1.220055e+05,1.513974e+06,7.365599e+02,1.447951e+05,3.449462e+06,7.171718e+02,1.183754e+05,1.082138e+06,2.088472e+03,1.083166e+06,9.983414e+07,1.745041e+03,4.160408e+05,8.040666e+06,1.712110e+03,4.124238e+05,7.703982e+06,3,97,N,N
7.481434e+02,1.479471e+05,3.691117e+06,7.834856e+02,1.389815e+05,1.055977e+06,7.326803e+02,1.417134e+05,3.656080e+06,7.671585e+02,1.310924e+05,5.775333e+05,2.331650e+03,1.367414e+06,1.013160e+08,1.889954e+03,4.761868e+05,1.010341e+07,1.837504e+03,4.625948e+05,8.825063e+06,0,73,N,N
6.902707e+02,1.260256e+05,2.703485e+06,7.211654e+02,1.317521e+05,1.566504e+06,6.621817e+02,1.167453e+05,2.443168e+06,6.981401e+02,1.205597e+05,1.285610e+06,1.886980e+03,9.163278e+05,8.195725e+07,1.548930e+03,3.759928e+05,1.125025e+07,1.564490e+03,3.543597e+05,9.136544e+06,2,94,N,N
7.606942e+02,1.527369e+05,3.671533e+06,7.522529e+02,1.358418e+05,1.731314e+06,7.163796e+02,1.376590e+05,3.714581e+06,7.095194e+02,1.181863e+05,1.036010e+06,2.113375e+03,1.112022e+06,8.593239e+07,1.763949e+03,4.429031e+05,1.261908e+07,1.708697e+03,4.010974e+05,9.610137e+06,1,87,N,N
6.989608e+02,1.267652e+05,1.839829e+06,7.463619e+02,1.337834e+05,9.925964e+05,6.850829e+02,1.217010e+05,1.899989e+06,7.308735e+02,1.250456e+05,7.752444e+05,2.139866e+03,1.180644e+06,6.846138e+07,1.652760e+03,4.032535e+05,7.568510e+06,1.645097e+03,3.919828e+05,6.601022e+06,0,15,N,N
6.713729e+02,1.204039e+05,2.917913e+06,7.208208e+02,1.299953e+05,1.584365e+06,6.672724e+02,1.218579e+05,3.463231e+06,7.189465e+02,1.276340e+05,1.359539e+06,1.950367e+03,9.499283e+05,8.171614e+07,1.603325e+03,3.742945e+05,8.833011e+06,1.632728e+03,3.766210e+05,8.708933e+06,0,38,N,N
7.511445e+02,1.506741e+05,3.662761e+06,7.241815e+02,1.279540e+05,1.750125e+06,7.180771e+02,1.371281e+05,3.131709e+06,6.854933e+02,1.125494e+05,1.341275e+06,2.159202e+03,1.177892e+06,8.139540e+07,1.735250e+03,4.338406e+05,1.249954e+07,1.702937e+03,4.011639e+05,9.571510e+06,2,72,N,N
7.107401e+02,1.318715e+05,2.060854e+06,7.260181e+02,1.282382e+05,1.009543e+06,6.810110e+02,1.192710e+05,1.867768e+06,7.178504e+02,1.216024e+05,6.616469e+05,2.058291e+03,1.085235e+06,7.756063e+07,1.654835e+03,4.041886e+05,9.385204e+06,1.641164e+03,3.834120e+05,7.174257e+06,0,48,N,N
7.234795e+02,1.426186e+05,4.389642e+06,7.957112e+02,1.489534e+05,1.852807e+06,6.957963e+02,1.308300e+05,3.559234e+06,7.743145e+02,1.404001e+05,1.400333e+06,2.202996e+03,1.242839e+06,9.137395e+07,1.767070e+03,4.438809e+05,1.037700e+07,1.711969e+03,4.209740e+05,8.591167e+06,0,99,N,N
7.391181e+02,1.401789e+05,2.413314e+06,7.588679e+02,1.395918e+05,1.315401e+06,7.186388e+02,1.331040e+05,2.276685e+06,7.388534e+02,1.310959e+05,9.471011e+05,2.228965e+03,1.271263e+06,6.727013e+07,1.741234e+03,4.335932e+05,7.118420e+06,1.693257e+03,4.152555e+05,6.548319e+06,0,100,N,N
7.733432e+02,1.557994e+05,2.543474e+06,7.602234e+02,1.277090e+05,5.292493e+05,7.522853e+02,1.460726e+05,2.129615e+06,7.462922e+02,1.235820e+05,3.556306e+05,2.217046e+03,1.251945e+06,8.053048e+07,1.767115e+03,4.535942e+05,8.288551e+06,1.760896e+03,4.447929e+05,7.543165e+06,2,60,N,N
7.485997e+02,1.500419e+05,4.097444e+06,7.749831e+02,1.365553e+05,9.809239e+05,7.302644e+02,1.397601e+05,3.022213e+06,7.675976e+02,1.320145e+05,7.150362e+05,2.259294e+03,1.295061e+06,8.421076e+07,1.809254e+03,4.604708e+05,1.067606e+07,1.784003e+03,4.479279e+05,8.459482e+06,0,23,N,N
7.522969e+02,1.450182e+05,2.589739e+06,7.805098e+02,1.412399e+05,1.061141e+06,7.345800e+02,1.382792e+05,2.552676e+06,7.559941e+02,1.310413e+05,7.314453e+05,2.311984e+03,1.356277e+06,7.613808e+07,1.819925e+03,4.665516e+05,7.153559e+06,1.793400e+03,4.401020e+05,6.077047e+06,0,49,N,N
6.872206e+02,1.251689e+05,2.698917e+06,7.441459e+02,1.376089e+05,1.830151e+06,6.581815e+02,1.151622e+05,2.408483e+06,7.002769e+02,1.225085e+05,1.359300e+06,1.923985e+03,9.377314e+05,8.144489e+07,1.620147e+03,3.874385e+05,1.178994e+07,1.572741e+03,3.528495e+05,8.967023e+06,0,94,N,N
6.870841e+02,1.262408e+05,3.065483e+06,7.158727e+02,1.272126e+05,1.424465e+06,6.920041e+02,1.305858e+05,3.675921e+06,7.003478e+02,1.216990e+05,1.297237e+06,1.938346e+03,9.488095e+05,8.234378e+07,1.589268e+03,3.751016e+05,8.543911e+06,1.609262e+03,3.781413e+05,9.122707e+06,1,38,N,N
6.842405e+02,1.251020e+05,2.855752e+06,7.527826e+02,1.401568e+05,1.186845e+06,6.693037e+02,1.187892e+05,2.337295e+06,7.216902e+02,1.268158e+05,9.759220e+05,2.024564e+03,1.039566e+06,7.802742e+07,1.663288e+03,4.010378e+05,9.652682e+06,1.626892e+03,3.747577e+05,7.843067e+06,3,92,N,N
7.588264e+02,1.482229e+05,2.906102e+06,7.212673e+02,1.152120e+05,9.293420e+05,6.921999e+02,1.242111e+05,1.887419e+06,7.004691e+02,1.105469e+05,6.895136e+05,1.989285e+03,1.010034e+06,8.455766e+07,1.668264e+03,4.148227e+05,1.175067e+07,1.604930e+03,3.756646e+05,8.666520e+06,3,81,N,N
7.301051e+02,1.369247e+05,2.651196e+06,7.918472e+02,1.480001e+05,1.341719e+06,7.175244e+02,1.324182e+05,2.205509e+06,7.732777e+02,1.373408e+05,1.020529e+06,2.272487e+03,1.299122e+06,6.739473e+07,1.828887e+03,4.522807e+05,7.206863e+06,1.743683e+03,4.189952e+05,5.147363e+06,0,88,N,N
7.548281e+02,1.449205e+05,2.499494e+06,7.088234e+02,1.122950e+05,6.839646e+05,7.200480e+02,1.320269e+05,1.864837e+06,7.049017e+02,1.070509e+05,4.296833e+05,1.994366e+03,1.018600e+06,8.788829e+07,1.656500e+03,4.118077e+05,1.161743e+07,1.623054e+03,3.915321e+05,9.189977e+06,1,81,N,N
7.098341e+02,1.335909e+05,2.706452e+06,7.386912e+02,1.305277e+05,1.003353e+06,6.646613e+02,1.166269e+05,2.405312e+06,7.115091e+02,1.177066e+05,7.617109e+05,2.107836e+03,1.124167e+06,6.949201e+07,1.675942e+03,4.084127e+05,7.810595e+06,1.673208e+03,3.761862e+05,6.550971e+06,1,69,N,N
7.480584e+02,1.425289e+05,2.437652e+06,6.863093e+02,1.128627e+05,9.604451e+05,7.230574e+02,1.347191e+05,1.872414e+06,6.646909e+02,1.061570e+05,7.161950e+05,1.860881e+03,9.052125e+05,8.138417e+07,1.585639e+03,4.057097e+05,1.679171e+07,1.507869e+03,3.781469e+05,1.478480e+07,0,54,N,N
7.058925e+02,1.317266e+05,2.898185e+06,7.761167e+02,1.379552e+05,9.416712e+05,7.138140e+02,1.366308e+05,3.387252e+06,8.054779e+02,1.454760e+05,8.788891e+05,2.223130e+03,1.233289e+06,9.653795e+07,1.812529e+03,4.284791e+05,6.903250e+06,1.803616e+03,4.399016e+05,6.873645e+06,1,56,N,N
7.357891e+02,1.469838e+05,4.222972e+06,7.479181e+02,1.337077e+05,1.639750e+06,7.129336e+02,1.363458e+05,3.410747e+06,7.063901e+02,1.204619e+05,1.412514e+06,2.089752e+03,1.109781e+06,9.244914e+07,1.737650e+03,4.323512e+05,1.170316e+07,1.650793e+03,3.932249e+05,9.365267e+06,0,85,N,N
7.401220e+02,1.464322e+05,3.571183e+06,7.794990e+02,1.413927e+05,1.405649e+06,7.159981e+02,1.369405e+05,3.514726e+06,7.463219e+02,1.256831e+05,7.778782e+05,2.236247e+03,1.248560e+06,9.164335e+07,1.812826e+03,4.556519e+05,9.705376e+06,1.791976e+03,4.255358e+05,8.011124e+06,3,47,N,N
7.255944e+02,1.393532e+05,2.927965e+06,7.217107e+02,1.250829e+05,6.878803e+05,6.688544e+02,1.184589e+05,2.389452e+06,7.036272e+02,1.149705e+05,4.431822e+05,2.026560e+03,1.044605e+06,8.061065e+07,1.655950e+03,4.069237e+05,8.802165e+06,1.636188e+03,3.765991e+05,7.067096e+06,0,58,N,N
7.199793e+02,1.357342e+05,2.879835e+06,7.217276e+02,1.268695e+05,1.507715e+06,6.972665e+02,1.264807e+05,2.050267e+06,7.103064e+02,1.255015e+05,1.254678e+06,1.862781e+03,8.991057e+05,7.816365e+07,1.579717e+03,3.925668e+05,1.579173e+07,1.523751e+03,3.784319e+05,1.442222e+07,2,54,N,N
7.347897e+02,1.434899e+05,3.243245e+06,7.667757e+02,1.278605e+05,6.676491e+05,7.243177e+02,1.389089e+05,2.907209e+06,7.499665e+02,1.201530e+05,4.205147e+05,2.174317e+03,1.190408e+06,1.050018e+08,1.783792e+03,4.469104e+05,8.864044e+06,1.782459e+03,4.384009e+05,7.340223e+06,3,55,N,N
6.899374e+02,1.268969e+05,2.726053e+06,7.345633e+02,1.320623e+05,1.005317e+06,6.682182e+02,1.183310e+05,2.507601e+06,7.123529e+02,1.208100e+05,6.513701e+05,2.011638e+03,1.025025e+06,7.678722e+07,1.627670e+03,3.832393e+05,7.611889e+06,1.639944e+03,3.789536e+05,7.383829e+06,1,58,N,N
7.787898e+02,1.472763e+05,2.053933e+06,6.127197e+02,9.064117e+04,9.541794e+05,7.357777e+02,1.384498e+05,2.254981e+06,5.831246e+02,8.075014e+04,6.543467e+05,1.738706e+03,8.106966e+05,7.746507e+07,1.426774e+03,3.761034e+05,1.574309e+07,1.428273e+03,3.454308e+05,1.225605e+07,0,2,N,N
7.166864e+02,1.337438e+05,2.157580e+06,7.607560e+02,1.395903e+05,9.411119e+05,7.032113e+02,1.261965e+05,1.783632e+06,7.421693e+02,1.274264e+05,8.543562e+05,2.177695e+03,1.218009e+06,7.612403e+07,1.694641e+03,4.259256e+05,8.105140e+06,1.712581e+03,4.146845e+05,6.872651e+06,1,46,N,N
7.598799e+02,1.506804e+05,2.846896e+06,7.830904e+02,1.375202e+05,9.179500e+05,7.656143e+02,1.497362e+05,2.671916e+06,7.542792e+02,1.281202e+05,7.983581e+05,2.295111e+03,1.345419e+06,7.951046e+07,1.770961e+03,4.584215e+05,7.527224e+06,1.814578e+03,4.637542e+05,7.040181e+06,0,101,N,N
7.265466e+02,1.375573e+05,2.213956e+06,7.811717e+02,1.409028e+05,1.081958e+06,7.100524e+02,1.300557e+05,2.090518e+06,7.549366e+02,1.286961e+05,6.872097e+05,2.211461e+03,1.241228e+06,7.437460e+07,1.755696e+03,4.351695e+05,6.452476e+06,1.741957e+03,4.215136e+05,5.618707e+06,0,43,N,N
7.420767e+02,1.408930e+05,2.688711e+06,6.782554e+02,1.100060e+05,1.583542e+06,6.918051e+02,1.242776e+05,2.033665e+06,6.586460e+02,1.040804e+05,1.182677e+06,1.922435e+03,9.457110e+05,7.995258e+07,1.586382e+03,3.901988e+05,1.207262e+07,1.562010e+03,3.573092e+05,8.290446e+06,0,42,N,N
7.242310e+02,1.402221e+05,3.435736e+06,7.412120e+02,1.343762e+05,1.696494e+06,6.934242e+02,1.289472e+05,3.263873e+06,7.073283e+02,1.200832e+05,1.162839e+06,2.104473e+03,1.119771e+06,8.767074e+07,1.708690e+03,4.189016e+05,9.339388e+06,1.675394e+03,3.891482e+05,7.795254e+06,2,93,N,N
7.551495e+02,1.485206e+05,2.412852e+06,7.913344e+02,1.385284e+05,9.298548e+05,7.212291e+02,1.337824e+05,2.162594e+06,7.719086e+02,1.278886e+05,5.767813e+05,2.254676e+03,1.288731e+06,8.346237e+07,1.795402e+03,4.507432e+05,6.489044e+06,1.790806e+03,4.363586e+05,5.650491e+06,0,103,N,N
7.013162e+02,1.335178e+05,3.760107e+06,7.644064e+02,1.397138e+05,1.663403e+06,7.090623e+02,1.357202e+05,3.611298e+06,7.325760e+02,1.256497e+05,1.373895e+06,2.101063e+03,1.123828e+06,9.062542e+07,1.704150e+03,4.209678e+05,1.071848e+07,1.688422e+03,4.080846e+05,9.578741e+06,2,85,N,N
7.199795e+02,1.378446e+05,3.047212e+06,7.560158e+02,1.398519e+05,1.653097e+06,6.874595e+02,1.253304e+05,2.594567e+06,7.447277e+02,1.316873e+05,1.168845e+06,2.029123e+03,1.029296e+06,7.562348e+07,1.668525e+03,4.021517e+05,9.801071e+06,1.672377e+03,3.857724e+05,7.523603e+06,1,77,N,N
7.130783e+02,1.362249e+05,3.359891e+06,7.353460e+02,1.362398e+05,1.884964e+06,6.974990e+02,1.291365e+05,2.709124e+06,7.303513e+02,1.338859e+05,1.581538e+06,1.938670e+03,9.607487e+05,8.381253e+07,1.620978e+03,3.898840e+05,1.122206e+07,1.572465e+03,3.766393e+05,9.214635e+06,1,91,N,N
7.671684e+02,1.545368e+05,3.540896e+06,7.477671e+02,1.294544e+05,1.419705e+06,7.370491e+02,1.445085e+05,3.638226e+06,7.181794e+02,1.210479e+05,9.821365e+05,2.132615e+03,1.122222e+06,8.629134e+07,1.802515e+03,4.378496e+05,1.196840e+07,1.732234e+03,4.097234e+05,1.015717e+07,2,87,N,N
7.236447e+02,1.369775e+05,2.357344e+06,7.823646e+02,1.440130e+05,1.153071e+06,6.882541e+02,1.230244e+05,1.998626e+06,7.487353e+02,1.271981e+05,7.283536e+05,2.192697e+03,1.221316e+06,7.255740e+07,1.751293e+03,4.363091e+05,6.858707e+06,1.703994e+03,4.050061e+05,5.487156e+06,1,43,N,N
7.382213e+02,1.407830e+05,2.843010e+06,7.802581e+02,1.422549e+05,1.100529e+06,7.213815e+02,1.344203e+05,2.298657e+06,7.687826e+02,1.375936e+05,9.084087e+05,2.256584e+03,1.290668e+06,7.197234e+07,1.778207e+03,4.464353e+05,7.166589e+06,1.755549e+03,4.266843e+05,5.669166e+06,3,88,N,N
7.142530e+02,1.341303e+05,2.721987e+06,7.405886e+02,1.322812e+05,1.355563e+06,7.036617e+02,1.301634e+05,2.553598e+06,7.374598e+02,1.309780e+05,1.068036e+06,2.144976e+03,1.168682e+06,8.092869e+07,1.723221e+03,4.177973e+05,8.548859e+06,1.698213e+03,4.096779e+05,7.848784e+06,1,45,N,N
7.005619e+02,1.295203e+05,2.576789e+06,7.320532e+02,1.328229e+05,8.523592e+05,6.731923e+02,1.183978e+05,2.059846e+06,7.100573e+02,1.249274e+05,8.002242e+05,2.035377e+03,1.070117e+06,7.364005e+07,1.621932e+03,3.964212e+05,9.776318e+06,1.600696e+03,3.762422e+05,8.290440e+06,3,102,N,N
7.253226e+02,1.381831e+05,2.631449e+06,7.597358e+02,1.349014e+05,8.024505e+05,6.933330e+02,1.268673e+05,2.523627e+06,7.484846e+02,1.303280e+05,5.526447e+05,2.125315e+03,1.142145e+06,7.775390e+07,1.722874e+03,4.165667e+05,7.246584e+06,1.694515e+03,4.048922e+05,6.379175e+06,0,52,N,N
6.589451e+02,1.157046e+05,2.322920e+06,7.233244e+02,1.309239e+05,1.158479e+06,6.475440e+02,1.112826e+05,2.101370e+06,7.086595e+02,1.229822e+05,7.173761e+05,1.903821e+03,9.266209e+05,6.911509e+07,1.552346e+03,3.586997e+05,8.305718e+06,1.541350e+03,3.501225e+05,7.521784e+06,1,53,N,N
7.200976e+02,1.383075e+05,3.073657e+06,7.808496e+02,1.525141e+05,1.804648e+06,6.695004e+02,1.183186e+05,2.584927e+06,7.242541e+02,1.274737e+05,1.285421e+06,2.102763e+03,1.136743e+06,8.519300e+07,1.672294e+03,4.287072e+05,9.140939e+06,1.658116e+03,3.860072e+05,6.793908e+06,1,34,N,N
7.455199e+02,1.441924e+05,2.582758e+06,7.693805e+02,1.411381e+05,1.255526e+06,7.222048e+02,1.336622e+05,2.248369e+06,7.484840e+02,1.293352e+05,7.982526e+05,2.234843e+03,1.278327e+06,6.909160e+07,1.735080e+03,4.354164e+05,6.988435e+06,1.717274e+03,4.225425e+05,5.739606e+06,1,100,N,N
7.453135e+02,1.478255e+05,3.465806e+06,7.156684e+02,1.259262e+05,1.393247e+06,6.958914e+02,1.292885e+05,3.162581e+06,6.917918e+02,1.130118e+05,9.863348e+05,2.059045e+03,1.071384e+06,8.503605e+07,1.676402e+03,4.130016e+05,9.723726e+06,1.665731e+03,3.797857e+05,7.707704e+06,1,93,N,N
7.612486e+02,1.537325e+05,3.784951e+06,8.055498e+02,1.419546e+05,1.121438e+06,7.247816e+02,1.375217e+05,3.535040e+06,7.579545e+02,1.288536e+05,6.586573e+05,2.356077e+03,1.374504e+06,1.006447e+08,1.951062e+03,4.925487e+05,1.052932e+07,1.852949e+03,4.492103e+05,8.623580e+06,2,73,N,N
6.716728e+02,1.241244e+05,3.760236e+06,7.601582e+02,1.497251e+05,2.353711e+06,6.064457e+02,1.018401e+05,3.006711e+06,7.140529e+02,1.291074e+05,1.641488e+06,1.939193e+03,9.415538e+05,7.894972e+07,1.623397e+03,3.921508e+05,1.193053e+07,1.574324e+03,3.432391e+05,9.136802e+06,0,75,N,N
7.362708e+02,1.430431e+05,2.742405e+06,7.527913e+02,1.403760e+05,1.472985e+06,6.630007e+02,1.148968e+05,2.110618e+06,7.178977e+02,1.228355e+05,9.558805e+05,2.072860e+03,1.095010e+06,6.730378e+07,1.663120e+03,4.168745e+05,8.173524e+06,1.615354e+03,3.623805e+05,6.123776e+06,2,83,N,N
7.337731e+02,1.414813e+05,2.542360e+06,7.847929e+02,1.527080e+05,1.670366e+06,6.727372e+02,1.174068e+05,2.066630e+06,7.087668e+02,1.197082e+05,9.387759e+05,2.078770e+03,1.097540e+06,6.680054e+07,1.680391e+03,4.233088e+05,8.615527e+06,1.631174e+03,3.711868e+05,5.922913e+06,1,83,N,N
7.368093e+02,1.450045e+05,3.467280e+06,7.710151e+02,1.368644e+05,1.183780e+06,7.166972e+02,1.362963e+05,3.400660e+06,7.554766e+02,1.287607e+05,7.141389e+05,2.235436e+03,1.260305e+06,9.346831e+07,1.792227e+03,4.560698e+05,9.716665e+06,1.793841e+03,4.379258e+05,8.126459e+06,0,47,N,N
7.407812e+02,1.444778e+05,3.054087e+06,7.692283e+02,1.417737e+05,2.000665e+06,7.472315e+02,1.462105e+05,2.982580e+06,7.400846e+02,1.319676e+05,1.323835e+06,2.192771e+03,1.225312e+06,1.048628e+08,1.780002e+03,4.440767e+05,9.531787e+06,1.757914e+03,4.395779e+05,8.751633e+06,1,36,N,N
7.183129e+02,1.368650e+05,2.834244e+06,7.723112e+02,1.414677e+05,1.156696e+06,6.778742e+02,1.199816e+05,2.263663e+06,7.506672e+02,1.328707e+05,1.049008e+06,2.167269e+03,1.201910e+06,6.921447e+07,1.711149e+03,4.275967e+05,8.722387e+06,1.668099e+03,4.068710e+05,7.878815e+06,0,1,N,N
7.223128e+02,1.395304e+05,3.415724e+06,7.705534e+02,1.268172e+05,7.476266e+05,7.186743e+02,1.376220e+05,3.045758e+06,7.588015e+02,1.255895e+05,6.274893e+05,2.177747e+03,1.192697e+06,1.025551e+08,1.801350e+03,4.382724e+05,8.720227e+06,1.759423e+03,4.367793e+05,7.601301e+06,2,55,N,N
7.622894e+02,1.493676e+05,1.935999e+06,7.802276e+02,1.207323e+05,5.568224e+05,7.483850e+02,1.426825e+05,1.306672e+06,7.360333e+02,1.080482e+05,2.930796e+05,2.195947e+03,1.226046e+06,8.310252e+07,1.807771e+03,4.700594e+05,1.155061e+07,1.743934e+03,4.365918e+05,9.294270e+06,3,76,N,N
7.259746e+02,1.391972e+05,3.063243e+06,7.617075e+02,1.364501e+05,1.532226e+06,7.024431e+02,1.315774e+05,3.284832e+06,7.308919e+02,1.231221e+05,9.405783e+05,2.164349e+03,1.178111e+06,8.960741e+07,1.767745e+03,4.256736e+05,7.146289e+06,1.709747e+03,3.992410e+05,6.649565e+06,0,65,N,N
6.921411e+02,1.258701e+05,2.503229e+06,7.904413e+02,1.494883e+05,1.558501e+06,6.827718e+02,1.219477e+05,1.986031e+06,7.713004e+02,1.415986e+05,1.108028e+06,2.204225e+03,1.233879e+06,7.197836e+07,1.756482e+03,4.279754e+05,9.417254e+06,1.705020e+03,4.245563e+05,7.884624e+06,0,104,N,N
7.141127e+02,1.342641e+05,3.092114e+06,7.903471e+02,1.477482e+05,1.412269e+06,7.100438e+02,1.333536e+05,2.971611e+06,7.821395e+02,1.408470e+05,1.095065e+06,2.209448e+03,1.231079e+06,8.627430e+07,1.776982e+03,4.386682e+05,8.651566e+06,1.769732e+03,4.303585e+05,7.302390e+06,0,6,N,N
7.349695e+02,1.447033e+05,3.786289e+06,7.470491e+02,1.340461e+05,1.441438e+06,6.736430e+02,1.226763e+05,3.448537e+06,7.052637e+02,1.137049e+05,8.694764e+05,2.034205e+03,1.028933e+06,7.931367e+07,1.683760e+03,4.218470e+05,1.285974e+07,1.678826e+03,3.749839e+05,9.304792e+06,0,51,N,N
7.271626e+02,1.441902e+05,4.634523e+06,8.539628e+02,1.611081e+05,1.716874e+06,7.037862e+02,1.313960e+05,3.680798e+06,8.214133e+02,1.458493e+05,1.251982e+06,2.335593e+03,1.383260e+06,1.015746e+08,1.869280e+03,4.911873e+05,1.282527e+07,1.857730e+03,4.614193e+05,9.973571e+06,1,98,N,N
7.275206e+02,1.404430e+05,3.080767e+06,8.149731e+02,1.352798e+05,9.494185e+05,7.296416e+02,1.420472e+05,3.317560e+06,7.877241e+02,1.254140e+05,5.303505e+05,2.272118e+03,1.288092e+06,9.535507e+07,1.864409e+03,4.554626e+05,7.507706e+06,1.798194e+03,4.428304e+05,6.709700e+06,1,80,N,N
7.087382e+02,1.308154e+05,2.035922e+06,7.679022e+02,1.433857e+05,1.260343e+06,6.783572e+02,1.210796e+05,2.263430e+06,7.123161e+02,1.220669e+05,7.888771e+05,2.059118e+03,1.083051e+06,7.162485e+07,1.658516e+03,4.090182e+05,9.535907e+06,1.624041e+03,3.805879e+05,8.106873e+06,0,71,N,N
6.811975e+02,1.237947e+05,2.701389e+06,7.713121e+02,1.458386e+05,1.522771e+06,6.565533e+02,1.143344e+05,2.455449e+06,7.331634e+02,1.283951e+05,9.143934e+05,2.030894e+03,1.031233e+06,8.292407e+07,1.673007e+03,3.896935e+05,8.153455e+06,1.663291e+03,3.752411e+05,7.132653e+06,1,78,N,N
7.449181e+02,1.464907e+05,3.114038e+06,7.548638e+02,1.315342e+05,1.019848e+06,7.162256e+02,1.339704e+05,2.784909e+06,7.278619e+02,1.204805e+05,6.103223e+05,2.188721e+03,1.214366e+06,8.147095e+07,1.740618e+03,4.291240e+05,6.690330e+06,1.736606e+03,4.120267e+05,6.050617e+06,0,90,N,N
6.422692e+02,1.108296e+05,2.434759e+06,7.892523e+02,1.537360e+05,1.559377e+06,6.324567e+02,1.056887e+05,1.878617e+06,7.778145e+02,1.430266e+05,1.175981e+06,2.115403e+03,1.132095e+06,6.886012e+07,1.669091e+03,3.934417e+05,8.887097e+06,1.680581e+03,3.896555e+05,7.027795e+06,3,57,N,N
7.134188e+02,1.338380e+05,2.726488e+06,8.035008e+02,1.496042e+05,1.240522e+06,7.021836e+02,1.278042e+05,2.475700e+06,7.645034e+02,1.355238e+05,9.579125e+05,2.276279e+03,1.328656e+06,8.074130e+07,1.777729e+03,4.551075e+05,7.111839e+06,1.740063e+03,4.333611e+05,6.347108e+06,0,20,N,N
7.292672e+02,1.403839e+05,2.816250e+06,7.620039e+02,1.376098e+05,9.503190e+05,6.956227e+02,1.254344e+05,2.017675e+06,7.217594e+02,1.219693e+05,7.869588e+05,2.112793e+03,1.123700e+06,6.806001e+07,1.706461e+03,4.203701e+05,8.593741e+06,1.691289e+03,3.912599e+05,6.477390e+06,2,57,N,N
7.597296e+02,1.498245e+05,2.568703e+06,8.345017e+02,1.539400e+05,1.199124e+06,7.349372e+02,1.392092e+05,2.371581e+06,7.568782e+02,1.265035e+05,5.929856e+05,2.282121e+03,1.325071e+06,8.829714e+07,1.860017e+03,4.828821e+05,6.828772e+06,1.756344e+03,4.277748e+05,5.557222e+06,2,103,N,N
7.275413e+02,1.377087e+05,2.755634e+06,7.962212e+02,1.485551e+05,1.306969e+06,6.931519e+02,1.236092e+05,2.053541e+06,7.795030e+02,1.402290e+05,1.049190e+06,2.286273e+03,1.323022e+06,7.025425e+07,1.800270e+03,4.501612e+05,7.113967e+06,1.757288e+03,4.167322e+05,5.249208e+06,2,88,N,N
7.027699e+02,1.289711e+05,2.076369e+06,7.741224e+02,1.364781e+05,9.270670e+05,6.894837e+02,1.232416e+05,2.127518e+06,7.453260e+02,1.256955e+05,6.048527e+05,2.117561e+03,1.129768e+06,7.545221e+07,1.710769e+03,4.025521e+05,6.274080e+06,1.696119e+03,3.914188e+05,5.398459e+06,0,82,N,N
7.363759e+02,1.401890e+05,2.459446e+06,7.264231e+02,1.120591e+05,7.613074e+05,7.139543e+02,1.325771e+05,2.052740e+06,6.846396e+02,1.019931e+05,5.003083e+05,2.029525e+03,1.029751e+06,7.966572e+07,1.704535e+03,4.046567e+05,8.996771e+06,1.649858e+03,3.842364e+05,7.568831e+06,3,50,N,N
7.548923e+02,1.532971e+05,4.225985e+06,7.365615e+02,1.281589e+05,1.245442e+06,7.364397e+02,1.449135e+05,3.879488e+06,7.057072e+02,1.155270e+05,9.460044e+05,2.131345e+03,1.134589e+06,9.425498e+07,1.767048e+03,4.377354e+05,1.090720e+07,1.734561e+03,4.122093e+05,8.933559e+06,0,35,N,N
7.140118e+02,1.376762e+05,4.194489e+06,7.201757e+02,1.264400e+05,1.679399e+06,7.352092e+02,1.449713e+05,3.827469e+06,6.975524e+02,1.211022e+05,1.742283e+06,2.042608e+03,1.047830e+06,9.200510e+07,1.695818e+03,4.070614e+05,1.236876e+07,1.667021e+03,4.005532e+05,1.116820e+07,1,85,N,N
7.198159e+02,1.361824e+05,2.505346e+06,7.580585e+02,1.277630e+05,9.971110e+05,7.363782e+02,1.404480e+05,2.052603e+06,7.372619e+02,1.224147e+05,8.484015e+05,2.176848e+03,1.209785e+06,6.625398e+07,1.707208e+03,4.208413e+05,7.149927e+06,1.701748e+03,4.215900e+05,6.833737e+06,0,89,N,N
7.393338e+02,1.449026e+05,3.221303e+06,7.781072e+02,1.387230e+05,8.751315e+05,7.125789e+02,1.345907e+05,3.283183e+06,7.536044e+02,1.261095e+05,5.702433e+05,2.194591e+03,1.217801e+06,9.547326e+07,1.767836e+03,4.374959e+05,6.786012e+06,1.765969e+03,4.161298e+05,6.300351e+06,2,56,N,N
7.578356e+02,1.521939e+05,3.553022e+06,7.364271e+02,1.171823e+05,9.606169e+05,7.539120e+02,1.483533e+05,2.941763e+06,7.138000e+02,1.148903e+05,6.146630e+05,2.274390e+03,1.289480e+06,7.310957e+07,1.840644e+03,4.512746e+05,9.826791e+06,1.784301e+03,4.381320e+05,7.822978e+06,1,79,N,N
7.255808e+02,1.396737e+05,2.962294e+06,7.496313e+02,1.344433e+05,1.021938e+06,7.093659e+02,1.313185e+05,2.713407e+06,7.114799e+02,1.193960e+05,8.080600e+05,2.133022e+03,1.163334e+06,7.450993e+07,1.673017e+03,4.153623e+05,7.525582e+06,1.688174e+03,3.981674e+05,6.824456e+06,0,69,N,N
7.298776e+02,1.409935e+05,2.854334e+06,7.316833e+02,1.340252e+05,1.374471e+06,6.867650e+02,1.220921e+05,2.004732e+06,7.204322e+02,1.265705e+05,9.966435e+05,2.008806e+03,1.045185e+06,7.648631e+07,1.605350e+03,4.055431e+05,1.052192e+07,1.608854e+03,3.820386e+05,8.375952e+06,2,96,N,N
7.642291e+02,1.535249e+05,3.483636e+06,7.490425e+02,1.333104e+05,1.520032e+06,7.342372e+02,1.441593e+05,3.833691e+06,7.066623e+02,1.154792e+05,7.914790e+05,2.115403e+03,1.105342e+06,8.498753e+07,1.778158e+03,4.428490e+05,1.291458e+07,1.715601e+03,4.049693e+05,1.005305e+07,0,87,N,N
7.379074e+02,1.393662e+05,2.113748e+06,7.501416e+02,1.218066e+05,8.331185e+05,7.377707e+02,1.408447e+05,1.966621e+06,7.516276e+02,1.227032e+05,5.255994e+05,2.194078e+03,1.204082e+06,8.621927e+07,1.796897e+03,4.366528e+05,8.348761e+06,1.784730e+03,4.416097e+05,7.513942e+06,0,21,N,N
7.368877e+02,1.409378e+05,2.229498e+06,7.491126e+02,1.358270e+05,9.451867e+05,7.159725e+02,1.300257e+05,1.838026e+06,7.570420e+02,1.336950e+05,9.148886e+05,2.179284e+03,1.220764e+06,7.826767e+07,1.699260e+03,4.266924e+05,8.237737e+06,1.724738e+03,4.256537e+05,7.069817e+06,0,46,N,N
7.244673e+02,1.384448e+05,2.680550e+06,7.613491e+02,1.311479e+05,1.001988e+06,7.194467e+02,1.343521e+05,2.004732e+06,7.384759e+02,1.227619e+05,7.976701e+05,2.169216e+03,1.200561e+06,6.759360e+07,1.703338e+03,4.224840e+05,7.173978e+06,1.697414e+03,4.152993e+05,6.338611e+06,1,89,N,N
7.410355e+02,1.436777e+05,2.598295e+06,7.598858e+02,1.362082e+05,9.128564e+05,7.115303e+02,1.305573e+05,2.002636e+06,7.313862e+02,1.229037e+05,5.656105e+05,2.182558e+03,1.212581e+06,7.194967e+07,1.729174e+03,4.359257e+05,7.575313e+06,1.707249e+03,4.101818e+05,5.858605e+06,1,60,N,N
7.085317e+02,1.299446e+05,2.172346e+06,7.570512e+02,1.425447e+05,1.843429e+06,6.170438e+02,1.022087e+05,2.211002e+06,6.905657e+02,1.135796e+05,1.032860e+06,1.946384e+03,9.624277e+05,7.304006e+07,1.617502e+03,4.057043e+05,1.375276e+07,1.567584e+03,3.413882e+05,8.695524e+06,1,37,N,N
7.857400e+02,1.583204e+05,2.034136e+06,7.552674e+02,1.165806e+05,5.864845e+05,7.324526e+02,1.374253e+05,1.658455e+06,7.460689e+02,1.076320e+05,3.739975e+05,2.174022e+03,1.201876e+06,7.986652e+07,1.765134e+03,4.611234e+05,1.266784e+07,1.752797e+03,4.276372e+05,8.928862e+06,1,76,N,N
7.774297e+02,1.575045e+05,2.582018e+06,7.850634e+02,1.304805e+05,7.624454e+05,7.651306e+02,1.516328e+05,2.028164e+06,7.840002e+02,1.254823e+05,4.648925e+05,2.232975e+03,1.279449e+06,1.060119e+08,1.803265e+03,4.910865e+05,1.377568e+07,1.823587e+03,4.845638e+05,1.030773e+07,3,67,N,N
7.273207e+02,1.387218e+05,2.725816e+06,7.507684e+02,1.370665e+05,1.784138e+06,7.007221e+02,1.291874e+05,2.530103e+06,7.146565e+02,1.198599e+05,1.149211e+06,2.079028e+03,1.085508e+06,8.345252e+07,1.716276e+03,4.237776e+05,1.131562e+07,1.688840e+03,3.917888e+05,8.308131e+06,0,44,N,N
7.597148e+02,1.501865e+05,2.752359e+06,7.823237e+02,1.373901e+05,8.860180e+05,7.474026e+02,1.441214e+05,2.615429e+06,7.638802e+02,1.312307e+05,7.843165e+05,2.309672e+03,1.365676e+06,8.097398e+07,1.782133e+03,4.637273e+05,7.226606e+06,1.803393e+03,4.574541e+05,6.673536e+06,1,101,N,N
7.450555e+02,1.430889e+05,2.636550e+06,7.730371e+02,1.439747e+05,1.007876e+06,7.234904e+02,1.337992e+05,2.433514e+06,7.409282e+02,1.295034e+05,5.925791e+05,2.216404e+03,1.252925e+06,6.847052e+07,1.745621e+03,4.339003e+05,6.986291e+06,1.700414e+03,4.115131e+05,6.626461e+06,1,74,N,N
7.303335e+02,1.361732e+05,2.502368e+06,7.801345e+02,1.452518e+05,9.359402e+05,7.139704e+02,1.307662e+05,2.419203e+06,7.499289e+02,1.317121e+05,5.757101e+05,2.223426e+03,1.258470e+06,6.813634e+07,1.754789e+03,4.305597e+05,6.765800e+06,1.714502e+03,4.188745e+05,7.095761e+06,2,74,N,N
6.915376e+02,1.278994e+05,2.885089e+06,7.817685e+02,1.522865e+05,1.573329e+06,6.430567e+02,1.102279e+05,2.481824e+06,7.448254e+02,1.319360e+05,1.096567e+06,2.098534e+03,1.130268e+06,7.860622e+07,1.667089e+03,4.259155e+05,1.116914e+07,1.657039e+03,3.855978e+05,8.440736e+06,1,25,N,N
6.932330e+02,1.272942e+05,2.749144e+06,7.256234e+02,1.309688e+05,1.628136e+06,6.789711e+02,1.221737e+05,2.493013e+06,6.891805e+02,1.160737e+05,1.155610e+06,1.889797e+03,9.184740e+05,8.234318e+07,1.577904e+03,3.810659e+05,1.145725e+07,1.549052e+03,3.557852e+05,9.225360e+06,3,94,N,N
6.961076e+02,1.286685e+05,2.810382e+06,7.583526e+02,1.324539e+05,1.310977e+06,6.928682e+02,1.263915e+05,2.288149e+06,7.314375e+02,1.258492e+05,1.106531e+06,2.072740e+03,1.100362e+06,6.717177e+07,1.665293e+03,3.962664e+05,9.295919e+06,1.618248e+03,3.937706e+05,9.817070e+06,1,68,N,N
7.129455e+02,1.353586e+05,3.019785e+06,7.188241e+02,1.258500e+05,7.928724e+05,6.677520e+02,1.176863e+05,2.382762e+06,6.833347e+02,1.111051e+05,5.462835e+05,1.989174e+03,1.003259e+06,7.702856e+07,1.631022e+03,3.894494e+05,8.170198e+06,1.606543e+03,3.607051e+05,6.643359e+06,3,58,N,N
7.000938e+02,1.281670e+05,2.090608e+06,7.812562e+02,1.448508e+05,1.071889e+06,6.791856e+02,1.188357e+05,1.763250e+06,7.543534e+02,1.321713e+05,7.828319e+05,2.188761e+03,1.215938e+06,7.147223e+07,1.703838e+03,4.159080e+05,6.799239e+06,1.728392e+03,3.995613e+05,5.017573e+06,0,31,N,N
7.157366e+02,1.351861e+05,2.630887e+06,7.676426e+02,1.375457e+05,7.493516e+05,6.981918e+02,1.282117e+05,2.509816e+06,7.576457e+02,1.304146e+05,4.646578e+05,2.132273e+03,1.147525e+06,7.894071e+07,1.720196e+03,4.167262e+05,7.721224e+06,1.719116e+03,4.124456e+05,6.399177e+06,3,52,N,N
7.743939e+02,1.552424e+05,2.745703e+06,7.414546e+02,1.362711e+05,2.254047e+06,7.083803e+02,1.316976e+05,2.528480e+06,7.230295e+02,1.230925e+05,9.724409e+05,2.068948e+03,1.062549e+06,8.894705e+07,1.725479e+03,4.345671e+05,1.247000e+07,1.697123e+03,3.955808e+05,7.595520e+06,0,33,N,N
7.538625e+02,1.497313e+05,3.167866e+06,7.427965e+02,1.265727e+05,9.807241e+05,7.130255e+02,1.333571e+05,2.767732e+06,7.350515e+02,1.199543e+05,5.759334e+05,2.178089e+03,1.210779e+06,8.148595e+07,1.734887e+03,4.296731e+05,6.803861e+06,1.703362e+03,3.999255e+05,5.893031e+06,2,90,N,N
7.386913e+02,1.400164e+05,2.940617e+06,6.863616e+02,1.127954e+05,1.662258e+06,6.930894e+02,1.242980e+05,2.186282e+06,6.579160e+02,1.043950e+05,1.312476e+06,1.931957e+03,9.475850e+05,7.972060e+07,1.603287e+03,3.889489e+05,1.174411e+07,1.568370e+03,3.559023e+05,8.307844e+06,1,42,N,N
7.305628e+02,1.383573e+05,2.384891e+06,7.108102e+02,1.017143e+05,5.677914e+05,7.099753e+02,1.305779e+05,2.150504e+06,6.963135e+02,1.000327e+05,4.123964e+05,2.041432e+03,1.038680e+06,7.824098e+07,1.705206e+03,4.029436e+05,8.716826e+06,1.666747e+03,3.841057e+05,7.500485e+06,1,50,N,N
6.902719e+02,1.258270e+05,2.490717e+06,7.536695e+02,1.413589e+05,9.900602e+05,6.448452e+02,1.087850e+05,1.852776e+06,7.377859e+02,1.321188e+05,8.895097e+05,2.053920e+03,1.084049e+06,7.411956e+07,1.650448e+03,4.026678e+05,9.569744e+06,1.610566e+03,3.741449e+05,8.149430e+06,1,102,N,N
7.634570e+02,1.548670e+05,3.926115e+06,8.046704e+02,1.422331e+05,1.055260e+06,7.245970e+02,1.378203e+05,3.502500e+06,7.627268e+02,1.301340e+05,6.310964e+05,2.324868e+03,1.351035e+06,1.011289e+08,1.896251e+03,4.810428e+05,1.038501e+07,1.848616e+03,4.525479e+05,8.681958e+06,3,73,N,N
6.959290e+02,1.296752e+05,2.990681e+06,7.625998e+02,1.427436e+05,1.747648e+06,6.786163e+02,1.223824e+05,2.536904e+06,7.410735e+02,1.331024e+05,1.350764e+06,1.990090e+03,9.952082e+05,7.304937e+07,1.646519e+03,3.909955e+05,9.692912e+06,1.630293e+03,3.786551e+05,8.001793e+06,2,77,N,N
7.320333e+02,1.419100e+05,3.103826e+06,7.763450e+02,1.394416e+05,1.588302e+06,6.973963e+02,1.282978e+05,3.044681e+06,7.436272e+02,1.237136e+05,9.133493e+05,2.187195e+03,1.199652e+06,9.227785e+07,1.769135e+03,4.285232e+05,7.101211e+06,1.752967e+03,4.051420e+05,6.472805e+06,3,65,N,N
7.134978e+02,1.349263e+05,2.904085e+06,7.433199e+02,1.310810e+05,1.037457e+06,6.821275e+02,1.208209e+05,1.939987e+06,7.359178e+02,1.297463e+05,9.774507e+05,2.097421e+03,1.106755e+06,6.518857e+07,1.698623e+03,4.050374e+05,8.265285e+06,1.665064e+03,3.879635e+05,6.579582e+06,0,57,N,N
7.349733e+02,1.456585e+05,4.154413e+06,7.499591e+02,1.376053e+05,1.547172e+06,6.902752e+02,1.292326e+05,3.864106e+06,6.937055e+02,1.101496e+05,8.812062e+05,2.036602e+03,1.043543e+06,8.100133e+07,1.665384e+03,4.185715e+05,1.309997e+07,1.679406e+03,3.825423e+05,9.800872e+06,1,51,N,N
7.270110e+02,1.412832e+05,3.782750e+06,7.500358e+02,1.358719e+05,1.491573e+06,6.806108e+02,1.259893e+05,3.629121e+06,7.055417e+02,1.118805e+05,8.278400e+05,2.033969e+03,1.036383e+06,8.053132e+07,1.675928e+03,4.186037e+05,1.279899e+07,1.682020e+03,3.829326e+05,9.416975e+06,3,51,N,N
6.826313e+02,1.260500e+05,3.258812e+06,7.340003e+02,1.301357e+05,1.505418e+06,6.716730e+02,1.207953e+05,2.648989e+06,7.050881e+02,1.195492e+05,1.388318e+06,1.972467e+03,9.812036e+05,7.606107e+07,1.627494e+03,3.787705e+05,9.116389e+06,1.613511e+03,3.689621e+05,8.110319e+06,0,66,N,N
7.418923e+02,1.440458e+05,2.530308e+06,7.602330e+02,1.356625e+05,8.444941e+05,7.115063e+02,1.303750e+05,2.036303e+06,7.453951e+02,1.268905e+05,5.891257e+05,2.201922e+03,1.230059e+06,7.217860e+07,1.732195e+03,4.378943e+05,7.591136e+06,1.743077e+03,4.218698e+05,6.424339e+06,0,60,N,N
7.015186e+02,1.284881e+05,2.077418e+06,7.603908e+02,1.426198e+05,1.272430e+06,6.727775e+02,1.169304e+05,1.843511e+06,7.270795e+02,1.275636e+05,9.385115e+05,2.156617e+03,1.195049e+06,7.654073e+07,1.688790e+03,4.151783e+05,8.535729e+06,1.667257e+03,3.956916e+05,7.781887e+06,2,12,N,N
6.875910e+02,1.273960e+05,3.180416e+06,7.436998e+02,1.369836e+05,1.693897e+06,6.428749e+02,1.110644e+05,2.456948e+06,7.317669e+02,1.267697e+05,1.494529e+06,1.984455e+03,9.999236e+05,7.766026e+07,1.620629e+03,3.886333e+05,9.710060e+06,1.618524e+03,3.651417e+05,7.635711e+06,1,66,N,N
7.489917e+02,1.464601e+05,2.733946e+06,7.665207e+02,1.310279e+05,8.030486e+05,7.491440e+02,1.456596e+05,2.845496e+06,7.529869e+02,1.251132e+05,6.411555e+05,2.273477e+03,1.327629e+06,7.991204e+07,1.748608e+03,4.366578e+05,6.088098e+06,1.764780e+03,4.382152e+05,5.614086e+06,2,95,N,N
7.447795e+02,1.430222e+05,2.380516e+06,7.372689e+02,1.301346e+05,1.612010e+06,6.965517e+02,1.267848e+05,2.418404e+06,7.060628e+02,1.150008e+05,1.178825e+06,2.064033e+03,1.064271e+06,8.148970e+07,1.705142e+03,4.213465e+05,1.064758e+07,1.698051e+03,3.849373e+05,8.040568e+06,1,44,N,N
7.500543e+02,1.493402e+05,3.772137e+06,7.573498e+02,1.374747e+05,1.818444e+06,7.046196e+02,1.319270e+05,3.585055e+06,7.129079e+02,1.200387e+05,1.192935e+06,2.133717e+03,1.116268e+06,8.512060e+07,1.786222e+03,4.392180e+05,1.227836e+07,1.743852e+03,3.945866e+05,9.594326e+06,3,87,N,N
7.235371e+02,1.367249e+05,2.153797e+06,7.736271e+02,1.476133e+05,1.220394e+06,6.591467e+02,1.130680e+05,2.038619e+06,7.132558e+02,1.202003e+05,6.685918e+05,2.074855e+03,1.103222e+06,7.466775e+07,1.669124e+03,4.242600e+05,9.818920e+06,1.631455e+03,3.703487e+05,7.018275e+06,1,71,N,N
7.404193e+02,1.395687e+05,2.178985e+06,7.709197e+02,1.418025e+05,8.956527e+05,7.214002e+02,1.314792e+05,2.053049e+06,7.558200e+02,1.346236e+05,7.418345e+05,2.295248e+03,1.357151e+06,6.399909e+07,1.728635e+03,4.509927e+05,8.311777e+06,1.720540e+03,4.332823e+05,7.361805e+06,2,86,N,N
7.142207e+02,1.331562e+05,2.429619e+06,7.407936e+02,1.369991e+05,1.743553e+06,6.539311e+02,1.142529e+05,2.533452e+06,6.943033e+02,1.150460e+05,1.038645e+06,1.958523e+03,9.786142e+05,7.439135e+07,1.618119e+03,4.040949e+05,1.325106e+07,1.578017e+03,3.564835e+05,9.395835e+06,0,37,N,N
7.295908e+02,1.400920e+05,2.777940e+06,7.412162e+02,1.336819e+05,1.272618e+06,6.832760e+02,1.231360e+05,2.479335e+06,7.084359e+02,1.183792e+05,1.050654e+06,2.116547e+03,1.131907e+06,7.120970e+07,1.706729e+03,4.217696e+05,1.031908e+07,1.674632e+03,3.864178e+05,8.155886e+06,1,41,N,N
7.030918e+02,1.289274e+05,2.002296e+06,7.646056e+02,1.356578e+05,8.729552e+05,6.924238e+02,1.247757e+05,2.110086e+06,7.274285e+02,1.210733e+05,5.217638e+05,2.115609e+03,1.129265e+06,7.700383e+07,1.709302e+03,4.059565e+05,6.101500e+06,1.699654e+03,3.985928e+05,5.475085e+06,3,82,N,N
7.365446e+02,1.418441e+05,2.593586e+06,7.609596e+02,1.295376e+05,1.118249e+06,7.294018e+02,1.374441e+05,2.033102e+06,7.399672e+02,1.217756e+05,8.491085e+05,2.180023e+03,1.212596e+06,6.607916e+07,1.708659e+03,4.302321e+05,7.388049e+06,1.710027e+03,4.167972e+05,6.291126e+06,2,89,N,N
7.363755e+02,1.403242e+05,2.364884e+06,7.021009e+02,1.005515e+05,5.592769e+05,7.173753e+02,1.336989e+05,2.119000e+06,6.939963e+02,9.666924e+04,3.100655e+05,2.049661e+03,1.042121e+06,7.848408e+07,1.711086e+03,4.017773e+05,8.808100e+06,1.691374e+03,3.915793e+05,7.138978e+06,0,50,N,N
7.497748e+02,1.460197e+05,2.662079e+06,7.667578e+02,1.315024e+05,7.990248e+05,7.439925e+02,1.435428e+05,2.546928e+06,7.411970e+02,1.252670e+05,6.860463e+05,2.285699e+03,1.329096e+06,7.662032e+07,1.793291e+03,4.507417e+05,7.191515e+06,1.776393e+03,4.442728e+05,6.727395e+06,2,101,N,N
7.039024e+02,1.276820e+05,2.481645e+06,7.849916e+02,1.457348e+05,1.128255e+06,6.749360e+02,1.183357e+05,2.431151e+06,7.892505e+02,1.471444e+05,1.092370e+06,2.258625e+03,1.280950e+06,7.287059e+07,1.796181e+03,4.351105e+05,7.051887e+06,1.775592e+03,4.238614e+05,7.073242e+06,0,29,N,N
7.303256e+02,1.380761e+05,2.780048e+06,7.221776e+02,1.139302e+05,7.574183e+05,7.147775e+02,1.299969e+05,1.938585e+06,7.328757e+02,1.187769e+05,7.393393e+05,2.012779e+03,1.031639e+06,8.625251e+07,1.673874e+03,4.055895e+05,1.101087e+07,1.634181e+03,3.979630e+05,9.819899e+06,0,81,N,N
7.340717e+02,1.422217e+05,2.973729e+06,7.415966e+02,1.265565e+05,1.610424e+06,7.355900e+02,1.441190e+05,3.398642e+06,7.240399e+02,1.215831e+05,1.228611e+06,2.117626e+03,1.109985e+06,1.009189e+08,1.780317e+03,4.231672e+05,8.001572e+06,1.721982e+03,4.169147e+05,8.141346e+06,1,97,N,N
7.818775e+02,1.593893e+05,2.614852e+06,7.991763e+02,1.330701e+05,7.828998e+05,7.648751e+02,1.511893e+05,2.073268e+06,7.861962e+02,1.261909e+05,4.269739e+05,2.253997e+03,1.304128e+06,1.090794e+08,1.845151e+03,5.081458e+05,1.465944e+07,1.811652e+03,4.865198e+05,1.089774e+07,1,67,N,N
6.768231e+02,1.217791e+05,2.780807e+06,7.376789e+02,1.333105e+05,1.208938e+06,6.377606e+02,1.080302e+05,2.127716e+06,7.293171e+02,1.260698e+05,9.395929e+05,1.999636e+03,9.838927e+05,7.758886e+07,1.689733e+03,3.781058e+05,8.282259e+06,1.637260e+03,3.621582e+05,7.176107e+06,0,78,N,N
6.894950e+02,1.250285e+05,2.785563e+06,7.139371e+02,1.258653e+05,1.217236e+06,6.615796e+02,1.164794e+05,2.446188e+06,6.995274e+02,1.171207e+05,7.917145e+05,1.987011e+03,9.714513e+05,7.757033e+07,1.670908e+03,3.774480e+05,8.486612e+06,1.628725e+03,3.584071e+05,6.978103e+06,2,78,N,N
7.635319e+02,1.551899e+05,3.649690e+06,7.860825e+02,1.454961e+05,1.265788e+06,7.132805e+02,1.347608e+05,3.277806e+06,7.733122e+02,1.308489e+05,7.156568e+05,2.279829e+03,1.301657e+06,9.725716e+07,1.842673e+03,4.816238e+05,1.027779e+07,1.835867e+03,4.475949e+05,8.280179e+06,2,47,N,N
7.402613e+02,1.442711e+05,2.794549e+06,7.445634e+02,1.302089e+05,8.005188e+05,7.137301e+02,1.317614e+05,2.328497e+06,7.224615e+02,1.229051e+05,5.972915e+05,2.141335e+03,1.168476e+06,7.173411e+07,1.693438e+03,4.242442e+05,8.495011e+06,1.696136e+03,4.056673e+05,6.559053e+06,2,63,N,N
7.414508e+02,1.471989e+05,3.601276e+06,7.273971e+02,1.314894e+05,2.211818e+06,6.955722e+02,1.291623e+05,3.253998e+06,7.015228e+02,1.201036e+05,1.505760e+06,2.170882e+03,1.204715e+06,8.350196e+07,1.706542e+03,4.316596e+05,1.245501e+07,1.692757e+03,3.978903e+05,8.749595e+06,0,72,N,N
7.133208e+02,1.370676e+05,3.736324e+06,7.934661e+02,1.576188e+05,2.354361e+06,6.900410e+02,1.279538e+05,3.115075e+06,7.532897e+02,1.368698e+05,1.770503e+06,2.007335e+03,1.004016e+06,9.252328e+07,1.687372e+03,4.280430e+05,1.494757e+07,1.702565e+03,4.026178e+05,1.098393e+07,0,9,N,N
7.191551e+02,1.401929e+05,3.955762e+06,7.598394e+02,1.361012e+05,1.567434e+06,7.185534e+02,1.387358e+05,3.505565e+06,7.238655e+02,1.264712e+05,1.324053e+06,2.084700e+03,1.108601e+06,9.381134e+07,1.720535e+03,4.206665e+05,1.092682e+07,1.653506e+03,4.048750e+05,9.331421e+06,3,85,N,N
7.786039e+02,1.570360e+05,2.894650e+06,7.751282e+02,1.371963e+05,9.736642e+05,7.373517e+02,1.414138e+05,2.642936e+06,7.646338e+02,1.265589e+05,5.350128e+05,2.248872e+03,1.268066e+06,8.759686e+07,1.845006e+03,4.702264e+05,8.287280e+06,1.803420e+03,4.453222e+05,7.122400e+06,2,70,N,N
7.578600e+02,1.496652e+05,2.855465e+06,7.523764e+02,1.226614e+05,5.926438e+05,7.185750e+02,1.353382e+05,2.425068e+06,7.364649e+02,1.177685e+05,2.790948e+05,2.129390e+03,1.149525e+06,9.806974e+07,1.786022e+03,4.593847e+05,1.325447e+07,1.714040e+03,4.273789e+05,1.000306e+07,2,59,N,N
6.982987e+02,1.278507e+05,2.196292e+06,7.394010e+02,1.348078e+05,1.248762e+06,6.696697e+02,1.162917e+05,1.951826e+06,7.254929e+02,1.273880e+05,9.557989e+05,2.139060e+03,1.165269e+06,7.380547e+07,1.664986e+03,4.044546e+05,8.723360e+06,1.691425e+03,3.906771e+05,7.857721e+06,1,12,N,N
7.092340e+02,1.331695e+05,2.667800e+06,7.849998e+02,1.540647e+05,1.786791e+06,6.535054e+02,1.117648e+05,2.086860e+06,7.164359e+02,1.230245e+05,1.058609e+06,2.062344e+03,1.075196e+06,6.646033e+07,1.663830e+03,4.087395e+05,8.652296e+06,1.618002e+03,3.569341e+05,5.974013e+06,3,83,N,N
7.191455e+02,1.366512e+05,2.812927e+06,7.537212e+02,1.354852e+05,1.265366e+06,7.137711e+02,1.345995e+05,2.851657e+06,7.229323e+02,1.260125e+05,1.233638e+06,2.149187e+03,1.182443e+06,6.903230e+07,1.688444e+03,4.057773e+05,6.363850e+06,1.643923e+03,3.950866e+05,6.652879e+06,0,62,N,N
7.153389e+02,1.358483e+05,3.412857e+06,7.474742e+02,1.359122e+05,1.461898e+06,6.728483e+02,1.209584e+05,2.819595e+06,7.225880e+02,1.256945e+05,1.065841e+06,1.985873e+03,9.598491e+05,8.587241e+07,1.709385e+03,3.973953e+05,9.409255e+06,1.652762e+03,3.657303e+05,7.650225e+06,3,64,N,N
7.238735e+02,1.382009e+05,2.752037e+06,7.564511e+02,1.338865e+05,9.677841e+05,6.672718e+02,1.175595e+05,2.412022e+06,7.217742e+02,1.196332e+05,7.510811e+05,2.138048e+03,1.151129e+06,7.136700e+07,1.729945e+03,4.214420e+05,8.233796e+06,1.678104e+03,3.821829e+05,6.583710e+06,2,69,N,N
7.597564e+02,1.539475e+05,3.673931e+06,7.823558e+02,1.403473e+05,1.256601e+06,7.189768e+02,1.355729e+05,3.249828e+06,7.458054e+02,1.221448e+05,6.527590e+05,2.245627e+03,1.267037e+06,9.270217e+07,1.820983e+03,4.706702e+05,1.009213e+07,1.797510e+03,4.360391e+05,7.838593e+06,1,47,N,N
7.199460e+02,1.404818e+05,3.998963e+06,7.513390e+02,1.454641e+05,2.056420e+06,6.180860e+02,1.055807e+05,3.160585e+06,6.806396e+02,1.133498e+05,1.309713e+06,1.932523e+03,9.320246e+05,7.905002e+07,1.644771e+03,4.099899e+05,1.232994e+07,1.569749e+03,3.326156e+05,8.471374e+06,1,75,N,N
7.301264e+02,1.396956e+05,2.620927e+06,7.258657e+02,1.162295e+05,4.684193e+05,7.251330e+02,1.377304e+05,2.453612e+06,7.169193e+02,1.084955e+05,2.640299e+05,2.079634e+03,1.098547e+06,9.061090e+07,1.719210e+03,4.242609e+05,1.147252e+07,1.697966e+03,4.207305e+05,9.936734e+06,1,59,N,N
6.774346e+02,1.193601e+05,1.874363e+06,7.643679e+02,1.423899e+05,1.405929e+06,6.534386e+02,1.115369e+05,1.851900e+06,7.339292e+02,1.315727e+05,1.119348e+06,2.147874e+03,1.174026e+06,7.430716e+07,1.716111e+03,4.141600e+05,8.257414e+06,1.657599e+03,3.840712e+05,7.839013e+06,0,12,N,N
7.586736e+02,1.490101e+05,2.489586e+06,7.768958e+02,1.339240e+05,1.249197e+06,7.159735e+02,1.330968e+05,2.028400e+06,7.362110e+02,1.173273e+05,6.318833e+05,2.130011e+03,1.153906e+06,8.013297e+07,1.739792e+03,4.598431e+05,1.504884e+07,1.704498e+03,4.153349e+05,1.096216e+07,0,40,N,N
6.987779e+02,1.323696e+05,3.667329e+06,7.584245e+02,1.442813e+05,1.842013e+06,6.643644e+02,1.190739e+05,3.137436e+06,7.226767e+02,1.290740e+05,1.237108e+06,1.995658e+03,9.952960e+05,8.999793e+07,1.652882e+03,3.976955e+05,9.929246e+06,1.658251e+03,3.720542e+05,8.137132e+06,0,64,N,N
6.783484e+02,1.244249e+05,3.191736e+06,7.294413e+02,1.322959e+05,1.577873e+06,6.625786e+02,1.176818e+05,2.626357e+06,7.047236e+02,1.216267e+05,1.427716e+06,1.964212e+03,9.734818e+05,7.600616e+07,1.613492e+03,3.723877e+05,8.902082e+06,1.605690e+03,3.646376e+05,7.773518e+06,3,66,N,N
7.366832e+02,1.445574e+05,3.325266e+06,7.281744e+02,1.299253e+05,1.714070e+06,7.081017e+02,1.334642e+05,2.898289e+06,6.963541e+02,1.169286e+05,1.293505e+06,2.122081e+03,1.159586e+06,7.728633e+07,1.695777e+03,4.238527e+05,1.186728e+07,1.627769e+03,3.945372e+05,9.558825e+06,1,72,N,N
7.661378e+02,1.537799e+05,3.210291e+06,7.303095e+02,1.282424e+05,1.390440e+06,7.060851e+02,1.310838e+05,2.889648e+06,6.826734e+02,1.056317e+05,7.473823e+05,2.051336e+03,1.044622e+06,7.887265e+07,1.702578e+03,4.184809e+05,1.073069e+07,1.687459e+03,3.747990e+05,7.194719e+06,0,4,N,N
7.272322e+02,1.368330e+05,2.395487e+06,7.261663e+02,1.136997e+05,8.718268e+05,7.140359e+02,1.327065e+05,2.145936e+06,6.994953e+02,1.080920e+05,5.160781e+05,2.037187e+03,1.029329e+06,7.865197e+07,1.728476e+03,4.030650e+05,8.989619e+06,1.654857e+03,3.869585e+05,7.547576e+06,2,50,N,N
7.056341e+02,1.327743e+05,3.645696e+06,7.433391e+02,1.168999e+05,9.134457e+05,7.097776e+02,1.313062e+05,1.977917e+06,7.739043e+02,1.371233e+05,1.074829e+06,2.136324e+03,1.138118e+06,7.257466e+07,1.774954e+03,4.062012e+05,8.052509e+06,1.716000e+03,4.184739e+05,8.498629e+06,0,61,N,N
7.604583e+02,1.506068e+05,2.687233e+06,7.728800e+02,1.383954e+05,9.115949e+05,7.137462e+02,1.311316e+05,2.075889e+06,7.360345e+02,1.223498e+05,5.678695e+05,2.205996e+03,1.225927e+06,7.200353e+07,1.774686e+03,4.494856e+05,8.040542e+06,1.744457e+03,4.160191e+05,6.254308e+06,3,60,N,N
6.798356e+02,1.268177e+05,3.944960e+06,7.469438e+02,1.445056e+05,2.334209e+06,5.995205e+02,9.969872e+04,2.926585e+06,6.768449e+02,1.144232e+05,1.410380e+06,1.930847e+03,9.271812e+05,7.704060e+07,1.637069e+03,3.908600e+05,1.203190e+07,1.553122e+03,3.273426e+05,8.028230e+06,3,75,N,N
6.966088e+02,1.290051e+05,2.738599e+06,7.655307e+02,1.389355e+05,1.319617e+06,6.922000e+02,1.267066e+05,2.763957e+06,7.405538e+02,1.287589e+05,1.137097e+06,2.133924e+03,1.161500e+06,6.759581e+07,1.670732e+03,3.965904e+05,6.350682e+06,1.659280e+03,3.920418e+05,6.361975e+06,1,62,N,N
7.292551e+02,1.408219e+05,3.018780e+06,8.423152e+02,1.443033e+05,1.080516e+06,7.121369e+02,1.360374e+05,3.332730e+06,7.987165e+02,1.278600e+05,4.791022e+05,2.303620e+03,1.328813e+06,1.013177e+08,1.873016e+03,4.690093e+05,7.949061e+06,1.813054e+03,4.429393e+05,7.003792e+06,2,80,N,N
6.956772e+02,1.289303e+05,2.989935e+06,7.638605e+02,1.474055e+05,2.142227e+06,6.757071e+02,1.214598e+05,2.494568e+06,7.503075e+02,1.420787e+05,1.624525e+06,1.965815e+03,9.841252e+05,8.428270e+07,1.639971e+03,3.964361e+05,1.184579e+07,1.598532e+03,3.836388e+05,9.513632e+06,0,91,N,N
7.599128e+02,1.501092e+05,2.832794e+06,7.800364e+02,1.339854e+05,1.003364e+06,7.514644e+02,1.459437e+05,2.803245e+06,7.633351e+02,1.298900e+05,7.928023e+05,2.296965e+03,1.355192e+06,8.575363e+07,1.783183e+03,4.548413e+05,6.426972e+06,1.778406e+03,4.474497e+05,5.824318e+06,1,95,N,N
7.337864e+02,1.403952e+05,2.293234e+06,8.169250e+02,1.498965e+05,1.167447e+06,7.322725e+02,1.369674e+05,2.312131e+06,7.689339e+02,1.270200e+05,5.730132e+05,2.278437e+03,1.314867e+06,8.608226e+07,1.836298e+03,4.657313e+05,6.547050e+06,1.787763e+03,4.412173e+05,5.761856e+06,1,103,N,N
7.260965e+02,1.387711e+05,2.618551e+06,7.491864e+02,1.260739e+05,8.450644e+05,7.101889e+02,1.316430e+05,2.069974e+06,7.473165e+02,1.251185e+05,7.755787e+05,2.113243e+03,1.147712e+06,7.229827e+07,1.705144e+03,4.197859e+05,1.013925e+07,1.645608e+03,4.138562e+05,1.002505e+07,0,68,N,N
7.374556e+02,1.418813e+05,2.650964e+06,7.627339e+02,1.352668e+05,1.118209e+06,7.283939e+02,1.379422e+05,2.245672e+06,7.653624e+02,1.351577e+05,8.437764e+05,2.215389e+03,1.249074e+06,7.508874e+07,1.756358e+03,4.396695e+05,8.639213e+06,1.740839e+03,4.368274e+05,7.280754e+06,2,104,N,N
7.088088e+02,1.327667e+05,2.588897e+06,7.775045e+02,1.430128e+05,9.637270e+05,6.789203e+02,1.215905e+05,2.503240e+06,7.436334e+02,1.270049e+05,6.116100e+05,2.120759e+03,1.140529e+06,7.627790e+07,1.700644e+03,4.187710e+05,7.751709e+06,1.695947e+03,3.975941e+05,6.237471e+06,2,52,N,N
7.323896e+02,1.414450e+05,2.726081e+06,7.528127e+02,1.277840e+05,1.055338e+06,7.217125e+02,1.351697e+05,2.013308e+06,7.431013e+02,1.217755e+05,8.125699e+05,2.171415e+03,1.203343e+06,6.684246e+07,1.694105e+03,4.211003e+05,7.487858e+06,1.705835e+03,4.130134e+05,6.292994e+06,3,89,N,N
7.510092e+02,1.487259e+05,3.268555e+06,7.575230e+02,1.318442e+05,1.255349e+06,7.054290e+02,1.314048e+05,3.293003e+06,6.831549e+02,1.119643e+05,8.780615e+05,2.194257e+03,1.201530e+06,8.999501e+07,1.818944e+03,4.505082e+05,9.739380e+06,1.722481e+03,3.993625e+05,8.308959e+06,0,30,N,N
7.214580e+02,1.367024e+05,2.543025e+06,7.911818e+02,1.450171e+05,1.340307e+06,7.018665e+02,1.281949e+05,2.058463e+06,7.627626e+02,1.366473e+05,8.950697e+05,2.201990e+03,1.233309e+06,7.454039e+07,1.757599e+03,4.448152e+05,9.114326e+06,1.720349e+03,4.270312e+05,7.145994e+06,3,104,N,N
7.092302e+02,1.322947e+05,2.666314e+06,7.345286e+02,1.278740e+05,1.050726e+06,7.064090e+02,1.317644e+05,2.580577e+06,7.363950e+02,1.267466e+05,8.135353e+05,2.131728e+03,1.146507e+06,7.898764e+07,1.725022e+03,4.076627e+05,8.199359e+06,1.695098e+03,4.039777e+05,7.499962e+06,0,45,N,N
7.552909e+02,1.489683e+05,2.722585e+06,7.744668e+02,1.358797e+05,7.882493e+05,7.401274e+02,1.418746e+05,2.430955e+06,7.558739e+02,1.267537e+05,4.955945e+05,2.264098e+03,1.302830e+06,9.203407e+07,1.813607e+03,4.688297e+05,8.432450e+06,1.804870e+03,4.549975e+05,7.585064e+06,1,70,N,N
7.118262e+02,1.389683e+05,4.389399e+06,8.211060e+02,1.507519e+05,1.834691e+06,6.981938e+02,1.317917e+05,3.548700e+06,7.810284e+02,1.376640e+05,1.308981e+06,2.229205e+03,1.265775e+06,9.339964e+07,1.795340e+03,4.537477e+05,1.050183e+07,1.747166e+03,4.260758e+05,8.313582e+06,1,99,N,N
7.357171e+02,1.455925e+05,4.570134e+06,8.277869e+02,1.515896e+05,1.645455e+06,7.129228e+02,1.362600e+05,3.859527e+06,8.298578e+02,1.497827e+05,1.391331e+06,2.342719e+03,1.394218e+06,1.017875e+08,1.870124e+03,4.914367e+05,1.231987e+07,1.850173e+03,4.678452e+05,1.021937e+07,2,98,N,N
7.130077e+02,1.351288e+05,3.284397e+06,7.441516e+02,1.235859e+05,9.581397e+05,7.109271e+02,1.326684e+05,3.041017e+06,7.411473e+02,1.245612e+05,8.657400e+05,2.069920e+03,1.065660e+06,8.772132e+07,1.746839e+03,4.131205e+05,1.121462e+07,1.685160e+03,4.114074e+05,1.126301e+07,0,19,N,N
7.353342e+02,1.432569e+05,2.986406e+06,7.236187e+02,1.257469e+05,9.586470e+05,7.078580e+02,1.315648e+05,2.646963e+06,7.175049e+02,1.188944e+05,6.735251e+05,2.108914e+03,1.129998e+06,7.368063e+07,1.682131e+03,4.117962e+05,8.089632e+06,1.673747e+03,3.940280e+05,6.689474e+06,3,69,N,N
6.994251e+02,1.325350e+05,3.558432e+06,7.599725e+02,1.438256e+05,2.093969e+06,7.094327e+02,1.340880e+05,2.910964e+06,7.447144e+02,1.389300e+05,1.724077e+06,2.073426e+03,1.093338e+06,9.776695e+07,1.710945e+03,4.246501e+05,1.211239e+07,1.684597e+03,4.169593e+05,9.772050e+06,0,24,N,N
7.863059e+02,1.612982e+05,2.791479e+06,7.494550e+02,1.317841e+05,7.154227e+05,7.329497e+02,1.395366e+05,2.474150e+06,7.575450e+02,1.292455e+05,5.664633e+05,2.251008e+03,1.295316e+06,9.433497e+07,1.772061e+03,4.667264e+05,7.969078e+06,1.810989e+03,4.516220e+05,7.686411e+06,3,70,N,N
7.433133e+02,1.440200e+05,2.654023e+06,7.558692e+02,1.372778e+05,1.223018e+06,7.434111e+02,1.404476e+05,2.406106e+06,7.223812e+02,1.231263e+05,7.800957e+05,2.231191e+03,1.269452e+06,6.743701e+07,1.730261e+03,4.285303e+05,6.981934e+06,1.727189e+03,4.263869e+05,6.071741e+06,2,100,N,N
7.474324e+02,1.448586e+05,2.393098e+06,8.045880e+02,1.418551e+05,9.823067e+05,7.253302e+02,1.354693e+05,2.239582e+06,7.553504e+02,1.250093e+05,5.485437e+05,2.258731e+03,1.288269e+06,8.435114e+07,1.827683e+03,4.621612e+05,6.327567e+06,1.785076e+03,4.305644e+05,5.392317e+06,3,103,N,N
7.238646e+02,1.401176e+05,3.374855e+06,7.220862e+02,1.250501e+05,1.414138e+06,6.909473e+02,1.280027e+05,3.122757e+06,6.993572e+02,1.164200e+05,1.014434e+06,2.073068e+03,1.082439e+06,8.404923e+07,1.692096e+03,4.092977e+05,9.770491e+06,1.674370e+03,3.861516e+05,7.798436e+06,0,93,N,N
7.157898e+02,1.339834e+05,2.234695e+06,7.645905e+02,1.421315e+05,1.211806e+06,6.819156e+02,1.209019e+05,2.225625e+06,7.215608e+02,1.242883e+05,7.233656e+05,2.073459e+03,1.100685e+06,7.648109e+07,1.652020e+03,4.118284e+05,8.961152e+06,1.658549e+03,3.855772e+05,7.217639e+06,3,71,N,N
6.974683e+02,1.288892e+05,2.511629e+06,7.406979e+02,1.362280e+05,1.190938e+06,6.334347e+02,1.068513e+05,2.039667e+06,6.985486e+02,1.181939e+05,7.402031e+05,1.921574e+03,9.445304e+05,7.122152e+07,1.581699e+03,3.809775e+05,9.690012e+06,1.536949e+03,3.440626e+05,7.362806e+06,3,53,N,N
7.483185e+02,1.421930e+05,2.873149e+06,6.965165e+02,1.184255e+05,1.070931e+06,7.032051e+02,1.278319e+05,1.934514e+06,6.775992e+02,1.099877e+05,9.385320e+05,1.873988e+03,9.096898e+05,8.040987e+07,1.573443e+03,4.013124e+05,1.576284e+07,1.545397e+03,3.759525e+05,1.426344e+07,3,54,N,N
7.448312e+02,1.446230e+05,2.609245e+06,7.752570e+02,1.430988e+05,1.311366e+06,7.245303e+02,1.350933e+05,2.385722e+06,7.377817e+02,1.285076e+05,8.420593e+05,2.215778e+03,1.258529e+06,6.905137e+07,1.720950e+03,4.319576e+05,6.972626e+06,1.701333e+03,4.167493e+05,6.204371e+06,3,100,N,N
6.873756e+02,1.261471e+05,2.845285e+06,7.614772e+02,1.424390e+05,1.792537e+06,6.829999e+02,1.240736e+05,2.612201e+06,7.340292e+02,1.288849e+05,1.247947e+06,2.011200e+03,1.009273e+06,7.255554e+07,1.668823e+03,3.861379e+05,9.111123e+06,1.639887e+03,3.800499e+05,7.539724e+06,0,77,N,N
7.101271e+02,1.311227e+05,2.061046e+06,7.289945e+02,1.284417e+05,1.036260e+06,6.902199e+02,1.239997e+05,2.182254e+06,7.143799e+02,1.211677e+05,6.694591e+05,2.071880e+03,1.091038e+06,7.668488e+07,1.669409e+03,4.037366e+05,9.114937e+06,1.667412e+03,3.912356e+05,7.838281e+06,2,48,N,N
7.149536e+02,1.316158e+05,2.333718e+06,7.733153e+02,1.422115e+05,9.471386e+05,7.016352e+02,1.263880e+05,2.204576e+06,7.397068e+02,1.310168e+05,6.363391e+05,2.212359e+03,1.246501e+06,6.647400e+07,1.742873e+03,4.271025e+05,6.506404e+06,1.692614e+03,4.063808e+05,6.555868e+06,3,74,N,N
7.351654e+02,1.422427e+05,2.797212e+06,7.311218e+02,1.306951e+05,1.298579e+06,6.984890e+02,1.287613e+05,2.627118e+06,7.108163e+02,1.186681e+05,9.589190e+05,2.095622e+03,1.115364e+06,7.207972e+07,1.678839e+03,4.158173e+05,1.023474e+07,1.665973e+03,3.870969e+05,8.074921e+06,0,41,N,N
7.472468e+02,1.480537e+05,3.553944e+06,7.476318e+02,1.333164e+05,8.243986e+05,7.243059e+02,1.369921e+05,2.756346e+06,7.345829e+02,1.291521e+05,6.102616e+05,2.174753e+03,1.199406e+06,8.174156e+07,1.744406e+03,4.327557e+05,7.528579e+06,1.725567e+03,4.158588e+05,6.641358e+06,3,84,N,N
7.471971e+02,1.456814e+05,2.544419e+06,7.479246e+02,1.268181e+05,1.115924e+06,7.033663e+02,1.310737e+05,2.799855e+06,7.292925e+02,1.205485e+05,1.059853e+06,2.115234e+03,1.143587e+06,7.816506e+07,1.694635e+03,4.278871e+05,1.016836e+07,1.688248e+03,4.025324e+05,7.885101e+06,0,7,N,N
7.347952e+02,1.430809e+05,3.092011e+06,7.589494e+02,1.351884e+05,1.485283e+06,7.060439e+02,1.314448e+05,3.206540e+06,7.152206e+02,1.196809e+05,9.026573e+05,2.146738e+03,1.159567e+06,8.954137e+07,1.738317e+03,4.225435e+05,7.199565e+06,1.718475e+03,3.950735e+05,6.501283e+06,2,65,N,N
6.954121e+02,1.289899e+05,2.841178e+06,6.941601e+02,1.203033e+05,1.336467e+06,7.046125e+02,1.318856e+05,2.826006e+06,7.037977e+02,1.232666e+05,1.336598e+06,1.988362e+03,1.014971e+06,7.232441e+07,1.577059e+03,3.749318e+05,1.012629e+07,1.618112e+03,3.863381e+05,9.102396e+06,0,5,N,N
7.633805e+02,1.505641e+05,2.626263e+06,7.934685e+02,1.472304e+05,1.093350e+06,7.252257e+02,1.339544e+05,2.463112e+06,7.677655e+02,1.340897e+05,8.610615e+05,2.323261e+03,1.373967e+06,8.004026e+07,1.814077e+03,4.657108e+05,6.650420e+06,1.805206e+03,4.515705e+05,6.411080e+06,2,49,N,N
