3.325274e+08,6.792037e+16,1.220942e+17,3.831216e+16,1.088681e+08,1.032127e+16,5.307711e+17,3.668048e+17,3.390759e+08,5.620313e+16,4.879380e+18,1.767642e+18,3,72,N,N
3.863293e+08,9.426170e+16,1.639803e+19,1.724660e+18,1.149808e+08,8.999860e+15,1.631538e+18,1.353499e+18,3.948826e+08,7.422627e+16,2.233169e+19,7.536966e+18,3,93,N,N
3.491356e+08,7.246230e+16,1.766023e+18,2.038491e+17,9.456878e+07,6.027898e+15,1.042011e+18,8.287737e+17,3.296858e+08,6.558870e+16,1.720436e+19,4.404452e+18,0,26,N,N
3.813401e+08,8.261920e+16,1.335131e+19,5.115736e+18,1.018001e+08,6.931472e+15,1.726605e+18,6.547839e+17,3.744884e+08,7.826250e+16,7.770593e+18,6.569222e+18,3,96,N,N
2.853506e+08,5.082665e+16,6.932697e+18,1.322361e+18,7.281399e+07,3.886355e+15,1.219312e+18,8.228589e+17,2.889943e+08,4.586616e+16,7.058492e+18,3.155237e+18,1,55,N,N
2.812678e+08,5.007385e+16,2.686092e+18,2.760373e+17,9.418981e+07,4.813144e+15,1.362312e+18,1.466387e+18,2.847579e+08,3.500050e+16,8.953282e+18,4.143961e+18,3,90,N,N
4.854642e+08,1.435799e+17,3.631458e+19,3.713833e+18,1.207468e+08,1.047330e+16,2.234466e+18,9.160211e+17,4.951943e+08,1.357826e+17,4.392349e+19,1.042686e+19,1,5,N,N
2.024983e+08,2.725584e+16,4.495059e+15,8.337621e+15,8.195692e+07,5.911037e+15,2.031466e+18,1.623929e+18,2.308283e+08,2.570715e+16,5.173403e+18,3.695038e+18,0,27,N,N
4.048926e+08,8.771820e+16,8.681786e+18,1.077886e+18,9.289146e+07,6.232028e+15,8.580670e+17,4.203365e+17,3.810438e+08,9.767037e+16,7.403935e+18,3.991334e+18,0,28,N,N
2.755985e+08,4.448471e+16,6.673845e+18,3.461439e+18,1.132635e+08,8.873480e+15,3.032547e+18,1.978491e+18,2.638405e+08,2.987085e+16,4.789282e+18,5.756770e+18,0,67,N,N
3.245798e+08,5.567027e+16,9.085891e+18,2.455764e+18,9.241602e+07,6.609799e+15,2.260217e+18,1.045709e+18,3.261182e+08,5.636083e+16,3.088760e+18,4.117966e+18,3,91,N,N
3.838993e+08,9.555676e+16,3.872371e+19,1.542423e+19,1.014172e+08,7.353513e+15,2.438974e+18,1.072813e+18,4.067416e+08,8.217933e+16,3.921384e+19,3.290915e+19,0,16,N,N
3.555162e+08,6.284585e+16,1.185151e+19,2.405453e+18,1.006985e+08,7.468648e+15,2.093917e+18,7.205251e+17,3.420666e+08,6.995344e+16,2.078728e+18,3.305076e+18,3,99,N,N
3.169440e+08,6.062058e+16,8.525871e+18,6.771649e+17,8.284772e+07,5.524583e+15,1.180004e+18,5.180757e+17,3.289036e+08,5.527441e+16,6.294119e+18,2.728219e+18,3,78,N,N
4.015283e+08,8.551403e+16,1.808991e+19,9.118518e+18,1.064483e+08,8.722354e+15,1.715968e+18,5.358245e+17,3.761527e+08,9.010607e+16,5.997223e+18,1.314630e+19,2,102,N,N
3.328351e+08,6.714793e+16,8.818615e+18,1.694579e+18,9.687618e+07,7.853301e+15,1.625755e+18,1.315564e+18,3.409145e+08,5.877587e+16,1.212990e+19,5.528152e+18,0,22,N,N
3.017611e+08,5.288036e+16,1.989844e+18,2.389413e+17,8.463516e+07,6.092430e+15,5.608263e+17,3.960576e+17,2.928524e+08,5.004743e+16,2.843502e+18,1.156706e+18,1,84,N,N
1.843966e+08,2.313973e+16,1.829682e+18,1.652851e+17,4.582426e+07,1.642715e+15,6.442330e+17,5.060369e+17,1.931895e+08,2.121703e+16,5.693939e+18,2.002267e+18,2,82,N,N
2.851880e+08,4.086069e+16,5.693011e+18,2.406030e+18,8.351882e+07,5.371838e+15,9.304674e+17,3.681320e+17,2.617366e+08,4.162832e+16,8.873280e+17,2.278448e+18,3,68,N,N
2.881334e+08,4.243099e+16,2.768108e+18,6.001479e+17,9.613940e+07,8.307474e+15,7.035960e+17,3.939622e+17,2.878958e+08,4.302566e+16,2.029853e+18,1.108530e+18,3,80,N,N
3.232284e+08,5.756288e+16,8.081575e+18,4.259393e+18,9.179592e+07,6.412893e+15,1.002363e+18,4.333992e+17,3.090872e+08,5.928467e+16,6.333427e+18,6.130596e+18,1,10,N,N
2.727072e+08,4.122365e+16,8.017797e+18,2.312586e+18,7.768030e+07,4.102369e+15,1.266087e+18,5.235779e+17,2.800572e+08,4.527871e+16,3.734010e+18,4.490669e+18,0,56,N,N
4.878315e+08,1.304323e+17,2.266392e+19,1.154307e+19,1.186756e+08,9.515481e+15,1.747831e+18,5.099537e+17,4.624133e+08,1.365712e+17,1.837313e+19,1.648882e+19,1,86,N,N
3.481463e+08,6.905687e+16,1.979495e+19,8.028638e+18,9.464033e+07,4.791433e+15,1.996850e+18,6.580049e+17,3.538657e+08,6.935560e+16,7.976273e+18,9.704856e+18,1,73,N,N
3.782560e+08,7.752018e+16,1.079027e+18,2.293814e+17,1.028433e+08,9.078651e+15,1.111695e+18,5.243420e+17,3.515515e+08,8.104564e+16,1.126951e+19,2.976013e+18,1,40,N,N
2.481944e+08,3.969082e+16,1.385156e+19,1.392265e+18,2.312700e+08,3.087013e+16,4.098317e+19,8.419458e+18,1.016648e+08,1.495114e+15,1.180283e+18,2.869628e+18,2,76,N,N
3.066091e+08,5.725587e+16,3.261517e+18,2.095043e+18,1.302392e+08,8.948737e+15,1.994809e+18,1.336784e+18,2.768093e+08,3.146370e+16,5.354567e+18,4.675030e+18,0,76,N,N
2.619126e+08,3.842519e+16,3.032023e+17,5.661000e+16,9.157170e+07,6.349942e+15,1.060874e+18,5.379806e+17,2.478681e+08,3.029879e+16,1.433611e+18,1.298976e+18,2,53,N,N
2.996153e+08,4.394491e+16,3.525278e+18,5.256062e+17,9.392181e+07,6.851339e+15,1.505445e+18,7.880108e+17,2.982656e+08,4.268010e+16,1.115322e+18,1.183608e+18,1,65,N,N
2.337304e+08,4.310016e+16,2.434694e+18,2.845454e+17,6.625383e+07,3.626570e+15,1.747047e+18,1.560125e+18,2.688094e+08,2.951157e+16,2.811607e+19,9.987165e+18,0,32,N,N
2.072083e+08,2.271036e+16,1.151002e+18,3.828640e+17,7.001743e+07,3.558453e+15,1.373821e+18,7.901585e+17,2.101824e+08,2.051757e+16,8.921633e+17,1.541826e+18,3,98,N,N
3.469560e+08,6.476904e+16,8.264320e+18,4.512776e+18,1.046782e+08,7.793287e+15,2.446171e+18,1.102889e+18,3.292826e+08,6.253494e+16,4.898158e+18,6.937491e+18,0,10,N,N
2.699819e+08,3.483518e+16,9.751911e+18,2.874782e+18,8.845306e+07,5.713316e+15,1.852258e+18,6.903697e+17,2.662603e+08,3.551246e+16,3.013813e+18,3.623524e+18,2,99,N,N
1.789135e+08,2.041755e+16,2.825684e+18,1.480520e+18,7.539287e+07,5.193330e+15,1.214829e+18,8.971515e+17,2.104652e+08,1.846042e+16,3.462288e+18,4.706825e+18,3,61,N,N
3.559992e+08,7.027850e+16,1.112291e+18,2.241630e+17,1.229560e+08,1.220890e+16,1.427296e+18,8.900830e+17,3.312153e+08,5.941260e+16,8.131216e+18,2.717356e+18,3,95,N,N
2.552544e+08,3.518690e+16,3.525877e+18,1.525524e+18,7.824950e+07,4.484779e+15,7.883220e+17,3.691717e+17,2.611657e+08,3.979734e+16,1.209404e+18,2.158364e+18,0,55,N,N
2.380217e+08,3.512016e+16,2.983066e+18,9.531161e+17,8.462023e+07,6.217495e+15,1.492776e+18,9.774634e+17,2.690085e+08,3.073767e+16,3.459633e+18,4.322334e+18,2,66,N,N
2.625055e+08,3.601357e+16,6.092127e+18,2.380112e+18,8.055004e+07,5.062675e+15,1.641832e+18,8.150557e+17,2.629677e+08,3.604430e+16,1.910036e+18,3.484301e+18,3,56,N,N
3.912556e+08,9.174100e+16,8.976322e+18,2.092990e+18,1.005007e+08,5.744332e+15,6.293554e+17,6.416511e+17,3.773113e+08,8.527391e+16,1.499688e+19,6.939406e+18,2,84,N,N
2.264570e+08,3.176028e+16,2.631365e+18,1.106540e+18,6.529388e+07,3.402837e+15,6.914353e+17,4.712325e+17,2.426319e+08,2.613733e+16,3.271665e+18,3.726175e+18,2,92,N,N
3.300536e+08,6.203322e+16,1.021787e+19,2.779065e+18,8.012438e+07,4.771359e+15,1.608267e+18,7.251162e+17,3.288798e+08,6.291683e+16,8.697856e+18,5.369340e+18,2,62,N,N
3.825665e+08,8.144592e+16,1.061914e+19,2.861237e+18,9.265259e+07,6.869734e+15,1.863010e+18,8.228905e+17,3.778356e+08,8.407930e+16,1.252076e+19,5.503666e+18,0,83,N,N
5.145301e+08,1.648772e+17,3.887320e+19,3.280445e+18,1.272695e+08,1.154602e+16,2.148829e+18,1.322459e+18,5.166758e+08,1.501695e+17,5.514702e+19,1.401595e+19,1,57,N,N
3.317695e+08,6.118791e+16,2.587482e+17,3.998687e+17,9.156302e+07,5.806199e+15,6.298107e+17,3.718172e+17,3.199988e+08,5.780807e+16,3.320159e+18,1.508006e+18,3,59,N,N
3.610958e+08,7.574531e+16,1.746727e+19,2.012812e+18,8.645482e+07,5.793738e+15,1.371334e+18,5.991394e+17,3.581642e+08,7.986566e+16,7.390662e+18,2.770731e+18,0,11,N,N
3.231371e+08,5.017715e+16,4.489635e+17,2.646323e+17,1.023582e+08,9.022789e+15,9.462570e+17,4.489982e+17,3.072876e+08,5.204792e+16,3.144914e+18,1.580510e+18,0,13,N,N
2.958624e+08,5.473893e+16,1.688723e+19,4.228157e+18,7.169856e+07,3.653137e+15,1.348738e+18,6.258755e+17,3.034246e+08,5.047040e+16,1.014864e+19,6.288230e+18,1,64,N,N
4.128805e+08,1.012691e+17,2.705617e+19,6.037034e+18,1.132050e+08,9.719577e+15,2.686670e+18,1.264333e+18,4.301381e+08,1.027359e+17,2.288424e+19,9.509376e+18,1,35,N,N
5.655311e+08,1.830560e+17,4.373276e+19,5.387286e+18,1.246501e+08,1.231533e+16,2.525026e+18,7.197200e+17,5.524952e+08,1.961138e+17,3.759907e+19,1.072978e+19,0,8,N,N
5.304731e+08,1.625997e+17,1.831431e+19,1.008495e+19,1.161953e+08,1.012306e+16,1.670624e+18,6.954669e+17,5.190914e+08,1.736541e+17,3.168067e+19,1.712075e+19,0,86,N,N
4.183582e+08,1.036788e+17,3.824626e+18,2.846642e+17,1.067067e+08,7.289948e+15,1.134389e+18,8.418134e+17,3.926246e+08,9.718894e+16,1.694814e+19,4.150848e+18,1,63,N,N
2.879246e+08,5.779482e+16,3.843151e+18,5.316511e+17,6.989816e+07,3.537400e+15,6.247252e+17,6.106180e+17,2.973761e+08,4.787813e+16,1.504707e+19,4.629019e+18,2,51,N,N
2.406554e+08,3.416657e+16,4.394768e+17,1.406299e+17,7.917119e+07,4.702890e+15,1.610264e+18,1.141450e+18,2.461039e+08,2.728215e+16,3.576065e+18,2.207488e+18,3,48,N,N
3.982293e+08,8.273212e+16,3.903156e+18,7.200631e+17,1.041831e+08,8.401205e+15,1.639879e+18,8.175988e+17,3.812915e+08,8.661781e+16,2.700486e+18,2.536427e+18,0,14,N,N
4.306930e+08,1.033599e+17,9.129463e+18,1.601976e+18,1.176290e+08,1.034481e+16,2.006097e+18,1.037471e+18,4.069372e+08,1.005425e+17,2.200454e+19,5.763725e+18,1,54,N,N
2.523541e+08,3.521947e+16,5.180468e+18,1.369361e+18,7.197873e+07,3.690097e+15,1.543960e+18,8.245510e+17,2.565766e+08,3.604847e+16,2.122192e+18,3.082660e+18,1,52,N,N
3.210403e+08,5.973418e+16,3.431212e+18,1.349859e+18,6.852777e+07,2.892722e+15,6.478936e+17,3.499615e+17,3.077679e+08,6.452143e+16,5.855744e+18,3.588581e+18,0,63,N,N
4.125221e+08,9.584890e+16,4.852187e+18,2.885894e+17,9.268668e+07,6.071581e+15,8.583504e+17,4.700728e+17,3.923883e+08,1.022947e+17,1.882948e+19,4.360453e+18,3,101,N,N
3.693552e+08,7.017365e+16,1.005109e+19,3.764350e+18,1.013523e+08,8.416346e+15,1.642561e+18,6.945103e+17,3.474455e+08,7.805148e+16,5.311878e+18,5.504774e+18,2,91,N,N
3.152140e+08,5.145714e+16,5.116607e+18,2.636314e+18,1.142117e+08,9.688721e+15,3.231985e+18,1.822666e+18,3.112074e+08,4.360435e+16,1.116988e+19,8.244056e+18,3,49,N,N
3.883823e+08,8.353549e+16,4.953279e+18,1.220652e+18,9.953377e+07,6.960000e+15,9.095933e+17,6.197909e+17,3.725132e+08,8.343622e+16,6.738387e+18,4.817071e+18,0,102,N,N
3.395356e+08,6.915942e+16,1.108389e+19,2.247927e+18,8.408185e+07,5.593241e+15,1.519246e+18,8.464937e+17,3.442378e+08,6.558255e+16,1.448658e+19,5.837082e+18,1,0,N,N
1.840140e+08,2.575646e+16,9.558492e+17,6.233176e+17,5.389203e+07,2.451536e+15,7.296437e+17,6.041454e+17,2.119303e+08,1.759777e+16,3.243085e+18,2.388195e+18,0,36,N,N
3.180928e+08,4.616355e+16,8.886885e+18,3.214584e+18,9.656712e+07,7.599259e+15,7.344713e+17,2.135705e+17,2.826099e+08,5.214298e+16,2.336336e+18,2.873727e+18,0,18,N,N
3.069479e+08,5.186656e+16,5.728889e+18,2.688759e+18,8.910931e+07,6.695693e+15,1.709976e+18,9.251959e+17,3.076627e+08,4.955057e+16,1.920997e+18,4.112015e+18,2,97,N,N
9.896731e+07,3.940440e+15,4.162948e+17,1.036465e+17,8.441245e+07,5.347992e+15,6.916214e+17,7.132300e+17,1.292391e+08,3.438676e+14,2.756324e+18,1.522715e+18,2,79,N,N
2.170331e+08,2.880056e+16,7.164268e+17,2.020104e+17,1.086483e+08,3.702939e+15,3.399774e+17,7.393537e+17,2.272994e+08,1.275375e+16,4.370601e+18,2.263609e+18,3,79,N,N
3.485328e+08,6.273440e+16,2.419125e+17,2.207919e+17,1.270223e+08,1.309695e+16,2.043212e+18,9.719732e+17,3.175004e+08,5.481027e+16,8.912211e+18,3.593854e+18,3,86,N,N
2.762213e+08,5.225704e+16,7.964383e+17,3.220284e+17,7.761950e+07,3.261457e+15,3.731584e+17,4.976420e+17,2.835852e+08,3.970617e+16,1.107360e+19,3.184683e+18,1,94,N,N
2.710415e+08,4.523490e+16,3.432285e+18,1.260044e+18,7.133382e+07,3.687081e+15,1.351606e+18,9.752405e+17,2.741258e+08,4.093473e+16,9.023977e+18,3.213081e+18,1,48,N,N
3.622498e+08,8.265693e+16,1.763533e+19,1.495786e+18,9.762765e+07,7.273440e+15,2.915710e+18,1.755734e+18,3.799183e+08,7.452592e+16,3.481506e+19,1.006826e+19,0,98,N,N
1.935038e+08,2.389940e+16,2.288488e+18,8.588386e+17,7.029519e+07,4.169988e+15,1.080511e+18,7.532874e+17,2.243759e+08,1.995489e+16,2.988936e+18,3.274102e+18,1,61,N,N
3.908630e+08,8.752397e+16,3.831305e+18,8.780276e+17,9.922855e+07,7.645555e+15,1.413984e+18,6.950177e+17,3.921845e+08,9.471430e+16,7.495640e+18,2.696006e+18,0,96,N,N
3.201349e+08,5.339436e+16,8.957436e+18,3.022823e+18,9.337164e+07,6.875821e+15,1.998261e+18,1.033662e+18,3.225370e+08,5.591158e+16,7.387503e+18,6.475662e+18,2,37,N,N
3.744181e+08,7.820044e+16,9.511066e+18,7.723766e+17,1.071748e+08,9.655853e+15,1.892015e+18,1.247840e+18,3.627876e+08,7.672299e+16,1.131734e+19,3.185450e+18,0,84,N,N
3.713484e+08,8.207713e+16,7.917661e+18,1.004316e+18,1.102868e+08,9.964076e+15,5.830162e+17,6.045698e+17,3.707298e+08,7.131300e+16,3.514233e+18,1.686723e+18,0,97,N,N
3.137166e+08,5.088259e+16,1.159779e+18,7.611681e+16,8.583140e+07,5.943141e+15,1.426081e+18,6.654588e+17,3.070949e+08,5.394273e+16,2.028580e+18,1.434837e+18,0,74,N,N
4.596680e+08,1.205804e+17,2.652162e+19,4.776298e+18,9.975328e+07,7.333604e+15,1.810591e+18,6.126675e+17,4.467972e+08,1.303470e+17,1.118998e+19,8.018465e+18,1,104,N,N
3.740919e+08,6.639320e+16,7.232612e+17,1.815247e+17,1.088117e+08,9.241720e+15,7.642881e+17,3.583951e+17,3.329927e+08,7.059561e+16,1.069388e+18,6.718888e+17,1,88,N,N
2.827696e+08,4.600850e+16,2.890875e+18,2.644783e+17,1.003922e+08,8.394503e+15,1.605674e+18,1.193001e+18,2.951841e+08,3.582547e+16,3.788405e+18,2.629626e+18,0,80,N,N
2.631217e+08,4.585087e+16,3.034588e+18,8.318341e+17,7.848933e+07,4.981788e+15,1.007245e+18,8.117193e+17,2.840382e+08,3.431173e+16,3.880329e+18,3.372331e+18,0,34,N,N
3.685459e+08,7.237041e+16,8.283577e+18,3.349441e+18,9.012839e+07,6.405910e+15,8.271070e+17,3.403700e+17,3.585289e+08,7.768386e+16,2.011775e+18,5.494994e+18,1,92,N,N
3.121742e+08,5.482993e+16,1.347378e+19,6.950495e+18,9.707494e+07,4.569090e+15,1.833869e+18,9.672591e+17,2.990627e+08,4.649635e+16,7.250359e+18,7.485539e+18,0,25,N,N
3.198830e+08,6.038116e+16,1.492360e+18,1.186073e+17,8.578391e+07,6.227355e+15,8.990917e+17,5.289555e+17,3.244134e+08,5.866253e+16,9.702473e+18,2.849916e+18,0,70,N,N
3.532039e+08,8.517055e+16,5.972300e+18,1.762449e+18,9.985535e+07,6.729831e+15,1.798454e+18,1.403382e+18,3.528407e+08,6.679458e+16,3.707219e+19,1.050336e+19,0,3,N,N
3.240074e+08,5.789145e+16,1.538761e+18,7.713848e+17,1.014553e+08,8.512969e+15,7.156701e+17,3.048435e+17,3.095857e+08,5.228658e+16,4.012126e+18,2.450045e+18,0,59,N,N
2.534583e+08,3.568076e+16,7.049243e+18,3.857729e+18,9.103940e+07,6.072567e+15,2.306368e+18,1.200959e+18,2.516977e+08,2.883191e+16,1.256736e+18,5.592150e+18,2,81,N,N
1.404163e+08,1.327215e+16,7.530719e+17,4.464847e+17,5.468362e+07,2.688698e+15,4.686062e+17,3.839585e+17,1.682073e+08,1.165917e+16,1.080940e+18,1.660357e+18,2,61,N,N
1.981086e+08,2.030588e+16,4.000776e+18,1.163728e+18,7.297002e+07,3.809941e+15,2.118708e+18,1.324937e+18,2.052070e+08,1.850214e+16,7.520315e+17,2.478047e+18,2,64,N,N
3.577937e+08,6.648706e+16,1.122372e+19,4.069778e+18,9.413543e+07,6.070429e+15,1.086025e+18,5.880858e+17,3.512845e+08,7.372814e+16,4.427199e+18,7.848788e+18,0,95,N,N
4.386469e+08,1.149628e+17,2.062891e+19,2.992419e+18,1.032539e+08,8.154732e+15,2.350150e+18,1.056914e+18,4.421516e+08,1.163209e+17,2.452932e+19,7.058985e+18,0,0,N,N
2.483176e+08,3.063637e+16,5.461829e+18,2.401260e+18,7.876917e+07,4.740637e+15,1.343033e+18,7.190024e+17,2.506436e+08,3.075198e+16,9.611698e+18,5.371833e+18,1,49,N,N
2.689725e+08,4.006428e+16,5.328251e+18,9.664860e+17,7.641766e+07,4.223061e+15,1.673483e+18,8.556774e+17,2.743579e+08,3.748120e+16,5.629012e+18,3.039719e+18,3,62,N,N
3.315483e+08,6.492895e+16,2.261128e+18,6.761346e+17,8.634039e+07,4.805722e+15,5.029972e+17,4.373808e+17,3.253379e+08,6.035262e+16,2.970703e+18,2.805242e+18,0,53,N,N
4.114195e+08,9.807132e+16,2.767883e+19,5.093860e+18,1.025682e+08,8.129025e+15,1.337270e+18,4.909730e+17,4.156845e+08,9.714121e+16,6.075015e+18,8.190231e+18,1,33,N,N
4.581424e+08,1.150346e+17,1.832884e+19,2.525614e+18,1.060082e+08,8.498585e+15,2.053254e+18,6.597957e+17,4.432274e+08,1.242641e+17,1.065562e+19,4.856048e+18,0,79,N,N
3.357838e+08,6.007134e+16,1.003992e+19,2.745527e+18,1.003506e+08,5.480790e+15,1.312948e+18,7.604450e+17,3.436661e+08,6.618357e+16,7.729242e+18,9.073103e+18,0,92,N,N
1.237779e+08,1.213044e+16,9.108453e+16,1.559826e+16,3.403720e+07,9.461868e+14,5.830334e+17,5.436173e+17,1.399798e+08,9.483719e+15,2.093051e+18,1.679994e+18,1,82,N,N
3.032836e+08,5.593046e+16,2.265668e+18,2.798919e+17,9.272945e+07,3.344656e+15,4.301421e+17,7.121092e+17,2.955539e+08,4.600958e+16,5.112531e+18,3.327042e+18,1,90,N,N
2.488803e+08,3.760034e+16,4.582535e+18,2.359947e+18,6.954407e+07,2.774143e+15,5.597775e+17,6.715702e+17,2.447788e+08,3.216249e+16,3.181532e+18,4.223145e+18,2,58,N,N
4.168870e+08,9.615901e+16,4.122955e+18,3.627632e+17,1.038848e+08,8.129479e+15,1.224208e+18,6.567153e+17,3.911038e+08,9.830267e+16,9.112303e+18,2.670301e+18,0,39,N,N
4.064767e+08,8.622385e+16,1.494488e+19,6.492000e+18,1.057002e+08,7.621977e+15,1.749121e+18,6.036174e+17,3.758041e+08,9.071180e+16,3.316647e+18,7.413890e+18,2,68,N,N
2.547426e+08,3.841369e+16,7.482547e+18,2.935826e+18,7.017795e+07,3.607278e+15,1.477347e+18,7.762937e+17,2.639973e+08,3.653850e+16,7.139484e+18,6.302295e+18,2,71,N,N
2.912861e+08,5.750365e+16,1.183617e+19,1.447311e+18,7.659231e+07,4.142356e+15,1.305630e+18,6.877087e+17,3.151196e+08,4.920398e+16,1.955722e+19,5.438079e+18,0,17,N,N
2.876208e+08,4.818722e+16,5.294211e+18,2.500629e+18,8.537234e+07,4.747373e+15,1.574564e+18,7.847763e+17,2.861138e+08,4.095307e+16,3.022776e+18,4.056096e+18,1,96,N,N
3.450358e+08,6.171386e+16,4.897523e+18,1.155184e+18,9.041822e+07,6.133632e+15,1.223672e+18,5.532101e+17,3.381975e+08,7.116669e+16,3.899462e+18,2.158349e+18,3,77,N,N
5.662930e+07,2.665475e+15,8.515817e+16,3.997133e+16,3.684188e+07,8.091067e+14,6.681763e+17,6.286570e+17,6.798507e+07,1.422296e+15,9.635638e+17,1.513854e+18,2,75,N,N
1.541290e+08,1.457186e+16,1.929399e+18,8.353538e+17,4.293124e+07,1.324884e+15,6.710644e+17,4.437936e+17,1.636417e+08,1.281179e+16,1.238653e+18,2.169511e+18,3,63,N,N
3.063431e+08,5.406157e+16,1.519981e+19,6.425280e+18,1.103716e+08,9.080336e+15,2.509156e+18,1.439048e+18,3.074862e+08,4.161294e+16,7.914207e+18,8.626574e+18,2,67,N,N
3.851497e+08,8.700002e+16,8.917447e+18,7.618812e+17,1.183699e+08,1.219093e+16,7.377978e+17,6.728570e+17,3.895784e+08,8.012937e+16,2.340998e+18,1.600733e+18,3,97,N,N
2.987947e+08,5.011783e+16,1.008340e+19,3.166457e+18,1.009079e+08,8.670667e+15,1.837346e+18,1.101677e+18,3.176813e+08,5.015434e+16,7.302829e+18,4.677201e+18,0,73,N,N
2.183874e+08,3.021692e+16,1.882023e+18,6.313270e+17,1.120843e+08,7.316613e+15,1.051258e+18,5.113152e+17,1.934428e+08,1.241324e+16,1.000869e+18,1.322839e+18,2,94,N,N
3.339415e+08,6.297708e+16,1.406768e+19,4.690662e+18,9.702494e+07,6.913514e+15,2.128469e+18,1.113514e+18,3.329666e+08,5.680559e+16,1.074183e+19,7.341733e+18,1,87,N,N
3.879319e+08,8.895981e+16,1.115650e+18,8.291572e+17,1.002464e+08,6.594264e+15,1.522493e+18,7.291928e+17,3.740265e+08,8.305109e+16,2.018896e+19,6.578484e+18,0,15,N,N
3.307557e+08,7.404009e+16,1.038965e+19,2.423636e+18,8.273767e+07,5.625556e+15,1.160045e+18,7.697609e+17,3.508620e+08,6.219269e+16,2.650674e+19,8.278445e+18,0,38,N,N
1.286984e+08,1.114091e+16,5.778232e+18,2.982735e+18,1.399263e+08,3.902734e+15,5.069600e+18,3.347631e+18,9.978121e+07,1.336884e+14,6.017922e+17,9.486676e+17,2,72,N,N
2.837054e+08,5.068651e+16,6.182282e+18,3.005166e+18,6.687851e+07,2.772241e+15,7.526070e+17,5.977202e+17,2.854695e+08,4.707824e+16,8.086907e+18,5.723969e+18,0,48,N,N
2.954943e+08,5.094936e+16,5.515018e+18,1.899092e+18,8.417569e+07,5.831798e+15,1.661900e+18,9.474750e+17,3.080318e+08,4.667545e+16,9.127187e+18,4.354447e+18,0,99,N,N
5.024120e+08,1.454007e+17,2.843312e+19,7.317746e+18,1.055203e+08,9.211960e+15,1.298832e+18,4.285027e+17,4.863550e+08,1.585474e+17,2.065653e+19,9.198776e+18,0,100,N,N
3.165474e+08,5.866113e+16,4.345951e+18,6.834110e+17,7.909416e+07,4.420898e+15,1.016137e+18,5.812634e+17,3.126960e+08,5.639064e+16,1.243401e+19,3.701736e+18,2,60,N,N
1.192172e+08,8.048276e+15,8.228089e+17,2.708692e+17,8.524903e+07,5.092170e+15,6.287989e+17,3.578436e+17,1.188563e+08,2.314451e+15,4.660176e+17,9.524404e+17,0,23,N,N
2.564877e+08,3.141898e+16,3.099868e+18,1.382068e+18,8.207198e+07,5.056346e+15,1.295559e+18,6.316507e+17,2.502458e+08,3.512252e+16,4.662243e+18,3.737872e+18,0,49,N,N
2.908252e+08,5.669598e+16,4.667044e+18,4.694639e+17,7.599673e+07,2.857228e+15,2.684093e+17,3.955447e+17,2.950332e+08,4.702168e+16,1.777267e+19,4.799454e+18,0,94,N,N
3.644583e+08,8.667224e+16,5.503296e+18,4.343886e+17,9.111508e+07,6.543583e+15,9.183019e+17,6.912522e+17,3.735574e+08,7.532423e+16,1.925099e+19,5.221573e+18,1,38,N,N
2.853653e+08,4.295051e+16,4.482615e+18,1.159794e+18,8.835369e+07,5.804601e+15,1.160103e+18,6.947042e+17,2.926934e+08,3.925833e+16,2.450740e+18,4.352211e+18,3,92,N,N
3.171226e+08,6.693531e+16,2.103247e+18,5.560260e+17,9.243920e+07,7.069787e+15,1.090318e+18,9.376425e+17,3.383856e+08,5.148802e+16,1.321164e+19,4.442188e+18,3,81,N,N
3.288133e+08,5.189082e+16,8.909680e+18,3.664183e+18,9.010297e+07,6.054960e+15,1.750609e+18,6.386790e+17,3.062750e+08,5.766036e+16,2.320362e+18,4.023443e+18,0,88,N,N
2.491887e+08,3.754913e+16,6.265264e+18,3.801497e+18,8.124636e+07,5.788133e+15,1.155700e+18,7.276179e+17,2.708601e+08,3.240404e+16,4.089678e+18,8.249128e+18,1,81,N,N
3.983057e+08,1.000968e+17,4.074295e+18,4.096061e+17,1.117866e+08,7.725715e+15,6.755129e+17,7.485149e+17,3.801501e+08,8.241642e+16,2.460018e+19,5.212301e+18,1,69,N,N
4.632373e+08,1.208484e+17,1.114411e+19,2.526799e+18,1.171262e+08,9.532408e+15,1.348195e+18,6.688223e+17,4.345812e+08,1.199447e+17,1.551538e+19,4.393428e+18,0,54,N,N
1.978584e+08,2.088430e+16,2.539002e+18,1.040181e+18,6.986705e+07,3.820700e+15,1.469670e+18,8.768196e+17,2.041642e+08,2.025013e+16,9.847905e+17,2.683274e+18,1,56,N,N
2.745107e+08,3.841629e+16,6.405044e+18,3.295402e+18,9.038297e+07,6.448831e+15,1.081926e+18,5.016634e+17,2.652208e+08,3.727203e+16,1.695520e+18,3.295338e+18,0,85,N,N
3.100478e+08,5.222736e+16,1.338559e+19,4.342613e+18,9.578279e+07,7.140187e+15,2.129902e+18,1.015368e+18,3.090308e+08,4.831493e+16,9.926262e+18,7.090976e+18,3,47,N,N
2.957529e+08,5.587907e+16,4.017386e+18,1.458989e+18,6.476061e+07,2.506807e+15,2.314454e+17,2.058505e+17,2.941471e+08,5.414370e+16,2.443059e+18,3.738300e+18,0,58,N,N
4.724658e+08,1.273306e+17,1.429944e+19,3.050731e+18,1.095828e+08,9.044738e+15,1.656022e+18,7.981121e+17,4.562830e+08,1.328883e+17,2.373381e+19,7.646146e+18,2,54,N,N
2.471597e+08,3.043342e+16,3.763206e+18,1.475220e+18,8.632675e+07,5.481309e+15,1.054005e+18,4.785834e+17,2.589246e+08,3.356238e+16,1.832401e+18,2.185004e+18,3,55,N,N
2.288901e+08,3.061996e+16,1.317382e+18,4.651692e+17,6.391614e+07,2.810772e+15,5.363628e+17,4.691837e+17,2.262140e+08,2.723384e+16,3.464857e+17,1.424695e+18,1,58,N,N
2.141855e+08,2.225618e+16,1.136934e+19,2.599293e+18,1.204040e+08,5.372892e+15,2.969254e+18,5.183824e+17,1.623285e+08,9.200238e+15,4.759371e+18,3.772118e+18,0,2,N,N
2.709753e+08,3.483956e+16,4.316513e+18,2.244854e+18,9.619553e+07,6.417135e+15,1.652760e+18,6.585196e+17,2.488117e+08,3.088275e+16,6.011388e+17,2.999793e+18,1,46,N,N
4.283208e+08,9.787427e+16,1.990598e+18,9.724571e+17,1.160462e+08,1.019948e+16,9.629651e+17,5.472450e+17,3.938841e+08,9.877960e+16,1.803174e+19,4.697665e+18,0,101,N,N
4.852373e+08,1.317962e+17,1.737224e+19,3.458556e+18,1.089609e+08,9.389484e+15,1.632198e+18,6.846947e+17,4.633712e+08,1.425989e+17,2.402333e+19,6.767824e+18,0,43,N,N
3.615823e+08,7.860777e+16,7.389781e+18,1.924841e+18,8.498296e+07,5.555146e+15,5.881800e+17,3.806717e+17,3.548705e+08,7.879671e+16,1.573923e+19,5.602226e+18,0,42,N,N
3.614329e+08,7.835979e+16,1.255688e+19,9.461927e+17,9.721729e+07,7.428392e+15,1.920016e+18,7.582219e+17,3.751713e+08,6.994192e+16,1.062672e+19,4.045009e+18,2,93,N,N
3.193485e+08,5.328639e+16,2.137633e+18,1.551699e+17,9.048711e+07,6.597911e+15,1.120889e+18,6.213602e+17,3.000157e+08,5.383889e+16,3.618265e+18,1.506554e+18,0,103,N,N
2.975484e+08,3.915407e+16,9.524877e+18,4.474726e+18,1.116403e+08,9.587230e+15,2.615758e+18,9.539731e+17,2.793807e+08,4.076583e+16,1.336226e+18,6.066669e+18,2,85,N,N
4.281376e+08,1.004192e+17,1.733078e+19,3.838492e+18,9.459106e+07,7.257475e+15,1.103387e+18,3.596112e+17,4.060365e+08,1.116758e+17,4.616090e+18,4.429010e+18,1,77,N,N
3.252655e+08,5.463059e+16,8.960301e+18,2.789428e+18,9.287268e+07,6.694565e+15,2.495627e+18,1.184403e+18,3.246195e+08,5.511584e+16,3.071443e+18,4.063367e+18,1,91,N,N
4.203383e+08,9.663504e+16,2.407184e+19,1.028564e+19,1.317301e+08,9.231849e+15,2.822982e+18,1.739054e+18,4.003204e+08,8.392477e+16,1.989834e+19,1.124834e+19,2,87,N,N
4.138346e+08,1.131874e+17,1.808420e+19,1.616467e+18,7.533435e+07,4.152077e+15,1.121154e+18,4.552125e+17,4.112852e+08,1.151654e+17,3.415396e+19,6.888148e+18,1,43,N,N
3.586191e+08,6.316325e+16,2.012411e+18,5.944493e+17,1.160068e+08,1.202400e+16,1.025801e+18,5.144391e+17,3.313829e+08,6.686720e+16,5.265890e+18,2.200300e+18,3,88,N,N
3.680043e+08,8.338386e+16,1.332350e+19,1.768394e+18,1.045758e+08,6.727500e+15,1.606774e+18,1.436568e+18,3.732361e+08,6.973249e+16,2.614339e+19,9.567561e+18,1,45,N,N
4.224342e+08,9.976679e+16,1.372614e+19,5.738124e+18,9.466125e+07,6.422544e+15,1.017639e+18,5.533104e+17,4.073892e+08,1.079326e+17,7.272980e+18,1.072328e+19,3,102,N,N
3.128176e+08,6.019983e+16,5.690874e+18,4.260099e+17,8.529684e+07,5.024316e+15,1.817537e+18,1.345066e+18,3.118143e+08,5.239108e+16,1.362106e+19,4.716380e+18,0,52,N,N
2.992284e+08,4.917478e+16,1.922172e+18,4.365962e+17,7.913811e+07,4.954969e+15,9.653324e+17,5.747182e+17,2.988302e+08,4.867191e+16,2.746278e+18,2.547873e+18,1,53,N,N
3.415247e+08,7.013610e+16,1.336046e+19,2.644042e+18,9.260547e+07,6.697951e+15,2.187172e+18,1.152166e+18,3.552967e+08,6.207499e+16,8.165624e+18,5.444099e+18,1,34,N,N
4.707514e+08,1.194618e+17,1.794438e+19,6.805260e+18,1.092590e+08,1.018232e+16,1.106708e+18,3.460446e+17,4.461054e+08,1.330473e+17,1.222112e+19,8.255745e+18,1,100,N,N
4.130006e+08,1.038292e+17,9.778233e+18,2.564531e+18,1.031044e+08,8.202260e+15,2.064037e+18,1.026304e+18,4.167527e+08,9.704446e+16,2.469154e+19,8.916512e+18,1,93,N,N
3.366405e+08,6.620684e+16,1.375434e+19,3.694604e+18,9.915002e+07,6.487959e+15,2.200047e+18,8.833600e+17,3.546225e+08,5.936769e+16,4.310116e+18,5.518523e+18,2,73,N,N
9.896182e+07,8.053080e+15,5.665203e+15,4.900972e+15,2.104492e+07,2.802675e+14,8.219019e+16,8.824396e+16,1.075262e+08,6.117176e+15,1.466513e+17,2.273912e+17,0,75,N,N
3.801365e+08,7.978070e+16,1.807288e+19,7.165943e+18,1.025770e+08,8.024382e+15,2.721434e+18,1.294070e+18,3.840554e+08,7.767203e+16,1.954281e+19,1.146049e+19,2,83,N,N
4.085214e+08,9.654965e+16,1.084316e+19,1.392058e+18,9.402965e+07,6.907145e+15,2.137917e+18,9.083623e+17,4.037649e+08,9.938814e+16,1.289835e+19,4.828118e+18,1,83,N,N
3.596689e+08,7.042682e+16,1.714179e+19,1.622980e+18,9.275511e+07,6.955831e+15,1.471142e+18,6.127066e+17,3.551232e+08,7.258879e+16,4.517787e+18,2.817299e+18,0,47,N,N
5.380252e+08,2.057766e+17,3.466211e+19,5.778518e+18,1.214224e+08,8.729008e+15,2.018139e+18,1.700388e+18,5.585961e+08,1.739570e+17,1.975062e+20,3.785340e+19,1,36,N,N
2.611999e+08,3.901955e+16,8.455475e+17,3.538489e+17,7.598526e+07,3.412094e+15,1.186840e+18,8.451932e+17,2.606125e+08,3.466352e+16,6.214421e+18,2.739350e+18,0,1,N,N
3.451650e+08,6.861373e+16,1.370288e+19,2.094458e+18,9.321243e+07,6.108707e+15,2.076944e+18,9.718390e+17,3.528971e+08,6.418283e+16,7.573889e+18,5.130839e+18,2,55,N,N
2.880034e+08,5.023465e+16,4.461029e+17,3.043436e+17,8.565805e+07,4.934019e+15,9.711614e+17,7.102957e+17,2.963456e+08,4.127157e+16,3.709872e+18,2.026212e+18,3,76,N,N
3.087675e+08,5.875785e+16,7.312771e+17,3.657223e+17,8.804757e+07,6.876056e+15,1.081420e+18,7.226053e+17,3.067378e+08,5.539202e+16,2.039304e+18,1.815498e+18,0,65,N,N
4.296609e+08,1.077192e+17,8.444065e+18,1.409565e+18,1.163217e+08,6.740080e+15,1.096638e+18,1.013463e+18,4.048224e+08,9.929535e+16,1.957494e+19,7.673967e+18,0,104,N,N
3.195418e+08,5.570346e+16,6.308351e+18,7.224116e+17,9.927174e+07,8.388168e+15,1.890908e+18,1.028447e+18,3.269731e+08,5.379074e+16,2.368153e+18,2.355051e+18,0,6,N,N
4.112143e+08,1.001903e+17,2.282181e+19,1.841643e+18,1.135491e+08,9.841689e+15,2.951420e+18,2.064640e+18,4.126312e+08,9.070276e+16,3.001527e+19,8.737246e+18,0,51,N,N
3.493505e+08,7.445127e+16,3.024472e+19,3.876741e+18,9.083828e+07,5.822890e+15,2.384753e+18,1.004895e+18,3.635996e+08,6.944977e+16,2.511275e+19,8.304949e+18,1,98,N,N
3.521046e+08,6.257438e+16,3.767815e+18,7.318757e+17,1.074462e+08,9.982877e+15,8.970537e+17,4.700049e+17,3.418531e+08,6.437997e+16,1.161560e+18,8.262471e+17,1,80,N,N
2.557777e+08,3.599204e+16,5.509613e+18,2.582765e+18,7.927717e+07,4.753174e+15,1.705374e+18,9.188100e+17,2.543187e+08,3.592730e+16,2.975215e+18,4.872154e+18,0,71,N,N
2.169873e+08,3.106200e+16,3.206770e+18,1.257608e+18,6.804748e+07,3.972847e+15,5.835254e+17,4.353198e+17,2.402894e+08,2.680702e+16,3.449307e+18,2.323397e+18,1,78,N,N
2.415191e+08,3.494332e+16,1.272232e+18,2.197015e+17,7.250395e+07,3.555967e+15,1.395567e+18,1.007887e+18,2.490757e+08,2.856674e+16,3.747336e+18,2.572626e+18,0,90,N,N
4.499934e+08,1.355426e+17,2.108704e+19,2.058579e+18,1.109377e+08,8.659673e+15,1.474871e+18,1.355407e+18,4.536470e+08,1.152641e+17,5.892855e+19,1.263693e+19,3,57,N,N
5.072404e+08,1.430174e+17,1.711622e+19,3.008911e+18,1.071430e+08,7.786418e+15,9.478519e+17,3.140640e+17,4.851939e+08,1.694883e+17,9.714024e+18,5.690539e+18,0,20,N,N
4.198874e+08,1.166706e+17,8.823429e+18,7.053027e+17,1.045587e+08,7.665115e+15,1.150441e+18,9.152895e+17,4.306427e+08,9.956453e+16,3.265074e+19,8.826048e+18,2,57,N,N
3.291490e+08,5.946845e+16,1.671718e+18,2.318235e+17,1.050932e+08,7.818686e+15,1.036184e+18,7.771826e+17,3.085066e+08,5.072925e+16,4.198941e+18,2.035989e+18,2,103,N,N
3.687102e+08,6.310295e+16,1.106608e+19,4.642418e+18,9.144912e+07,6.246749e+15,1.706370e+18,6.447457e+17,3.426481e+08,7.708957e+16,6.989295e+18,6.602061e+18,2,88,N,N
2.822417e+08,4.735186e+16,5.975867e+18,7.986217e+17,7.758974e+07,4.747612e+15,1.745627e+18,1.047633e+18,2.921380e+08,4.549864e+16,4.127208e+18,2.729789e+18,0,82,N,N
3.626457e+08,8.416598e+16,7.893329e+18,9.809249e+17,9.596916e+07,7.147103e+15,1.374523e+18,9.005416e+17,3.748755e+08,7.118128e+16,2.146592e+19,6.377845e+18,3,50,N,N
3.963592e+08,8.741617e+16,4.370241e+19,1.278623e+19,1.037509e+08,8.001659e+15,2.439085e+18,9.631597e+17,3.994128e+08,8.614220e+16,2.578637e+19,1.904406e+19,0,35,N,N
3.886881e+08,8.327918e+16,2.712248e+19,1.161491e+19,9.451581e+07,5.993982e+15,1.185791e+18,5.320663e+17,3.830945e+08,8.776390e+16,1.174569e+19,1.951916e+19,1,85,N,N
4.620094e+08,1.318329e+17,6.319572e+18,1.048704e+18,1.209187e+08,8.440908e+15,1.451676e+18,1.154445e+18,4.336981e+08,1.164483e+17,3.939661e+19,8.725907e+18,0,89,N,N
2.962436e+08,5.065312e+16,6.579012e+18,2.266114e+18,8.001875e+07,4.969381e+15,1.304197e+18,5.474542e+17,2.999851e+08,4.893408e+16,3.188543e+18,4.503644e+18,2,56,N,N
1.534717e+08,1.248764e+16,3.781445e+17,1.721414e+17,8.403563e+07,4.683596e+15,8.603368e+17,7.887939e+17,1.733094e+08,4.839305e+15,1.999200e+18,1.417210e+18,1,79,N,N
3.670786e+08,7.919301e+16,1.062273e+19,2.125822e+18,9.331106e+07,7.073075e+15,1.474488e+18,6.960285e+17,3.717459e+08,7.819984e+16,1.056606e+19,5.035006e+18,0,69,N,N
2.776741e+08,4.449526e+16,3.441476e+18,1.123875e+18,7.603363e+07,3.814342e+15,1.087707e+18,4.871571e+17,2.746897e+08,4.069480e+16,1.049145e+18,1.685784e+18,2,96,N,N
3.044498e+08,5.033234e+16,9.649354e+18,3.741727e+18,9.904172e+07,7.025181e+15,2.407995e+18,1.319962e+18,3.046271e+08,4.267185e+16,6.182848e+18,6.264681e+18,0,87,N,N
2.667428e+08,4.819942e+16,9.620396e+18,8.665878e+17,6.733203e+07,3.133194e+15,1.053130e+18,5.682983e+17,2.829065e+08,4.038844e+16,1.011068e+19,3.509762e+18,0,21,N,N
3.116152e+08,4.999885e+16,7.672692e+18,4.008770e+18,1.032954e+08,7.849952e+15,1.804860e+18,7.337412e+17,2.905085e+08,4.520365e+16,1.210059e+18,6.187479e+18,0,46,N,N
3.379109e+08,6.629845e+16,7.830831e+18,1.999179e+18,8.917624e+07,6.114980e+15,1.828679e+18,9.578730e+17,3.397535e+08,6.594791e+16,1.160068e+19,6.551751e+18,1,89,N,N
3.603651e+08,7.385424e+16,1.254085e+19,3.987159e+18,8.710295e+07,5.698621e+15,1.323101e+18,4.955675e+17,3.561678e+08,8.155199e+16,1.023876e+19,7.363493e+18,1,60,N,N
4.148623e+08,1.008467e+17,6.970778e+18,1.283792e+18,1.012229e+08,8.148069e+15,1.295746e+18,6.544085e+17,4.049927e+08,9.966837e+16,1.382204e+19,3.748163e+18,1,37,N,N
1.753116e+08,1.908925e+16,3.324067e+18,1.718056e+18,1.142256e+08,8.676283e+15,2.570652e+18,1.694057e+18,1.729907e+08,6.801607e+15,1.612970e+18,4.556405e+18,1,76,N,N
2.829172e+08,4.261385e+16,2.975193e+18,1.276945e+18,1.082744e+08,8.530007e+15,2.223473e+18,1.219613e+18,2.664465e+08,3.286843e+16,1.359758e+18,2.368072e+18,3,67,N,N
3.866005e+08,8.466895e+16,9.539698e+18,7.512640e+17,1.018427e+08,8.628914e+15,1.422570e+18,6.850092e+17,3.841469e+08,8.184485e+16,1.156902e+19,3.704642e+18,0,44,N,N
3.080040e+08,4.595661e+16,5.888668e+18,1.340174e+18,9.714858e+07,7.495273e+15,9.992323e+17,4.728606e+17,2.928755e+08,5.444686e+16,3.847043e+17,8.816223e+17,1,101,N,N
4.166167e+08,9.976510e+16,1.555739e+19,1.269667e+18,9.875019e+07,7.197430e+15,2.036906e+18,8.101148e+17,4.124779e+08,1.014345e+17,1.826093e+19,5.186703e+18,1,74,N,N
3.504708e+08,6.924181e+16,2.869298e+18,1.927742e+17,9.317048e+07,6.844543e+15,1.920291e+18,9.731191e+17,3.526393e+08,6.708983e+16,7.545660e+18,3.470280e+18,2,74,N,N
3.652220e+08,7.747429e+16,1.132777e+19,4.211516e+18,9.119902e+07,4.975760e+15,1.256737e+18,6.158386e+17,3.514671e+08,7.528167e+16,5.766211e+18,4.476672e+18,1,25,N,N
2.691778e+08,5.356285e+16,2.313318e+18,3.181422e+17,7.198038e+07,1.981564e+15,2.293614e+17,5.490128e+17,2.875747e+08,4.266726e+16,2.533429e+19,6.169313e+18,3,94,N,N
3.686239e+08,7.066562e+16,1.121866e+19,6.027425e+18,1.174271e+08,8.164345e+15,2.421686e+18,1.088994e+18,3.310671e+08,6.311852e+16,3.125849e+18,5.927965e+18,1,68,N,N
2.572347e+08,3.956397e+16,5.152974e+18,2.442559e+18,6.120494e+07,2.557011e+15,5.188568e+17,4.002647e+17,2.571094e+08,3.867310e+16,1.980815e+18,4.206095e+18,3,58,N,N
3.268316e+08,5.530996e+16,1.874045e+18,1.091866e+18,8.374114e+07,5.982314e+15,7.387187e+17,3.691427e+17,3.042927e+08,6.355943e+16,1.791637e+18,1.763290e+18,0,31,N,N
2.860531e+08,4.774989e+16,8.026785e+18,1.258002e+18,8.245038e+07,5.078352e+15,2.266372e+18,1.342100e+18,2.947338e+08,4.188116e+16,1.036383e+19,4.014962e+18,3,52,N,N
3.505957e+08,6.931740e+16,1.160307e+19,1.378193e+18,1.055095e+08,9.405016e+15,8.224081e+17,7.488100e+17,3.441994e+08,6.307972e+16,9.164965e+18,4.188255e+18,0,33,N,N
3.343250e+08,6.523482e+16,1.343434e+18,5.382220e+16,1.057228e+08,5.242017e+15,6.923999e+17,8.214865e+17,3.183177e+08,5.296271e+16,4.180665e+18,2.418468e+18,2,90,N,N
4.051286e+08,9.369876e+16,1.204548e+19,3.687048e+18,8.886044e+07,6.127299e+15,7.259645e+17,3.092214e+17,3.914231e+08,1.008014e+17,6.891114e+18,6.033116e+18,1,42,N,N
8.711861e+07,5.687814e+15,5.827434e+17,3.237888e+17,5.236948e+07,1.172608e+15,8.072297e+17,8.014982e+17,1.073223e+08,1.215235e+15,1.833182e+18,1.412524e+18,1,50,N,N
3.596846e+08,7.309334e+16,4.916117e+18,1.259876e+18,9.083836e+07,6.314636e+15,8.919873e+17,5.774410e+17,3.510497e+08,7.276238e+16,8.384726e+18,4.549302e+18,1,102,N,N
3.069497e+08,5.883013e+16,7.969596e+18,2.462152e+18,9.411908e+07,7.186296e+15,1.174910e+18,7.740976e+17,3.324657e+08,5.742455e+16,1.443061e+19,5.556817e+18,3,73,N,N
3.657564e+08,7.524738e+16,3.877274e+18,3.048634e+17,9.700258e+07,7.332278e+15,1.335536e+18,6.960909e+17,3.682778e+08,8.223277e+16,1.408026e+19,3.715616e+18,2,77,N,N
3.072316e+08,5.369648e+16,5.842788e+18,1.276923e+18,8.438919e+07,5.915110e+15,1.280445e+18,6.590645e+17,3.157311e+08,4.966044e+16,1.652160e+18,2.212386e+18,3,65,N,N
2.921619e+08,5.252339e+16,1.995985e+18,7.739580e+17,7.849150e+07,4.805163e+15,8.432469e+17,5.375584e+17,2.911976e+08,4.589192e+16,4.752098e+18,2.403308e+18,0,57,N,N
3.552492e+08,8.176823e+16,8.793415e+18,7.617805e+17,9.320040e+07,6.431358e+15,1.410483e+18,1.103020e+18,3.629823e+08,6.910195e+16,2.460263e+19,6.949295e+18,1,51,N,N
3.573806e+08,7.736395e+16,7.907057e+18,7.407735e+17,1.018509e+08,8.139051e+15,2.046483e+18,1.462545e+18,3.511263e+08,6.832139e+16,1.805910e+19,5.223294e+18,3,51,N,N
3.789353e+08,8.716618e+16,9.250947e+18,8.376259e+17,1.046847e+08,5.808872e+15,5.539480e+17,5.914873e+17,3.682242e+08,7.666026e+16,1.498713e+19,4.037239e+18,0,66,N,N
4.133307e+08,9.172154e+16,5.087885e+18,3.958021e+17,1.005297e+08,6.806217e+15,1.417973e+18,6.794954e+17,3.890766e+08,9.802925e+16,1.258816e+19,3.781958e+18,0,60,N,N
3.523744e+08,7.920541e+16,1.182930e+18,8.512694e+16,1.003051e+08,7.034828e+15,1.246140e+18,8.996782e+17,3.468119e+08,6.483518e+16,1.189459e+19,3.287339e+18,2,12,N,N
3.837104e+08,9.467920e+16,1.214320e+19,2.288134e+18,1.049776e+08,6.089199e+15,6.096332e+17,7.129299e+17,3.745107e+08,7.789846e+16,2.895462e+19,6.411977e+18,1,66,N,N
3.247641e+08,5.241741e+16,1.528689e+19,6.716289e+18,8.924476e+07,6.086111e+15,1.865594e+18,7.730841e+17,3.134596e+08,5.631048e+16,7.223015e+18,1.001757e+19,2,95,N,N
4.036181e+08,9.793190e+16,7.864066e+18,7.604955e+17,1.134900e+08,1.072112e+16,1.831398e+18,1.126180e+18,4.040154e+08,8.844035e+16,2.048746e+19,5.812744e+18,1,44,N,N
2.842541e+08,5.810821e+16,6.357972e+18,2.260789e+18,7.770332e+07,4.965678e+15,1.241663e+18,9.771606e+17,3.143554e+08,5.140058e+16,3.018155e+19,6.861725e+18,3,87,N,N
2.465348e+08,3.384328e+16,1.807529e+19,1.812014e+18,2.280203e+08,2.717391e+16,3.485862e+19,7.269287e+18,8.929513e+07,3.609829e+14,3.093194e+17,1.100149e+18,1,71,N,N
4.142466e+08,8.264856e+16,2.822477e+17,1.154631e+17,1.182839e+08,1.087239e+16,2.455958e+18,1.092876e+18,3.906334e+08,9.094845e+16,1.336767e+19,4.010803e+18,2,86,N,N
2.452672e+08,2.977370e+16,2.073090e+18,6.949669e+17,8.834539e+07,6.355364e+15,1.571549e+18,7.757263e+17,2.529163e+08,3.026345e+16,1.391544e+18,2.340290e+18,0,37,N,N
4.066042e+08,1.034768e+17,1.088377e+19,9.869231e+17,9.997585e+07,7.868037e+15,1.214226e+18,7.366005e+17,4.137338e+08,9.405601e+16,1.827214e+19,5.224026e+18,1,41,N,N
2.251765e+08,3.251512e+16,1.854281e+18,1.501733e+17,5.497263e+07,2.408121e+15,7.790768e+17,5.021142e+17,2.307939e+08,3.065452e+16,5.681327e+18,1.968571e+18,3,82,N,N
3.189200e+08,5.695830e+16,3.121232e+18,1.862408e+18,1.289960e+08,7.956768e+15,1.173546e+18,9.976127e+17,2.743222e+08,3.612953e+16,7.975614e+18,3.623297e+18,2,89,N,N
3.112934e+08,6.052213e+16,3.066343e+18,1.485025e+18,9.501510e+07,6.780842e+15,1.504737e+18,1.047817e+18,3.073767e+08,4.839326e+16,5.649642e+18,4.025844e+18,0,50,N,N
5.011101e+08,1.326896e+17,9.353306e+18,1.110584e+18,1.095935e+08,7.655763e+15,9.509518e+17,3.058177e+17,4.618379e+08,1.552252e+17,1.037618e+19,3.555219e+18,2,101,N,N
3.567073e+08,7.702165e+16,3.320462e+18,4.048588e+17,9.805349e+07,7.413597e+15,1.708569e+18,1.173433e+18,3.409531e+08,6.997093e+16,1.903601e+19,4.959053e+18,0,29,N,N
3.249786e+08,5.884414e+16,1.244282e+19,5.215150e+18,9.025597e+07,6.341566e+15,1.799320e+18,7.286618e+17,3.240186e+08,5.627397e+16,4.926385e+18,7.447743e+18,0,81,N,N
2.190081e+08,2.551230e+16,3.631001e+18,1.621858e+18,7.542717e+07,4.841428e+15,1.353676e+18,8.225928e+17,2.349224e+08,2.219683e+16,3.126741e+18,2.287271e+18,1,97,N,N
3.299027e+08,6.686671e+16,2.192534e+19,1.024069e+19,1.182521e+08,9.087550e+15,2.858331e+18,1.697936e+18,3.307062e+08,4.681250e+16,1.289926e+19,1.289555e+19,1,67,N,N
3.488988e+08,7.502210e+16,7.715854e+18,1.049886e+18,9.933457e+07,8.209748e+15,1.595722e+18,9.702032e+17,3.703769e+08,6.247074e+16,1.072307e+19,4.838953e+18,0,78,N,N
3.477719e+08,7.455496e+16,1.473102e+19,2.508745e+18,9.400835e+07,6.222348e+15,1.797649e+18,9.266470e+17,3.663746e+08,6.967281e+16,1.641787e+19,8.675710e+18,2,78,N,N
2.197025e+08,3.090596e+16,3.512330e+18,1.059696e+18,6.517606e+07,3.781139e+15,6.820617e+17,4.091115e+17,2.388961e+08,2.485940e+16,1.888749e+18,2.204086e+18,2,47,N,N
2.861677e+08,5.103851e+16,2.415371e+18,4.109497e+17,7.375358e+07,3.792404e+15,1.288495e+18,9.810195e+17,2.856300e+08,4.590374e+16,9.504051e+18,3.408341e+18,2,63,N,N
2.319892e+08,3.662229e+16,5.447848e+17,1.357373e+17,9.769028e+07,8.053597e+15,7.037675e+17,4.038972e+17,2.416904e+08,2.545954e+16,1.557361e+18,1.532946e+18,0,72,N,N
2.624668e+08,4.628021e+16,9.600230e+18,1.121860e+18,7.145833e+07,3.657699e+15,7.076789e+17,5.257695e+17,2.747049e+08,3.649921e+16,1.451734e+19,3.746455e+18,0,9,N,N
2.868403e+08,4.292489e+16,9.638801e+18,3.631653e+18,8.167397e+07,4.992975e+15,1.164256e+18,4.488131e+17,2.767201e+08,4.697807e+16,2.013007e+18,3.741365e+18,3,85,N,N
2.701301e+08,4.210456e+16,2.811088e+17,1.361994e+17,9.592007e+07,7.980507e+15,1.303433e+18,7.802767e+17,2.803246e+08,3.560180e+16,4.338692e+18,2.787398e+18,2,70,N,N
3.838062e+08,8.331495e+16,7.151363e+18,1.503188e+18,9.889823e+07,6.331319e+15,1.329250e+18,5.910227e+17,3.875302e+08,9.322297e+16,1.280284e+19,6.753143e+18,2,59,N,N
2.566656e+08,4.355656e+16,8.255326e+17,1.020009e+17,6.859043e+07,3.001453e+15,7.764855e+17,6.217723e+17,2.554861e+08,3.563990e+16,6.357592e+18,2.270621e+18,1,12,N,N
4.108701e+08,9.443683e+16,8.971780e+18,3.626126e+18,9.189633e+07,6.591421e+15,1.357788e+18,6.034040e+17,3.941517e+08,1.017538e+17,1.027745e+19,5.572785e+18,3,83,N,N
3.818984e+08,8.306235e+16,8.175301e+18,9.915502e+17,8.381702e+07,5.164705e+15,1.077771e+18,4.141460e+17,3.671986e+08,8.886418e+16,8.584269e+18,3.057550e+18,0,62,N,N
4.200715e+08,1.081757e+17,2.783942e+19,5.657666e+18,1.036248e+08,7.231576e+15,1.576821e+18,7.285308e+17,4.312680e+08,1.035688e+17,1.148342e+19,1.326424e+19,3,64,N,N
4.602048e+08,1.293089e+17,1.142268e+19,2.299737e+18,9.244304e+07,7.037458e+15,8.631829e+17,3.498807e+17,4.495650e+08,1.372177e+17,1.491467e+19,3.939046e+18,2,69,N,N
3.377565e+08,6.189862e+16,1.850552e+19,3.080051e+18,1.001519e+08,7.897037e+15,2.599597e+18,1.105261e+18,3.442445e+08,5.875288e+16,8.795167e+18,5.626933e+18,1,47,N,N
3.727579e+08,8.335649e+16,1.985060e+19,2.409751e+18,1.084688e+08,7.603366e+15,2.582361e+18,1.068228e+18,3.971729e+08,8.915938e+16,1.816968e+19,9.283912e+18,1,75,N,N
3.646987e+08,7.085430e+16,1.217423e+18,1.160432e+18,1.280357e+08,1.072406e+16,1.034657e+18,6.357281e+17,3.277872e+08,5.616071e+16,5.604725e+18,2.869181e+18,1,59,N,N
3.476450e+08,8.172014e+16,9.998636e+16,2.969053e+17,1.224358e+08,1.005864e+16,2.221329e+18,1.416285e+18,3.384850e+08,5.557419e+16,1.448535e+19,5.521558e+18,0,12,N,N
3.454614e+08,6.816093e+16,2.207997e+18,8.625970e+17,1.198809e+08,1.061602e+16,1.358735e+18,8.915219e+17,3.209708e+08,5.344125e+16,1.101123e+19,3.981693e+18,0,40,N,N
2.547230e+08,3.781837e+16,7.837912e+18,3.486408e+18,6.914569e+07,3.484064e+15,1.115363e+18,6.390251e+17,2.519313e+08,3.647116e+16,3.643566e+18,4.171692e+18,0,64,N,N
3.907146e+08,9.891788e+16,9.984449e+18,1.364339e+18,1.141708e+08,9.312048e+15,1.566903e+18,1.225911e+18,3.886513e+08,7.801826e+16,2.559986e+19,6.730167e+18,3,66,N,N
3.576826e+08,9.155671e+16,6.009571e+18,3.815763e+18,1.069879e+08,6.479975e+15,5.154829e+16,6.369408e+17,3.904421e+08,6.289484e+16,5.041104e+19,1.599083e+19,1,72,N,N
4.346031e+08,1.269842e+17,3.249485e+19,1.052667e+19,1.207647e+08,9.135284e+15,2.508627e+18,1.460088e+18,4.544382e+08,9.854192e+16,7.731841e+19,2.392602e+19,0,4,N,N
2.647777e+08,3.967634e+16,5.530090e+18,2.658090e+18,8.829540e+07,6.241484e+15,1.903744e+18,1.128536e+18,2.805912e+08,3.792432e+16,5.310800e+18,6.088658e+18,2,50,N,N
3.363088e+08,6.786907e+16,6.201175e+18,2.957710e+18,9.869420e+07,7.060368e+15,1.536918e+18,9.838567e+17,3.314388e+08,5.709145e+16,1.326962e+19,6.776366e+18,0,61,N,N
2.842427e+08,4.973736e+16,2.291549e+18,1.302275e+18,7.744856e+07,3.557472e+15,9.462284e+17,6.648917e+17,2.771055e+08,4.276761e+16,1.151765e+19,4.362170e+18,3,60,N,N
3.236960e+08,6.208448e+16,2.437252e+18,1.369382e+18,1.033728e+08,8.927578e+15,1.155178e+18,7.305005e+17,3.224685e+08,5.090493e+16,4.067551e+18,3.364480e+18,3,75,N,N
9.606088e+07,7.814702e+15,3.681718e+16,2.372128e+16,2.806382e+07,6.511163e+14,4.206624e+17,4.177577e+17,1.126448e+08,5.315709e+15,6.274259e+17,8.811599e+17,1,62,N,N
2.929856e+08,4.469426e+16,2.689106e+18,3.136703e+17,9.493564e+07,7.800442e+15,1.119271e+18,6.339227e+17,2.980864e+08,4.137698e+16,1.968998e+18,1.452791e+18,2,80,N,N
2.902657e+08,4.193810e+16,5.108934e+18,1.857446e+18,1.026469e+08,8.360028e+15,2.675271e+18,1.591836e+18,2.930094e+08,4.043618e+16,1.720660e+18,3.166406e+18,0,91,N,N
3.719326e+08,7.703151e+16,1.453025e+19,5.355707e+18,9.004356e+07,5.830272e+15,1.080740e+18,5.961494e+17,3.655018e+08,7.951622e+16,1.233431e+19,1.037953e+19,1,95,N,N
2.967507e+08,4.976268e+16,1.866895e+18,1.863096e+17,1.013265e+08,6.101315e+15,1.296172e+18,1.234253e+18,2.997395e+08,3.843517e+16,7.060875e+18,4.080038e+18,1,103,N,N
3.020526e+08,4.917566e+16,1.213095e+19,4.912158e+18,8.001260e+07,4.661783e+15,1.586510e+18,6.748430e+17,2.985239e+08,4.947292e+16,3.461120e+18,6.060170e+18,0,68,N,N
3.733969e+08,8.020873e+16,8.530393e+18,9.012536e+17,9.690895e+07,7.103634e+15,1.943956e+18,1.103938e+18,3.701945e+08,7.668984e+16,9.299597e+18,4.557850e+18,2,104,N,N
1.953797e+08,2.533533e+16,1.171628e+18,1.053180e+17,5.398058e+07,2.187075e+15,7.821582e+17,5.434584e+17,2.094189e+08,1.999539e+16,2.424704e+18,1.664790e+18,2,52,N,N
2.838453e+08,4.520112e+16,4.868914e+18,1.168477e+18,8.130216e+07,5.114204e+15,1.607576e+18,8.373910e+17,2.933883e+08,4.239978e+16,6.217844e+18,3.399672e+18,3,89,N,N
1.311419e+08,1.221807e+16,3.651216e+17,1.314322e+17,7.717434e+07,3.773586e+15,9.716492e+17,7.501275e+17,1.459128e+08,4.507860e+15,3.872944e+17,1.595697e+18,0,30,N,N
3.917758e+08,9.678124e+16,5.035214e+18,3.775397e+17,1.222794e+08,9.976659e+15,2.602457e+18,2.174120e+18,3.797351e+08,7.498996e+16,2.877253e+19,7.963342e+18,3,104,N,N
2.524976e+08,4.127954e+16,1.276891e+18,3.251087e+17,7.017333e+07,3.358884e+15,8.106164e+17,7.231902e+17,2.572162e+08,3.342660e+16,4.940815e+18,2.763313e+18,0,45,N,N
2.750914e+08,4.224788e+16,1.739139e+18,6.424465e+17,9.035130e+07,7.220835e+15,1.239505e+18,7.399639e+17,2.877892e+08,3.878680e+16,6.864194e+18,3.647255e+18,1,70,N,N
2.885462e+08,4.162257e+16,8.812877e+18,2.134060e+18,9.449184e+07,6.536062e+15,2.296988e+18,1.006990e+18,2.820728e+08,4.114308e+16,2.323937e+18,3.494191e+18,1,99,N,N
3.789982e+08,8.439619e+16,3.358685e+19,6.682567e+18,9.226670e+07,5.798837e+15,2.226001e+18,8.108467e+17,3.827557e+08,8.222332e+16,1.679912e+19,1.008080e+19,2,98,N,N
3.424742e+08,7.182522e+16,7.503762e+18,1.890841e+18,8.510028e+07,5.384534e+15,1.148817e+18,7.685680e+17,3.377929e+08,6.738517e+16,1.055347e+19,3.402491e+18,0,19,N,N
3.577742e+08,7.866451e+16,1.427709e+19,3.463005e+18,8.864524e+07,4.745508e+15,1.402421e+18,5.698234e+17,3.663903e+08,7.820720e+16,1.657779e+19,5.540146e+18,3,69,N,N
3.752250e+08,8.763055e+16,1.274708e+19,1.263494e+18,8.875890e+07,4.764344e+15,7.850290e+17,6.050498e+17,3.749551e+08,8.391133e+16,1.674548e+19,6.587607e+18,0,24,N,N
2.552134e+08,3.409663e+16,1.767652e+18,4.125326e+17,9.519416e+07,8.027275e+15,1.289319e+18,7.020390e+17,2.712580e+08,3.273448e+16,4.841088e+18,3.120809e+18,3,70,N,N
4.204228e+08,9.571808e+16,1.465315e+19,6.578098e+18,9.769579e+07,8.110367e+15,9.190851e+17,3.199992e+17,3.985744e+08,1.070479e+17,8.867014e+18,7.458886e+18,2,100,N,N
2.369996e+08,3.202568e+16,1.333677e+18,2.517071e+17,7.378748e+07,3.888401e+15,9.365378e+17,7.417202e+17,2.343278e+08,2.679841e+16,1.820723e+18,1.548067e+18,3,103,N,N
4.474361e+08,1.211175e+17,2.193429e+19,3.000714e+18,1.072302e+08,9.132174e+15,2.237154e+18,8.526680e+17,4.551206e+08,1.158181e+17,2.840015e+19,9.002842e+18,0,93,N,N
2.893607e+08,4.667987e+16,5.846069e+18,2.374214e+18,8.925253e+07,6.273935e+15,1.769569e+18,9.933253e+17,2.895593e+08,4.891610e+16,5.185370e+18,5.802620e+18,3,71,N,N
2.922104e+08,5.772612e+16,1.740534e+18,4.466514e+17,9.814294e+07,6.383064e+15,1.340114e+18,1.267203e+18,2.880387e+08,3.979995e+16,1.457613e+19,4.665323e+18,3,53,N,N
4.738746e+08,1.275476e+17,1.533647e+19,3.683830e+18,1.126372e+08,8.441301e+15,9.951568e+17,5.329503e+17,4.476717e+08,1.307482e+17,2.159032e+19,5.081448e+18,3,54,N,N
3.754463e+08,8.003469e+16,1.403401e+19,4.854848e+18,9.076218e+07,6.678636e+15,1.536611e+18,6.625313e+17,3.724833e+08,8.125060e+16,7.542111e+18,5.546422e+18,3,100,N,N
3.484823e+08,6.389920e+16,2.008678e+18,1.430437e+17,1.046481e+08,9.606828e+15,4.796215e+17,2.961184e+17,3.367037e+08,6.951900e+16,2.216119e+18,8.892751e+17,0,77,N,N
2.909366e+08,5.021659e+16,6.080418e+18,2.501408e+18,8.310018e+07,5.122085e+15,1.656028e+18,1.137250e+18,3.011804e+08,4.349594e+16,1.202232e+19,5.895257e+18,2,48,N,N
3.333368e+08,5.950914e+16,8.878542e+17,1.957656e+17,9.599130e+07,7.072351e+15,1.645515e+18,8.462885e+17,3.254450e+08,5.688912e+16,5.015938e+18,2.630236e+18,3,74,N,N
3.254560e+08,5.809832e+16,2.016897e+19,8.399301e+18,1.129266e+08,1.015234e+16,3.397030e+18,1.600433e+18,3.258585e+08,5.086034e+16,6.700708e+18,1.265276e+19,0,41,N,N
3.609387e+08,7.007567e+16,9.314806e+18,1.163234e+18,9.454291e+07,7.288812e+15,1.174934e+18,5.081995e+17,3.534672e+08,7.603599e+16,2.785725e+18,2.345006e+18,3,84,N,N
3.650359e+08,8.134405e+16,2.918428e+18,7.979719e+17,1.121063e+08,1.036552e+16,2.482897e+18,1.636845e+18,3.646418e+08,7.366692e+16,2.328944e+19,7.850129e+18,0,7,N,N
3.071137e+08,4.927108e+16,7.886149e+18,2.083367e+18,8.786440e+07,6.137148e+15,1.305185e+18,5.713267e+17,3.096781e+08,4.912259e+16,1.686640e+18,3.622809e+18,2,65,N,N
1.565427e+08,1.550712e+16,9.331348e+18,3.848409e+18,7.205853e+07,8.233497e+14,8.718774e+17,7.719141e+17,1.499275e+08,7.785522e+15,8.181604e+18,4.910168e+18,0,5,N,N
4.359958e+08,1.243303e+17,5.541799e+18,4.383935e+17,1.129811e+08,7.707192e+15,1.772818e+18,1.358120e+18,4.452644e+08,1.043416e+17,6.612553e+19,1.508356e+19,2,49,N,N
