3.570047e+08,9.588990e+15,1.207652e+17,1.964741e+16,1.527500e+08,1.187340e+16,1.143427e+19,1.216600e+18,2.485364e+08,4.570957e+16,1.520116e+17,2.282552e+16,2,93
3.721887e+08,7.274841e+15,5.635386e+16,6.688625e+16,1.641040e+08,1.550925e+16,1.237467e+19,1.335270e+18,2.481207e+08,4.825801e+16,7.991475e+17,1.480002e+17,0,90
4.858464e+08,3.671947e+15,3.187299e+18,1.314966e+17,2.277865e+08,3.953601e+16,1.778462e+19,1.942500e+18,2.874566e+08,6.971618e+16,5.847232e+17,5.425649e+17,0,86
4.731538e+08,1.425812e+16,4.386716e+17,2.647105e+16,2.048588e+08,2.293365e+16,1.889267e+19,2.301953e+18,3.217581e+08,8.170255e+16,1.428613e+18,2.215927e+17,1,73
4.153918e+08,7.984951e+15,6.428860e+16,7.822238e+17,1.835110e+08,2.046040e+16,1.321428e+19,1.549150e+18,2.723640e+08,5.936754e+16,1.053618e+18,4.347062e+17,0,23
3.615564e+08,3.944547e+15,1.986801e+16,7.035826e+17,1.658438e+08,1.771308e+16,1.043374e+19,1.089339e+18,2.285425e+08,4.290988e+16,4.710045e+17,3.744664e+17,0,89
3.822546e+08,7.374997e+15,4.194100e+18,4.106535e+17,1.654218e+08,1.737672e+16,1.266110e+19,1.163173e+18,2.505421e+08,4.874304e+16,1.372599e+18,9.806191e+17,0,3
4.036563e+08,1.026797e+16,6.998776e+17,7.366011e+17,1.712127e+08,1.762972e+16,1.419577e+19,1.609056e+18,2.710941e+08,5.736978e+16,1.844110e+18,8.806838e+17,0,6
3.645733e+08,1.176915e+16,5.462385e+16,1.341693e+17,1.555476e+08,1.121202e+16,1.156615e+19,1.271707e+18,2.591117e+08,5.008636e+16,2.394071e+17,2.612335e+16,1,87
3.885771e+08,5.181229e+15,6.409198e+17,5.272545e+16,1.709889e+08,2.180897e+16,1.249145e+19,1.392978e+18,2.411575e+08,4.786799e+16,8.734924e+16,1.216474e+17,1,74
3.666493e+08,5.212501e+15,2.093078e+18,2.606048e+17,1.633535e+08,1.769462e+16,1.159311e+19,1.180390e+18,2.338142e+08,4.406541e+16,4.246273e+17,5.930649e+17,1,62
4.050655e+08,6.931733e+15,9.803552e+17,1.143701e+18,1.794814e+08,2.075529e+16,1.395908e+19,1.491224e+18,2.613796e+08,5.529706e+16,9.047070e+17,1.184832e+18,0,31
4.138336e+08,4.533749e+15,1.658151e+17,6.567003e+16,2.008010e+08,2.196429e+16,1.732014e+19,1.805770e+18,2.657597e+08,5.662081e+16,1.026085e+18,7.803873e+16,1,95
3.771709e+08,5.594518e+15,7.460879e+16,1.444672e+17,1.695826e+08,1.798588e+16,1.274638e+19,1.366862e+18,2.438693e+08,4.779049e+16,1.308693e+17,7.020714e+16,1,60
3.192941e+08,5.960504e+15,1.133007e+17,2.812173e+17,1.394080e+08,1.069780e+16,9.930646e+18,1.058085e+18,2.166058e+08,3.423912e+16,5.369761e+17,1.826946e+17,1,92
3.582129e+08,1.104388e+16,5.379573e+16,6.664896e+16,1.491660e+08,1.123394e+16,1.083804e+19,1.190085e+18,2.523541e+08,4.745591e+16,2.273549e+17,8.864586e+16,3,93
3.937725e+08,1.029139e+16,4.887871e+17,1.093703e+18,1.850786e+08,1.282003e+16,1.586848e+19,1.337189e+18,2.806432e+08,6.033868e+16,5.410626e+18,2.478885e+18,3,80
3.717387e+08,6.730834e+15,8.003444e+17,1.239444e+18,1.651723e+08,1.616623e+16,1.167903e+19,1.188814e+18,2.465656e+08,4.582530e+16,1.172707e+18,9.847996e+17,1,25
3.956239e+08,8.026036e+15,1.233193e+17,3.428822e+17,1.772963e+08,1.741952e+16,1.466267e+19,1.603810e+18,2.648736e+08,5.542879e+16,1.055194e+18,3.627331e+17,3,103
3.457361e+08,9.445643e+15,8.539205e+15,1.020027e+17,1.473345e+08,1.067497e+16,1.037925e+19,1.146288e+18,2.426177e+08,4.366224e+16,8.623149e+16,4.962039e+16,0,93
5.008067e+08,1.962835e+16,1.193370e+18,1.712837e+17,2.118454e+08,2.334425e+16,2.108812e+19,2.569705e+18,3.495012e+08,9.551894e+16,2.101875e+18,1.715568e+17,2,73
3.668146e+08,5.775551e+15,3.683953e+17,2.537171e+18,1.741318e+08,1.426089e+16,9.628386e+18,1.271527e+18,2.478651e+08,4.804935e+16,2.236363e+18,7.796183e+17,1,76
3.633408e+08,9.155053e+15,1.722412e+17,2.098251e+18,1.533108e+08,1.312296e+16,9.302139e+18,9.459413e+17,2.488574e+08,4.921802e+16,1.518395e+18,1.319259e+18,1,61
3.754306e+08,1.181811e+16,2.323202e+17,1.176607e+18,1.640596e+08,1.065927e+16,1.305094e+19,1.632533e+18,2.722813e+08,5.359613e+16,2.370676e+18,7.353653e+17,3,55
3.842452e+08,6.288851e+15,1.216103e+18,5.667748e+17,1.697619e+08,1.869429e+16,1.323509e+19,1.383994e+18,2.484020e+08,4.962931e+16,4.972637e+17,7.282943e+17,1,43
3.749455e+08,8.119290e+15,5.594355e+17,2.861291e+16,1.579592e+08,1.623622e+16,1.326905e+19,1.471283e+18,2.477269e+08,4.800918e+16,9.198536e+16,1.139729e+17,3,84
3.411168e+08,9.896539e+15,1.417628e+17,5.505139e+17,1.471426e+08,9.474136e+15,1.009541e+19,1.092111e+18,2.447942e+08,4.432256e+16,6.166587e+17,1.146556e+17,1,44
3.824106e+08,8.220150e+15,2.603807e+17,8.492963e+16,1.649738e+08,1.637469e+16,1.320950e+19,1.402107e+18,2.544527e+08,5.029146e+16,1.036014e+17,1.217883e+17,1,45
2.662720e+08,5.382556e+15,3.579831e+17,1.819525e+18,1.178250e+08,5.756305e+15,6.099478e+18,5.754654e+17,1.910404e+08,2.406124e+16,4.701673e+18,5.590850e+17,1,54
3.768458e+08,1.330998e+16,3.983913e+16,2.176548e+17,1.583405e+08,1.110295e+16,1.146881e+19,1.246211e+18,2.715750e+08,5.582515e+16,4.623333e+17,6.914750e+16,2,87
3.505413e+08,8.252966e+15,1.333634e+17,1.625192e+18,1.508063e+08,1.187558e+16,8.740004e+18,9.155617e+17,2.415973e+08,4.644738e+16,1.068337e+18,8.364682e+17,2,61
3.870321e+08,7.095840e+15,1.316055e+17,2.727571e+17,1.717083e+08,1.822378e+16,1.117775e+19,1.175934e+18,2.524367e+08,5.111920e+16,3.841047e+17,2.136187e+17,0,27
3.853001e+08,6.178583e+15,1.473120e+17,6.504836e+17,1.757925e+08,1.756551e+16,1.405488e+19,1.583204e+18,2.536602e+08,5.088037e+16,6.595718e+17,2.094320e+17,2,60
4.231767e+08,4.241237e+15,1.482306e+17,1.291921e+17,2.041904e+08,2.412659e+16,1.695308e+19,1.795683e+18,2.680890e+08,5.835122e+16,9.194108e+17,1.621324e+17,0,95
4.157706e+08,1.085765e+16,3.382444e+17,6.945984e+17,1.805802e+08,1.774490e+16,1.539485e+19,1.706649e+18,2.827022e+08,6.304208e+16,4.816675e+17,3.264493e+17,2,70
3.725611e+08,8.650673e+15,1.793977e+18,1.228236e+18,1.583799e+08,1.495308e+16,1.224710e+19,1.276618e+18,2.504985e+08,4.916581e+16,1.324096e+18,1.438336e+18,1,52
3.865657e+08,6.533804e+15,3.493781e+18,4.778394e+18,1.946296e+08,1.298591e+16,1.120200e+19,1.738460e+18,2.726565e+08,5.505859e+16,3.497283e+18,1.009415e+18,3,67
3.139005e+08,8.563761e+15,9.622038e+17,8.963869e+17,1.278958e+08,9.071775e+15,8.082459e+18,7.467909e+17,2.186894e+08,3.623130e+16,9.823456e+17,8.276481e+17,0,77
3.255880e+08,9.133982e+15,5.759811e+17,1.012097e+18,1.337643e+08,9.657247e+15,9.041708e+18,8.344952e+17,2.275732e+08,3.893657e+16,1.050168e+18,7.782727e+17,1,77
3.448583e+08,1.584994e+16,2.764815e+18,5.427783e+17,1.338993e+08,7.491980e+15,9.271813e+18,8.910343e+17,2.595810e+08,4.670222e+16,1.191934e+18,9.962657e+17,2,64
3.407792e+08,5.808410e+15,1.091813e+17,2.561280e+17,1.502054e+08,1.366732e+16,1.114736e+19,1.141844e+18,2.252058e+08,3.832478e+16,2.977662e+17,6.152322e+16,2,71
3.727282e+08,6.619067e+15,7.680745e+16,5.339853e+16,1.686685e+08,1.561608e+16,1.301150e+19,1.409472e+18,2.482619e+08,4.784913e+16,6.678808e+17,1.014828e+17,1,90
4.557581e+08,7.575051e+15,1.772053e+18,6.858068e+16,2.028315e+08,2.851360e+16,1.882141e+19,2.025041e+18,2.882984e+08,6.765090e+16,6.576790e+17,2.369351e+17,2,49
4.380110e+08,6.785850e+15,4.232487e+17,6.407951e+17,2.112019e+08,2.242585e+16,1.843928e+19,1.874452e+18,2.884339e+08,6.634064e+16,2.170542e+18,1.133077e+18,0,13
3.763710e+08,8.599773e+15,7.621949e+17,5.629133e+17,1.633250e+08,1.484857e+16,1.118805e+19,1.164599e+18,2.548342e+08,5.033848e+16,7.794317e+17,5.143864e+17,0,25
3.401256e+08,5.725373e+15,9.868470e+17,2.914361e+17,1.474804e+08,1.446922e+16,1.013347e+19,9.976659e+17,2.223446e+08,3.822836e+16,4.564899e+17,3.258392e+17,2,83
4.378808e+08,7.336218e+15,1.268593e+18,8.641383e+16,1.908547e+08,2.643195e+16,1.595281e+19,1.750358e+18,2.758188e+08,6.286312e+16,4.316140e+17,1.786532e+17,0,49
4.046888e+08,8.163419e+15,3.461870e+18,3.491306e+18,1.987076e+08,1.397888e+16,1.267501e+19,2.001167e+18,2.865283e+08,6.117341e+16,2.903047e+18,5.490476e+17,2,67
3.183174e+08,9.194839e+15,9.933688e+17,4.052547e+17,1.406377e+08,7.532930e+15,8.704907e+18,9.566533e+17,2.315931e+08,3.831709e+16,4.914914e+17,2.593724e+16,1,33
3.770312e+08,1.360002e+16,1.095800e+16,1.107706e+17,1.587325e+08,1.155908e+16,1.204815e+19,1.344393e+18,2.696369e+08,5.466700e+16,5.565533e+17,5.269486e+16,0,87
3.113714e+08,7.631096e+15,4.428534e+17,2.496003e+17,1.298231e+08,9.085163e+15,9.102709e+18,9.434975e+17,2.164560e+08,3.428068e+16,2.688748e+17,2.213532e+17,3,58
3.765353e+08,1.213806e+16,2.130946e+17,2.482203e+18,1.583515e+08,1.182255e+16,1.241937e+19,1.392725e+18,2.678323e+08,5.241519e+16,3.473711e+18,1.104426e+18,3,59
2.944098e+08,6.715920e+15,4.844435e+17,8.599566e+17,1.249725e+08,8.320131e+15,7.540270e+18,6.918706e+17,2.042709e+08,3.014672e+16,2.150137e+18,5.360807e+17,2,37
3.609213e+08,4.174358e+15,3.494366e+16,6.521300e+17,1.659655e+08,1.705921e+16,1.070986e+19,1.112646e+18,2.303563e+08,4.333748e+16,3.702044e+17,3.389539e+17,1,89
3.923501e+08,8.247553e+15,7.989651e+17,2.319281e+17,1.698033e+08,1.786081e+16,1.391296e+19,1.493744e+18,2.592661e+08,5.210327e+16,7.404645e+17,4.460156e+17,0,11
3.440387e+08,1.030732e+16,5.784193e+17,8.669322e+17,1.425343e+08,1.027978e+16,1.016208e+19,1.104052e+18,2.426505e+08,4.238773e+16,1.144863e+18,7.916508e+17,1,10
3.587073e+08,9.179159e+15,3.280626e+16,3.667269e+17,1.590278e+08,1.101542e+16,1.134303e+19,1.362582e+18,2.537556e+08,4.633083e+16,7.259920e+17,1.776146e+17,3,85
3.756638e+08,6.116258e+15,7.445537e+17,7.519327e+17,1.663195e+08,1.769720e+16,1.275390e+19,1.343106e+18,2.435980e+08,4.768175e+16,5.802817e+17,7.203417e+17,0,43
3.906078e+08,9.095886e+15,6.159884e+17,6.049926e+17,1.819903e+08,1.364303e+16,1.447966e+19,1.251122e+18,2.738081e+08,5.837638e+16,4.453231e+18,1.731239e+18,0,80
3.812996e+08,1.127668e+16,8.282174e+17,2.506072e+17,1.628086e+08,1.328289e+16,1.316223e+19,1.381222e+18,2.673204e+08,5.368377e+16,2.773255e+18,7.042934e+17,3,65
4.217812e+08,8.841499e+15,4.194725e+16,3.143025e+17,1.849516e+08,2.107511e+16,1.375053e+19,1.548644e+18,2.775969e+08,5.933725e+16,1.327938e+17,3.216905e+15,0,72
3.428441e+08,6.499189e+15,1.766136e+17,4.106306e+17,1.491338e+08,1.323453e+16,1.093633e+19,1.192902e+18,2.281114e+08,3.925805e+16,5.873288e+17,2.543553e+17,0,48
3.666725e+08,9.101818e+15,9.400936e+17,1.143083e+18,1.593723e+08,1.303702e+16,1.207663e+19,1.256805e+18,2.532543e+08,5.013338e+16,1.639781e+18,1.451741e+18,2,82
4.240284e+08,9.019064e+15,6.843008e+17,4.938343e+16,1.856757e+08,2.117051e+16,1.510323e+19,1.650247e+18,2.785574e+08,6.309174e+16,1.187442e+17,1.382610e+16,3,79
3.241925e+08,7.712756e+15,3.028857e+17,3.522903e+17,1.362887e+08,1.021144e+16,1.009730e+19,1.046748e+18,2.234488e+08,3.670538e+16,4.262233e+17,2.510985e+17,0,58
3.637971e+08,1.051541e+16,2.838485e+17,1.022565e+18,1.596284e+08,1.050142e+16,1.135717e+19,1.353502e+18,2.613256e+08,5.043064e+16,2.180193e+18,7.049392e+17,0,55
3.002806e+08,7.303568e+15,1.646013e+18,5.873257e+17,1.375740e+08,6.211038e+15,6.505214e+18,8.214342e+17,2.216195e+08,3.428307e+16,7.695310e+17,3.055212e+16,1,42
3.847364e+08,7.993668e+15,3.020105e+18,4.160406e+18,1.678754e+08,1.632192e+16,1.181730e+19,1.210004e+18,2.569904e+08,5.241082e+16,4.353457e+18,4.303238e+18,0,14
3.728822e+08,8.556174e+15,4.145855e+17,1.833722e+17,1.608698e+08,1.439417e+16,1.246548e+19,1.406368e+18,2.529348e+08,4.980486e+16,2.993495e+17,1.259966e+17,0,45
3.961889e+08,5.268338e+15,1.738729e+18,1.053163e+18,1.802083e+08,2.138488e+16,1.251369e+19,1.291607e+18,2.507703e+08,5.059461e+16,1.038899e+18,1.030099e+18,0,1
3.683341e+08,1.172295e+16,1.885034e+17,7.440646e+17,1.564796e+08,1.087688e+16,1.303680e+19,1.260466e+18,2.641024e+08,4.902153e+16,7.320737e+17,5.003049e+17,0,24
3.416560e+08,7.068030e+15,4.400431e+15,1.990455e+17,1.467635e+08,1.271418e+16,1.091709e+19,1.202024e+18,2.291503e+08,3.955862e+16,6.401520e+17,1.149968e+17,3,48
3.612525e+08,5.873031e+15,2.084093e+17,8.570367e+17,1.679245e+08,1.412912e+16,1.099918e+19,1.256049e+18,2.435138e+08,4.539556e+16,6.047776e+17,1.779791e+17,0,7
4.144124e+08,5.485224e+15,2.774230e+17,3.545533e+17,1.931105e+08,2.198016e+16,1.345138e+19,1.503707e+18,2.664811e+08,5.824377e+16,2.484918e+17,1.177901e+17,2,101
3.706836e+08,5.178162e+15,5.978461e+17,3.971642e+17,1.652851e+08,1.846578e+16,1.187085e+19,1.232106e+18,2.360451e+08,4.439326e+16,3.274069e+17,3.922239e+17,0,63
2.768913e+08,6.045643e+15,1.857266e+17,1.331222e+18,1.216820e+08,6.095820e+15,6.602715e+18,6.098825e+17,1.994076e+08,2.647095e+16,4.721802e+18,4.672869e+17,3,54
4.272820e+08,4.891571e+15,2.371843e+17,1.948641e+17,2.027265e+08,2.428762e+16,1.582034e+19,1.748312e+18,2.723504e+08,6.021172e+16,4.345153e+17,8.021183e+16,1,101
3.142294e+08,1.157171e+16,1.006922e+18,2.844678e+17,1.260678e+08,6.695621e+15,8.581177e+18,8.562825e+17,2.327970e+08,3.733814e+16,6.704634e+17,4.660809e+17,0,64
3.237071e+08,7.940306e+15,5.128332e+17,4.386212e+17,1.351425e+08,1.016655e+16,9.673302e+18,1.012380e+18,2.233168e+08,3.693996e+16,3.188899e+17,3.782563e+17,1,58
2.980499e+08,8.206771e+15,4.633776e+17,4.474556e+17,1.230982e+08,7.187551e+15,8.536712e+18,7.470507e+17,2.135713e+08,3.195718e+16,1.075994e+18,3.668766e+17,2,91
5.701071e+08,7.502190e+15,1.735185e+18,6.567236e+18,2.839686e+08,4.248752e+16,4.193562e+19,5.193607e+18,3.672450e+08,9.967662e+16,3.517938e+18,2.098890e+18,2,76
4.156287e+08,9.896856e+15,2.751353e+17,8.121576e+17,1.829054e+08,1.823562e+16,1.556950e+19,1.720320e+18,2.809110e+08,6.220155e+16,3.450189e+17,3.120817e+17,0,70
3.969892e+08,6.574468e+15,3.123133e+18,4.932968e+18,2.025262e+08,1.348582e+16,1.182561e+19,1.924769e+18,2.810390e+08,5.850642e+16,4.070235e+18,1.054122e+18,1,67
3.960399e+08,4.321971e+15,8.198690e+16,6.209669e+16,1.803166e+08,2.293930e+16,1.328539e+19,1.483921e+18,2.448562e+08,4.944756e+16,8.488994e+16,2.787391e+16,1,100
4.119941e+08,4.044986e+15,5.893017e+15,9.346786e+16,2.002892e+08,2.239358e+16,1.672122e+19,1.765796e+18,2.624483e+08,5.575811e+16,5.602743e+17,1.207020e+17,2,95
3.625363e+08,5.264785e+15,1.343771e+18,2.546247e+17,1.622278e+08,1.715987e+16,1.236355e+19,1.268244e+18,2.336850e+08,4.307919e+16,1.322168e+17,9.785817e+16,2,62
2.967076e+08,6.977584e+15,6.393734e+17,1.352554e+18,1.250879e+08,8.381074e+15,7.268449e+18,6.458043e+17,2.062269e+08,3.065479e+16,2.613112e+18,9.002150e+17,1,37
3.313141e+08,4.841202e+15,2.909482e+17,4.314324e+16,1.457298e+08,1.353102e+16,1.052706e+19,1.070099e+18,2.152616e+08,3.516680e+16,8.956335e+17,1.357490e+17,3,102
3.748687e+08,5.025073e+15,1.053024e+18,2.870669e+17,1.692778e+08,1.873319e+16,1.271749e+19,1.294607e+18,2.385877e+08,4.571776e+16,1.761040e+17,2.995156e+17,3,62
4.767430e+08,1.609507e+16,3.438079e+17,2.530057e+17,2.055617e+08,2.179868e+16,2.000939e+19,2.415849e+18,3.300781e+08,8.440892e+16,2.197946e+18,2.676760e+17,3,73
4.511051e+08,1.100509e+16,2.447998e+18,1.432038e+18,1.975318e+08,2.232907e+16,1.522736e+19,1.651809e+18,3.018339e+08,7.114486e+16,8.036042e+18,3.072576e+18,3,98
2.822207e+08,5.514704e+15,5.605832e+17,5.755131e+17,1.202655e+08,7.923039e+15,7.690051e+18,6.915052e+17,1.932156e+08,2.686474e+16,1.582926e+18,5.642427e+17,0,53
3.824424e+08,4.472174e+15,3.536862e+17,1.368466e+17,1.706598e+08,2.162597e+16,1.202022e+19,1.335427e+18,2.360595e+08,4.561173e+16,1.285550e+17,1.590346e+17,0,74
2.732951e+08,5.794027e+15,8.323675e+16,1.109297e+18,1.187282e+08,6.168048e+15,6.525584e+18,5.374614e+17,1.947729e+08,2.554107e+16,4.023502e+18,4.242953e+17,2,54
3.832604e+08,1.687355e+16,9.442517e+17,1.001012e+18,1.569398e+08,9.828901e+15,1.539743e+19,1.746547e+18,2.841337e+08,5.734863e+16,1.418900e+18,1.943612e+17,1,97
4.560606e+08,9.605589e+15,2.689546e+18,1.860482e+18,2.019002e+08,2.460727e+16,1.539814e+19,1.638869e+18,2.998129e+08,7.021330e+16,6.734833e+18,3.288388e+18,0,98
3.458030e+08,6.798360e+15,2.618320e+17,8.852264e+17,1.452363e+08,1.406526e+16,9.114651e+18,9.288635e+17,2.276426e+08,4.168753e+16,8.326119e+17,5.804753e+17,0,57
2.787256e+08,6.433002e+15,2.826465e+16,5.925730e+17,1.202006e+08,6.900356e+15,7.070438e+18,5.543266e+17,1.966325e+08,2.629036e+16,1.507636e+18,2.503256e+17,0,32
3.234106e+08,4.812505e+15,3.479100e+16,3.761577e+16,1.449099e+08,1.198322e+16,1.097337e+19,1.120252e+18,2.140749e+08,3.378938e+16,6.586609e+17,4.509282e+16,1,96
4.606036e+08,1.330943e+16,2.432819e+17,2.453757e+17,2.008396e+08,2.170523e+16,1.862754e+19,2.299774e+18,3.134827e+08,7.668355e+16,1.993271e+18,2.106159e+17,0,73
3.798431e+08,5.227763e+15,6.781754e+17,3.227614e+17,1.696253e+08,1.961391e+16,1.240639e+19,1.288484e+18,2.408009e+08,4.653181e+16,2.332127e+17,3.832677e+17,1,63
3.990074e+08,1.185436e+16,1.755041e+18,6.616030e+17,1.670847e+08,1.544497e+16,1.542660e+19,1.783644e+18,2.747456e+08,5.672567e+16,2.287231e+18,1.236518e+18,0,56
3.472553e+08,9.370261e+15,7.727933e+16,9.992728e+17,1.506365e+08,1.011646e+16,1.077435e+19,1.253070e+18,2.466750e+08,4.458631e+16,1.560651e+18,2.892840e+17,0,59
3.291653e+08,7.936009e+15,3.357547e+17,7.077584e+17,1.377978e+08,1.056111e+16,9.669243e+18,1.038529e+18,2.267856e+08,3.820697e+16,9.145313e+17,5.249847e+17,3,92
2.916318e+08,1.014089e+16,1.017718e+18,4.407458e+17,1.148910e+08,6.240452e+15,6.678143e+18,5.503373e+17,2.148048e+08,3.166599e+16,7.418905e+17,4.483436e+17,1,75
3.767919e+08,3.622404e+15,4.466471e+16,5.916860e+17,1.763161e+08,2.007550e+16,1.160896e+19,1.346857e+18,2.353364e+08,4.446168e+16,5.121748e+17,2.273220e+17,0,15
3.400158e+08,6.910973e+15,2.048190e+16,3.808865e+17,1.466299e+08,1.244286e+16,1.058706e+19,1.165251e+18,2.290116e+08,3.959434e+16,8.549334e+17,2.005410e+17,1,48
3.489341e+08,7.493161e+15,1.241731e+18,4.049044e+17,1.480745e+08,1.324446e+16,1.038570e+19,9.925830e+17,2.339083e+08,4.138022e+16,5.846863e+17,4.827262e+17,1,5
4.561135e+08,1.053467e+16,1.391655e+18,1.609494e+18,2.021414e+08,2.315815e+16,1.570565e+19,1.652166e+18,3.040779e+08,7.241514e+16,8.194835e+18,3.181200e+18,2,98
4.046155e+08,7.474154e+15,3.083992e+17,1.636618e+17,1.799374e+08,1.973901e+16,1.503405e+19,1.664929e+18,2.650524e+08,5.609948e+16,6.812335e+17,2.177577e+17,0,18
3.537858e+08,7.648277e+15,5.405498e+17,4.173523e+17,1.507306e+08,1.373178e+16,1.155790e+19,1.224697e+18,2.367141e+08,4.361234e+16,4.159472e+17,4.710684e+17,0,52
3.894755e+08,1.190006e+16,4.843748e+17,3.332067e+18,1.678155e+08,1.289751e+16,1.445123e+19,1.658163e+18,2.759317e+08,5.518681e+16,4.429109e+18,1.703496e+18,2,59
3.482702e+08,7.454577e+15,3.921564e+17,7.123117e+17,1.521298e+08,1.257877e+16,1.128663e+19,1.229571e+18,2.364474e+08,4.332235e+16,7.658956e+17,7.058299e+17,3,82
4.024594e+08,1.133894e+16,9.972850e+17,5.406026e+17,1.746625e+08,1.485158e+16,1.897164e+19,2.035295e+18,2.805924e+08,5.754634e+16,5.322487e+17,2.701290e+16,1,36
3.968036e+08,6.060368e+15,1.551191e+16,4.095512e+17,1.791235e+08,1.997685e+16,1.282511e+19,1.395612e+18,2.554642e+08,5.284947e+16,3.562491e+17,1.705936e+17,2,104
3.925879e+08,7.550543e+15,4.625578e+16,1.825527e+17,1.710675e+08,1.844607e+16,1.270622e+19,1.375450e+18,2.571230e+08,5.379505e+16,1.976217e+17,1.221393e+17,3,60
4.072098e+08,7.241185e+15,4.459679e+17,2.299547e+17,1.863579e+08,1.936495e+16,1.622682e+19,1.751570e+18,2.692362e+08,5.702853e+16,1.314218e+18,3.541885e+17,2,103
2.758590e+08,6.888345e+15,1.058277e+17,6.407447e+17,1.171741e+08,5.902393e+15,7.229760e+18,7.399384e+17,1.996753e+08,2.650116e+16,1.132244e+18,3.161828e+17,2,94
3.805708e+08,5.679878e+15,1.748302e+18,1.862256e+17,1.691664e+08,1.914217e+16,1.389509e+19,1.473770e+18,2.436117e+08,4.625437e+16,4.281743e+17,1.958214e+17,2,12
4.137735e+08,7.023596e+15,1.275829e+17,5.346951e+17,1.811026e+08,2.224761e+16,1.252769e+19,1.335922e+18,2.646619e+08,5.875446e+16,4.820824e+17,4.889522e+17,1,88
2.950056e+08,6.421703e+15,3.655667e+17,8.256696e+17,1.258276e+08,8.592997e+15,7.486373e+18,6.743394e+17,2.033190e+08,2.979651e+16,1.958106e+18,4.900428e+17,0,37
3.867399e+08,1.541870e+16,1.235974e+17,2.317670e+17,1.603851e+08,1.134355e+16,1.186100e+19,1.262847e+18,2.820504e+08,5.950845e+16,1.715531e+17,3.413707e+16,3,87
2.973736e+08,7.868364e+15,6.594528e+17,1.029376e+18,1.203509e+08,7.863672e+15,7.387390e+18,6.585278e+17,2.088750e+08,3.174462e+16,1.117907e+18,8.222563e+17,3,66
4.291626e+08,1.081983e+16,3.136430e+18,1.609889e+18,1.852207e+08,1.974027e+16,1.431484e+19,1.567109e+18,2.886673e+08,6.454553e+16,5.158200e+18,2.638301e+18,2,99
3.417075e+08,6.210638e+15,6.649561e+15,3.010632e+17,1.491364e+08,1.351441e+16,9.939697e+18,1.049795e+18,2.261693e+08,3.986272e+16,6.664830e+17,1.094456e+17,0,41
3.821465e+08,1.001073e+16,4.050374e+16,2.935708e+17,1.674154e+08,1.340593e+16,1.243422e+19,1.411103e+18,2.664964e+08,5.213078e+16,7.667143e+17,2.530502e+17,2,85
3.594464e+08,4.537453e+15,1.258834e+17,1.937912e+18,1.643652e+08,1.636627e+16,1.005518e+19,1.089101e+18,2.315869e+08,4.229503e+16,2.090156e+18,8.926425e+17,0,68
3.671920e+08,5.983626e+15,1.832880e+17,3.128880e+16,1.675309e+08,1.541274e+16,1.289605e+19,1.375885e+18,2.436688e+08,4.623888e+16,6.138061e+17,6.745501e+16,2,90
3.707286e+08,5.850782e+15,1.066780e+18,2.628704e+18,1.787886e+08,1.403667e+16,9.368211e+18,1.262073e+18,2.524929e+08,5.030540e+16,1.792978e+18,7.142510e+17,0,76
3.612838e+08,4.092622e+15,1.254793e+16,8.987220e+17,1.656775e+08,1.739411e+16,1.028612e+19,1.060101e+18,2.295220e+08,4.311826e+16,5.323580e+17,4.802453e+17,3,89
3.096228e+08,8.098777e+15,2.822642e+17,1.209634e+18,1.338911e+08,7.591238e+15,7.667031e+18,8.753542e+17,2.224951e+08,3.671435e+16,1.009540e+18,3.819914e+17,3,50
3.062360e+08,1.062015e+16,1.448801e+18,5.548666e+17,1.225471e+08,6.605373e+15,8.432677e+18,7.678246e+17,2.250737e+08,3.546732e+16,7.445562e+17,6.420495e+17,0,38
4.511741e+08,1.144450e+16,9.873811e+17,1.279197e+18,1.982778e+08,2.221628e+16,1.780322e+19,2.092500e+18,3.021369e+08,7.457900e+16,7.854415e+17,6.422407e+17,2,79
3.452979e+08,1.086007e+16,8.891635e+16,2.371538e+17,1.464727e+08,9.429746e+15,1.018369e+19,1.115351e+18,2.491009e+08,4.618549e+16,1.595223e+17,5.996936e+15,0,4
3.369330e+08,6.039213e+15,6.290930e+16,3.090236e+17,1.477735e+08,1.306841e+16,1.074680e+19,1.104635e+18,2.239928e+08,3.783929e+16,3.187867e+17,1.318634e+17,3,71
3.964693e+08,7.655134e+15,2.400974e+18,2.478486e+17,1.715790e+08,1.944390e+16,1.372024e+19,1.414116e+18,2.578390e+08,5.242824e+16,3.969933e+17,7.034319e+17,0,12
3.724230e+08,7.920526e+15,6.646552e+17,1.112029e+18,1.624214e+08,1.552944e+16,1.162747e+19,1.210777e+18,2.500190e+08,4.901578e+16,5.903804e+17,7.966858e+17,2,69
4.519340e+08,9.391283e+15,3.082988e+18,1.412887e+18,2.025306e+08,2.453941e+16,1.436522e+19,1.550428e+18,2.953636e+08,7.282811e+16,1.805049e+18,1.624981e+18,0,79
3.637475e+08,1.508734e+16,3.244539e+17,6.121245e+17,1.511283e+08,8.541312e+15,1.411952e+19,1.588065e+18,2.713792e+08,5.165014e+16,9.129657e+17,1.223041e+17,3,97
3.792945e+08,1.397383e+16,2.643055e+17,1.791419e+16,1.610124e+08,1.012761e+16,1.065419e+19,1.271834e+18,2.792101e+08,5.497661e+16,4.781020e+16,1.208485e+17,1,85
3.451041e+08,7.178574e+15,5.884691e+16,7.218865e+17,1.441303e+08,1.361480e+16,9.353785e+18,9.538461e+17,2.288563e+08,4.183937e+16,5.911107e+17,3.518365e+17,1,57
4.270367e+08,6.513324e+15,4.780596e+17,1.056456e+17,1.877716e+08,2.563698e+16,1.518607e+19,1.670299e+18,2.671781e+08,5.918702e+16,3.285628e+17,7.034615e+16,1,49
4.237771e+08,5.370426e+15,4.812905e+17,1.317829e+17,1.986191e+08,2.356618e+16,1.502757e+19,1.661842e+18,2.708319e+08,5.966362e+16,2.671023e+17,3.048143e+16,0,101
3.081513e+08,7.887483e+15,1.047257e+18,7.029882e+17,1.264711e+08,8.860832e+15,8.290383e+18,7.462488e+17,2.140862e+08,3.428983e+16,9.735248e+17,7.162285e+17,2,77
3.927004e+08,6.454201e+15,1.950518e+17,4.484875e+17,1.764481e+08,1.887852e+16,1.382334e+19,1.530075e+18,2.561661e+08,5.269978e+16,3.492279e+17,3.505779e+17,0,28
3.375486e+08,1.003070e+16,2.016137e+18,1.282447e+18,1.367753e+08,1.056773e+16,8.975775e+18,8.043376e+17,2.349544e+08,4.176507e+16,1.542496e+18,1.346374e+18,3,77
4.563655e+08,1.119234e+16,2.681745e+18,1.840914e+18,2.019386e+08,2.261160e+16,1.592691e+19,1.655778e+18,3.073632e+08,7.325307e+16,8.720584e+18,3.658762e+18,1,98
3.288152e+08,1.066643e+16,2.861600e+17,1.183840e+18,1.349645e+08,8.761230e+15,7.613540e+18,7.994548e+17,2.369710e+08,4.096030e+16,9.370058e+17,3.350797e+17,2,51
4.688504e+08,9.723997e+15,1.805762e+18,5.642471e+17,2.023915e+08,2.886743e+16,1.880611e+19,2.173458e+18,2.998436e+08,7.402200e+16,5.688784e+17,7.464294e+16,3,49
3.868874e+08,8.007388e+15,1.299609e+18,3.308808e+16,1.632948e+08,1.812778e+16,1.289110e+19,1.426057e+18,2.522937e+08,5.037929e+16,4.204624e+17,2.520185e+17,1,84
2.670419e+08,5.104617e+15,4.354128e+17,1.492065e+18,1.193082e+08,5.858474e+15,6.391877e+18,6.114596e+17,1.906171e+08,2.389834e+16,4.866153e+18,4.561177e+17,0,54
2.315888e+08,3.043816e+15,3.574129e+17,1.859983e+17,1.174053e+08,3.861657e+15,5.754339e+18,7.765918e+17,1.694754e+08,1.714761e+16,3.584488e+18,4.272486e+17,0,2
3.436776e+08,1.270045e+16,3.344800e+18,1.491940e+18,1.338134e+08,9.571028e+15,8.832729e+18,7.847993e+17,2.460656e+08,4.494655e+16,2.130213e+18,1.798437e+18,2,66
3.662772e+08,9.948466e+15,3.185598e+16,3.005376e+17,1.602663e+08,1.157926e+16,1.125783e+19,1.393274e+18,2.586722e+08,4.854343e+16,4.606907e+17,7.091148e+16,0,85
4.187304e+08,1.083119e+16,9.228933e+17,1.906988e+18,1.991554e+08,1.486934e+16,1.700007e+19,1.322849e+18,2.968645e+08,6.789558e+16,7.718433e+18,3.922802e+18,2,80
4.023430e+08,1.181017e+16,8.430610e+16,7.845629e+17,1.743876e+08,1.508121e+16,1.310291e+19,1.430758e+18,2.800465e+08,6.054947e+16,1.413951e+18,6.683711e+17,3,47
3.964478e+08,5.628714e+15,1.000507e+18,3.659534e+17,1.732603e+08,2.246918e+16,1.248528e+19,1.388844e+18,2.470942e+08,5.031101e+16,3.812536e+17,4.612975e+17,2,74
3.558119e+08,1.229153e+16,3.419900e+17,1.885650e+18,1.500336e+08,9.555405e+15,1.005391e+19,1.084077e+18,2.581212e+08,4.872735e+16,2.159196e+18,1.086309e+18,0,19
3.723656e+08,4.934937e+15,1.216291e+18,1.908852e+18,1.709245e+08,1.763754e+16,1.023140e+19,1.056617e+18,2.398863e+08,4.570086e+16,2.377224e+18,1.485373e+18,2,68
3.889091e+08,5.235313e+15,4.729763e+17,1.685694e+17,1.704947e+08,2.178493e+16,1.189138e+19,1.316329e+18,2.417969e+08,4.828444e+16,1.518352e+17,2.149795e+17,3,74
3.993492e+08,8.028240e+15,2.204122e+18,6.660992e+17,1.754348e+08,1.834933e+16,1.358782e+19,1.483304e+18,2.638904e+08,5.339270e+16,2.584874e+18,1.223533e+18,0,99
3.018021e+08,6.381048e+15,6.685150e+16,1.632716e+18,1.401792e+08,6.853570e+15,8.323201e+18,1.053987e+18,2.192308e+08,3.397268e+16,2.170628e+18,6.170486e+17,3,81
3.895067e+08,1.086248e+16,9.560711e+17,1.706939e+17,1.647145e+08,1.487231e+16,1.490276e+19,1.695963e+18,2.680901e+08,5.400527e+16,2.117572e+18,4.745362e+17,2,56
3.765151e+08,1.680375e+16,4.006667e+17,1.048431e+18,1.552376e+08,8.671859e+15,1.572659e+19,1.780005e+18,2.836467e+08,5.706985e+16,8.365474e+17,2.484458e+17,2,97
4.200003e+08,1.492923e+16,2.914767e+18,1.012869e+18,1.711079e+08,1.623510e+16,1.586856e+19,1.866804e+18,2.926102e+08,6.525650e+16,3.392357e+18,1.833736e+18,1,56
2.915729e+08,6.207109e+15,4.587144e+17,2.945658e+17,1.222193e+08,8.379670e+15,8.178490e+18,7.748391e+17,2.000575e+08,2.926456e+16,9.421450e+17,3.399675e+17,2,53
3.092416e+08,1.061464e+16,1.955517e+18,7.612015e+17,1.226695e+08,7.399319e+15,7.194438e+18,5.809701e+17,2.239916e+08,3.512002e+16,1.024797e+18,9.643693e+17,0,75
3.160266e+08,1.139315e+16,7.767639e+17,1.511313e+17,1.271142e+08,6.955213e+15,8.959325e+18,9.025553e+17,2.327785e+08,3.744015e+16,4.662677e+17,3.103596e+17,1,64
2.948529e+08,7.663532e+15,2.243424e+17,4.366660e+17,1.247892e+08,7.000761e+15,8.887882e+18,7.750315e+17,2.112837e+08,3.073138e+16,9.527910e+17,2.816031e+17,1,91
3.916268e+08,6.218877e+15,1.315063e+17,4.298767e+17,1.748977e+08,1.928913e+16,1.330319e+19,1.435329e+18,2.531456e+08,5.141992e+16,4.886020e+17,2.730924e+17,1,104
4.202252e+08,1.005756e+16,4.260355e+18,1.410835e+18,1.790194e+08,2.070910e+16,1.367591e+19,1.379164e+18,2.777643e+08,6.154683e+16,1.405209e+18,2.153183e+18,3,63
3.482857e+08,6.091251e+15,2.659369e+17,7.020503e+17,1.532125e+08,1.446193e+16,1.092555e+19,1.113101e+18,2.298304e+08,3.998538e+16,8.129366e+17,4.543660e+17,1,71
3.039932e+08,7.425512e+15,9.212549e+17,1.388744e+18,1.248414e+08,8.742355e+15,7.871134e+18,6.818061e+17,2.109516e+08,3.239677e+16,1.474262e+18,1.141971e+18,1,66
2.985548e+08,8.308850e+15,4.856859e+17,5.595152e+17,1.248147e+08,6.978972e+15,8.511632e+18,8.368275e+17,2.152842e+08,3.125437e+16,9.495089e+17,4.103852e+17,1,94
3.648835e+08,4.133850e+15,3.187682e+15,3.365319e+17,1.664554e+08,1.814253e+16,1.078513e+19,1.122345e+18,2.304537e+08,4.360979e+16,1.919992e+17,1.666825e+17,2,89
4.072779e+08,1.115683e+16,4.383427e+17,7.203601e+17,1.778226e+08,1.638880e+16,1.398015e+19,1.540785e+18,2.804223e+08,6.036504e+16,9.999215e+17,3.394498e+17,1,47
3.512878e+08,3.634875e+15,5.312471e+17,8.281654e+17,1.626513e+08,1.656173e+16,9.991107e+18,1.045282e+18,2.225986e+08,3.920163e+16,1.265362e+18,5.924605e+17,3,68
3.864639e+08,5.250051e+15,1.875138e+17,4.003210e+17,1.761352e+08,1.932099e+16,1.406165e+19,1.617033e+18,2.484300e+08,4.845040e+16,2.615761e+17,1.100041e+17,0,46
3.583408e+08,4.896163e+15,4.486943e+17,1.129018e+18,1.619293e+08,1.603255e+16,9.775714e+18,1.001777e+18,2.318655e+08,4.257219e+16,1.571298e+18,7.295864e+17,1,68
3.058800e+08,1.102547e+16,2.042530e+18,3.406720e+17,1.197319e+08,6.882774e+15,6.887047e+18,5.876773e+17,2.237890e+08,3.519107e+16,6.019671e+17,5.139052e+17,3,75
3.617459e+08,6.908163e+15,6.170371e+17,5.496512e+17,1.586807e+08,1.508179e+16,1.138346e+19,1.178860e+18,2.406526e+08,4.540289e+16,3.720760e+17,5.380257e+17,1,69
3.757566e+08,1.475670e+16,8.797260e+17,7.121844e+17,1.575328e+08,9.885471e+15,1.529708e+19,1.687716e+18,2.763656e+08,5.366586e+16,1.067259e+18,1.057219e+17,0,97
3.673523e+08,6.664771e+15,2.001978e+18,3.161127e+18,1.832875e+08,1.144517e+16,1.001458e+19,1.574180e+18,2.605119e+08,5.036969e+16,2.715377e+18,6.453842e+17,0,67
3.272523e+08,1.079862e+16,3.129806e+17,5.037110e+17,1.407544e+08,7.935661e+15,9.106145e+18,9.921304e+17,2.382148e+08,4.111480e+16,5.011753e+17,6.999444e+16,0,33
3.591832e+08,5.748609e+15,1.288048e+17,1.402476e+17,1.569987e+08,1.629009e+16,1.173170e+19,1.241873e+18,2.324881e+08,4.283927e+16,1.923554e+17,5.982377e+16,2,63
3.075857e+08,1.028323e+16,1.447951e+18,4.222832e+17,1.214559e+08,7.442029e+15,7.154279e+18,6.058719e+17,2.217514e+08,3.496385e+16,7.723779e+17,4.110517e+17,2,75
3.407815e+08,5.369779e+15,8.808587e+16,2.689719e+18,1.568118e+08,1.245606e+16,8.861756e+18,1.003728e+18,2.291758e+08,4.002352e+16,3.908255e+18,1.184670e+18,1,40
3.385585e+08,5.847498e+15,1.202860e+18,6.650994e+17,1.460075e+08,1.395880e+16,9.756513e+18,9.528302e+17,2.217393e+08,3.850120e+16,7.539106e+17,6.005616e+17,0,83
3.923082e+08,9.877386e+15,7.213277e+17,1.100023e+18,1.822164e+08,1.311054e+16,1.455306e+19,1.208153e+18,2.778073e+08,6.003718e+16,5.753095e+18,2.558584e+18,1,80
3.496004e+08,9.580962e+15,4.995239e+16,5.643030e+17,1.518807e+08,1.050597e+16,1.073408e+19,1.138501e+18,2.473576e+08,4.555904e+16,6.317728e+17,1.890091e+17,0,44
3.842022e+08,7.238713e+15,1.362462e+18,5.655708e+16,1.634613e+08,1.846209e+16,1.235744e+19,1.345098e+18,2.484008e+08,4.927665e+16,3.778899e+17,2.832615e+17,0,84
3.498468e+08,6.343105e+15,2.807763e+17,1.070407e+17,1.542307e+08,1.396849e+16,1.186028e+19,1.262684e+18,2.323251e+08,4.206182e+16,1.005434e+17,8.197077e+16,3,69
2.984725e+08,6.024180e+15,1.904280e+17,1.776330e+18,1.427066e+08,6.386067e+15,8.054235e+18,1.124556e+18,2.186595e+08,3.335416e+16,2.357121e+18,4.923797e+17,1,81
2.869811e+08,8.313819e+15,1.451395e+17,6.964311e+17,1.179170e+08,6.199569e+15,6.971500e+18,6.930836e+17,2.085291e+08,2.990977e+16,1.126504e+18,3.939874e+17,0,94
3.449632e+08,5.792742e+15,9.912710e+17,4.614242e+17,1.502780e+08,1.429414e+16,1.090228e+19,1.086699e+18,2.260975e+08,3.890740e+16,9.748205e+17,5.673632e+17,1,102
3.069386e+08,6.365727e+15,5.282904e+16,3.068155e+18,1.455805e+08,6.822029e+15,7.879755e+18,9.935593e+17,2.243774e+08,3.588680e+16,3.104835e+18,1.370334e+18,0,81
3.707608e+08,1.016867e+16,5.907320e+17,4.800704e+16,1.577563e+08,1.297462e+16,1.240265e+19,1.336978e+18,2.571800e+08,5.009510e+16,1.630236e+18,3.193392e+17,0,65
2.887673e+08,5.935760e+15,1.159400e+18,4.537724e+17,1.221001e+08,8.247661e+15,8.010739e+18,7.410140e+17,1.979620e+08,2.853702e+16,8.370346e+17,6.042902e+17,1,53
3.141249e+08,9.026368e+15,3.484992e+17,1.372406e+18,1.332574e+08,7.543689e+15,7.552381e+18,8.400058e+17,2.272759e+08,3.862505e+16,1.143745e+18,5.009392e+17,2,50
3.311739e+08,1.354170e+16,1.597338e+18,1.456477e+18,1.301838e+08,7.254562e+15,9.462403e+18,7.850129e+17,2.460716e+08,4.167879e+16,2.473625e+18,1.224114e+18,0,9
3.384638e+08,1.301261e+16,4.020213e+17,2.385730e+17,1.353123e+08,8.050265e+15,9.255275e+18,1.008294e+18,2.488485e+08,4.524673e+16,3.102805e+17,1.689240e+17,2,78
4.570615e+08,5.981832e+15,1.065092e+18,8.027944e+17,2.140260e+08,2.806366e+16,1.885081e+19,1.954431e+18,2.895641e+08,6.787136e+16,2.015154e+18,1.393187e+18,0,20
4.166271e+08,8.734079e+15,4.955103e+17,1.223066e+18,1.861690e+08,1.931977e+16,1.630439e+19,1.813759e+18,2.780699e+08,6.030153e+16,4.153636e+17,4.376639e+17,1,70
3.682194e+08,7.039158e+15,1.688167e+17,1.251425e+17,1.657169e+08,1.470821e+16,1.262194e+19,1.353679e+18,2.475857e+08,4.752707e+16,7.435616e+17,2.686677e+17,3,90
4.477102e+08,1.072366e+16,6.705150e+17,1.379859e+17,1.947219e+08,2.310399e+16,1.525674e+19,1.714925e+18,2.957104e+08,7.258516e+16,6.598301e+16,1.086787e+16,1,79
3.891317e+08,4.690836e+15,2.050860e+17,9.447623e+16,1.749332e+08,2.183741e+16,1.190893e+19,1.329411e+18,2.417105e+08,4.835490e+16,5.499755e+16,1.402812e+16,2,100
4.133315e+08,4.844602e+15,3.288459e+17,1.815284e+17,1.965871e+08,2.196654e+16,1.538991e+19,1.680261e+18,2.655145e+08,5.693583e+16,3.998687e+17,1.099603e+17,3,101
4.294176e+08,9.489218e+15,1.066187e+18,1.133490e+18,1.818592e+08,2.303731e+16,1.300202e+19,1.385396e+18,2.782809e+08,6.368848e+16,1.446276e+18,1.330062e+18,0,29
4.278503e+08,6.466112e+15,1.735862e+17,1.414200e+18,1.908995e+08,2.461531e+16,1.335367e+19,1.414676e+18,2.712882e+08,6.150793e+16,1.440877e+18,1.289035e+18,2,88
3.187455e+08,4.804405e+15,5.094091e+16,8.164530e+16,1.417451e+08,1.170918e+16,1.015390e+19,1.019396e+18,2.109128e+08,3.287022e+16,7.157077e+17,5.085120e+16,3,96
3.778628e+08,1.133810e+16,1.140450e+17,1.403619e+18,1.677758e+08,1.081354e+16,1.254958e+19,1.480228e+18,2.738807e+08,5.488644e+16,3.360046e+18,1.235801e+18,2,55
4.212657e+08,8.432834e+15,9.847598e+17,1.043517e+18,1.890647e+08,2.001137e+16,1.727683e+19,1.930643e+18,2.804803e+08,6.057703e+16,2.333680e+17,2.572774e+17,3,70
4.068412e+08,6.287631e+15,8.042747e+16,3.475790e+17,1.804290e+08,2.189945e+16,1.356633e+19,1.479148e+18,2.588629e+08,5.543401e+16,3.953448e+17,3.690368e+17,3,88
3.926784e+08,1.061780e+16,1.958290e+18,4.640694e+17,1.665598e+08,1.557792e+16,1.461862e+19,1.638562e+18,2.681115e+08,5.450463e+16,2.796550e+18,1.214850e+18,3,56
3.007277e+08,5.881651e+15,1.879984e+17,1.394142e+18,1.413676e+08,7.059264e+15,8.450890e+18,1.032927e+18,2.169017e+08,3.314326e+16,1.692224e+18,4.393510e+17,2,81
4.074652e+08,7.873323e+15,9.429219e+17,7.540638e+17,1.851239e+08,1.900970e+16,1.541194e+19,1.647214e+18,2.708473e+08,5.794497e+16,1.562308e+18,7.939016e+17,1,103
3.816506e+08,5.978792e+15,1.382002e+18,4.147451e+16,1.659656e+08,1.938309e+16,1.238467e+19,1.340120e+18,2.432083e+08,4.699481e+16,2.659536e+17,2.100563e+17,2,84
3.784376e+08,6.578183e+15,1.242647e+18,2.465603e+17,1.654503e+08,1.779246e+16,1.286883e+19,1.352098e+18,2.450722e+08,4.750692e+16,3.841804e+17,4.673176e+17,1,0
3.309198e+08,5.751676e+15,6.745904e+17,3.299617e+17,1.422827e+08,1.350975e+16,9.508191e+18,9.260430e+17,2.174147e+08,3.662148e+16,3.843297e+17,2.763994e+17,1,83
3.292964e+08,1.211586e+16,9.146057e+17,1.214670e+18,1.312282e+08,7.837657e+15,8.377367e+18,9.049800e+17,2.410823e+08,4.269913e+16,1.069168e+18,9.752371e+17,0,78
4.013934e+08,4.398844e+15,1.661591e+17,8.693941e+16,1.811505e+08,2.388457e+16,1.264765e+19,1.396960e+18,2.471267e+08,5.058751e+16,7.673642e+16,3.689286e+16,0,100
4.326348e+08,1.335009e+16,2.740172e+17,1.245245e+18,1.868065e+08,1.805811e+16,1.581088e+19,1.763793e+18,2.992906e+08,6.885335e+16,1.117726e+18,6.173909e+17,2,47
3.673457e+08,1.035962e+16,2.193183e+17,1.508838e+17,1.574436e+08,1.240990e+16,1.227744e+19,1.325398e+18,2.571177e+08,4.923891e+16,1.629677e+18,3.293920e+17,2,65
4.225552e+08,7.387087e+15,5.272784e+17,5.775744e+17,1.839064e+08,2.337816e+16,1.292096e+19,1.374314e+18,2.697542e+08,6.123792e+16,7.221977e+17,6.322688e+17,0,88
2.849780e+08,6.026122e+15,1.698638e+18,8.386212e+17,1.319454e+08,5.979352e+15,5.968078e+18,7.851530e+17,2.076765e+08,2.991662e+16,1.002213e+18,5.341830e+16,0,42
3.530555e+08,7.344615e+15,1.723571e+18,2.007189e+17,1.494739e+08,1.460382e+16,1.054236e+19,1.014079e+18,2.342552e+08,4.268856e+16,5.166526e+17,3.118161e+17,3,83
3.384364e+08,1.085978e+16,7.838631e+17,1.539410e+18,1.399598e+08,9.203604e+15,9.753888e+18,1.041674e+18,2.427553e+08,4.296717e+16,1.454138e+18,1.388593e+18,1,78
3.670888e+08,7.568158e+15,1.294886e+18,3.861673e+17,1.604291e+08,1.520480e+16,1.362268e+19,1.420919e+18,2.464034e+08,4.444952e+16,3.435750e+17,2.627466e+17,1,34
3.554613e+08,1.165109e+16,1.037514e+18,7.296239e+17,1.461270e+08,1.077609e+16,1.024875e+19,1.114170e+18,2.519167e+08,4.597446e+16,1.313257e+18,9.551627e+17,0,10
3.263329e+08,9.549970e+15,4.306198e+16,1.291223e+18,1.359298e+08,9.017686e+15,7.805955e+18,7.989832e+17,2.325954e+08,3.954804e+16,1.126887e+18,4.440597e+17,3,51
3.969930e+08,1.442495e+16,3.872815e+17,2.049714e+17,1.652092e+08,1.344643e+16,1.269891e+19,1.436369e+18,2.810942e+08,5.801985e+16,1.775452e+18,2.881772e+17,1,35
3.368520e+08,6.402099e+15,8.511010e+16,2.771497e+17,1.452650e+08,1.264249e+16,1.010144e+19,9.855680e+17,2.244782e+08,3.774188e+16,7.689556e+17,1.001678e+17,0,5
3.629060e+08,8.390008e+15,7.075378e+17,1.006049e+18,1.539146e+08,1.411754e+16,1.211227e+19,1.287536e+18,2.443176e+08,4.635499e+16,8.300373e+17,9.094475e+17,3,52
3.991343e+08,6.436116e+15,1.970988e+17,1.102970e+18,1.787015e+08,2.000123e+16,1.307256e+19,1.390568e+18,2.577564e+08,5.364873e+16,9.994066e+17,7.327951e+17,3,104
3.707592e+08,1.002611e+16,4.358313e+16,1.675211e+18,1.670288e+08,1.102610e+16,1.210528e+19,1.395503e+18,2.657845e+08,5.212956e+16,3.444412e+18,1.441833e+18,1,55
4.002055e+08,7.646891e+15,1.137682e+18,1.819119e+17,1.741565e+08,1.970669e+16,1.421137e+19,1.467206e+18,2.605906e+08,5.350571e+16,6.801761e+17,2.737076e+17,1,12
3.010441e+08,7.578525e+15,6.446950e+17,8.831727e+17,1.361941e+08,6.264971e+15,7.786493e+18,9.595145e+17,2.219084e+08,3.456342e+16,1.471408e+18,1.328167e+17,0,17
3.240341e+08,1.020227e+16,2.908071e+16,1.336864e+18,1.340807e+08,8.620891e+15,7.263190e+18,7.412116e+17,2.321376e+08,3.956901e+16,1.241685e+18,5.339812e+17,0,51
4.069768e+08,1.054532e+16,2.190541e+17,8.029561e+17,1.788807e+08,1.644391e+16,1.424287e+19,1.583083e+18,2.792926e+08,5.987304e+16,9.003307e+17,3.610579e+17,0,47
3.864496e+08,5.038925e+15,9.773714e+16,3.830046e+17,1.767480e+08,1.950475e+16,1.349310e+19,1.552992e+18,2.473424e+08,4.848269e+16,3.091420e+17,1.261956e+17,1,46
3.460428e+08,7.730631e+15,4.610784e+17,3.987585e+17,1.501133e+08,1.228582e+16,1.107859e+19,1.199956e+18,2.356366e+08,4.316999e+16,6.539729e+17,5.301124e+17,1,82
3.289177e+08,9.292759e+15,7.765042e+17,5.741994e+17,1.343156e+08,9.861533e+15,9.304494e+18,9.451163e+17,2.302806e+08,3.939045e+16,4.838461e+17,5.653671e+17,2,58
3.887548e+08,1.171094e+16,9.062692e+17,1.432787e+17,1.681214e+08,1.283163e+16,1.678318e+19,1.835566e+18,2.754792e+08,5.532758e+16,5.930198e+17,6.033714e+16,0,36
3.236458e+08,4.034826e+15,3.421307e+17,2.336684e+16,1.446751e+08,1.339962e+16,1.032906e+19,1.019511e+18,2.080998e+08,3.250344e+16,1.352745e+18,1.540726e+17,0,102
4.031621e+08,9.628833e+15,1.574646e+18,1.019976e+18,1.741224e+08,1.742207e+16,1.340689e+19,1.490853e+18,2.712194e+08,5.622140e+16,3.365815e+18,1.520518e+18,3,99
3.496242e+08,5.969007e+15,2.997169e+16,3.452402e+18,1.624346e+08,1.244275e+16,8.356571e+18,1.020994e+18,2.383370e+08,4.380013e+16,4.188477e+18,1.422038e+18,0,40
4.187444e+08,9.526664e+15,1.830219e+18,1.585248e+18,1.835688e+08,1.912526e+16,1.430178e+19,1.533962e+18,2.807328e+08,6.058329e+16,4.942537e+18,2.379367e+18,1,99
3.105900e+08,6.349084e+15,1.938699e+17,2.433781e+17,1.317493e+08,1.012772e+16,7.739444e+18,6.746721e+17,2.103376e+08,3.198560e+16,4.736196e+17,1.562735e+17,0,39
3.601758e+08,4.499236e+15,1.588815e+18,5.948584e+16,1.627700e+08,1.756922e+16,1.180248e+19,1.196753e+18,2.280060e+08,4.177592e+16,5.104921e+16,1.403068e+17,0,62
3.555876e+08,7.833351e+15,1.332473e+17,1.549216e+17,1.516479e+08,1.387786e+16,1.135947e+19,1.238418e+18,2.379979e+08,4.321673e+16,4.636752e+17,1.150671e+17,2,48
4.383132e+08,3.109606e+15,3.305954e+17,1.107646e+17,2.060677e+08,3.173112e+16,1.547361e+19,1.706014e+18,2.607392e+08,5.690870e+16,2.138851e+17,1.240356e+17,1,86
4.231475e+08,1.112615e+16,1.575185e+17,1.367902e+17,1.813676e+08,1.926879e+16,1.326607e+19,1.545392e+18,2.856103e+08,6.294598e+16,4.710910e+17,1.197998e+17,2,72
3.173388e+08,1.099162e+16,5.675654e+16,1.022376e+18,1.275070e+08,7.414716e+15,7.996627e+18,8.827947e+17,2.312524e+08,3.922773e+16,8.187186e+17,5.934659e+17,3,78
3.296041e+08,7.678962e+15,6.392421e+17,1.145241e+18,1.389282e+08,1.088686e+16,9.373330e+18,9.948048e+17,2.259881e+08,3.805437e+16,1.327523e+18,8.920836e+17,2,92
3.761079e+08,7.392016e+15,3.367982e+18,5.122166e+18,1.607774e+08,1.691430e+16,1.016280e+19,1.041317e+18,2.465056e+08,4.850726e+16,4.919975e+18,4.459622e+18,3,57
3.578094e+08,9.596163e+15,7.580204e+16,2.216679e+18,1.548795e+08,1.113362e+16,1.177998e+19,1.338167e+18,2.523322e+08,4.629789e+16,2.733081e+18,8.555836e+17,1,59
4.206771e+08,4.220295e+15,1.040429e+17,4.515351e+16,2.037323e+08,2.368109e+16,1.740901e+19,1.858118e+18,2.669718e+08,5.771033e+16,7.903424e+17,5.815824e+16,3,95
3.005165e+08,1.317980e+16,6.914132e+17,5.907365e+17,1.150229e+08,5.114497e+15,7.234562e+18,7.576952e+17,2.294048e+08,3.663457e+16,7.818157e+17,4.922175e+17,3,64
4.435185e+08,1.601031e+16,5.616583e+16,9.434969e+17,1.843290e+08,1.847785e+16,1.723066e+19,2.124767e+18,3.084416e+08,7.256800e+16,3.884367e+17,3.800250e+17,0,30
3.198702e+08,4.837376e+15,8.686475e+16,1.339705e+17,1.419261e+08,1.180107e+16,1.021784e+19,1.025448e+18,2.114607e+08,3.313428e+16,6.282408e+17,5.122595e+16,2,96
3.748955e+08,5.993062e+15,7.155859e+17,3.128010e+18,1.808976e+08,1.448939e+16,1.035710e+19,1.411233e+18,2.549575e+08,5.066792e+16,2.525078e+18,9.909696e+17,3,76
3.392133e+08,5.021869e+15,3.324031e+17,1.440183e+17,1.493432e+08,1.426191e+16,1.068176e+19,1.065327e+18,2.200024e+08,3.679673e+16,1.181194e+18,2.147318e+17,2,102
2.964892e+08,7.720705e+15,6.282792e+17,1.044750e+18,1.201660e+08,7.869442e+15,7.317250e+18,6.527549e+17,2.079455e+08,3.160839e+16,1.169727e+18,8.514250e+17,0,66
3.372721e+08,5.864755e+15,1.446073e+17,5.384605e+17,1.480324e+08,1.357337e+16,9.693797e+18,9.700403e+17,2.213964e+08,3.767159e+16,8.424193e+17,3.433312e+17,0,71
3.717310e+08,1.010015e+16,5.024232e+17,1.265201e+17,1.595722e+08,1.304779e+16,1.253106e+19,1.316596e+18,2.585306e+08,5.038249e+16,1.991909e+18,4.282872e+17,1,65
3.571535e+08,9.076432e+15,2.603179e+17,1.727023e+18,1.494373e+08,1.270473e+16,9.093950e+18,9.166437e+17,2.446263e+08,4.748781e+16,1.249074e+18,1.088798e+18,3,61
3.242247e+08,9.049670e+15,5.444690e+16,8.590964e+17,1.361110e+08,9.314523e+15,7.839221e+18,7.911192e+17,2.292299e+08,3.819749e+16,7.736836e+17,2.644553e+17,1,51
3.879615e+08,6.245212e+15,5.753703e+16,5.262463e+17,1.735671e+08,1.885588e+16,1.278724e+19,1.374121e+18,2.512409e+08,5.106722e+16,4.276452e+17,3.235752e+17,0,60
3.471407e+08,7.286574e+15,8.324882e+17,8.569199e+17,1.519741e+08,1.256656e+16,1.087203e+19,1.145391e+18,2.352460e+08,4.321644e+16,1.062977e+18,1.032530e+18,0,82
3.707586e+08,9.387453e+15,2.654106e+18,1.136868e+18,1.569669e+08,1.430176e+16,1.180994e+19,1.240716e+18,2.526485e+08,4.780134e+16,1.257109e+18,1.173839e+18,0,34
2.914673e+08,8.751741e+15,7.015711e+17,4.188561e+17,1.199077e+08,6.336491e+15,8.038485e+18,7.179794e+17,2.121511e+08,3.107028e+16,5.340388e+17,4.086298e+17,1,38
3.430768e+08,9.336804e+15,1.251774e+17,6.735068e+16,1.469910e+08,1.037995e+16,1.053432e+19,1.167023e+18,2.417614e+08,4.269787e+16,1.715943e+16,3.310650e+15,1,93
3.071024e+08,9.157834e+15,2.199951e+17,7.722690e+17,1.269344e+08,7.218120e+15,8.768425e+18,7.908577e+17,2.222578e+08,3.492702e+16,1.213063e+18,4.656241e+17,3,91
3.000222e+08,6.436832e+15,1.223270e+18,8.507944e+17,1.267282e+08,9.027832e+15,8.609845e+18,7.798524e+17,2.051310e+08,3.055279e+16,1.424574e+18,9.424425e+17,3,53
3.913669e+08,4.185403e+15,4.353196e+16,9.919046e+16,1.783582e+08,2.230351e+16,1.312988e+19,1.464269e+18,2.423158e+08,4.817672e+16,9.398725e+16,4.793620e+16,3,100
3.887377e+08,7.869357e+15,4.781724e+17,1.105823e+17,1.700876e+08,1.703512e+16,1.197199e+19,1.352824e+18,2.584252e+08,5.128047e+16,2.315332e+17,1.304212e+16,3,72
3.729835e+08,8.815573e+15,1.659580e+18,5.014649e+16,1.570504e+08,1.534861e+16,1.140959e+19,1.189224e+18,2.494176e+08,4.877711e+16,3.693985e+17,2.252483e+17,0,22
4.153483e+08,6.863766e+15,5.636032e+17,1.788109e+18,1.845816e+08,2.194728e+16,1.226658e+19,1.306521e+18,2.672201e+08,5.821710e+16,1.679640e+18,1.162768e+18,0,104
3.549685e+08,8.240013e+15,1.595920e+17,2.322561e+18,1.520633e+08,1.261173e+16,8.761036e+18,8.894904e+17,2.427969e+08,4.701505e+16,1.728877e+18,1.568618e+18,0,61
3.969461e+08,5.216347e+15,4.948047e+17,6.944979e+16,1.760809e+08,2.220538e+16,1.285762e+19,1.374461e+18,2.479392e+08,5.126281e+16,8.785874e+16,1.574153e+17,0,26
3.271041e+08,6.997628e+15,1.867700e+17,6.311211e+17,1.383498e+08,1.113159e+16,9.327159e+18,9.836509e+17,2.218613e+08,3.698814e+16,7.290579e+17,4.329634e+17,0,92
3.620718e+08,7.525182e+15,8.475089e+17,7.609921e+17,1.548620e+08,1.499115e+16,1.169340e+19,1.213005e+18,2.398587e+08,4.485712e+16,7.326639e+17,8.261725e+17,2,52
3.141624e+08,8.295805e+15,2.256574e+17,1.481638e+18,1.362012e+08,7.889300e+15,7.463487e+18,8.262662e+17,2.254088e+08,3.805437e+16,1.169905e+18,5.581841e+17,1,50
3.528563e+08,7.179774e+15,9.721879e+16,1.107561e+18,1.484932e+08,1.446064e+16,9.842030e+18,1.011627e+18,2.331089e+08,4.346627e+16,9.908891e+17,6.677133e+17,2,57
3.824923e+08,9.359291e+15,4.281962e+17,9.703838e+17,1.726269e+08,1.300804e+16,1.288371e+19,1.477122e+18,2.684829e+08,5.615320e+16,6.104481e+17,2.674233e+17,0,21
3.651974e+08,1.259260e+16,9.385711e+17,5.597530e+16,1.503239e+08,1.084643e+16,1.035431e+19,1.218991e+18,2.615089e+08,5.011252e+16,5.544805e+17,6.348365e+16,0,35
3.749752e+08,6.845787e+15,9.988098e+17,2.729528e+17,1.622357e+08,1.721494e+16,1.201304e+19,1.258214e+18,2.439201e+08,4.727553e+16,3.300861e+17,4.040852e+17,0,0
2.720083e+08,6.679056e+15,2.328356e+16,5.268098e+17,1.155278e+08,5.686898e+15,6.960448e+18,7.196019e+17,1.967198e+08,2.587842e+16,9.775481e+17,2.295128e+17,3,94
3.633561e+08,9.361786e+15,6.391659e+17,1.044373e+18,1.559344e+08,1.268751e+16,1.128479e+19,1.229617e+18,2.507239e+08,4.706103e+16,1.300133e+18,9.714925e+17,0,16
3.585433e+08,5.630035e+15,1.923079e+17,1.138416e+17,1.600986e+08,1.582303e+16,1.249468e+19,1.323427e+18,2.344761e+08,4.268679e+16,4.181690e+15,7.803086e+16,0,69
3.930194e+08,6.018471e+15,3.344513e+17,1.262235e+17,1.769572e+08,1.937355e+16,1.206856e+19,1.340536e+18,2.542208e+08,5.009347e+16,6.836709e+17,4.246625e+16,1,72
4.351932e+08,3.067518e+15,2.851420e+17,1.053830e+17,2.047818e+08,3.139405e+16,1.534943e+19,1.696170e+18,2.590731e+08,5.591569e+16,2.438352e+17,8.616917e+16,3,86
3.124288e+08,8.433908e+15,2.577336e+17,1.366073e+18,1.357482e+08,7.458875e+15,7.196078e+18,8.071334e+17,2.260770e+08,3.848539e+16,1.057420e+18,5.006204e+17,0,50
3.272429e+08,5.109150e+15,3.212868e+15,1.160080e+17,1.450147e+08,1.233652e+16,1.060572e+19,1.061805e+18,2.161792e+08,3.475131e+16,8.584744e+17,7.916643e+16,0,96
3.288778e+08,6.560208e+15,6.262391e+16,2.204494e+17,1.407244e+08,1.156824e+16,9.222968e+18,8.695031e+17,2.216161e+08,3.756864e+16,6.211138e+17,1.164931e+17,0,8
3.954202e+08,7.108709e+15,1.545768e+17,4.603743e+17,1.797090e+08,1.798727e+16,1.478904e+19,1.608975e+18,2.618456e+08,5.452949e+16,8.889797e+17,4.688854e+17,0,103
4.421800e+08,2.528118e+15,2.145866e+17,3.288882e+16,2.099810e+08,3.402688e+16,1.464198e+19,1.619600e+18,2.584930e+08,5.624229e+16,3.859526e+17,8.213792e+16,2,86
3.035904e+08,8.171894e+15,1.591515e+17,7.352513e+17,1.265473e+08,7.602122e+15,8.827554e+18,7.512307e+17,2.164029e+08,3.278489e+16,1.391114e+18,4.447665e+17,0,91
3.635759e+08,7.372272e+15,1.141441e+17,4.467093e+17,1.573011e+08,1.504265e+16,1.032273e+19,1.086225e+18,2.425896e+08,4.608877e+16,9.910663e+17,1.794554e+17,1,41
