6.413503e+02,3.241752e+04,1.682120e+05,1.034434e+03,6.283874e+04,6.399678e+05,1.151454e+03,1.157484e+05,1.260532e+06,7.029358e+02,5.163156e+04,7.642359e+05,3,72,N,N
7.647237e+02,6.149095e+04,5.303775e+05,1.094790e+03,1.645653e+05,1.436113e+06,8.677097e+02,9.255795e+04,9.352213e+05,4.173113e+02,1.561668e+04,1.523251e+05,3,93,N,N
7.933576e+02,4.587733e+04,3.301060e+05,1.207240e+03,1.011914e+05,7.026712e+05,1.039118e+03,1.258381e+05,1.070039e+06,6.581004e+02,9.213324e+04,1.355851e+06,0,26,N,N
6.511156e+02,3.564961e+04,2.886535e+05,1.070973e+03,9.195617e+04,9.148242e+05,1.180930e+03,1.268753e+05,1.367091e+06,7.100858e+02,6.436157e+04,9.093056e+05,3,96,N,N
7.250052e+02,5.142638e+04,4.999751e+05,1.117907e+03,1.447390e+05,1.389281e+06,9.665243e+02,1.201908e+05,1.307174e+06,5.402538e+02,5.008261e+04,8.367517e+05,1,55,N,N
8.381771e+02,6.746075e+04,5.466322e+05,1.273794e+03,2.146204e+05,1.724148e+06,1.230480e+03,2.052604e+05,1.860499e+06,6.855510e+02,8.491452e+04,1.304334e+06,3,90,N,N
6.554506e+02,4.488872e+04,4.280287e+05,1.082949e+03,8.014079e+04,8.257977e+05,1.219591e+03,1.189772e+05,1.319459e+06,7.702072e+02,7.290835e+04,1.034686e+06,1,5,N,N
7.036726e+02,4.120835e+04,4.364082e+05,1.184644e+03,6.735831e+04,6.243508e+05,1.383830e+03,1.630232e+05,1.688458e+06,9.809865e+02,1.126798e+05,1.674556e+06,0,27,N,N
7.688420e+02,5.426827e+04,4.770375e+05,1.171576e+03,1.322688e+05,1.217095e+06,1.051317e+03,1.397230e+05,1.472207e+06,5.794252e+02,4.818362e+04,7.221042e+05,0,28,N,N
6.422272e+02,3.617796e+04,4.065090e+05,1.101465e+03,7.746147e+04,8.403304e+05,1.280050e+03,1.226348e+05,1.368055e+06,9.712056e+02,1.058898e+05,1.423232e+06,0,67,N,N
5.824825e+02,3.640464e+04,3.160628e+05,9.483073e+02,7.242516e+04,7.926461e+05,1.054311e+03,1.152757e+05,1.341178e+06,6.697897e+02,6.319896e+04,8.496839e+05,3,91,N,N
6.940565e+02,4.329611e+04,4.803903e+05,1.115765e+03,1.087026e+05,1.252073e+06,1.329080e+03,2.671901e+05,3.186229e+06,1.189988e+03,2.835730e+05,4.046189e+06,0,16,N,N
5.893157e+02,3.162767e+04,3.179265e+05,1.011076e+03,5.476694e+04,5.599309e+05,1.204281e+03,1.305328e+05,1.506661e+06,1.017886e+03,1.359948e+05,1.724681e+06,3,99,N,N
1.007847e+03,9.410062e+04,7.431083e+05,1.152712e+03,1.534535e+05,1.006586e+06,9.410763e+02,1.230092e+05,8.936061e+05,4.856008e+02,4.124974e+04,5.474949e+05,3,78,N,N
6.715916e+02,4.220836e+04,5.090445e+05,1.083307e+03,1.065284e+05,1.130491e+06,1.212365e+03,1.503889e+05,1.721307e+06,8.294285e+02,9.145379e+04,1.286105e+06,2,102,N,N
7.444726e+02,5.210813e+04,4.874726e+05,1.152355e+03,1.035213e+05,1.067109e+06,1.228001e+03,2.119435e+05,2.407097e+06,7.610306e+02,9.141449e+04,1.478893e+06,0,22,N,N
6.384127e+02,3.823787e+04,4.673579e+05,1.059478e+03,9.298139e+04,1.035586e+06,1.209665e+03,1.465861e+05,1.698092e+06,8.225089e+02,9.732341e+04,1.395526e+06,1,84,N,N
5.814910e+02,3.550859e+04,4.116276e+05,9.745690e+02,8.536510e+04,9.743299e+05,1.141294e+03,1.510325e+05,1.783362e+06,7.937786e+02,9.857311e+04,1.398003e+06,2,82,N,N
6.637655e+02,2.976462e+04,1.993100e+05,1.117929e+03,6.721499e+04,5.764139e+05,1.221142e+03,1.390970e+05,1.385737e+06,7.656132e+02,9.022374e+04,1.445899e+06,3,68,N,N
5.661236e+02,2.863807e+04,2.320164e+05,9.376500e+02,6.589757e+04,7.431784e+05,1.101623e+03,1.524537e+05,1.868719e+06,8.743852e+02,1.297733e+05,1.820568e+06,3,80,N,N
6.456203e+02,4.847371e+04,4.520066e+05,1.000391e+03,1.162843e+05,1.266654e+06,1.061259e+03,1.616136e+05,1.864855e+06,6.324602e+02,6.675967e+04,1.087915e+06,1,10,N,N
8.223030e+02,7.598079e+04,7.736781e+05,1.232475e+03,1.676215e+05,1.658367e+06,1.438034e+03,3.209845e+05,3.245911e+06,1.075689e+03,1.975212e+05,2.775694e+06,0,56,N,N
6.461658e+02,3.274293e+04,3.409756e+05,1.108064e+03,7.817060e+04,8.154644e+05,1.271631e+03,1.327184e+05,1.468672e+06,9.834691e+02,1.338248e+05,1.873792e+06,1,86,N,N
6.193995e+02,4.598714e+04,5.786603e+05,1.019926e+03,9.645618e+04,1.102963e+06,1.199597e+03,2.000451e+05,2.309079e+06,7.841257e+02,8.325282e+04,1.211228e+06,1,73,N,N
6.049938e+02,2.762246e+04,1.831924e+05,1.033944e+03,5.303765e+04,4.821288e+05,1.147372e+03,1.090306e+05,1.164111e+06,6.582062e+02,5.492567e+04,7.994142e+05,1,40,N,N
7.889718e+02,4.573791e+04,3.706362e+05,1.179315e+03,1.047616e+05,8.798520e+05,1.070486e+03,1.366391e+05,1.355341e+06,7.546063e+02,1.215423e+05,2.013534e+06,2,76,N,N
6.458105e+02,3.577058e+04,3.118053e+05,1.051313e+03,6.921662e+04,6.784756e+05,1.109996e+03,9.707789e+04,1.078036e+06,7.400569e+02,6.959701e+04,1.067553e+06,0,76,N,N
7.274127e+02,5.156675e+04,4.468992e+05,1.122976e+03,1.477807e+05,1.445763e+06,1.110074e+03,1.633186e+05,1.780108e+06,6.469242e+02,5.912920e+04,8.682996e+05,2,53,N,N
6.312503e+02,4.366926e+04,4.468711e+05,1.010330e+03,7.610170e+04,7.552886e+05,1.010063e+03,5.918916e+04,5.929609e+05,5.750073e+02,2.905477e+04,2.188999e+05,1,65,N,N
7.769772e+02,5.653094e+04,5.029843e+05,1.199783e+03,1.411564e+05,1.181261e+06,1.187358e+03,1.600776e+05,1.507643e+06,6.798183e+02,6.462403e+04,9.630998e+05,0,32,N,N
6.872525e+02,3.266997e+04,2.589834e+05,1.109162e+03,1.014463e+05,1.143503e+06,1.204266e+03,2.189601e+05,2.580455e+06,8.225344e+02,1.244574e+05,2.031068e+06,3,98,N,N
6.068929e+02,4.101387e+04,4.011278e+05,9.730722e+02,1.085562e+05,1.235984e+06,1.087112e+03,1.546462e+05,1.854664e+06,8.204830e+02,1.199849e+05,1.730750e+06,0,10,N,N
7.340997e+02,3.747824e+04,3.352755e+05,1.211683e+03,1.194103e+05,1.147181e+06,1.451905e+03,2.931281e+05,2.927852e+06,1.028514e+03,2.038274e+05,3.290071e+06,2,99,N,N
7.289206e+02,4.144147e+04,2.970289e+05,1.192246e+03,1.009617e+05,8.663136e+05,1.203909e+03,1.553727e+05,1.495232e+06,6.799479e+02,6.730638e+04,1.079964e+06,3,61,N,N
6.873531e+02,3.803436e+04,3.531821e+05,1.142895e+03,1.102821e+05,1.080564e+06,1.234623e+03,1.701386e+05,1.808327e+06,7.292169e+02,7.766092e+04,1.188732e+06,3,95,N,N
6.025120e+02,3.662961e+04,2.970269e+05,9.749447e+02,1.019386e+05,1.105572e+06,9.972053e+02,1.163196e+05,1.373816e+06,5.563593e+02,4.199736e+04,5.803229e+05,0,55,N,N
8.467961e+02,5.346526e+04,4.298241e+05,1.236469e+03,1.541813e+05,1.223652e+06,1.173889e+03,2.222017e+05,2.008817e+06,7.806193e+02,1.379873e+05,1.874902e+06,2,66,N,N
9.912044e+02,8.488672e+04,7.161220e+05,1.533825e+03,3.357896e+05,2.434681e+06,1.587617e+03,4.427585e+05,3.412857e+06,9.227036e+02,1.333421e+05,1.586759e+06,3,56,N,N
8.375125e+02,5.719087e+04,4.776285e+05,1.225231e+03,1.370295e+05,1.142871e+06,1.197220e+03,1.927471e+05,1.857391e+06,6.691028e+02,7.342940e+04,1.127623e+06,2,84,N,N
6.289556e+02,3.637101e+04,3.664792e+05,1.008976e+03,7.773957e+04,8.479106e+05,1.127598e+03,1.405587e+05,1.691126e+06,8.663707e+02,1.306846e+05,1.901177e+06,2,92,N,N
4.514642e+02,2.445192e+04,2.447446e+05,7.550348e+02,4.931171e+04,5.159472e+05,8.562099e+02,8.565087e+04,9.897195e+05,5.897057e+02,6.520602e+04,8.095150e+05,2,62,N,N
6.329740e+02,3.076330e+04,2.948664e+05,1.026503e+03,7.605248e+04,7.862010e+05,1.110426e+03,1.184036e+05,1.352282e+06,6.715154e+02,6.421869e+04,9.717622e+05,0,83,N,N
7.396172e+02,3.830578e+04,2.810290e+05,1.216359e+03,1.263112e+05,1.047809e+06,1.112622e+03,1.429992e+05,1.378385e+06,5.879478e+02,5.648781e+04,9.453343e+05,1,57,N,N
7.045315e+02,4.643898e+04,4.129827e+05,1.076045e+03,1.046149e+05,1.052866e+06,1.094118e+03,1.371817e+05,1.540868e+06,6.826327e+02,5.878763e+04,8.198489e+05,3,59,N,N
6.398626e+02,3.653459e+04,3.263016e+05,1.037474e+03,9.600528e+04,9.495181e+05,1.041714e+03,1.224549e+05,1.361890e+06,5.372836e+02,4.188512e+04,6.425541e+05,0,11,N,N
6.447963e+02,3.218339e+04,3.133401e+05,1.093952e+03,9.173127e+04,9.167752e+05,1.221077e+03,1.542820e+05,1.672718e+06,7.141978e+02,7.327441e+04,1.037065e+06,0,13,N,N
7.853900e+02,5.870265e+04,5.836359e+05,1.164859e+03,1.777388e+05,1.741389e+06,1.185959e+03,2.736372e+05,2.975447e+06,9.519697e+02,2.241079e+05,3.684328e+06,1,64,N,N
6.026868e+02,3.952098e+04,4.921574e+05,9.942739e+02,9.619453e+04,1.102419e+06,1.138289e+03,1.454004e+05,1.755058e+06,8.240760e+02,9.760416e+04,1.344796e+06,1,35,N,N
7.370146e+02,3.975681e+04,3.428746e+05,1.216521e+03,9.929962e+04,8.567682e+05,1.270285e+03,1.868958e+05,1.786861e+06,6.967816e+02,7.023390e+04,1.174034e+06,0,8,N,N
6.368332e+02,3.437196e+04,3.066430e+05,1.061974e+03,7.293229e+04,7.322045e+05,1.200461e+03,1.235990e+05,1.350818e+06,8.272261e+02,9.707180e+04,1.423416e+06,0,86,N,N
7.444901e+02,4.925127e+04,3.931638e+05,1.070403e+03,1.216936e+05,1.087442e+06,8.963767e+02,9.470438e+04,9.965235e+05,4.165430e+02,2.378807e+04,3.324863e+05,1,63,N,N
8.133263e+02,5.286175e+04,5.322242e+05,1.218231e+03,1.067894e+05,9.716490e+05,1.260919e+03,1.854635e+05,1.850025e+06,9.478687e+02,1.580995e+05,2.290078e+06,2,51,N,N
6.403515e+02,3.683919e+04,3.234581e+05,1.021352e+03,1.095147e+05,1.011970e+06,9.156500e+02,1.120569e+05,1.222128e+06,4.240815e+02,2.838409e+04,3.992075e+05,3,48,N,N
6.067001e+02,3.123535e+04,2.948766e+05,9.854484e+02,7.854322e+04,8.446739e+05,1.072649e+03,1.180181e+05,1.351098e+06,6.755148e+02,6.512074e+04,9.471227e+05,0,14,N,N
7.310551e+02,4.724007e+04,3.234445e+05,1.130475e+03,9.807427e+04,8.597958e+05,1.088513e+03,1.331529e+05,1.403389e+06,5.699175e+02,4.651739e+04,7.081044e+05,1,54,N,N
6.507181e+02,3.959674e+04,2.920416e+05,1.024393e+03,1.056697e+05,1.083133e+06,1.027696e+03,1.279648e+05,1.475631e+06,5.867635e+02,5.139698e+04,8.131872e+05,1,52,N,N
7.016961e+02,4.642728e+04,3.732682e+05,1.080051e+03,1.182337e+05,1.109415e+06,9.528015e+02,1.030488e+05,1.119065e+06,4.552112e+02,2.774942e+04,3.951975e+05,0,63,N,N
7.587733e+02,5.097398e+04,4.347355e+05,1.199508e+03,1.324188e+05,1.175181e+06,1.194976e+03,1.590847e+05,1.637481e+06,6.926662e+02,7.890709e+04,1.265732e+06,3,101,N,N
7.135059e+02,4.510844e+04,4.197693e+05,1.122106e+03,1.148787e+05,1.045053e+06,9.872813e+02,1.139181e+05,1.128695e+06,5.619256e+02,4.455270e+04,6.577153e+05,2,91,N,N
7.857910e+02,6.153117e+04,4.393011e+05,1.138751e+03,1.580909e+05,1.406091e+06,1.014860e+03,1.274311e+05,1.359122e+06,5.226272e+02,2.958150e+04,3.709834e+05,3,49,N,N
6.912605e+02,4.740449e+04,5.344278e+05,1.089520e+03,9.968770e+04,1.030240e+06,1.208545e+03,1.566816e+05,1.738847e+06,7.984202e+02,9.148664e+04,1.274551e+06,0,102,N,N
8.265741e+02,5.945292e+04,5.366509e+05,1.295877e+03,1.334325e+05,1.148101e+06,1.393256e+03,2.216171e+05,2.038666e+06,8.509800e+02,1.281780e+05,2.000134e+06,1,0,N,N
7.249293e+02,7.145936e+04,7.684504e+05,1.010150e+03,1.570028e+05,1.544737e+06,1.082153e+03,1.777039e+05,1.997301e+06,6.522105e+02,6.249093e+04,8.994481e+05,0,36,N,N
6.848399e+02,3.882481e+04,3.321032e+05,1.119147e+03,1.117136e+05,1.114260e+06,1.113735e+03,1.335749e+05,1.454834e+06,6.153538e+02,5.000785e+04,7.764327e+05,0,18,N,N
5.541097e+02,3.776324e+04,4.513306e+05,8.793941e+02,7.926908e+04,8.814202e+05,9.654004e+02,1.197948e+05,1.312494e+06,5.421854e+02,2.976582e+04,3.821592e+05,2,97,N,N
1.705464e+02,4.239002e+03,1.409058e+04,3.629604e+02,6.198298e+03,2.302964e+04,4.199427e+02,1.476232e+04,6.914243e+04,6.258699e+02,9.166505e+04,6.304629e+05,2,79,N,N
9.114375e+02,7.274540e+04,4.419486e+05,1.698911e+03,5.227250e+05,3.013010e+06,1.762945e+03,5.810876e+05,4.025348e+06,9.733054e+02,9.525863e+04,1.111602e+06,3,79,N,N
6.508158e+02,3.088147e+04,2.998823e+05,1.109126e+03,7.917891e+04,7.820717e+05,1.264053e+03,1.389318e+05,1.480423e+06,7.487508e+02,7.196944e+04,1.034072e+06,3,86,N,N
7.125352e+02,5.912763e+04,4.720831e+05,1.055511e+03,1.325153e+05,1.309965e+06,9.906748e+02,1.293129e+05,1.480036e+06,6.347580e+02,6.787356e+04,1.011253e+06,1,94,N,N
6.388996e+02,3.677250e+04,3.111907e+05,9.689844e+02,9.584392e+04,8.902802e+05,8.288574e+02,8.608348e+04,9.420402e+05,3.920456e+02,2.418170e+04,3.404502e+05,1,48,N,N
6.872675e+02,2.697242e+04,2.008374e+05,1.140831e+03,1.072051e+05,1.160114e+06,1.300784e+03,2.520135e+05,2.915014e+06,8.612810e+02,1.455665e+05,2.393020e+06,0,98,N,N
7.804285e+02,4.961981e+04,4.288391e+05,1.196767e+03,1.231251e+05,1.090226e+06,1.160263e+03,1.734849e+05,1.748939e+06,7.223037e+02,8.015184e+04,1.342467e+06,1,61,N,N
6.199178e+02,3.138255e+04,2.845488e+05,1.030016e+03,8.096680e+04,8.667219e+05,1.149475e+03,1.055277e+05,1.166053e+06,7.687053e+02,7.004543e+04,9.077551e+05,0,96,N,N
7.942936e+02,4.007103e+04,2.464169e+05,1.134991e+03,8.057728e+04,6.144214e+05,1.122355e+03,1.416722e+05,1.141998e+06,6.434442e+02,8.234675e+04,1.187230e+06,2,37,N,N
6.407296e+02,3.880396e+04,4.236427e+05,1.060379e+03,9.147113e+04,1.016260e+06,1.221565e+03,1.632715e+05,1.895823e+06,8.641469e+02,1.138573e+05,1.692061e+06,0,84,N,N
5.968069e+02,4.772316e+04,4.065573e+05,9.147413e+02,9.601243e+04,1.047841e+06,9.629155e+02,1.144177e+05,1.284863e+06,6.045920e+02,4.399540e+04,4.697745e+05,0,97,N,N
6.280678e+02,2.543510e+04,2.529783e+05,1.072874e+03,7.789683e+04,8.398120e+05,1.231804e+03,1.109830e+05,1.215717e+06,8.989428e+02,9.387748e+04,1.178103e+06,0,74,N,N
5.851667e+02,2.853506e+04,2.836799e+05,1.000879e+03,6.334193e+04,6.425123e+05,1.144005e+03,1.129331e+05,1.278073e+06,7.488345e+02,7.751662e+04,1.009933e+06,1,104,N,N
6.011222e+02,2.634329e+04,2.064087e+05,1.004496e+03,6.108545e+04,5.738325e+05,1.075930e+03,1.058601e+05,1.149381e+06,5.482262e+02,4.090148e+04,5.722635e+05,1,88,N,N
6.906461e+02,3.748661e+04,3.292422e+05,1.113373e+03,1.127413e+05,1.144247e+06,1.216502e+03,2.188478e+05,2.348932e+06,7.082766e+02,7.648613e+04,1.254592e+06,0,80,N,N
7.260922e+02,4.669797e+04,4.522843e+05,1.123390e+03,1.185428e+05,1.136495e+06,1.166810e+03,1.838201e+05,2.006741e+06,7.808913e+02,1.059861e+05,1.645080e+06,0,34,N,N
6.513946e+02,4.032089e+04,4.064097e+05,1.058887e+03,9.153575e+04,9.662858e+05,1.185953e+03,1.504203e+05,1.720840e+06,8.316051e+02,1.145856e+05,1.670225e+06,1,92,N,N
7.299473e+02,4.881349e+04,4.511450e+05,1.179369e+03,1.151151e+05,9.482481e+05,1.060985e+03,1.252712e+05,1.225117e+06,4.854001e+02,3.572487e+04,5.589992e+05,0,25,N,N
6.849729e+02,4.205320e+04,4.242627e+05,1.150925e+03,8.893620e+04,9.407390e+05,1.340482e+03,2.144102e+05,2.393015e+06,1.000514e+03,1.574302e+05,2.363838e+06,0,70,N,N
6.794782e+02,5.349652e+04,4.691370e+05,1.053762e+03,9.816718e+04,1.067976e+06,1.232381e+03,1.907886e+05,2.206679e+06,9.148612e+02,1.375566e+05,2.124913e+06,0,3,N,N
6.305313e+02,3.605638e+04,3.563232e+05,1.011728e+03,7.535684e+04,8.058958e+05,1.131853e+03,1.342107e+05,1.534852e+06,7.400903e+02,7.177070e+04,9.883565e+05,0,59,N,N
8.154644e+02,3.930309e+04,3.329125e+05,1.393404e+03,1.752824e+05,1.524135e+06,1.607494e+03,3.675399e+05,3.280672e+06,1.023521e+03,1.391590e+05,1.854737e+06,2,81,N,N
7.002703e+02,4.109536e+04,3.123113e+05,1.144068e+03,9.119724e+04,8.827910e+05,1.259821e+03,1.729939e+05,1.847159e+06,8.006036e+02,9.503266e+04,1.529741e+06,2,61,N,N
5.764231e+02,4.263890e+04,5.129376e+05,9.195257e+02,8.256430e+04,9.275101e+05,1.089934e+03,1.866286e+05,2.170086e+06,7.925100e+02,1.191684e+05,1.800646e+06,2,64,N,N
7.903469e+02,5.103571e+04,3.510689e+05,1.270899e+03,1.647880e+05,1.366457e+06,1.204755e+03,1.732056e+05,1.661931e+06,6.794553e+02,7.378946e+04,1.118433e+06,0,95,N,N
6.488174e+02,3.886175e+04,3.921992e+05,1.114306e+03,9.536510e+04,1.061682e+06,1.319708e+03,1.661384e+05,1.872739e+06,1.038178e+03,1.555007e+05,2.197852e+06,0,0,N,N
7.164571e+02,5.279789e+04,3.830973e+05,1.053429e+03,1.280057e+05,1.253622e+06,9.619653e+02,1.183445e+05,1.385401e+06,4.793747e+02,2.918369e+04,4.174277e+05,1,49,N,N
7.140426e+02,4.879589e+04,4.220718e+05,1.037749e+03,1.037744e+05,9.695254e+05,8.874200e+02,8.941583e+04,9.520374e+05,4.634800e+02,3.386205e+04,5.316563e+05,3,62,N,N
6.799162e+02,4.853709e+04,5.214535e+05,1.072400e+03,1.307131e+05,1.426601e+06,1.198528e+03,1.873076e+05,2.125698e+06,7.259636e+02,7.108074e+04,1.032564e+06,0,53,N,N
6.026018e+02,3.558638e+04,3.849038e+05,9.801682e+02,8.279815e+04,9.184338e+05,1.079479e+03,1.300442e+05,1.564092e+06,7.809658e+02,8.511160e+04,1.159158e+06,1,33,N,N
5.731906e+02,3.281816e+04,3.543860e+05,9.835931e+02,6.923814e+04,7.498474e+05,1.170380e+03,1.227829e+05,1.383870e+06,1.001122e+03,1.402476e+05,1.907431e+06,0,79,N,N
8.456572e+02,6.819504e+04,5.069980e+05,1.247766e+03,1.772201e+05,1.415761e+06,1.132854e+03,1.767551e+05,1.662328e+06,6.487488e+02,7.379252e+04,1.125206e+06,0,92,N,N
6.158480e+02,4.183975e+04,4.232601e+05,1.023271e+03,9.980898e+04,1.098250e+06,1.134138e+03,1.603927e+05,1.844110e+06,7.581284e+02,9.747846e+04,1.485397e+06,1,82,N,N
6.657624e+02,4.260563e+04,4.214126e+05,1.056157e+03,1.339944e+05,1.447380e+06,1.079467e+03,1.547392e+05,1.858397e+06,6.772234e+02,7.734480e+04,1.209879e+06,1,90,N,N
1.014867e+03,9.479112e+04,6.549224e+05,9.170390e+02,9.750174e+04,5.079692e+05,6.997572e+02,6.648907e+04,3.975092e+05,4.975536e+02,6.346161e+04,5.517940e+05,2,58,N,N
7.211401e+02,4.137185e+04,2.774044e+05,1.151104e+03,6.470304e+04,5.720914e+05,1.263721e+03,1.322825e+05,1.461497e+06,8.878324e+02,9.976258e+04,1.517323e+06,0,39,N,N
6.930484e+02,3.402931e+04,2.714583e+05,1.169513e+03,8.100072e+04,8.055896e+05,1.239187e+03,1.756426e+05,2.010424e+06,9.347912e+02,1.820778e+05,3.008933e+06,2,68,N,N
5.431977e+02,2.952656e+04,2.924129e+05,8.707349e+02,6.713435e+04,7.429228e+05,9.662349e+02,9.467512e+04,1.133883e+06,7.316431e+02,8.532278e+04,1.306447e+06,2,71,N,N
8.088054e+02,6.448895e+04,5.138505e+05,1.147217e+03,1.626100e+05,1.420712e+06,9.849661e+02,1.331265e+05,1.329672e+06,5.437909e+02,3.960900e+04,5.514755e+05,0,17,N,N
7.565895e+02,4.746643e+04,4.060180e+05,1.204097e+03,1.198833e+05,1.060684e+06,1.208756e+03,1.633953e+05,1.612474e+06,6.926387e+02,7.421937e+04,1.174069e+06,1,96,N,N
5.457376e+02,2.840525e+04,2.957882e+05,9.427948e+02,5.537341e+04,5.848380e+05,1.144680e+03,1.171899e+05,1.304899e+06,9.305232e+02,1.306518e+05,1.610036e+06,3,77,N,N
8.052476e+02,5.937728e+04,5.292802e+05,1.190845e+03,1.053529e+05,9.018181e+05,1.142163e+03,1.742528e+05,1.778586e+06,7.829163e+02,1.206391e+05,2.057611e+06,2,75,N,N
7.591206e+02,5.131483e+04,3.899853e+05,1.095996e+03,1.372486e+05,1.163263e+06,8.818993e+02,8.680315e+04,8.782503e+05,3.858528e+02,1.883595e+04,2.385786e+05,3,63,N,N
7.140599e+02,3.929250e+04,4.019068e+05,1.220794e+03,8.323968e+04,7.616134e+05,1.409759e+03,1.596674e+05,1.573415e+06,9.106513e+02,9.633781e+04,1.374132e+06,2,67,N,N
5.578809e+02,3.809868e+04,4.755546e+05,8.836844e+02,8.243352e+04,9.359322e+05,8.897971e+02,9.801910e+04,1.077300e+06,4.535362e+02,2.013895e+04,2.349573e+05,3,97,N,N
5.579802e+02,2.415666e+04,2.065672e+05,9.300214e+02,6.216110e+04,6.688427e+05,1.045587e+03,1.057061e+05,1.188274e+06,7.832590e+02,7.584357e+04,9.305403e+05,0,73,N,N
8.058793e+02,6.689756e+04,5.930897e+05,1.152811e+03,1.575727e+05,1.430452e+06,1.050250e+03,1.658337e+05,1.722006e+06,6.852460e+02,9.760359e+04,1.599678e+06,2,94,N,N
1.048873e+03,9.326731e+04,6.495359e+05,1.327358e+03,2.028292e+05,1.174083e+06,1.212018e+03,2.371111e+05,1.539153e+06,7.051745e+02,9.098201e+04,1.098848e+06,1,87,N,N
6.964188e+02,3.574958e+04,2.079031e+05,1.074838e+03,7.748717e+04,6.001837e+05,9.132132e+02,6.456072e+04,6.285566e+05,4.315792e+02,2.304776e+04,2.882343e+05,0,15,N,N
7.545165e+02,7.243731e+04,7.532734e+05,1.118785e+03,1.667768e+05,1.707458e+06,1.047152e+03,1.582362e+05,1.773333e+06,5.949214e+02,4.651933e+04,6.727635e+05,0,38,N,N
2.086179e+03,6.311712e+05,4.759356e+06,1.733912e+03,4.796903e+05,1.238932e+06,1.505889e+03,2.687853e+05,9.179888e+05,7.509967e+02,6.337161e+04,3.493416e+05,2,72,N,N
6.654647e+02,4.201342e+04,3.700198e+05,1.009347e+03,1.106458e+05,1.083248e+06,8.925907e+02,1.053462e+05,1.241966e+06,4.548744e+02,3.748654e+04,6.093761e+05,0,48,N,N
6.145642e+02,2.741801e+04,2.308965e+05,1.070018e+03,6.702523e+04,7.249092e+05,1.279482e+03,1.740440e+05,2.052881e+06,9.891114e+02,1.484354e+05,2.208972e+06,0,99,N,N
6.333394e+02,2.745316e+04,2.085428e+05,1.078200e+03,6.651844e+04,6.246024e+05,1.166634e+03,9.871707e+04,1.030140e+06,6.494654e+02,4.221978e+04,5.271497e+05,0,100,N,N
5.528060e+02,3.079810e+04,3.333543e+05,9.153716e+02,6.470195e+04,6.658895e+05,1.008558e+03,8.846363e+04,9.853226e+05,6.151765e+02,5.319253e+04,8.589917e+05,2,60,N,N
7.546851e+02,4.250587e+04,3.816710e+05,1.214253e+03,1.047052e+05,1.074607e+06,1.411734e+03,2.385158e+05,2.568890e+06,1.149917e+03,1.832098e+05,2.579194e+06,0,23,N,N
7.403994e+02,5.370021e+04,3.673274e+05,1.118879e+03,1.391098e+05,1.273066e+06,9.970030e+02,1.211575e+05,1.316460e+06,4.878325e+02,2.731533e+04,3.428120e+05,0,49,N,N
7.566843e+02,6.673279e+04,4.762191e+05,1.089614e+03,1.544891e+05,1.443063e+06,1.029479e+03,1.479937e+05,1.603599e+06,6.064882e+02,6.450754e+04,9.546808e+05,0,94,N,N
7.288724e+02,6.480084e+04,6.699243e+05,1.101600e+03,1.935601e+05,1.939149e+06,9.950270e+02,1.406477e+05,1.613741e+06,4.920062e+02,3.192446e+04,4.448130e+05,1,38,N,N
6.949852e+02,4.518758e+04,3.904423e+05,1.107094e+03,1.140831e+05,1.142868e+06,1.204987e+03,1.858129e+05,2.038972e+06,7.061638e+02,8.704031e+04,1.397040e+06,3,92,N,N
8.656796e+02,5.141520e+04,4.266528e+05,1.364579e+03,1.992302e+05,1.620724e+06,1.531229e+03,3.504689e+05,3.067472e+06,8.629032e+02,8.947781e+04,1.204709e+06,3,81,N,N
5.975707e+02,2.744884e+04,1.995785e+05,1.014259e+03,6.408054e+04,6.551117e+05,1.158485e+03,1.522596e+05,1.780106e+06,7.953156e+02,1.051968e+05,1.579065e+06,0,88,N,N
7.813887e+02,3.342669e+04,2.391542e+05,1.330408e+03,8.423934e+04,7.873555e+05,1.549276e+03,2.157526e+05,1.998952e+06,1.014427e+03,1.268087e+05,1.643819e+06,1,81,N,N
8.552484e+02,7.140446e+04,5.954399e+05,1.265770e+03,2.176081e+05,1.810510e+06,1.176079e+03,2.039727e+05,2.003630e+06,6.934695e+02,9.720520e+04,1.572755e+06,1,69,N,N
7.304107e+02,4.597414e+04,3.398234e+05,1.133108e+03,9.486236e+04,8.317465e+05,1.118585e+03,1.432417e+05,1.491083e+06,6.353377e+02,6.088087e+04,9.359216e+05,0,54,N,N
9.462681e+02,7.419757e+04,6.853239e+05,1.443747e+03,2.836731e+05,2.109499e+06,1.465740e+03,3.738191e+05,2.988209e+06,8.808182e+02,1.219504e+05,1.417287e+06,1,56,N,N
6.116714e+02,2.684602e+04,2.269056e+05,1.028863e+03,8.106491e+04,8.684286e+05,1.187969e+03,1.421009e+05,1.634214e+06,8.761700e+02,1.039544e+05,1.308835e+06,0,85,N,N
7.147918e+02,3.358891e+04,3.088152e+05,1.160937e+03,9.350739e+04,9.405004e+05,1.145951e+03,1.188847e+05,1.265710e+06,7.369118e+02,6.535015e+04,9.524453e+05,3,47,N,N
6.938646e+02,5.574618e+04,5.274052e+05,1.053603e+03,1.370369e+05,1.398927e+06,1.007470e+03,1.273554e+05,1.463366e+06,5.567927e+02,4.533621e+04,6.809748e+05,0,58,N,N
7.349263e+02,4.462715e+04,3.273279e+05,1.120806e+03,1.005994e+05,8.336280e+05,1.003659e+03,1.114909e+05,1.145083e+06,5.054888e+02,3.652797e+04,5.758133e+05,2,54,N,N
6.074734e+02,3.712851e+04,3.058496e+05,9.830517e+02,1.090501e+05,1.116297e+06,8.803081e+02,8.275965e+04,9.618900e+05,4.598421e+02,2.627523e+04,3.367506e+05,3,55,N,N
7.378317e+02,6.084493e+04,5.694054e+05,1.056909e+03,1.339597e+05,1.358910e+06,9.786221e+02,1.213061e+05,1.348775e+06,5.628679e+02,4.829856e+04,7.260777e+05,1,58,N,N
6.529350e+02,4.311099e+04,5.162019e+05,1.068994e+03,8.562613e+04,9.454496e+05,1.257208e+03,1.514763e+05,1.723838e+06,8.893038e+02,8.053102e+04,1.073552e+06,0,2,N,N
6.281426e+02,3.154548e+04,3.540340e+05,1.098047e+03,7.822407e+04,8.509193e+05,1.264463e+03,1.029987e+05,1.116798e+06,8.471052e+02,7.097414e+04,9.793420e+05,1,46,N,N
6.948385e+02,4.195366e+04,3.514899e+05,1.114648e+03,9.822607e+04,9.568237e+05,1.077136e+03,1.055140e+05,1.129636e+06,6.210676e+02,5.174085e+04,7.421981e+05,0,101,N,N
4.761997e+02,2.296939e+04,2.044791e+05,8.014690e+02,5.661519e+04,5.830377e+05,8.922698e+02,7.249228e+04,7.816546e+05,4.971668e+02,3.592302e+04,5.195382e+05,0,43,N,N
8.476963e+02,4.587239e+04,2.868542e+05,1.278855e+03,1.376131e+05,9.031479e+05,1.055819e+03,1.418963e+05,1.150587e+06,5.991605e+02,6.264463e+04,8.643431e+05,0,42,N,N
6.895862e+02,4.856453e+04,3.883878e+05,1.023963e+03,1.122514e+05,1.171468e+06,9.482257e+02,1.074984e+05,1.205653e+06,4.915699e+02,2.499905e+04,2.756940e+05,2,93,N,N
6.561034e+02,3.170519e+04,2.943033e+05,1.040964e+03,7.935119e+04,8.412460e+05,1.148526e+03,1.148314e+05,1.302684e+06,8.130292e+02,9.511492e+04,1.294591e+06,0,103,N,N
6.741557e+02,5.115363e+04,5.721808e+05,1.074220e+03,1.286478e+05,1.408098e+06,1.172130e+03,1.975344e+05,2.287273e+06,7.008826e+02,6.777372e+04,1.056587e+06,2,85,N,N
5.550354e+02,2.800073e+04,2.765517e+05,9.671765e+02,5.972841e+04,6.387816e+05,1.159278e+03,1.352273e+05,1.568568e+06,9.181800e+02,1.361640e+05,1.868294e+06,1,77,N,N
5.857713e+02,3.582865e+04,3.379328e+05,9.642013e+02,7.432625e+04,8.338350e+05,1.042734e+03,1.018932e+05,1.173841e+06,7.289917e+02,7.450812e+04,9.562184e+05,1,91,N,N
6.481575e+02,3.544053e+04,3.489656e+05,1.066453e+03,9.479274e+04,1.037937e+06,1.222055e+03,1.555156e+05,1.797415e+06,9.015113e+02,1.186008e+05,1.672567e+06,2,87,N,N
6.067625e+02,3.373411e+04,3.015738e+05,9.910999e+02,8.424638e+04,8.397111e+05,1.060485e+03,1.113473e+05,1.183030e+06,5.673242e+02,4.591040e+04,6.694524e+05,1,43,N,N
6.009648e+02,2.769557e+04,2.234046e+05,1.015898e+03,6.965525e+04,7.148988e+05,1.125160e+03,1.224718e+05,1.379241e+06,6.913572e+02,7.422744e+04,1.078987e+06,3,88,N,N
1.027046e+03,1.167558e+05,7.638937e+05,1.240170e+03,1.786765e+05,1.157505e+06,9.049274e+02,1.039824e+05,7.956009e+05,4.739004e+02,3.993784e+04,5.166441e+05,1,45,N,N
6.777461e+02,4.561676e+04,5.373581e+05,1.087705e+03,1.061603e+05,1.144708e+06,1.208140e+03,1.602472e+05,1.853848e+06,7.818401e+02,8.655007e+04,1.320674e+06,3,102,N,N
6.408060e+02,3.960332e+04,3.359219e+05,1.022063e+03,1.084233e+05,1.106261e+06,9.877932e+02,1.162432e+05,1.342945e+06,5.171535e+02,3.752883e+04,5.555874e+05,0,52,N,N
7.013986e+02,5.576416e+04,5.011651e+05,1.101562e+03,1.602358e+05,1.658178e+06,1.175485e+03,1.946526e+05,2.156696e+06,6.188062e+02,5.386941e+04,8.322375e+05,1,53,N,N
7.094677e+02,4.372570e+04,4.565883e+05,1.104027e+03,1.078159e+05,1.068592e+06,1.107293e+03,1.589323e+05,1.807631e+06,6.851935e+02,7.381769e+04,1.187558e+06,1,34,N,N
6.384170e+02,2.854249e+04,2.342180e+05,1.092377e+03,6.769896e+04,6.461107e+05,1.237292e+03,1.093570e+05,1.151620e+06,6.664215e+02,4.658633e+04,6.423001e+05,1,100,N,N
6.874346e+02,4.763660e+04,3.536123e+05,1.053956e+03,1.197726e+05,1.213581e+06,1.093316e+03,1.467726e+05,1.630069e+06,5.697131e+02,3.969388e+04,4.861090e+05,1,93,N,N
1.669126e+03,2.557957e+05,1.590169e+06,9.473554e+02,1.041138e+05,3.880663e+05,5.975366e+02,2.664696e+04,1.070482e+05,4.395687e+02,4.844877e+04,1.167818e+05,2,73,N,N
7.343698e+02,5.902055e+04,5.037991e+05,1.115069e+03,9.796077e+04,9.086100e+05,1.143502e+03,1.173990e+05,1.197940e+06,7.409509e+02,8.351437e+04,1.242201e+06,0,75,N,N
6.198965e+02,2.920621e+04,2.612129e+05,1.029551e+03,8.064219e+04,8.352273e+05,1.153141e+03,1.413564e+05,1.609606e+06,7.241619e+02,7.711767e+04,1.202063e+06,2,83,N,N
6.228865e+02,3.009597e+04,2.994510e+05,1.025190e+03,7.387679e+04,7.636041e+05,1.120975e+03,1.202495e+05,1.366463e+06,6.986578e+02,6.977756e+04,1.070359e+06,1,83,N,N
6.825078e+02,4.238525e+04,4.681357e+05,1.128128e+03,1.027313e+05,1.046801e+06,1.206677e+03,1.384773e+05,1.490064e+06,7.337793e+02,6.317095e+04,9.400355e+05,0,47,N,N
7.079205e+02,6.485434e+04,6.937208e+05,1.052081e+03,1.629672e+05,1.788920e+06,1.144424e+03,1.914276e+05,2.248979e+06,7.890886e+02,9.113191e+04,1.172280e+06,1,36,N,N
7.614592e+02,5.240438e+04,4.909932e+05,1.177863e+03,1.233923e+05,1.098070e+06,1.191641e+03,1.581413e+05,1.516945e+06,7.045961e+02,7.690435e+04,1.147428e+06,0,1,N,N
6.577778e+02,4.150768e+04,3.745318e+05,1.064106e+03,1.232508e+05,1.289280e+06,9.626646e+02,1.090480e+05,1.281281e+06,5.331943e+02,3.904560e+04,5.809630e+05,2,55,N,N
6.430630e+02,3.579508e+04,2.460772e+05,1.053104e+03,7.236594e+04,6.757710e+05,1.077687e+03,9.794566e+04,1.047394e+06,5.694411e+02,3.953799e+04,5.516923e+05,3,76,N,N
5.854738e+02,3.732995e+04,4.026378e+05,9.535030e+02,5.526344e+04,5.068350e+05,9.405270e+02,4.747653e+04,4.440713e+05,4.994320e+02,2.274078e+04,1.627557e+05,0,65,N,N
6.539957e+02,3.241534e+04,2.537317e+05,1.044931e+03,7.198137e+04,6.770592e+05,1.076528e+03,1.081674e+05,1.197896e+06,6.675557e+02,7.210338e+04,1.160921e+06,0,104,N,N
5.962533e+02,3.051803e+04,2.472708e+05,1.019161e+03,6.312447e+04,6.313803e+05,1.114464e+03,8.047327e+04,8.233386e+05,6.346067e+02,3.947222e+04,4.918564e+05,0,6,N,N
6.988173e+02,5.260357e+04,4.500069e+05,1.102471e+03,9.542923e+04,9.680809e+05,1.276366e+03,1.717761e+05,1.865737e+06,8.633539e+02,1.062870e+05,1.500235e+06,0,51,N,N
5.705567e+02,2.792960e+04,2.355171e+05,9.437999e+02,6.210474e+04,7.113369e+05,1.157493e+03,1.679675e+05,2.052029e+06,9.675185e+02,1.604154e+05,2.302585e+06,1,98,N,N
6.357752e+02,3.503655e+04,2.939346e+05,1.037906e+03,8.355237e+04,8.670808e+05,1.167582e+03,1.886315e+05,2.175136e+06,6.898069e+02,7.076083e+04,1.073376e+06,1,80,N,N
6.553026e+02,3.812850e+04,3.819558e+05,1.055897e+03,9.743258e+04,1.035349e+06,1.183854e+03,1.423792e+05,1.632764e+06,7.784754e+02,8.754789e+04,1.222659e+06,0,71,N,N
6.804488e+02,4.787291e+04,5.161721e+05,1.099915e+03,1.261646e+05,1.511918e+06,1.313030e+03,2.659234e+05,3.282560e+06,1.077230e+03,2.284641e+05,3.666031e+06,1,78,N,N
6.698994e+02,3.851318e+04,3.898840e+05,1.086369e+03,1.194873e+05,1.223958e+06,1.142914e+03,1.614127e+05,1.836633e+06,6.575403e+02,7.353358e+04,1.243502e+06,0,90,N,N
7.477232e+02,3.926099e+04,3.034855e+05,1.198423e+03,1.218159e+05,1.068482e+06,1.168282e+03,1.601335e+05,1.604988e+06,6.718413e+02,7.042733e+04,1.120107e+06,3,57,N,N
6.132264e+02,3.294531e+04,3.330045e+05,1.007818e+03,8.384377e+04,8.258366e+05,1.030325e+03,1.132746e+05,1.284084e+06,5.216583e+02,3.469188e+04,4.933746e+05,0,20,N,N
7.594478e+02,4.045313e+04,3.179416e+05,1.206383e+03,1.253412e+05,1.127109e+06,1.246142e+03,2.049087e+05,2.086855e+06,8.832452e+02,1.431315e+05,2.219633e+06,2,57,N,N
6.612006e+02,3.396218e+04,3.174497e+05,1.077586e+03,8.304498e+04,8.515372e+05,1.207564e+03,1.499116e+05,1.725124e+06,7.957454e+02,9.645066e+04,1.452857e+06,2,103,N,N
5.931749e+02,2.547278e+04,2.265846e+05,1.016220e+03,5.840030e+04,5.774555e+05,1.129934e+03,1.187143e+05,1.370344e+06,7.626288e+02,9.019022e+04,1.343702e+06,2,88,N,N
6.661142e+02,4.617760e+04,4.745223e+05,1.080177e+03,1.110633e+05,1.162067e+06,1.090528e+03,1.540638e+05,1.690801e+06,6.449422e+02,6.892856e+04,1.202793e+06,0,82,N,N
7.311382e+02,4.543323e+04,3.880806e+05,1.080727e+03,1.214849e+05,1.082630e+06,9.307858e+02,1.083348e+05,1.075638e+06,5.058979e+02,3.701113e+04,5.544162e+05,3,50,N,N
5.799215e+02,3.383225e+04,3.789108e+05,9.738168e+02,9.546396e+04,1.053716e+06,1.067390e+03,1.340430e+05,1.588284e+06,7.086256e+02,6.953095e+04,9.669385e+05,0,35,N,N
7.027488e+02,5.710944e+04,6.419840e+05,1.099093e+03,1.409021e+05,1.536273e+06,1.236641e+03,2.330319e+05,2.646535e+06,7.452444e+02,7.739570e+04,1.171496e+06,1,85,N,N
6.729262e+02,3.335740e+04,2.286325e+05,1.103076e+03,9.485014e+04,8.966354e+05,1.084294e+03,1.359779e+05,1.521268e+06,6.523994e+02,7.621800e+04,1.303341e+06,0,89,N,N
8.347614e+02,7.660661e+04,7.738937e+05,1.301612e+03,1.941172e+05,1.894566e+06,1.507311e+03,3.815166e+05,3.736944e+06,9.431750e+02,1.480149e+05,2.216672e+06,2,56,N,N
5.956376e+02,3.887022e+04,4.068640e+05,9.770597e+02,6.134617e+04,6.283584e+05,1.023013e+03,9.273665e+04,1.067920e+06,8.925443e+02,1.488760e+05,2.379753e+06,1,79,N,N
6.776090e+02,4.590413e+04,4.190458e+05,1.068361e+03,1.244485e+05,1.327413e+06,1.151927e+03,1.694200e+05,1.954432e+06,7.171266e+02,8.563954e+04,1.464055e+06,0,69,N,N
6.821126e+02,3.663701e+04,3.131462e+05,1.121750e+03,9.870360e+04,9.610908e+05,1.153090e+03,1.238849e+05,1.320216e+06,7.091091e+02,6.417816e+04,9.618522e+05,2,96,N,N
8.471090e+02,6.968322e+04,6.515261e+05,1.289316e+03,1.587084e+05,1.359366e+06,1.423808e+03,3.147665e+05,2.830160e+06,9.290905e+02,1.570228e+05,2.125075e+06,0,87,N,N
8.680153e+02,7.447825e+04,6.779516e+05,1.214153e+03,1.437897e+05,1.145888e+06,1.140507e+03,1.524263e+05,1.375528e+06,6.446830e+02,6.099889e+04,8.751855e+05,0,21,N,N
7.839190e+02,4.606712e+04,3.810897e+05,1.243167e+03,1.079310e+05,8.414307e+05,1.165581e+03,1.781400e+05,1.712562e+06,7.297484e+02,9.781400e+04,1.449876e+06,0,46,N,N
6.528565e+02,3.114423e+04,2.278036e+05,1.082009e+03,8.876748e+04,8.701215e+05,1.164572e+03,1.599417e+05,1.831638e+06,7.732445e+02,1.018608e+05,1.700333e+06,1,89,N,N
6.687647e+02,3.877188e+04,3.978354e+05,1.097485e+03,9.610100e+04,9.453737e+05,1.184545e+03,1.322186e+05,1.425791e+06,6.180992e+02,4.950631e+04,7.123575e+05,1,60,N,N
6.739910e+02,4.315806e+04,4.521617e+05,1.082005e+03,7.949491e+04,7.828372e+05,1.155687e+03,1.007533e+05,1.119214e+06,8.082087e+02,7.716087e+04,1.091912e+06,1,37,N,N
7.400722e+02,4.503266e+04,3.490864e+05,1.124987e+03,8.785255e+04,8.368617e+05,1.216809e+03,1.661773e+05,1.826946e+06,9.258626e+02,1.543492e+05,2.314223e+06,1,76,N,N
6.897120e+02,3.566962e+04,3.796737e+05,1.184326e+03,7.683098e+04,7.218770e+05,1.325194e+03,1.395737e+05,1.457796e+06,8.106013e+02,7.051561e+04,1.071469e+06,3,67,N,N
8.777609e+02,6.610370e+04,4.957457e+05,1.264011e+03,1.326729e+05,9.268196e+05,1.032800e+03,1.317584e+05,1.087036e+06,6.346131e+02,8.745846e+04,1.143899e+06,0,44,N,N
6.603894e+02,3.576713e+04,3.364390e+05,1.094035e+03,9.064430e+04,9.325318e+05,1.147436e+03,1.270672e+05,1.433606e+06,6.642023e+02,5.928014e+04,8.828709e+05,1,101,N,N
6.131061e+02,2.891905e+04,3.214772e+05,1.045547e+03,7.074705e+04,7.114587e+05,1.194786e+03,1.086023e+05,1.204599e+06,8.039516e+02,7.535143e+04,1.068664e+06,1,74,N,N
7.740907e+02,4.678375e+04,3.932440e+05,1.249448e+03,1.164505e+05,9.624234e+05,1.332725e+03,1.993769e+05,1.797058e+06,7.238169e+02,8.009441e+04,1.208619e+06,2,74,N,N
6.684667e+02,4.306965e+04,3.790429e+05,1.043268e+03,9.307793e+04,9.338695e+05,9.989232e+02,8.994399e+04,9.910806e+05,6.012558e+02,4.480443e+04,6.222263e+05,1,25,N,N
7.593035e+02,6.944197e+04,5.250641e+05,1.081970e+03,1.586127e+05,1.529164e+06,1.084577e+03,1.755109e+05,1.910960e+06,7.602490e+02,1.094199e+05,1.529175e+06,3,94,N,N
6.226522e+02,3.211637e+04,2.730613e+05,1.049425e+03,6.526646e+04,6.997689e+05,1.196451e+03,1.361925e+05,1.601049e+06,9.819692e+02,1.604061e+05,2.450164e+06,1,68,N,N
7.205788e+02,5.808288e+04,5.506861e+05,1.085489e+03,1.449283e+05,1.463711e+06,1.039810e+03,1.410920e+05,1.560899e+06,6.197284e+02,5.874171e+04,8.830165e+05,3,58,N,N
6.306150e+02,3.248032e+04,3.037494e+05,9.950736e+02,7.936446e+04,7.760782e+05,9.495791e+02,9.260490e+04,1.047344e+06,5.026809e+02,3.354705e+04,4.685900e+05,0,31,N,N
6.393197e+02,3.837497e+04,3.157719e+05,9.972453e+02,9.483686e+04,9.694964e+05,9.582401e+02,1.003008e+05,1.114461e+06,4.896556e+02,3.163854e+04,4.425180e+05,3,52,N,N
6.391913e+02,3.757510e+04,4.154586e+05,1.030187e+03,9.082403e+04,9.701077e+05,1.123395e+03,1.551195e+05,1.840420e+06,6.523296e+02,5.541898e+04,8.053450e+05,0,33,N,N
6.709645e+02,3.901711e+04,4.073829e+05,1.088973e+03,1.260596e+05,1.323597e+06,1.131953e+03,1.653982e+05,1.947164e+06,6.880772e+02,8.241886e+04,1.367254e+06,2,90,N,N
7.237696e+02,4.439139e+04,3.710608e+05,1.139089e+03,8.581899e+04,7.541606e+05,1.162843e+03,1.237632e+05,1.361943e+06,7.338090e+02,7.427733e+04,1.209631e+06,1,42,N,N
7.635385e+02,5.299352e+04,4.707450e+05,1.177772e+03,1.668445e+05,1.392510e+06,9.872146e+02,1.465050e+05,1.455209e+06,6.569880e+02,8.080173e+04,1.487936e+06,1,50,N,N
8.585056e+02,6.912260e+04,6.174636e+05,1.278306e+03,1.623559e+05,1.399012e+06,1.252292e+03,2.076376e+05,1.960975e+06,7.768616e+02,9.847198e+04,1.436276e+06,1,102,N,N
6.009008e+02,3.699556e+04,4.358087e+05,9.911946e+02,8.499490e+04,9.729223e+05,1.134349e+03,1.696517e+05,1.995773e+06,7.099922e+02,6.051750e+04,8.628739e+05,3,73,N,N
5.659954e+02,2.898179e+04,2.610625e+05,9.624421e+02,5.959882e+04,6.562216e+05,1.174883e+03,1.464012e+05,1.710485e+06,9.858192e+02,1.680350e+05,2.348618e+06,2,77,N,N
5.994943e+02,3.749969e+04,3.553719e+05,9.797857e+02,5.309507e+04,4.872080e+05,9.189807e+02,4.361775e+04,3.901984e+05,4.885468e+02,1.949356e+04,1.464029e+05,3,65,N,N
6.279285e+02,3.214728e+04,2.516520e+05,1.026052e+03,6.944937e+04,6.829471e+05,1.094586e+03,9.664754e+04,1.067309e+06,6.726884e+02,5.684490e+04,7.515270e+05,0,57,N,N
8.038672e+02,5.256352e+04,4.315962e+05,1.246949e+03,1.190646e+05,9.507829e+05,1.205191e+03,1.885582e+05,1.678954e+06,7.577239e+02,1.106549e+05,1.743940e+06,1,51,N,N
6.845954e+02,5.178218e+04,4.482086e+05,1.099667e+03,9.400582e+04,1.011441e+06,1.225532e+03,1.437003e+05,1.647134e+06,8.552450e+02,1.021758e+05,1.556704e+06,3,51,N,N
7.848162e+02,5.187975e+04,4.654557e+05,1.220899e+03,1.256245e+05,1.091925e+06,1.219542e+03,1.871561e+05,1.850211e+06,7.603854e+02,9.285634e+04,1.414644e+06,0,66,N,N
6.476186e+02,3.433928e+04,3.788364e+05,1.073845e+03,8.624581e+04,8.977563e+05,1.137504e+03,1.189721e+05,1.315080e+06,7.365676e+02,6.829533e+04,9.361248e+05,0,60,N,N
7.740833e+02,6.462013e+04,5.162246e+05,1.107892e+03,1.529005e+05,1.387317e+06,9.831543e+02,1.178468e+05,1.229209e+06,5.137559e+02,3.356993e+04,4.367748e+05,2,12,N,N
7.689880e+02,5.021198e+04,4.551721e+05,1.232050e+03,1.356355e+05,1.091826e+06,1.117280e+03,1.764358e+05,1.712307e+06,6.375088e+02,7.843311e+04,1.239170e+06,1,66,N,N
8.584201e+02,6.710333e+04,5.527589e+05,1.265509e+03,1.659016e+05,1.327731e+06,1.149345e+03,1.711436e+05,1.558233e+06,6.809860e+02,8.415460e+04,1.193945e+06,2,95,N,N
6.745492e+02,4.422369e+04,4.118349e+05,1.107848e+03,1.112390e+05,1.075453e+06,1.148711e+03,1.066447e+05,1.078200e+06,6.403840e+02,4.540689e+04,6.197011e+05,1,44,N,N
9.369050e+02,8.919499e+04,7.517886e+05,1.303671e+03,1.732999e+05,1.433331e+06,1.385584e+03,3.115393e+05,2.677607e+06,1.007084e+03,2.230638e+05,3.234324e+06,3,87,N,N
1.066185e+03,9.227653e+04,4.896307e+05,1.152364e+03,1.389551e+05,6.110897e+05,9.515432e+02,1.273782e+05,6.495769e+05,6.904985e+02,1.002336e+05,9.890758e+05,1,71,N,N
6.254527e+02,2.956862e+04,2.997747e+05,1.097869e+03,7.509318e+04,7.633831e+05,1.260733e+03,1.249454e+05,1.346891e+06,7.903612e+02,7.538469e+04,1.053016e+06,2,86,N,N
6.933946e+02,4.722562e+04,3.829504e+05,1.084541e+03,8.011315e+04,7.626259e+05,1.157503e+03,1.165584e+05,1.264430e+06,7.876055e+02,8.236489e+04,1.198685e+06,0,37,N,N
7.863378e+02,4.999036e+04,4.387060e+05,1.240338e+03,8.592645e+04,6.617899e+05,1.313547e+03,1.712818e+05,1.560749e+06,7.853599e+02,8.800669e+04,1.325596e+06,1,41,N,N
6.086226e+02,3.281978e+04,2.946124e+05,9.768758e+02,8.740105e+04,9.340643e+05,1.000597e+03,1.113315e+05,1.258505e+06,5.817509e+02,5.031827e+04,7.266479e+05,3,82,N,N
7.605032e+02,4.302394e+04,3.075287e+05,1.167537e+03,1.235170e+05,1.055908e+06,1.085776e+03,1.484686e+05,1.475850e+06,6.860093e+02,7.508732e+04,1.161471e+06,2,89,N,N
6.393996e+02,3.694676e+04,2.325216e+05,9.904686e+02,8.969576e+04,9.353227e+05,9.800130e+02,1.051232e+05,1.199399e+06,4.967019e+02,3.012930e+04,3.961111e+05,0,50,N,N
7.773657e+02,5.300480e+04,4.249861e+05,1.216324e+03,1.293348e+05,1.041482e+06,1.094694e+03,1.216148e+05,1.155271e+06,5.888905e+02,5.506699e+04,8.772714e+05,2,101,N,N
6.649487e+02,4.027936e+04,2.872965e+05,1.050630e+03,9.902919e+04,9.407616e+05,9.901589e+02,9.841122e+04,1.076607e+06,5.603981e+02,4.636692e+04,7.039928e+05,0,29,N,N
8.355337e+02,4.596887e+04,3.811732e+05,1.363340e+03,1.756274e+05,1.471222e+06,1.554619e+03,3.438797e+05,3.032851e+06,8.884873e+02,1.129013e+05,1.502317e+06,0,81,N,N
5.974908e+02,4.479225e+04,5.202866e+05,9.039492e+02,9.057748e+04,1.043381e+06,8.665731e+02,8.360241e+04,9.302462e+05,5.110410e+02,2.889326e+04,3.876762e+05,1,97,N,N
6.952762e+02,3.668297e+04,4.016581e+05,1.189682e+03,7.750990e+04,7.598762e+05,1.415414e+03,1.818405e+05,1.974508e+06,9.461260e+02,9.504567e+04,1.402550e+06,1,67,N,N
6.299316e+02,4.031058e+04,4.617483e+05,1.015058e+03,1.179839e+05,1.328283e+06,1.147521e+03,1.847144e+05,2.193965e+06,7.902342e+02,1.029537e+05,1.415747e+06,0,78,N,N
6.496227e+02,4.334833e+04,4.763352e+05,1.025298e+03,1.175248e+05,1.273003e+06,1.127772e+03,1.797799e+05,2.149897e+06,7.296578e+02,8.651835e+04,1.328696e+06,2,78,N,N
7.271342e+02,4.615100e+04,4.818894e+05,1.153778e+03,1.106375e+05,1.066314e+06,1.223079e+03,1.516665e+05,1.606604e+06,6.741339e+02,5.482516e+04,8.650113e+05,2,47,N,N
7.289238e+02,4.740936e+04,3.960752e+05,1.126853e+03,1.457450e+05,1.296004e+06,1.001889e+03,1.202375e+05,1.324803e+06,4.845739e+02,3.332469e+04,4.966438e+05,2,63,N,N
6.167177e+02,3.394393e+04,2.452397e+05,1.044257e+03,5.323117e+04,5.264305e+05,1.207563e+03,1.186199e+05,1.270948e+06,7.670096e+02,6.157844e+04,9.099961e+05,0,72,N,N
7.238866e+02,5.016662e+04,5.081914e+05,1.097382e+03,8.508196e+04,8.334269e+05,1.145206e+03,1.413992e+05,1.553662e+06,6.391416e+02,4.671405e+04,6.947397e+05,0,9,N,N
6.319706e+02,3.781589e+04,4.289143e+05,1.029518e+03,1.043619e+05,1.218249e+06,1.167023e+03,1.786402e+05,2.202466e+06,8.261340e+02,9.907641e+04,1.475657e+06,3,85,N,N
7.002905e+02,4.679857e+04,5.011304e+05,1.172904e+03,9.877739e+04,1.039242e+06,1.393098e+03,2.191948e+05,2.407982e+06,9.569304e+02,1.425421e+05,2.296770e+06,2,70,N,N
6.701024e+02,4.189467e+04,3.081334e+05,1.062191e+03,1.007693e+05,1.068876e+06,1.169471e+03,1.527389e+05,1.743391e+06,7.226395e+02,7.146197e+04,1.056275e+06,2,59,N,N
8.029321e+02,7.195320e+04,5.764146e+05,1.175272e+03,1.907416e+05,1.641294e+06,9.708631e+02,1.181721e+05,1.218632e+06,4.923429e+02,3.048615e+04,4.146433e+05,1,12,N,N
6.306522e+02,2.874344e+04,2.737819e+05,1.036907e+03,8.246917e+04,8.713956e+05,1.035961e+03,9.750179e+04,1.110319e+06,6.847055e+02,6.631254e+04,9.713565e+05,3,83,N,N
6.296181e+02,3.881386e+04,3.435226e+05,1.029664e+03,1.023550e+05,1.053098e+06,9.997306e+02,1.174586e+05,1.346630e+06,5.926877e+02,5.542851e+04,8.590584e+05,0,62,N,N
5.704664e+02,4.111256e+04,4.318193e+05,9.039120e+02,8.275652e+04,9.190255e+05,1.012596e+03,1.346301e+05,1.590274e+06,7.138895e+02,8.833327e+04,1.203322e+06,3,64,N,N
7.236196e+02,5.064169e+04,3.783737e+05,1.056202e+03,1.154524e+05,1.061174e+06,9.360591e+02,1.018876e+05,1.111038e+06,5.037383e+02,4.084471e+04,6.163656e+05,2,69,N,N
9.257863e+02,5.959420e+04,3.467071e+05,1.283198e+03,1.639662e+05,9.447103e+05,1.204001e+03,2.430914e+05,1.681423e+06,6.052402e+02,7.759502e+04,8.970511e+05,1,47,N,N
8.725757e+02,7.475727e+04,6.031806e+05,1.221847e+03,1.222629e+05,9.527803e+05,1.122643e+03,1.399367e+05,1.228296e+06,6.173653e+02,6.126487e+04,1.012486e+06,1,75,N,N
6.743480e+02,4.145131e+04,3.759070e+05,1.055298e+03,8.756179e+04,8.786435e+05,1.145559e+03,1.407254e+05,1.550997e+06,6.553622e+02,5.386012e+04,7.289081e+05,1,59,N,N
7.704613e+02,6.517361e+04,5.575080e+05,1.126503e+03,1.625823e+05,1.478622e+06,9.923367e+02,1.265726e+05,1.327766e+06,5.009260e+02,3.196003e+04,4.153598e+05,0,12,N,N
6.850740e+02,3.051232e+04,2.072942e+05,1.111470e+03,7.295383e+04,6.693467e+05,1.250390e+03,1.879431e+05,2.044226e+06,8.583980e+02,1.347312e+05,2.182488e+06,0,40,N,N
5.832549e+02,3.913239e+04,4.731136e+05,9.274479e+02,8.232240e+04,9.689432e+05,1.097148e+03,1.942460e+05,2.370951e+06,8.799214e+02,1.364943e+05,2.268276e+06,0,64,N,N
7.764013e+02,4.847690e+04,4.310991e+05,1.230153e+03,1.210203e+05,1.039823e+06,1.209027e+03,1.735414e+05,1.702660e+06,7.085224e+02,8.137173e+04,1.284063e+06,3,66,N,N
6.865614e+02,2.427222e+04,1.958553e+05,1.212569e+03,1.322640e+05,1.347067e+06,1.454415e+03,2.959904e+05,3.211927e+06,1.071012e+03,1.915087e+05,3.111919e+06,1,72,N,N
6.177860e+02,3.499304e+04,3.938920e+05,1.026676e+03,8.575886e+04,1.006178e+06,1.233081e+03,1.983642e+05,2.435185e+06,9.919689e+02,1.565072e+05,2.238770e+06,0,4,N,N
7.271986e+02,4.911153e+04,4.663841e+05,1.074849e+03,1.232949e+05,1.180531e+06,9.830691e+02,1.296582e+05,1.380679e+06,6.080884e+02,5.990644e+04,9.560596e+05,2,50,N,N
6.609810e+02,3.794216e+04,3.705783e+05,1.072019e+03,7.961336e+04,8.417705e+05,1.191467e+03,1.287944e+05,1.465682e+06,8.374121e+02,1.014715e+05,1.521121e+06,0,61,N,N
6.847858e+02,4.052153e+04,3.926457e+05,1.119025e+03,1.066333e+05,1.008058e+06,1.163712e+03,1.376184e+05,1.473685e+06,6.341951e+02,5.632506e+04,8.226603e+05,3,60,N,N
8.564908e+02,7.095303e+04,5.897482e+05,1.245378e+03,1.248409e+05,1.020965e+06,1.178208e+03,1.701905e+05,1.565649e+06,7.273476e+02,8.769301e+04,1.380770e+06,3,75,N,N
6.084831e+02,3.355882e+04,2.840075e+05,1.032329e+03,9.953919e+04,1.020265e+06,1.061281e+03,1.318639e+05,1.475654e+06,5.766696e+02,5.117132e+04,7.722618e+05,1,62,N,N
5.683253e+02,2.916449e+04,2.436647e+05,9.435672e+02,6.372414e+04,7.075614e+05,1.072901e+03,1.411428e+05,1.749392e+06,8.046372e+02,1.113350e+05,1.716760e+06,2,80,N,N
5.227510e+02,3.423161e+04,2.947482e+05,8.172234e+02,5.706287e+04,6.101227e+05,8.707052e+02,8.629927e+04,1.024273e+06,5.426368e+02,3.823549e+04,5.559220e+05,0,91,N,N
9.388549e+02,8.858163e+04,5.239592e+05,1.298505e+03,1.925722e+05,1.242578e+06,1.024517e+03,1.454546e+05,1.168405e+06,5.545550e+02,6.656430e+04,8.759895e+05,1,95,N,N
6.514635e+02,3.337268e+04,3.058889e+05,1.071739e+03,8.391175e+04,8.663180e+05,1.184357e+03,1.481095e+05,1.675338e+06,8.269249e+02,1.076834e+05,1.631302e+06,1,103,N,N
6.257507e+02,2.718193e+04,1.790018e+05,1.062466e+03,5.645341e+04,5.171129e+05,1.192143e+03,1.224917e+05,1.365265e+06,7.839442e+02,9.801233e+04,1.657139e+06,0,68,N,N
6.481333e+02,3.403738e+04,2.958077e+05,1.066818e+03,8.085985e+04,7.750856e+05,1.136871e+03,1.268066e+05,1.387116e+06,6.556836e+02,6.444834e+04,9.775095e+05,2,104,N,N
6.511394e+02,4.000555e+04,3.078636e+05,9.746218e+02,9.050929e+04,9.148955e+05,9.046426e+02,9.040192e+04,1.001237e+06,4.759687e+02,3.116514e+04,4.548493e+05,2,52,N,N
7.941030e+02,4.938988e+04,3.812666e+05,1.140682e+03,1.228689e+05,1.021260e+06,1.063410e+03,1.484912e+05,1.425718e+06,6.532477e+02,8.160507e+04,1.209219e+06,3,89,N,N
6.928646e+02,5.205370e+04,4.819857e+05,1.044283e+03,1.197393e+05,1.244595e+06,1.114658e+03,2.020002e+05,2.324235e+06,8.370309e+02,1.672972e+05,3.147411e+06,0,30,N,N
6.620107e+02,3.611753e+04,2.595974e+05,1.081223e+03,8.542296e+04,7.846791e+05,1.115063e+03,1.344920e+05,1.453710e+06,6.828978e+02,7.081773e+04,1.114362e+06,3,104,N,N
7.961550e+02,6.133476e+04,5.292464e+05,1.218956e+03,1.530383e+05,1.297033e+06,1.176381e+03,1.675927e+05,1.591759e+06,6.139405e+02,5.556786e+04,8.796053e+05,0,45,N,N
6.439097e+02,3.648029e+04,4.404789e+05,1.056031e+03,7.735642e+04,8.193654e+05,1.249958e+03,1.459639e+05,1.647795e+06,9.730355e+02,1.375404e+05,1.916653e+06,1,70,N,N
6.498892e+02,3.008893e+04,2.565113e+05,1.116029e+03,7.718703e+04,8.571993e+05,1.331391e+03,1.965745e+05,2.314960e+06,1.093270e+03,1.903550e+05,2.788150e+06,1,99,N,N
6.984467e+02,4.346071e+04,4.848432e+05,1.148573e+03,1.244453e+05,1.387521e+06,1.414047e+03,3.586909e+05,4.258919e+06,1.109445e+03,2.639972e+05,4.289706e+06,2,98,N,N
6.984309e+02,5.823607e+04,6.224084e+05,1.058299e+03,8.767824e+04,8.241535e+05,1.031279e+03,1.399567e+05,1.555883e+06,5.991850e+02,6.375690e+04,1.118059e+06,0,19,N,N
6.693235e+02,4.487655e+04,4.469699e+05,1.080523e+03,1.270672e+05,1.407472e+06,1.195232e+03,1.816804e+05,2.097729e+06,8.024640e+02,1.157596e+05,1.951949e+06,3,69,N,N
7.808050e+02,5.950516e+04,4.572075e+05,1.173309e+03,1.412176e+05,1.311896e+06,1.222114e+03,1.377162e+05,1.405751e+06,7.171361e+02,5.770364e+04,7.377646e+05,0,24,N,N
6.112481e+02,3.182781e+04,3.937285e+05,1.044863e+03,7.593780e+04,8.331180e+05,1.256431e+03,1.367413e+05,1.537882e+06,1.048779e+03,1.411710e+05,1.840280e+06,3,70,N,N
6.328941e+02,2.737447e+04,2.328758e+05,1.091570e+03,6.181862e+04,5.781383e+05,1.217972e+03,1.040284e+05,1.079930e+06,6.897213e+02,4.969703e+04,6.934292e+05,2,100,N,N
6.449850e+02,3.226230e+04,3.163964e+05,1.064226e+03,8.480269e+04,8.960187e+05,1.176201e+03,1.396268e+05,1.608143e+06,7.715646e+02,8.940418e+04,1.303483e+06,3,103,N,N
7.069707e+02,5.263697e+04,4.321731e+05,1.062083e+03,1.241246e+05,1.213215e+06,1.081728e+03,1.490331e+05,1.659959e+06,5.931713e+02,4.507576e+04,5.643073e+05,0,93,N,N
6.047480e+02,3.648041e+04,3.838410e+05,9.617859e+02,8.777016e+04,9.514663e+05,1.044568e+03,1.185690e+05,1.423922e+06,6.636027e+02,6.459735e+04,1.032953e+06,3,71,N,N
7.501497e+02,5.732799e+04,5.057112e+05,1.132716e+03,1.562433e+05,1.466720e+06,1.117133e+03,1.693822e+05,1.785146e+06,6.032811e+02,4.932071e+04,7.280269e+05,3,53,N,N
7.580663e+02,4.298959e+04,3.318561e+05,1.113519e+03,8.897321e+04,7.036610e+05,9.922801e+02,1.204542e+05,1.127364e+06,4.546772e+02,3.326319e+04,5.181310e+05,3,54,N,N
7.067433e+02,3.048479e+04,2.048666e+05,1.182278e+03,8.268275e+04,6.898691e+05,1.182651e+03,1.082512e+05,1.047720e+06,6.449019e+02,4.888397e+04,7.175069e+05,3,100,N,N
5.321028e+02,2.748032e+04,3.101682e+05,9.368046e+02,5.372272e+04,5.717220e+05,1.126748e+03,1.145652e+05,1.329186e+06,9.264209e+02,1.254827e+05,1.587332e+06,0,77,N,N
7.129563e+02,5.100790e+04,3.963958e+05,1.068758e+03,1.409483e+05,1.293669e+06,9.390078e+02,1.194830e+05,1.338360e+06,5.305738e+02,6.570652e+04,1.269492e+06,2,48,N,N
6.976955e+02,3.861721e+04,3.747132e+05,1.176463e+03,1.022858e+05,9.419033e+05,1.279410e+03,1.600884e+05,1.644166e+06,6.956462e+02,6.457964e+04,9.833499e+05,3,74,N,N
7.085205e+02,4.043957e+04,3.768971e+05,1.187265e+03,7.774561e+04,7.196891e+05,1.390438e+03,1.959331e+05,2.035405e+06,9.695212e+02,1.278506e+05,1.998716e+06,0,41,N,N
5.835445e+02,3.516888e+04,4.539418e+05,1.015601e+03,8.609545e+04,1.002897e+06,1.185141e+03,1.361296e+05,1.617522e+06,9.350572e+02,1.203389e+05,1.613392e+06,3,84,N,N
6.672666e+02,4.132837e+04,4.143973e+05,1.132601e+03,7.968867e+04,8.528218e+05,1.295099e+03,1.263796e+05,1.410536e+06,9.459038e+02,1.206614e+05,1.700751e+06,0,7,N,N
5.710143e+02,3.379127e+04,3.503708e+05,9.386656e+02,5.738230e+04,5.557085e+05,1.038655e+03,5.821620e+04,5.430172e+05,5.553329e+02,2.695954e+04,2.160795e+05,2,65,N,N
6.839987e+02,4.842850e+04,5.186984e+05,1.123869e+03,8.235782e+04,8.412299e+05,1.241639e+03,1.399793e+05,1.533442e+06,7.804298e+02,7.892818e+04,1.207858e+06,0,5,N,N
7.641637e+02,5.932140e+04,4.440927e+05,1.113873e+03,1.647641e+05,1.539640e+06,1.033519e+03,1.425468e+05,1.541037e+06,5.307962e+02,3.439009e+04,4.825332e+05,2,49,N,N
