4.927437e+03,3.668844e+04,-2.323604e+03,3.838203e+05,-2.819143e+04,4.732971e+06,-1.689834e+03,-3.065291e+05,6.127020e+07,-8.141686e+03,-4.199769e+06,8.080241e+08,-1.151382e+03,-1.507127e+05,-6.267887e+07,1.077851e+10,3,72
3.555521e+03,2.305178e+04,-2.479497e+03,4.073595e+05,-2.517233e+04,8.337604e+06,-1.380313e+03,-4.176982e+05,1.761937e+08,1.333200e+04,-8.206886e+06,3.785729e+09,-1.486732e+01,2.607997e+05,-1.671803e+08,8.221380e+10,3,93
3.064051e+03,9.340380e+02,-1.767630e+03,3.291389e+02,-8.261560e+02,1.362315e+02,-1.197613e+03,-2.870223e+02,6.139703e+01,7.773476e+01,-1.106292e+02,2.878823e+01,-4.511364e+02,6.710211e+01,-4.793304e+01,1.376524e+01,0,26
3.052592e+03,2.767906e+04,-1.287244e+03,3.244211e+05,-2.077410e+04,4.365707e+06,-8.553963e+02,-2.535954e+05,6.146315e+07,-3.076504e+03,-3.655054e+06,8.799006e+08,-9.839435e+02,-6.158411e+04,-5.723953e+07,1.270176e+10,3,96
2.909034e+03,2.003827e+04,-1.649527e+03,1.811136e+05,-1.671754e+04,1.996985e+06,-1.131627e+03,-1.352692e+05,2.385191e+07,6.861163e+02,-1.312869e+06,2.946767e+08,-4.565360e+02,1.317053e+04,-1.451854e+07,3.708521e+09,1,55
2.720913e+03,2.655087e+04,-1.253598e+03,3.433417e+05,-2.262787e+04,5.181718e+06,-1.189871e+03,-3.349053e+05,8.240302e+07,-8.140537e+03,-5.808521e+06,1.337595e+09,-7.529297e+02,-1.329989e+05,-1.072747e+08,2.195503e+10,3,90
3.722316e+03,2.061478e+04,-2.379263e+03,1.396413e+05,-1.884303e+04,1.143880e+06,-1.039139e+03,-1.161811e+05,1.021391e+07,3.179092e+03,-8.382018e+05,9.450101e+07,-4.881855e+02,2.102737e+04,-6.980564e+06,8.895879e+08,1,5
3.618228e+03,1.029660e+03,-1.392795e+03,3.369564e+02,-7.557352e+02,1.266616e+02,-1.092921e+03,-2.672244e+02,5.101302e+01,2.754186e+01,-1.007938e+02,2.119906e+01,-1.259587e+03,4.710461e+01,-4.074510e+01,8.947427e+00,0,27
2.747969e+03,2.286407e+03,-9.618526e+02,1.530261e+04,-5.637277e+03,1.573872e+05,-9.395452e+02,-6.078616e+04,1.790809e+06,9.447527e+03,-7.393737e+05,2.123928e+07,-6.498771e+02,1.256715e+05,-9.594102e+06,2.572593e+08,0,28
3.417057e+03,2.147682e+04,-1.298373e+03,4.014679e+05,-2.187662e+04,8.139282e+06,-9.218266e+02,-4.195699e+05,1.671753e+08,1.480520e+04,-8.583352e+06,3.463000e+09,-9.531121e+02,3.183508e+05,-1.769632e+08,7.223313e+10,0,67
3.040496e+03,1.873884e+04,-1.723421e+03,1.353064e+05,-1.664653e+04,1.157185e+06,-8.862202e+02,-1.190243e+05,1.075266e+07,1.620657e+03,-9.547533e+05,1.035178e+08,-8.240664e+02,1.810077e+04,-8.581647e+06,1.013432e+09,3,91
3.507457e+03,1.331853e+03,-2.270581e+03,6.473484e+02,-1.352971e+03,3.660290e+02,-1.286179e+03,-6.429939e+02,2.186012e+02,5.740741e+02,-3.507472e+02,1.330947e+02,-4.358525e+02,3.758382e+02,-2.092508e+02,8.168180e+01,0,16
3.242941e+03,2.597009e+04,-1.640806e+03,3.689593e+05,-2.004531e+04,6.202920e+06,-1.377593e+03,-2.913766e+05,1.095875e+08,-8.617735e+03,-5.608361e+06,1.990271e+09,-1.756517e+03,-2.064713e+05,-1.156900e+08,3.688555e+10,3,99
3.166228e+03,2.310044e+04,-2.023119e+03,3.705677e+05,-2.854871e+04,6.829731e+06,-1.142889e+03,-4.772456e+05,1.296316e+08,1.259732e+04,-9.246564e+06,2.496456e+09,-2.952580e+02,2.230545e+05,-1.848550e+08,4.858088e+10,3,78
2.548707e+03,1.716351e+04,-1.030701e+03,2.881032e+05,-2.015898e+04,5.461559e+06,-9.009403e+02,-3.812331e+05,1.055892e+08,3.297627e+03,-8.010866e+06,2.061593e+09,-1.061653e+03,7.728734e+04,-1.693212e+08,4.057052e+10,2,102
3.273499e+03,1.068960e+03,-1.341255e+03,3.295284e+02,-8.959304e+02,1.072234e+02,-1.058145e+03,-3.249820e+02,3.701586e+01,1.144569e+02,-1.095921e+02,1.335078e+01,-7.836632e+02,1.123530e+02,-3.728162e+01,4.956360e+00,0,22
2.838051e+03,2.632583e+04,-1.588484e+03,4.255215e+05,-3.802611e+04,7.652309e+06,-1.262613e+03,-7.016443e+05,1.413678e+08,1.435549e+04,-1.390657e+07,2.646201e+09,-9.381917e+02,3.345633e+05,-2.802452e+08,5.002094e+10,1,84
2.683671e+03,6.025892e+02,-1.266476e+03,1.566857e+02,-4.461284e+02,4.788844e+01,-7.000486e+02,-1.122946e+02,1.597139e+01,3.377091e+01,-3.106612e+01,5.548007e+00,-3.510417e+02,1.682984e+01,-9.728197e+00,1.965653e+00,2,82
2.988293e+03,3.234154e+04,-1.412666e+03,5.289275e+05,-2.872256e+04,9.606511e+06,-9.637916e+02,-5.025902e+05,1.785699e+08,-5.437056e+02,-1.014796e+07,3.348705e+09,-1.123996e+03,-4.391932e+04,-2.117368e+08,6.315447e+10,3,68
2.728234e+03,1.460779e+04,-1.518994e+03,2.534599e+05,-1.719738e+04,4.847512e+06,-1.149987e+03,-3.313511e+05,9.354655e+07,7.480893e+03,-6.912735e+06,1.815653e+09,-8.580063e+02,1.528103e+05,-1.439327e+08,3.543785e+10,3,80
3.078693e+03,2.296973e+04,-1.711139e+03,1.785045e+05,-2.139782e+04,1.552199e+06,-1.101766e+03,-1.834962e+05,1.456985e+07,7.423059e+02,-1.615090e+06,1.425277e+08,-8.344794e+02,3.081838e+04,-1.516444e+07,1.424572e+09,1,10
2.967285e+03,2.493030e+04,-1.188468e+03,3.334647e+05,-1.606136e+04,5.362017e+06,-1.235157e+03,-2.181308e+05,9.125229e+07,-9.771591e+03,-4.078285e+06,1.597016e+09,-1.407532e+03,-2.159596e+05,-8.362331e+07,2.849811e+10,0,56
2.910307e+03,2.621216e+04,-6.863144e+02,2.617173e+05,-1.525729e+04,2.945238e+06,-8.258067e+02,-1.639116e+05,3.521922e+07,-3.569990e+03,-1.865506e+06,4.331837e+08,-1.440117e+03,-5.156821e+04,-2.317183e+07,5.407859e+09,1,86
3.359124e+03,1.026837e+03,-2.291179e+03,4.434241e+02,-1.000070e+03,2.232713e+02,-1.246118e+03,-4.415232e+02,1.182880e+02,1.328085e+02,-2.270260e+02,6.398589e+01,-2.528582e+02,1.236137e+02,-1.242501e+02,3.500071e+01,1,73
2.872747e+03,1.727364e+03,-1.197791e+03,4.389790e+03,-3.729129e+03,2.070283e+04,-1.088325e+03,-1.871235e+04,1.233885e+05,6.263968e+03,-1.135066e+05,8.588259e+05,-1.344597e+03,4.669994e+04,-7.815578e+05,6.762149e+06,1,40
3.318381e+03,2.910818e+04,-1.615133e+03,3.301634e+05,-2.506359e+04,4.434897e+06,-1.728414e+03,-3.159870e+05,6.392118e+07,-8.766862e+03,-4.630746e+06,9.593541e+08,-7.980560e+02,-1.092898e+05,-7.241451e+07,1.493301e+10,2,76
2.984473e+03,2.624823e+04,-1.642509e+03,3.681129e+05,-2.579571e+04,6.130467e+06,-1.625353e+03,-4.130353e+05,1.072841e+08,-8.851630e+03,-7.997575e+06,1.921663e+09,-8.227383e+02,-1.501955e+05,-1.621735e+08,3.500279e+10,0,76
2.377775e+03,1.756847e+04,-9.198454e+02,2.881280e+05,-2.578567e+04,5.425501e+06,-9.261260e+02,-4.622824e+05,1.064252e+08,1.358722e+04,-9.020279e+06,2.139843e+09,-1.015111e+03,3.044973e+05,-1.800754e+08,4.382884e+10,2,53
2.762612e+03,2.694666e+04,-1.194941e+03,4.145650e+05,-2.329608e+04,7.155200e+06,-1.124052e+03,-3.958314e+05,1.259835e+08,-4.468599e+02,-7.885226e+06,2.227241e+09,-9.575776e+02,-9.734195e+03,-1.616275e+08,3.944767e+10,1,65
3.633507e+03,8.079199e+02,-1.857902e+03,1.871836e+02,-7.051960e+02,4.846873e+01,-1.443740e+03,-1.832203e+02,1.360205e+01,-4.469121e+01,-4.877950e+01,4.000588e+00,-8.663421e+02,9.914363e+00,-1.390585e+01,1.208099e+00,0,32
3.440293e+03,1.157214e+03,-1.671942e+03,4.756791e+02,-1.004893e+03,2.255861e+02,-1.262801e+03,-4.477236e+02,1.136483e+02,9.322619e+01,-2.208799e+02,5.883938e+01,-1.002332e+03,1.025690e+02,-1.161998e+02,3.093234e+01,3,98
3.060868e+03,7.664752e+03,-1.514662e+03,1.244671e+05,-8.970780e+03,2.568603e+06,-1.113294e+03,-1.619677e+05,5.389218e+07,2.910976e+03,-3.604805e+06,1.137210e+09,-8.958984e+02,6.831739e+04,-8.057329e+07,2.409094e+10,0,10
3.500136e+03,3.139567e+04,-1.600783e+03,5.133487e+05,-3.647502e+04,9.352696e+06,-1.566734e+03,-6.711163e+05,1.745742e+08,2.843593e+03,-1.376027e+07,3.299165e+09,-1.593369e+03,5.936691e+04,-2.872760e+08,6.295142e+10,2,99
3.194240e+03,3.447605e+04,-1.480214e+03,4.696317e+05,-3.017328e+04,7.307927e+06,-1.435698e+03,-4.795907e+05,1.190464e+08,-9.490238e+03,-8.669111e+06,1.974623e+09,-1.006027e+03,-1.519370e+05,-1.652870e+08,3.309118e+10,3,61
2.501279e+03,1.115245e+04,-8.797710e+02,1.702444e+05,-2.073213e+04,3.005225e+06,-9.987848e+02,-3.787820e+05,5.495833e+07,1.545469e+04,-7.309795e+06,1.029062e+09,-1.132664e+03,3.407597e+05,-1.432336e+08,1.962033e+10,3,95
2.765476e+03,2.842540e+04,-1.569654e+03,3.726798e+05,-2.680478e+04,5.583970e+06,-1.213069e+03,-3.951804e+05,8.741593e+07,-4.188808e+03,-6.702806e+06,1.391177e+09,-6.648948e+02,-4.678938e+04,-1.201471e+08,2.233406e+10,0,55
3.678071e+03,1.700683e+04,-1.856721e+03,2.672973e+05,-2.339214e+04,4.966102e+06,-1.179643e+03,-4.246806e+05,9.422924e+07,8.058193e+03,-8.788204e+06,1.805969e+09,-8.519259e+02,1.676681e+05,-1.830472e+08,3.488744e+10,2,66
3.161135e+03,2.732978e+03,-1.570462e+03,2.445083e+04,-4.735928e+03,3.772719e+05,-1.491618e+03,-7.254170e+04,5.956227e+06,3.588659e+03,-1.343346e+06,9.394371e+07,-1.181098e+03,8.914980e+04,-2.441953e+07,1.477817e+09,3,56
2.963783e+03,3.334983e+03,-1.494123e+03,2.162609e+04,-7.899141e+03,2.258139e+05,-1.176427e+03,-8.346436e+04,2.604619e+06,1.195623e+04,-1.046606e+06,3.112355e+07,-7.097054e+02,1.662667e+05,-1.382283e+07,3.791721e+08,2,84
2.887071e+03,4.453675e+03,-7.840906e+02,5.134887e+04,-1.071717e+04,7.972793e+05,-9.688349e+02,-1.490743e+05,1.379381e+07,1.522311e+04,-2.362479e+06,2.538099e+08,-1.681645e+03,2.323043e+05,-4.145214e+07,4.841117e+09,2,92
2.654704e+03,1.937197e+04,-1.000068e+03,2.347952e+05,-1.060798e+04,3.408331e+06,-7.883408e+02,-1.244488e+05,5.147676e+07,-4.351234e+03,-2.171917e+06,7.878622e+08,-8.189080e+02,-1.008660e+05,-4.128904e+07,1.216515e+10,2,62
2.744468e+03,2.934532e+03,-1.113881e+03,2.097549e+04,-6.141168e+03,2.648058e+05,-8.135945e+02,-7.193595e+04,3.648225e+06,7.532438e+03,-1.072694e+06,5.171078e+07,-6.238395e+02,1.181436e+05,-1.677658e+07,7.440074e+08,0,83
3.300874e+03,2.553045e+04,-1.528680e+03,2.258693e+05,-2.098456e+04,2.332870e+06,-1.136828e+03,-1.911509e+05,2.610718e+07,8.416644e+01,-1.872594e+06,3.031198e+08,-5.094773e+02,1.884947e+04,-2.010652e+07,3.587023e+09,1,57
3.032538e+03,2.748308e+04,-1.782724e+03,2.829635e+05,-2.778133e+04,3.339949e+06,-1.348032e+03,-3.330058e+05,4.212826e+07,-4.391940e+03,-4.398519e+06,5.468660e+08,-7.578127e+02,-4.719771e+04,-6.221298e+07,7.197524e+09,3,59
2.870200e+03,8.091636e+02,-1.654967e+03,3.042359e+02,-6.377996e+02,1.385425e+02,-9.372343e+02,-2.195233e+02,6.814197e+01,4.044974e+01,-9.280650e+01,3.458096e+01,-1.649586e+02,2.904378e+01,-4.532109e+01,1.781675e+01,0,11
2.559530e+03,1.864369e+04,-1.605028e+03,1.599832e+05,-1.839429e+04,1.600859e+06,-1.103246e+03,-1.711472e+05,1.716728e+07,-2.174295e+03,-1.833315e+06,1.893704e+08,-4.234321e+02,-2.957055e+04,-2.159936e+07,2.116772e+09,0,13
3.367082e+03,1.129100e+03,-2.186836e+03,6.011645e+02,-1.167188e+03,4.534112e+02,-9.473230e+02,-8.803157e+02,5.156053e+02,6.003221e+02,-1.235541e+03,8.632874e+02,-4.679044e+02,1.247243e+03,-2.550286e+03,1.783807e+03,1,64
3.624276e+03,2.946424e+04,-1.838334e+03,3.778268e+05,-2.170975e+04,5.671859e+06,-1.086059e+03,-2.781465e+05,8.895544e+07,-3.927117e+03,-4.773725e+06,1.425952e+09,-9.207752e+02,-1.256125e+05,-8.925255e+07,2.324608e+10,1,35
3.426606e+03,1.252838e+03,-1.986673e+03,1.663044e+03,-1.859896e+03,5.037855e+03,-1.120535e+03,-6.287358e+03,1.906761e+04,2.484790e+03,-2.815846e+04,7.541259e+04,-7.489270e+02,1.602667e+04,-1.286850e+05,3.018742e+05,0,8
3.075510e+03,3.394563e+04,-1.080662e+03,4.989484e+05,-2.235233e+04,8.347622e+06,-1.053537e+03,-3.380579e+05,1.456121e+08,-7.382039e+03,-6.313390e+06,2.586492e+09,-1.088402e+03,-1.969488e+05,-1.291223e+08,4.646476e+10,0,86
2.447485e+03,3.592711e+03,-1.230800e+03,3.212641e+04,-7.659301e+03,4.313105e+05,-1.012471e+03,-1.056004e+05,6.005236e+06,7.934109e+03,-1.701637e+06,8.414210e+07,-6.052594e+02,1.551708e+05,-2.729617e+07,1.183250e+09,1,63
3.419603e+03,1.746661e+04,-1.895064e+03,2.928224e+05,-2.723868e+04,5.651457e+06,-9.475335e+02,-4.917465e+05,1.126218e+08,2.143489e+04,-9.760349e+06,2.285155e+09,-5.395747e+02,4.144594e+05,-1.997149e+08,4.693771e+10,2,51
2.469130e+03,1.819165e+04,-1.453297e+03,2.991081e+05,-2.427890e+04,5.638998e+06,-1.211470e+03,-4.302892e+05,1.099348e+08,9.383830e+03,-8.492010e+06,2.184916e+09,-4.908992e+02,2.289424e+05,-1.700404e+08,4.406062e+10,3,48
2.847282e+03,1.463339e+04,-1.524164e+03,7.166909e+04,-1.334728e+04,3.749827e+05,-8.070111e+02,-7.300210e+04,2.108733e+06,2.170317e+03,-3.813114e+05,1.250969e+07,-5.260833e+02,2.297309e+04,-2.058379e+06,7.679331e+07,0,14
3.282093e+03,1.926226e+04,-2.142501e+03,1.745684e+05,-1.526528e+04,1.990180e+06,-8.632857e+02,-1.072276e+05,2.433834e+07,1.159278e+03,-1.062507e+06,3.051967e+08,-2.690679e+02,-1.231208e+04,-1.277964e+07,3.875165e+09,1,54
2.883888e+03,1.719704e+04,-1.718999e+03,1.276338e+05,-1.510714e+04,1.161649e+06,-8.912613e+02,-1.007380e+05,1.159242e+07,2.369799e+03,-7.805285e+05,1.200533e+08,-1.806501e+02,2.345121e+04,-7.016269e+06,1.264669e+09,1,52
2.425840e+03,5.509088e+03,-1.266811e+03,6.229995e+04,-1.141038e+04,9.329607e+05,-1.055229e+03,-1.782559e+05,1.444654e+07,9.624266e+03,-3.133799e+06,2.269891e+08,-5.533097e+02,2.036592e+05,-5.516616e+07,3.609530e+09,0,63
2.888344e+03,2.134615e+04,-1.579734e+03,2.720572e+05,-1.569413e+04,4.187153e+06,-1.132090e+03,-2.044656e+05,6.753906e+07,-8.130966e+03,-3.674410e+06,1.110279e+09,-7.130576e+02,-1.679508e+05,-7.097008e+07,1.847383e+10,3,101
3.016623e+03,2.110634e+04,-2.076354e+03,1.677819e+05,-2.240721e+04,1.548758e+06,-9.074188e+02,-1.886223e+05,1.544864e+07,2.961972e+03,-1.739248e+06,1.596992e+08,-5.740580e+02,4.166789e+04,-1.742804e+07,1.681930e+09,2,91
3.333341e+03,3.497758e+04,-1.935846e+03,5.284882e+05,-3.498618e+04,9.092678e+06,-1.619773e+03,-5.744916e+05,1.618842e+08,-2.320564e+03,-1.093580e+07,2.917748e+09,-3.655748e+02,-6.652536e+03,-2.174157e+08,5.291818e+10,3,49
2.614916e+03,2.595071e+04,-1.069794e+03,4.145431e+05,-2.378078e+04,7.543044e+06,-9.037425e+02,-4.192268e+05,1.418421e+08,-4.254699e+03,-8.612030e+06,2.705384e+09,-1.063347e+03,-1.069654e+05,-1.837368e+08,5.209446e+10,0,102
2.820862e+03,2.656967e+04,-1.141873e+03,4.455877e+05,-3.545849e+04,8.243523e+06,-1.094258e+03,-6.780221e+05,1.563455e+08,9.435698e+03,-1.386008e+07,3.006647e+09,-1.411960e+03,2.306024e+05,-2.869237e+08,5.847775e+10,1,0
3.388090e+03,1.697235e+04,-1.926806e+03,2.186693e+05,-1.159848e+04,3.618591e+06,-1.289418e+03,-1.307225e+05,6.287263e+07,-3.633795e+03,-2.648332e+06,1.115300e+09,-2.962391e+02,-1.186743e+05,-5.837784e+07,2.008669e+10,0,36
2.441437e+03,1.455635e+04,-1.348510e+03,1.116268e+05,-1.223764e+04,1.040045e+06,-7.858123e+02,-9.105161e+04,1.047583e+07,-6.460220e+02,-8.288762e+05,1.086710e+08,-5.672953e+02,-1.546598e+04,-8.658618e+06,1.142631e+09,0,18
3.418012e+03,2.890485e+04,-1.936493e+03,3.855724e+05,-2.950662e+04,5.891499e+06,-8.885686e+02,-4.523924e+05,9.346138e+07,5.629373e+02,-8.182228e+06,1.513568e+09,-4.667827e+02,-9.574413e+03,-1.541675e+08,2.493159e+10,2,97
3.815899e+03,2.590382e+04,-2.906646e+03,3.730282e+05,-4.698511e+04,5.810061e+06,-1.583093e+03,-8.344098e+05,9.201906e+07,2.231419e+04,-1.514185e+07,1.479736e+09,7.509746e+01,5.651161e+05,-2.719252e+08,2.417729e+10,2,79
3.656744e+03,3.013751e+04,-2.847193e+03,4.198245e+05,-5.339983e+04,6.517945e+06,-1.562011e+03,-9.239912e+05,1.037496e+08,2.115455e+04,-1.679413e+07,1.674056e+09,4.080080e+02,5.652944e+05,-3.048581e+08,2.736400e+10,3,79
2.784575e+03,3.188646e+04,-7.019223e+02,5.469646e+05,-2.629062e+04,1.036052e+07,-8.730710e+02,-4.968896e+05,2.011471e+08,-4.951190e+03,-1.051312e+07,3.946010e+09,-1.314236e+03,-1.276491e+05,-2.294334e+08,7.794679e+10,3,86
3.362307e+03,1.960971e+04,-1.587531e+03,3.275547e+05,-2.438438e+04,6.497500e+06,-1.218273e+03,-4.081963e+05,1.337823e+08,1.507478e+04,-7.887270e+06,2.810189e+09,-5.335729e+02,3.098544e+05,-1.563959e+08,5.986652e+10,1,94
2.456079e+03,1.436871e+04,-1.606541e+03,2.277625e+05,-2.500902e+04,4.187691e+06,-1.209756e+03,-4.334949e+05,8.085139e+07,1.883744e+04,-8.108297e+06,1.616813e+09,-4.427808e+02,4.166803e+05,-1.541645e+08,3.323638e+10,1,48
3.604859e+03,1.322835e+03,-1.526541e+03,6.207242e+02,-1.062904e+03,3.346621e+02,-1.328938e+03,-5.419269e+02,1.899089e+02,1.275455e+02,-3.063045e+02,1.101433e+02,-1.172627e+03,1.613541e+02,-1.822247e+02,6.466506e+01,0,98
3.358169e+03,3.358075e+04,-1.265391e+03,3.960128e+05,-2.545971e+04,5.381018e+06,-1.231616e+03,-3.294637e+05,7.785806e+07,-4.716833e+03,-4.677602e+06,1.158285e+09,-7.972555e+02,-5.240505e+04,-7.153212e+07,1.750110e+10,1,61
2.919538e+03,2.739663e+04,-1.401431e+03,3.749936e+05,-2.147349e+04,5.885052e+06,-9.398213e+02,-3.143043e+05,9.602392e+07,-5.989457e+03,-5.706468e+06,1.594529e+09,-1.139923e+03,-1.450223e+05,-1.106813e+08,2.679860e+10,0,96
3.079012e+03,6.560518e+02,-1.511671e+03,1.321177e+02,-5.737560e+02,2.785011e+01,-1.140209e+03,-1.356895e+02,6.193287e+00,1.852466e+00,-3.052006e+01,1.436005e+00,-9.278250e+02,2.283805e+01,-7.002428e+00,3.425920e-01,2,37
2.945003e+03,2.561482e+04,-1.108447e+03,4.313857e+05,-2.687349e+04,8.122566e+06,-9.652089e+02,-4.959072e+05,1.563958e+08,4.934848e+03,-1.021471e+07,3.044641e+09,-1.103745e+03,8.943770e+04,-2.144621e+08,5.978378e+10,0,84
3.132806e+03,2.586873e+04,-1.824347e+03,2.625767e+05,-2.653075e+04,3.101251e+06,-8.732933e+02,-3.110893e+05,3.893679e+07,-1.119313e+03,-4.154089e+06,5.024342e+08,-3.893683e+02,-2.274762e+04,-5.951640e+07,6.597783e+09,0,97
2.577673e+03,2.598223e+04,-1.108795e+03,4.060836e+05,-2.410277e+04,7.163751e+06,-1.024701e+03,-4.141577e+05,1.309722e+08,-4.763596e+03,-8.225578e+06,2.440255e+09,-1.164679e+03,-1.188893e+05,-1.702165e+08,4.611403e+10,0,74
3.114662e+03,2.004598e+04,-1.493386e+03,1.373901e+05,-1.765424e+04,1.063191e+06,-1.140849e+03,-1.375870e+05,8.860880e+06,-1.507977e+03,-1.120723e+06,7.659500e+07,-8.373113e+02,-5.099913e+03,-9.810529e+06,6.740638e+08,1,104
2.336713e+03,2.783288e+04,-8.868876e+02,4.352193e+05,-2.109486e+04,7.638631e+06,-8.573250e+02,-3.714199e+05,1.387840e+08,-6.004982e+03,-7.433043e+06,2.557261e+09,-9.539580e+02,-1.300667e+05,-1.556291e+08,4.753355e+10,1,88
2.761975e+03,3.036296e+03,-1.553390e+03,3.568745e+04,-4.496605e+03,7.131529e+05,-1.276165e+03,-6.216573e+04,1.470898e+07,3.396478e+03,-1.382215e+06,3.011790e+08,-6.705363e+02,3.367605e+04,-3.272009e+07,6.096107e+09,0,80
3.636372e+03,3.443118e+04,-1.961240e+03,4.633641e+05,-3.068647e+04,7.275298e+06,-1.372154e+03,-4.547906e+05,1.194217e+08,-6.352164e+03,-8.262929e+06,1.992977e+09,-6.814749e+02,-1.295988e+05,-1.600597e+08,3.357804e+10,0,34
2.727597e+03,4.520753e+03,-1.208446e+03,5.653809e+04,-1.059638e+04,9.106614e+05,-9.456410e+02,-1.576636e+05,1.595168e+07,1.377231e+04,-2.634078e+06,2.942178e+08,-1.412719e+03,2.283963e+05,-4.731668e+07,5.610424e+09,1,92
3.169730e+03,1.057590e+03,-2.398156e+03,3.948983e+02,-1.369638e+03,1.653626e+02,-1.127199e+03,-6.049398e+02,7.318491e+01,2.544988e+02,-2.821989e+02,3.324888e+01,-2.889557e+02,2.001541e+02,-1.371136e+02,1.532532e+01,0,25
3.065324e+03,1.198009e+04,-1.263392e+03,1.932369e+05,-1.693437e+04,3.564670e+06,-1.436845e+03,-3.320943e+05,6.649110e+07,5.679110e+03,-6.948172e+06,1.248630e+09,-1.496470e+03,1.497019e+05,-1.440001e+08,2.360538e+10,0,70
3.531012e+03,1.994749e+04,-1.652397e+03,1.148858e+05,-1.715848e+04,7.417630e+05,-1.141301e+03,-1.096226e+05,5.225694e+06,7.748368e+02,-7.038268e+05,3.868325e+07,-7.763704e+02,1.585374e+04,-4.871744e+06,2.937581e+08,0,3
2.902031e+03,2.425300e+04,-1.163964e+03,2.499136e+05,-1.785590e+04,3.021932e+06,-9.242604e+02,-1.953562e+05,3.901525e+07,-4.222535e+03,-2.511882e+06,5.174932e+08,-1.102256e+03,-7.835678e+04,-3.589491e+07,6.961384e+09,0,59
3.412282e+03,5.851154e+03,-1.036608e+03,7.014714e+04,-1.225094e+04,1.112026e+06,-1.365634e+03,-2.012616e+05,1.805776e+07,1.206486e+04,-3.707018e+06,2.946729e+08,-1.761037e+03,2.376985e+05,-6.858737e+07,4.815827e+09,2,81
3.146175e+03,3.348556e+04,-1.002203e+03,5.339898e+05,-2.601007e+04,9.694159e+06,-1.129181e+03,-4.528576e+05,1.818571e+08,-5.030346e+03,-9.201620e+06,3.454108e+09,-1.012065e+03,-1.088608e+05,-1.954999e+08,6.611702e+10,2,61
3.383952e+03,2.274459e+04,-1.737002e+03,3.760232e+05,-2.336257e+04,6.970332e+06,-7.775040e+02,-3.886653e+05,1.321998e+08,1.486796e+04,-7.368989e+06,2.542894e+09,-6.725626e+02,2.626021e+05,-1.436711e+08,4.948639e+10,2,64
2.513693e+03,1.250653e+04,-8.216291e+02,1.921699e+05,-2.194092e+04,3.407936e+06,-9.098686e+02,-4.067811e+05,6.238886e+07,1.384068e+04,-7.968160e+06,1.165814e+09,-1.056265e+03,3.171766e+05,-1.575675e+08,2.214127e+10,0,95
3.024581e+03,2.508295e+04,-8.718996e+02,4.385053e+05,-2.811361e+04,8.420634e+06,-7.241769e+02,-5.307493e+05,1.649069e+08,1.117295e+04,-1.083156e+07,3.268522e+09,-1.398557e+03,2.274123e+05,-2.239309e+08,6.544075e+10,0,0
3.050682e+03,1.886808e+03,-1.838700e+03,6.143590e+03,-3.877309e+03,4.751855e+04,-1.409780e+03,-2.443984e+04,4.753518e+05,5.247781e+03,-2.336263e+05,5.155252e+06,-3.755458e+02,5.347968e+04,-2.671499e+06,5.730420e+07,1,49
2.600910e+03,1.823018e+04,-1.557111e+03,1.887123e+05,-1.570178e+04,2.386927e+06,-1.090904e+03,-1.536445e+05,3.206243e+07,-1.443100e+03,-1.944173e+06,4.398671e+08,-5.967318e+02,-2.126440e+04,-2.743605e+07,6.100218e+09,3,62
2.468811e+03,1.513190e+03,-8.584036e+02,4.151999e+03,-2.557345e+03,2.985815e+04,-7.417689e+02,-1.603547e+04,2.700079e+05,3.851757e+03,-1.515916e+05,2.617525e+06,-1.063325e+03,3.624995e+04,-1.584823e+06,2.646737e+07,0,53
3.623640e+03,2.865505e+04,-1.985434e+03,4.640956e+05,-3.199440e+04,8.385215e+06,-1.023439e+03,-5.560741e+05,1.550401e+08,1.264481e+04,-1.081344e+07,2.905231e+09,-6.440353e+02,2.320677e+05,-2.147959e+08,5.504691e+10,1,33
3.183099e+03,8.843834e+02,-1.560101e+03,3.778028e+02,-5.668700e+02,1.932492e+02,-1.316613e+03,-2.392313e+02,1.044675e+02,-1.043969e+02,-1.296091e+02,5.769703e+01,-1.126557e+03,-1.609993e+01,-7.659984e+01,3.224585e+01,0,79
2.872428e+03,1.617266e+04,-1.436955e+03,2.280480e+05,-3.417309e+04,3.741875e+06,-1.298662e+03,-5.657811e+05,6.610424e+07,3.206369e+04,-9.898404e+06,1.220250e+09,-9.582478e+02,6.495735e+05,-1.828778e+08,2.318095e+10,0,92
2.758473e+03,9.609493e+02,-1.441716e+03,2.069205e+03,-1.687894e+03,9.227256e+03,-9.249804e+02,-8.862539e+03,4.585894e+04,2.823225e+03,-5.223152e+04,2.328588e+05,-3.984140e+02,2.294672e+04,-3.055633e+05,1.194567e+06,1,82
2.672530e+03,3.014660e+04,-1.131540e+03,4.182215e+05,-2.625306e+04,6.586317e+06,-1.099214e+03,-4.374863e+05,1.084582e+08,-8.154201e+03,-8.020066e+06,1.815505e+09,-5.979339e+02,-1.197774e+05,-1.534665e+08,3.063217e+10,1,90
2.329392e+03,1.836346e+04,-1.389414e+03,2.919799e+05,-3.067112e+04,5.299746e+06,-1.011292e+03,-5.388889e+05,1.004888e+08,1.960981e+04,-1.025276e+07,1.955312e+09,-4.471702e+02,4.263498e+05,-2.007731e+08,3.877743e+10,2,58
2.944366e+03,7.240369e+02,-1.612280e+03,1.874728e+02,-6.396031e+02,5.493399e+01,-1.105832e+03,-1.795375e+02,1.759836e+01,-4.240161e+00,-5.297848e+01,5.938627e+00,-1.090039e+03,1.846743e+01,-1.718249e+01,2.063881e+00,0,39
3.136944e+03,3.432127e+04,-1.446310e+03,5.634900e+05,-2.701139e+04,1.044394e+07,-8.687925e+02,-4.492096e+05,2.004114e+08,-2.883639e+03,-8.863793e+06,3.917695e+09,-8.261629e+02,-9.964916e+04,-1.833074e+08,7.769230e+10,2,68
2.955507e+03,2.955665e+04,-1.091678e+03,4.719419e+05,-2.323098e+04,8.575134e+06,-1.089223e+03,-3.972698e+05,1.606594e+08,-4.297769e+03,-8.123793e+06,3.047678e+09,-1.029478e+03,-1.093647e+05,-1.735737e+08,5.829472e+10,2,71
3.886564e+03,2.507476e+03,-2.779750e+03,5.384484e+03,-4.641946e+03,2.652498e+04,-1.038309e+03,-2.046771e+04,1.731414e+05,5.796464e+03,-1.394619e+05,1.267546e+06,2.728727e+02,4.644743e+04,-1.073562e+06,1.006342e+07,0,17
3.137899e+03,2.936027e+04,-1.509983e+03,3.879011e+05,-2.340607e+04,5.874853e+06,-9.885419e+02,-3.262815e+05,9.247563e+07,-4.274326e+03,-5.544937e+06,1.478010e+09,-8.868809e+02,-9.442946e+04,-1.008299e+08,2.383639e+10,1,96
2.988612e+03,1.585049e+04,-1.588480e+03,1.238127e+05,-1.105304e+04,1.204519e+06,-8.595146e+02,-7.437849e+04,1.260110e+07,-1.858706e+03,-7.159971e+05,1.358120e+08,-1.047454e+03,-4.288847e+04,-8.217748e+06,1.491506e+09,3,77
3.478172e+03,3.684542e+04,-1.731091e+03,4.498236e+05,-3.210130e+04,6.223871e+06,-1.225366e+03,-4.315390e+05,9.121521e+07,-2.448195e+03,-6.311409e+06,1.372227e+09,-7.898118e+02,-1.266481e+04,-9.856683e+07,2.094856e+10,2,75
2.657888e+03,1.201377e+04,-1.912210e+03,1.799331e+05,-1.838773e+04,3.282480e+06,-1.317046e+03,-3.126101e+05,6.223984e+07,5.421091e+03,-6.255758e+06,1.206957e+09,-4.710308e+01,1.389567e+05,-1.273888e+08,2.380463e+10,3,63
3.560614e+03,2.596683e+04,-1.334814e+03,4.848213e+05,-2.675311e+04,9.850569e+06,-1.118640e+03,-5.071358e+05,2.034866e+08,1.617232e+04,-1.042189e+07,4.245910e+09,-1.145005e+03,3.092855e+05,-2.184820e+08,8.926923e+10,2,67
3.201561e+03,2.671108e+04,-2.053362e+03,2.999871e+05,-2.869358e+04,3.913832e+06,-7.480975e+02,-3.695057e+05,5.361381e+07,9.098435e+02,-5.575739e+06,7.510158e+08,-2.993931e+02,8.595034e+03,-8.930815e+07,1.069180e+10,3,97
3.196786e+03,1.002541e+03,-1.299380e+03,4.050854e+02,-7.385852e+02,1.898015e+02,-1.117115e+03,-3.246951e+02,9.443931e+01,-3.537300e+01,-1.605000e+02,4.834954e+01,-9.295721e+02,2.588173e+01,-8.416901e+01,2.518285e+01,0,73
3.383634e+03,1.824759e+03,-1.712372e+03,2.972135e+03,-2.773344e+03,1.100131e+04,-1.122996e+03,-1.078150e+04,5.281603e+04,3.651564e+03,-5.943420e+04,2.696028e+05,-5.372596e+02,2.599086e+04,-3.457392e+05,1.407450e+06,2,94
3.565389e+03,3.021501e+04,-1.899663e+03,3.975804e+05,-2.601600e+04,6.079099e+06,-1.090201e+03,-3.629850e+05,9.675401e+07,-2.567944e+03,-6.332752e+06,1.566972e+09,-6.220482e+02,-7.893575e+04,-1.178669e+08,2.567464e+10,1,87
2.513375e+03,1.361150e+04,-1.601801e+03,6.796961e+04,-1.484644e+04,3.537187e+05,-1.124889e+03,-8.793544e+04,1.961259e+06,1.223449e+03,-4.857920e+05,1.151965e+07,-3.004312e+02,2.791364e+04,-2.696527e+06,7.070728e+07,0,15
3.358169e+03,8.556789e+02,-2.078474e+03,2.596025e+02,-7.769882e+02,9.298169e+01,-9.143462e+02,-2.323510e+02,3.619058e+01,1.355966e+02,-7.808602e+01,1.464108e+01,9.755297e+01,6.550738e+01,-2.927621e+01,6.044136e+00,0,38
5.670054e+03,4.607627e+04,-3.692806e+03,5.414466e+05,-4.819696e+04,7.771680e+06,-2.336579e+03,-6.075689e+05,1.217265e+08,-9.701723e+03,-9.303040e+06,2.011255e+09,-3.722005e+02,-1.627409e+05,-1.565164e+08,3.455653e+10,2,72
2.464992e+03,1.222087e+04,-1.337978e+03,1.854951e+05,-2.259230e+04,3.317253e+06,-1.150058e+03,-3.893013e+05,6.249879e+07,1.823494e+04,-7.227367e+06,1.222063e+09,-4.804052e+02,3.910056e+05,-1.370870e+08,2.459590e+10,0,48
3.452071e+03,2.421068e+04,-9.787011e+02,4.116775e+05,-2.522558e+04,7.722995e+06,-1.147854e+03,-4.784645e+05,1.472936e+08,6.207936e+03,-9.864099e+06,2.840384e+09,-1.887496e+03,1.368078e+05,-2.041431e+08,5.532815e+10,0,99
2.745741e+03,2.267315e+04,-1.425954e+03,2.626648e+05,-1.774405e+04,3.593601e+06,-9.514178e+02,-1.937365e+05,5.159592e+07,-1.006545e+03,-2.681100e+06,7.525590e+08,-6.701756e+02,-3.636312e+04,-4.147110e+07,1.105316e+10,0,100
2.828183e+03,2.450241e+04,-1.548674e+03,3.223559e+05,-2.127830e+04,5.002560e+06,-1.252735e+03,-3.053370e+05,8.138870e+07,-7.490801e+03,-5.499264e+06,1.352671e+09,-6.436874e+02,-1.494776e+05,-1.057593e+08,2.282948e+10,2,60
3.566662e+03,1.107299e+03,-1.722209e+03,4.824954e+02,-8.695378e+02,2.472217e+02,-1.789138e+03,-4.278077e+02,1.333883e+02,-1.979038e+02,-2.466981e+02,7.333390e+01,-1.215244e+03,-3.561434e+01,-1.493533e+02,4.070996e+01,0,23
2.940865e+03,1.120656e+03,-1.612888e+03,1.253380e+03,-1.459941e+03,3.552522e+03,-1.551783e+03,-4.230320e+03,1.413133e+04,1.107596e+03,-1.934351e+04,6.001724e+04,-7.184496e+02,9.782131e+03,-9.479416e+04,2.582052e+05,0,49
3.300874e+03,4.142612e+03,-1.754737e+03,2.575117e+04,-9.169404e+03,2.747077e+05,-1.301549e+03,-9.418271e+04,3.188872e+06,1.170016e+04,-1.230241e+06,3.758652e+07,-3.742731e+02,1.700375e+05,-1.656479e+07,4.448889e+08,0,94
3.058640e+03,1.427216e+03,-2.148851e+03,7.636408e+02,-1.746210e+03,4.620859e+02,-9.428674e+02,-1.018655e+03,2.951958e+02,6.903020e+02,-6.425047e+02,1.931577e+02,-6.290727e+01,5.342559e+02,-4.303467e+02,1.280440e+02,1,38
2.819271e+03,1.948281e+04,-1.202438e+03,3.194115e+05,-3.130237e+04,5.862628e+06,-1.207272e+03,-5.670950e+05,1.109956e+08,2.110444e+04,-1.100171e+07,2.140959e+09,-1.519105e+03,4.355398e+05,-2.182624e+08,4.186969e+10,3,92
3.385226e+03,8.479594e+03,-8.170208e+02,1.165966e+05,-1.645281e+04,1.970672e+06,-1.118506e+03,-2.925474e+05,3.400707e+07,1.326917e+04,-5.669436e+06,5.912723e+08,-1.898817e+03,2.769101e+05,-1.102070e+08,1.033042e+10,3,81
2.662662e+03,2.930249e+04,-8.812256e+02,4.023776e+05,-1.926339e+04,6.254332e+06,-8.177885e+02,-2.794025e+05,1.015910e+08,-4.097577e+03,-4.688369e+06,1.682545e+09,-9.972798e+02,-9.022014e+04,-8.529607e+07,2.821609e+10,0,88
3.431062e+03,9.146531e+03,-7.295762e+02,1.274042e+05,-1.662197e+04,2.158681e+06,-1.104149e+03,-3.029026e+05,3.724832e+07,1.100492e+04,-5.914749e+06,6.480230e+08,-1.898132e+03,2.496933e+05,-1.150907e+08,1.134625e+10,1,81
3.072964e+03,3.602058e+03,-1.951579e+03,3.162462e+04,-8.967153e+03,3.891731e+05,-9.828804e+02,-1.157657e+05,5.069017e+06,1.299321e+04,-1.677639e+06,6.719217e+07,-1.214329e+02,2.070951e+05,-2.502406e+07,8.975605e+08,1,69
3.239440e+03,1.906683e+04,-2.010852e+03,1.705285e+05,-1.450816e+04,1.904525e+06,-8.544133e+02,-1.014068e+05,2.276826e+07,7.021547e+02,-9.989260e+05,2.788273e+08,-4.818285e+02,-1.727387e+04,-1.194236e+07,3.455386e+09,0,54
3.163364e+03,1.261215e+03,-1.653388e+03,6.702198e+02,-1.166239e+03,4.071744e+02,-1.437189e+03,-6.841893e+02,2.589390e+02,2.075003e+02,-4.492283e+02,1.676788e+02,-1.154005e+03,2.196461e+02,-3.095161e+02,1.095881e+02,1,56
3.097474e+03,2.764545e+04,-8.847422e+02,3.364151e+05,-1.471142e+04,4.780686e+06,-6.060414e+02,-1.693997e+05,7.146024e+07,-3.212499e+03,-2.531723e+06,1.091603e+09,-1.077203e+03,-9.812868e+04,-4.297426e+07,1.690684e+10,0,85
3.648786e+03,1.226025e+03,-1.521802e+03,5.652233e+02,-8.559519e+02,3.022737e+02,-9.058933e+02,-4.046438e+02,1.702233e+02,1.036774e+02,-2.202584e+02,9.801540e+01,-9.533941e+02,1.015371e+02,-1.279662e+02,5.715167e+01,3,47
2.105938e+03,7.513946e+02,-8.485713e+02,1.000504e+03,-1.038478e+03,2.751353e+03,-6.046763e+02,-3.782230e+03,8.998342e+03,1.653315e+03,-1.537337e+04,3.040660e+04,-5.576221e+02,9.947291e+03,-6.105514e+04,1.035229e+05,0,58
3.282093e+03,2.001281e+04,-2.325332e+03,2.259400e+05,-1.537613e+04,3.161432e+06,-9.388726e+02,-1.450138e+05,4.650043e+07,-1.800221e+03,-2.124280e+06,6.970968e+08,-2.731514e+02,-6.405037e+04,-3.523984e+07,1.057343e+10,2,54
2.744786e+03,1.850675e+04,-1.860819e+03,1.360667e+05,-1.995478e+04,1.154507e+06,-1.218188e+03,-1.600688e+05,1.069381e+07,7.662358e+02,-1.370004e+06,1.036495e+08,-4.340843e+02,2.999239e+04,-1.264925e+07,1.029703e+09,3,55
2.232626e+03,5.703832e+02,-8.677163e+02,2.366950e+02,-3.366041e+02,1.449814e+02,-7.429183e+02,-2.269524e+02,1.254752e+02,1.631178e+01,-3.083907e+02,1.473001e+02,-7.061184e+02,3.184092e+02,-5.285187e+02,2.092480e+02,1,58
4.055905e+03,1.052347e+03,-2.444766e+03,3.029272e+02,-9.825657e+02,9.915748e+01,-9.225183e+02,-2.968871e+02,3.472506e+01,2.027857e+02,-9.683740e+01,1.253181e+01,-6.821593e+02,9.133535e+01,-3.427500e+01,4.585181e+00,0,2
2.636561e+03,2.338685e+04,-5.866397e+02,2.529051e+05,-1.168077e+04,3.143169e+06,-5.481070e+02,-1.207272e+05,4.123951e+07,-1.655611e+03,-1.467017e+06,5.531248e+08,-1.179747e+03,-4.235418e+04,-2.038796e+07,7.505375e+09,1,46
2.923040e+03,2.153366e+04,-1.429693e+03,2.203714e+05,-1.658150e+04,2.711147e+06,-1.022712e+03,-1.698730e+05,3.541099e+07,-3.938820e+03,-2.195883e+06,4.726529e+08,-5.478431e+02,-7.029518e+04,-3.158061e+07,6.376809e+09,0,101
2.806538e+03,1.340715e+03,-1.865984e+03,2.593027e+03,-2.074638e+03,1.483877e+04,-1.061524e+03,-9.832542e+03,1.021095e+05,1.767102e+03,-7.960694e+04,7.094804e+05,-1.469999e+02,2.212749e+04,-6.495197e+05,4.922936e+06,0,43
3.172913e+03,2.747994e+04,-1.911081e+03,3.239221e+05,-2.482175e+04,4.492267e+06,-1.196952e+03,-3.054227e+05,6.588944e+07,-4.839613e+03,-4.555009e+06,9.911547e+08,-9.121909e+02,-8.896393e+04,-7.331039e+07,1.515741e+10,0,42
3.371857e+03,5.853398e+03,-2.048624e+03,6.490252e+04,-1.434165e+04,9.197169e+05,-1.464971e+03,-2.120173e+05,1.365154e+07,1.693480e+04,-3.464276e+06,2.067812e+08,-5.788290e+02,3.146984e+05,-5.811609e+07,3.170777e+09,2,93
2.740648e+03,2.280035e+04,-1.585478e+03,3.448827e+05,-2.308374e+04,6.013481e+06,-1.247263e+03,-3.928242e+05,1.080599e+08,-4.109550e+03,-7.938798e+06,1.968843e+09,-4.998810e+02,-8.669370e+04,-1.643470e+08,3.625561e+10,0,103
3.213975e+03,3.070266e+04,-1.352381e+03,3.801106e+05,-2.258350e+04,5.419775e+06,-1.115042e+03,-3.072510e+05,8.114374e+07,-8.049164e+03,-4.987145e+06,1.241866e+09,-1.372139e+03,-1.641055e+05,-8.679339e+07,1.929440e+10,2,85
2.952324e+03,1.629294e+04,-1.599925e+03,1.214768e+05,-1.294503e+04,1.104141e+06,-8.927835e+02,-9.332511e+04,1.078535e+07,-1.959710e+03,-8.648349e+05,1.083407e+08,-1.039911e+03,-3.650712e+04,-9.172534e+06,1.104904e+09,1,77
3.084104e+03,2.158328e+04,-1.562774e+03,1.682612e+05,-1.839505e+04,1.515126e+06,-8.204531e+02,-1.472725e+05,1.475104e+07,2.058528e+03,-1.262660e+06,1.487772e+08,-8.774679e+02,2.883608e+04,-1.190117e+07,1.525826e+09,1,91
3.605814e+03,1.741433e+04,-1.922655e+03,3.148380e+05,-1.894610e+04,6.193067e+06,-9.593655e+02,-3.828749e+05,1.228702e+08,7.486473e+03,-8.124320e+06,2.453862e+09,-6.043591e+02,1.732825e+05,-1.713479e+08,4.931580e+10,2,87
2.882296e+03,1.546014e+03,-1.923860e+03,3.630249e+03,-2.870099e+03,1.939959e+04,-1.113707e+03,-1.468564e+04,1.203445e+05,3.445138e+03,-1.050488e+05,7.669347e+05,-2.863866e+02,3.441453e+04,-7.681611e+05,4.951666e+06,1,43
2.663299e+03,2.413793e+04,-1.295548e+03,2.390506e+05,-2.151983e+04,2.655145e+06,-1.079774e+03,-2.430193e+05,3.130340e+07,-2.899405e+03,-2.907269e+06,3.790568e+08,-8.691460e+02,-2.259522e+04,-3.711088e+07,4.648553e+09,3,88
3.121665e+03,3.428631e+04,-1.447720e+03,5.570499e+05,-3.269960e+04,1.031057e+07,-1.152494e+03,-5.709339e+05,1.981256e+08,9.538380e+02,-1.127110e+07,3.869878e+09,-4.688095e+02,5.460916e+04,-2.311591e+08,7.641087e+10,1,45
2.619372e+03,2.025436e+04,-1.146014e+03,3.397783e+05,-2.393499e+04,6.406524e+06,-9.865276e+02,-4.413676e+05,1.237020e+08,5.282964e+03,-9.071557e+06,2.418362e+09,-1.070452e+03,1.059137e+05,-1.895125e+08,4.773315e+10,3,102
2.723459e+03,1.935628e+04,-1.568652e+03,2.396699e+05,-1.464574e+04,3.614540e+06,-1.010118e+03,-1.778242e+05,5.698038e+07,-3.420382e+03,-3.099626e+06,9.111061e+08,-3.168718e+02,-7.438703e+04,-5.894086e+07,1.467898e+10,0,52
2.430296e+03,1.985764e+04,-1.028874e+03,3.294440e+05,-2.398587e+04,6.205875e+06,-8.827350e+02,-4.284069e+05,1.204872e+08,7.367840e+03,-8.556774e+06,2.375840e+09,-9.325217e+02,1.638590e+05,-1.746075e+08,4.737944e+10,1,53
3.451116e+03,2.355894e+04,-1.677542e+03,2.038203e+05,-1.873138e+04,2.113296e+06,-1.084325e+03,-1.587221e+05,2.356328e+07,-1.081510e+03,-1.595896e+06,2.703490e+08,-8.047284e+02,-1.765840e+04,-1.808175e+07,3.146076e+09,1,34
2.730781e+03,2.734909e+04,-1.247651e+03,4.310507e+05,-1.949438e+04,7.696125e+06,-8.256052e+02,-3.065195e+05,1.411627e+08,-2.138228e+03,-6.015035e+06,2.615707e+09,-6.736768e+02,-7.959117e+04,-1.250024e+08,4.877669e+10,1,100
3.402733e+03,1.472167e+04,-1.871642e+03,2.689463e+05,-1.974411e+04,5.523776e+06,-1.241590e+03,-3.762943e+05,1.165426e+08,1.445043e+04,-7.660808e+06,2.506171e+09,-7.867476e+02,3.228012e+05,-1.570973e+08,5.469461e+10,1,93
3.768152e+03,2.710399e+04,-2.632966e+03,4.458228e+05,-2.724558e+04,8.062515e+06,-1.261082e+03,-4.711433e+05,1.488508e+08,7.307658e+03,-9.131837e+06,2.790140e+09,4.120643e+00,1.298482e+05,-1.787123e+08,5.303453e+10,2,73
3.203789e+03,3.727852e+04,-1.496415e+03,5.246991e+05,-2.937423e+04,8.380398e+06,-1.015480e+03,-4.464939e+05,1.405784e+08,-3.778574e+03,-7.735974e+06,2.408525e+09,-8.211319e+02,-7.208781e+04,-1.439551e+08,4.178544e+10,0,75
2.890572e+03,8.653833e+02,-1.199419e+03,3.504100e+02,-6.000212e+02,1.644647e+02,-9.612764e+02,-2.716935e+02,8.141917e+01,-7.536767e+01,-1.398322e+02,4.125008e+01,-6.455306e+02,6.719274e+00,-7.622865e+01,2.117257e+01,2,83
2.726961e+03,1.683587e+03,-1.116308e+03,5.826481e+03,-3.455480e+03,3.665293e+04,-9.020162e+02,-2.458666e+04,2.547485e+05,5.587451e+03,-1.968856e+05,1.824441e+06,-7.280773e+02,5.853179e+04,-1.600170e+06,1.330886e+07,1,83
3.489631e+03,1.163873e+03,-1.971761e+03,4.895021e+02,-1.028828e+03,2.412271e+02,-1.061775e+03,-4.406498e+02,1.269009e+02,1.290805e+02,-2.171674e+02,6.865933e+01,-7.404713e+02,9.041927e+01,-1.171152e+02,3.769187e+01,0,47
3.558386e+03,2.370600e+04,-2.241292e+03,2.830449e+05,-2.040023e+04,4.183307e+06,-1.262973e+03,-2.504931e+05,6.623654e+07,-6.282994e+03,-4.383331e+06,1.089953e+09,-1.060147e+02,-1.480781e+05,-8.475484e+07,1.845794e+10,1,36
2.780437e+03,2.475918e+04,-1.350943e+03,3.675775e+05,-2.108988e+04,6.352856e+06,-1.066004e+03,-3.357820e+05,1.141941e+08,-5.388480e+03,-6.601570e+06,2.089114e+09,-8.041842e+02,-1.255231e+05,-1.367536e+08,3.867730e+10,0,1
2.927496e+03,2.041196e+04,-1.639938e+03,1.703331e+05,-1.809096e+04,1.689430e+06,-1.189156e+03,-1.507787e+05,1.813528e+07,-1.249507e+02,-1.440784e+06,2.010626e+08,-5.226887e+02,8.251349e+03,-1.540908e+07,2.262669e+09,2,55
3.136944e+03,2.395052e+04,-1.569707e+03,2.217706e+05,-2.112287e+04,2.395174e+06,-1.628749e+03,-2.230077e+05,2.754393e+07,-7.002502e+03,-2.700636e+06,3.244450e+08,-1.034093e+03,-7.599575e+04,-3.523667e+07,3.863734e+09,3,76
2.858423e+03,2.778736e+04,-1.410414e+03,4.317852e+05,-2.724339e+04,7.449865e+06,-1.209093e+03,-4.815682e+05,1.303492e+08,1.348264e+03,-9.642431e+06,2.281755e+09,-8.789113e+02,4.194201e+04,-1.953798e+08,3.991449e+10,0,65
3.323155e+03,2.257312e+04,-1.553611e+03,1.452982e+05,-2.005378e+04,9.923398e+05,-1.112646e+03,-1.523787e+05,7.243987e+06,1.312897e+03,-1.093580e+06,5.562468e+07,-4.232165e+02,3.453867e+04,-8.001668e+06,4.417239e+08,0,104
3.407507e+03,2.154782e+04,-2.002679e+03,1.408813e+05,-2.129628e+04,1.036207e+06,-1.246350e+03,-1.514965e+05,8.277160e+06,2.270545e+03,-1.101848e+06,6.912387e+07,-6.320594e+02,3.721459e+04,-8.629137e+06,5.906514e+08,0,6
3.301510e+03,4.266563e+03,-1.782561e+03,3.632560e+04,-9.962478e+03,4.622450e+05,-1.001228e+03,-1.275748e+05,6.207568e+06,1.271015e+04,-1.923843e+06,8.469258e+07,-6.141333e+02,2.125422e+05,-2.959287e+07,1.165887e+09,0,51
3.401459e+03,1.173380e+03,-1.181550e+03,4.460377e+02,-8.835727e+02,1.915376e+02,-9.690686e+02,-3.739023e+02,8.787245e+01,1.208565e+02,-1.639716e+02,4.166238e+01,-1.189056e+03,1.094722e+02,-7.628651e+01,2.011253e+01,1,98
2.593907e+03,7.846554e+03,-1.423474e+03,1.376402e+05,-1.050530e+04,2.860260e+06,-1.015891e+03,-2.009324e+05,5.985954e+07,6.823862e+03,-4.571812e+06,1.249916e+09,-7.860212e+02,1.058648e+05,-1.052822e+08,2.604243e+10,1,80
2.776299e+03,2.730134e+04,-1.045206e+03,4.202800e+05,-1.816177e+04,7.515904e+06,-9.127115e+02,-2.821179e+05,1.398214e+08,-6.147064e+03,-5.637705e+06,2.646035e+09,-8.556323e+02,-1.608039e+05,-1.211744e+08,5.064660e+10,0,71
3.313288e+03,1.238768e+03,-1.915740e+03,7.535243e+02,-1.327198e+03,9.304654e+02,-7.747699e+02,-1.432351e+03,2.356468e+03,9.479889e+02,-3.869356e+03,8.021536e+03,-5.174848e+02,2.687384e+03,-1.487902e+04,2.940994e+04,1,78
2.606958e+03,2.800674e+04,-1.050165e+03,4.341425e+05,-2.378442e+04,7.708881e+06,-1.038433e+03,-4.140778e+05,1.421621e+08,-5.570780e+03,-8.303943e+06,2.659688e+09,-7.722166e+02,-1.088052e+05,-1.740007e+08,5.018392e+10,0,90
3.447933e+03,2.624486e+04,-1.956990e+03,2.504200e+05,-2.240428e+04,2.853081e+06,-1.244302e+03,-2.036195e+05,3.499519e+07,2.616258e+02,-2.179417e+06,4.426662e+08,-4.199022e+02,6.030882e+03,-2.626127e+07,5.691944e+09,3,57
2.916992e+03,1.837197e+04,-2.088050e+03,1.243712e+05,-2.047095e+04,9.693789e+05,-8.205473e+02,-1.515749e+05,8.267070e+06,2.979276e+03,-1.204405e+06,7.381516e+07,-8.548936e+01,3.153306e+04,-1.047516e+07,6.746137e+08,0,20
3.401459e+03,2.656590e+04,-1.402839e+03,2.269358e+05,-2.080801e+04,2.230090e+06,-1.177244e+03,-1.899007e+05,2.382264e+07,-1.141225e+03,-1.812050e+06,2.653437e+08,-5.829842e+02,2.175383e+03,-1.895046e+07,3.021630e+09,2,57
2.914764e+03,1.684981e+04,-1.646423e+03,1.853176e+05,-1.199363e+04,2.628106e+06,-1.310785e+03,-1.261041e+05,4.005157e+07,-6.474767e+03,-2.177007e+06,6.328219e+08,-4.178857e+02,-1.331080e+05,-4.227853e+07,1.027587e+10,2,103
2.408014e+03,2.801305e+04,-4.761470e+02,3.384223e+05,-1.470485e+04,4.446628e+06,-5.768618e+02,-2.000113e+05,6.145998e+07,-1.618413e+03,-2.724178e+06,8.725635e+08,-1.074933e+03,-2.300050e+04,-3.902164e+07,1.257830e+10,2,88
2.767068e+03,6.359364e+02,-1.623576e+03,1.916449e+02,-5.321160e+02,6.924030e+01,-8.231456e+02,-1.602519e+02,2.691235e+01,-2.907491e+01,-5.791396e+01,1.076554e+01,-2.806892e+02,-9.032765e+00,-2.347452e+01,4.362968e+00,0,82
2.878158e+03,2.302990e+04,-1.978168e+03,2.967541e+05,-2.215921e+04,4.560822e+06,-1.168741e+03,-2.949913e+05,7.340500e+07,-1.610009e+03,-5.054152e+06,1.204243e+09,-1.585883e+02,-3.222038e+04,-9.286406e+07,2.001301e+10,3,50
3.260766e+03,7.595168e+02,-1.467132e+03,1.769660e+02,-6.108116e+02,4.495673e+01,-1.001595e+03,-1.597763e+02,1.224532e+01,2.404185e+01,-4.178222e+01,3.483163e+00,-1.021364e+03,2.258444e+01,-1.157506e+01,1.016346e+00,0,35
3.586397e+03,1.542261e+04,-1.716517e+03,2.643644e+05,-2.337890e+04,5.249599e+06,-1.289940e+03,-4.164705e+05,1.072681e+08,1.974761e+04,-8.490757e+06,2.217907e+09,-1.422538e+03,3.201004e+05,-1.819197e+08,4.612767e+10,1,85
2.859696e+03,1.966079e+04,-1.457203e+03,3.107100e+05,-1.774028e+04,5.838730e+06,-1.246050e+03,-2.975557e+05,1.129666e+08,-3.773693e+03,-6.303936e+06,2.211159e+09,-7.463300e+02,-7.731232e+04,-1.367618e+08,4.364265e+10,0,89
2.979381e+03,1.161261e+03,-1.243092e+03,7.444076e+02,-9.663932e+02,7.324346e+02,-1.265821e+03,-1.090503e+03,1.186171e+03,5.076261e+02,-2.280843e+03,2.867835e+03,-1.277465e+03,1.895421e+03,-6.513901e+03,8.435289e+03,2,56
3.532285e+03,1.376617e+03,-2.804981e+03,2.269640e+03,-2.301220e+03,7.956774e+03,-1.766007e+03,-8.778515e+03,3.541374e+04,3.114706e+03,-4.404814e+04,1.710006e+05,2.505950e+02,2.201722e+04,-2.351436e+05,8.627776e+05,1,79
2.966330e+03,7.074920e+02,-1.846601e+03,2.610595e+02,-5.106677e+02,1.182074e+02,-1.121679e+03,-1.675096e+02,5.728123e+01,-8.580889e+01,-7.185634e+01,2.850110e+01,-4.742292e+02,-1.455613e+01,-3.490085e+01,1.436954e+01,0,69
3.074555e+03,2.783028e+04,-1.449694e+03,3.565421e+05,-2.138981e+04,5.228285e+06,-9.531649e+02,-2.766914e+05,7.952284e+07,-1.789637e+03,-4.382691e+06,1.225905e+09,-9.101698e+02,-4.481364e+04,-7.469282e+07,1.903840e+10,2,96
3.654834e+03,3.004530e+04,-1.766434e+03,4.236629e+05,-2.236068e+04,6.952834e+06,-9.631022e+02,-3.158477e+05,1.187436e+08,-2.649244e+03,-5.871783e+06,2.067959e+09,-6.189417e+02,-1.163075e+05,-1.176333e+08,3.651303e+10,0,87
3.268406e+03,2.010062e+03,-2.177198e+03,5.565726e+03,-4.169627e+03,2.996710e+04,-9.178283e+02,-2.294585e+04,2.069579e+05,6.492471e+03,-1.592749e+05,1.708197e+06,3.040521e+02,5.562576e+04,-1.250534e+06,1.641366e+07,0,21
2.877203e+03,3.059845e+04,-8.950541e+02,4.393677e+05,-1.895226e+04,7.247060e+06,-8.501427e+02,-2.820129e+05,1.249551e+08,-7.856269e+03,-5.082064e+06,2.196429e+09,-1.012233e+03,-1.758175e+05,-9.879667e+07,3.908376e+10,0,46
2.896938e+03,1.763254e+04,-1.316522e+03,2.871058e+05,-1.745598e+04,5.505693e+06,-1.141028e+03,-3.079269e+05,1.082125e+08,-2.339393e+02,-6.520244e+06,2.150980e+09,-8.035934e+02,2.686838e+03,-1.395895e+08,4.313943e+10,1,89
2.839642e+03,2.588157e+04,-1.348511e+03,2.986329e+05,-2.238948e+04,4.018494e+06,-1.302171e+03,-2.869854e+05,5.723392e+07,-6.317371e+03,-4.267055e+06,8.335382e+08,-8.177294e+02,-9.403145e+04,-6.860989e+07,1.228037e+10,1,60
2.925904e+03,6.016528e+02,-1.298187e+03,1.406123e+02,-4.246934e+02,3.838052e+01,-1.037861e+03,-1.036288e+02,1.150050e+01,-7.339692e+01,-2.821871e+01,3.616832e+00,-9.855498e+02,-1.422527e+01,-8.702928e+00,1.167038e+00,1,37
3.395093e+03,2.857860e+04,-1.577659e+03,4.327628e+05,-3.199719e+04,7.592579e+06,-1.810945e+03,-5.656942e+05,1.376530e+08,-3.948639e+03,-1.146355e+07,2.529292e+09,-1.011156e+03,-4.450619e+04,-2.374349e+08,4.691489e+10,1,76
3.435200e+03,2.565873e+04,-1.588931e+03,4.395348e+05,-1.692318e+04,8.391863e+06,-1.100188e+03,-2.691024e+05,1.631806e+08,3.531753e+03,-5.388257e+06,3.206281e+09,-1.083406e+03,3.140433e+04,-1.112595e+08,6.355711e+10,3,67
3.610907e+03,3.006874e+04,-2.259671e+03,5.120772e+05,-3.849991e+04,9.779873e+06,-1.070105e+03,-6.799753e+05,1.920795e+08,2.013207e+04,-1.342105e+07,3.832280e+09,-5.713123e+01,3.825337e+05,-2.723111e+08,7.736606e+10,0,44
2.807175e+03,2.176212e+04,-1.235812e+03,2.308650e+05,-1.605929e+04,2.927604e+06,-9.979396e+02,-1.727436e+05,3.939030e+07,-4.424102e+03,-2.297934e+06,5.418341e+08,-7.081177e+02,-7.490371e+04,-3.378215e+07,7.538397e+09,1,101
2.761338e+03,2.869250e+04,-1.255002e+03,3.802300e+05,-2.438832e+04,5.756261e+06,-1.258231e+03,-3.627747e+05,9.168349e+07,-8.199559e+03,-6.204618e+06,1.498829e+09,-1.074307e+03,-1.437315e+05,-1.134701e+08,2.495829e+10,1,74
2.893755e+03,2.693541e+04,-1.308271e+03,4.186760e+05,-2.451744e+04,7.370855e+06,-1.424516e+03,-4.284445e+05,1.333171e+08,-7.664272e+03,-8.810885e+06,2.436289e+09,-1.151967e+03,-1.721253e+05,-1.862965e+08,4.480803e+10,2,74
3.132488e+03,1.874869e+04,-2.258984e+03,1.726653e+05,-1.686887e+04,1.955221e+06,-1.174889e+03,-1.403410e+05,2.356477e+07,-5.760319e+02,-1.612005e+06,2.914481e+08,-3.393614e+02,-2.375313e+04,-2.122226e+07,3.666829e+09,1,25
3.364535e+03,9.184796e+03,-1.587382e+03,9.519730e+04,-2.110215e+04,1.285890e+06,-1.326495e+03,-3.044261e+05,1.813819e+07,2.252294e+04,-4.860991e+06,2.601762e+08,-5.385165e+02,4.262310e+05,-7.836760e+07,3.775353e+09,3,94
3.222888e+03,3.107962e+04,-1.186969e+03,5.356466e+05,-2.189719e+04,1.028573e+07,-8.817212e+02,-3.661331e+05,2.028276e+08,1.135695e+03,-7.405784e+06,4.062170e+09,-1.202107e+03,-3.795739e+04,-1.564926e+08,8.237124e+10,1,68
2.203978e+03,1.510705e+04,-6.481648e+02,2.564971e+05,-2.351165e+04,4.950668e+06,-6.103288e+02,-4.121296e+05,1.003274e+08,2.200633e+04,-7.565509e+06,2.096717e+09,-7.656575e+02,4.553106e+05,-1.432395e+08,4.475240e+10,3,58
2.505099e+03,1.948367e+04,-1.938111e+03,2.188219e+05,-1.998157e+04,2.981407e+06,-6.618281e+02,-2.111578e+05,4.314525e+07,2.627907e+03,-2.866189e+06,6.380714e+08,1.592718e+02,7.621711e+03,-4.368821e+07,9.535844e+09,0,31
2.786803e+03,1.628655e+04,-1.866220e+03,1.164244e+05,-1.642717e+04,1.014072e+06,-1.153493e+03,-1.160517e+05,9.694408e+06,9.357708e+02,-9.513192e+05,9.639718e+07,-3.149391e+02,1.598692e+04,-8.823393e+06,9.770850e+08,3,52
3.662792e+03,1.035723e+03,-2.108263e+03,2.935353e+02,-9.707231e+02,9.155516e+01,-9.463926e+02,-2.943455e+02,3.080469e+01,2.316983e+02,-8.922136e+01,1.083677e+01,-3.609069e+02,1.150982e+02,-2.893997e+01,3.904407e+00,0,33
2.582766e+03,3.051343e+04,-1.087736e+03,4.721600e+05,-2.757259e+04,8.281260e+06,-1.000751e+03,-5.008822e+05,1.512330e+08,-6.750389e+03,-1.001604e+07,2.805838e+09,-5.487875e+02,-1.100122e+05,-2.076726e+08,5.252197e+10,2,90
3.167183e+03,2.201504e+04,-1.860899e+03,1.959489e+05,-1.954151e+04,2.102467e+06,-1.105873e+03,-1.736659e+05,2.448992e+07,-2.038820e+03,-1.849597e+06,2.970838e+08,-9.273069e+02,-3.580809e+04,-2.205969e+07,3.701479e+09,1,42
3.113707e+03,2.572168e+04,-1.887194e+03,3.121270e+05,-2.553256e+04,4.567671e+06,-1.306218e+03,-3.318275e+05,7.099192e+07,-2.464710e+03,-5.347609e+06,1.131744e+09,-3.023480e+02,-3.329742e+04,-9.355772e+07,1.833893e+10,1,50
2.803037e+03,8.881743e+03,-1.341961e+03,1.306899e+05,-1.638376e+04,2.305157e+06,-1.055072e+03,-2.929408e+05,4.199508e+07,1.226115e+04,-5.706123e+06,7.787550e+08,-8.531088e+02,2.579026e+05,-1.132010e+08,1.461508e+10,1,102
3.519234e+03,2.307885e+04,-2.457291e+03,3.627625e+05,-2.650041e+04,6.220247e+06,-1.203330e+03,-4.771505e+05,1.078251e+08,4.676535e+03,-9.377190e+06,1.881413e+09,-1.841935e+02,9.760521e+04,-1.839047e+08,3.303586e+10,3,73
2.988293e+03,1.585007e+04,-1.619786e+03,1.739988e+05,-9.066148e+03,2.501882e+06,-1.010507e+03,-7.853220e+04,3.931766e+07,-5.675107e+03,-1.305739e+06,6.503310e+08,-1.172074e+03,-1.267432e+05,-2.608417e+07,1.115253e+10,2,77
2.895347e+03,2.876825e+04,-1.428130e+03,3.941259e+05,-2.541443e+04,6.107404e+06,-1.308770e+03,-4.062308e+05,9.760011e+07,-5.147534e+03,-7.548724e+06,1.577031e+09,-8.221294e+02,-7.445927e+04,-1.452065e+08,2.569200e+10,3,65
3.045907e+03,2.215611e+04,-1.446415e+03,1.788033e+05,-1.880186e+04,1.664994e+06,-1.262383e+03,-1.625271e+05,1.679220e+07,-1.411133e+03,-1.499156e+06,1.759371e+08,-7.581314e+02,2.315635e+03,-1.506134e+07,1.879951e+09,0,57
3.435200e+03,3.944013e+03,-1.913340e+03,2.711291e+04,-9.457532e+03,2.968704e+05,-9.939285e+02,-1.027347e+05,3.541395e+06,1.357521e+04,-1.344470e+06,4.355769e+07,-3.985029e+02,1.961266e+05,-1.835538e+07,5.461549e+08,1,51
3.275727e+03,1.278423e+04,-1.585635e+03,2.123321e+05,-1.934796e+04,4.225384e+06,-7.731142e+02,-3.404054e+05,8.707945e+07,1.652956e+04,-6.822410e+06,1.826140e+09,-5.201566e+02,3.047341e+05,-1.420871e+08,3.871947e+10,3,51
3.089197e+03,1.793022e+03,-1.690097e+03,2.898569e+03,-2.851897e+03,9.879601e+03,-1.195800e+03,-1.028990e+04,4.437817e+04,3.522414e+03,-5.269954e+04,2.148031e+05,-9.012535e+02,2.419959e+04,-2.896488e+05,1.069330e+06,0,66
2.716775e+03,2.384221e+04,-1.501347e+03,2.978849e+05,-2.095172e+04,4.381957e+06,-1.254247e+03,-2.834436e+05,6.771183e+07,-6.991696e+03,-4.717283e+06,1.067092e+09,-6.548615e+02,-1.266973e+05,-8.418135e+07,1.701362e+10,0,60
2.759747e+03,2.493173e+04,-1.897842e+03,2.786207e+05,-2.883639e+04,3.599667e+06,-1.265074e+03,-3.733829e+05,4.913583e+07,-2.144403e+03,-5.409516e+06,6.853210e+08,1.292990e+02,5.427146e+03,-8.262881e+07,9.661031e+09,2,12
3.224161e+03,2.174769e+03,-1.743945e+03,4.224070e+03,-3.840663e+03,1.675414e+04,-1.196848e+03,-1.570834e+04,8.681362e+04,5.102221e+03,-8.981712e+04,4.854903e+05,-8.061893e+02,3.679534e+04,-5.630253e+05,2.791438e+06,1,66
2.623828e+03,2.487973e+03,-8.081664e+02,1.696229e+04,-5.141330e+03,1.903006e+05,-8.470373e+02,-6.383570e+04,2.218777e+06,7.034353e+03,-8.772586e+05,2.600191e+07,-1.002499e+03,1.205069e+05,-1.185223e+07,3.058871e+08,2,95
3.468623e+03,2.520627e+04,-2.090157e+03,2.522035e+05,-2.245710e+04,3.018425e+06,-1.185136e+03,-2.198406e+05,3.827166e+07,-8.142401e+02,-2.721076e+06,4.956640e+08,-3.038900e+02,-3.422911e+04,-3.763252e+07,6.491951e+09,1,44
3.746189e+03,2.804259e+04,-2.130990e+03,3.098488e+05,-2.381455e+04,4.125538e+06,-1.050436e+03,-2.672276e+05,5.862066e+07,-3.787291e+03,-3.942969e+06,8.618792e+08,-4.634063e+02,-1.003464e+05,-6.500565e+07,1.299912e+10,3,87
2.916037e+03,2.825312e+04,-1.487563e+03,3.440339e+05,-2.451150e+04,4.940307e+06,-1.181289e+03,-3.091418e+05,7.670711e+07,-3.520330e+03,-4.377452e+06,1.250805e+09,-5.406185e+02,-3.222207e+04,-6.567524e+07,2.127112e+10,1,71
2.757837e+03,2.416897e+04,-8.842264e+02,2.305005e+05,-1.719746e+04,2.460492e+06,-1.175597e+03,-1.899877e+05,2.788148e+07,-5.820822e+03,-2.204984e+06,3.248196e+08,-1.501183e+03,-6.519356e+04,-2.732056e+07,3.836294e+09,2,86
3.026809e+03,6.841202e+02,-1.244979e+03,1.591070e+02,-5.019591e+02,4.093138e+01,-1.130080e+03,-1.292574e+02,1.135291e+01,-4.360099e+01,-3.402994e+01,3.293358e+00,-1.036063e+03,4.959367e+00,-9.667619e+00,9.800560e-01,0,37
3.417693e+03,3.687168e+04,-1.769264e+03,5.653255e+05,-3.499943e+04,9.873873e+06,-1.428240e+03,-6.075237e+05,1.786144e+08,-7.533373e+03,-1.213268e+07,3.273381e+09,-7.636681e+02,-1.537786e+05,-2.520392e+08,6.044622e+10,1,41
2.726324e+03,7.338299e+02,-1.821088e+03,2.988564e+02,-6.267697e+02,1.446754e+02,-8.264845e+02,-2.635395e+02,7.337063e+01,-6.363392e+01,-1.391858e+02,3.768955e+01,-5.565861e+01,-2.325219e+01,-7.899616e+01,1.943658e+01,3,82
2.922403e+03,1.808885e+04,-1.515224e+03,2.825981e+05,-2.302883e+04,5.217793e+06,-1.341030e+03,-4.136604e+05,9.924170e+07,2.662784e+03,-8.518674e+06,1.915462e+09,-6.570046e+02,8.849792e+04,-1.771080e+08,3.740615e+10,2,89
2.811631e+03,2.149748e+04,-1.694255e+03,2.383161e+05,-1.922096e+04,3.183800e+06,-1.249088e+03,-2.249546e+05,4.497775e+07,-4.128456e+03,-3.406945e+06,6.486464e+08,-3.700228e+02,-6.305032e+04,-5.657161e+07,9.466071e+09,0,50
2.734282e+03,2.077659e+04,-1.587250e+03,2.238092e+05,-1.794336e+04,2.909102e+06,-9.890429e+02,-1.946521e+05,4.024053e+07,-3.528732e+03,-2.644511e+06,5.708107e+08,-4.714077e+02,-6.674890e+04,-3.959347e+07,8.214010e+09,2,101
2.944048e+03,6.356526e+02,-1.820500e+03,1.539570e+02,-6.043992e+02,4.392304e+01,-1.153141e+03,-1.528201e+02,1.386917e+01,6.470434e+00,-4.264618e+01,4.614857e+00,-1.452700e+02,1.168763e+01,-1.347424e+01,1.578373e+00,0,29
3.252490e+03,1.201058e+04,-1.001403e+03,1.808891e+05,-2.198667e+04,3.170936e+06,-1.239890e+03,-4.014400e+05,5.679818e+07,1.559213e+04,-7.930788e+06,1.027905e+09,-1.793053e+03,3.164280e+05,-1.581555e+08,1.873773e+10,0,81
3.437110e+03,3.006131e+04,-2.023188e+03,3.546228e+05,-3.095267e+04,4.822858e+06,-9.182812e+02,-4.119877e+05,6.826738e+07,2.940220e+03,-6.346181e+06,9.791330e+08,-3.444932e+02,6.848182e+04,-1.026624e+08,1.413935e+10,1,97
3.598175e+03,1.951522e+04,-1.548654e+03,3.573048e+05,-2.522221e+04,7.178900e+06,-1.167562e+03,-4.902104e+05,1.468409e+08,1.733698e+04,-1.011090e+07,3.040149e+09,-9.675155e+02,3.674651e+05,-2.107525e+08,6.354354e+10,1,67
3.173868e+03,2.645411e+04,-1.975643e+03,2.883865e+05,-2.579067e+04,3.714218e+06,-1.116989e+03,-3.024288e+05,5.078920e+07,-2.401899e+03,-4.273256e+06,7.116105e+08,-3.389226e+02,-4.840060e+04,-6.583949e+07,1.010980e+10,0,78
3.360079e+03,2.245053e+04,-1.844862e+03,3.695917e+05,-2.502642e+04,7.011463e+06,-9.714996e+02,-4.126886e+05,1.373266e+08,1.276810e+04,-7.849974e+06,2.736174e+09,-9.038565e+01,2.338089e+05,-1.547283e+08,5.515618e+10,2,78
3.769426e+03,1.624730e+03,-1.928382e+03,1.994631e+03,-1.943160e+03,1.007482e+04,-1.352813e+03,-6.020270e+03,9.149250e+04,1.550931e+03,-4.905201e+04,9.247095e+05,-9.559439e+02,1.242147e+04,-5.305276e+05,9.477142e+06,2,47
2.520696e+03,1.201892e+03,-1.145252e+03,7.618849e+02,-1.094713e+03,5.493525e+02,-1.008093e+03,-7.615314e+02,4.175674e+02,4.181917e+02,-5.871817e+02,3.279359e+02,-6.692486e+02,4.966669e+02,-4.926867e+02,2.657018e+02,2,63
4.939215e+03,3.754657e+04,-2.237837e+03,5.383060e+05,-2.740801e+04,9.000704e+06,-1.798474e+03,-4.146396e+05,1.561273e+08,-1.022795e+04,-8.248072e+06,2.764983e+09,-1.442049e+03,-2.596351e+05,-1.718203e+08,4.982432e+10,0,72
3.791707e+03,8.643051e+02,-2.260315e+03,2.152483e+02,-7.693143e+02,6.221076e+01,-1.194039e+03,-1.894973e+02,1.981876e+01,9.504555e+01,-4.960689e+01,6.652920e+00,-5.323634e+02,4.556417e+01,-1.451063e+01,2.297042e+00,0,9
3.284321e+03,3.128620e+04,-1.325965e+03,4.993365e+05,-2.478690e+04,9.029011e+06,-8.217143e+02,-4.209503e+05,1.678943e+08,-2.256427e+03,-8.701111e+06,3.161694e+09,-1.280579e+03,-1.063545e+05,-1.873312e+08,6.010583e+10,3,85
3.127395e+03,2.693314e+04,-1.357621e+03,3.393639e+05,-2.023196e+04,5.100480e+06,-1.468438e+03,-2.763668e+05,8.166341e+07,-1.126607e+04,-4.819618e+06,1.353369e+09,-1.498820e+03,-2.190085e+05,-9.181877e+07,2.301952e+10,2,70
3.075192e+03,2.551777e+04,-1.138610e+03,2.414932e+05,-1.811423e+04,2.623172e+06,-9.936449e+02,-1.863592e+05,3.043553e+07,-3.710674e+03,-2.137420e+06,3.631305e+08,-1.254719e+03,-5.609829e+04,-2.697713e+07,4.389544e+09,2,59
2.922721e+03,1.941338e+04,-1.833183e+03,1.370270e+05,-2.079071e+04,1.105118e+06,-1.258497e+03,-1.663387e+05,9.746046e+06,3.035262e+02,-1.386960e+06,9.027254e+07,3.532522e+00,2.363996e+04,-1.242807e+07,8.592497e+08,1,12
2.784575e+03,1.385146e+03,-1.385672e+03,4.175459e+03,-2.582678e+03,2.516630e+04,-7.951197e+02,-1.758203e+04,1.650291e+05,3.945988e+03,-1.369495e+05,1.098996e+06,-2.462607e+02,4.248788e+04,-1.052660e+06,7.394262e+06,3,83
2.504780e+03,1.505917e+04,-1.285427e+03,1.326154e+05,-1.076933e+04,1.458960e+06,-8.689316e+02,-7.986258e+04,1.726063e+07,-1.247344e+03,-8.061715e+05,2.096590e+08,-8.062069e+02,-2.404960e+04,-9.749233e+06,2.581338e+09,0,62
3.075828e+03,1.954705e+04,-1.526516e+03,3.369412e+05,-2.312160e+04,6.544068e+06,-8.188778e+02,-4.020549e+05,1.298473e+08,1.884912e+04,-7.822904e+06,2.603681e+09,-6.874131e+02,3.444704e+05,-1.564360e+08,5.259953e+10,3,64
2.913809e+03,8.526422e+03,-1.905415e+03,1.196998e+05,-1.809726e+04,1.989122e+06,-8.779707e+02,-3.144150e+05,3.403459e+07,1.616937e+04,-5.921486e+06,5.917177e+08,-1.787969e+02,3.321267e+05,-1.127232e+08,1.042466e+10,2,69
3.854414e+03,1.284995e+03,-1.920256e+03,5.782689e+02,-9.916175e+02,3.057610e+02,-1.166712e+03,-4.491492e+02,1.714985e+02,8.334950e+01,-2.399018e+02,9.862118e+01,-6.338218e+02,7.949412e+01,-1.396350e+02,5.747440e+01,1,47
3.275727e+03,3.890560e+04,-1.810391e+03,6.189803e+05,-4.191583e+04,1.104409e+07,-1.254721e+03,-7.523913e+05,2.044426e+08,3.026422e+03,-1.478596e+07,3.844530e+09,-6.428973e+02,1.203817e+05,-3.004730e+08,7.304667e+10,1,75
2.962192e+03,2.574275e+04,-1.500221e+03,2.533703e+05,-2.348795e+04,2.854943e+06,-1.253350e+03,-2.662799e+05,3.437262e+07,-4.706196e+03,-3.308308e+06,4.258941e+08,-1.023183e+03,-5.368363e+04,-4.420732e+07,5.349705e+09,1,59
2.810676e+03,2.231708e+04,-1.629705e+03,2.826542e+05,-1.890488e+04,4.303604e+06,-1.083981e+03,-2.487507e+05,6.884678e+07,-4.573684e+03,-4.297997e+06,1.122627e+09,-1.507708e+01,-8.868270e+04,-8.022158e+07,1.851530e+10,0,12
3.154451e+03,7.898169e+02,-1.575214e+03,2.115052e+02,-6.937278e+02,6.463428e+01,-1.534619e+03,-2.063568e+02,2.161449e+01,-6.989418e+01,-6.438067e+01,7.608763e+00,-1.171808e+03,9.582293e+00,-2.192002e+01,2.758201e+00,0,40
3.213338e+03,1.081813e+03,-2.027218e+03,5.658472e+02,-1.066000e+03,4.005604e+02,-8.755180e+02,-7.522383e+02,3.949138e+02,5.372280e+02,-9.463348e+02,5.572488e+02,-6.779434e+02,1.004687e+03,-1.726739e+03,1.002417e+03,0,64
3.249944e+03,2.357824e+04,-1.369615e+03,3.950347e+05,-2.151997e+04,7.705464e+06,-1.053329e+03,-3.617078e+05,1.542853e+08,4.124845e+03,-7.398526e+06,3.126889e+09,-1.098380e+03,6.995364e+04,-1.552418e+08,6.397651e+10,3,66
5.153755e+03,4.333660e+04,-2.957618e+03,6.002192e+05,-4.123103e+04,9.613171e+06,-1.962002e+03,-6.453643e+05,1.600104e+08,-1.206759e+04,-1.213712e+07,2.719384e+09,-9.092545e+02,-2.341907e+05,-2.363694e+08,4.700254e+10,1,72
3.865237e+03,8.406106e+02,-2.422857e+03,2.270538e+02,-7.293611e+02,7.299180e+01,-1.643761e+03,-1.907449e+02,2.542777e+01,-1.934572e+01,-5.784943e+01,9.178441e+00,-8.101960e+02,1.745825e+01,-1.963327e+01,3.373844e+00,0,4
2.996888e+03,2.542643e+04,-1.734421e+03,3.767629e+05,-1.916047e+04,6.573317e+06,-9.914006e+02,-2.731246e+05,1.188113e+08,-1.515986e+03,-5.292411e+06,2.177107e+09,-2.937697e+02,-5.666110e+04,-1.096891e+08,4.025881e+10,2,50
3.070417e+03,2.913486e+04,-1.150079e+03,3.322172e+05,-2.126694e+04,4.372462e+06,-1.183079e+03,-2.660136e+05,6.102940e+07,-6.228051e+03,-3.785415e+06,8.725799e+08,-1.018659e+03,-9.757786e+04,-5.853461e+07,1.263490e+10,0,61
2.856513e+03,2.567575e+04,-1.548185e+03,2.751112e+05,-2.462040e+04,3.415156e+06,-1.340715e+03,-2.985812e+05,4.510220e+07,-4.545064e+03,-4.078324e+06,6.103707e+08,-5.113987e+02,-5.161853e+04,-6.011199e+07,8.355466e+09,3,60
3.358806e+03,3.567633e+04,-1.979963e+03,5.534272e+05,-3.584818e+04,9.816113e+06,-1.168371e+03,-6.008020e+05,1.807028e+08,8.590077e+02,-1.174633e+07,3.379320e+09,-5.481482e+02,1.839251e+04,-2.403261e+08,6.388363e+10,3,75
2.628285e+03,1.540793e+04,-1.355823e+03,1.191753e+05,-1.215722e+04,1.132386e+06,-1.077527e+03,-8.596742e+04,1.165042e+07,-9.399706e+02,-7.553546e+05,1.234000e+08,-9.130387e+02,-1.086964e+04,-7.776489e+06,1.323944e+09,1,62
2.728871e+03,1.687215e+04,-1.755232e+03,2.801587e+05,-2.296428e+04,5.181853e+06,-1.285239e+03,-4.198403e+05,9.738006e+07,1.146183e+04,-8.454387e+06,1.845528e+09,-6.544297e+02,2.199738e+05,-1.720502e+08,3.521387e+10,2,80
3.121665e+03,2.153948e+04,-1.760111e+03,1.701362e+05,-1.941866e+04,1.580708e+06,-8.406019e+02,-1.536784e+05,1.597864e+07,3.087923e+03,-1.328013e+06,1.675642e+08,-4.327146e+02,4.172779e+04,-1.273486e+07,1.786898e+09,0,91
2.630195e+03,3.826507e+03,-9.908258e+02,3.357038e+04,-9.038428e+03,4.090503e+05,-1.074949e+03,-1.214279e+05,5.177140e+06,1.193575e+04,-1.770070e+06,6.636074e+07,-9.888125e+02,2.104824e+05,-2.579418e+07,8.582395e+08,1,95
2.842189e+03,1.702483e+04,-1.658338e+03,2.414020e+05,-1.535204e+04,4.154636e+06,-1.242430e+03,-2.380458e+05,7.412179e+07,-5.312917e+03,-4.878835e+06,1.343915e+09,-3.778060e+02,-1.203682e+05,-1.028512e+08,2.466542e+10,1,103
2.956462e+03,3.240606e+04,-1.196035e+03,5.085696e+05,-2.420647e+04,8.928101e+06,-8.044160e+02,-3.914555e+05,1.612057e+08,-1.302159e+03,-7.471246e+06,2.943860e+09,-1.147833e+03,-5.671362e+04,-1.498583e+08,5.415943e+10,0,68
3.194558e+03,2.430709e+04,-1.471899e+03,2.072301e+05,-2.080590e+04,2.034250e+06,-1.155164e+03,-1.950785e+05,2.150204e+07,-1.460883e+03,-1.958821e+06,2.350085e+08,-6.029998e+02,-2.632238e+03,-2.129596e+07,2.610709e+09,2,104
2.809403e+03,1.547548e+04,-1.851336e+03,1.177661e+05,-1.395216e+04,1.133621e+06,-1.015920e+03,-9.175516e+04,1.192462e+07,1.113886e+03,-7.711035e+05,1.296538e+08,-1.163856e+02,5.666169e+03,-7.664947e+06,1.432198e+09,2,52
2.952006e+03,9.450677e+03,-1.449137e+03,1.244279e+05,-1.708102e+04,2.131760e+06,-1.219595e+03,-2.831373e+05,3.819729e+07,1.091004e+04,-5.405363e+06,7.015867e+08,-7.912807e+02,2.425622e+05,-1.049004e+08,1.313179e+10,3,89
3.406871e+03,2.124963e+04,-2.345328e+03,3.272857e+05,-3.789497e+04,5.699675e+06,-1.522665e+03,-6.601549e+05,1.027479e+08,2.794475e+04,-1.240146e+07,1.890158e+09,-2.526689e+02,5.447778e+05,-2.393484e+08,3.527755e+10,0,30
3.298009e+03,2.207168e+04,-1.628581e+03,1.572056e+05,-1.960797e+04,1.274316e+06,-1.164656e+03,-1.547850e+05,1.122931e+07,-3.155873e+02,-1.269282e+06,1.033771e+08,-5.528736e+02,1.003702e+04,-1.124092e+07,9.739458e+08,3,104
3.038586e+03,2.933486e+04,-1.584810e+03,4.880820e+05,-4.349008e+04,9.043056e+06,-1.244605e+03,-7.912823e+05,1.740003e+08,2.440634e+04,-1.524554e+07,3.421245e+09,-7.216496e+02,5.540148e+05,-3.017775e+08,6.833805e+10,0,45
3.062778e+03,2.165563e+04,-1.215155e+03,3.269306e+05,-2.025920e+04,5.743740e+06,-1.387259e+03,-3.420840e+05,1.042423e+08,-5.639663e+03,-6.989126e+06,1.924558e+09,-1.511625e+03,-1.236809e+05,-1.464884e+08,3.601589e+10,1,70
3.499499e+03,3.191841e+04,-1.617999e+03,4.825403e+05,-2.535087e+04,8.391250e+06,-1.558023e+03,-4.084224e+05,1.518452e+08,-9.851545e+03,-8.186649e+06,2.807274e+09,-1.787661e+03,-2.399541e+05,-1.726104e+08,5.272362e+10,1,99
3.484538e+03,1.120805e+03,-1.531233e+03,4.160594e+02,-9.193718e+02,1.777621e+02,-1.341759e+03,-3.668516e+02,8.139442e+01,6.562200e+01,-1.581121e+02,3.850506e+01,-1.097314e+03,8.388097e+01,-7.341079e+01,1.854093e+01,2,98
3.181826e+03,3.974548e+03,-2.150280e+03,3.125979e+04,-1.017626e+04,3.601656e+05,-1.208853e+03,-1.180544e+05,4.343263e+06,1.376441e+04,-1.623199e+06,5.291202e+07,-2.270259e+02,2.183219e+05,-2.258208e+07,6.476266e+08,0,19
3.092699e+03,9.096498e+02,-1.826243e+03,4.090519e+02,-7.310680e+02,2.382532e+02,-9.738402e+02,-3.940829e+02,1.848289e+02,1.375990e+02,-3.957558e+02,2.094401e+02,-4.518357e+02,3.688922e+02,-6.394260e+02,3.210045e+02,3,69
3.576530e+03,2.517739e+04,-2.415398e+03,2.295471e+05,-2.596511e+04,2.495671e+06,-1.288213e+03,-2.567976e+05,2.891124e+07,-2.650300e+03,-3.046683e+06,3.424019e+08,-4.304370e+02,-4.388631e+04,-3.935239e+07,4.093391e+09,0,24
3.036358e+03,2.507080e+04,-1.009207e+03,3.411056e+05,-1.457028e+04,5.629129e+06,-1.062062e+03,-1.766575e+05,9.971803e+07,-6.946886e+03,-3.041136e+06,1.841133e+09,-1.560880e+03,-1.692628e+05,-6.063487e+07,3.502025e+10,3,70
2.642609e+03,4.804770e+03,-1.158128e+03,5.567714e+04,-7.906241e+03,9.551599e+05,-7.282809e+02,-1.271022e+05,1.707451e+07,4.061956e+03,-2.488871e+06,3.131627e+08,-6.528767e+02,1.025071e+05,-4.828020e+07,5.893067e+09,2,100
2.864152e+03,1.832180e+04,-1.690937e+03,2.103232e+05,-1.585331e+04,3.051545e+06,-1.446745e+03,-1.951589e+05,4.752220e+07,-7.633879e+03,-3.405471e+06,7.671699e+08,-4.355597e+02,-1.437283e+05,-6.495994e+07,1.271459e+10,3,103
3.388727e+03,7.136120e+03,-2.143836e+03,9.329014e+04,-1.564462e+04,1.467904e+06,-1.330357e+03,-2.682445e+05,2.351176e+07,1.391089e+04,-4.901383e+06,3.805060e+08,-5.498817e+02,3.140142e+05,-8.883706e+07,6.219574e+09,0,93
2.840597e+03,3.109692e+04,-1.073184e+03,4.940030e+05,-2.377801e+04,8.901419e+06,-9.242853e+02,-4.109568e+05,1.654910e+08,-4.874503e+03,-8.347563e+06,3.111211e+09,-6.770458e+02,-1.074764e+05,-1.773958e+08,5.886913e+10,3,71
2.792214e+03,2.880523e+04,-1.488368e+03,4.430082e+05,-2.834142e+04,7.772339e+06,-1.040192e+03,-4.878954e+05,1.411439e+08,-3.653516e+03,-9.709045e+06,2.597935e+09,-7.871126e+02,-6.352560e+04,-2.003365e+08,4.821817e+10,3,53
3.402096e+03,1.959996e+04,-2.713652e+03,2.149008e+05,-1.560500e+04,2.936552e+06,-9.246381e+02,-1.328378e+05,4.237591e+07,-7.231869e+02,-1.771876e+06,6.268139e+08,-5.690887e+01,-5.141911e+04,-2.683612e+07,9.438204e+09,3,54
2.853966e+03,2.336556e+04,-1.194315e+03,3.029274e+05,-1.362292e+04,4.615151e+06,-7.822757e+02,-1.532953e+05,7.300875e+07,-1.999594e+03,-2.447216e+06,1.169664e+09,-7.702757e+02,-7.258462e+04,-4.402669e+07,1.886815e+10,3,100
2.802719e+03,1.514573e+04,-1.513767e+03,1.608601e+05,-8.749279e+03,2.217702e+06,-8.079708e+02,-7.352082e+04,3.351241e+07,-4.386607e+03,-1.145551e+06,5.367568e+08,-1.082976e+03,-1.034103e+05,-2.176531e+07,8.997557e+09,0,77
2.651840e+03,1.874843e+04,-1.441313e+03,3.034544e+05,-1.866032e+04,5.764966e+06,-1.239945e+03,-3.085161e+05,1.129789e+08,1.428566e+03,-6.245784e+06,2.244667e+09,-4.399581e+02,3.553152e+04,-1.303946e+08,4.502052e+10,2,48
2.734919e+03,2.304547e+04,-1.981412e+03,2.295048e+05,-2.782976e+04,2.611360e+06,-1.467321e+03,-3.314608e+05,3.136085e+07,-4.028171e+03,-4.352320e+06,3.844408e+08,-3.318646e+02,-1.969962e+04,-5.993966e+07,4.756379e+09,3,74
3.339707e+03,7.761421e+02,-1.984379e+03,2.774421e+02,-5.870157e+02,1.229298e+02,-1.696013e+03,-2.172872e+02,5.866509e+01,-2.489750e+02,-1.060868e+02,2.884966e+01,-1.019302e+03,-8.436795e+01,-5.716803e+01,1.442068e+01,0,41
2.882933e+03,2.641433e+04,-1.186855e+03,4.358221e+05,-2.765545e+04,7.995832e+06,-9.346528e+02,-4.967604e+05,1.506358e+08,4.669637e+03,-9.955123e+06,2.881882e+09,-1.199966e+03,7.124525e+04,-2.045780e+08,5.583472e+10,3,84
3.454936e+03,2.257243e+04,-1.361402e+03,1.630409e+05,-1.707537e+04,1.354962e+06,-1.229088e+03,-1.338395e+05,1.216582e+07,-2.619878e+03,-1.137605e+06,1.132745e+08,-1.545413e+03,-2.591560e+04,-1.068994e+07,1.074588e+09,0,7
2.985428e+03,1.750417e+04,-1.334517e+03,1.146005e+05,-1.385159e+04,8.672215e+05,-1.134126e+03,-9.587754e+04,7.076081e+06,-1.019972e+03,-7.271055e+05,5.959047e+07,-1.004774e+03,-4.092104e+03,-6.090088e+06,5.086264e+08,2,65
4.216014e+03,1.945912e+04,-2.742627e+03,1.185463e+05,-1.734822e+04,8.987592e+05,-1.309707e+03,-8.827146e+04,7.446300e+06,2.823255e+03,-5.569846e+05,6.394924e+07,-5.424517e+02,1.027464e+04,-4.192971e+06,5.595624e+08,0,5
3.513186e+03,3.297653e+04,-1.710389e+03,4.482821e+05,-2.662871e+04,7.123448e+06,-1.407499e+03,-3.718606e+05,1.179266e+08,-3.825599e+03,-6.433441e+06,1.977132e+09,-2.490721e+02,-5.828330e+04,-1.198992e+08,3.332403e+10,2,49
