1.490640e+06,5.046258e+10,4.359248e+13,1.869862e+06,7.502022e+11,1.122469e+14,4.418865e+06,4.858923e+12,8.277828e+14,4.860535e+06,4.169614e+12,3.237841e+15,2,76,N,N
3.533216e+05,4.737374e+09,7.277216e+12,1.491258e+06,2.940259e+11,2.943052e+13,2.963941e+06,1.976674e+12,9.336352e+13,3.087067e+06,1.355410e+12,5.547264e+14,1,41,N,N
4.823559e+05,8.694536e+09,9.772963e+12,1.626869e+06,4.106205e+11,4.595016e+13,3.401378e+06,2.562597e+12,1.419066e+14,3.228548e+06,1.180427e+12,5.838155e+14,0,46,N,N
3.042179e+05,2.953015e+09,6.160678e+12,1.918127e+06,2.406573e+11,2.608953e+13,3.607985e+06,2.289063e+12,9.653690e+13,2.665086e+06,9.314655e+11,2.426265e+14,2,96,N,N
5.066703e+05,4.860332e+09,9.390321e+12,3.061481e+06,3.345590e+11,4.730365e+13,3.035171e+06,1.578004e+12,7.581415e+13,3.081957e+06,1.743008e+12,5.977074e+14,0,58,N,N
6.775409e+05,1.303209e+10,7.960463e+12,1.202625e+06,3.194528e+11,4.187357e+13,3.000168e+06,2.169051e+12,1.409687e+14,3.392697e+06,1.311937e+12,1.045177e+15,1,103,N,N
7.488893e+05,1.679722e+10,7.963717e+12,1.354880e+06,3.285211e+11,8.615605e+13,2.468217e+06,1.355262e+12,1.462964e+14,2.294272e+06,5.234908e+11,2.019313e+14,2,55,N,N
2.841396e+05,3.928414e+09,7.739819e+12,4.998817e+06,6.728114e+11,2.969971e+13,2.657355e+06,1.605842e+12,5.180491e+13,3.992489e+06,1.860226e+12,8.137801e+14,2,84,N,N
5.757624e+05,7.236863e+09,1.161687e+13,4.332384e+06,8.677135e+11,5.247850e+13,2.941592e+06,1.965271e+12,6.035784e+13,3.733949e+06,1.786796e+12,8.357317e+14,0,29,N,N
7.798732e+05,6.125503e+09,9.021650e+12,1.528142e+06,1.997797e+11,2.264016e+13,3.193782e+06,1.762781e+12,7.876014e+13,3.032771e+06,1.398372e+12,2.636410e+14,0,52,N,N
8.096713e+05,4.357498e+10,3.180075e+13,1.135959e+06,3.070409e+11,9.790273e+13,2.204250e+06,1.204065e+12,1.537509e+14,2.748518e+06,8.756722e+11,5.805837e+14,2,80,N,N
5.485650e+05,1.018017e+10,8.915731e+12,2.569379e+06,5.584654e+11,1.026253e+14,2.488379e+06,1.285642e+12,1.027536e+14,2.716403e+06,7.985137e+11,6.396302e+14,2,65,N,N
8.118336e+05,1.483568e+10,7.479379e+12,1.424343e+06,3.266983e+11,7.407529e+13,2.667533e+06,1.481428e+12,1.747349e+14,2.433865e+06,6.540987e+11,2.741327e+14,3,55,N,N
7.219235e+05,9.359842e+09,2.119146e+13,1.097780e+06,2.607406e+11,2.187483e+13,3.619532e+06,2.973539e+12,1.357061e+14,2.366404e+06,3.315274e+11,4.459439e+13,3,68,N,N
7.119636e+05,1.245871e+10,5.712339e+12,1.928350e+06,5.154007e+11,1.024963e+14,2.928597e+06,1.963889e+12,1.683129e+14,2.716910e+06,8.490049e+11,3.398287e+14,0,47,N,N
5.083827e+05,6.176056e+09,8.026649e+12,1.344424e+06,4.185513e+11,2.647543e+13,3.118225e+06,2.347858e+12,1.111579e+14,3.002645e+06,8.357362e+11,4.779391e+14,0,15,N,N
9.452657e+05,2.153213e+10,2.180574e+13,1.270642e+06,3.682721e+11,4.352932e+13,3.129887e+06,2.343205e+12,3.614871e+14,2.213987e+06,6.474085e+11,4.328537e+14,1,76,N,N
6.841143e+05,9.026190e+09,2.115895e+13,1.551854e+06,1.117466e+11,2.383866e+13,2.845263e+06,1.262146e+12,6.818411e+13,2.200019e+06,7.675285e+11,6.940607e+13,3,91,N,N
9.798232e+05,3.093458e+10,2.413968e+13,1.329785e+06,4.230823e+11,6.081677e+13,2.901027e+06,1.810909e+12,3.426692e+14,2.190680e+06,6.514349e+11,4.367550e+14,0,76,N,N
5.692121e+05,4.917751e+09,7.739639e+12,1.448160e+06,2.014900e+11,2.409327e+13,2.566701e+06,1.339194e+12,2.876271e+13,3.534464e+06,1.446509e+12,4.934445e+14,1,62,N,N
2.620646e+05,3.311786e+09,1.002675e+13,4.109747e+06,4.835623e+11,4.134473e+13,2.325747e+06,9.832635e+11,6.911946e+13,2.365067e+06,1.003712e+12,2.636132e+14,0,75,N,N
8.015274e+05,1.701999e+10,8.226540e+12,1.203478e+06,2.758700e+11,6.603931e+13,2.565673e+06,1.538881e+12,1.555167e+14,2.293512e+06,4.868095e+11,1.966164e+14,1,55,N,N
3.089081e+05,3.054645e+09,6.393889e+12,1.756824e+06,2.241900e+11,2.457261e+13,3.564189e+06,2.227273e+12,9.946656e+13,2.644734e+06,9.564660e+11,2.241922e+14,3,96,N,N
6.596824e+05,5.849436e+09,1.251296e+13,3.791217e+06,4.718804e+11,2.988238e+13,2.867826e+06,1.739563e+12,5.792863e+13,3.125710e+06,1.529835e+12,2.837665e+14,0,57,N,N
6.782907e+05,8.498988e+09,7.854889e+12,1.086091e+06,1.688498e+11,2.559800e+13,2.820620e+06,1.657239e+12,8.658322e+13,2.892215e+06,1.131084e+12,5.678231e+14,1,82,N,N
1.164839e+05,1.847387e+09,5.948501e+12,3.706596e+06,4.709837e+11,3.129809e+13,2.644665e+06,1.317071e+12,4.805894e+13,2.778810e+06,1.324774e+12,2.104820e+14,0,39,N,N
6.746808e+05,9.476586e+09,2.990672e+13,4.257078e+06,2.125346e+11,1.827102e+13,2.259329e+06,1.019042e+12,4.124066e+13,2.752095e+06,1.318765e+12,3.436207e+14,1,66,N,N
4.688878e+05,4.292629e+09,5.719422e+12,1.798790e+06,3.031375e+11,3.028670e+13,3.163638e+06,2.027052e+12,5.104087e+13,4.127575e+06,2.571942e+12,9.905193e+14,0,63,N,N
9.419724e+05,2.268440e+10,2.928657e+13,1.230232e+06,2.780621e+11,7.631224e+13,2.416966e+06,1.451418e+12,3.517458e+14,1.538953e+06,2.089356e+11,5.512360e+13,0,81,N,N
7.381960e+05,1.754549e+10,1.433034e+13,3.232424e+06,9.256872e+11,1.352325e+14,3.362625e+06,2.771320e+12,2.118085e+14,2.867234e+06,8.495154e+11,4.986934e+14,1,98,N,N
6.445650e+05,1.094699e+10,5.815318e+12,1.122237e+06,2.137421e+11,3.078996e+13,3.222747e+06,2.444900e+12,1.728863e+14,2.948464e+06,9.709720e+11,2.324659e+14,2,79,N,N
3.469437e+05,4.385442e+09,7.401834e+12,3.144022e+06,4.267080e+11,3.473109e+13,3.433124e+06,2.259251e+12,1.214871e+14,3.155515e+06,1.794370e+12,4.885887e+14,3,48,N,N
3.386132e+05,5.518502e+09,5.218925e+12,2.382254e+06,9.119257e+11,4.852790e+13,4.138845e+06,3.817165e+12,7.020453e+13,4.919264e+06,3.768841e+12,1.849711e+15,2,86,N,N
5.539463e+05,7.362163e+09,8.237362e+12,1.377249e+06,3.157002e+11,4.119199e+13,2.854609e+06,1.923156e+12,6.686558e+13,2.777423e+06,6.854477e+11,2.850221e+14,0,27,N,N
6.132461e+05,9.456441e+09,7.437568e+12,1.299557e+06,2.120990e+11,3.010315e+13,3.342121e+06,2.415473e+12,9.463907e+13,3.102716e+06,1.162290e+12,1.720110e+14,3,79,N,N
5.495674e+05,6.771250e+09,1.064011e+13,1.124112e+06,1.940306e+11,1.670549e+13,3.450971e+06,2.315392e+12,4.297654e+13,3.681939e+06,1.468747e+12,3.420871e+14,0,26,N,N
1.045504e+06,1.596563e+10,3.489107e+13,1.133277e+06,1.825302e+11,2.766124e+13,3.234189e+06,2.305581e+12,1.028330e+14,2.522442e+06,9.952654e+11,1.299609e+14,1,61,N,N
7.533286e+05,1.372350e+10,6.792505e+12,2.607073e+06,7.516765e+11,1.500523e+14,2.860000e+06,1.920376e+12,1.717105e+14,2.735213e+06,9.205646e+11,4.706063e+14,1,47,N,N
6.278369e+05,1.084893e+10,9.936443e+12,2.241324e+06,3.312171e+11,8.284994e+13,2.917315e+06,1.162599e+12,1.345243e+14,2.269908e+06,7.616960e+11,2.066392e+14,1,97,N,N
6.037382e+05,6.417921e+09,1.189196e+13,2.942366e+06,3.583745e+11,4.048558e+13,3.140640e+06,1.847006e+12,5.731115e+13,3.187092e+06,1.342424e+12,2.991260e+14,0,0,N,N
6.671875e+05,8.256089e+09,1.146894e+13,1.226269e+06,3.016121e+11,3.235700e+13,3.765743e+06,3.299924e+12,1.513285e+14,2.819526e+06,7.382760e+11,9.565130e+13,2,104,N,N
2.946434e+05,3.697241e+09,1.096066e+13,4.052899e+06,4.972756e+11,4.183011e+13,2.323333e+06,9.679630e+11,7.599475e+13,2.416177e+06,9.394038e+11,3.013297e+14,3,75,N,N
8.074120e+05,9.870266e+09,2.292853e+13,2.957862e+06,5.195472e+11,7.331853e+13,2.716699e+06,1.674028e+12,1.379199e+14,2.073660e+06,8.502847e+11,4.951055e+14,2,51,N,N
5.272137e+05,9.237912e+09,6.868771e+12,9.266578e+05,1.977393e+11,3.162840e+13,2.666984e+06,1.575378e+12,8.970370e+13,2.777297e+06,8.969880e+11,4.909261e+14,3,90,N,N
8.735412e+05,9.499565e+09,2.566390e+13,3.910464e+06,2.951550e+11,2.547442e+13,2.374253e+06,1.116057e+12,4.777174e+13,2.716796e+06,1.152274e+12,1.644781e+14,3,77,N,N
5.863280e+05,6.027546e+09,8.911111e+12,1.361972e+06,2.979669e+11,3.052962e+13,2.922258e+06,1.828278e+12,6.244771e+13,3.535929e+06,1.589164e+12,7.629236e+14,0,31,N,N
3.077411e+05,4.169144e+09,1.018173e+13,3.832068e+06,2.066662e+11,2.119143e+13,2.860219e+06,1.565020e+12,4.978285e+13,2.792705e+06,1.163391e+12,2.101910e+14,1,5,N,N
8.125434e+05,1.523767e+10,2.068505e+13,3.420871e+06,6.368952e+11,7.995753e+13,3.170784e+06,2.306083e+12,1.652681e+14,2.625141e+06,4.331572e+11,5.102666e+13,3,99,N,N
4.735322e+05,7.271338e+09,1.355420e+13,1.613012e+06,4.190642e+11,9.236868e+13,2.257455e+06,1.270551e+12,2.047364e+14,1.433122e+06,1.717684e+11,3.102231e+13,0,42,N,N
7.646817e+05,1.385501e+10,7.749547e+12,1.476818e+06,3.328261e+11,5.098924e+13,3.164158e+06,2.286419e+12,1.463015e+14,3.305895e+06,1.692728e+12,3.106155e+14,0,70,N,N
8.236944e+05,3.837713e+10,2.664916e+13,1.123100e+06,2.877648e+11,7.652721e+13,2.149856e+06,1.131008e+12,1.312274e+14,2.702828e+06,8.513723e+11,3.703619e+14,1,80,N,N
4.829127e+05,5.793006e+09,1.342117e+13,3.632387e+06,5.130362e+11,4.622539e+13,2.718270e+06,1.623545e+12,1.098492e+14,3.573263e+06,1.460997e+12,1.089479e+15,1,34,N,N
4.373393e+05,8.533118e+09,1.112051e+13,3.110103e+06,6.211422e+11,1.025588e+14,3.029088e+06,1.619516e+12,1.315519e+14,2.322455e+06,6.618634e+11,1.485252e+14,3,93,N,N
4.351238e+05,8.137203e+09,9.472246e+12,1.868483e+06,3.835331e+11,6.945798e+13,3.059891e+06,1.662830e+12,1.342384e+14,2.255730e+06,5.838039e+11,1.346683e+14,0,93,N,N
7.231202e+05,1.108856e+10,1.669056e+13,4.055199e+06,7.397820e+11,7.500297e+13,2.792356e+06,1.761083e+12,1.055003e+14,2.975061e+06,8.835121e+11,2.377777e+14,0,6,N,N
5.769267e+05,8.392952e+09,4.832242e+12,1.179875e+06,2.537084e+11,3.385165e+13,3.050548e+06,2.057404e+12,9.714899e+13,3.575419e+06,1.538503e+12,9.762874e+14,0,18,N,N
9.820235e+05,1.847972e+10,3.075770e+13,1.254595e+06,2.762787e+11,4.794344e+13,2.455251e+06,1.422059e+12,1.634909e+14,1.996319e+06,4.435470e+11,9.674435e+13,0,50,N,N
6.087509e+05,1.264995e+10,5.291148e+12,1.195604e+06,3.456313e+11,4.349071e+13,3.351185e+06,2.791018e+12,1.638418e+14,2.771521e+06,5.411651e+11,1.378205e+14,2,101,N,N
4.569803e+05,6.471577e+09,1.052762e+13,4.457967e+06,6.123539e+11,2.275141e+13,2.915396e+06,1.907444e+12,3.665155e+13,4.551706e+06,3.048976e+12,8.810161e+14,3,74,N,N
1.260798e+05,1.420421e+09,3.443204e+12,1.449115e+06,1.396578e+11,2.276641e+13,2.717934e+06,1.616041e+12,1.223534e+14,1.990277e+06,7.064592e+11,1.376955e+14,3,54,N,N
1.120980e+06,1.091512e+10,2.502729e+13,2.477196e+06,1.769840e+11,2.528603e+13,2.714127e+06,1.308138e+12,6.105986e+13,2.737985e+06,1.213675e+12,1.880266e+14,1,77,N,N
1.640829e+05,2.190067e+09,5.465389e+12,2.110920e+06,1.192342e+11,2.193233e+13,2.939576e+06,1.263004e+12,5.994332e+13,2.345761e+06,9.181046e+11,7.363992e+13,0,91,N,N
5.156099e+05,4.802967e+09,7.542096e+12,1.536344e+06,2.669609e+11,3.264042e+13,2.472780e+06,1.327561e+12,3.387988e+13,4.262582e+06,2.284663e+12,1.784551e+15,2,62,N,N
8.640838e+05,1.570775e+10,2.323913e+13,1.226833e+06,2.506065e+11,6.480188e+13,2.458962e+06,1.504799e+12,3.021955e+14,1.828152e+06,3.751672e+11,1.043980e+14,2,81,N,N
6.100066e+05,8.715610e+09,2.074761e+13,3.481337e+06,3.878723e+11,4.102930e+13,2.910178e+06,1.661908e+12,9.321755e+13,2.715547e+06,1.120747e+12,1.949383e+14,2,92,N,N
4.448434e+05,4.589823e+09,9.087783e+12,3.478862e+06,3.509486e+11,4.587737e+13,2.854612e+06,1.434714e+12,6.974857e+13,2.941843e+06,1.392818e+12,5.460900e+14,1,58,N,N
5.167685e+05,8.391313e+09,8.884197e+12,1.683102e+06,4.121315e+11,5.870194e+13,2.890725e+06,1.768334e+12,8.695463e+13,2.935184e+06,9.039853e+11,4.947254e+14,0,90,N,N
6.445329e+05,1.716568e+10,3.552935e+12,2.536333e+06,8.084955e+11,1.397845e+14,3.291183e+06,2.367596e+12,2.216611e+14,3.059020e+06,1.121714e+12,6.202124e+14,3,73,N,N
6.335816e+05,8.719806e+09,1.952404e+13,2.744254e+06,4.419236e+11,6.964162e+13,2.707591e+06,1.358383e+12,1.268290e+14,2.170936e+06,6.912048e+11,2.115489e+14,1,78,N,N
4.448812e+05,8.275349e+09,5.060233e+12,4.429098e+06,8.797239e+11,7.302274e+13,2.814536e+06,1.842858e+12,5.688401e+13,4.859613e+06,2.764378e+12,1.187776e+15,2,49,N,N
1.175139e+06,5.494989e+10,2.208140e+13,1.679070e+06,6.943172e+11,1.533123e+14,2.669208e+06,1.566042e+12,5.266282e+14,2.047903e+06,3.839560e+11,1.649502e+14,1,67,N,N
5.201366e+05,6.268690e+09,1.425057e+13,3.644853e+06,5.484471e+11,4.835158e+13,2.768437e+06,1.621791e+12,9.867356e+13,3.072802e+06,1.215902e+12,6.424887e+14,0,34,N,N
5.737461e+05,5.409170e+09,1.080834e+13,1.623128e+06,2.458685e+11,2.561175e+13,3.290043e+06,2.127166e+12,7.699798e+13,3.274546e+06,1.958800e+12,5.316432e+14,0,71,N,N
6.848184e+05,9.826470e+09,2.572251e+13,3.886767e+06,3.595221e+11,6.111009e+13,2.582200e+06,1.059247e+12,1.256214e+14,1.888154e+06,5.959753e+11,1.474255e+14,3,64,N,N
7.047040e+05,7.806489e+09,1.198199e+13,1.276374e+06,2.933827e+11,3.023496e+13,3.670377e+06,3.082002e+12,1.375204e+14,2.834136e+06,7.901296e+11,1.119286e+14,3,104,N,N
2.572724e+05,3.153796e+09,9.323890e+12,4.201006e+06,5.133757e+11,4.446791e+13,2.391052e+06,1.015357e+12,6.578303e+13,2.563882e+06,1.160767e+12,2.534954e+14,2,75,N,N
3.966992e+05,5.408441e+09,1.621126e+13,4.374278e+06,2.265765e+11,2.064845e+13,2.360319e+06,1.046352e+12,4.605052e+13,2.409804e+06,9.409887e+11,1.893950e+14,3,66,N,N
8.701166e+05,1.011364e+10,1.485043e+13,1.173401e+06,2.572869e+11,2.512407e+13,3.281181e+06,2.617240e+12,1.052913e+14,2.970354e+06,9.676265e+11,1.800044e+14,0,89,N,N
4.252557e+05,5.182880e+09,1.571212e+13,1.674135e+06,1.443753e+11,2.309592e+13,2.883187e+06,1.435314e+12,7.305358e+13,2.487782e+06,1.129903e+12,5.357029e+14,0,32,N,N
1.615161e+05,2.186725e+09,4.431810e+12,3.493791e+06,3.128957e+11,2.648176e+13,3.064582e+06,1.736446e+12,6.133630e+13,3.485592e+06,2.397359e+12,3.390061e+14,0,102,N,N
6.370071e+05,1.267108e+10,8.189911e+12,1.114039e+06,2.804160e+11,3.781046e+13,3.021658e+06,2.169796e+12,1.412487e+14,3.421316e+06,1.269552e+12,9.730119e+14,2,103,N,N
3.506838e+05,5.224321e+09,1.257057e+13,3.321964e+06,1.745527e+11,1.914712e+13,2.849089e+06,1.574157e+12,4.714339e+13,2.983714e+06,1.675057e+12,3.194636e+14,0,5,N,N
1.143730e+06,1.599173e+10,3.303293e+13,1.392467e+06,2.409318e+11,3.704066e+13,2.980220e+06,1.891036e+12,1.636710e+14,2.593028e+06,1.049659e+12,1.948676e+14,1,59,N,N
6.172559e+05,9.790410e+09,7.388872e+12,1.385880e+06,2.103679e+11,5.685464e+13,2.764629e+06,1.036157e+12,1.261579e+14,2.206346e+06,7.512575e+11,2.080597e+14,3,97,N,N
6.087455e+05,1.083077e+10,9.457201e+12,2.106420e+06,3.361200e+11,8.396693e+13,2.766473e+06,1.155273e+12,1.347534e+14,2.336505e+06,7.631414e+11,3.529869e+14,0,97,N,N
6.837756e+05,9.065219e+09,9.772121e+12,1.087797e+06,2.591543e+11,2.214433e+13,3.426924e+06,2.479537e+12,7.584914e+13,3.280193e+06,1.453505e+12,3.223741e+14,1,88,N,N
1.021061e+06,1.440379e+10,4.442165e+13,4.046739e+06,1.975901e+11,2.055016e+13,2.381402e+06,1.056728e+12,4.332254e+13,2.457776e+06,9.824170e+11,1.745195e+14,0,66,N,N
4.988315e+05,7.106712e+09,1.975076e+13,4.345838e+06,4.510839e+11,6.680797e+13,2.317920e+06,1.047048e+12,1.222333e+14,1.951048e+06,5.332788e+11,1.258998e+14,0,64,N,N
4.151738e+05,7.198987e+09,8.617442e+12,1.731993e+06,3.467921e+11,6.274860e+13,2.914739e+06,1.567688e+12,1.435179e+14,2.307702e+06,6.722291e+11,2.207395e+14,1,93,N,N
4.677297e+05,1.392434e+10,3.446868e+12,1.087105e+06,2.900521e+11,5.077380e+13,2.501341e+06,1.563771e+12,1.042338e+14,3.596600e+06,1.331436e+12,8.998197e+14,3,95,N,N
3.892948e+05,5.268264e+09,1.005154e+13,2.796659e+06,5.516606e+11,6.637149e+13,3.120695e+06,2.137770e+12,1.055095e+14,2.816896e+06,1.128660e+12,5.370862e+14,1,25,N,N
2.905021e+05,2.835845e+09,6.897846e+12,2.996365e+06,1.726356e+11,1.715296e+13,2.788589e+06,1.199458e+12,4.845664e+13,2.957294e+06,1.804775e+12,3.725634e+14,3,53,N,N
1.054587e+06,1.078676e+10,2.621205e+13,3.227261e+06,2.078894e+11,2.568508e+13,2.583183e+06,1.153442e+12,4.657548e+13,2.620674e+06,1.113316e+12,1.180076e+14,0,77,N,N
9.635305e+05,1.996963e+10,4.040586e+13,1.056939e+06,1.971069e+11,2.857118e+13,3.033104e+06,2.138976e+12,1.064230e+14,2.412776e+06,8.273769e+11,1.453867e+14,0,61,N,N
8.787035e+05,1.169485e+10,2.513398e+13,1.089539e+06,2.756630e+11,2.555663e+13,3.432031e+06,2.817710e+12,1.684676e+14,2.258345e+06,3.182937e+11,5.873733e+13,2,68,N,N
7.730223e+05,1.465106e+10,7.777641e+12,2.946463e+06,8.515246e+11,1.676980e+14,2.926687e+06,1.990310e+12,1.695343e+14,2.874907e+06,1.096183e+12,4.492308e+14,2,47,N,N
3.155610e+05,4.082670e+09,6.642128e+12,1.486386e+06,2.470841e+11,2.564841e+13,2.964794e+06,1.873333e+12,7.496457e+13,3.040778e+06,1.223519e+12,3.838833e+14,0,41,N,N
4.467447e+05,5.162301e+09,1.105746e+13,2.761403e+06,4.706771e+11,4.385181e+13,3.149175e+06,2.023159e+12,9.355577e+13,3.563681e+06,2.057741e+12,8.806139e+14,1,71,N,N
6.269549e+05,1.011696e+10,1.037196e+13,1.271682e+06,3.455159e+11,3.269684e+13,3.281660e+06,2.424283e+12,8.067691e+13,3.276934e+06,1.202820e+12,3.880922e+14,2,88,N,N
3.829627e+05,9.145645e+09,1.624522e+13,4.397303e+06,1.126333e+12,1.068707e+14,3.218510e+06,2.399702e+12,1.592985e+14,2.760968e+06,6.732377e+11,2.245352e+14,0,72,N,N
5.027185e+05,9.538361e+09,1.031110e+13,1.399833e+06,2.720168e+11,4.882759e+13,2.916023e+06,1.788062e+12,1.646636e+14,2.440480e+06,8.257438e+11,2.886036e+14,1,87,N,N
6.495143e+05,8.800639e+09,5.895777e+12,1.291591e+06,1.933229e+11,5.643317e+13,2.733031e+06,1.024027e+12,1.203904e+14,2.310337e+06,8.028210e+11,3.796558e+14,2,97,N,N
6.131440e+05,1.158498e+10,1.207998e+13,1.427187e+06,2.799030e+11,5.748735e+13,3.113113e+06,2.028927e+12,2.089812e+14,2.270102e+06,7.179184e+11,1.058851e+14,2,87,N,N
4.165476e+05,6.269277e+09,1.507345e+13,3.708450e+06,3.808854e+11,3.668095e+13,3.032837e+06,1.776231e+12,8.980205e+13,2.772547e+06,1.063455e+12,1.246014e+14,0,92,N,N
3.997853e+05,8.130964e+09,1.281964e+13,2.043405e+06,5.498168e+11,5.998709e+13,3.315690e+06,2.355133e+12,1.473067e+14,2.598506e+06,7.032792e+11,2.084724e+14,2,72,N,N
7.589625e+05,1.349281e+10,2.120635e+13,3.380619e+06,5.843611e+11,7.088888e+13,3.266500e+06,2.428980e+12,1.442065e+14,2.740015e+06,4.382228e+11,5.072241e+13,0,99,N,N
1.507539e+05,2.068143e+09,5.669461e+12,1.782185e+06,1.852820e+11,2.394425e+13,2.971089e+06,1.624679e+12,7.164392e+13,2.780680e+06,1.588162e+12,5.933594e+14,1,37,N,N
6.440755e+05,6.646234e+09,9.888257e+12,1.097046e+06,2.276639e+11,2.488256e+13,3.212460e+06,2.334066e+12,5.714676e+13,3.613868e+06,1.998016e+12,6.718793e+14,0,1,N,N
9.171073e+05,1.295876e+10,2.876816e+13,1.048847e+06,2.085723e+11,2.058277e+13,3.622358e+06,3.064189e+12,1.450923e+14,2.297296e+06,3.760007e+11,4.727984e+13,1,68,N,N
7.595257e+05,3.117341e+10,2.295625e+13,1.111398e+06,2.821865e+11,7.320237e+13,2.214724e+06,1.209113e+12,1.312355e+14,2.713086e+06,9.360713e+11,4.393818e+14,0,80,N,N
9.886003e+05,1.528069e+10,3.585155e+13,1.087159e+06,1.610253e+11,2.233194e+13,3.194986e+06,2.147736e+12,8.805984e+13,2.519674e+06,9.489967e+11,1.341672e+14,3,61,N,N
4.098860e+05,7.326150e+09,1.014585e+13,2.776884e+06,5.697969e+11,1.036053e+14,2.975402e+06,1.670110e+12,1.322336e+14,2.439558e+06,6.864601e+11,2.447990e+14,2,93,N,N
6.379403e+05,1.181908e+10,1.629404e+13,4.442113e+06,9.007065e+11,1.158224e+14,2.829550e+06,1.817359e+12,2.075422e+14,2.203491e+06,4.975749e+11,1.455911e+14,0,35,N,N
3.223286e+05,3.323084e+09,6.856618e+12,1.463059e+06,1.281776e+11,1.843474e+13,3.145063e+06,1.716140e+12,5.447657e+13,2.649923e+06,9.614398e+11,1.136026e+14,0,8,N,N
1.117180e+06,4.367590e+10,1.719883e+13,1.755967e+06,7.255975e+11,1.561200e+14,2.758881e+06,1.813630e+12,4.751648e+14,2.149791e+06,4.481879e+11,1.597432e+14,2,67,N,N
1.669514e+05,2.421915e+09,4.618488e+12,3.933999e+06,4.325020e+11,3.492030e+13,3.103046e+06,1.859530e+12,6.462393e+13,3.417353e+06,2.310846e+12,3.635940e+14,2,102,N,N
8.573385e+05,6.521584e+09,9.350525e+12,1.301204e+06,1.941012e+11,2.293270e+13,3.135267e+06,1.826966e+12,8.356374e+13,2.948819e+06,1.315089e+12,2.443770e+14,1,52,N,N
5.052178e+05,5.064223e+09,7.918074e+12,1.118898e+06,1.921959e+11,2.498569e+13,2.504144e+06,1.358454e+12,3.286553e+13,4.087350e+06,2.031416e+12,1.032597e+15,3,62,N,N
5.323154e+05,6.983590e+09,8.330234e+12,1.481524e+06,2.282021e+11,3.712048e+13,3.022851e+06,1.848143e+12,7.943488e+13,2.780464e+06,9.956619e+11,1.892207e+14,0,45,N,N
5.161775e+05,1.088201e+10,7.813891e+12,9.250678e+05,2.026083e+11,3.256410e+13,2.785204e+06,1.699374e+12,9.548854e+13,2.901552e+06,8.924699e+11,4.533588e+14,1,90,N,N
6.602710e+05,1.183377e+10,7.314784e+12,1.150424e+06,2.880969e+11,3.745405e+13,3.026632e+06,2.108775e+12,1.244675e+14,3.218909e+06,1.204792e+12,7.424172e+14,3,103,N,N
7.058432e+05,1.368435e+10,8.428117e+12,1.124116e+06,2.636510e+11,3.305559e+13,3.147961e+06,2.353464e+12,1.402763e+14,3.177269e+06,1.135925e+12,6.018907e+14,0,103,N,N
9.889791e+05,1.939719e+10,3.334174e+13,1.131598e+06,2.216386e+11,3.510072e+13,3.028703e+06,2.158018e+12,1.275486e+14,2.408814e+06,7.955822e+11,1.067251e+14,2,61,N,N
3.131113e+05,4.075031e+09,7.270283e+12,5.243854e+06,6.411643e+11,3.496216e+13,2.568310e+06,1.422747e+12,4.642108e+13,3.492742e+06,1.570570e+12,4.115060e+14,0,84,N,N
4.891726e+05,1.532366e+10,3.705840e+12,1.080418e+06,2.903688e+11,5.239490e+13,2.523228e+06,1.591153e+12,1.254484e+14,3.406463e+06,1.209324e+12,6.954555e+14,2,95,N,N
7.295809e+05,8.770330e+09,1.635028e+13,1.247845e+06,2.240394e+11,4.334889e+13,2.640881e+06,1.528615e+12,1.371554e+14,2.185104e+06,6.989065e+11,3.919599e+14,0,4,N,N
1.180366e+05,1.353443e+09,3.463533e+12,1.372236e+06,9.793910e+10,1.421174e+13,2.878206e+06,1.623588e+12,7.828064e+13,2.080050e+06,6.904611e+11,7.910838e+13,2,54,N,N
2.860744e+05,4.813829e+09,3.491725e+12,2.071020e+06,6.741181e+11,4.892063e+13,4.049429e+06,3.565228e+12,7.648664e+13,4.407310e+06,2.434095e+12,1.072286e+15,1,86,N,N
5.509453e+05,9.552459e+09,1.237100e+13,1.489899e+06,2.855805e+11,4.903769e+13,2.576761e+06,1.475117e+12,1.493731e+14,2.314004e+06,8.283733e+11,2.954873e+14,1,44,N,N
1.064454e+06,1.510799e+10,2.904498e+13,1.233439e+06,2.063936e+11,3.374500e+13,2.849833e+06,1.767255e+12,1.673604e+14,2.382997e+06,8.163178e+11,1.401185e+14,0,59,N,N
5.527931e+05,6.338091e+09,9.536639e+12,2.497776e+06,6.668502e+11,4.139497e+13,3.158602e+06,2.263997e+12,6.145493e+13,3.749078e+06,1.384013e+12,6.317605e+14,2,100,N,N
5.168414e+05,9.751865e+09,1.115115e+13,1.501454e+06,4.025331e+11,4.163516e+13,3.532139e+06,2.809813e+12,1.484976e+14,3.036849e+06,1.014349e+12,4.239322e+14,1,46,N,N
4.392162e+05,6.671741e+09,1.158990e+13,1.560247e+06,3.927252e+11,9.046858e+13,2.269315e+06,1.277665e+12,2.232661e+14,1.385458e+06,1.678781e+11,3.234510e+13,1,42,N,N
5.817378e+05,7.771566e+09,1.949410e+13,1.467140e+06,1.239715e+11,1.636904e+13,2.877596e+06,1.553288e+12,7.306867e+13,2.765057e+06,1.489011e+12,5.029284e+14,2,37,N,N
3.706398e+05,9.085861e+09,6.225388e+12,1.305040e+06,2.126678e+11,4.410352e+13,3.148714e+06,1.472541e+12,1.290618e+14,2.949525e+06,1.199434e+12,3.379368e+14,1,36,N,N
4.512330e+05,4.453723e+09,6.340482e+12,2.082393e+06,3.739661e+11,3.624892e+13,3.139489e+06,2.024333e+12,4.677708e+13,4.134841e+06,2.425993e+12,1.078075e+15,1,63,N,N
5.567483e+05,1.087941e+10,1.012265e+13,2.473620e+06,5.408888e+11,9.747985e+13,2.508063e+06,1.334887e+12,9.813323e+13,2.852024e+06,8.394807e+11,7.415263e+14,1,65,N,N
3.985455e+05,3.833276e+09,7.208320e+12,3.144198e+06,3.043783e+11,4.198740e+13,2.905695e+06,1.410447e+12,7.086426e+13,2.875305e+06,1.439556e+12,6.343177e+14,3,58,N,N
5.163875e+05,8.723455e+09,8.646798e+12,2.613306e+06,5.263666e+11,8.420038e+13,2.671549e+06,1.466202e+12,9.701901e+13,2.556865e+06,6.415785e+11,3.966297e+14,0,65,N,N
2.892478e+05,2.566613e+09,5.667817e+12,2.305406e+06,1.335704e+11,1.719589e+13,2.882454e+06,1.214526e+12,4.590131e+13,2.682920e+06,1.423439e+12,2.754346e+14,1,53,N,N
7.483984e+05,1.122078e+10,1.160147e+13,1.292255e+06,3.603068e+11,5.160476e+13,2.803382e+06,1.958701e+12,1.874405e+14,2.258706e+06,3.907655e+11,1.527446e+14,0,7,N,N
6.551563e+05,6.293153e+09,6.353174e+12,1.128111e+06,2.062688e+11,2.431765e+13,3.133417e+06,2.251832e+12,8.308746e+13,3.263588e+06,1.488888e+12,3.704397e+14,1,60,N,N
6.352986e+05,8.065963e+09,1.936316e+13,1.822036e+06,1.281938e+11,1.578345e+13,3.097403e+06,1.620465e+12,4.528998e+13,3.336176e+06,2.226211e+12,1.790498e+14,0,3,N,N
5.260194e+05,7.932890e+09,1.379747e+13,1.404715e+06,2.862561e+11,7.073549e+13,2.514779e+06,1.426785e+12,1.735630e+14,1.996315e+06,4.951826e+11,7.244823e+13,1,33,N,N
7.791348e+05,3.418510e+10,2.503284e+13,1.134200e+06,2.848650e+11,8.362763e+13,2.114592e+06,1.097019e+12,1.559866e+14,2.765188e+06,1.004714e+12,5.501576e+14,3,80,N,N
5.318161e+05,4.433427e+09,9.279206e+12,3.044555e+06,3.127599e+11,2.465914e+13,2.759066e+06,1.453463e+12,3.507248e+13,4.120653e+06,2.786483e+12,1.421223e+15,3,83,N,N
5.091505e+05,6.220296e+09,1.413323e+13,2.627556e+06,3.529809e+11,5.551195e+13,2.928158e+06,1.413590e+12,1.346706e+14,2.028188e+06,7.170594e+11,1.494883e+14,2,78,N,N
1.071089e+06,1.563513e+10,3.208207e+13,1.156151e+06,2.831044e+11,2.340198e+13,3.893206e+06,3.597013e+12,2.116005e+14,2.387852e+06,3.974253e+11,5.457326e+13,0,68,N,N
8.529971e+05,1.304652e+10,2.501843e+13,1.473341e+06,2.298370e+11,4.595239e+13,3.077429e+06,2.040303e+12,1.543066e+14,1.924065e+06,4.369001e+11,7.479045e+13,0,19,N,N
8.000672e+05,9.843628e+09,1.306634e+13,1.146617e+06,2.556394e+11,3.008103e+13,3.135339e+06,2.404886e+12,1.121791e+14,2.833481e+06,9.047892e+11,1.681649e+14,1,89,N,N
6.260421e+05,1.130125e+10,1.701487e+13,3.919004e+06,7.648048e+11,1.043636e+14,2.951899e+06,1.888227e+12,2.101074e+14,2.236456e+06,4.536023e+11,1.230705e+14,1,35,N,N
2.802254e+05,4.198188e+09,1.251233e+13,3.014147e+06,2.840815e+11,3.469330e+13,2.589198e+06,1.213361e+12,1.131549e+14,2.151219e+06,6.868251e+11,2.047690e+14,2,94,N,N
6.075081e+05,1.108630e+10,1.220726e+13,1.390726e+06,2.490907e+11,4.653760e+13,3.222101e+06,2.109027e+12,2.001374e+14,2.400422e+06,7.941582e+11,1.793811e+14,0,87,N,N
2.899573e+05,3.938923e+09,6.153148e+12,3.006765e+06,4.512526e+11,5.014129e+13,3.443683e+06,1.976532e+12,7.095856e+13,2.934914e+06,1.228242e+12,3.128663e+14,0,22,N,N
6.310443e+05,7.836463e+09,8.982391e+12,1.215649e+06,2.908446e+11,2.408503e+13,3.403444e+06,2.405176e+12,6.596145e+13,3.399585e+06,1.446215e+12,4.572351e+14,0,88,N,N
7.065169e+05,1.543712e+10,2.960358e+12,1.788590e+06,5.165054e+11,8.306625e+13,3.587176e+06,2.757237e+12,1.923581e+14,3.114412e+06,1.175121e+12,3.574003e+14,1,73,N,N
5.521404e+05,4.657341e+09,9.424213e+12,3.349703e+06,2.187678e+11,4.098505e+13,2.586784e+06,1.009172e+12,7.152277e+13,2.112437e+06,7.260131e+11,9.540947e+13,0,38,N,N
8.343896e+05,1.012542e+10,2.454470e+13,2.913117e+06,4.552591e+11,6.788305e+13,2.703809e+06,1.658964e+12,1.299309e+14,2.184597e+06,8.770044e+11,3.575655e+14,3,51,N,N
3.496408e+05,4.491362e+09,8.057814e+12,3.151711e+06,4.637622e+11,3.791220e+13,3.382862e+06,2.264324e+12,1.192546e+14,3.250785e+06,1.704511e+12,5.455190e+14,0,48,N,N
7.156401e+05,1.577374e+10,1.409231e+13,3.492078e+06,9.112993e+11,1.132065e+14,3.443736e+06,2.906028e+12,1.800940e+14,2.655819e+06,3.426457e+11,1.018290e+14,3,98,N,N
1.817892e+05,2.196110e+09,5.509835e+12,1.494027e+06,1.595032e+11,2.477719e+13,2.700270e+06,1.634405e+12,1.316729e+14,2.063228e+06,8.484664e+11,2.341595e+14,1,54,N,N
5.142028e+05,6.420171e+09,9.056435e+12,1.945550e+06,5.032442e+11,3.595450e+13,2.962213e+06,2.006641e+12,5.576234e+13,3.822195e+06,1.404899e+12,6.500016e+14,1,100,N,N
5.046406e+05,6.152927e+09,1.160436e+13,3.209558e+06,4.235753e+11,4.825620e+13,3.112416e+06,1.831715e+12,6.333238e+13,3.198665e+06,1.257261e+12,2.252797e+14,1,0,N,N
2.276900e+05,2.936505e+09,2.920379e+12,1.571238e+06,2.643697e+11,3.112564e+13,3.426877e+06,1.873324e+12,3.745278e+13,4.383420e+06,3.184307e+12,1.635280e+15,1,12,N,N
4.061973e+05,7.562939e+09,1.200127e+13,1.695858e+06,4.461267e+11,4.621526e+13,3.125579e+06,2.037493e+12,1.152985e+14,2.567406e+06,5.553815e+11,8.352334e+13,3,72,N,N
7.443790e+05,9.949235e+09,1.668114e+13,1.251435e+06,2.546095e+11,5.456127e+13,2.948298e+06,1.824244e+12,1.271163e+14,2.266379e+06,4.408316e+11,1.364471e+14,2,85,N,N
7.328688e+05,1.583994e+10,1.654112e+13,3.383467e+06,8.110774e+11,9.297924e+13,3.496495e+06,3.009801e+12,1.714893e+14,3.183107e+06,1.323041e+12,5.153660e+14,0,98,N,N
3.849107e+05,6.367357e+09,1.167693e+13,4.225150e+06,8.070312e+11,7.235302e+13,2.751763e+06,1.669582e+12,8.982817e+13,3.264484e+06,1.196638e+12,6.131610e+14,0,11,N,N
9.520012e+05,1.317441e+10,2.488570e+13,1.266912e+06,2.302328e+11,4.008292e+13,2.600529e+06,1.506982e+12,1.331580e+14,2.076768e+06,5.211649e+11,1.073616e+14,2,50,N,N
6.804220e+05,7.153002e+09,1.095733e+13,1.316093e+06,2.704632e+11,3.088571e+13,3.603538e+06,2.908832e+12,1.350138e+14,3.050407e+06,1.016807e+12,1.978725e+14,1,104,N,N
3.447809e+05,4.328556e+09,7.836568e+12,3.289086e+06,4.624008e+11,3.370210e+13,3.570469e+06,2.435211e+12,1.173568e+14,3.173208e+06,1.711252e+12,4.564228e+14,2,48,N,N
4.225830e+05,7.508432e+09,5.922431e+12,5.256359e+06,8.616887e+11,4.563824e+13,2.671168e+06,1.643031e+12,4.062726e+13,4.863807e+06,2.950773e+12,6.225251e+14,0,49,N,N
9.818533e+05,1.615687e+10,2.985194e+13,1.245465e+06,2.567841e+11,4.375190e+13,2.527320e+06,1.490331e+12,1.417025e+14,2.053642e+06,4.881688e+11,1.272162e+14,1,50,N,N
6.728467e+05,1.244511e+10,5.625436e+12,1.795850e+06,4.801745e+11,1.046126e+14,2.708554e+06,1.684683e+12,1.498974e+14,2.539634e+06,7.096218e+11,2.552593e+14,3,47,N,N
7.971151e+05,6.683427e+09,1.125910e+13,3.078346e+06,4.103186e+11,3.872590e+13,3.082010e+06,1.828034e+12,8.286029e+13,3.100714e+06,1.409609e+12,3.044833e+14,2,52,N,N
5.001381e+05,9.025699e+09,7.553715e+12,9.197963e+05,2.015994e+11,3.042585e+13,2.633581e+06,1.561778e+12,9.049670e+13,2.956662e+06,9.148253e+11,5.495724e+14,2,90,N,N
4.213117e+05,4.201977e+09,8.240724e+12,3.509307e+06,3.523819e+11,4.658114e+13,2.870776e+06,1.393476e+12,6.326894e+13,2.848651e+06,1.409031e+12,6.311344e+14,2,58,N,N
4.417244e+05,4.959369e+09,4.515142e+12,1.281396e+06,2.083986e+11,2.935965e+13,2.711949e+06,1.539359e+12,6.386686e+13,3.628117e+06,1.720723e+12,8.388329e+14,3,69,N,N
3.757378e+05,3.145007e+09,3.890081e+12,1.352616e+06,1.843307e+11,1.967312e+13,3.294230e+06,1.968463e+12,4.967560e+13,3.939989e+06,2.549807e+12,1.047399e+15,2,63,N,N
7.107081e+05,1.809751e+10,1.517973e+13,3.070122e+06,7.736955e+11,1.133090e+14,3.640555e+06,3.237401e+12,1.956473e+14,2.677276e+06,3.335318e+11,1.083979e+14,2,98,N,N
1.143253e+06,1.490913e+10,3.021302e+13,1.335270e+06,2.707879e+11,4.281221e+13,2.945989e+06,2.148386e+12,2.021409e+14,2.085656e+06,4.380267e+11,9.808936e+13,1,40,N,N
7.158009e+05,1.101517e+10,1.694628e+13,1.213823e+06,2.711873e+11,5.715392e+13,2.685321e+06,1.571420e+12,1.293867e+14,2.133453e+06,4.150613e+11,1.143207e+14,3,85,N,N
6.876084e+05,8.651780e+09,1.860883e+13,2.495886e+06,3.894691e+11,6.147412e+13,2.875037e+06,1.361874e+12,1.255920e+14,2.101541e+06,7.468448e+11,1.138910e+14,3,78,N,N
4.171456e+05,7.497601e+09,6.150554e+12,4.639374e+06,7.745580e+11,4.880096e+13,3.079328e+06,2.014816e+12,4.626139e+13,4.479980e+06,2.387317e+12,4.670581e+14,1,49,N,N
3.639625e+05,6.381026e+09,1.122284e+13,1.627876e+06,3.822853e+11,3.999871e+13,3.414660e+06,2.627205e+12,9.431923e+13,2.568906e+06,4.983617e+11,8.766038e+13,1,72,N,N
4.847311e+05,6.931801e+09,1.649620e+13,3.275416e+06,4.464703e+11,9.521914e+13,3.040706e+06,1.615385e+12,1.627169e+14,2.292901e+06,6.747624e+11,7.935504e+13,0,24,N,N
3.261518e+05,4.777950e+09,6.933587e+12,2.617768e+06,3.311488e+11,4.242773e+13,3.141625e+06,1.827071e+12,6.737038e+13,3.022379e+06,1.276645e+12,1.765046e+14,1,45,N,N
8.224085e+05,9.473576e+09,2.153380e+13,2.177027e+06,3.556946e+11,5.574684e+13,2.800356e+06,1.704343e+12,1.318085e+14,2.110327e+06,8.033192e+11,3.012289e+14,0,51,N,N
4.623066e+05,5.788176e+09,1.041747e+13,3.008489e+06,7.473616e+11,4.291326e+13,3.491171e+06,2.690135e+12,6.700054e+13,3.868071e+06,1.530502e+12,6.818073e+14,0,100,N,N
3.213917e+05,3.047918e+09,6.105194e+12,1.460057e+06,1.895727e+11,2.199931e+13,3.531241e+06,2.247022e+12,1.006736e+14,2.611142e+06,8.228326e+11,1.940648e+14,1,96,N,N
6.533117e+05,9.144718e+09,1.052032e+13,1.096576e+06,1.853488e+11,2.738913e+13,2.921335e+06,1.760999e+12,9.410660e+13,2.807252e+06,1.040888e+12,4.837615e+14,3,82,N,N
9.554858e+05,1.487287e+10,2.839010e+13,1.254213e+06,2.445529e+11,4.041807e+13,2.499293e+06,1.416796e+12,1.410154e+14,2.101111e+06,5.418593e+11,1.078059e+14,3,50,N,N
8.344120e+05,1.003629e+10,1.439659e+13,1.204063e+06,2.724754e+11,2.928665e+13,3.195867e+06,2.486733e+12,1.037109e+14,2.873185e+06,8.776632e+11,1.587129e+14,3,89,N,N
6.970093e+05,1.052949e+10,7.291416e+12,1.035289e+06,1.832351e+11,3.071489e+13,2.766575e+06,1.663306e+12,9.468506e+13,2.918225e+06,1.182891e+12,6.200863e+14,2,82,N,N
7.873781e+05,1.512772e+10,8.735075e+12,1.338833e+06,3.026496e+11,6.406114e+13,2.563377e+06,1.459081e+12,1.354914e+14,2.362525e+06,5.580664e+11,2.079335e+14,0,55,N,N
4.790594e+05,9.163661e+09,5.086478e+12,1.112423e+06,2.951274e+11,4.983487e+13,2.890082e+06,1.972055e+12,8.302307e+13,3.071769e+06,7.155293e+11,2.783084e+14,0,20,N,N
3.401470e+05,8.031369e+09,4.763900e+12,1.391571e+06,2.390736e+11,4.198627e+13,3.222993e+06,1.617619e+12,1.697809e+14,2.615890e+06,1.128497e+12,2.002137e+14,0,36,N,N
6.919296e+05,1.198629e+10,1.354980e+13,4.313969e+06,6.551845e+11,6.924989e+13,2.653685e+06,1.479243e+12,1.234432e+14,2.879279e+06,1.127747e+12,1.834976e+14,0,56,N,N
2.759089e+05,4.589154e+09,1.592756e+13,3.679501e+06,3.240558e+11,3.537656e+13,2.747822e+06,1.356667e+12,1.289117e+14,2.212899e+06,7.100502e+11,1.425893e+14,1,94,N,N
1.381701e+05,1.935389e+09,4.922599e+12,2.823459e+06,1.466645e+11,2.534728e+13,2.779863e+06,1.101184e+12,6.487931e+13,2.387995e+06,9.429941e+11,1.112922e+14,2,91,N,N
7.332375e+05,1.345327e+10,7.481072e+12,1.482537e+06,3.533782e+11,5.493361e+13,3.276861e+06,2.410012e+12,1.523350e+14,3.377803e+06,1.853499e+12,3.862192e+14,1,70,N,N
5.409496e+05,9.177381e+09,1.305324e+13,1.502255e+06,2.792337e+11,5.069150e+13,2.656836e+06,1.567469e+12,1.309558e+14,2.284616e+06,6.949082e+11,1.684295e+14,0,44,N,N
3.292600e+05,4.974491e+09,1.545144e+13,2.629215e+06,2.626836e+11,3.577612e+13,2.616821e+06,1.175150e+12,1.009552e+14,2.116518e+06,6.670233e+11,1.360272e+14,3,94,N,N
8.100864e+05,1.522925e+10,1.148679e+13,1.256973e+06,2.375066e+11,3.551099e+13,3.504587e+06,2.865151e+12,1.239751e+14,2.995201e+06,9.168777e+11,1.870172e+14,1,79,N,N
6.728038e+05,1.267986e+10,1.319242e+13,3.595834e+06,5.530418e+11,6.371343e+13,2.810484e+06,1.635199e+12,1.252785e+14,2.862842e+06,9.857604e+11,1.825558e+14,3,56,N,N
7.347620e+05,1.278367e+10,7.717840e+12,1.394859e+06,3.091327e+11,5.117593e+13,3.408757e+06,2.509196e+12,1.698792e+14,3.377169e+06,1.918595e+12,4.512041e+14,3,70,N,N
5.958712e+05,7.110696e+09,7.980155e+12,1.011793e+06,2.207414e+11,2.110138e+13,3.291083e+06,2.212213e+12,7.307999e+13,3.397876e+06,1.413024e+12,3.335942e+14,3,88,N,N
4.118516e+05,4.363944e+09,8.626285e+12,2.642866e+06,4.123892e+11,4.257150e+13,3.083093e+06,1.927883e+12,9.666246e+13,3.435632e+06,1.684948e+12,7.396744e+14,3,71,N,N
5.347470e+05,6.845563e+09,1.067671e+13,3.971449e+06,6.538739e+11,3.122360e+13,3.022145e+06,1.999318e+12,4.088497e+13,4.596330e+06,3.096891e+12,1.022943e+15,0,74,N,N
6.647589e+05,1.108783e+10,1.587197e+13,1.564962e+06,3.073544e+11,7.745890e+13,2.503689e+06,1.525535e+12,2.641107e+14,1.705418e+06,3.444938e+11,4.874091e+13,0,17,N,N
7.918529e+05,9.953935e+09,2.547403e+13,3.156564e+06,5.098187e+11,7.275499e+13,2.810465e+06,1.784751e+12,1.420533e+14,2.196229e+06,9.196403e+11,4.023961e+14,1,51,N,N
4.669542e+05,6.482404e+09,1.739447e+13,4.319307e+06,4.409624e+11,6.721063e+13,2.514095e+06,1.146117e+12,1.237401e+14,2.004274e+06,5.469442e+11,1.063408e+14,1,64,N,N
1.047448e+06,1.043101e+10,2.527804e+13,3.291195e+06,1.825373e+11,2.016989e+13,2.615324e+06,1.129394e+12,4.732030e+13,2.645440e+06,1.143746e+12,1.108927e+14,2,77,N,N
7.459974e+05,9.339000e+09,1.994482e+13,1.314465e+06,2.473911e+11,5.216229e+13,3.017183e+06,1.837981e+12,1.621217e+14,1.823026e+06,3.646559e+11,1.646597e+14,1,85,N,N
5.361628e+05,4.416800e+09,8.651363e+12,2.874173e+06,2.108081e+11,4.537596e+13,2.633588e+06,1.051150e+12,7.542814e+13,2.106719e+06,7.047820e+11,1.176559e+14,1,38,N,N
2.070739e+05,2.767284e+09,6.759480e+12,1.775906e+06,1.169063e+11,2.267550e+13,2.716389e+06,1.074638e+12,6.318620e+13,2.240795e+06,7.935941e+11,6.368257e+13,1,91,N,N
5.172394e+05,6.067161e+09,8.786405e+12,1.891531e+06,4.959972e+11,3.568405e+13,3.067081e+06,2.115881e+12,6.358213e+13,3.646626e+06,1.272380e+12,5.315903e+14,3,100,N,N
4.137743e+05,6.138223e+09,1.173536e+13,4.457314e+06,5.886120e+11,6.738373e+13,2.735969e+06,1.494719e+12,1.339342e+14,2.328355e+06,7.890416e+11,8.163663e+13,0,10,N,N
8.067494e+05,1.638084e+10,1.904601e+13,3.042226e+06,7.002943e+11,1.053380e+14,3.021979e+06,2.156287e+12,1.437298e+14,2.675044e+06,4.154775e+11,8.060723e+13,1,99,N,N
7.523241e+05,6.377008e+09,1.340825e+13,2.549638e+06,3.213390e+11,2.308194e+13,2.823875e+06,1.555499e+12,3.515396e+13,4.065185e+06,2.630998e+12,1.695781e+15,1,83,N,N
6.680577e+05,9.816022e+09,9.289025e+12,1.210290e+06,2.795755e+11,3.523989e+13,3.064669e+06,2.204710e+12,1.182687e+14,3.503075e+06,1.893612e+12,4.320591e+14,0,28,N,N
1.098437e+06,1.537460e+10,3.641243e+13,1.536756e+06,2.488907e+11,4.021755e+13,3.068289e+06,1.882808e+12,1.414484e+14,2.579412e+06,1.119955e+12,2.288393e+14,3,59,N,N
5.711791e+05,1.071549e+10,5.326745e+12,1.196408e+06,3.479549e+11,4.542735e+13,3.410145e+06,2.873148e+12,1.516608e+14,2.939684e+06,5.959763e+11,1.870563e+14,0,101,N,N
5.059631e+05,5.369386e+09,1.230311e+13,1.305948e+06,1.841496e+11,3.836550e+13,1.740940e+06,6.986032e+11,1.429848e+14,1.379065e+06,2.988183e+11,1.263928e+14,0,2,N,N
7.987852e+05,1.536891e+10,1.890878e+13,3.191381e+06,6.003966e+11,7.450078e+13,3.230146e+06,2.441135e+12,1.485793e+14,2.623932e+06,3.675400e+11,5.281113e+13,2,99,N,N
8.054980e+05,1.248613e+10,1.803780e+13,1.542427e+06,2.876359e+11,3.726978e+13,2.844229e+06,1.758565e+12,8.377848e+13,2.665995e+06,8.646909e+11,1.493955e+14,0,14,N,N
2.840956e+05,3.625116e+09,6.108299e+12,5.315560e+06,6.978899e+11,2.855259e+13,2.555298e+06,1.381198e+12,4.977224e+13,3.578816e+06,1.475588e+12,3.389195e+14,1,84,N,N
4.101166e+05,5.847164e+09,1.414672e+13,3.622076e+06,3.466911e+11,3.893006e+13,2.918148e+06,1.589142e+12,8.858317e+13,2.719348e+06,1.166448e+12,1.478302e+14,3,92,N,N
4.243379e+05,8.077321e+09,5.383647e+12,4.963010e+06,9.054245e+11,6.457261e+13,2.909363e+06,1.848158e+12,5.252318e+13,4.936489e+06,2.924338e+12,9.025762e+14,3,49,N,N
1.151241e+06,1.900515e+10,3.459904e+13,1.353203e+06,3.814602e+11,5.249477e+13,2.968517e+06,2.037777e+12,2.763977e+14,1.847155e+06,3.794415e+11,1.251711e+14,0,40,N,N
7.810420e+05,6.879990e+09,1.444176e+13,3.506930e+06,4.920769e+11,3.384511e+13,2.908804e+06,1.810545e+12,7.102307e+13,3.143026e+06,1.575211e+12,3.342364e+14,2,57,N,N
4.728746e+05,1.513527e+10,4.255198e+12,1.113168e+06,3.016047e+11,5.131318e+13,2.420295e+06,1.462958e+12,8.516920e+13,3.685514e+06,1.344498e+12,9.783856e+14,0,95,N,N
8.163153e+05,9.773467e+09,6.750133e+12,1.267397e+06,2.906081e+11,4.138712e+13,3.113723e+06,2.363946e+12,1.627472e+14,3.248502e+06,1.607910e+12,4.220265e+14,2,60,N,N
6.521907e+05,1.825035e+10,3.392665e+12,2.851828e+06,9.222571e+11,1.425782e+14,3.308401e+06,2.397211e+12,2.307829e+14,3.194245e+06,1.296625e+12,8.914903e+14,2,73,N,N
1.132146e+06,4.796157e+10,1.858959e+13,1.674422e+06,6.858812e+11,1.472186e+14,2.656739e+06,1.627034e+12,4.783592e+14,2.070892e+06,3.888239e+11,1.524518e+14,3,67,N,N
7.244355e+05,1.204090e+10,6.822884e+12,1.317900e+06,2.780604e+11,4.547007e+13,3.079982e+06,2.074083e+12,1.296308e+14,3.122209e+06,1.467688e+12,2.865276e+14,2,70,N,N
8.583434e+05,6.587342e+09,9.316156e+12,1.335342e+06,1.867990e+11,2.094577e+13,3.138161e+06,1.754208e+12,8.167118e+13,3.104721e+06,1.511143e+12,3.290667e+14,3,52,N,N
7.085368e+05,7.058896e+09,8.910403e+12,1.478787e+06,2.629907e+11,2.864431e+13,3.085920e+06,1.958027e+12,6.405943e+13,3.792291e+06,2.246402e+12,8.807641e+14,1,43,N,N
4.766155e+05,1.737484e+10,3.875523e+12,1.056715e+06,2.773471e+11,5.966913e+13,2.457318e+06,1.507942e+12,1.128420e+14,3.564862e+06,1.379426e+12,8.633211e+14,1,95,N,N
5.201821e+05,4.792584e+09,7.596878e+12,1.251038e+06,1.821375e+11,2.352527e+13,2.600778e+06,1.425556e+12,3.161227e+13,3.859728e+06,1.923391e+12,8.797282e+14,0,62,N,N
4.115601e+05,6.850207e+09,2.055732e+13,3.997972e+06,2.318244e+11,4.315008e+13,3.200361e+06,1.493060e+12,1.172333e+14,2.045944e+06,5.760020e+11,4.900531e+13,0,9,N,N
4.979219e+05,1.026950e+10,1.074084e+13,1.985480e+06,4.291604e+11,8.743216e+13,2.807266e+06,1.718386e+12,1.881699e+14,2.355313e+06,8.631886e+11,4.093892e+14,3,87,N,N
2.796860e+05,4.553853e+09,3.419283e+12,2.261285e+06,7.173522e+11,4.817367e+13,3.979903e+06,3.496631e+12,7.294812e+13,4.701020e+06,2.925450e+12,1.618352e+15,3,86,N,N
9.333897e+05,2.007075e+10,2.411052e+13,1.282881e+06,2.845997e+11,6.955121e+13,2.300331e+06,1.317229e+12,3.442143e+14,1.727244e+06,3.595787e+11,1.190923e+14,1,81,N,N
7.161700e+05,9.311678e+09,2.834196e+13,4.257082e+06,2.210551e+11,2.281713e+13,2.460094e+06,1.090112e+12,4.845775e+13,2.349215e+06,9.753453e+11,1.564562e+14,2,66,N,N
5.785775e+05,7.603564e+09,1.268132e+13,1.480394e+06,2.855100e+11,6.429056e+13,2.613755e+06,1.480811e+12,1.695866e+14,2.113525e+06,6.301603e+11,1.385031e+14,0,33,N,N
2.621639e+05,2.409153e+09,5.418960e+12,1.817362e+06,1.048734e+11,1.366861e+13,2.864950e+06,1.193899e+12,4.471919e+13,2.828096e+06,1.776460e+12,2.311500e+14,0,53,N,N
1.167967e+06,1.601718e+10,3.321011e+13,1.510019e+06,2.826188e+11,4.737842e+13,3.038152e+06,1.960625e+12,1.818533e+14,2.677737e+06,1.151451e+12,3.381757e+14,2,59,N,N
7.741916e+05,1.583011e+10,3.077827e+13,1.985014e+06,3.099661e+11,5.699524e+13,3.143594e+06,2.019180e+12,1.187793e+14,2.459159e+06,7.329809e+11,1.582237e+14,0,16,N,N
4.946264e+05,7.232311e+09,1.213012e+13,4.666125e+06,6.648555e+11,2.190744e+13,2.862138e+06,1.879516e+12,3.869556e+13,4.712521e+06,3.398385e+12,1.042288e+15,2,74,N,N
1.761113e+05,2.598427e+09,5.051562e+12,3.980318e+06,3.814384e+11,3.019614e+13,3.016648e+06,1.729081e+12,6.348690e+13,3.344408e+06,2.047211e+12,3.428732e+14,3,102,N,N
4.347112e+05,5.520644e+09,5.540827e+12,1.304191e+06,2.416702e+11,3.290115e+13,2.629415e+06,1.498639e+12,4.937739e+13,3.546862e+06,1.770232e+12,1.138605e+15,1,69,N,N
2.570000e+05,4.085301e+09,3.240048e+12,2.515978e+06,8.034603e+11,4.494630e+13,4.136340e+06,3.688545e+12,6.634329e+13,4.521244e+06,2.915999e+12,9.831598e+14,0,86,N,N
6.904450e+05,8.143919e+09,1.422672e+13,1.532290e+06,4.250234e+11,3.857665e+13,4.111697e+06,3.829093e+12,1.572444e+14,2.600568e+06,6.104673e+11,7.598951e+13,0,104,N,N
2.615888e+05,3.418304e+09,3.757142e+12,1.958924e+06,3.029096e+11,3.405074e+13,3.350194e+06,1.658209e+12,3.142529e+13,4.320855e+06,3.091713e+12,1.802327e+15,0,12,N,N
1.228697e+05,1.426251e+09,3.485174e+12,1.445326e+06,1.287301e+11,1.964545e+13,2.690349e+06,1.644513e+12,1.199682e+14,2.022105e+06,6.554271e+11,1.254896e+14,0,54,N,N
4.560614e+05,5.970243e+09,1.001086e+13,4.526573e+06,6.699811e+11,2.438841e+13,2.934738e+06,1.907080e+12,3.937908e+13,4.588483e+06,3.019559e+12,7.872583e+14,1,74,N,N
7.001194e+05,5.898125e+09,1.231211e+13,2.791946e+06,3.496270e+11,2.605866e+13,2.770510e+06,1.554265e+12,3.896987e+13,4.053878e+06,2.743287e+12,1.638410e+15,2,83,N,N
2.718919e+05,3.761033e+09,7.232562e+12,2.244084e+06,2.666221e+11,3.666826e+13,2.929357e+06,1.489897e+12,8.282406e+13,2.810181e+06,1.265669e+12,2.295429e+14,1,92,N,N
5.439187e+05,1.227243e+10,4.869668e+12,1.152550e+06,3.264806e+11,4.956543e+13,3.188171e+06,2.521778e+12,1.655521e+14,2.915558e+06,6.032969e+11,1.787197e+14,3,101,N,N
7.396822e+05,1.298133e+10,1.575961e+13,4.272806e+06,6.251138e+11,5.933270e+13,2.723657e+06,1.580979e+12,1.323334e+14,2.850145e+06,1.059820e+12,2.465931e+14,1,56,N,N
3.801204e+05,4.257689e+09,6.596569e+12,1.229925e+06,2.128966e+11,3.204621e+13,3.096988e+06,2.118778e+12,9.957100e+13,2.482754e+06,7.525572e+11,2.353113e+14,0,25,N,N
3.991349e+05,4.145761e+09,8.758378e+12,2.405237e+06,3.598689e+11,3.624496e+13,3.118869e+06,1.957466e+12,9.302709e+13,3.514315e+06,1.852693e+12,7.629770e+14,2,71,N,N
2.912399e+05,3.619628e+09,1.067010e+13,4.126005e+06,4.140128e+11,3.908703e+13,2.366216e+06,9.895536e+11,7.477431e+13,2.673183e+06,1.273331e+12,5.055232e+14,1,75,N,N
5.459205e+05,1.229095e+10,5.210938e+12,1.210667e+06,3.617549e+11,5.118216e+13,3.206013e+06,2.554714e+12,1.551347e+14,3.028455e+06,6.613265e+11,2.495319e+14,1,101,N,N
7.563595e+05,1.229427e+10,1.038377e+13,2.013539e+06,5.111075e+11,7.419665e+13,3.424549e+06,2.745803e+12,1.225120e+14,2.868922e+06,7.864894e+11,1.912721e+14,0,23,N,N
3.308772e+05,4.838400e+09,1.317999e+13,1.701110e+06,1.650767e+11,2.198522e+13,3.016712e+06,1.660774e+12,7.491813e+13,2.817318e+06,1.452043e+12,5.578524e+14,0,37,N,N
7.270794e+05,1.132768e+10,1.996436e+13,1.247781e+06,2.822105e+11,5.835141e+13,2.922302e+06,1.773207e+12,1.434166e+14,2.062925e+06,3.699718e+11,9.770697e+13,0,85,N,N
3.191632e+05,3.070258e+09,6.486292e+12,1.721909e+06,2.064058e+11,2.294904e+13,3.746260e+06,2.476788e+12,9.670074e+13,2.581260e+06,8.383736e+11,1.517430e+14,0,96,N,N
5.772970e+05,7.885086e+09,1.793861e+13,2.904980e+06,4.351865e+11,6.752318e+13,2.774149e+06,1.333450e+12,1.254839e+14,2.019708e+06,6.661122e+11,1.599981e+14,0,78,N,N
6.724348e+05,1.142603e+10,1.097289e+13,3.467266e+06,5.819687e+11,6.691660e+13,2.848674e+06,1.648211e+12,1.443042e+14,2.921900e+06,1.020263e+12,3.898846e+14,2,56,N,N
4.231418e+05,5.054611e+09,5.111974e+12,1.202919e+06,2.006678e+11,2.723288e+13,2.717044e+06,1.510243e+12,4.395566e+13,3.978294e+06,2.011494e+12,1.803846e+15,0,69,N,N
7.110182e+05,9.009003e+09,2.293762e+13,3.807802e+06,6.597726e+11,4.375029e+13,2.636520e+06,1.644506e+12,6.971625e+13,3.116274e+06,1.495039e+12,4.169756e+14,3,57,N,N
7.056347e+05,5.600814e+09,1.090330e+13,3.621066e+06,4.465151e+11,3.101408e+13,2.943791e+06,1.787291e+12,6.297899e+13,3.111077e+06,1.596061e+12,3.103079e+14,1,57,N,N
8.483916e+05,8.932771e+09,1.364419e+13,1.159529e+06,2.317739e+11,2.237874e+13,3.272221e+06,2.560751e+12,9.112933e+13,3.112931e+06,1.099770e+12,2.546165e+14,2,89,N,N
3.143080e+05,5.152546e+09,1.776574e+13,3.288800e+06,3.154062e+11,3.504633e+13,2.725188e+06,1.286561e+12,1.012096e+14,2.121728e+06,6.703895e+11,1.441011e+14,0,94,N,N
9.288799e+05,1.999894e+10,1.236789e+13,1.180999e+06,2.561174e+11,4.137488e+13,3.543121e+06,3.101887e+12,1.536207e+14,2.749381e+06,7.857860e+11,1.697787e+14,0,79,N,N
7.555104e+05,1.408698e+10,6.502482e+12,1.360123e+06,3.358657e+11,8.413188e+13,2.780080e+06,1.904540e+12,2.718938e+14,2.344706e+06,7.888255e+11,1.189556e+14,0,21,N,N
7.021452e+05,9.603621e+09,1.018736e+13,1.027198e+06,1.634160e+11,2.489712e+13,2.787418e+06,1.660023e+12,8.076192e+13,2.857795e+06,1.101887e+12,4.373946e+14,0,82,N,N
8.309047e+05,6.490542e+09,1.263492e+13,1.819806e+06,2.147924e+11,2.044027e+13,2.870028e+06,1.611220e+12,3.759494e+13,3.904972e+06,2.439546e+12,9.905352e+14,0,83,N,N
5.083938e+05,6.023860e+09,9.502848e+12,1.850518e+06,2.750879e+11,2.965965e+13,3.529422e+06,2.283267e+12,1.096129e+14,3.110811e+06,1.800876e+12,6.954214e+14,1,48,N,N
2.794745e+05,3.264134e+09,4.408633e+12,5.404672e+06,5.653710e+11,4.349237e+13,2.701653e+06,1.432959e+12,5.860122e+13,3.460406e+06,1.724981e+12,4.697042e+14,3,84,N,N
7.046505e+05,7.616665e+09,7.976064e+12,1.161293e+06,2.256751e+11,2.563455e+13,3.246806e+06,2.443878e+12,9.494353e+13,3.204968e+06,1.383595e+12,3.522144e+14,0,60,N,N
7.063227e+05,6.445599e+09,6.783566e+12,1.211117e+06,2.031653e+11,2.459596e+13,3.317217e+06,2.408546e+12,8.160159e+13,3.181257e+06,1.405241e+12,2.864826e+14,3,60,N,N
4.305092e+05,1.068738e+10,3.101811e+12,1.034065e+06,2.565978e+11,5.738870e+13,2.299395e+06,1.321384e+12,1.072669e+14,2.967837e+06,8.291094e+11,6.451829e+14,0,13,N,N
5.286287e+05,1.434458e+10,9.547741e+12,3.894028e+06,9.335546e+11,1.045058e+14,3.157592e+06,1.949273e+12,1.691017e+14,2.967233e+06,1.177634e+12,5.988284e+14,0,30,N,N
9.606160e+05,1.685832e+10,2.372053e+13,1.249403e+06,2.478970e+11,6.160703e+13,2.394867e+06,1.426543e+12,2.789791e+14,1.797074e+06,3.487813e+11,9.415518e+13,3,81,N,N
3.439769e+05,3.127477e+09,4.154465e+12,2.659416e+06,4.532142e+11,5.094546e+13,3.076898e+06,1.833699e+12,5.166381e+13,3.721394e+06,2.269603e+12,1.052995e+15,3,63,N,N
5.033820e+05,7.308653e+09,2.116557e+13,4.250672e+06,4.400548e+11,6.328101e+13,2.439417e+06,1.141691e+12,1.378604e+14,1.974595e+06,6.234621e+11,2.371955e+14,2,64,N,N
5.488115e+05,8.209821e+09,7.866663e+12,1.265274e+06,2.641749e+11,3.566988e+13,2.730590e+06,1.664545e+12,6.307017e+13,3.500770e+06,1.926952e+12,1.479602e+15,2,69,N,N
2.534218e+05,3.382994e+09,4.066359e+12,1.453034e+06,2.513313e+11,2.532754e+13,3.457627e+06,1.821843e+12,3.514670e+13,4.873310e+06,3.758574e+12,2.993821e+15,2,12,N,N
4.722782e+05,6.010170e+09,1.199732e+13,4.180907e+06,5.102283e+11,5.899096e+13,2.723889e+06,1.448610e+12,1.180478e+14,2.355234e+06,7.559734e+11,1.021389e+14,1,10,N,N
8.021115e+05,8.737754e+09,9.724216e+12,1.104184e+06,1.983509e+11,2.177421e+13,2.944183e+06,1.856953e+12,6.404619e+13,3.945931e+06,2.350970e+12,8.392255e+14,0,43,N,N
1.004270e+06,3.620955e+10,1.745293e+13,1.535830e+06,5.727253e+11,1.222803e+14,2.607372e+06,1.585347e+12,4.614819e+14,1.901386e+06,3.102888e+11,1.061461e+14,0,67,N,N
2.871348e+05,2.685895e+09,6.142949e+12,2.356906e+06,1.380127e+11,1.467617e+13,3.055567e+06,1.293340e+12,5.031792e+13,2.854528e+06,1.715161e+12,3.081297e+14,2,53,N,N
5.142051e+05,9.992721e+09,8.704140e+12,2.868065e+06,6.802472e+11,1.244789e+14,2.406058e+06,1.251097e+12,1.005534e+14,2.926845e+06,8.302068e+11,7.193568e+14,3,65,N,N
9.984722e+05,2.831102e+10,2.050157e+13,1.333419e+06,4.087589e+11,5.735218e+13,3.016666e+06,2.066660e+12,3.711320e+14,2.258277e+06,7.056354e+11,4.652568e+14,3,76,N,N
1.810817e+05,2.555636e+09,5.078849e+12,4.142800e+06,4.628800e+11,3.650481e+13,2.933414e+06,1.693714e+12,6.377014e+13,3.451247e+06,2.096782e+12,4.717070e+14,1,102,N,N
6.221810e+05,1.795906e+10,3.570312e+12,2.444806e+06,7.998085e+11,1.225324e+14,3.248935e+06,2.328495e+12,2.006424e+14,3.138914e+06,1.125823e+12,4.732406e+14,0,73,N,N
