3.087641e+08,2.344484e+16,1.906961e+23,3,68
3.649554e+08,3.295465e+16,4.211912e+23,0,35
4.065013e+08,4.122953e+16,5.481589e+23,0,56
2.907539e+08,2.029131e+16,2.198064e+23,1,78
3.064863e+08,2.312455e+16,2.435239e+23,2,91
3.197489e+08,2.530771e+16,2.610136e+23,1,58
2.458600e+08,1.531997e+16,1.137591e+23,3,89
2.841930e+08,2.158386e+16,2.997343e+23,2,97
3.049070e+08,2.257045e+16,2.307237e+23,0,50
3.786589e+08,3.561775e+16,3.542966e+23,0,22
3.492396e+08,3.030616e+16,2.771139e+23,0,61
3.886851e+08,3.811238e+16,4.079717e+23,0,11
3.211219e+08,2.525398e+16,2.645775e+23,2,58
2.882272e+08,2.053400e+16,2.275033e+23,1,38
3.632010e+08,3.340367e+16,3.356655e+23,2,90
3.691738e+08,3.392894e+16,3.060412e+23,2,104
2.781344e+08,2.010636e+16,1.576326e+23,0,88
3.115271e+08,2.396522e+16,2.551713e+23,0,91
3.129962e+08,2.418087e+16,2.236435e+23,0,82
2.203252e+08,1.243816e+16,1.109432e+23,3,102
3.634462e+08,3.085714e+16,2.962574e+23,2,79
4.066409e+08,4.200283e+16,3.911686e+23,2,101
2.978398e+08,2.207562e+16,2.067559e+23,1,103
2.121579e+08,1.170773e+16,9.508522e+22,2,57
3.602621e+08,3.272507e+16,2.897093e+23,1,60
3.163825e+08,2.559910e+16,3.151583e+23,0,59
2.866851e+08,2.045790e+16,1.992392e+23,0,32
4.603120e+08,5.301525e+16,5.463516e+23,3,49
4.198058e+08,4.493746e+16,4.368955e+23,1,101
2.313475e+08,1.271320e+16,1.372010e+23,1,94
3.991449e+08,4.023349e+16,3.393464e+23,2,74
2.822353e+08,1.926885e+16,1.950211e+23,1,80
3.515289e+08,2.913219e+16,2.659187e+23,3,79
2.748621e+08,1.876126e+16,1.617446e+23,3,57
4.131871e+08,4.247106e+16,4.842035e+23,0,6
3.873121e+08,3.662138e+16,5.510942e+23,1,97
2.512295e+08,1.570609e+16,1.510712e+23,3,53
4.203907e+08,4.401689e+16,4.420957e+23,3,63
4.138485e+08,4.352240e+16,4.189864e+23,0,101
3.259815e+08,2.698430e+16,2.579918e+23,2,96
3.210889e+08,2.602806e+16,2.085224e+23,1,83
4.245265e+08,4.484769e+16,4.185275e+23,0,29
3.706792e+08,3.402186e+16,4.618685e+23,2,55
2.915556e+08,2.112843e+16,1.978776e+23,2,37
3.349740e+08,2.836214e+16,2.532290e+23,0,71
2.506798e+08,1.448616e+16,1.539083e+23,0,17
3.488602e+08,3.055277e+16,3.149506e+23,1,48
3.373853e+08,2.827245e+16,2.927321e+23,3,92
2.154040e+08,1.273656e+16,1.373101e+23,2,66
3.593956e+08,3.266849e+16,2.913697e+23,2,63
3.843193e+08,3.747298e+16,4.223278e+23,3,72
3.275654e+08,2.651489e+16,2.818119e+23,3,51
2.492571e+08,1.687318e+16,1.840416e+23,0,93
4.135460e+08,4.398734e+16,4.434229e+23,3,95
3.733566e+08,3.470576e+16,4.663342e+23,0,24
4.499858e+08,5.116956e+16,5.235671e+23,2,49
4.069304e+08,4.246571e+16,6.072596e+23,2,67
3.534669e+08,3.128938e+16,2.787516e+23,2,84
2.231785e+08,1.162568e+16,1.188227e+23,0,94
3.169656e+08,2.524624e+16,3.217483e+23,3,59
3.382864e+08,2.779332e+16,3.195702e+23,0,33
4.055950e+08,4.196156e+16,4.131562e+23,3,101
3.426551e+08,2.921626e+16,2.765551e+23,2,61
4.617669e+08,5.350538e+16,7.382415e+23,0,73
3.520952e+08,3.162593e+16,2.981988e+23,0,69
4.183294e+08,4.406476e+16,3.983757e+23,1,49
1.726836e+08,8.133599e+15,8.556570e+22,2,94
3.667063e+08,3.297948e+16,4.845656e+23,3,97
3.855673e+08,3.772773e+16,3.093114e+23,0,74
4.286548e+08,4.715110e+16,3.875707e+23,3,86
2.316307e+08,1.438410e+16,1.370291e+23,1,102
4.703053e+08,5.570232e+16,7.412945e+23,2,98
3.729192e+08,3.568842e+16,3.440850e+23,1,46
2.476671e+08,1.336115e+16,1.182177e+23,2,77
4.137576e+08,4.311158e+16,5.157051e+23,2,72
2.420751e+08,1.511591e+16,1.626233e+23,1,93
2.949947e+08,2.160740e+16,2.040581e+23,1,37
2.394943e+08,1.421402e+16,1.319960e+23,2,53
3.723169e+08,3.516165e+16,3.062764e+23,0,63
4.807221e+08,5.759981e+16,8.369963e+23,3,73
3.815606e+08,3.614780e+16,2.940306e+23,1,88
3.355196e+08,2.848227e+16,2.685950e+23,3,71
3.822719e+08,3.670567e+16,3.552020e+23,0,3
2.909684e+08,2.111033e+16,1.986202e+23,0,37
4.137040e+08,4.336927e+16,5.308327e+23,1,99
2.992522e+08,2.235581e+16,2.132721e+23,2,103
3.089716e+08,2.339921e+16,2.411764e+23,1,50
3.640440e+08,3.314364e+16,3.835652e+23,0,16
3.146705e+08,2.400081e+16,2.522338e+23,2,75
2.929696e+08,2.267601e+16,1.873278e+23,2,88
3.607359e+08,3.214328e+16,4.085685e+23,0,55
3.992201e+08,3.978639e+16,5.096195e+23,2,56
2.214164e+08,1.294752e+16,1.386977e+23,1,81
4.051031e+08,4.225832e+16,4.416455e+23,1,95
3.952438e+08,3.967546e+16,4.587461e+23,0,99
3.160316e+08,2.528549e+16,2.882507e+23,2,80
3.543130e+08,3.099418e+16,2.970328e+23,1,84
2.712850e+08,1.932847e+16,1.596034e+23,3,88
3.254633e+08,2.691616e+16,2.589900e+23,3,96
1.621605e+08,7.567310e+15,7.922560e+22,3,94
4.206007e+08,4.462447e+16,5.508970e+23,2,99
3.774090e+08,3.632003e+16,4.698027e+23,0,67
3.988522e+08,3.836925e+16,4.699850e+23,3,87
3.608641e+08,3.280977e+16,3.386557e+23,3,90
3.642405e+08,3.034452e+16,2.542354e+23,0,79
4.017107e+08,4.030376e+16,5.099129e+23,3,56
3.780206e+08,3.571939e+16,3.276384e+23,3,104
3.472951e+08,3.021347e+16,2.690088e+23,0,41
3.336064e+08,2.830162e+16,2.794962e+23,1,40
3.776294e+08,3.573291e+16,3.207694e+23,1,43
3.171734e+08,2.457609e+16,2.653474e+23,3,91
3.153464e+08,2.477902e+16,2.666879e+23,0,58
3.167809e+08,2.431133e+16,2.615846e+23,0,75
4.636249e+08,5.400256e+16,7.140787e+23,3,98
3.906565e+08,3.778241e+16,4.471492e+23,1,47
3.138082e+08,2.375170e+16,2.583208e+23,3,75
3.295141e+08,2.672164e+16,2.338184e+23,2,68
3.637351e+08,3.321519e+16,3.851584e+23,1,65
2.938739e+08,2.263729e+16,2.027995e+23,0,76
3.468765e+08,2.888001e+16,3.738647e+23,2,64
3.270107e+08,2.680576e+16,2.399226e+23,0,8
3.670114e+08,3.113871e+16,2.763916e+23,1,79
2.568293e+08,1.663493e+16,1.857583e+23,0,54
3.816335e+08,3.706907e+16,3.614156e+23,2,12
3.714856e+08,3.467516e+16,3.093391e+23,0,43
3.155021e+08,2.454648e+16,2.296752e+23,1,82
3.174108e+08,2.499373e+16,2.391443e+23,3,82
3.281489e+08,2.357962e+16,2.230402e+23,0,70
3.409246e+08,2.882558e+16,3.207357e+23,1,44
3.608186e+08,3.292433e+16,3.261593e+23,2,60
3.610162e+08,3.289724e+16,3.147204e+23,2,69
2.626724e+08,1.713405e+16,1.926669e+23,3,54
3.931142e+08,3.933228e+16,3.245008e+23,1,100
3.671155e+08,3.379816e+16,3.395588e+23,0,90
3.270156e+08,2.621259e+16,2.736620e+23,0,51
4.002206e+08,4.067964e+16,3.273244e+23,0,100
4.062673e+08,4.175239e+16,3.758764e+23,0,1
4.665653e+08,5.508453e+16,7.089918e+23,0,98
3.776543e+08,3.554798e+16,4.544304e+23,0,85
2.990318e+08,2.160540e+16,2.262415e+23,1,75
3.372431e+08,2.847140e+16,3.045864e+23,1,34
2.855964e+08,2.069094e+16,2.282975e+23,0,42
3.880958e+08,3.735094e+16,3.412399e+23,0,104
3.700770e+08,3.410424e+16,4.445573e+23,1,55
3.322389e+08,2.703342e+16,3.099814e+23,1,33
3.686043e+08,3.384846e+16,3.442178e+23,3,52
2.791362e+08,2.110860e+16,2.954782e+23,0,97
3.841041e+08,3.715956e+16,3.451697e+23,0,27
3.703651e+08,3.450052e+16,3.076237e+23,0,60
3.958940e+08,3.915741e+16,5.058579e+23,2,85
4.004302e+08,4.040388e+16,3.205417e+23,0,26
3.524586e+08,3.143594e+16,2.930888e+23,1,69
2.324878e+08,1.441601e+16,1.672365e+23,0,2
3.734033e+08,3.573317e+16,3.124933e+23,0,15
2.621616e+08,1.762349e+16,1.975232e+23,0,81
3.505216e+08,3.013265e+16,3.736199e+23,0,10
2.198677e+08,1.267380e+16,1.306303e+23,3,78
3.291281e+08,2.399270e+16,2.325502e+23,1,70
3.820260e+08,3.699410e+16,3.229363e+23,1,63
3.078741e+08,2.330418e+16,2.439186e+23,3,50
3.872991e+08,3.838479e+16,4.089467e+23,1,72
3.870335e+08,3.684778e+16,4.325745e+23,3,47
4.063856e+08,4.154603e+16,3.901065e+23,0,31
3.795741e+08,3.589276e+16,4.933994e+23,0,36
3.313682e+08,2.688442e+16,2.867232e+23,2,51
3.747038e+08,3.558280e+16,3.016134e+23,3,62
2.704792e+08,1.724749e+16,1.784987e+23,0,78
4.705305e+08,5.566763e+16,7.464426e+23,1,98
2.499303e+08,1.581611e+16,1.196578e+23,1,89
3.753646e+08,3.520574e+16,4.235868e+23,3,65
2.508525e+08,1.570977e+16,1.491026e+23,0,53
3.634415e+08,3.308915e+16,3.945910e+23,2,65
2.216481e+08,1.323366e+16,1.057936e+23,0,57
3.508294e+08,3.103501e+16,3.211828e+23,0,48
4.164795e+08,4.357831e+16,4.528665e+23,0,18
4.106219e+08,4.267934e+16,4.569650e+23,0,23
2.645730e+08,1.745179e+16,1.429617e+23,1,57
3.740354e+08,3.589500e+16,3.544150e+23,0,46
3.487983e+08,3.028188e+16,3.404486e+23,0,44
3.323069e+08,2.858101e+16,3.733818e+23,1,59
3.383001e+08,2.912358e+16,2.746449e+23,2,102
3.336841e+08,2.666560e+16,3.367663e+23,0,9
3.076183e+08,2.315795e+16,2.298457e+23,1,77
3.223321e+08,2.541414e+16,2.475036e+23,3,77
3.560361e+08,3.200485e+16,3.275605e+23,0,7
3.899597e+08,3.852929e+16,3.687519e+23,0,28
3.448405e+08,3.013976e+16,2.848431e+23,1,71
3.377209e+08,2.875223e+16,2.858283e+23,0,40
3.601685e+08,3.290142e+16,2.673510e+23,0,62
3.002343e+08,2.270216e+16,2.603417e+23,1,42
3.096876e+08,2.380357e+16,2.469326e+23,3,58
3.992559e+08,3.932022e+16,5.350250e+23,1,35
2.771949e+08,1.781963e+16,1.232370e+23,0,89
4.283934e+08,4.713394e+16,4.955624e+23,0,20
3.765048e+08,3.536191e+16,3.525154e+23,0,14
3.888397e+08,3.851612e+16,3.193013e+23,3,100
4.133972e+08,4.233403e+16,5.376337e+23,2,47
3.388449e+08,2.923653e+16,2.810078e+23,3,69
3.568333e+08,3.137884e+16,2.916793e+23,3,61
2.169914e+08,1.263509e+16,1.348929e+23,2,81
3.638843e+08,3.351428e+16,3.498419e+23,1,90
3.708190e+08,3.443588e+16,3.615507e+23,1,45
3.374547e+08,2.805719e+16,2.782653e+23,2,82
4.352327e+08,4.863371e+16,3.816487e+23,2,86
3.160934e+08,2.438928e+16,2.941533e+23,0,64
2.229627e+08,1.360725e+16,1.452854e+23,3,81
3.988992e+08,4.015346e+16,4.104856e+23,1,12
3.980905e+08,4.006123e+16,4.837035e+23,3,99
3.765387e+08,3.468318e+16,4.094359e+23,1,87
4.019948e+08,4.041767e+16,5.678397e+23,1,36
3.624837e+08,3.324475e+16,2.800128e+23,2,62
2.479706e+08,1.569303e+16,1.155139e+23,2,89
2.955392e+08,2.231342e+16,2.466730e+23,3,80
3.730377e+08,3.478202e+16,4.494552e+23,3,85
3.886784e+08,3.668425e+16,4.468498e+23,0,87
2.402001e+08,1.424474e+16,1.315730e+23,1,53
2.522311e+08,1.729867e+16,1.946302e+23,3,93
3.566889e+08,3.181133e+16,3.694661e+23,2,93
3.479493e+08,2.985217e+16,2.956729e+23,3,84
3.677445e+08,3.379139e+16,3.931880e+23,0,65
4.271166e+08,4.496921e+16,6.088787e+23,1,56
3.040873e+08,2.456338e+16,3.087564e+23,2,59
3.073502e+08,2.299171e+16,2.384310e+23,2,50
5.585850e+08,8.184433e+16,1.493620e+24,2,76
4.152648e+08,4.434112e+16,4.425518e+23,0,95
3.301683e+08,2.773840e+16,2.741477e+23,1,96
3.706191e+08,3.441517e+16,3.497817e+23,0,25
2.966798e+08,2.228225e+16,2.036808e+23,0,102
3.495311e+08,3.069843e+16,3.226352e+23,3,48
1.870516e+08,9.367011e+15,8.981324e+22,1,66
3.679956e+08,3.385993e+16,3.303987e+23,2,52
3.742145e+08,3.526356e+16,4.073408e+23,0,21
3.596669e+08,3.226740e+16,3.161236e+23,0,52
3.328697e+08,2.783861e+16,2.436229e+23,1,68
2.163076e+08,1.178879e+16,9.480815e+22,2,83
3.764064e+08,3.540257e+16,3.196124e+23,3,60
2.865253e+08,1.941940e+16,2.227492e+23,0,19
3.858330e+08,3.773761e+16,2.993546e+23,2,100
4.002730e+08,4.141418e+16,5.914449e+23,1,67
3.394851e+08,2.920160e+16,2.734426e+23,2,71
3.952789e+08,3.937010e+16,3.981495e+23,0,12
3.290418e+08,2.441524e+16,2.481775e+23,3,70
3.635301e+08,3.287313e+16,4.554186e+23,3,55
3.495606e+08,3.062375e+16,3.014073e+23,1,5
3.273526e+08,2.705980e+16,2.797116e+23,1,92
3.005205e+08,2.152471e+16,2.515302e+23,3,64
3.664453e+08,3.409748e+16,3.492218e+23,1,25
3.636990e+08,3.309586e+16,3.475028e+23,2,48
3.421396e+08,2.889407e+16,3.498749e+23,1,10
3.298190e+08,2.362735e+16,2.239341e+23,2,70
3.472685e+08,2.947602e+16,3.249452e+23,0,4
3.602404e+08,3.227935e+16,2.979327e+23,0,84
3.519935e+08,2.965486e+16,3.491776e+23,0,30
2.828981e+08,1.998749e+16,1.820894e+23,3,103
3.178589e+08,2.471352e+16,2.991658e+23,1,64
3.750455e+08,3.541416e+16,3.376316e+23,1,0
2.629999e+08,1.741070e+16,1.891157e+23,1,54
3.343546e+08,2.835439e+16,2.767000e+23,0,96
4.726323e+08,5.588606e+16,7.669127e+23,1,73
3.696765e+08,3.428171e+16,3.171969e+23,0,0
3.168670e+08,2.516629e+16,2.441195e+23,0,39
3.570213e+08,3.254564e+16,3.344719e+23,1,76
3.899782e+08,3.846612e+16,3.189195e+23,1,74
3.037651e+08,2.285595e+16,2.474465e+23,1,91
3.706106e+08,3.435176e+16,3.152008e+23,1,104
2.862885e+08,2.051449e+16,2.042388e+23,0,66
3.791080e+08,3.575013e+16,3.613125e+23,1,52
4.301112e+08,4.649108e+16,4.407149e+23,0,49
3.583514e+08,3.181396e+16,3.039736e+23,1,61
3.649454e+08,3.370261e+16,2.824153e+23,1,62
3.850051e+08,3.608549e+16,4.349925e+23,2,87
3.912430e+08,3.866817e+16,3.142574e+23,3,74
2.889306e+08,2.226877e+16,2.371520e+23,0,80
3.381188e+08,2.843112e+16,2.877389e+23,2,92
3.340715e+08,2.828375e+16,2.817721e+23,0,5
4.751297e+08,5.789689e+16,5.101847e+23,0,86
5.031357e+08,6.252743e+16,9.204873e+23,2,73
3.889848e+08,3.755698e+16,4.498745e+23,0,47
3.150952e+08,2.607456e+16,2.478642e+23,3,76
4.320759e+08,4.789554e+16,3.969886e+23,1,86
2.721218e+08,1.810497e+16,1.541141e+23,3,83
3.286383e+08,2.672584e+16,2.781535e+23,1,51
4.179967e+08,4.428381e+16,5.191693e+23,0,72
3.699011e+08,3.411577e+16,3.112297e+23,1,41
3.091587e+08,2.416671e+16,2.038506e+23,0,83
2.661530e+08,1.762040e+16,1.886061e+23,2,54
2.912144e+08,2.114987e+16,2.106117e+23,3,66
4.557720e+08,5.253679e+16,6.115051e+23,0,13
3.341279e+08,2.787367e+16,2.748127e+23,0,92
2.963445e+08,2.099136e+16,2.360654e+23,2,78
3.057845e+08,2.284527e+16,2.593999e+23,0,38
3.278716e+08,2.601527e+16,2.706181e+23,0,34
3.883023e+08,3.895234e+16,5.393929e+23,3,67
3.953162e+08,3.827303e+16,5.423602e+23,1,85
2.883783e+08,1.934307e+16,1.663764e+23,0,103
2.525103e+08,1.383616e+16,1.209482e+23,0,77
3.572896e+08,3.144740e+16,3.247408e+23,0,45
4.026083e+08,4.174326e+16,4.157123e+23,2,95
3.250875e+08,2.662946e+16,2.425725e+23,0,68
