2.809131e+06,5.334829e+11,2.134862e+16,8.207334e+06,3.825181e+12,3.270467e+17,7.927239e+06,3.185196e+12,2.599751e+17,2.590968e+06,5.579411e+11,2.463154e+16,2,76,N,N
1.969448e+06,1.976608e+11,1.723656e+15,3.962518e+06,1.066389e+12,5.637401e+16,4.853992e+06,1.453166e+12,8.215487e+16,1.878196e+06,2.486977e+11,6.764348e+15,1,41,N,N
2.095626e+06,2.921577e+11,4.223398e+15,4.528922e+06,1.312961e+12,6.621431e+16,5.318929e+06,1.361368e+12,7.519220e+16,2.429386e+06,3.911276e+11,1.342335e+16,0,46,N,N
1.801820e+06,2.368415e+11,4.025666e+15,3.353144e+06,1.147394e+12,5.083591e+16,4.561612e+06,1.237724e+12,6.075777e+16,2.101678e+06,3.091200e+11,9.211581e+15,2,96,N,N
1.693968e+06,2.058788e+11,2.877801e+15,3.760153e+06,1.250565e+12,6.753437e+16,3.927023e+06,1.246116e+12,6.604355e+16,1.439887e+06,2.312678e+11,8.742630e+15,0,58,N,N
2.389491e+06,3.658416e+11,5.514961e+15,4.902101e+06,1.164763e+12,6.168635e+16,5.164711e+06,1.563539e+12,8.990042e+16,1.909899e+06,3.346436e+11,1.064757e+16,1,103,N,N
1.775925e+06,2.965543e+11,6.341998e+15,3.801970e+06,1.224404e+12,7.395694e+16,3.955511e+06,1.234058e+12,6.989290e+16,1.771485e+06,3.307682e+11,1.303745e+16,2,55,N,N
2.600948e+06,3.411558e+11,2.742944e+15,4.314049e+06,9.853332e+11,4.857705e+16,4.804575e+06,1.480919e+12,8.516762e+16,1.970523e+06,2.976669e+11,8.950667e+15,2,84,N,N
2.304383e+06,2.794351e+11,2.381662e+15,4.519862e+06,8.447055e+11,3.843468e+16,5.305007e+06,1.586417e+12,9.966747e+16,2.040661e+06,3.348646e+11,1.168254e+16,0,29,N,N
2.089223e+06,2.522651e+11,2.438705e+15,4.264281e+06,1.149918e+12,6.052840e+16,4.376445e+06,1.438155e+12,7.768318e+16,1.563140e+06,2.438461e+11,7.903690e+15,0,52,N,N
2.443949e+06,3.339676e+11,5.894713e+15,4.048249e+06,1.231696e+12,7.052903e+16,4.334752e+06,1.349763e+12,8.752822e+16,2.122380e+06,4.571294e+11,1.622275e+16,2,80,N,N
2.081310e+06,2.755248e+11,3.232449e+15,3.412907e+06,1.034010e+12,5.319878e+16,3.691406e+06,1.122136e+12,6.293917e+16,1.813840e+06,3.089671e+11,1.153406e+16,2,65,N,N
1.680994e+06,2.888185e+11,7.634506e+15,3.874645e+06,1.321384e+12,7.667340e+16,4.031575e+06,1.284929e+12,7.439102e+16,1.771293e+06,3.269278e+11,1.309834e+16,3,55,N,N
2.434353e+06,3.031371e+11,3.243384e+15,3.754616e+06,1.156954e+12,5.330846e+16,4.875071e+06,1.247730e+12,6.552587e+16,2.157685e+06,2.972479e+11,5.301187e+15,3,68,N,N
1.859415e+06,2.270961e+11,3.213577e+15,4.143584e+06,1.410832e+12,8.105108e+16,4.927015e+06,1.307941e+12,7.782611e+16,2.209788e+06,4.082257e+11,1.657845e+16,0,47,N,N
2.483825e+06,3.552477e+11,5.542993e+15,4.589413e+06,1.007153e+12,4.923204e+16,5.269284e+06,1.532710e+12,8.441469e+16,2.108344e+06,2.642161e+11,6.453420e+15,0,15,N,N
1.428941e+06,1.830134e+11,4.422658e+15,4.855957e+06,1.303685e+12,7.119814e+16,5.553138e+06,1.574177e+12,8.672758e+16,1.847193e+06,3.116641e+11,7.929544e+15,1,76,N,N
1.350574e+06,1.471743e+11,2.795027e+15,2.975524e+06,1.016444e+12,4.489529e+16,3.565468e+06,1.307928e+12,6.803387e+16,1.553331e+06,2.475177e+11,6.752706e+15,3,91,N,N
1.689488e+06,2.531956e+11,7.217692e+15,5.447877e+06,1.563430e+12,9.088459e+16,5.442759e+06,1.690536e+12,9.797084e+16,1.723458e+06,2.758672e+11,6.591180e+15,0,76,N,N
2.568638e+06,3.116264e+11,2.989981e+15,4.361418e+06,1.059733e+12,5.341226e+16,4.376837e+06,1.232378e+12,6.431602e+16,1.775587e+06,2.746889e+11,8.251373e+15,1,62,N,N
1.717072e+06,1.544935e+11,1.227829e+15,2.584679e+06,6.952842e+11,3.286333e+16,2.946801e+06,1.229892e+12,6.239793e+16,1.307811e+06,1.718068e+11,5.217556e+15,0,75,N,N
1.633945e+06,2.561042e+11,5.457513e+15,3.637250e+06,1.097986e+12,5.765653e+16,4.239421e+06,1.367019e+12,8.329276e+16,1.785294e+06,3.186579e+11,1.166134e+16,1,55,N,N
1.742479e+06,2.379911e+11,4.223575e+15,3.415215e+06,1.189912e+12,5.293306e+16,4.487555e+06,1.215191e+12,5.848818e+16,1.998826e+06,2.766047e+11,7.841581e+15,3,96,N,N
1.825898e+06,1.977714e+11,1.649446e+15,4.150944e+06,1.024562e+12,5.225381e+16,4.432009e+06,1.361880e+12,7.307276e+16,1.779310e+06,2.483676e+11,6.198117e+15,0,57,N,N
1.997021e+06,2.625450e+11,3.631963e+15,3.752056e+06,1.063746e+12,5.325580e+16,4.255105e+06,1.146950e+12,6.287449e+16,1.714536e+06,3.023496e+11,1.028209e+16,1,82,N,N
2.006112e+06,2.594215e+11,2.346922e+15,3.022197e+06,8.163261e+11,3.823149e+16,3.904249e+06,1.433706e+12,7.297897e+16,1.824258e+06,2.385718e+11,5.010344e+15,0,39,N,N
1.744855e+06,1.889366e+11,1.827249e+15,3.220702e+06,9.859825e+11,5.077996e+16,3.921253e+06,1.615942e+12,7.784048e+16,1.311702e+06,1.921149e+11,4.264770e+15,1,66,N,N
2.325085e+06,2.646025e+11,2.174710e+15,4.576715e+06,1.022707e+12,5.214351e+16,5.025921e+06,1.494452e+12,8.282676e+16,1.831659e+06,2.902280e+11,1.035097e+16,0,63,N,N
1.214790e+06,1.611690e+11,5.508356e+15,3.415065e+06,1.266586e+12,6.412338e+16,3.908933e+06,1.117618e+12,5.914259e+16,1.671350e+06,2.713274e+11,6.815798e+15,0,81,N,N
2.524034e+06,4.049815e+11,6.286748e+15,4.155069e+06,1.326470e+12,7.114607e+16,6.020550e+06,1.471041e+12,8.736081e+16,2.112058e+06,4.311896e+11,1.401609e+16,1,98,N,N
2.363403e+06,3.335176e+11,5.838274e+15,4.752066e+06,1.497204e+12,8.597769e+16,4.113801e+06,8.432195e+11,3.902449e+16,1.894185e+06,2.676516e+11,7.419524e+15,2,79,N,N
1.675040e+06,2.161476e+11,2.876768e+15,3.852222e+06,1.039845e+12,5.146490e+16,4.266304e+06,1.359363e+12,7.276244e+16,1.481985e+06,1.964664e+11,6.504970e+15,3,48,N,N
2.903595e+06,3.814544e+11,3.360044e+15,5.605553e+06,1.181700e+12,5.552332e+16,7.114247e+06,1.615928e+12,8.744413e+16,2.751799e+06,4.679698e+11,1.554057e+16,2,86,N,N
2.022450e+06,2.406598e+11,2.432342e+15,4.121830e+06,1.290164e+12,6.041094e+16,4.843971e+06,1.050516e+12,5.162004e+16,2.298739e+06,3.592195e+11,1.098854e+16,0,27,N,N
2.349459e+06,2.837568e+11,3.027617e+15,4.815779e+06,1.298041e+12,7.301891e+16,4.594044e+06,1.116471e+12,5.885600e+16,1.864737e+06,2.879015e+11,9.519843e+15,3,79,N,N
2.674792e+06,3.493602e+11,3.185329e+15,5.299231e+06,1.106147e+12,5.425154e+16,5.159470e+06,1.489446e+12,8.403455e+16,2.173663e+06,3.317056e+11,9.093411e+15,0,26,N,N
1.657791e+06,1.821144e+11,1.998909e+15,4.107318e+06,1.027438e+12,5.272926e+16,4.577374e+06,1.535096e+12,8.274774e+16,1.673003e+06,2.881511e+11,7.025002e+15,1,61,N,N
1.780815e+06,2.198744e+11,2.641110e+15,4.087515e+06,1.263730e+12,6.889801e+16,4.822806e+06,1.297554e+12,7.894474e+16,2.165119e+06,3.930807e+11,1.605885e+16,1,47,N,N
2.177478e+06,3.356563e+11,5.724321e+15,3.353229e+06,1.245030e+12,7.940592e+16,2.849482e+06,1.065521e+12,6.170346e+16,1.403690e+06,2.441247e+11,1.049838e+16,1,97,N,N
2.318736e+06,2.788955e+11,2.420899e+15,4.131767e+06,1.146349e+12,5.414729e+16,4.751086e+06,1.304653e+12,7.124128e+16,1.972574e+06,3.395586e+11,1.131566e+16,0,0,N,N
2.216414e+06,2.762388e+11,3.340336e+15,4.728404e+06,1.096714e+12,5.493686e+16,5.352518e+06,1.487073e+12,8.185521e+16,2.146437e+06,3.429007e+11,1.009493e+16,2,104,N,N
1.608734e+06,1.568680e+11,1.523021e+15,2.660721e+06,7.578052e+11,3.561446e+16,2.727260e+06,1.065336e+12,5.392716e+16,1.210663e+06,1.532454e+11,4.542049e+15,3,75,N,N
1.189423e+06,1.433906e+11,2.899655e+15,3.488283e+06,1.138931e+12,5.972209e+16,3.943132e+06,1.216562e+12,6.557237e+16,1.476661e+06,2.127596e+11,5.964669e+15,2,51,N,N
2.509245e+06,4.080011e+11,5.484890e+15,4.110809e+06,9.706247e+11,4.759873e+16,4.265895e+06,1.284176e+12,7.135960e+16,1.716116e+06,2.716529e+11,1.020562e+16,3,90,N,N
1.580086e+06,1.610544e+11,2.002486e+15,3.322361e+06,1.132804e+12,5.214524e+16,3.774535e+06,1.138505e+12,6.180468e+16,1.543363e+06,2.370418e+11,5.771535e+15,3,77,N,N
2.479317e+06,3.074671e+11,3.661190e+15,4.438135e+06,9.351545e+11,4.687056e+16,4.886378e+06,1.577134e+12,8.650844e+16,1.940264e+06,3.207474e+11,1.115799e+16,0,31,N,N
2.138549e+06,2.501094e+11,2.251704e+15,3.238576e+06,1.006051e+12,4.748732e+16,4.126963e+06,1.252020e+12,6.146076e+16,1.833853e+06,2.538540e+11,6.501626e+15,1,5,N,N
2.457002e+06,3.426210e+11,4.610297e+15,3.590777e+06,1.191861e+12,6.592359e+16,4.515725e+06,1.265488e+12,7.459481e+16,2.236896e+06,4.193693e+11,1.276220e+16,3,99,N,N
1.047359e+06,1.234012e+11,3.397018e+15,2.834435e+06,1.080273e+12,5.631349e+16,3.664742e+06,1.087619e+12,5.487349e+16,1.789555e+06,2.149867e+11,5.384066e+15,0,42,N,N
1.741909e+06,2.314457e+11,4.433538e+15,4.922016e+06,1.518641e+12,8.643581e+16,5.112278e+06,1.319967e+12,7.462606e+16,2.179168e+06,4.100326e+11,1.524741e+16,0,70,N,N
2.495426e+06,3.630458e+11,6.617698e+15,4.113469e+06,1.243028e+12,7.174725e+16,4.417858e+06,1.337841e+12,8.610987e+16,1.867175e+06,3.425169e+11,9.953022e+15,1,80,N,N
2.466640e+06,3.297140e+11,3.525209e+15,3.583071e+06,1.050832e+12,5.605403e+16,4.034665e+06,1.344058e+12,7.594924e+16,1.832527e+06,2.723128e+11,8.366691e+15,1,34,N,N
2.064096e+06,2.691277e+11,3.245636e+15,3.381935e+06,9.762514e+11,5.325012e+16,3.461129e+06,1.173914e+12,6.659847e+16,1.606234e+06,2.291223e+11,8.101777e+15,3,93,N,N
1.856268e+06,2.430444e+11,3.550734e+15,3.327203e+06,1.147097e+12,6.144402e+16,3.818023e+06,1.152247e+12,6.447980e+16,1.865528e+06,2.846765e+11,1.025719e+16,0,93,N,N
2.252745e+06,3.224525e+11,3.508368e+15,4.041778e+06,1.094742e+12,5.780907e+16,4.771496e+06,1.554071e+12,9.723421e+16,1.967838e+06,3.219601e+11,8.946024e+15,0,6,N,N
2.383695e+06,3.327845e+11,3.246987e+15,4.602587e+06,1.212779e+12,6.212661e+16,5.292853e+06,1.416816e+12,8.534697e+16,2.014840e+06,3.640968e+11,1.433902e+16,0,18,N,N
1.380132e+06,1.671857e+11,3.327023e+15,3.599730e+06,1.123667e+12,6.011756e+16,3.786202e+06,1.333462e+12,7.543404e+16,1.442311e+06,2.048278e+11,4.769816e+15,0,50,N,N
2.399986e+06,3.630470e+11,4.486660e+15,5.315846e+06,1.182712e+12,5.913132e+16,6.146328e+06,1.540938e+12,8.610142e+16,2.207745e+06,3.528640e+11,1.164821e+16,2,101,N,N
2.447235e+06,3.280226e+11,3.395604e+15,5.042475e+06,1.046860e+12,4.655529e+16,5.599802e+06,1.507944e+12,8.344933e+16,2.115342e+06,3.700966e+11,1.252815e+16,3,74,N,N
9.381213e+05,1.011429e+11,2.880875e+15,3.117802e+06,1.233132e+12,5.552558e+16,3.666529e+06,1.075076e+12,5.530146e+16,1.482993e+06,1.899506e+11,3.986127e+15,3,54,N,N
1.391063e+06,1.505266e+11,2.897123e+15,3.460426e+06,1.274611e+12,5.737517e+16,3.923159e+06,1.009337e+12,5.139302e+16,1.634864e+06,2.732652e+11,6.750021e+15,1,77,N,N
1.431859e+06,1.586167e+11,2.573732e+15,3.030180e+06,9.045882e+11,3.928236e+16,3.511484e+06,1.351999e+12,7.188371e+16,1.424797e+06,2.003901e+11,5.341795e+15,0,91,N,N
2.803292e+06,3.676543e+11,3.756749e+15,4.349993e+06,1.007764e+12,4.785334e+16,4.690365e+06,1.476829e+12,8.308157e+16,1.795633e+06,2.728917e+11,8.177964e+15,2,62,N,N
1.240534e+06,1.796044e+11,6.858968e+15,3.370676e+06,1.333261e+12,6.461676e+16,3.832811e+06,1.076098e+12,5.727173e+16,1.697238e+06,2.705863e+11,7.358407e+15,2,81,N,N
1.783324e+06,2.070002e+11,2.805566e+15,3.339819e+06,1.037933e+12,5.053427e+16,4.260828e+06,1.319439e+12,7.542331e+16,1.776913e+06,2.757680e+11,7.925572e+15,2,92,N,N
1.851469e+06,2.217151e+11,2.634000e+15,3.247992e+06,9.337016e+11,4.217221e+16,3.862797e+06,1.229735e+12,6.772020e+16,1.514904e+06,2.513100e+11,9.801468e+15,1,58,N,N
2.481601e+06,3.819170e+11,4.858710e+15,4.241805e+06,8.992310e+11,4.403153e+16,4.476485e+06,1.459661e+12,8.106814e+16,1.871789e+06,3.097826e+11,1.129429e+16,0,90,N,N
2.022198e+06,2.739746e+11,4.520662e+15,4.080473e+06,1.387989e+12,7.666897e+16,4.859499e+06,1.431190e+12,8.140461e+16,2.345803e+06,5.105917e+11,2.009999e+16,3,73,N,N
1.444310e+06,1.436924e+11,1.833297e+15,2.853828e+06,1.106964e+12,5.250239e+16,3.316856e+06,1.035616e+12,5.312067e+16,1.851866e+06,3.767338e+11,1.546851e+16,1,78,N,N
3.148962e+06,4.902609e+11,5.530240e+15,5.465225e+06,1.109104e+12,5.578335e+16,5.493044e+06,1.596713e+12,9.711666e+16,2.024995e+06,3.365707e+11,1.279880e+16,2,49,N,N
1.399891e+06,2.487955e+11,1.185884e+16,4.540304e+06,2.020744e+12,1.268676e+17,6.222661e+06,1.519119e+12,9.049134e+16,2.608031e+06,4.754220e+11,1.477531e+16,1,67,N,N
2.334295e+06,2.613346e+11,2.694134e+15,3.390212e+06,9.291047e+11,4.838708e+16,4.042414e+06,1.414010e+12,7.899236e+16,1.786545e+06,2.799459e+11,9.156131e+15,0,34,N,N
1.952987e+06,2.233186e+11,2.332988e+15,3.953514e+06,8.856988e+11,3.946793e+16,4.808056e+06,1.502949e+12,7.956783e+16,1.695437e+06,2.776096e+11,8.687988e+15,0,71,N,N
1.255971e+06,1.462048e+11,2.326372e+15,2.441867e+06,8.488938e+11,4.137064e+16,2.857533e+06,1.069702e+12,5.562877e+16,1.336893e+06,2.048204e+11,6.566430e+15,3,64,N,N
2.203399e+06,2.598561e+11,2.890610e+15,4.505251e+06,1.053807e+12,5.260412e+16,5.327275e+06,1.524697e+12,9.252216e+16,2.069203e+06,3.199517e+11,8.920152e+15,3,104,N,N
1.542085e+06,1.500918e+11,1.530665e+15,2.821256e+06,8.736183e+11,4.296282e+16,3.104583e+06,1.183888e+12,6.070780e+16,1.310785e+06,1.803391e+11,5.416389e+15,2,75,N,N
1.738784e+06,2.028591e+11,2.298477e+15,2.980374e+06,9.402959e+11,4.659156e+16,3.382660e+06,1.275723e+12,6.145961e+16,1.371494e+06,1.924132e+11,4.325689e+15,3,66,N,N
2.193786e+06,2.656186e+11,3.149115e+15,4.735098e+06,1.044599e+12,5.152969e+16,5.609447e+06,1.603945e+12,8.606025e+16,1.878321e+06,2.842284e+11,6.967846e+15,0,89,N,N
1.162502e+06,1.186719e+11,2.230557e+15,3.099741e+06,1.064150e+12,5.112032e+16,3.689291e+06,1.279384e+12,5.958554e+16,1.423682e+06,1.670864e+11,4.185886e+15,0,32,N,N
1.995098e+06,2.261982e+11,2.080269e+15,3.637568e+06,9.298930e+11,3.710169e+16,4.336301e+06,1.272870e+12,6.843043e+16,1.769770e+06,2.632445e+11,9.201624e+15,0,102,N,N
2.484128e+06,3.944390e+11,5.504232e+15,4.793381e+06,1.150765e+12,5.942947e+16,5.313460e+06,1.670543e+12,1.028955e+17,1.955346e+06,3.487914e+11,1.111154e+16,2,103,N,N
1.701710e+06,1.958946e+11,3.082229e+15,3.487651e+06,1.269634e+12,6.200132e+16,4.028711e+06,8.813579e+11,3.944461e+16,1.831326e+06,2.563814e+11,6.925292e+15,0,5,N,N
1.490957e+06,1.896571e+11,4.660485e+15,4.037508e+06,1.574486e+12,9.201461e+16,3.986390e+06,1.308359e+12,7.115357e+16,1.491989e+06,2.146939e+11,5.872764e+15,1,59,N,N
1.883812e+06,2.684142e+11,5.056767e+15,3.214248e+06,1.259375e+12,7.595902e+16,2.846183e+06,1.041451e+12,6.193636e+16,1.423780e+06,2.489815e+11,1.049703e+16,3,97,N,N
2.173383e+06,3.259429e+11,5.948942e+15,3.373359e+06,1.276500e+12,8.054430e+16,2.891804e+06,1.076553e+12,6.386179e+16,1.415315e+06,2.395009e+11,1.007945e+16,0,97,N,N
2.223615e+06,2.572854e+11,2.066410e+15,5.225153e+06,1.120889e+12,5.912469e+16,5.307497e+06,1.445215e+12,8.297251e+16,2.181993e+06,3.815818e+11,1.114529e+16,1,88,N,N
1.753101e+06,1.943534e+11,2.051499e+15,2.916847e+06,8.215599e+11,3.617470e+16,3.594704e+06,1.472772e+12,7.210039e+16,1.347727e+06,1.847021e+11,4.081181e+15,0,66,N,N
1.552889e+06,1.938689e+11,3.066995e+15,2.567003e+06,9.966706e+11,4.352863e+16,2.991223e+06,1.104799e+12,6.015427e+16,1.577672e+06,2.774554e+11,9.699125e+15,0,64,N,N
1.675644e+06,2.085073e+11,3.287492e+15,3.125831e+06,1.049062e+12,5.586790e+16,3.725265e+06,1.133842e+12,6.323553e+16,1.838828e+06,2.887928e+11,1.083129e+16,1,93,N,N
3.131098e+06,4.968977e+11,7.304438e+15,4.721233e+06,1.114076e+12,5.983820e+16,5.354192e+06,1.425451e+12,8.126950e+16,2.470160e+06,4.259041e+11,1.570766e+16,3,95,N,N
2.067414e+06,2.279757e+11,2.657854e+15,3.531520e+06,1.038853e+12,4.802096e+16,4.545976e+06,1.260052e+12,7.052415e+16,2.172139e+06,3.562293e+11,1.272388e+16,1,25,N,N
1.592186e+06,1.548521e+11,1.572636e+15,3.417938e+06,9.618029e+11,4.708668e+16,3.672593e+06,1.317995e+12,6.328193e+16,1.278781e+06,1.767837e+11,5.967630e+15,3,53,N,N
1.449237e+06,1.588368e+11,2.780755e+15,3.276267e+06,1.146030e+12,4.846988e+16,3.791404e+06,1.010427e+12,5.026499e+16,1.547375e+06,2.451333e+11,5.858172e+15,0,77,N,N
1.666177e+06,1.849381e+11,2.504381e+15,4.160434e+06,1.050166e+12,5.405083e+16,4.466068e+06,1.449769e+12,7.836802e+16,1.707060e+06,2.850447e+11,6.745457e+15,0,61,N,N
2.252316e+06,2.467103e+11,3.077467e+15,3.770823e+06,1.214830e+12,5.793924e+16,5.158389e+06,1.210828e+12,6.273964e+16,2.175366e+06,3.193330e+11,6.218705e+15,2,68,N,N
1.782317e+06,2.053768e+11,2.880517e+15,4.186557e+06,1.387578e+12,7.898017e+16,4.846909e+06,1.339496e+12,8.366137e+16,2.372969e+06,4.740119e+11,2.110693e+16,2,47,N,N
1.911133e+06,2.106431e+11,2.468588e+15,3.855821e+06,1.200956e+12,5.979675e+16,4.661837e+06,1.216120e+12,6.556844e+16,2.075181e+06,2.858441e+11,7.786138e+15,0,41,N,N
2.025674e+06,2.245720e+11,2.329883e+15,4.054591e+06,9.016843e+11,4.248819e+16,4.511538e+06,1.485763e+12,7.801090e+16,1.646375e+06,2.506981e+11,8.118165e+15,1,71,N,N
2.363094e+06,2.849509e+11,2.567380e+15,4.956658e+06,1.039730e+12,4.977768e+16,5.437698e+06,1.511048e+12,9.138046e+16,2.366811e+06,4.312696e+11,1.276799e+16,2,88,N,N
2.249048e+06,3.077048e+11,4.365117e+15,3.955404e+06,1.367289e+12,7.819398e+16,4.553628e+06,1.199892e+12,6.583146e+16,2.444848e+06,3.330032e+11,8.506737e+15,0,72,N,N
1.537698e+06,1.761668e+11,2.459648e+15,3.385195e+06,1.161738e+12,5.889516e+16,3.964783e+06,1.210032e+12,6.793066e+16,1.832416e+06,2.958381e+11,1.070375e+16,1,87,N,N
1.919172e+06,2.788743e+11,6.299974e+15,3.253865e+06,1.343443e+12,7.992808e+16,2.856485e+06,9.742016e+11,5.262430e+16,1.512718e+06,2.749710e+11,1.140513e+16,2,97,N,N
1.347025e+06,1.519535e+11,3.623892e+15,3.428569e+06,1.397745e+12,7.111409e+16,4.197240e+06,1.205035e+12,6.707915e+16,1.896721e+06,3.288909e+11,1.178556e+16,2,87,N,N
1.852444e+06,2.286242e+11,2.852664e+15,3.518640e+06,9.145219e+11,4.500221e+16,4.203189e+06,1.497332e+12,8.544440e+16,1.667488e+06,2.481482e+11,7.654809e+15,0,92,N,N
1.931105e+06,2.391812e+11,3.926915e+15,3.853075e+06,1.427304e+12,8.463477e+16,4.316083e+06,1.062004e+12,5.678837e+16,2.372691e+06,3.231119e+11,7.644393e+15,2,72,N,N
2.763663e+06,4.264128e+11,6.618712e+15,3.783143e+06,1.385742e+12,7.763811e+16,4.868964e+06,1.387393e+12,8.059404e+16,2.143046e+06,3.684896e+11,1.041076e+16,0,99,N,N
1.563259e+06,1.514905e+11,2.071095e+15,3.253428e+06,9.031998e+11,4.130947e+16,3.932632e+06,1.426939e+12,7.703232e+16,1.420056e+06,1.953487e+11,5.018773e+15,1,37,N,N
2.335621e+06,2.560906e+11,2.742971e+15,4.966038e+06,1.091715e+12,5.163089e+16,5.398071e+06,1.393153e+12,7.509156e+16,1.778173e+06,2.961035e+11,1.004802e+16,0,1,N,N
2.005486e+06,2.156901e+11,3.285478e+15,3.712323e+06,1.231789e+12,5.727288e+16,5.260466e+06,1.104317e+12,5.464800e+16,1.990065e+06,2.987980e+11,5.754484e+15,1,68,N,N
2.563848e+06,3.842994e+11,6.989919e+15,4.032642e+06,1.197138e+12,6.808803e+16,4.300277e+06,1.271774e+12,7.566343e+16,1.976736e+06,3.903483e+11,1.190658e+16,0,80,N,N
1.714917e+06,2.048719e+11,2.574593e+15,4.007069e+06,9.656519e+11,4.806277e+16,4.543456e+06,1.523170e+12,8.334807e+16,1.647438e+06,2.532921e+11,5.765460e+15,3,61,N,N
2.137811e+06,2.865137e+11,3.599543e+15,3.569488e+06,9.993677e+11,5.352975e+16,3.654021e+06,1.284505e+12,7.261369e+16,1.719656e+06,2.602262e+11,9.704196e+15,2,93,N,N
1.611376e+06,2.325650e+11,4.058799e+15,3.186407e+06,1.224691e+12,6.719133e+16,3.953952e+06,1.103578e+12,6.024114e+16,2.015548e+06,3.137021e+11,1.032686e+16,0,35,N,N
1.691508e+06,1.910109e+11,2.633437e+15,3.823425e+06,1.115767e+12,5.506703e+16,4.310881e+06,1.272403e+12,6.477576e+16,1.905469e+06,2.672346e+11,6.905094e+15,0,8,N,N
1.440033e+06,2.472787e+11,1.128333e+16,4.621084e+06,2.073681e+12,1.333741e+17,5.678841e+06,1.411396e+12,8.414718e+16,2.417466e+06,4.106825e+11,1.306366e+16,2,67,N,N
2.063710e+06,2.577918e+11,2.620783e+15,3.953567e+06,1.105441e+12,4.831970e+16,4.718000e+06,1.428781e+12,7.794908e+16,1.915008e+06,3.041922e+11,1.102361e+16,2,102,N,N
2.103594e+06,2.351678e+11,2.344318e+15,3.892204e+06,1.011569e+12,5.123146e+16,4.733109e+06,1.540267e+12,9.045361e+16,1.659443e+06,2.810108e+11,9.562114e+15,1,52,N,N
2.838344e+06,3.675288e+11,4.164826e+15,4.501869e+06,8.889086e+11,4.143101e+16,4.587975e+06,1.503722e+12,8.226346e+16,1.868489e+06,2.862129e+11,8.702790e+15,3,62,N,N
1.868257e+06,2.218903e+11,2.978597e+15,4.111930e+06,1.148917e+12,5.961081e+16,4.480861e+06,1.304376e+12,7.180810e+16,1.757932e+06,2.729941e+11,9.451587e+15,0,45,N,N
2.477645e+06,4.040351e+11,5.408255e+15,4.397363e+06,9.942557e+11,5.077632e+16,4.513804e+06,1.448796e+12,8.158206e+16,1.720993e+06,2.834892e+11,1.113099e+16,1,90,N,N
2.329359e+06,3.539921e+11,4.914918e+15,5.007626e+06,1.233969e+12,6.493699e+16,5.010873e+06,1.511882e+12,8.763637e+16,1.954296e+06,3.414295e+11,1.083533e+16,3,103,N,N
2.319531e+06,3.521469e+11,5.856254e+15,4.855938e+06,1.178774e+12,5.995612e+16,5.189828e+06,1.482083e+12,8.599416e+16,1.823178e+06,3.149441e+11,9.506767e+15,0,103,N,N
1.590484e+06,1.842839e+11,2.546304e+15,4.152023e+06,1.071455e+12,5.519725e+16,4.694249e+06,1.560414e+12,9.199109e+16,1.683652e+06,2.773834e+11,6.795258e+15,2,61,N,N
2.466952e+06,3.269875e+11,2.866336e+15,4.134160e+06,1.077793e+12,5.532086e+16,4.783798e+06,1.353364e+12,7.771542e+16,2.035182e+06,3.434763e+11,1.193928e+16,0,84,N,N
2.947674e+06,4.730096e+11,6.678707e+15,4.787412e+06,1.227413e+12,6.699480e+16,5.464251e+06,1.441185e+12,8.333076e+16,2.433765e+06,4.340536e+11,1.698727e+16,2,95,N,N
1.402446e+06,1.872123e+11,5.192096e+15,3.384165e+06,1.465402e+12,7.797115e+16,3.723295e+06,9.007964e+11,4.496228e+16,1.624506e+06,2.234716e+11,5.208585e+15,0,4,N,N
9.540373e+05,9.917068e+10,2.424884e+15,3.188212e+06,1.091274e+12,4.800946e+16,3.727516e+06,1.227660e+12,6.003231e+16,1.322540e+06,1.590292e+11,3.390734e+15,2,54,N,N
2.930147e+06,4.027349e+11,3.542976e+15,5.545041e+06,1.362176e+12,6.842540e+16,6.343329e+06,1.451509e+12,7.930288e+16,2.581275e+06,3.963611e+11,1.278892e+16,1,86,N,N
1.649249e+06,1.880505e+11,3.067245e+15,3.437953e+06,1.129223e+12,6.062695e+16,3.883213e+06,1.281110e+12,7.204881e+16,1.747171e+06,2.618545e+11,9.154107e+15,1,44,N,N
1.425385e+06,1.838998e+11,4.818048e+15,4.041919e+06,1.579199e+12,9.211334e+16,3.650865e+06,9.948106e+11,4.835320e+16,1.522658e+06,2.253135e+11,6.149878e+15,0,59,N,N
2.556308e+06,3.882414e+11,4.243498e+15,5.047754e+06,1.188263e+12,6.013165e+16,5.543053e+06,1.424742e+12,7.746691e+16,2.250760e+06,3.222030e+11,7.402889e+15,2,100,N,N
2.047236e+06,2.832165e+11,4.584391e+15,4.420687e+06,1.248846e+12,5.991119e+16,5.550433e+06,1.486347e+12,8.469991e+16,2.426442e+06,3.971251e+11,1.392415e+16,1,46,N,N
1.079782e+06,1.195543e+11,2.994316e+15,2.661548e+06,9.913741e+11,4.974781e+16,3.539514e+06,1.059829e+12,5.333153e+16,1.749447e+06,2.081201e+11,5.306152e+15,1,42,N,N
1.503402e+06,1.519316e+11,2.441569e+15,3.300391e+06,9.607222e+11,4.652382e+16,3.875843e+06,1.273170e+12,6.089609e+16,1.439081e+06,1.989800e+11,4.636277e+15,2,37,N,N
2.504832e+06,3.474324e+11,4.176863e+15,3.858301e+06,1.429300e+12,8.285053e+16,3.903955e+06,1.493238e+12,9.019365e+16,1.947292e+06,4.148707e+11,1.955759e+16,1,36,N,N
2.551655e+06,3.119451e+11,2.943023e+15,4.480473e+06,9.659805e+11,4.764717e+16,5.065351e+06,1.472874e+12,8.186069e+16,1.916148e+06,3.067633e+11,1.093935e+16,1,63,N,N
2.397514e+06,3.325081e+11,4.252517e+15,3.505236e+06,9.210158e+11,4.785599e+16,3.790133e+06,1.280260e+12,7.586717e+16,1.832887e+06,3.005961e+11,1.087817e+16,1,65,N,N
1.728783e+06,2.047777e+11,2.756408e+15,3.035385e+06,9.644745e+11,4.462242e+16,3.772692e+06,1.142203e+12,6.037427e+16,1.466830e+06,2.278299e+11,8.401592e+15,3,58,N,N
2.526672e+06,3.806513e+11,5.642056e+15,3.627181e+06,9.616330e+11,5.138062e+16,3.805720e+06,1.322828e+12,7.585180e+16,1.725687e+06,2.609696e+11,8.910101e+15,0,65,N,N
1.635075e+06,1.734036e+11,2.124526e+15,3.154828e+06,9.640365e+11,4.060602e+16,3.665256e+06,1.206390e+12,5.961094e+16,1.290462e+06,1.826597e+11,6.027156e+15,1,53,N,N
1.827422e+06,2.313038e+11,4.334444e+15,3.893257e+06,1.263847e+12,6.874773e+16,5.224503e+06,1.381504e+12,7.761103e+16,2.130693e+06,3.184510e+11,8.388477e+15,0,7,N,N
2.233388e+06,2.680709e+11,2.744979e+15,5.001035e+06,1.101799e+12,5.590143e+16,5.168563e+06,1.477529e+12,7.860808e+16,1.888737e+06,3.003040e+11,1.006943e+16,1,60,N,N
2.393794e+06,2.543434e+11,2.104157e+15,4.146123e+06,1.064265e+12,5.356250e+16,4.648718e+06,1.531938e+12,8.601133e+16,1.510031e+06,2.344226e+11,7.311731e+15,0,3,N,N
1.265591e+06,1.638544e+11,4.262074e+15,3.219390e+06,1.207312e+12,6.084265e+16,3.668355e+06,1.242814e+12,6.374792e+16,1.888169e+06,2.845205e+11,8.824867e+15,1,33,N,N
2.360713e+06,3.261141e+11,5.904587e+15,3.991331e+06,1.285710e+12,7.558085e+16,4.056080e+06,1.154490e+12,6.690562e+16,2.017153e+06,4.209821e+11,1.424483e+16,3,80,N,N
2.010617e+06,2.039174e+11,1.835624e+15,4.105463e+06,1.099691e+12,5.623860e+16,4.134349e+06,1.191210e+12,6.359562e+16,1.602902e+06,2.334092e+11,6.299522e+15,3,83,N,N
1.429412e+06,1.521342e+11,1.601297e+15,2.953326e+06,8.623853e+11,4.571559e+16,3.297247e+06,1.236895e+12,7.050286e+16,1.345121e+06,2.103066e+11,8.035445e+15,2,78,N,N
1.822287e+06,2.164543e+11,4.372768e+15,4.061331e+06,1.386650e+12,7.156728e+16,5.569733e+06,1.112237e+12,5.293549e+16,2.180061e+06,3.390988e+11,7.090527e+15,0,68,N,N
1.414636e+06,1.463915e+11,2.526876e+15,3.120397e+06,1.170218e+12,6.273115e+16,4.182518e+06,1.397412e+12,8.570021e+16,1.538560e+06,2.470017e+11,8.279301e+15,0,19,N,N
2.225454e+06,2.794700e+11,3.825926e+15,4.980140e+06,1.205991e+12,6.309428e+16,5.262841e+06,1.416559e+12,7.298659e+16,1.962337e+06,2.937391e+11,7.368835e+15,1,89,N,N
1.885125e+06,2.649739e+11,3.918099e+15,3.014599e+06,1.219663e+12,6.644464e+16,3.897851e+06,1.149446e+12,6.525907e+16,1.818260e+06,2.758937e+11,8.466556e+15,1,35,N,N
1.386471e+06,1.821624e+11,3.342451e+15,2.786102e+06,7.926671e+11,3.653521e+16,3.169033e+06,1.259662e+12,5.937091e+16,1.205238e+06,1.437699e+11,3.881587e+15,2,94,N,N
1.469010e+06,1.865779e+11,4.041689e+15,3.628052e+06,1.400571e+12,7.504553e+16,4.069237e+06,1.136385e+12,6.218099e+16,1.723716e+06,2.665570e+11,9.203904e+15,0,87,N,N
2.088747e+06,2.203459e+11,1.983464e+15,3.942147e+06,1.087359e+12,5.692377e+16,4.312935e+06,1.270827e+12,7.234665e+16,1.905367e+06,2.972597e+11,1.042713e+16,0,22,N,N
2.367381e+06,3.023942e+11,2.619062e+15,4.946021e+06,1.075712e+12,5.066316e+16,5.261137e+06,1.300138e+12,7.332813e+16,2.299115e+06,4.092136e+11,1.165953e+16,0,88,N,N
1.986902e+06,2.792479e+11,5.415912e+15,4.683990e+06,1.609644e+12,9.180376e+16,5.396833e+06,1.400687e+12,7.633204e+16,2.393423e+06,5.328442e+11,2.034896e+16,1,73,N,N
1.617198e+06,1.644770e+11,2.634243e+15,2.739688e+06,1.120321e+12,5.740741e+16,2.985092e+06,9.592059e+11,4.994983e+16,1.251916e+06,1.680128e+11,4.982902e+15,0,38,N,N
1.214983e+06,1.341114e+11,2.129579e+15,3.377195e+06,1.010266e+12,4.934010e+16,4.241684e+06,1.431473e+12,7.852029e+16,1.616399e+06,2.668857e+11,8.290593e+15,3,51,N,N
1.806863e+06,2.299832e+11,3.111158e+15,3.809070e+06,9.945106e+11,4.788694e+16,4.586846e+06,1.455158e+12,8.316168e+16,1.591310e+06,2.180592e+11,7.141167e+15,0,48,N,N
2.530436e+06,4.034601e+11,6.714579e+15,4.220473e+06,1.267300e+12,7.006920e+16,5.510060e+06,1.468321e+12,9.141886e+16,2.140961e+06,4.259016e+11,1.405072e+16,3,98,N,N
9.484399e+05,1.127401e+11,3.548971e+15,3.383378e+06,1.314611e+12,6.631451e+16,3.744337e+06,1.140849e+12,5.529270e+16,1.434017e+06,1.869698e+11,4.083354e+15,1,54,N,N
2.656166e+06,4.199100e+11,4.821321e+15,5.054243e+06,1.210391e+12,6.004465e+16,5.558071e+06,1.472142e+12,8.379086e+16,2.211341e+06,3.133533e+11,7.960148e+15,1,100,N,N
2.462780e+06,3.253307e+11,3.131539e+15,4.223402e+06,1.083284e+12,5.139941e+16,4.870859e+06,1.458325e+12,8.261424e+16,1.987396e+06,3.313944e+11,1.151005e+16,1,0,N,N
2.464702e+06,2.739646e+11,2.404238e+15,4.425161e+06,1.007332e+12,5.203113e+16,4.626687e+06,1.447759e+12,8.296497e+16,1.790010e+06,2.909794e+11,1.209897e+16,1,12,N,N
2.050443e+06,2.781482e+11,4.674488e+15,3.780888e+06,1.324936e+12,7.482076e+16,4.354349e+06,1.106263e+12,6.023307e+16,2.312569e+06,2.866137e+11,6.604991e+15,3,72,N,N
1.931316e+06,2.676998e+11,5.227141e+15,3.013225e+06,1.063339e+12,5.391054e+16,4.118902e+06,1.280130e+12,7.337623e+16,2.116943e+06,3.530072e+11,1.067989e+16,2,85,N,N
2.752826e+06,4.219447e+11,6.265009e+15,4.048296e+06,1.116871e+12,5.657079e+16,6.080438e+06,1.509560e+12,9.098065e+16,2.272044e+06,4.884601e+11,1.670652e+16,0,98,N,N
2.484084e+06,3.578467e+11,4.193470e+15,4.210011e+06,9.849321e+11,5.239570e+16,4.436813e+06,1.558530e+12,9.460794e+16,1.815987e+06,2.639657e+11,8.838376e+15,0,11,N,N
1.288733e+06,1.462454e+11,3.075316e+15,3.450237e+06,1.079665e+12,5.605250e+16,3.727423e+06,1.272530e+12,6.757663e+16,1.517378e+06,2.211846e+11,5.382601e+15,2,50,N,N
2.335454e+06,3.013531e+11,3.955211e+15,4.642436e+06,1.248226e+12,6.218305e+16,5.417393e+06,1.438134e+12,8.069759e+16,2.132798e+06,3.301753e+11,9.008798e+15,1,104,N,N
1.857422e+06,2.179794e+11,2.420701e+15,3.733322e+06,9.390321e+11,4.556139e+16,4.471570e+06,1.437771e+12,7.903223e+16,1.631796e+06,2.288765e+11,7.839198e+15,2,48,N,N
3.142418e+06,4.627193e+11,4.435898e+15,5.451033e+06,1.121097e+12,5.571115e+16,5.469163e+06,1.499490e+12,8.363965e+16,2.056429e+06,3.325298e+11,1.240629e+16,0,49,N,N
1.350723e+06,1.494202e+11,2.577363e+15,3.661642e+06,1.102352e+12,6.159773e+16,3.909931e+06,1.475538e+12,8.194940e+16,1.502303e+06,2.275336e+11,5.527256e+15,1,50,N,N
1.851212e+06,2.259305e+11,3.474463e+15,3.904992e+06,1.375841e+12,7.687210e+16,4.898315e+06,1.314604e+12,7.630850e+16,2.144081e+06,4.008626e+11,1.600518e+16,3,47,N,N
2.234322e+06,2.755916e+11,2.683275e+15,4.051174e+06,1.018954e+12,5.044471e+16,4.577939e+06,1.518390e+12,8.533687e+16,1.651653e+06,2.594758e+11,8.081144e+15,2,52,N,N
2.664667e+06,4.625653e+11,6.695421e+15,4.379316e+06,9.704667e+11,4.822565e+16,4.497057e+06,1.452479e+12,8.189871e+16,1.689939e+06,2.505262e+11,8.680747e+15,2,90,N,N
1.700991e+06,1.904454e+11,2.251148e+15,3.349408e+06,1.030852e+12,5.351823e+16,3.837404e+06,1.242746e+12,6.862428e+16,1.417023e+06,2.222750e+11,8.332264e+15,2,58,N,N
2.035379e+06,2.235823e+11,2.455411e+15,3.910116e+06,1.260433e+12,6.257750e+16,4.319109e+06,1.000585e+12,4.860145e+16,2.044809e+06,3.491713e+11,1.338795e+16,3,69,N,N
2.193581e+06,2.615107e+11,2.551497e+15,4.237356e+06,1.057411e+12,5.072295e+16,4.776135e+06,1.275016e+12,7.205695e+16,1.738951e+06,2.511789e+11,8.511018e+15,2,63,N,N
2.524228e+06,3.968909e+11,6.231841e+15,4.115576e+06,1.182898e+12,6.248691e+16,5.935725e+06,1.522388e+12,9.241590e+16,2.126648e+06,4.312165e+11,1.367823e+16,2,98,N,N
1.329577e+06,1.427203e+11,3.424605e+15,4.346664e+06,1.294190e+12,6.843723e+16,4.882870e+06,1.386695e+12,7.436977e+16,1.961378e+06,2.908524e+11,5.684478e+15,1,40,N,N
1.757579e+06,2.502984e+11,5.315666e+15,3.153835e+06,1.178748e+12,6.125285e+16,3.963781e+06,1.240205e+12,6.843198e+16,2.073252e+06,3.492650e+11,1.149658e+16,3,85,N,N
1.341247e+06,1.426597e+11,1.776034e+15,2.968003e+06,8.712015e+11,4.419484e+16,3.351412e+06,1.201168e+12,6.835458e+16,1.552208e+06,2.598077e+11,9.602708e+15,3,78,N,N
2.941007e+06,4.489737e+11,4.748941e+15,5.531900e+06,1.075165e+12,5.068625e+16,5.466772e+06,1.466619e+12,8.186766e+16,2.071849e+06,3.325755e+11,1.183560e+16,1,49,N,N
1.940208e+06,2.418452e+11,3.907898e+15,3.940789e+06,1.349544e+12,7.649144e+16,4.868385e+06,1.137794e+12,5.933669e+16,2.406369e+06,2.950773e+11,5.866652e+15,1,72,N,N
1.645890e+06,2.047428e+11,2.719102e+15,3.346873e+06,1.106104e+12,6.126415e+16,3.884448e+06,1.639811e+12,9.772489e+16,1.681390e+06,2.455359e+11,8.463993e+15,0,24,N,N
2.195892e+06,2.745883e+11,3.201036e+15,4.179876e+06,9.846527e+11,4.903025e+16,4.500099e+06,1.454398e+12,8.131976e+16,1.776675e+06,2.808259e+11,1.044473e+16,1,45,N,N
1.132375e+06,1.337586e+11,2.696690e+15,3.593585e+06,1.168991e+12,6.052260e+16,4.127400e+06,1.299307e+12,7.190050e+16,1.409254e+06,1.982315e+11,5.525295e+15,0,51,N,N
2.606437e+06,3.956829e+11,4.253814e+15,4.894325e+06,1.083387e+12,5.236040e+16,5.688605e+06,1.494653e+12,8.230482e+16,2.460621e+06,3.534854e+11,8.929789e+15,0,100,N,N
1.713868e+06,2.185512e+11,3.813589e+15,3.435308e+06,1.223565e+12,5.877050e+16,4.713489e+06,1.348071e+12,7.385509e+16,1.904478e+06,2.529990e+11,6.912094e+15,1,96,N,N
2.028997e+06,2.587078e+11,3.320024e+15,3.950414e+06,9.933631e+11,4.884430e+16,4.312302e+06,1.323585e+12,7.387182e+16,1.752508e+06,3.240250e+11,1.178627e+16,3,82,N,N
1.352308e+06,1.742255e+11,4.014253e+15,3.446903e+06,1.097091e+12,5.705978e+16,3.729149e+06,1.230656e+12,6.138371e+16,1.565953e+06,2.340627e+11,6.134815e+15,3,50,N,N
2.136581e+06,2.554077e+11,2.968681e+15,5.180982e+06,1.160573e+12,5.904253e+16,5.432951e+06,1.653843e+12,8.687576e+16,1.932073e+06,3.006516e+11,7.936058e+15,3,89,N,N
2.064549e+06,2.621019e+11,3.685979e+15,3.896032e+06,1.103566e+12,5.648934e+16,4.435135e+06,1.200211e+12,6.788323e+16,1.785568e+06,3.478103e+11,1.213899e+16,2,82,N,N
1.616049e+06,2.656510e+11,6.474719e+15,3.791313e+06,1.206287e+12,6.523807e+16,4.289450e+06,1.366777e+12,7.825163e+16,1.667829e+06,2.908177e+11,1.057871e+16,0,55,N,N
3.149365e+06,4.850703e+11,6.814410e+15,5.058914e+06,9.386922e+11,4.287803e+16,5.265971e+06,1.567916e+12,9.439505e+16,2.226554e+06,3.791240e+11,1.409859e+16,0,20,N,N
2.214753e+06,2.427225e+11,3.549680e+15,3.666711e+06,1.305555e+12,7.365877e+16,3.538232e+06,1.237596e+12,7.499659e+16,1.602875e+06,2.704037e+11,1.168893e+16,0,36,N,N
2.370003e+06,3.321145e+11,4.287232e+15,3.642987e+06,1.170339e+12,6.351544e+16,4.144498e+06,1.296168e+12,8.192022e+16,1.749507e+06,3.384901e+11,1.424827e+16,0,56,N,N
1.570373e+06,2.118294e+11,3.134638e+15,2.759408e+06,7.481017e+11,3.422408e+16,3.452210e+06,1.503632e+12,8.044106e+16,1.250365e+06,1.531296e+11,4.476715e+15,1,94,N,N
1.467393e+06,1.763247e+11,3.421467e+15,3.185340e+06,1.130965e+12,5.048675e+16,3.651035e+06,1.344623e+12,7.024305e+16,1.459727e+06,2.223180e+11,6.443489e+15,2,91,N,N
1.763128e+06,2.230383e+11,3.778740e+15,5.120549e+06,1.566734e+12,9.058304e+16,5.327289e+06,1.487946e+12,9.339541e+16,2.211180e+06,3.775325e+11,1.397202e+16,1,70,N,N
1.570724e+06,1.728458e+11,2.469035e+15,3.428108e+06,1.112655e+12,6.034629e+16,4.030739e+06,1.367214e+12,7.761749e+16,1.803938e+06,2.928975e+11,1.086010e+16,0,44,N,N
1.350819e+06,1.795854e+11,3.117254e+15,2.837871e+06,7.551278e+11,3.319075e+16,3.299124e+06,1.427913e+12,7.142166e+16,1.162996e+06,1.387828e+11,3.824847e+15,3,94,N,N
2.283200e+06,2.774493e+11,3.271575e+15,5.217700e+06,1.474457e+12,9.056920e+16,4.712576e+06,1.023578e+12,5.242944e+16,1.853243e+06,2.779127e+11,6.984686e+15,1,79,N,N
2.334323e+06,3.549511e+11,4.711848e+15,3.701629e+06,1.232473e+12,6.694351e+16,4.284438e+06,1.226971e+12,7.397917e+16,1.790537e+06,3.457173e+11,1.394969e+16,3,56,N,N
1.807717e+06,2.287638e+11,4.296995e+15,4.746232e+06,1.489407e+12,8.080987e+16,5.296726e+06,1.389491e+12,8.005927e+16,2.455352e+06,4.683287e+11,1.876394e+16,3,70,N,N
2.362268e+06,3.068998e+11,2.740192e+15,4.771660e+06,1.075265e+12,4.958449e+16,5.245000e+06,1.426076e+12,8.060446e+16,2.338431e+06,4.182431e+11,1.403572e+16,3,88,N,N
2.030036e+06,2.468514e+11,2.479462e+15,3.977104e+06,8.995041e+11,4.319524e+16,4.367922e+06,1.442385e+12,7.586531e+16,1.665017e+06,2.501500e+11,8.227158e+15,3,71,N,N
2.279661e+06,2.791509e+11,2.467545e+15,5.094165e+06,1.250525e+12,5.925596e+16,5.505296e+06,1.331968e+12,7.228365e+16,2.319339e+06,4.113002e+11,1.359859e+16,0,74,N,N
1.365896e+06,1.578629e+11,3.766413e+15,3.174529e+06,1.065730e+12,5.540642e+16,3.659928e+06,1.331541e+12,6.993284e+16,1.348406e+06,1.660103e+11,4.889221e+15,0,17,N,N
1.273666e+06,1.486522e+11,2.499498e+15,3.595347e+06,1.097358e+12,5.655206e+16,4.143957e+06,1.348535e+12,7.390083e+16,1.416432e+06,2.022465e+11,5.692215e+15,1,51,N,N
1.640362e+06,2.078679e+11,3.157864e+15,2.574334e+06,1.010224e+12,4.459967e+16,2.938287e+06,1.065744e+12,5.812054e+16,1.534634e+06,2.644461e+11,9.320459e+15,1,64,N,N
1.379700e+06,1.512593e+11,2.506642e+15,3.338592e+06,1.194559e+12,5.073423e+16,3.867459e+06,1.069289e+12,5.738835e+16,1.501595e+06,2.332225e+11,5.585535e+15,2,77,N,N
1.449965e+06,2.108885e+11,5.510714e+15,2.882916e+06,1.207000e+12,7.296441e+16,3.323563e+06,9.616965e+11,5.123454e+16,1.691327e+06,2.322463e+11,6.285295e+15,1,85,N,N
1.698922e+06,1.932468e+11,3.472161e+15,2.866944e+06,1.110373e+12,5.505266e+16,2.983052e+06,1.022125e+12,5.319220e+16,1.239139e+06,1.593497e+11,4.559698e+15,1,38,N,N
1.387168e+06,1.527592e+11,2.991489e+15,3.025229e+06,1.093081e+12,4.758041e+16,3.566137e+06,1.324195e+12,7.376958e+16,1.454082e+06,2.153089e+11,6.113156e+15,1,91,N,N
2.500609e+06,3.591256e+11,3.693139e+15,4.869336e+06,1.147517e+12,5.748691e+16,5.396821e+06,1.366514e+12,7.362648e+16,2.361842e+06,3.493484e+11,8.963785e+15,3,100,N,N
1.752225e+06,2.116946e+11,2.969897e+15,3.099840e+06,1.051736e+12,5.278676e+16,3.788230e+06,1.237429e+12,6.996058e+16,1.645745e+06,2.727034e+11,1.053471e+16,0,10,N,N
2.623810e+06,3.574972e+11,4.762918e+15,3.610409e+06,1.250124e+12,6.794459e+16,4.574546e+06,1.273215e+12,7.357918e+16,2.384317e+06,4.570789e+11,1.338022e+16,1,99,N,N
1.987523e+06,2.376619e+11,2.654377e+15,4.302878e+06,1.063128e+12,4.626079e+16,4.614418e+06,1.373103e+12,7.305125e+16,1.713532e+06,2.482455e+11,6.174903e+15,1,83,N,N
2.114180e+06,2.567626e+11,3.037414e+15,5.298043e+06,1.292673e+12,6.725886e+16,5.129285e+06,1.465870e+12,8.209419e+16,1.979559e+06,3.505439e+11,1.378694e+16,0,28,N,N
1.530862e+06,1.697152e+11,3.169032e+15,4.087344e+06,1.513690e+12,8.814930e+16,3.875504e+06,1.412635e+12,7.757512e+16,1.483450e+06,2.174190e+11,6.055234e+15,3,59,N,N
2.639734e+06,4.288084e+11,5.551153e+15,5.252610e+06,1.196414e+12,6.224382e+16,5.807755e+06,1.441664e+12,7.797502e+16,2.165113e+06,3.202635e+11,9.810917e+15,0,101,N,N
1.024668e+06,2.136321e+11,8.785377e+15,3.315461e+06,1.551024e+12,7.155335e+16,2.969639e+06,5.754272e+11,2.157263e+16,1.370754e+06,1.407628e+11,3.170128e+15,0,2,N,N
2.556954e+06,3.417895e+11,4.628429e+15,3.625700e+06,1.178418e+12,6.727480e+16,4.943975e+06,1.406722e+12,8.796803e+16,1.945431e+06,3.117697e+11,8.524755e+15,2,99,N,N
2.066203e+06,2.334895e+11,2.831648e+15,3.895173e+06,8.903006e+11,4.334243e+16,4.611879e+06,1.418173e+12,8.245417e+16,1.825647e+06,3.322094e+11,1.027029e+16,0,14,N,N
2.414211e+06,3.130536e+11,2.418143e+15,4.311360e+06,1.120632e+12,5.840253e+16,4.633770e+06,1.382698e+12,7.873259e+16,2.016359e+06,3.406984e+11,1.253029e+16,1,84,N,N
1.612285e+06,1.835800e+11,2.577804e+15,3.340639e+06,1.031035e+12,5.123546e+16,4.146061e+06,1.303578e+12,7.387391e+16,1.642314e+06,2.466342e+11,7.334906e+15,3,92,N,N
3.015350e+06,4.209173e+11,3.608052e+15,5.422722e+06,1.209952e+12,6.614673e+16,5.159862e+06,1.432459e+12,8.410541e+16,1.922147e+06,3.109929e+11,1.193368e+16,3,49,N,N
1.382418e+06,1.472873e+11,3.541154e+15,4.518365e+06,1.318234e+12,7.195890e+16,5.008761e+06,1.446562e+12,7.666768e+16,1.961296e+06,3.159372e+11,5.952252e+15,0,40,N,N
1.833053e+06,2.014551e+11,2.076580e+15,4.267214e+06,1.130082e+12,5.864010e+16,4.530730e+06,1.343453e+12,7.309791e+16,1.805560e+06,2.595635e+11,6.632642e+15,2,57,N,N
3.082055e+06,4.840157e+11,7.344712e+15,4.950186e+06,1.128968e+12,6.030682e+16,5.840440e+06,1.636321e+12,9.677882e+16,2.527516e+06,4.433751e+11,1.652898e+16,0,95,N,N
1.988444e+06,2.716783e+11,4.904779e+15,5.311847e+06,1.466157e+12,8.165660e+16,5.236690e+06,1.480816e+12,8.553012e+16,1.931055e+06,3.248256e+11,1.144774e+16,2,60,N,N
2.124956e+06,2.849168e+11,4.434448e+15,4.337275e+06,1.526080e+12,9.252620e+16,4.813059e+06,1.351415e+12,7.382833e+16,2.485877e+06,5.632208e+11,2.264376e+16,2,73,N,N
1.335107e+06,2.277066e+11,1.041271e+16,4.276618e+06,1.831519e+12,1.106304e+17,5.803065e+06,1.414571e+12,8.309102e+16,2.553501e+06,4.497274e+11,1.405164e+16,3,67,N,N
1.852249e+06,2.370845e+11,3.701973e+15,4.769037e+06,1.351978e+12,7.294203e+16,4.664286e+06,1.229902e+12,6.966828e+16,2.068147e+06,3.665223e+11,1.249171e+16,2,70,N,N
2.023086e+06,2.335535e+11,2.543845e+15,4.140554e+06,1.150691e+12,5.784128e+16,4.602302e+06,1.468575e+12,8.568144e+16,1.576692e+06,2.619486e+11,8.832027e+15,3,52,N,N
2.377218e+06,3.058971e+11,3.221819e+15,4.682594e+06,1.102885e+12,5.461142e+16,5.249558e+06,1.487159e+12,8.160850e+16,1.888132e+06,3.333179e+11,1.164349e+16,1,43,N,N
3.041894e+06,4.936580e+11,7.310416e+15,4.667672e+06,1.177714e+12,6.383074e+16,5.384827e+06,1.479308e+12,8.644263e+16,2.498827e+06,4.557196e+11,1.897696e+16,1,95,N,N
2.731917e+06,3.672463e+11,4.091494e+15,4.585724e+06,1.010953e+12,5.036712e+16,4.561673e+06,1.327568e+12,7.072674e+16,1.853995e+06,2.733769e+11,7.933805e+15,0,62,N,N
1.557008e+06,1.797977e+11,2.902202e+15,2.909415e+06,1.110672e+12,6.070073e+16,3.363624e+06,1.452159e+12,8.114961e+16,1.276736e+06,1.587529e+11,3.670355e+15,0,9,N,N
1.476514e+06,1.606025e+11,2.133126e+15,3.248997e+06,1.117619e+12,5.792800e+16,3.906049e+06,1.188884e+12,6.491812e+16,1.900256e+06,3.316277e+11,1.303017e+16,3,87,N,N
3.062017e+06,4.257656e+11,3.874748e+15,5.691342e+06,1.241618e+12,6.130381e+16,6.767538e+06,1.673861e+12,9.545773e+16,2.653883e+06,4.338646e+11,1.483291e+16,3,86,N,N
1.142472e+06,1.868097e+11,8.277570e+15,3.507907e+06,1.447999e+12,7.211249e+16,3.849772e+06,1.032613e+12,5.623363e+16,1.709184e+06,2.578300e+11,6.854225e+15,1,81,N,N
1.757325e+06,1.672697e+11,1.565012e+15,2.698840e+06,8.491322e+11,4.358213e+16,3.335982e+06,1.176851e+12,6.524572e+16,1.228302e+06,1.756987e+11,4.137749e+15,2,66,N,N
1.337289e+06,1.516004e+11,3.179338e+15,3.163302e+06,1.123815e+12,5.990685e+16,3.698574e+06,1.294632e+12,7.695929e+16,1.824290e+06,2.852223e+11,8.866371e+15,0,33,N,N
1.424699e+06,1.415581e+11,2.039220e+15,3.399339e+06,1.089256e+12,4.871869e+16,3.634745e+06,1.088962e+12,5.189349e+16,1.295424e+06,1.767442e+11,5.658807e+15,0,53,N,N
1.599008e+06,1.982043e+11,5.368806e+15,4.268342e+06,1.857854e+12,1.182535e+17,4.039373e+06,1.207937e+12,6.790068e+16,1.730172e+06,2.966292e+11,1.015179e+16,2,59,N,N
1.788976e+06,2.270061e+11,4.378746e+15,3.308805e+06,1.344674e+12,6.327135e+16,4.368447e+06,1.291408e+12,7.430082e+16,2.205737e+06,4.212427e+11,1.309856e+16,0,16,N,N
2.201491e+06,2.856999e+11,2.808540e+15,4.979715e+06,1.238662e+12,5.868063e+16,5.403174e+06,1.307220e+12,7.003274e+16,2.067572e+06,3.383045e+11,1.036258e+16,2,74,N,N
2.099534e+06,2.565219e+11,2.738405e+15,3.873674e+06,1.048068e+12,4.439671e+16,4.612104e+06,1.393288e+12,7.852869e+16,1.775512e+06,2.626185e+11,9.090775e+15,3,102,N,N
2.218297e+06,2.462225e+11,2.252153e+15,3.995450e+06,1.057461e+12,5.454355e+16,4.371743e+06,1.201121e+12,6.546656e+16,1.735370e+06,2.562589e+11,8.943999e+15,1,69,N,N
3.131359e+06,3.832801e+11,3.616809e+15,5.504990e+06,1.250632e+12,6.170972e+16,6.583117e+06,1.523121e+12,8.300991e+16,2.528768e+06,3.934975e+11,1.323977e+16,0,86,N,N
2.370963e+06,2.544546e+11,2.435235e+15,4.465682e+06,8.956814e+11,4.262825e+16,5.537430e+06,1.651203e+12,1.037499e+17,2.143191e+06,3.211691e+11,8.030485e+15,0,104,N,N
2.437698e+06,2.517382e+11,1.912102e+15,4.389678e+06,9.179827e+11,4.530822e+16,4.389467e+06,1.549107e+12,9.247675e+16,1.792999e+06,3.078986e+11,1.374472e+16,0,12,N,N
8.891804e+05,1.108930e+11,3.743792e+15,3.441899e+06,1.364985e+12,6.447928e+16,3.757010e+06,1.087980e+12,5.329489e+16,1.429009e+06,1.771336e+11,3.559605e+15,0,54,N,N
2.290670e+06,2.893006e+11,2.679701e+15,4.852796e+06,1.116331e+12,5.002672e+16,5.393049e+06,1.355132e+12,7.370108e+16,2.163430e+06,3.611896e+11,1.123417e+16,1,74,N,N
2.020480e+06,2.177645e+11,2.115659e+15,3.771211e+06,9.521807e+11,4.229298e+16,4.463616e+06,1.303999e+12,6.964069e+16,1.718396e+06,2.728965e+11,7.758061e+15,2,83,N,N
1.650010e+06,2.003839e+11,3.240655e+15,3.369647e+06,1.139948e+12,5.395349e+16,4.184030e+06,1.199013e+12,6.586353e+16,1.686795e+06,2.457915e+11,7.623140e+15,1,92,N,N
2.492676e+06,3.999623e+11,5.672722e+15,5.365816e+06,1.267951e+12,6.509931e+16,5.793321e+06,1.422452e+12,7.696835e+16,2.194999e+06,3.473210e+11,1.155593e+16,3,101,N,N
2.087665e+06,2.801017e+11,3.862606e+15,3.790773e+06,1.423689e+12,8.308760e+16,4.233233e+06,1.177414e+12,6.804909e+16,1.999322e+06,4.397397e+11,1.916986e+16,1,56,N,N
1.883584e+06,1.980260e+11,2.308848e+15,3.649436e+06,1.291522e+12,6.007801e+16,4.752387e+06,1.232812e+12,6.535543e+16,2.123868e+06,3.348145e+11,1.146323e+16,0,25,N,N
1.972169e+06,2.336770e+11,2.210525e+15,3.829879e+06,8.984961e+11,4.299403e+16,4.340627e+06,1.394378e+12,7.580433e+16,1.696192e+06,2.474298e+11,7.681135e+15,2,71,N,N
1.449991e+06,1.495969e+11,1.596465e+15,2.782063e+06,8.527360e+11,3.889259e+16,3.022359e+06,1.263166e+12,6.613444e+16,1.249433e+06,1.736047e+11,5.694057e+15,1,75,N,N
2.753856e+06,4.588745e+11,6.239444e+15,5.461915e+06,1.199927e+12,6.094784e+16,5.935391e+06,1.556504e+12,8.731483e+16,2.356111e+06,3.915538e+11,1.324841e+16,1,101,N,N
2.012996e+06,2.802071e+11,4.095587e+15,4.433625e+06,1.340747e+12,7.054364e+16,5.943699e+06,1.448862e+12,8.515284e+16,2.225425e+06,3.825323e+11,1.198384e+16,0,23,N,N
1.592401e+06,1.736623e+11,2.477660e+15,3.501472e+06,9.805536e+11,4.554425e+16,3.856363e+06,1.382170e+12,7.190596e+16,1.367348e+06,1.664711e+11,3.795380e+15,0,37,N,N
1.765858e+06,2.559820e+11,5.646870e+15,2.918115e+06,1.164549e+12,6.087651e+16,3.798964e+06,1.199197e+12,6.794000e+16,1.987909e+06,3.110851e+11,9.566233e+15,0,85,N,N
1.842547e+06,2.312016e+11,3.743564e+15,3.395722e+06,1.129914e+12,5.257700e+16,4.677862e+06,1.350173e+12,7.406493e+16,2.000599e+06,2.698285e+11,7.589006e+15,0,96,N,N
1.400082e+06,1.434184e+11,1.628760e+15,2.892621e+06,8.079797e+11,4.024029e+16,3.224037e+06,1.185564e+12,6.547956e+16,1.453837e+06,2.252614e+11,8.217673e+15,0,78,N,N
2.224106e+06,3.110128e+11,3.824002e+15,3.620995e+06,1.107125e+12,6.173055e+16,4.136039e+06,1.226197e+12,7.408688e+16,1.715189e+06,3.178686e+11,1.245060e+16,2,56,N,N
2.361516e+06,2.792510e+11,2.451999e+15,4.064988e+06,1.280295e+12,6.611176e+16,4.654416e+06,1.193354e+12,6.209928e+16,2.145626e+06,3.787646e+11,1.467911e+16,0,69,N,N
2.040942e+06,2.152773e+11,3.223777e+15,3.871813e+06,8.382602e+11,3.886425e+16,4.494102e+06,1.431825e+12,8.627281e+16,1.933789e+06,3.078813e+11,8.225702e+15,3,57,N,N
1.817896e+06,2.041927e+11,1.841346e+15,3.976078e+06,9.830991e+11,4.851875e+16,4.517794e+06,1.406099e+12,7.751812e+16,1.836226e+06,2.556318e+11,6.217284e+15,1,57,N,N
2.352129e+06,2.981286e+11,3.524586e+15,4.917077e+06,1.086989e+12,5.419688e+16,5.439522e+06,1.580559e+12,8.288012e+16,1.809501e+06,2.547765e+11,6.060979e+15,2,89,N,N
1.437267e+06,1.835985e+11,2.508439e+15,2.860378e+06,7.392391e+11,3.400603e+16,3.340766e+06,1.439638e+12,7.601814e+16,1.214084e+06,1.418477e+11,3.686546e+15,0,94,N,N
2.346342e+06,2.561054e+11,4.016709e+15,5.052798e+06,1.408837e+12,7.690997e+16,5.621564e+06,1.215416e+12,6.542886e+16,2.072289e+06,3.587733e+11,9.700149e+15,0,79,N,N
1.904403e+06,2.218794e+11,3.714791e+15,4.252957e+06,1.366378e+12,7.981610e+16,4.397955e+06,1.456970e+12,8.653922e+16,1.789689e+06,3.116386e+11,1.295129e+16,0,21,N,N
2.011650e+06,2.553487e+11,3.549118e+15,3.542637e+06,9.932554e+11,4.422695e+16,4.539197e+06,1.173761e+12,6.420981e+16,1.844131e+06,3.533017e+11,1.161721e+16,0,82,N,N
1.872208e+06,2.005410e+11,1.910393e+15,4.089804e+06,1.023180e+12,5.136493e+16,4.464189e+06,1.316471e+12,7.147813e+16,1.686624e+06,2.500066e+11,6.423085e+15,0,83,N,N
1.597430e+06,1.831859e+11,2.543166e+15,4.128323e+06,1.141165e+12,5.582967e+16,4.700827e+06,1.511510e+12,8.394950e+16,1.642117e+06,2.484302e+11,8.891455e+15,1,48,N,N
2.296321e+06,2.908748e+11,2.941534e+15,4.154338e+06,1.387168e+12,7.370429e+16,4.424217e+06,1.101490e+12,5.856404e+16,2.076153e+06,3.725521e+11,1.399783e+16,3,84,N,N
2.205362e+06,2.457098e+11,2.475444e+15,4.953660e+06,1.079612e+12,5.329221e+16,5.349464e+06,1.569882e+12,8.662644e+16,2.049447e+06,3.569871e+11,1.263277e+16,0,60,N,N
2.050680e+06,2.362875e+11,2.452024e+15,5.117484e+06,1.147194e+12,6.030734e+16,5.102555e+06,1.471735e+12,8.144743e+16,1.711448e+06,2.594458e+11,8.459906e+15,3,60,N,N
2.592167e+06,3.378331e+11,5.250635e+15,4.370089e+06,9.489543e+11,4.849711e+16,5.085379e+06,1.593914e+12,1.053604e+17,2.100259e+06,3.603402e+11,1.350599e+16,0,13,N,N
2.100783e+06,2.903515e+11,3.449032e+15,3.902431e+06,1.233589e+12,7.218221e+16,4.008966e+06,1.173977e+12,6.729485e+16,1.876888e+06,3.223411e+11,1.298488e+16,0,30,N,N
1.199422e+06,1.654452e+11,5.987448e+15,3.436300e+06,1.260232e+12,6.402273e+16,3.903138e+06,1.134123e+12,5.596282e+16,1.576743e+06,2.366061e+11,6.370834e+15,3,81,N,N
2.311846e+06,2.117313e+11,1.481022e+15,4.278283e+06,8.971983e+11,4.539713e+16,4.535419e+06,1.454623e+12,8.828693e+16,1.763867e+06,2.811403e+11,1.084646e+16,3,63,N,N
1.639948e+06,1.949927e+11,2.483328e+15,2.545747e+06,9.122812e+11,4.433953e+16,2.955678e+06,1.153120e+12,6.683138e+16,1.350991e+06,2.019214e+11,6.463215e+15,2,64,N,N
1.973706e+06,1.882975e+11,1.250118e+15,3.951576e+06,1.065421e+12,5.520057e+16,4.631458e+06,1.344932e+12,8.307406e+16,1.908067e+06,3.075504e+11,1.165127e+16,2,69,N,N
2.628825e+06,3.189258e+11,2.858471e+15,4.480437e+06,9.488743e+11,4.686411e+16,4.665161e+06,1.553298e+12,9.239110e+16,1.884308e+06,2.971657e+11,1.202406e+16,2,12,N,N
1.742843e+06,2.311940e+11,3.653986e+15,3.030992e+06,9.177472e+11,4.199429e+16,3.829509e+06,1.336117e+12,7.406869e+16,1.722265e+06,3.007674e+11,1.131829e+16,1,10,N,N
2.327498e+06,2.726694e+11,2.858603e+15,4.830808e+06,1.132364e+12,5.653988e+16,5.323630e+06,1.561015e+12,8.873914e+16,1.795020e+06,3.093127e+11,1.036780e+16,0,43,N,N
1.386080e+06,2.398786e+11,1.107070e+16,3.960931e+06,1.637258e+12,8.726876e+16,5.569222e+06,1.319793e+12,7.540820e+16,2.242183e+06,3.558575e+11,9.974421e+15,0,67,N,N
1.604899e+06,1.625938e+11,2.010121e+15,3.363305e+06,1.032901e+12,4.716553e+16,3.541828e+06,1.162797e+12,5.655623e+16,1.250940e+06,1.666095e+11,5.386072e+15,2,53,N,N
2.480802e+06,3.797114e+11,5.416015e+15,3.630783e+06,9.397536e+11,4.765673e+16,3.812823e+06,1.338148e+12,7.896612e+16,1.787034e+06,2.843956e+11,1.010471e+16,3,65,N,N
1.492123e+06,2.045174e+11,5.898298e+15,5.308099e+06,1.530815e+12,8.849752e+16,5.511147e+06,1.501984e+12,8.438620e+16,1.891648e+06,3.324122e+11,8.105848e+15,3,76,N,N
2.095197e+06,2.521844e+11,2.399675e+15,3.703707e+06,1.039003e+12,4.364572e+16,4.446830e+06,1.344597e+12,7.706368e+16,1.827459e+06,2.889768e+11,1.052883e+16,1,102,N,N
2.190536e+06,3.123974e+11,4.935394e+15,4.245617e+06,1.337283e+12,7.083944e+16,5.163226e+06,1.561113e+12,9.623365e+16,2.321684e+06,4.797963e+11,1.950962e+16,0,73,N,N
