4.516258e+09,5.312676e+18,1.545710e+22,1.297484e+21,3.971813e+09,8.116026e+18,4.375533e+22,7.849787e+21,1.667512e+09,3.569257e+17,5.987492e+20,2.787771e+20,3,72,N,N
1.101071e+09,2.085336e+17,7.946023e+20,5.335104e+19,9.604263e+08,3.577586e+17,1.597533e+21,2.988392e+20,5.037891e+08,1.978219e+16,7.050393e+19,1.915005e+19,3,93,N,N
1.028759e+09,2.662033e+17,5.446207e+20,4.164952e+19,8.867305e+08,4.329415e+17,9.545784e+20,1.642956e+20,3.708049e+08,2.085755e+16,1.619546e+19,9.161635e+18,0,26,N,N
1.275102e+09,4.328450e+17,6.655895e+20,5.932919e+19,1.128516e+09,6.472714e+17,2.065276e+21,3.782882e+20,4.706087e+08,2.394796e+16,3.306136e+19,1.707734e+19,3,96,N,N
1.004518e+09,1.882427e+17,5.728606e+20,4.169912e+19,8.521827e+08,3.434271e+17,1.075210e+21,1.965550e+20,4.188282e+08,2.515977e+16,3.601894e+19,1.011401e+19,1,55,N,N
7.651672e+08,1.811736e+17,1.827629e+20,1.682415e+19,7.389329e+08,2.087057e+17,7.918429e+20,1.840244e+20,3.136355e+08,1.128049e+15,9.613141e+18,1.520166e+19,3,90,N,N
2.078721e+09,9.482633e+17,1.890627e+21,1.583971e+20,1.772606e+09,1.638089e+18,5.680498e+21,9.734645e+20,7.988540e+08,1.036895e+17,1.411684e+20,3.418906e+19,1,5,N,N
2.437001e+09,1.624051e+18,2.165836e+21,2.054341e+20,2.203852e+09,2.307768e+18,1.101203e+22,2.363921e+21,9.295363e+08,8.237502e+16,9.157828e+19,1.484116e+20,0,27,N,N
1.051018e+09,2.436683e+17,5.008988e+20,3.892427e+19,9.006542e+08,4.142329e+17,1.165233e+21,2.000121e+20,4.079431e+08,2.263472e+16,2.169952e+19,6.600980e+18,0,28,N,N
2.051280e+09,1.054712e+18,1.418987e+21,1.337068e+20,1.850766e+09,1.524703e+18,7.378242e+21,1.683111e+21,8.252330e+08,8.576708e+16,1.680386e+20,1.196774e+20,0,67,N,N
1.119818e+09,3.315730e+17,5.413833e+20,5.032801e+19,1.004139e+09,4.811413e+17,1.671481e+21,2.804653e+20,4.302382e+08,1.913858e+16,3.648738e+19,6.504355e+18,3,91,N,N
1.916282e+09,1.116546e+18,4.701795e+20,4.717957e+19,1.971945e+09,1.003424e+18,1.009450e+22,2.887183e+21,9.153949e+08,1.457346e+16,9.232406e+19,2.946803e+20,0,16,N,N
2.393324e+09,1.822305e+18,2.165812e+21,2.087098e+20,2.152154e+09,2.535904e+18,9.605942e+21,1.576384e+21,8.028844e+08,9.490159e+16,5.247767e+19,3.922113e+19,3,99,N,N
8.359835e+08,2.247878e+17,2.855641e+20,2.446024e+19,8.480222e+08,2.141560e+17,1.436771e+21,3.282440e+20,3.739686e+08,1.044969e+15,3.313753e+19,2.350699e+19,3,78,N,N
8.247776e+08,2.451709e+17,1.606342e+20,1.772003e+19,7.800350e+08,2.916210e+17,8.747193e+20,1.543653e+20,2.849665e+08,2.373279e+15,6.090139e+18,5.312575e+18,2,102,N,N
1.299113e+09,3.661654e+17,7.709856e+20,6.504231e+19,1.161631e+09,5.511878e+17,2.646976e+21,5.706746e+20,5.567632e+08,2.032174e+16,5.218707e+19,4.370297e+19,0,22,N,N
1.115167e+09,4.163067e+17,4.162190e+20,3.986927e+19,1.040899e+09,5.190235e+17,1.884137e+21,3.484504e+20,3.966021e+08,6.678529e+15,2.168018e+19,1.443487e+19,1,84,N,N
7.500721e+08,1.410244e+17,1.539971e+20,1.447353e+19,6.888944e+08,1.906735e+17,6.972525e+20,1.770643e+20,3.134887e+08,6.843838e+15,2.168237e+19,1.373874e+19,2,82,N,N
1.394828e+09,4.452787e+17,8.228520e+20,6.784320e+19,1.162063e+09,8.148929e+17,1.674074e+21,2.738278e+20,4.954519e+08,5.459140e+16,2.325718e+19,8.010789e+18,3,68,N,N
1.343334e+09,3.829131e+17,4.804854e+20,3.938001e+19,1.192437e+09,5.951600e+17,2.660608e+21,5.038858e+20,5.737617e+08,4.391104e+16,2.879789e+19,1.573265e+19,3,80,N,N
1.528768e+09,3.893873e+17,1.119353e+21,9.969817e+19,1.302134e+09,7.255671e+17,2.949306e+21,5.861976e+20,6.887611e+08,5.294063e+16,6.593782e+19,1.915401e+19,1,10,N,N
1.265506e+09,5.763510e+17,4.068194e+20,4.026136e+19,1.220274e+09,6.529416e+17,2.900537e+21,5.193619e+20,4.611092e+08,2.785778e+15,8.953315e+18,2.074603e+19,0,56,N,N
1.583093e+09,8.406032e+17,7.138974e+20,6.756263e+19,1.423523e+09,1.158057e+18,3.079917e+21,5.404690e+20,5.069736e+08,2.551204e+16,1.358869e+19,2.239769e+19,1,86,N,N
4.058797e+07,1.416311e+15,1.280447e+17,2.328893e+16,4.710053e+07,9.912852e+14,1.873986e+18,5.336128e+17,9.476653e+06,4.780818e+13,3.877674e+16,3.890782e+16,1,73,N,N
1.273318e+09,5.497666e+17,7.225969e+20,6.547896e+19,1.143871e+09,7.601744e+17,2.031673e+21,3.236020e+20,4.025815e+08,1.830927e+16,2.794965e+19,6.326196e+18,1,40,N,N
1.254208e+09,4.821545e+17,8.873313e+20,7.671356e+19,1.165094e+09,6.156085e+17,2.116277e+21,4.023262e+20,4.707478e+08,9.405413e+15,3.593054e+19,2.017885e+19,2,76,N,N
9.416851e+08,3.423136e+17,3.730354e+20,3.654507e+19,8.988024e+08,4.030994e+17,1.125580e+21,1.924480e+20,3.153840e+08,2.962719e+15,1.271098e+19,6.561505e+18,0,76,N,N
7.705557e+08,1.702360e+17,1.778809e+20,1.585035e+19,7.311698e+08,2.053002e+17,7.929618e+20,1.411531e+20,3.189966e+08,2.614851e+15,1.376180e+19,5.562325e+18,2,53,N,N
1.386312e+09,3.851924e+17,1.062225e+21,8.771372e+19,1.186942e+09,6.819902e+17,2.538640e+21,4.868106e+20,5.678241e+08,5.221667e+16,8.673578e+19,2.002511e+19,1,65,N,N
1.235699e+09,4.354325e+17,6.748581e+20,6.470592e+19,1.195911e+09,4.885698e+17,2.780358e+21,7.146929e+20,5.367357e+08,1.635829e+15,8.179664e+19,6.146272e+19,0,32,N,N
1.704424e+09,7.229731e+17,1.206267e+21,9.971597e+19,1.500563e+09,1.113009e+18,4.260939e+21,8.010940e+20,6.504684e+08,6.006086e+16,3.370878e+19,3.371688e+19,3,98,N,N
1.310623e+09,3.848790e+17,6.866674e+20,6.921704e+19,1.179102e+09,5.602362e+17,2.699449e+21,5.277371e+20,5.622536e+08,2.294646e+16,3.079149e+19,2.351259e+19,0,10,N,N
2.599414e+09,1.759180e+18,2.897773e+21,2.455688e+20,2.263242e+09,2.762554e+18,1.029549e+22,1.733971e+21,9.378503e+08,1.297621e+17,5.296012e+19,5.283556e+19,2,99,N,N
9.795763e+08,3.755990e+17,4.169272e+20,4.112870e+19,9.450964e+08,4.215018e+17,1.498061e+21,2.721367e+20,3.323354e+08,1.476631e+15,3.033632e+19,1.134635e+19,3,61,N,N
1.005347e+09,2.804266e+17,3.449053e+20,2.930218e+19,8.915441e+08,4.183398e+17,1.104672e+21,2.030653e+20,3.620633e+08,1.295138e+16,1.026127e+19,1.058973e+19,3,95,N,N
9.225193e+08,2.052327e+17,3.961223e+20,3.467673e+19,8.128187e+08,3.140442e+17,1.000566e+21,1.829235e+20,3.621341e+08,1.354798e+16,2.345855e+19,6.483241e+18,0,55,N,N
1.367592e+09,4.756278e+17,9.331011e+20,7.145979e+19,1.247795e+09,6.588242e+17,2.550412e+21,5.605927e+20,5.583464e+08,1.467393e+16,2.870283e+19,4.890607e+19,2,66,N,N
1.546705e+09,6.326785e+17,6.527978e+20,5.031966e+19,1.423225e+09,8.462923e+17,3.783423e+21,6.967872e+20,6.280216e+08,1.537249e+16,1.289558e+19,4.815146e+19,3,56,N,N
1.133557e+09,3.059195e+17,5.931189e+20,4.679009e+19,9.946340e+08,4.824045e+17,1.383036e+21,2.397604e+20,4.416806e+08,2.121497e+16,2.376572e+19,1.196461e+19,2,84,N,N
1.167983e+09,5.253818e+17,5.266892e+20,5.228270e+19,1.181007e+09,5.101814e+17,3.052063e+21,7.132369e+20,4.562586e+08,2.818415e+15,5.722847e+19,5.028083e+19,2,92,N,N
1.147519e+09,1.722741e+17,6.165904e+20,4.279427e+19,9.072697e+08,4.262532e+17,1.042949e+21,1.695722e+20,4.946423e+08,5.902349e+16,2.086778e+19,3.696035e+18,2,62,N,N
5.814655e+08,1.150247e+17,1.100784e+20,1.034405e+19,5.248729e+08,1.569375e+17,3.115134e+20,5.014804e+19,1.857365e+08,3.305192e+15,3.017680e+18,1.265029e+18,0,83,N,N
1.389500e+09,3.659397e+17,8.152568e+20,5.867392e+19,1.188550e+09,6.498827e+17,1.995288e+21,3.641189e+20,5.840296e+08,4.399351e+16,4.761634e+19,1.713600e+19,1,57,N,N
6.285721e+08,1.889058e+17,1.443782e+20,1.608714e+19,6.308613e+08,1.888238e+17,5.938994e+20,1.072947e+20,1.962565e+08,1.422224e+13,5.806000e+18,3.603238e+18,3,59,N,N
6.843501e+08,1.146455e+17,1.906914e+20,1.507424e+19,6.039692e+08,1.760372e+17,4.729530e+20,7.790216e+19,2.653759e+08,6.528911e+15,1.038523e+19,2.831394e+18,0,11,N,N
9.284745e+08,2.751462e+17,2.273517e+20,2.195280e+19,8.448417e+08,3.716124e+17,1.018074e+21,1.817517e+20,3.205115e+08,7.376584e+15,8.663965e+18,6.918163e+18,0,13,N,N
1.709395e+09,2.995433e+17,1.311813e+21,7.825737e+19,1.465114e+09,6.284422e+17,4.653779e+21,1.032513e+21,9.178140e+08,1.086440e+17,1.012406e+20,7.529083e+19,1,64,N,N
2.259359e+09,8.664467e+17,2.221741e+21,1.763936e+20,1.941435e+09,1.561788e+18,8.323932e+21,1.754558e+21,1.010678e+09,1.687051e+17,1.880212e+20,1.148734e+20,1,35,N,N
1.697365e+09,6.266881e+17,1.162339e+21,8.766476e+19,1.436065e+09,1.108993e+18,3.270786e+21,5.497406e+20,6.445907e+08,6.862749e+16,2.713026e+19,2.146635e+19,0,8,N,N
2.158214e+06,4.357950e+12,1.002508e+14,1.481843e+13,2.430987e+06,3.336396e+12,8.978353e+14,1.003518e+14,3.435942e+05,7.723548e+10,6.047806e+12,1.859143e+12,0,86,N,N
5.974616e+08,8.131413e+16,1.433175e+20,1.049565e+19,5.104468e+08,1.396292e+17,2.350433e+20,3.854772e+19,2.252908e+08,8.805120e+15,4.958944e+18,1.512611e+18,1,63,N,N
1.292125e+09,4.243009e+17,5.759185e+20,5.342652e+19,1.160135e+09,6.306784e+17,2.257983e+21,4.521688e+20,5.101487e+08,1.755511e+16,3.722739e+19,2.538254e+19,2,51,N,N
5.526846e+08,7.262313e+16,1.413859e+20,1.120945e+19,4.981289e+08,1.093767e+17,2.864560e+20,5.970273e+19,2.292459e+08,3.210811e+15,1.159875e+19,3.690623e+18,3,48,N,N
9.150632e+08,2.779046e+17,2.865185e+20,2.683485e+19,8.361210e+08,3.734487e+17,9.357644e+20,1.726199e+20,3.089612e+08,7.373280e+15,1.236504e+19,5.557356e+18,0,14,N,N
9.400349e+08,2.098435e+17,3.877708e+20,3.232416e+19,8.087870e+08,3.496490e+17,7.718976e+20,1.040553e+20,3.507431e+08,1.802075e+16,2.001530e+19,1.756155e+18,1,54,N,N
8.919311e+08,1.258211e+17,3.068761e+20,2.223119e+19,7.279916e+08,2.688191e+17,5.897266e+20,9.137871e+19,3.734619e+08,2.722862e+16,1.266751e+19,1.950131e+18,1,52,N,N
6.160684e+08,9.431608e+16,1.596821e+20,1.252699e+19,5.382812e+08,1.488290e+17,2.907661e+20,5.114143e+19,2.312376e+08,6.710301e+15,7.396492e+18,2.216545e+18,0,63,N,N
1.229719e+09,3.808529e+17,6.381948e+20,5.068562e+19,1.042014e+09,6.506620e+17,1.243474e+21,2.034496e+20,4.249453e+08,3.626979e+16,1.051105e+19,7.043354e+18,3,101,N,N
1.195759e+09,2.967862e+17,7.420154e+20,5.941331e+19,1.028306e+09,5.076680e+17,1.721957e+21,2.774507e+20,4.849262e+08,3.429430e+16,4.744137e+19,5.370900e+18,2,91,N,N
1.313674e+09,3.073330e+17,9.765688e+20,6.447610e+19,1.090775e+09,6.039776e+17,1.604553e+21,2.828171e+20,5.366055e+08,5.160369e+16,3.644876e+19,1.541365e+19,3,49,N,N
8.615055e+08,2.521477e+17,1.854354e+20,2.046908e+19,8.136682e+08,3.049254e+17,9.412021e+20,1.765770e+20,3.115577e+08,3.305418e+15,7.503849e+18,6.557438e+18,0,102,N,N
1.352372e+09,5.388364e+17,5.968011e+20,5.221786e+19,1.213228e+09,7.727629e+17,2.389053e+21,4.064725e+20,4.794116e+08,1.954220e+16,1.839117e+19,1.681970e+19,1,0,N,N
1.316558e+09,3.975202e+17,6.762494e+20,5.501163e+19,1.259708e+09,4.790884e+17,3.340984e+21,7.324110e+20,6.292164e+08,4.952613e+15,4.147569e+19,5.233829e+19,0,36,N,N
8.856775e+08,1.730500e+17,2.331584e+20,1.893156e+19,7.333159e+08,3.224568e+17,5.891346e+20,9.108664e+19,3.178384e+08,2.366827e+16,3.673238e+18,2.175713e+18,0,18,N,N
1.661973e+09,3.440351e+17,1.471527e+21,1.019098e+20,1.452953e+09,6.338528e+17,4.680513e+21,1.044360e+21,8.667435e+08,1.486556e+17,1.787870e+20,5.802924e+19,2,97,N,N
1.908879e+07,3.474364e+14,3.584145e+16,2.963116e+16,4.136131e+07,1.396299e+13,2.473328e+18,4.277376e+17,2.273102e+07,4.961382e+14,7.998975e+15,1.693330e+15,2,79,N,N
2.214563e+09,8.529816e+17,1.824901e+21,9.799131e+19,1.962994e+09,1.553940e+18,6.410940e+21,1.581117e+21,1.045994e+09,8.937735e+16,1.013179e+19,2.159196e+20,3,79,N,N
1.245080e+09,5.422632e+17,4.786776e+20,4.506270e+19,1.121673e+09,7.417954e+17,1.684599e+21,2.882974e+20,3.853983e+08,1.568663e+16,7.342716e+18,9.638792e+18,3,86,N,N
8.812506e+08,2.268902e+17,3.531110e+20,3.608307e+19,8.655791e+08,2.466289e+17,1.348264e+21,2.799727e+20,3.892970e+08,4.600084e+14,3.811604e+19,1.487483e+19,1,94,N,N
5.689698e+08,7.304807e+16,1.584168e+20,1.136162e+19,5.011154e+08,1.146505e+17,2.778037e+20,4.956974e+19,2.310152e+08,4.896690e+15,1.169939e+19,2.354684e+18,1,48,N,N
1.840771e+09,9.533757e+17,1.222879e+21,1.027233e+20,1.671019e+09,1.314757e+18,5.310764e+21,1.070734e+21,6.946151e+08,3.862888e+16,2.892809e+19,5.201051e+19,0,98,N,N
1.117034e+09,3.889640e+17,5.576445e+20,5.057261e+19,1.049773e+09,4.840616e+17,1.753116e+21,3.089439e+20,4.271850e+08,5.606283e+15,3.183663e+19,1.294430e+19,1,61,N,N
1.230977e+09,4.391331e+17,5.896355e+20,5.488501e+19,1.101142e+09,6.280280e+17,1.950697e+21,3.535388e+20,4.384983e+08,1.966044e+16,3.006205e+19,1.521534e+19,0,96,N,N
9.146096e+08,2.307569e+17,3.951239e+20,3.536665e+19,8.219000e+08,3.321231e+17,9.906550e+20,1.656263e+20,3.416035e+08,8.892175e+15,1.856558e+19,5.454567e+18,2,37,N,N
1.193001e+09,4.386161e+17,5.001714e+20,4.660574e+19,1.089525e+09,5.899688e+17,1.985179e+21,3.622205e+20,4.272495e+08,1.197962e+16,2.085050e+19,1.566262e+19,0,84,N,N
1.296470e+09,3.223586e+17,6.296577e+20,5.001992e+19,1.190445e+09,4.598241e+17,2.859821e+21,5.803112e+20,6.226793e+08,3.292639e+16,6.218808e+19,2.531073e+19,0,97,N,N
1.015196e+09,4.662871e+17,2.409330e+20,2.551849e+19,9.892629e+08,5.045950e+17,1.658885e+21,3.179139e+20,3.064130e+08,2.650493e+15,1.365160e+19,1.302745e+19,0,74,N,N
1.330630e+09,5.616112e+17,6.350969e+20,5.819208e+19,1.200926e+09,7.734261e+17,2.199919e+21,3.992605e+20,4.515341e+08,1.894848e+16,2.410409e+19,1.306276e+19,1,104,N,N
8.104106e+08,2.041444e+17,2.348951e+20,1.996412e+19,7.101158e+08,3.094933e+17,5.452709e+20,8.623787e+19,2.582928e+08,1.009031e+16,5.976916e+18,1.327698e+18,1,88,N,N
1.192200e+09,3.110164e+17,6.371143e+20,4.974525e+19,1.076106e+09,4.856812e+17,2.227721e+21,4.749134e+20,5.187256e+08,2.572727e+16,5.025337e+19,2.686771e+19,0,80,N,N
1.331910e+09,4.962852e+17,9.388564e+20,8.343871e+19,1.258047e+09,6.056081e+17,3.079009e+21,7.324452e+20,5.538268e+08,6.782362e+15,7.828478e+19,6.402911e+19,0,34,N,N
9.868649e+08,3.288663e+17,3.642279e+20,3.529071e+19,9.245169e+08,4.046451e+17,1.511963e+21,2.724621e+20,3.516145e+08,6.128776e+15,1.692547e+19,1.092103e+19,1,92,N,N
1.312604e+09,2.854953e+17,9.945115e+20,6.893299e+19,1.090133e+09,5.884155e+17,1.999906e+21,4.147555e+20,5.561427e+08,6.443734e+16,6.912658e+19,2.889452e+19,0,25,N,N
1.323442e+09,7.909860e+17,5.482340e+20,5.836813e+19,1.315749e+09,8.034774e+17,3.774914e+21,7.368698e+20,4.275951e+08,5.370614e+15,2.958726e+19,3.247524e+19,0,70,N,N
1.400457e+09,5.848280e+17,5.459507e+20,5.412123e+19,1.291230e+09,7.617095e+17,2.586573e+21,4.829541e+20,5.277936e+08,1.302038e+16,2.574694e+19,1.622971e+19,0,3,N,N
1.029131e+09,4.346913e+17,3.641920e+20,4.157756e+19,9.991309e+08,4.745920e+17,1.673616e+21,2.623389e+20,3.405818e+08,9.665545e+14,1.991626e+19,5.245399e+18,0,59,N,N
2.279039e+09,1.502311e+18,1.744986e+21,1.486565e+20,2.124986e+09,1.935743e+18,1.017155e+22,1.979343e+21,8.996261e+08,2.380860e+16,8.050428e+19,1.312110e+20,2,81,N,N
9.683285e+08,3.723654e+17,3.398346e+20,3.833528e+19,9.349027e+08,4.134744e+17,1.456480e+21,2.680172e+20,3.254966e+08,1.184985e+15,2.128268e+19,9.630568e+18,2,61,N,N
1.619735e+09,4.071358e+17,8.418732e+20,6.710367e+19,1.462190e+09,6.391218e+17,4.700809e+21,1.016046e+21,8.243738e+08,5.466438e+16,8.186565e+19,5.289727e+19,2,64,N,N
9.777766e+08,2.450640e+17,3.574120e+20,2.914395e+19,8.553589e+08,3.862340e+17,9.290167e+20,1.693328e+20,3.604112e+08,1.548239e+16,9.577684e+18,1.003951e+19,0,95,N,N
1.493070e+09,7.572434e+17,5.277243e+20,5.375622e+19,1.368791e+09,9.889875e+17,3.329257e+21,5.734459e+20,4.986469e+08,1.766022e+16,1.628592e+19,1.767035e+19,0,0,N,N
1.118369e+09,1.868432e+17,6.455806e+20,3.730534e+19,8.923440e+08,4.343894e+17,8.017662e+20,1.251589e+20,4.602044e+08,5.970442e+16,1.789732e+19,6.790897e+18,1,49,N,N
8.773897e+08,1.192933e+17,3.428907e+20,2.245304e+19,7.022082e+08,2.712943e+17,5.030433e+20,7.387012e+19,3.571025e+08,3.116124e+16,1.417589e+19,1.374347e+18,3,62,N,N
8.508784e+08,2.267480e+17,2.013914e+20,1.941781e+19,8.188921e+08,2.582795e+17,1.112139e+21,2.151897e+20,3.427901e+08,1.153186e+15,1.721213e+19,9.883112e+18,0,53,N,N
1.783585e+09,8.538638e+17,1.482980e+21,1.417881e+20,1.666690e+09,1.082574e+18,6.632365e+21,1.380185e+21,7.452956e+08,4.560806e+16,1.238254e+20,6.806652e+19,1,33,N,N
1.627499e+09,8.154259e+17,9.937909e+20,8.944692e+19,1.453248e+09,1.177793e+18,3.651043e+21,6.400866e+20,5.502443e+08,4.268638e+16,2.387616e+19,1.959831e+19,0,79,N,N
7.801797e+08,1.904154e+17,2.561622e+20,2.261921e+19,7.352594e+08,2.443288e+17,7.467566e+20,1.324745e+20,2.988971e+08,3.126453e+15,9.755542e+18,5.211455e+18,0,92,N,N
8.692666e+08,1.710132e+17,2.621008e+20,2.311346e+19,8.105418e+08,2.230723e+17,1.010867e+21,3.191196e+20,3.970802e+08,8.012402e+15,5.682073e+19,3.698346e+19,1,82,N,N
7.022509e+08,1.315422e+17,1.766221e+20,1.549775e+19,6.542660e+08,1.715158e+17,5.578648e+20,1.172915e+20,2.918354e+08,3.015171e+15,9.875574e+18,7.756250e+18,1,90,N,N
7.099990e+08,7.774412e+16,2.228022e+20,1.347118e+19,6.221381e+08,1.374964e+17,4.736713e+20,1.106348e+20,3.440689e+08,9.025020e+15,1.523058e+19,1.176782e+19,2,58,N,N
1.150300e+09,3.862932e+17,4.875961e+20,4.694521e+19,1.019148e+09,5.662217e+17,1.408196e+21,2.001251e+20,3.978387e+08,1.895758e+16,2.213473e+19,4.262434e+18,0,39,N,N
1.501106e+09,4.363849e+17,9.187488e+20,6.610742e+19,1.222349e+09,8.818142e+17,1.638771e+21,2.637451e+20,5.620749e+08,7.909757e+16,1.994225e+19,1.508853e+19,2,68,N,N
9.738184e+08,2.753216e+17,3.062645e+20,2.835710e+19,8.957339e+08,3.641149e+17,1.183587e+21,2.096575e+20,3.710298e+08,6.673168e+15,1.474959e+19,7.698778e+18,2,71,N,N
1.065351e+09,1.613202e+17,6.062317e+20,3.986585e+19,9.057313e+08,3.105556e+17,1.070597e+21,1.912794e+20,5.085573e+08,3.641687e+16,4.874693e+19,1.212965e+19,0,17,N,N
1.443895e+09,4.605164e+17,9.206912e+20,7.457894e+19,1.249948e+09,7.588885e+17,2.623210e+21,4.938696e+20,5.731944e+08,4.001735e+16,4.984366e+19,2.776852e+19,1,96,N,N
1.340740e+09,6.170328e+17,5.847144e+20,5.650155e+19,1.246830e+09,7.743276e+17,2.845311e+21,4.942719e+20,4.613451e+08,2.265458e+16,2.879958e+19,1.438099e+19,3,77,N,N
1.714209e+09,7.522712e+17,1.327113e+21,1.089725e+20,1.617439e+09,9.502705e+17,5.461927e+21,1.174036e+21,7.509050e+08,9.555182e+15,1.475988e+20,8.154358e+19,2,75,N,N
1.614503e+09,1.229625e+17,1.272151e+21,4.283524e+19,1.148464e+09,6.659740e+17,1.570014e+21,2.905136e+20,7.998562e+08,2.175034e+17,9.986370e+19,3.570618e+19,3,63,N,N
1.975610e+09,1.159691e+18,1.214218e+21,1.169048e+20,1.847991e+09,1.478871e+18,7.596698e+21,1.763874e+21,7.711645e+08,4.196115e+16,1.448587e+20,1.383147e+20,2,67,N,N
1.426744e+09,2.480054e+17,9.249223e+20,5.632062e+19,1.229269e+09,4.884969e+17,3.044949e+21,6.287747e+20,7.319045e+08,8.887214e+16,9.776023e+19,2.491746e+19,3,97,N,N
1.637213e+08,1.922092e+16,4.344524e+18,4.857692e+17,1.801747e+08,1.496154e+16,4.359726e+19,9.028291e+18,4.153706e+07,5.900968e+14,4.446349e+17,4.503782e+17,0,73,N,N
9.850198e+08,2.160924e+17,3.937250e+20,3.122341e+19,9.414389e+08,2.589342e+17,1.442684e+21,2.958935e+20,4.777352e+08,7.816061e+15,2.268070e+19,1.756129e+19,2,94,N,N
1.569990e+09,5.746346e+17,1.080774e+21,9.312860e+19,1.471499e+09,7.400143e+17,4.742042e+21,1.193070e+21,7.140148e+08,2.820739e+16,1.256807e+20,1.089562e+20,1,87,N,N
7.717860e+08,1.474386e+17,2.365427e+20,1.885547e+19,6.663231e+08,2.535703e+17,3.355006e+20,6.079228e+19,2.824975e+08,1.549980e+16,1.047780e+19,1.960109e+18,0,15,N,N
1.492231e+09,1.699249e+17,9.695466e+20,5.410775e+19,1.227746e+09,4.603335e+17,2.772968e+21,5.975915e+20,8.155451e+08,7.018948e+16,1.232688e+20,4.941902e+19,0,38,N,N
5.566740e+09,5.126694e+18,2.467453e+22,1.229893e+21,4.788387e+09,9.343613e+18,5.502814e+22,1.237191e+22,2.549544e+09,6.917424e+17,4.407696e+20,2.060475e+21,2,72,N,N
6.148034e+08,7.983101e+16,1.849492e+20,1.350143e+19,5.445200e+08,1.242337e+17,3.467550e+20,6.603356e+19,2.630632e+08,5.527033e+15,1.379460e+19,4.142226e+18,0,48,N,N
2.696366e+09,2.080684e+18,3.322374e+21,3.048933e+20,2.421530e+09,2.938350e+18,1.361335e+22,2.514580e+21,9.825287e+08,1.368829e+17,1.177440e+20,9.544136e+19,0,99,N,N
8.806724e+08,2.613623e+17,2.107027e+20,1.891052e+19,7.610423e+08,3.996096e+17,5.014432e+20,7.219959e+19,2.498454e+08,1.461047e+16,2.549430e+18,9.428301e+17,0,100,N,N
8.697872e+08,2.680964e+17,2.391032e+20,2.364331e+19,8.087989e+08,3.395990e+17,9.156035e+20,1.748635e+20,2.911649e+08,3.723151e+15,8.553859e+18,6.177342e+18,2,60,N,N
2.254415e+09,1.330657e+18,1.388919e+21,1.193710e+20,2.048952e+09,1.881718e+18,8.719420e+21,1.855181e+21,8.959552e+08,4.221645e+16,1.903280e+19,1.159583e+20,0,23,N,N
1.030974e+09,2.088129e+17,5.591586e+20,3.782047e+19,8.552267e+08,4.003981e+17,8.505124e+20,1.336879e+20,3.982673e+08,3.292994e+16,1.586635e+19,5.247761e+18,0,49,N,N
7.146585e+08,1.348969e+17,2.371980e+20,2.133978e+19,6.895492e+08,1.542848e+17,7.288446e+20,1.195897e+20,3.222667e+08,2.311545e+15,2.536747e+19,4.482582e+18,0,94,N,N
1.241697e+09,1.448654e+17,6.736209e+20,3.964699e+19,1.028909e+09,3.585741e+17,1.771995e+21,3.246733e+20,6.529370e+08,4.640019e+16,7.936272e+19,1.906774e+19,1,38,N,N
1.048889e+09,4.109876e+17,4.298379e+20,4.156425e+19,1.041556e+09,4.383645e+17,2.179478e+21,4.804593e+20,4.006040e+08,1.138083e+15,3.720059e+19,2.743528e+19,3,92,N,N
2.020550e+09,1.323925e+18,1.745924e+21,1.615312e+20,1.930440e+09,1.574125e+18,8.767792e+21,1.770365e+21,7.801122e+08,9.083050e+15,1.237562e+20,1.190930e+20,3,81,N,N
1.149405e+09,3.505940e+17,4.729954e+20,3.992456e+19,9.861542e+08,5.717933e+17,1.251572e+21,2.048369e+20,3.943052e+08,2.822061e+16,9.933101e+18,4.956805e+18,0,88,N,N
2.303794e+09,1.760488e+18,1.845174e+21,1.755173e+20,2.227468e+09,1.994861e+18,1.247907e+22,2.588285e+21,9.011055e+08,8.147355e+15,1.320820e+20,1.799409e+20,1,81,N,N
1.013773e+09,2.098670e+17,4.007192e+20,2.724075e+19,8.923799e+08,3.349962e+17,1.091805e+21,2.127929e+20,4.353996e+08,1.858746e+16,1.115718e+19,1.692481e+19,1,69,N,N
1.130330e+09,2.908651e+17,5.681557e+20,4.770374e+19,9.644722e+08,4.979016e+17,1.196716e+21,1.646273e+20,4.254793e+08,2.777980e+16,2.977876e+19,2.866611e+18,0,54,N,N
1.511268e+09,6.378126e+17,6.741225e+20,5.685682e+19,1.410742e+09,8.297490e+17,3.994936e+21,7.578720e+20,6.121113e+08,1.151439e+16,2.054846e+19,5.036083e+19,1,56,N,N
1.880622e+09,9.148249e+17,1.515640e+21,1.319152e+20,1.672845e+09,1.355670e+18,5.683937e+21,9.922383e+20,7.163880e+08,6.133428e+16,7.023471e+19,3.586677e+19,0,85,N,N
2.291600e+09,1.226998e+18,2.522156e+21,2.116446e+20,2.052895e+09,1.812207e+18,1.049005e+22,2.187683e+21,9.457212e+08,1.450892e+17,1.961650e+20,1.263468e+20,3,47,N,N
5.630099e+08,6.235991e+16,9.742877e+19,7.494760e+18,4.941199e+08,1.052079e+17,2.734144e+20,4.759352e+19,2.464255e+08,5.728568e+15,5.637005e+18,2.309831e+18,0,58,N,N
9.603033e+08,2.172377e+17,4.465257e+20,3.518125e+19,8.245594e+08,3.705787e+17,8.215257e+20,1.111837e+20,3.586353e+08,1.889594e+16,2.352053e+19,1.758599e+18,2,54,N,N
9.267565e+08,1.868441e+17,4.512882e+20,3.387434e+19,8.075367e+08,3.053394e+17,1.024424e+21,1.814348e+20,3.753202e+08,1.711374e+16,3.187106e+19,6.016891e+18,3,55,N,N
6.572182e+08,8.479138e+16,1.470385e+20,1.173570e+19,5.885358e+08,1.344837e+17,4.636468e+20,1.010809e+20,2.973571e+08,4.818852e+15,1.367600e+19,6.978412e+18,1,58,N,N
2.204752e+09,8.583623e+17,1.709925e+21,1.463604e+20,1.861964e+09,1.620765e+18,7.146693e+21,1.365614e+21,9.355212e+08,1.430032e+17,1.338010e+20,6.223259e+19,0,2,N,N
1.227326e+09,5.112912e+17,5.075148e+20,4.943422e+19,1.114792e+09,6.860263e+17,1.951714e+21,3.634030e+20,3.997546e+08,1.761391e+16,2.759400e+19,1.764434e+19,1,46,N,N
1.066798e+09,3.434322e+17,4.658027e+20,3.963594e+19,9.216832e+08,5.368093e+17,8.524686e+20,1.269503e+20,3.358389e+08,2.230041e+16,7.217712e+18,2.454158e+18,0,101,N,N
6.400879e+08,1.020136e+17,1.609602e+20,1.283926e+19,5.402827e+08,1.756581e+17,2.876436e+20,4.062952e+19,2.209919e+08,9.979982e+15,4.306592e+18,3.214147e+17,0,43,N,N
1.589549e+09,5.919879e+17,1.485533e+21,1.116547e+20,1.370124e+09,9.782924e+17,2.989553e+21,5.046377e+20,6.011316e+08,4.835593e+16,8.362998e+19,2.795597e+19,0,42,N,N
9.296814e+08,2.252854e+17,4.928044e+20,4.312913e+19,8.559680e+08,3.009586e+17,1.319012e+21,2.537834e+20,3.816281e+08,5.938341e+15,4.146110e+19,1.398017e+19,2,93,N,N
7.157251e+08,2.022665e+17,1.337937e+20,1.369004e+19,6.788411e+08,2.373431e+17,6.095254e+20,1.108582e+20,2.291075e+08,1.440763e+15,6.080476e+18,3.663413e+18,0,103,N,N
2.061424e+09,1.051781e+18,2.209141e+21,1.765911e+20,1.829386e+09,1.582693e+18,7.187499e+21,1.300760e+21,8.040146e+08,7.132762e+16,9.045398e+19,4.940214e+19,2,85,N,N
1.452319e+09,6.559431e+17,6.911580e+20,6.765281e+19,1.324986e+09,8.792365e+17,3.186155e+21,5.381857e+20,5.158049e+08,3.346027e+16,2.987467e+19,1.464140e+19,1,77,N,N
1.197524e+09,3.578053e+17,5.602176e+20,5.680974e+19,1.062712e+09,5.335770e+17,1.884913e+21,3.104989e+20,4.691619e+08,2.494428e+16,3.412588e+19,6.553497e+18,1,91,N,N
1.689968e+09,7.749507e+17,7.173718e+20,6.641869e+19,1.639296e+09,8.733958e+17,6.368019e+21,1.609584e+21,7.593113e+08,3.703480e+16,1.076122e+20,1.239106e+20,2,87,N,N
7.133352e+08,1.367796e+17,1.988319e+20,1.715401e+19,6.151555e+08,2.194444e+17,4.374887e+20,7.009698e+19,2.454649e+08,1.018894e+16,5.741297e+18,1.425222e+18,1,43,N,N
1.068547e+09,3.390741e+17,3.700268e+20,3.265417e+19,9.411008e+08,5.041830e+17,1.208653e+21,2.001206e+20,3.588033e+08,1.823872e+16,8.570826e+18,4.811832e+18,3,88,N,N
1.002427e+09,2.255045e+17,4.522651e+20,3.412497e+19,8.986330e+08,3.402405e+17,1.076750e+21,2.140960e+20,4.241561e+08,1.502712e+16,1.988711e+19,1.279630e+19,1,45,N,N
8.641477e+08,2.388973e+17,2.060901e+20,2.393572e+19,7.996387e+08,3.074323e+17,9.207456e+20,1.687270e+20,3.111963e+08,4.419532e+15,8.239521e+18,6.105292e+18,3,102,N,N
7.331179e+08,1.083544e+17,2.333507e+20,1.883300e+19,6.388872e+08,1.794718e+17,5.094370e+20,9.894822e+19,3.097342e+08,8.890958e+15,1.889764e+19,5.089248e+18,0,52,N,N
9.069900e+08,2.057444e+17,2.481733e+20,2.094818e+19,8.413299e+08,2.715852e+17,1.126795e+21,2.115776e+20,3.877420e+08,4.775085e+15,1.967137e+19,9.221211e+18,1,53,N,N
1.527090e+09,5.181102e+17,1.315013e+21,1.038247e+20,1.345299e+09,8.112124e+17,3.367622e+21,6.645831e+20,6.264368e+08,3.739657e+16,9.431909e+19,4.129907e+19,1,34,N,N
9.407596e+08,2.739038e+17,2.548918e+20,2.294575e+19,8.046903e+08,4.367411e+17,6.194558e+20,8.847103e+19,2.813389e+08,1.854228e+16,4.177765e+18,1.387247e+18,1,100,N,N
1.306573e+09,4.418409e+17,8.363286e+20,6.983483e+19,1.218014e+09,5.683202e+17,3.211830e+21,6.816370e+20,5.533262e+08,1.848600e+16,7.922569e+19,4.334389e+19,1,93,N,N
4.891204e+07,1.497288e+15,3.218789e+17,2.709906e+16,5.598898e+07,1.000889e+15,6.744526e+17,3.934904e+17,1.729626e+07,8.037555e+13,2.732248e+16,1.105020e+17,2,73,N,N
1.434745e+09,6.350684e+17,9.015870e+20,8.383326e+19,1.374667e+09,7.427639e+17,4.020514e+21,7.532321e+20,5.778973e+08,5.544876e+15,1.127502e+20,3.621124e+19,0,75,N,N
6.978330e+08,1.524523e+17,1.504295e+20,1.428696e+19,6.320347e+08,2.079091e+17,5.137490e+20,8.964449e+19,2.418691e+08,4.497732e+15,5.243040e+18,2.907857e+18,2,83,N,N
6.513233e+08,1.381597e+17,1.404099e+20,1.336698e+19,5.918006e+08,1.859634e+17,4.255062e+20,7.159018e+19,2.202023e+08,3.622515e+15,5.871608e+18,2.173899e+18,1,83,N,N
1.892843e+09,8.437507e+17,2.005313e+21,1.678583e+20,1.660903e+09,1.321091e+18,6.127204e+21,1.187065e+21,7.434826e+08,9.303203e+16,1.294956e+20,6.024076e+19,0,47,N,N
1.530245e+09,5.758229e+17,7.146250e+20,6.239656e+19,1.500547e+09,6.206894e+17,5.279967e+21,1.240007e+21,7.429451e+08,9.923532e+15,7.449468e+19,9.236258e+19,1,36,N,N
1.042786e+09,3.534988e+17,3.053917e+20,2.886898e+19,9.800244e+08,4.416132e+17,1.499870e+21,3.375822e+20,3.854696e+08,3.970574e+15,1.907302e+19,1.756099e+19,0,1,N,N
1.010607e+09,2.225142e+17,4.882563e+20,3.738991e+19,8.872539e+08,3.577641e+17,1.257754e+21,2.273505e+20,4.157382e+08,1.716912e+16,3.330564e+19,9.363845e+18,2,55,N,N
1.273600e+09,5.957151e+17,8.938343e+20,8.517490e+19,1.205221e+09,7.098886e+17,2.640977e+21,5.113838e+20,4.343020e+08,6.006832e+15,5.989168e+19,2.056259e+19,3,76,N,N
1.599125e+09,3.931659e+17,1.472117e+21,1.020607e+20,1.331664e+09,8.003191e+17,3.314914e+21,6.331274e+20,7.058917e+08,8.675280e+16,1.441325e+20,2.326477e+19,0,65,N,N
1.033428e+09,3.499206e+17,4.499268e+20,4.126197e+19,9.334950e+08,4.782457e+17,9.365358e+20,1.694954e+20,3.422985e+08,1.123067e+16,1.314621e+19,6.150446e+18,0,104,N,N
1.275048e+09,5.108855e+17,7.118204e+20,6.606212e+19,1.172316e+09,6.877915e+17,2.442307e+21,4.986762e+20,4.578532e+08,2.418470e+16,5.874210e+19,2.406579e+19,0,6,N,N
1.202152e+09,4.048608e+17,4.606705e+20,4.378598e+19,1.091355e+09,5.640299e+17,2.005382e+21,3.822340e+20,4.551410e+08,1.294515e+16,3.267816e+19,1.719120e+19,0,51,N,N
1.770866e+09,1.031439e+18,1.024181e+21,1.011254e+20,1.669292e+09,1.246281e+18,6.085761e+21,1.290294e+21,6.546598e+08,4.263830e+16,6.889825e+19,6.300221e+19,1,98,N,N
1.075719e+09,2.588621e+17,3.998316e+20,3.244053e+19,9.438905e+08,4.113987e+17,1.486355e+21,2.706508e+20,4.351208e+08,2.545942e+16,2.128309e+19,7.978642e+18,1,80,N,N
8.372981e+08,2.500538e+17,1.737401e+20,1.781533e+19,7.798167e+08,3.107758e+17,7.405938e+20,1.159553e+20,2.798419e+08,5.188821e+15,5.315920e+18,2.107397e+18,0,71,N,N
1.327591e+09,4.969859e+17,3.829071e+20,3.574853e+19,1.318528e+09,5.116282e+17,3.911601e+21,9.526387e+20,6.139954e+08,1.246894e+16,4.706967e+19,7.747495e+19,1,78,N,N
6.663127e+08,1.404356e+17,1.557327e+20,1.418922e+19,6.316383e+08,1.677389e+17,5.385393e+20,1.099704e+20,2.569201e+08,1.309910e+15,1.057929e+19,6.861915e+18,0,90,N,N
1.457626e+09,4.059488e+17,9.674098e+20,7.277595e+19,1.257454e+09,6.935653e+17,2.450502e+21,4.775847e+20,6.248297e+08,4.162308e+16,6.700761e+19,2.765969e+19,3,57,N,N
7.907728e+08,1.912951e+17,2.182755e+20,1.860765e+19,6.921358e+08,2.863688e+17,4.640693e+20,6.911063e+19,2.556559e+08,1.051586e+16,4.188391e+18,1.237990e+18,0,20,N,N
1.527088e+09,4.438376e+17,8.529567e+20,6.707659e+19,1.328988e+09,7.468351e+17,2.598686e+21,5.221955e+20,6.629341e+08,4.654877e+16,3.829228e+19,3.578841e+19,2,57,N,N
7.584303e+08,2.151467e+17,1.743585e+20,1.735833e+19,7.221818e+08,2.539674e+17,7.368132e+20,1.475224e+20,2.586122e+08,1.587414e+15,9.869690e+18,6.984768e+18,2,103,N,N
9.943811e+08,2.930789e+17,3.396794e+20,3.060302e+19,8.617059e+08,4.540702e+17,8.666415e+20,1.327114e+20,3.208398e+08,1.820743e+16,7.004765e+18,2.441327e+18,2,88,N,N
8.827998e+08,1.436898e+17,3.153287e+20,2.628681e+19,7.666244e+08,2.483330e+17,9.182035e+20,2.229206e+20,3.887334e+08,2.243053e+16,3.268933e+19,1.546353e+19,0,82,N,N
8.344786e+08,1.413579e+17,3.187671e+20,2.462813e+19,7.362341e+08,2.367721e+17,7.685934e+20,1.437942e+20,3.620926e+08,9.652211e+15,2.866878e+19,7.019623e+18,3,50,N,N
1.718144e+09,4.382475e+17,1.220323e+21,8.813271e+19,1.428386e+09,9.122220e+17,4.008251e+21,7.795545e+20,7.667660e+08,9.559469e+16,7.615022e+19,4.386394e+19,0,35,N,N
2.073813e+09,1.035658e+18,2.290305e+21,1.853076e+20,1.837564e+09,1.572794e+18,7.420483e+21,1.350944e+21,8.199626e+08,6.971593e+16,8.609903e+19,5.468723e+19,1,85,N,N
7.757473e+08,1.679965e+17,2.528800e+20,2.144392e+19,6.784219e+08,2.571953e+17,3.938846e+20,6.158363e+19,2.686110e+08,1.236601e+16,4.419617e+18,1.690926e+18,0,89,N,N
1.338342e+09,5.645473e+17,5.470463e+20,5.002313e+19,1.264287e+09,6.819526e+17,3.163287e+21,5.846070e+20,5.129239e+08,6.179210e+15,1.224013e+19,2.980599e+19,2,56,N,N
2.067794e+09,1.349176e+18,1.354320e+21,1.204827e+20,1.995825e+09,1.559523e+18,8.580968e+21,2.105288e+21,8.353613e+08,5.193924e+15,6.816493e+19,1.579370e+20,1,79,N,N
1.304016e+09,3.374312e+17,7.091197e+20,5.033369e+19,1.136597e+09,5.583875e+17,2.336506e+21,4.792839e+20,5.567899e+08,3.403970e+16,3.977554e+19,3.124329e+19,0,69,N,N
1.321616e+09,3.838730e+17,7.859955e+20,6.484803e+19,1.123550e+09,6.684148e+17,1.952753e+21,3.366046e+20,5.040831e+08,4.268554e+16,3.820813e+19,1.440839e+19,2,96,N,N
1.696689e+09,7.002387e+17,1.106808e+21,1.017158e+20,1.598110e+09,8.733158e+17,5.764159e+21,1.452085e+21,7.631953e+08,3.696492e+16,1.479179e+20,1.308689e+20,0,87,N,N
1.071143e+09,2.257986e+17,3.999668e+20,3.108915e+19,9.130412e+08,4.012736e+17,1.072793e+21,1.697864e+20,4.381058e+08,2.907076e+16,2.304611e+19,6.300979e+18,0,21,N,N
1.442269e+09,4.250790e+17,9.020353e+20,5.795697e+19,1.222350e+09,7.616181e+17,1.976675e+21,3.736030e+20,5.707669e+08,5.062448e+16,4.034736e+19,3.692286e+19,0,46,N,N
8.932082e+08,2.337753e+17,2.969097e+20,2.586898e+19,7.950550e+08,3.382553e+17,6.974036e+20,1.205103e+20,3.116282e+08,1.084736e+16,6.357779e+18,4.173310e+18,1,89,N,N
7.814882e+08,2.369843e+17,1.825049e+20,1.880364e+19,7.303802e+08,2.895851e+17,6.650260e+20,1.134514e+20,2.437414e+08,2.841844e+15,5.322960e+18,2.762841e+18,1,60,N,N
7.770335e+08,2.073471e+17,2.128367e+20,2.155334e+19,7.228326e+08,2.606766e+17,7.076593e+20,9.890442e+19,2.674963e+08,3.422776e+15,1.186230e+19,1.959361e+18,1,37,N,N
1.438547e+09,6.707889e+17,8.237829e+20,7.897197e+19,1.375803e+09,7.804963e+17,3.275566e+21,6.981580e+20,5.571271e+08,7.707524e+15,2.989903e+19,4.074899e+19,1,76,N,N
1.913931e+09,9.805574e+17,1.325539e+21,1.154172e+20,1.742208e+09,1.328316e+18,6.437835e+21,1.486455e+21,7.650725e+08,6.210686e+16,1.174612e+20,1.161986e+20,3,67,N,N
1.318407e+09,4.714283e+17,8.813147e+20,7.143236e+19,1.202929e+09,6.401746e+17,2.665826e+21,5.029829e+20,5.192895e+08,1.395882e+16,4.801493e+19,2.643805e+19,0,44,N,N
1.038605e+09,3.143638e+17,4.242464e+20,3.612628e+19,8.928267e+08,4.996073e+17,7.833353e+20,1.136216e+20,3.325543e+08,2.297105e+16,6.439209e+18,2.318841e+18,1,101,N,N
1.012558e+09,4.237591e+17,3.006563e+20,3.190753e+19,9.690549e+08,4.841876e+17,1.531470e+21,2.917990e+20,3.192862e+08,3.246230e+15,1.528487e+19,1.174129e+19,1,74,N,N
1.132596e+09,4.836017e+17,4.053556e+20,3.870327e+19,1.079264e+09,5.669394e+17,1.977365e+21,3.949518e+20,3.839156e+08,3.324832e+15,2.046348e+19,2.053415e+19,2,74,N,N
1.290973e+09,3.108841e+17,9.068334e+20,6.962623e+19,1.077343e+09,5.926581e+17,1.761879e+21,3.465073e+20,5.213696e+08,5.124366e+16,5.963994e+19,1.925295e+19,1,25,N,N
8.184182e+08,1.928649e+17,2.491473e+20,2.596417e+19,8.280145e+08,1.859610e+17,1.154806e+21,2.309963e+20,3.888940e+08,3.359323e+15,2.849797e+19,1.172133e+19,3,94,N,N
1.609019e+09,6.778203e+17,9.486887e+20,8.253492e+19,1.379985e+09,1.106397e+18,2.784202e+21,4.685339e+20,5.573921e+08,5.703727e+16,2.137631e+19,1.591650e+19,1,68,N,N
7.563099e+08,1.111726e+17,2.135095e+20,1.646909e+19,6.789144e+08,1.687008e+17,6.661285e+20,1.490763e+20,3.457447e+08,6.060378e+15,2.092055e+19,1.247127e+19,3,58,N,N
5.349668e+08,5.168685e+16,8.963874e+19,6.783777e+18,4.292963e+08,1.111223e+17,1.128480e+20,1.335462e+19,2.019541e+08,1.307764e+16,2.218999e+18,6.925152e+16,0,31,N,N
7.741938e+08,1.187815e+17,2.408775e+20,1.824568e+19,6.553692e+08,2.146401e+17,5.125930e+20,8.324995e+19,3.110007e+08,1.412869e+16,1.187400e+19,1.794263e+18,3,52,N,N
1.463894e+09,5.090289e+17,1.163665e+21,1.065238e+20,1.339005e+09,6.985799e+17,4.249695e+21,8.442501e+20,6.280972e+08,3.668150e+16,9.896186e+19,3.931868e+19,0,33,N,N
6.444186e+08,1.336255e+17,1.361626e+20,1.230224e+19,6.158691e+08,1.567502e+17,5.021296e+20,1.002051e+20,2.505200e+08,1.285757e+15,7.005200e+18,5.803356e+18,2,90,N,N
1.604624e+09,5.819608e+17,1.413941e+21,1.131901e+20,1.365015e+09,1.019231e+18,2.860120e+21,4.382977e+20,6.023732e+08,5.839126e+16,8.123176e+19,1.877282e+19,1,42,N,N
9.268577e+08,1.878022e+17,2.699423e+20,1.993323e+19,9.076882e+08,2.463042e+17,1.219962e+21,4.051822e+20,4.795361e+08,1.001781e+16,2.428759e+19,5.595349e+19,1,50,N,N
1.018516e+09,3.071860e+17,3.163975e+20,3.341931e+19,9.443225e+08,3.977940e+17,1.429347e+21,2.845303e+20,3.906417e+08,5.780066e+15,1.358907e+19,1.503303e+19,1,102,N,N
7.714932e+07,4.950238e+15,5.860695e+17,1.316431e+17,9.990445e+07,3.035178e+15,1.287434e+19,6.247915e+18,2.955331e+07,5.442118e+14,8.738655e+17,9.476750e+17,3,73,N,N
1.497085e+09,7.033619e+17,7.068599e+20,7.055378e+19,1.385764e+09,9.028546e+17,3.717661e+21,6.829128e+20,5.477070e+08,2.793871e+16,3.601399e+19,2.381493e+19,2,77,N,N
1.749327e+09,3.978669e+17,1.915782e+21,1.396741e+20,1.427963e+09,9.046805e+17,3.903447e+21,7.879638e+20,7.999893e+08,1.280825e+17,1.987325e+20,3.147781e+19,3,65,N,N
1.184406e+09,3.812271e+17,6.078970e+20,6.806183e+19,1.059889e+09,5.489018e+17,1.656987e+21,3.296644e+20,4.439107e+08,1.552350e+16,3.883207e+19,1.320851e+19,0,57,N,N
1.256591e+09,3.419429e+17,6.214939e+20,5.078493e+19,1.098975e+09,5.757573e+17,1.810083e+21,3.408244e+20,5.145713e+08,2.594517e+16,3.656530e+19,1.730065e+19,1,51,N,N
1.127614e+09,3.455587e+17,4.167424e+20,4.434171e+19,1.002594e+09,5.124330e+17,1.519867e+21,2.721544e+20,4.190177e+08,1.567675e+16,2.821787e+19,9.384467e+18,3,51,N,N
9.530555e+08,2.831174e+17,3.812800e+20,3.561739e+19,8.794164e+08,3.661395e+17,1.124834e+21,1.653377e+20,3.481959e+08,6.423741e+15,2.207474e+19,3.833922e+18,0,66,N,N
7.201718e+08,2.112279e+17,1.489987e+20,1.469264e+19,6.691523e+08,2.608842e+17,5.134384e+20,7.974519e+19,2.095992e+08,2.683602e+15,3.079794e+18,1.724807e+18,0,60,N,N
7.127645e+08,1.244877e+17,2.066218e+20,1.670428e+19,6.501885e+08,1.745567e+17,5.377893e+20,1.048283e+20,2.980632e+08,4.785963e+15,1.353454e+19,7.215802e+18,2,12,N,N
1.015938e+09,2.656664e+17,5.015200e+20,4.092824e+19,9.156267e+08,3.798029e+17,1.118231e+21,1.473855e+20,4.010509e+08,1.546500e+16,3.185508e+19,2.695289e+18,1,66,N,N
1.149394e+09,2.809920e+17,4.857664e+20,3.450094e+19,9.814975e+08,4.878049e+17,1.302397e+21,2.384073e+20,4.519771e+08,2.884270e+16,1.535650e+19,1.762270e+19,2,95,N,N
1.155419e+09,4.769313e+17,5.616857e+20,5.129051e+19,1.096688e+09,5.686675e+17,2.255614e+21,4.054348e+20,4.062973e+08,6.506631e+15,3.747626e+19,1.656882e+19,1,44,N,N
1.744952e+09,7.502574e+17,1.052407e+21,8.614544e+19,1.674419e+09,8.798419e+17,6.301308e+21,1.652747e+21,8.083736e+08,2.160514e+16,1.066726e+20,1.632818e+20,3,87,N,N
8.561012e+08,2.067363e+17,2.622959e+20,2.163108e+19,7.979145e+08,2.636111e+17,7.393073e+20,1.457283e+20,3.434114e+08,9.187096e+15,3.653830e+18,9.546975e+18,1,71,N,N
1.295984e+09,6.389572e+17,5.403171e+20,5.335116e+19,1.176764e+09,8.442741e+17,1.786315e+21,3.054954e+20,3.774927e+08,1.435860e+16,9.906053e+18,9.534404e+18,2,86,N,N
7.716974e+08,2.006269e+17,2.329660e+20,2.536216e+19,7.243125e+08,2.483539e+17,7.501960e+20,1.178057e+20,2.764289e+08,2.826628e+15,1.402631e+19,2.966504e+18,0,37,N,N
1.650101e+09,8.486688e+17,1.071432e+21,9.890095e+19,1.509839e+09,1.127592e+18,3.934447e+21,7.036873e+20,5.886374e+08,2.079054e+16,5.812507e+19,3.319523e+19,1,41,N,N
6.518580e+08,9.025697e+16,1.379347e+20,1.144559e+19,5.677829e+08,1.472343e+17,4.051611e+20,8.177016e+19,2.681509e+08,7.615600e+15,1.223661e+19,3.944293e+18,3,82,N,N
8.164424e+08,2.104823e+17,2.219983e+20,2.020649e+19,7.474234e+08,2.838418e+17,5.773717e+20,1.093187e+20,2.888766e+08,8.489847e+15,3.740849e+18,4.255990e+18,2,89,N,N
7.216681e+08,1.428341e+17,2.465189e+20,2.109118e+19,6.645987e+08,1.890107e+17,6.358280e+20,1.200077e+20,2.869859e+08,3.417559e+15,2.314897e+19,5.362751e+18,0,50,N,N
1.004433e+09,2.640482e+17,4.071901e+20,3.173408e+19,8.407158e+08,4.578276e+17,5.620931e+20,7.874469e+19,3.282934e+08,3.084461e+16,4.892179e+18,2.118257e+18,2,101,N,N
7.553186e+08,1.435589e+17,2.634292e+20,2.114708e+19,6.487586e+08,2.356882e+17,4.822108e+20,8.039867e+19,2.698781e+08,1.146775e+16,8.315674e+18,2.695688e+18,0,29,N,N
1.907759e+09,1.257949e+18,1.272129e+21,1.159860e+20,1.814775e+09,1.489250e+18,7.259315e+21,1.378192e+21,6.932281e+08,9.062309e+15,6.110022e+19,7.295026e+19,0,81,N,N
1.528537e+09,1.817301e+17,1.384057e+21,8.147763e+19,1.244698e+09,5.043205e+17,3.067798e+21,6.379072e+20,8.184466e+08,1.201551e+17,1.880387e+20,3.618808e+19,1,97,N,N
2.141312e+09,1.061510e+18,1.705702e+21,1.479011e+20,1.900051e+09,1.646147e+18,7.579383e+21,1.757887e+21,8.706656e+08,9.103370e+16,1.740997e+20,1.435734e+20,1,67,N,N
8.676253e+08,2.773997e+17,2.213869e+20,2.265522e+19,8.951712e+08,2.498863e+17,1.621733e+21,3.609575e+20,3.695461e+08,1.982269e+15,3.152858e+19,2.382039e+19,0,78,N,N
8.150559e+08,2.312998e+17,2.457986e+20,2.247311e+19,8.358291e+08,2.119047e+17,1.439661e+21,3.332081e+20,3.554261e+08,2.523975e+15,3.564448e+19,2.415566e+19,2,78,N,N
2.052976e+09,1.046742e+18,2.299192e+21,1.862357e+20,1.843418e+09,1.521620e+18,8.037236e+21,1.643708e+21,8.206368e+08,8.309951e+16,1.656123e+20,9.923303e+19,2,47,N,N
7.849685e+08,1.256543e+17,2.608286e+20,1.898124e+19,6.781722e+08,2.129821e+17,5.563996e+20,1.160416e+20,3.240136e+08,1.150851e+16,1.718307e+19,8.330340e+18,2,63,N,N
4.134250e+09,5.388437e+18,1.162601e+22,1.044072e+21,3.773981e+09,7.280614e+18,4.157543e+22,7.662747e+21,1.457163e+09,2.067953e+17,4.856360e+20,2.976713e+20,0,72,N,N
1.358297e+09,4.286709e+17,9.209716e+20,8.940303e+19,1.209620e+09,6.458947e+17,2.702327e+21,4.136651e+20,5.552847e+08,2.221224e+16,8.420381e+19,9.698214e+18,0,9,N,N
1.922573e+09,8.581090e+17,1.580805e+21,1.304184e+20,1.683446e+09,1.358929e+18,5.774723e+21,9.903189e+20,7.571773e+08,7.107321e+16,5.709469e+19,3.319519e+19,3,85,N,N
1.341664e+09,8.461236e+17,5.543343e+20,5.744235e+19,1.353709e+09,8.286594e+17,4.051319e+21,7.959470e+20,4.338661e+08,4.098445e+15,3.451434e+19,3.680877e+19,2,70,N,N
1.192657e+09,5.454946e+17,5.718602e+20,6.217873e+19,1.156331e+09,6.082221e+17,2.510339e+21,4.434305e+20,4.179997e+08,1.441198e+15,3.182609e+19,1.307954e+19,2,59,N,N
8.980086e+08,1.843031e+17,3.699815e+20,2.919719e+19,8.199881e+08,2.596582e+17,9.547014e+20,2.091249e+20,3.917052e+08,6.515212e+15,3.211841e+19,1.894921e+19,1,12,N,N
5.912581e+08,1.074525e+17,1.103523e+20,1.049823e+19,5.230672e+08,1.566576e+17,2.989198e+20,4.550601e+19,1.954682e+08,4.726614e+15,3.207395e+18,9.220800e+17,3,83,N,N
9.693608e+08,1.474013e+17,3.922287e+20,2.727479e+19,7.728846e+08,3.379522e+17,6.382602e+20,9.624014e+19,3.889658e+08,3.860513e+16,1.283862e+19,1.919840e+18,0,62,N,N
1.309012e+09,3.123307e+17,5.627542e+20,4.756037e+19,1.203792e+09,4.465941e+17,3.005021e+21,6.278323e+20,6.453118e+08,2.010200e+16,6.877822e+19,2.814899e+19,3,64,N,N
9.159170e+08,1.664284e+17,4.125033e+20,2.806901e+19,7.725937e+08,3.081985e+17,7.973110e+20,1.399957e+20,3.646374e+08,2.054523e+16,1.777222e+19,5.833258e+18,2,69,N,N
2.018672e+09,8.016137e+17,2.223572e+21,1.557725e+20,1.740612e+09,1.378811e+18,6.195096e+21,1.238937e+21,8.454935e+08,8.399717e+16,9.255925e+19,9.905163e+19,1,47,N,N
1.383854e+09,5.770511e+17,7.913244e+20,6.675566e+19,1.314159e+09,6.918242e+17,3.577681e+21,5.985925e+20,5.555671e+08,4.863953e+15,7.128842e+19,1.863016e+19,1,75,N,N
9.031474e+08,3.421909e+17,3.019001e+20,3.430623e+19,8.884759e+08,3.628596e+17,1.299585e+21,2.118309e+20,3.038698e+08,3.567766e+14,1.737505e+19,4.488905e+18,1,59,N,N
6.935546e+08,1.190268e+17,1.889397e+20,1.496500e+19,6.395306e+08,1.669839e+17,5.373682e+20,1.012715e+20,2.951843e+08,4.057115e+15,9.754417e+18,6.765662e+18,0,12,N,N
1.400854e+09,5.549339e+17,8.929006e+20,7.938080e+19,1.244564e+09,8.142768e+17,2.474801e+21,3.987333e+20,4.998166e+08,2.476866e+16,3.155730e+19,9.891094e+18,0,40,N,N
1.603675e+09,3.464513e+17,6.733564e+20,5.012126e+19,1.425957e+09,6.099487e+17,4.274853e+21,9.382293e+20,8.395778e+08,6.224723e+16,3.906552e+19,5.607452e+19,0,64,N,N
1.123662e+09,3.643879e+17,5.763202e+20,5.233937e+19,1.025196e+09,4.951694e+17,1.679831e+21,2.614525e+20,4.215571e+08,9.789440e+15,4.075182e+19,8.014250e+18,3,66,N,N
5.000534e+09,5.189041e+18,1.912892e+22,1.301793e+21,4.296365e+09,9.378768e+18,4.877109e+22,9.645391e+21,2.022938e+09,5.104562e+17,4.326119e+20,6.124839e+20,1,72,N,N
2.182337e+09,1.249533e+18,1.424347e+21,1.294588e+20,2.117064e+09,1.402684e+18,1.218615e+22,3.074312e+21,9.994611e+08,4.963686e+16,1.946752e+20,2.393984e+20,0,4,N,N
9.145695e+08,1.373249e+17,3.256515e+20,2.386343e+19,7.738895e+08,2.611698e+17,7.460137e+20,1.267325e+20,4.036203e+08,2.097472e+16,1.945049e+19,4.243327e+18,2,50,N,N
9.783084e+08,4.143679e+17,3.323812e+20,3.667448e+19,9.611855e+08,4.364681e+17,1.575206e+21,2.877231e+20,3.179603e+08,5.827840e+14,2.323914e+19,1.108347e+19,0,61,N,N
7.773113e+08,2.237475e+17,2.039694e+20,2.027580e+19,7.281022e+08,2.770297e+17,6.561747e+20,1.222054e+20,2.554352e+08,2.817598e+15,8.031231e+18,4.260066e+18,3,60,N,N
1.453690e+09,5.768531e+17,8.596194e+20,7.688291e+19,1.353657e+09,7.381279e+17,3.728214e+21,6.217997e+20,5.946062e+08,1.013400e+16,7.445451e+19,1.967882e+19,3,75,N,N
1.111698e+09,2.173781e+17,5.659319e+20,4.273318e+19,9.415485e+08,4.152785e+17,1.237928e+21,3.025570e+20,4.753125e+08,3.368282e+16,5.465643e+19,2.366688e+19,1,62,N,N
1.243168e+09,3.494155e+17,4.623708e+20,3.848474e+19,1.118021e+09,5.305120e+17,2.305028e+21,4.601203e+20,5.269458e+08,2.745274e+16,3.094207e+19,1.912982e+19,2,80,N,N
1.030558e+09,2.049698e+17,5.214852e+20,4.192146e+19,8.783999e+08,3.639170e+17,1.066838e+21,1.506044e+20,4.273361e+08,2.315742e+16,3.598235e+19,1.720472e+18,0,91,N,N
1.086810e+09,2.528118e+17,4.883026e+20,3.200850e+19,9.426715e+08,4.198112e+17,1.209527e+21,2.320175e+20,4.402421e+08,2.208356e+16,1.696996e+19,2.131293e+19,1,95,N,N
7.884068e+08,2.385379e+17,1.504460e+20,1.754157e+19,7.776674e+08,2.795849e+17,9.033327e+20,2.314631e+20,2.895336e+08,1.227868e+14,1.088540e+19,1.490833e+19,1,103,N,N
1.303520e+09,4.088760e+17,6.691406e+20,5.993456e+19,1.082034e+09,7.426766e+17,1.311542e+21,2.055264e+20,4.436931e+08,4.914322e+16,1.463669e+19,4.464896e+18,0,68,N,N
1.098688e+09,3.493420e+17,5.150148e+20,4.543604e+19,9.700874e+08,5.193858e+17,1.186501e+21,2.048728e+20,3.791499e+08,1.658892e+16,1.809609e+19,6.650286e+18,2,104,N,N
7.800735e+08,1.065573e+17,2.594854e+20,1.897123e+19,6.526867e+08,2.056556e+17,4.826950e+20,8.476160e+19,3.280448e+08,1.634333e+16,1.748399e+19,2.589062e+18,2,52,N,N
7.754611e+08,1.683835e+17,2.091528e+20,1.855328e+19,6.876917e+08,2.481984e+17,4.117591e+20,6.731021e+19,2.775160e+08,1.327280e+16,2.509312e+18,2.038751e+18,3,89,N,N
4.429035e+06,1.685910e+13,2.596146e+14,4.439105e+13,1.572528e+07,5.557833e+13,2.141583e+17,4.913198e+16,1.163500e+07,1.288432e+14,8.577749e+16,7.749879e+16,0,30,N,N
1.250586e+09,4.273457e+17,6.882550e+20,5.724416e+19,1.112960e+09,6.319633e+17,1.691936e+21,3.233024e+20,4.593518e+08,1.906726e+16,2.743926e+19,1.438448e+19,3,104,N,N
1.095001e+09,3.340179e+17,4.989900e+20,4.758328e+19,1.001334e+09,4.649746e+17,1.615623e+21,3.598984e+20,4.244160e+08,8.932221e+15,3.059069e+19,2.262282e+19,0,45,N,N
1.239280e+09,7.898178e+17,3.739872e+20,4.027868e+19,1.276623e+09,7.248525e+17,3.636991e+21,7.304056e+20,3.879081e+08,4.998235e+15,2.903890e+19,3.178717e+19,1,70,N,N
2.745665e+09,2.189342e+18,2.983728e+21,2.742525e+20,2.460355e+09,3.112553e+18,1.360654e+22,2.398154e+21,9.831275e+08,1.369248e+17,7.429745e+19,8.198990e+19,1,99,N,N
1.713736e+09,7.080276e+17,9.610776e+20,7.615551e+19,1.489341e+09,1.137579e+18,3.767638e+21,6.685610e+20,6.482818e+08,5.517481e+16,2.783082e+18,3.073963e+19,2,98,N,N
1.242124e+09,2.532897e+17,8.579477e+20,6.498663e+19,1.043415e+09,4.907605e+17,1.777819e+21,3.119955e+20,5.422952e+08,4.054860e+16,7.105654e+19,1.267882e+19,0,19,N,N
1.332980e+09,3.520487e+17,7.264965e+20,5.582524e+19,1.161992e+09,5.844784e+17,2.464407e+21,5.043021e+20,5.686610e+08,3.915450e+16,4.122630e+19,3.544335e+19,3,69,N,N
1.443158e+09,6.276286e+17,7.878836e+20,7.460301e+19,1.344741e+09,7.928992e+17,3.293903e+21,5.641948e+20,5.531486e+08,1.049037e+16,5.355692e+19,2.117727e+19,0,24,N,N
1.338422e+09,9.291819e+17,3.972736e+20,4.279359e+19,1.378273e+09,8.552023e+17,4.374473e+21,8.792669e+20,4.147920e+08,8.525042e+15,3.362279e+19,3.733630e+19,3,70,N,N
9.153125e+08,2.501826e+17,2.364534e+20,2.121317e+19,7.758899e+08,4.124649e+17,5.385936e+20,7.370862e+19,2.757748e+08,1.957079e+16,4.019909e+18,9.970440e+17,2,100,N,N
7.969747e+08,2.502195e+17,1.974609e+20,1.990514e+19,7.890810e+08,2.595209e+17,1.006069e+21,2.275645e+20,2.888746e+08,4.466877e+14,2.136127e+19,1.450496e+19,3,103,N,N
1.229908e+09,3.506725e+17,8.084330e+20,6.416042e+19,1.116440e+09,5.017806e+17,2.508689e+21,5.118619e+20,5.242876e+08,2.065388e+16,6.642622e+19,3.316085e+19,0,93,N,N
8.202414e+08,1.981975e+17,2.242380e+20,2.001746e+19,7.541223e+08,2.614070e+17,7.620749e+20,1.243212e+20,3.089910e+08,5.639503e+15,1.031045e+19,3.463131e+18,3,71,N,N
7.798515e+08,1.734570e+17,1.878178e+20,1.726371e+19,7.436752e+08,2.055553e+17,8.255026e+20,1.465602e+20,3.274784e+08,2.903319e+15,1.439992e+19,5.713145e+18,3,53,N,N
1.189692e+09,2.697796e+17,7.749427e+20,5.973155e+19,9.936539e+08,5.121600e+17,1.391685e+21,1.981810e+20,4.746699e+08,3.850132e+16,5.141105e+19,4.533841e+18,3,54,N,N
1.109622e+09,3.481782e+17,4.022184e+20,3.390065e+19,9.432752e+08,5.765666e+17,9.487091e+20,1.420173e+20,3.532389e+08,2.767905e+16,8.335018e+18,3.320775e+18,3,100,N,N
1.241728e+09,5.614871e+17,4.537470e+20,4.462008e+19,1.162024e+09,6.880007e+17,2.413537e+21,4.118786e+20,4.130951e+08,1.940923e+16,1.826508e+19,1.099301e+19,0,77,N,N
6.651399e+08,7.907516e+16,2.035692e+20,1.288899e+19,5.830075e+08,1.336194e+17,3.548798e+20,7.339405e+19,3.018352e+08,9.460808e+15,9.834418e+18,6.958951e+18,2,48,N,N
9.299006e+08,3.361401e+17,2.730542e+20,2.635166e+19,8.798661e+08,4.018408e+17,1.127975e+21,2.069085e+20,3.000944e+08,2.506349e+15,1.180478e+19,8.191513e+18,3,74,N,N
2.201982e+09,1.291944e+18,1.781416e+21,1.593729e+20,1.995597e+09,1.804857e+18,9.040900e+21,1.866003e+21,8.591288e+08,5.439584e+16,1.456311e+20,1.162354e+20,0,41,N,N
1.382469e+09,5.947221e+17,5.400192e+20,5.221831e+19,1.280931e+09,7.641078e+17,3.150630e+21,5.945470e+20,5.098770e+08,2.040549e+16,2.562005e+19,2.669574e+19,3,84,N,N
2.007315e+09,1.502574e+18,1.669747e+21,1.650608e+20,1.861921e+09,1.879869e+18,6.647423e+21,1.190671e+21,6.362872e+08,2.847201e+16,7.589494e+19,5.016771e+19,0,7,N,N
1.979234e+09,5.792271e+17,2.040483e+21,1.649715e+20,1.653191e+09,1.178310e+18,5.512892e+21,1.170729e+21,8.980747e+08,1.730258e+17,2.036592e+20,5.465172e+19,2,65,N,N
2.519155e+09,1.497211e+18,3.291624e+21,2.787634e+20,2.239553e+09,2.285362e+18,1.119818e+22,2.473934e+21,1.015960e+09,1.404158e+17,3.807240e+20,1.663029e+20,0,5,N,N
1.314864e+09,3.176724e+17,9.568139e+20,6.364222e+19,1.117663e+09,5.832625e+17,1.713419e+21,3.261580e+20,5.541668e+08,4.347105e+16,3.364367e+19,2.190357e+19,2,49,N,N
