2.843837e+02,1.300917e+04,1.043714e+04,4.156658e+02,1.410139e+04,1.806372e+04,4.488991e+02,1.561192e+04,2.901631e+04,2.955592e+02,1.853519e+04,1.961983e+04,3,72,N,N
3.807778e+02,2.079648e+04,4.106760e+04,4.398592e+02,1.739700e+04,8.630496e+04,4.181958e+02,1.737139e+04,8.638239e+04,2.994079e+02,2.092099e+04,3.993235e+04,3,93,N,N
2.813068e+02,1.483655e+04,5.340339e+04,4.659325e+02,1.951313e+04,1.238600e+05,4.448888e+02,1.808311e+04,1.311961e+05,2.262983e+02,1.272509e+04,2.932107e+04,0,26,N,N
2.673054e+02,1.437399e+04,1.465575e+04,4.596627e+02,1.763257e+04,7.569888e+04,4.171749e+02,1.572115e+04,4.757466e+04,3.609149e+02,2.435371e+04,1.353276e+05,3,96,N,N
3.376392e+02,1.782226e+04,1.025766e+05,4.341094e+02,1.706625e+04,1.264006e+05,4.397697e+02,1.701764e+04,8.376453e+04,2.128641e+02,1.131333e+04,1.247540e+04,1,55,N,N
3.255349e+02,1.483893e+04,2.623287e+04,4.920347e+02,1.844533e+04,5.642949e+04,4.244863e+02,1.582533e+04,3.099500e+04,2.253996e+02,1.200445e+04,8.127632e+03,3,90,N,N
3.070604e+02,1.809537e+04,6.617244e+03,3.878006e+02,1.587822e+04,6.093128e+04,4.236320e+02,1.804834e+04,6.751285e+04,3.919940e+02,2.623513e+04,8.428520e+04,1,5,N,N
2.870810e+02,1.069209e+04,1.196543e+04,4.335578e+02,1.127787e+04,1.444586e+04,4.868461e+02,1.374156e+04,3.397911e+04,3.332524e+02,2.149895e+04,8.113254e+04,0,27,N,N
2.751674e+02,1.386465e+04,5.375077e+04,4.025399e+02,1.880879e+04,1.554175e+05,4.144470e+02,1.706563e+04,6.857909e+04,2.686383e+02,1.547216e+04,1.588498e+04,0,28,N,N
2.649440e+02,1.339161e+04,1.002103e+04,4.783337e+02,1.418967e+04,4.742997e+04,3.986236e+02,1.200283e+04,2.294949e+04,3.468184e+02,1.705633e+04,5.795750e+04,0,67,N,N
2.688845e+02,1.362363e+04,1.489549e+04,5.341788e+02,2.084470e+04,9.674100e+04,3.935034e+02,1.466286e+04,8.394578e+04,3.307877e+02,1.825401e+04,9.555075e+04,3,91,N,N
3.077704e+02,1.825222e+04,6.443660e+04,4.895860e+02,2.117654e+04,1.314355e+05,4.365616e+02,2.004889e+04,3.627093e+04,3.499846e+02,1.979994e+04,2.077003e+04,0,16,N,N
2.518297e+02,1.505184e+04,1.440453e+04,4.555109e+02,2.031898e+04,1.722349e+05,4.120431e+02,1.544402e+04,8.684912e+04,3.488900e+02,2.194952e+04,1.419601e+05,3,99,N,N
2.919580e+02,1.731432e+04,5.959522e+04,3.722240e+02,1.527109e+04,9.076613e+04,4.311989e+02,1.720374e+04,6.650980e+04,2.490810e+02,1.289043e+04,4.745301e+03,3,78,N,N
3.021410e+02,1.747787e+04,1.188162e+05,4.597027e+02,1.962644e+04,1.908153e+05,4.047098e+02,1.814641e+04,1.227223e+05,3.655876e+02,2.093874e+04,1.392710e+05,2,102,N,N
3.483555e+02,1.562895e+04,3.374958e+04,4.306743e+02,1.785391e+04,8.048920e+04,4.803116e+02,2.069333e+04,6.441343e+04,2.968163e+02,1.909250e+04,1.747004e+04,0,22,N,N
2.564865e+02,9.896075e+03,2.291391e+04,3.922495e+02,1.642515e+04,1.175587e+05,4.371852e+02,1.715945e+04,8.237520e+04,2.458892e+02,1.404208e+04,1.974137e+04,1,84,N,N
2.052586e+02,5.776213e+03,8.828634e+03,2.562435e+02,7.757577e+03,2.700774e+04,6.288759e+02,2.607519e+04,8.880996e+04,2.102225e+02,1.099352e+04,2.534824e+04,2,82,N,N
2.358240e+02,1.203585e+04,2.677500e+04,4.390600e+02,1.864657e+04,1.788746e+05,4.309228e+02,1.460529e+04,9.517526e+04,2.642612e+02,1.371180e+04,3.895332e+04,3,68,N,N
2.937293e+02,1.179808e+04,2.376243e+04,3.706576e+02,1.374651e+04,5.053152e+04,4.365287e+02,1.460675e+04,3.315958e+04,2.762040e+02,1.628183e+04,1.450457e+04,3,80,N,N
2.385239e+02,1.253521e+04,2.731077e+04,4.524016e+02,2.444133e+04,2.645244e+05,3.763551e+02,1.450265e+04,8.919278e+04,3.085968e+02,1.537822e+04,1.208123e+05,1,10,N,N
2.454283e+02,1.264974e+04,1.754275e+04,4.411149e+02,1.519491e+04,7.211018e+04,3.833531e+02,1.267245e+04,5.472894e+04,2.528578e+02,1.226917e+04,2.269547e+04,0,56,N,N
2.944915e+02,1.691473e+04,2.473816e+04,4.661863e+02,2.258702e+04,2.534726e+05,4.174794e+02,1.942643e+04,1.109347e+05,3.866055e+02,2.534439e+04,1.440682e+05,1,86,N,N
2.978366e+02,1.587072e+04,7.600150e+04,4.385825e+02,1.576201e+04,8.254080e+04,4.440040e+02,1.890088e+04,6.386640e+04,3.380569e+02,2.244288e+04,5.256895e+04,1,73,N,N
2.675707e+02,1.144784e+04,1.494968e+04,3.631391e+02,1.419737e+04,4.652413e+04,4.456283e+02,1.818479e+04,9.571661e+04,2.565296e+02,1.339237e+04,2.364606e+04,1,40,N,N
3.698319e+02,5.698181e+03,1.675653e+04,2.993709e+02,4.034145e+03,1.062646e+04,2.687964e+02,4.465299e+03,1.126717e+04,5.207230e+02,3.864648e+04,1.073129e+05,2,76,N,N
3.835695e+02,2.130768e+04,4.753162e+04,4.546181e+02,1.704774e+04,6.506573e+04,4.388254e+02,1.496975e+04,7.620333e+04,3.012496e+02,1.809846e+04,6.352243e+04,0,76,N,N
3.254249e+02,1.772056e+04,5.299309e+04,4.476433e+02,1.533085e+04,5.134332e+04,4.089124e+02,1.201530e+04,3.145724e+04,2.314317e+02,9.308007e+03,1.141506e+04,2,53,N,N
3.102439e+02,1.729414e+04,4.989590e+04,4.590868e+02,1.897173e+04,1.138657e+05,4.474475e+02,1.744221e+04,6.474597e+04,2.904352e+02,1.647732e+04,1.556743e+04,1,65,N,N
3.366212e+02,1.524121e+04,2.560234e+04,5.363546e+02,2.776303e+04,1.125324e+05,6.460649e+02,3.449014e+04,9.147960e+04,2.662965e+02,1.352544e+04,9.042432e+03,0,32,N,N
1.968027e+02,7.791171e+03,5.658902e+03,4.437639e+02,1.401475e+04,2.770689e+04,3.614804e+02,1.216518e+04,4.178828e+04,3.249778e+02,1.593123e+04,1.029616e+05,3,98,N,N
2.531856e+02,1.515546e+04,4.958767e+04,4.635745e+02,2.058410e+04,2.107005e+05,4.704114e+02,2.084796e+04,1.702055e+05,3.509610e+02,2.159899e+04,8.751444e+04,0,10,N,N
2.757279e+02,1.455263e+04,9.801201e+03,4.374805e+02,1.556221e+04,8.509806e+04,3.688772e+02,1.269644e+04,5.803741e+04,3.207864e+02,1.707793e+04,8.368804e+04,2,99,N,N
3.210269e+02,1.039665e+04,7.785445e+03,4.787299e+02,1.185875e+04,1.869310e+04,2.983966e+02,9.026489e+03,3.938404e+04,2.980590e+02,1.035320e+04,1.342023e+04,3,61,N,N
3.275216e+02,1.246916e+04,3.672844e+04,4.378359e+02,1.872912e+04,1.145875e+05,4.425842e+02,1.851880e+04,9.152832e+04,2.599716e+02,1.526879e+04,3.071435e+04,3,95,N,N
2.805298e+02,1.464023e+04,3.824537e+04,4.499502e+02,2.210287e+04,2.414418e+05,3.631112e+02,1.276939e+04,8.652227e+04,3.031880e+02,1.474236e+04,7.673590e+04,0,55,N,N
2.911275e+02,1.544960e+04,9.452391e+03,4.494728e+02,1.582473e+04,7.672017e+04,3.809424e+02,1.329236e+04,6.219622e+04,3.473895e+02,1.772846e+04,2.387786e+04,2,66,N,N
2.609171e+02,1.270612e+04,1.291022e+04,4.780606e+02,1.690305e+04,9.420308e+04,4.134001e+02,1.325444e+04,5.378565e+04,3.003394e+02,1.739560e+04,6.232097e+04,3,56,N,N
2.706567e+02,1.253782e+04,1.982056e+04,4.225107e+02,1.776203e+04,1.231543e+05,4.498615e+02,1.869015e+04,8.073813e+04,2.717047e+02,1.793524e+04,3.097957e+04,2,84,N,N
2.225543e+02,9.459307e+03,1.279621e+04,3.747334e+02,1.366179e+04,4.872580e+04,4.759934e+02,1.803559e+04,3.797570e+04,2.673376e+02,1.551024e+04,1.272530e+04,2,92,N,N
3.101354e+02,1.746782e+04,5.879431e+04,4.139604e+02,1.672223e+04,1.268960e+05,4.343361e+02,1.998847e+04,1.873850e+05,2.536556e+02,1.407854e+04,3.148498e+04,2,62,N,N
3.138273e+02,1.892865e+04,1.592155e+04,4.708129e+02,1.741856e+04,7.104303e+04,4.019368e+02,1.831697e+04,1.471159e+05,2.940243e+02,1.738225e+04,4.366733e+04,0,83,N,N
3.409270e+02,1.863126e+04,4.762306e+04,3.878347e+02,1.688776e+04,8.840401e+04,4.694663e+02,2.288197e+04,1.247586e+05,3.199303e+02,2.026755e+04,1.935260e+04,1,57,N,N
2.721568e+02,1.323194e+04,5.988052e+04,3.990275e+02,1.736932e+04,1.162207e+05,4.298088e+02,1.571996e+04,5.623291e+04,2.890737e+02,1.625169e+04,1.689626e+04,3,59,N,N
2.781851e+02,1.784555e+04,1.887941e+04,4.860906e+02,2.137472e+04,1.513389e+05,3.745697e+02,1.465987e+04,7.691161e+04,3.098694e+02,1.534784e+04,6.356990e+04,0,11,N,N
2.761793e+02,1.117416e+04,1.827525e+04,4.115261e+02,1.689086e+04,9.757630e+04,4.370019e+02,1.701296e+04,8.641342e+04,2.994905e+02,1.575422e+04,3.453299e+04,0,13,N,N
3.457965e+02,2.003115e+04,1.056779e+05,4.620483e+02,1.905001e+04,1.432833e+05,3.601092e+02,1.382342e+04,6.740721e+04,2.952751e+02,1.640826e+04,2.790622e+04,1,64,N,N
3.114772e+02,1.403716e+04,4.259092e+04,4.434105e+02,1.822714e+04,1.110085e+05,5.350004e+02,2.431759e+04,1.217789e+05,3.284309e+02,2.473174e+04,3.311110e+04,1,35,N,N
3.602060e+02,2.172720e+04,1.012958e+05,4.330925e+02,2.007915e+04,1.211732e+05,4.246042e+02,2.227762e+04,1.614366e+05,3.369038e+02,2.062472e+04,5.613051e+04,0,8,N,N
3.572099e+02,2.205965e+04,1.757312e+05,4.604168e+02,1.955184e+04,1.398610e+05,4.396266e+02,2.347093e+04,1.870428e+05,3.556850e+02,2.487645e+04,7.335324e+04,0,86,N,N
3.725312e+02,2.003101e+04,1.256860e+05,4.542705e+02,2.361947e+04,2.737863e+05,4.125317e+02,2.056726e+04,2.169663e+05,2.597226e+02,1.546745e+04,4.603348e+04,1,63,N,N
2.346174e+02,8.269506e+03,9.452216e+03,2.829244e+02,1.092505e+04,1.687623e+04,4.693047e+02,1.517346e+04,3.026730e+04,2.604787e+02,1.397014e+04,1.917429e+04,2,51,N,N
2.505949e+02,1.007444e+04,1.714485e+04,4.737260e+02,1.691199e+04,5.074176e+04,4.797785e+02,1.731471e+04,4.527197e+04,1.991525e+02,9.850648e+03,1.113986e+04,3,48,N,N
3.185190e+02,1.756339e+04,7.970796e+04,4.277360e+02,1.994334e+04,1.640407e+05,4.614242e+02,2.016500e+04,1.384353e+05,2.580078e+02,1.383825e+04,3.112933e+04,0,14,N,N
2.167672e+02,9.817195e+03,7.373484e+03,3.997001e+02,1.805991e+04,7.736152e+04,4.529691e+02,1.927559e+04,1.428993e+05,3.486570e+02,2.143280e+04,1.485149e+05,1,54,N,N
2.067684e+02,9.162874e+03,9.767292e+03,4.539001e+02,1.428276e+04,4.883976e+04,4.342540e+02,1.337486e+04,7.460771e+04,2.923270e+02,1.678102e+04,1.455723e+05,1,52,N,N
2.492923e+02,1.252000e+04,3.319596e+04,3.544828e+02,1.511851e+04,1.476609e+05,4.359074e+02,2.087942e+04,2.093826e+05,2.507215e+02,1.421797e+04,3.988427e+04,0,63,N,N
2.982229e+02,1.399001e+04,5.656436e+04,3.292565e+02,1.612917e+04,1.358423e+05,4.287749e+02,2.058255e+04,1.601941e+05,2.820799e+02,1.772544e+04,6.090811e+04,3,101,N,N
2.713709e+02,1.284581e+04,1.757098e+04,4.505912e+02,1.875987e+04,1.393271e+05,3.704049e+02,1.491301e+04,1.179868e+05,3.331838e+02,1.767242e+04,1.352426e+05,2,91,N,N
2.889507e+02,1.323604e+04,1.222304e+04,4.618031e+02,1.487916e+04,3.711775e+04,4.035699e+02,1.545211e+04,7.331269e+04,3.542754e+02,1.780656e+04,1.221404e+05,3,49,N,N
3.082001e+02,1.455815e+04,4.315262e+04,3.923883e+02,1.839297e+04,1.256248e+05,4.343612e+02,2.046765e+04,1.008287e+05,3.058079e+02,1.855799e+04,1.906268e+04,0,102,N,N
3.194794e+02,1.599509e+04,8.248406e+04,4.395599e+02,1.998850e+04,1.585647e+05,4.309732e+02,1.910784e+04,1.014387e+05,2.492084e+02,1.436016e+04,1.870086e+04,1,0,N,N
2.551538e+02,9.638244e+03,5.970511e+03,5.338610e+02,1.274809e+04,1.420787e+04,3.126798e+02,1.030051e+04,5.344687e+04,1.473679e+02,5.565624e+03,2.554021e+04,0,36,N,N
2.637573e+02,1.249852e+04,4.869363e+04,4.641375e+02,2.451233e+04,3.031875e+05,3.997975e+02,1.501766e+04,1.258907e+05,2.792084e+02,1.496742e+04,1.195831e+05,0,18,N,N
3.013469e+02,1.646651e+04,1.908724e+04,4.961845e+02,1.752136e+04,7.061516e+04,4.370506e+02,1.572569e+04,6.177690e+04,3.352067e+02,1.891378e+04,6.623701e+04,2,97,N,N
3.249709e+02,9.803789e+03,1.116273e+04,4.160628e+02,9.245807e+03,1.286674e+04,5.259595e+02,1.292358e+04,2.058891e+04,4.134815e+02,1.664058e+04,1.362042e+04,2,79,N,N
2.801809e+02,1.302271e+04,1.108043e+04,4.872884e+02,1.691607e+04,2.865553e+04,5.271829e+02,1.849192e+04,3.195578e+04,2.699525e+02,1.488455e+04,1.300032e+04,3,79,N,N
3.292368e+02,1.269299e+04,2.773764e+04,4.362816e+02,1.870135e+04,1.171802e+05,4.777156e+02,2.056322e+04,1.517091e+05,2.806991e+02,1.448568e+04,4.809879e+04,3,86,N,N
2.393009e+02,1.053484e+04,2.278304e+04,4.834167e+02,2.041279e+04,8.630147e+04,4.123226e+02,1.527611e+04,4.107125e+04,2.249617e+02,1.149915e+04,3.285905e+03,1,94,N,N
3.092828e+02,1.389813e+04,5.433156e+04,3.670507e+02,1.478042e+04,1.023935e+05,5.011845e+02,2.233266e+04,1.310674e+05,2.148436e+02,1.127988e+04,1.698930e+04,1,48,N,N
3.023975e+02,1.423608e+04,3.508884e+04,4.697245e+02,2.153303e+04,1.522833e+05,5.084707e+02,2.585404e+04,9.965462e+04,3.245790e+02,2.304022e+04,4.127162e+04,0,98,N,N
3.809095e+02,1.591994e+04,4.503348e+03,4.871476e+02,1.420922e+04,4.421540e+04,3.025438e+02,9.356388e+03,3.362578e+04,2.568596e+02,1.069934e+04,2.728184e+03,1,61,N,N
3.211490e+02,1.754909e+04,4.657102e+04,4.044140e+02,1.546666e+04,6.826771e+04,4.359050e+02,1.954248e+04,1.152324e+05,2.964073e+02,1.880329e+04,2.820302e+04,0,96,N,N
3.377266e+02,1.880990e+04,1.818289e+04,5.103507e+02,1.940006e+04,6.750178e+04,3.779419e+02,1.356649e+04,2.554622e+04,3.202119e+02,1.512567e+04,4.872548e+04,2,37,N,N
3.321892e+02,1.436175e+04,3.981098e+04,4.503777e+02,2.043115e+04,1.701491e+05,4.483097e+02,2.046148e+04,1.289671e+05,2.605322e+02,1.615463e+04,3.162555e+04,0,84,N,N
3.262547e+02,1.463998e+04,4.785389e+04,3.857767e+02,1.739556e+04,1.237740e+05,4.296456e+02,1.888125e+04,1.215234e+05,3.037880e+02,1.901606e+04,2.182127e+04,0,97,N,N
3.079903e+02,1.606982e+04,7.045914e+04,3.639948e+02,1.482745e+04,8.544385e+04,4.491891e+02,1.743275e+04,7.896433e+04,2.537950e+02,1.390751e+04,1.572847e+04,0,74,N,N
3.245318e+02,2.011055e+04,9.876910e+04,3.949769e+02,1.494801e+04,9.041976e+04,4.159741e+02,2.087215e+04,1.901275e+05,3.507397e+02,2.463131e+04,6.511419e+04,1,104,N,N
3.204094e+02,1.579739e+04,7.823887e+04,3.826839e+02,1.643367e+04,1.009920e+05,4.403820e+02,2.051722e+04,1.759205e+05,2.828557e+02,1.612196e+04,6.288084e+04,1,88,N,N
3.554441e+02,1.865588e+04,3.696441e+04,4.762302e+02,1.817783e+04,7.147364e+04,4.641498e+02,1.692670e+04,4.818664e+04,2.655825e+02,1.639961e+04,1.208204e+04,0,80,N,N
2.652236e+02,1.286536e+04,2.504439e+04,3.949350e+02,1.357050e+04,4.357269e+04,4.784717e+02,1.649452e+04,3.335653e+04,3.689615e+02,2.379814e+04,2.723957e+04,0,34,N,N
3.317008e+02,2.105769e+04,1.700204e+05,4.163282e+02,1.494794e+04,7.102076e+04,4.423185e+02,1.985273e+04,1.373171e+05,3.050468e+02,2.085217e+04,3.946602e+04,1,92,N,N
2.447572e+02,1.222306e+04,1.601600e+04,4.893937e+02,2.061028e+04,1.662460e+05,3.774379e+02,1.508020e+04,9.293169e+04,4.046238e+02,2.586974e+04,1.935322e+05,0,25,N,N
2.654779e+02,1.000987e+04,1.449109e+04,3.719897e+02,1.556702e+04,9.226267e+04,4.327246e+02,1.704711e+04,6.379604e+04,3.125216e+02,1.952288e+04,1.709298e+04,0,70,N,N
3.299663e+02,1.340961e+04,2.859196e+04,3.645006e+02,1.928295e+04,1.139704e+05,3.981031e+02,1.668413e+04,6.503993e+04,2.096969e+02,1.005495e+04,4.659951e+03,0,3,N,N
2.731240e+02,1.173940e+04,4.679466e+04,3.943354e+02,1.557974e+04,8.337937e+04,4.620202e+02,1.761248e+04,7.714282e+04,2.840400e+02,1.423202e+04,2.882433e+04,0,59,N,N
2.900592e+02,1.475622e+04,2.473601e+04,4.577241e+02,1.390716e+04,6.274146e+04,4.224622e+02,1.462697e+04,6.593636e+04,3.702049e+02,2.009865e+04,3.835474e+04,2,81,N,N
2.966893e+02,9.197450e+03,3.262268e+03,4.656957e+02,1.084841e+04,1.011424e+04,2.678345e+02,6.872397e+03,1.686205e+04,2.230338e+02,8.442920e+03,2.715302e+03,2,61,N,N
2.956475e+02,1.318551e+04,1.660679e+04,6.372262e+02,2.031248e+04,1.072890e+05,3.453894e+02,1.001677e+04,3.875826e+04,2.211272e+02,9.218747e+03,1.484793e+04,2,64,N,N
2.889420e+02,1.634704e+04,3.021521e+04,4.315948e+02,1.547540e+04,7.761539e+04,4.361279e+02,1.972913e+04,1.624418e+05,3.105101e+02,1.902199e+04,3.334501e+04,0,95,N,N
3.821525e+02,2.260991e+04,1.604035e+05,4.070308e+02,1.951310e+04,1.688586e+05,4.188487e+02,2.088083e+04,1.336911e+05,2.724173e+02,1.570712e+04,1.658476e+04,0,0,N,N
2.965016e+02,1.117488e+04,1.668923e+04,4.692608e+02,1.524639e+04,5.112555e+04,3.459855e+02,1.108287e+04,3.916208e+04,1.987154e+02,8.633241e+03,1.299148e+04,1,49,N,N
2.989897e+02,1.749970e+04,2.705212e+04,4.171173e+02,1.432308e+04,7.082633e+04,4.828263e+02,2.146783e+04,1.518148e+05,2.316875e+02,1.160753e+04,2.014182e+04,3,62,N,N
3.187879e+02,1.601545e+04,6.426174e+04,3.714497e+02,1.565505e+04,1.012819e+05,4.353392e+02,1.875119e+04,9.004233e+04,2.770994e+02,1.651357e+04,1.276119e+04,0,53,N,N
3.215299e+02,1.808104e+04,6.338984e+04,4.453841e+02,2.027616e+04,1.621288e+05,4.248074e+02,1.917411e+04,1.007867e+05,3.117757e+02,2.029825e+04,1.835247e+04,1,33,N,N
2.720100e+02,1.553819e+04,4.765797e+04,4.353225e+02,1.833959e+04,1.131139e+05,4.618740e+02,2.046440e+04,9.989283e+04,3.134570e+02,1.882371e+04,4.072376e+04,0,79,N,N
2.933149e+02,1.745162e+04,5.357740e+04,4.107737e+02,1.492272e+04,5.125940e+04,4.142092e+02,1.706472e+04,1.012999e+05,3.194780e+02,1.828406e+04,2.871298e+04,0,92,N,N
1.973469e+02,4.346978e+03,1.536985e+03,4.440205e+02,1.455594e+04,1.645102e+04,7.870889e+02,2.340188e+04,3.958713e+04,9.814741e+01,2.405319e+03,5.569932e+02,1,82,N,N
2.810183e+02,1.371268e+04,2.898710e+04,4.071355e+02,1.592542e+04,6.829668e+04,4.250062e+02,1.593071e+04,4.386872e+04,2.526679e+02,1.474625e+04,1.539534e+04,1,90,N,N
1.974498e+02,7.059000e+03,1.044585e+04,4.297924e+02,1.508641e+04,5.715397e+04,4.900214e+02,1.594337e+04,5.475991e+04,2.017472e+02,9.926646e+03,9.062801e+03,2,58,N,N
3.176805e+02,1.557586e+04,6.694610e+04,4.511845e+02,2.116288e+04,1.585309e+05,4.665249e+02,2.162105e+04,1.534453e+05,2.820414e+02,1.776697e+04,4.856946e+04,0,39,N,N
2.661677e+02,1.629088e+04,7.136663e+04,4.534573e+02,1.903450e+04,1.620134e+05,4.087781e+02,1.562869e+04,6.438645e+04,3.450030e+02,2.183569e+04,1.866452e+05,2,68,N,N
3.046727e+02,1.674770e+04,2.178730e+04,5.339071e+02,1.896921e+04,1.107385e+05,3.144118e+02,1.104080e+04,4.252330e+04,2.444979e+02,1.027223e+04,1.882465e+04,2,71,N,N
2.547660e+02,1.499677e+04,3.328160e+03,4.545304e+02,1.591575e+04,3.357959e+04,3.547788e+02,1.165111e+04,3.517945e+04,3.096946e+02,1.571371e+04,4.458921e+04,0,17,N,N
2.378596e+02,1.260452e+04,8.656136e+03,4.859050e+02,1.593333e+04,4.962728e+04,3.960557e+02,1.248761e+04,2.627125e+04,3.392523e+02,1.985930e+04,1.154370e+05,1,96,N,N
2.643487e+02,1.189391e+04,4.000856e+04,3.591589e+02,1.477058e+04,7.922215e+04,4.548786e+02,1.930727e+04,1.234115e+05,2.538279e+02,1.438574e+04,3.030959e+04,3,77,N,N
5.982569e+02,8.318388e+03,2.164533e+04,9.745862e+01,1.288760e+03,1.325072e+02,9.253877e+01,1.305181e+03,3.488554e+02,6.706002e+02,2.949998e+04,2.158695e+04,2,75,N,N
1.724144e+02,6.326394e+03,5.498041e+03,2.662487e+02,7.563575e+03,3.371820e+04,5.497836e+02,1.803500e+04,7.277472e+04,2.260810e+02,1.050603e+04,5.962393e+03,3,63,N,N
2.957983e+02,1.689058e+04,1.296987e+04,4.451269e+02,1.537825e+04,6.054396e+04,3.772178e+02,1.403091e+04,3.898153e+04,3.500162e+02,1.763633e+04,1.388970e+04,2,67,N,N
3.602823e+02,1.615166e+04,6.960540e+04,3.786423e+02,1.638810e+04,1.139239e+05,4.083810e+02,1.823446e+04,1.147062e+05,3.191429e+02,1.933508e+04,2.330754e+04,3,97,N,N
2.901219e+02,1.128260e+04,1.811302e+04,4.220773e+02,1.390909e+04,2.709362e+04,5.022369e+02,1.918532e+04,5.394612e+04,3.153094e+02,1.995796e+04,2.947737e+04,0,73,N,N
3.116826e+02,1.287408e+04,2.601771e+04,3.863938e+02,9.645180e+03,8.743312e+03,4.409188e+02,1.131017e+04,1.534067e+04,3.854922e+02,1.888484e+04,6.861398e+04,2,94,N,N
2.064658e+02,9.572183e+03,3.878727e+03,4.261910e+02,1.684156e+04,3.520087e+04,3.977960e+02,1.478615e+04,3.222449e+04,3.689386e+02,2.012429e+04,1.005573e+05,1,87,N,N
2.722290e+02,1.170239e+04,3.171496e+04,3.935137e+02,1.850812e+04,1.130017e+05,4.635342e+02,1.935032e+04,1.119601e+05,2.413293e+02,1.302746e+04,3.646771e+04,0,15,N,N
3.081896e+02,1.588439e+04,3.168921e+04,4.504689e+02,1.879132e+04,6.679003e+04,4.497957e+02,1.940721e+04,5.509093e+04,2.410973e+02,1.343974e+04,5.125490e+03,0,38,N,N
2.437809e+02,5.896034e+03,1.586848e+03,4.640534e+02,9.416939e+03,7.095376e+03,6.379652e+02,3.318658e+04,1.163196e+05,4.923823e+02,3.305875e+04,1.549580e+05,2,72,N,N
2.727833e+02,1.339185e+04,6.351142e+04,3.367472e+02,1.267234e+04,8.669320e+04,4.967336e+02,2.155913e+04,1.294718e+05,2.637147e+02,1.645930e+04,3.579643e+04,0,48,N,N
3.019088e+02,1.488565e+04,4.129996e+04,4.022348e+02,1.561157e+04,7.139750e+04,4.959747e+02,2.137131e+04,1.057433e+05,2.803009e+02,1.763516e+04,2.007074e+04,0,99,N,N
3.122978e+02,1.842692e+04,2.894684e+04,4.702009e+02,2.528642e+04,2.779481e+05,4.216463e+02,2.002560e+04,1.599049e+05,3.144565e+02,1.858345e+04,1.160460e+05,0,100,N,N
2.504782e+02,9.887520e+03,2.191744e+04,3.505968e+02,1.669513e+04,1.318962e+05,4.379619e+02,1.928336e+04,1.187632e+05,2.463915e+02,1.225363e+04,1.414217e+04,2,60,N,N
2.877685e+02,7.655301e+03,1.134454e+04,3.432093e+02,7.288903e+03,7.888881e+03,4.401255e+02,1.035838e+04,2.195545e+04,4.874296e+02,1.474230e+04,2.277944e+04,0,23,N,N
2.793351e+02,1.227010e+04,1.997684e+04,4.841681e+02,1.711697e+04,1.134278e+05,3.938972e+02,1.303248e+04,7.160453e+04,2.353238e+02,1.115159e+04,4.544064e+04,0,49,N,N
2.716414e+02,1.255190e+04,3.863796e+04,3.064655e+02,1.261824e+04,7.729222e+04,4.264497e+02,1.817353e+04,8.527211e+04,2.323883e+02,1.248349e+04,7.500236e+03,0,94,N,N
2.935635e+02,1.484090e+04,3.541404e+04,4.484919e+02,1.944148e+04,8.177395e+04,4.359935e+02,1.741884e+04,3.176113e+04,2.668130e+02,1.545847e+04,5.760247e+03,1,38,N,N
2.698828e+02,1.319231e+04,2.950516e+04,3.820124e+02,1.496678e+04,6.445038e+04,4.631380e+02,1.970302e+04,6.707566e+04,3.040202e+02,1.837734e+04,1.674058e+04,3,92,N,N
3.223900e+02,1.604226e+04,2.276502e+04,4.705651e+02,1.957755e+04,2.361924e+04,4.438494e+02,1.824383e+04,3.155034e+04,2.977707e+02,1.884758e+04,2.833014e+04,3,81,N,N
3.128606e+02,1.669930e+04,4.068893e+04,4.277133e+02,1.486123e+04,9.019709e+04,3.821272e+02,1.566486e+04,1.135694e+05,2.741998e+02,1.425856e+04,4.266605e+04,0,88,N,N
2.882831e+02,1.462803e+04,2.071661e+04,4.261118e+02,1.266852e+04,4.277345e+04,4.337966e+02,1.500392e+04,1.857841e+04,3.183017e+02,1.732229e+04,6.024579e+03,1,81,N,N
3.116442e+02,1.388659e+04,5.231017e+04,4.150185e+02,1.888136e+04,1.362295e+05,4.352439e+02,1.815714e+04,5.931869e+04,2.636022e+02,1.665593e+04,1.925437e+04,1,69,N,N
2.397801e+02,1.354664e+04,1.340470e+04,4.506955e+02,2.104041e+04,1.645062e+05,4.469578e+02,1.927534e+04,1.333097e+05,3.492893e+02,2.153258e+04,1.809683e+05,0,54,N,N
1.855360e+02,6.884751e+03,6.915478e+03,4.548552e+02,1.413032e+04,6.145953e+04,3.732760e+02,1.120642e+04,4.506602e+04,3.079105e+02,1.515235e+04,5.530830e+04,1,56,N,N
3.220981e+02,1.866123e+04,1.175287e+05,4.875639e+02,2.246971e+04,2.596937e+05,4.161652e+02,1.556850e+04,8.737897e+04,3.154175e+02,1.657654e+04,4.131113e+04,0,85,N,N
2.621051e+02,1.366425e+04,6.004797e+03,4.627986e+02,1.600778e+04,3.098564e+04,3.442014e+02,1.183954e+04,3.806648e+04,3.199437e+02,1.613597e+04,4.564378e+04,3,47,N,N
2.441763e+02,1.075911e+04,2.734041e+04,3.276588e+02,1.414141e+04,1.117827e+05,4.395917e+02,2.089292e+04,1.610453e+05,2.642691e+02,1.534543e+04,3.340134e+04,0,58,N,N
3.653053e+02,2.179538e+04,1.304030e+05,4.114751e+02,1.775643e+04,1.191178e+05,4.287336e+02,1.968417e+04,1.068902e+05,2.664531e+02,1.633909e+04,3.981260e+04,2,54,N,N
3.307098e+02,1.564892e+04,3.043196e+04,4.960257e+02,2.351394e+04,2.119190e+05,3.936939e+02,1.317134e+04,7.253294e+04,3.178961e+02,1.630448e+04,7.423765e+04,3,55,N,N
1.964873e+02,7.688392e+03,1.385982e+04,4.323592e+02,1.667462e+04,7.481830e+04,4.532442e+02,1.598160e+04,5.646311e+04,2.503741e+02,1.300735e+04,3.887429e+04,1,58,N,N
3.280855e+02,1.203220e+04,3.584280e+04,4.590186e+02,1.297029e+04,5.588998e+04,4.037519e+02,1.240130e+04,2.521581e+04,2.808974e+02,1.278610e+04,1.455430e+04,0,2,N,N
2.849941e+02,1.278562e+04,4.277679e+04,4.714168e+02,1.656798e+04,1.341567e+05,4.204748e+02,1.505823e+04,7.962071e+04,3.725437e+02,2.349753e+04,1.673595e+05,1,46,N,N
3.178774e+02,1.412312e+04,6.992635e+04,3.870619e+02,1.927485e+04,1.786952e+05,4.323674e+02,2.139738e+04,2.015884e+05,2.679663e+02,1.601916e+04,6.498552e+04,0,101,N,N
2.856278e+02,1.567414e+04,1.927487e+04,4.405339e+02,2.387753e+04,2.560498e+05,4.526679e+02,2.308867e+04,2.703127e+05,3.340920e+02,1.997374e+04,1.840153e+05,0,43,N,N
2.482099e+02,1.083643e+04,3.076050e+04,3.741286e+02,1.418466e+04,7.215767e+04,4.329851e+02,1.855545e+04,9.966866e+04,2.510524e+02,1.501867e+04,2.893141e+04,0,42,N,N
3.153727e+02,2.049805e+04,1.516038e+04,4.659905e+02,1.833197e+04,5.297337e+04,4.225273e+02,1.697125e+04,6.492662e+04,3.152118e+02,1.964996e+04,4.917083e+04,2,93,N,N
3.003460e+02,1.278510e+04,4.584391e+04,3.623555e+02,1.704986e+04,1.318877e+05,4.159637e+02,1.851466e+04,1.171307e+05,2.530225e+02,1.324024e+04,3.307241e+04,0,103,N,N
3.078637e+02,1.546432e+04,7.397371e+04,4.720054e+02,1.697747e+04,1.346957e+05,4.588017e+02,1.735875e+04,1.082107e+05,3.147386e+02,1.632284e+04,2.924933e+04,2,85,N,N
2.569209e+02,1.404618e+04,3.130975e+04,4.145771e+02,2.054239e+04,2.339328e+05,4.026571e+02,1.729237e+04,9.874338e+04,3.447276e+02,2.232448e+04,1.143285e+05,1,77,N,N
2.773078e+02,1.426826e+04,1.330589e+04,5.365678e+02,2.009962e+04,9.669525e+04,4.256816e+02,1.625645e+04,9.417593e+04,3.210511e+02,1.981776e+04,7.216353e+04,1,91,N,N
2.624716e+02,1.279391e+04,8.289882e+03,4.439062e+02,1.955500e+04,8.847663e+04,4.760802e+02,1.850806e+04,8.957246e+04,3.981333e+02,2.846878e+04,1.649746e+05,2,87,N,N
3.111997e+02,1.950164e+04,8.414901e+04,3.941826e+02,1.607560e+04,1.258221e+05,3.847970e+02,1.895901e+04,2.014727e+05,2.473600e+02,1.192067e+04,2.513694e+04,1,43,N,N
3.062440e+02,1.241906e+04,4.306122e+04,3.707412e+02,1.465725e+04,7.524115e+04,4.331488e+02,1.778590e+04,1.080511e+05,2.587410e+02,1.275535e+04,2.448256e+04,3,88,N,N
3.467655e+02,1.991468e+04,8.575907e+04,4.620174e+02,2.084020e+04,1.553074e+05,4.653270e+02,2.206109e+04,1.051157e+05,2.545758e+02,1.417003e+04,1.859742e+04,1,45,N,N
3.451122e+02,2.054024e+04,1.197671e+05,4.339818e+02,1.792404e+04,1.301303e+05,4.257143e+02,2.118756e+04,1.654389e+05,3.179006e+02,2.101809e+04,3.401259e+04,3,102,N,N
3.463948e+02,1.350131e+04,4.763111e+04,3.185537e+02,1.479505e+04,1.281637e+05,5.447996e+02,2.648375e+04,2.552457e+05,2.096175e+02,1.050260e+04,3.381145e+03,0,52,N,N
2.463894e+02,1.049474e+04,2.849533e+04,3.322802e+02,1.530569e+04,1.150685e+05,4.612454e+02,1.908880e+04,6.525982e+04,2.862654e+02,1.558634e+04,1.736590e+04,1,53,N,N
3.745883e+02,2.455238e+04,6.231883e+04,4.449225e+02,1.505205e+04,5.237632e+04,4.367983e+02,1.667249e+04,9.201000e+04,3.365691e+02,2.230343e+04,4.792425e+04,1,34,N,N
2.899774e+02,1.651641e+04,1.410102e+04,4.693848e+02,2.421746e+04,2.531793e+05,4.215102e+02,1.939883e+04,1.951348e+05,3.171177e+02,2.053869e+04,1.573147e+05,1,100,N,N
2.679860e+02,1.450194e+04,1.170558e+04,4.579931e+02,1.873625e+04,5.392928e+04,4.264870e+02,1.774341e+04,7.298745e+04,3.397857e+02,2.023569e+04,9.049808e+04,1,93,N,N
3.182665e+02,1.967606e+04,5.467708e+04,4.087817e+02,1.372191e+04,4.350926e+04,4.929089e+02,1.816832e+04,7.806070e+04,3.972345e+02,2.828272e+04,6.614928e+04,2,73,N,N
1.477311e+02,5.399998e+03,1.375778e+03,5.779965e+02,1.670171e+04,3.508563e+04,2.275080e+02,5.684994e+03,2.142256e+04,9.740544e+01,2.372722e+03,2.935723e+02,0,75,N,N
2.655378e+02,1.307756e+04,5.886767e+03,4.654297e+02,1.651941e+04,2.486858e+04,4.448079e+02,1.842952e+04,7.930326e+04,3.806264e+02,3.011438e+04,1.264036e+05,2,83,N,N
3.023779e+02,1.814202e+04,9.037037e+03,4.335162e+02,1.681663e+04,7.383623e+04,4.539946e+02,2.203723e+04,2.196776e+05,3.210113e+02,2.154100e+04,7.036730e+04,1,83,N,N
2.941798e+02,1.514590e+04,4.605963e+04,4.067230e+02,1.560715e+04,7.439802e+04,4.596646e+02,1.889850e+04,7.046743e+04,3.173752e+02,2.038838e+04,2.872662e+04,0,47,N,N
2.671785e+02,1.426555e+04,1.205408e+04,5.016860e+02,2.426703e+04,1.033337e+05,4.346746e+02,1.928383e+04,7.916229e+04,3.495928e+02,1.756963e+04,4.032194e+04,1,36,N,N
2.194451e+02,8.013001e+03,9.555084e+03,4.143438e+02,1.649184e+04,5.141509e+04,4.530132e+02,1.357705e+04,3.212080e+04,2.700514e+02,1.116550e+04,1.356839e+04,0,1,N,N
3.857741e+02,2.492734e+04,1.821095e+05,4.350968e+02,1.837410e+04,1.422651e+05,4.500329e+02,2.045271e+04,1.364777e+05,2.894114e+02,1.693881e+04,2.666754e+04,2,55,N,N
2.695863e+02,1.453771e+04,3.758822e+04,4.190122e+02,1.619363e+04,5.390574e+04,4.573914e+02,1.695259e+04,2.688876e+04,2.686499e+02,1.401346e+04,1.078996e+04,3,76,N,N
3.052726e+02,1.473570e+04,6.319879e+04,4.330457e+02,1.547843e+04,8.912645e+04,4.513792e+02,1.517015e+04,6.865278e+04,2.622428e+02,1.200384e+04,3.741282e+04,0,65,N,N
2.852903e+02,1.320243e+04,3.608649e+04,3.702975e+02,1.578909e+04,1.045862e+05,4.662979e+02,2.180477e+04,1.385790e+05,2.656523e+02,1.582801e+04,2.313243e+04,0,104,N,N
2.958163e+02,1.323457e+04,5.083165e+04,3.882851e+02,1.473702e+04,7.015369e+04,4.800051e+02,1.883774e+04,8.042537e+04,3.293008e+02,1.868668e+04,4.328555e+04,0,6,N,N
3.808949e+02,1.765598e+04,9.557180e+04,4.449555e+02,2.199914e+04,1.876225e+05,4.712500e+02,2.327596e+04,1.195812e+05,3.119376e+02,2.043985e+04,4.481263e+04,0,51,N,N
3.047418e+02,1.456440e+04,4.178158e+04,3.467252e+02,1.308902e+04,7.376223e+04,5.160257e+02,2.433527e+04,1.324817e+05,3.386412e+02,2.464417e+04,2.633949e+04,1,98,N,N
3.190163e+02,1.440755e+04,5.452498e+04,4.256756e+02,1.781806e+04,1.176310e+05,4.543014e+02,1.751258e+04,6.723890e+04,3.206069e+02,1.924951e+04,5.739498e+04,1,80,N,N
1.910205e+02,7.981586e+03,1.060779e+04,5.130736e+02,1.812214e+04,1.129792e+05,3.906732e+02,1.245246e+04,5.506082e+04,2.775742e+02,1.326149e+04,6.598223e+04,0,71,N,N
2.967169e+02,1.044107e+04,2.251679e+04,3.025090e+02,1.033326e+04,2.284586e+04,4.247449e+02,1.579937e+04,3.804468e+04,2.568583e+02,1.417105e+04,1.187898e+04,1,78,N,N
2.935515e+02,1.435652e+04,2.946593e+04,4.691391e+02,1.719224e+04,6.248755e+04,4.365058e+02,1.508842e+04,3.638114e+04,2.273527e+02,1.114743e+04,8.631031e+03,0,90,N,N
3.045235e+02,1.204622e+04,2.217066e+04,4.377917e+02,2.080456e+04,1.141520e+05,4.456976e+02,1.968710e+04,6.050331e+04,2.877875e+02,1.810990e+04,2.119531e+04,3,57,N,N
3.164868e+02,2.127526e+04,1.573964e+05,4.162955e+02,1.940039e+04,1.944660e+05,3.938145e+02,2.065074e+04,2.328371e+05,3.212442e+02,1.858177e+04,9.286692e+04,0,20,N,N
2.881934e+02,1.398411e+04,2.740720e+04,4.448469e+02,2.030219e+04,9.990558e+04,4.487584e+02,1.880185e+04,4.995512e+04,2.900675e+02,1.743571e+04,2.517893e+04,2,57,N,N
2.915945e+02,1.179774e+04,3.037510e+04,4.197642e+02,1.870953e+04,1.185752e+05,4.507854e+02,1.801148e+04,8.715261e+04,2.620520e+02,1.444535e+04,2.473025e+04,2,103,N,N
3.146024e+02,1.689165e+04,7.451379e+04,4.234030e+02,1.857804e+04,1.833595e+05,3.819525e+02,1.636937e+04,1.112983e+05,2.800663e+02,1.713929e+04,4.879967e+04,2,88,N,N
2.847883e+02,1.319798e+04,2.975051e+04,3.597904e+02,1.223373e+04,5.888767e+04,5.189266e+02,1.893348e+04,7.338346e+04,3.451141e+02,2.033993e+04,3.141429e+04,0,82,N,N
2.902929e+02,1.268180e+04,1.157088e+04,4.064055e+02,1.714141e+04,5.707838e+04,4.493766e+02,1.876165e+04,5.016586e+04,2.981820e+02,1.851963e+04,7.288183e+03,3,50,N,N
3.412969e+02,1.915158e+04,8.178391e+04,4.296982e+02,1.616995e+04,8.143395e+04,4.401533e+02,2.227120e+04,1.682511e+05,3.754380e+02,2.497327e+04,6.986871e+04,0,35,N,N
3.082105e+02,1.783328e+04,1.111732e+05,4.147894e+02,1.671427e+04,1.138204e+05,4.260906e+02,1.879266e+04,8.803790e+04,3.238402e+02,2.151607e+04,5.736665e+04,1,85,N,N
3.945361e+02,1.960247e+04,1.387950e+05,3.486273e+02,1.595455e+04,1.241591e+05,4.086262e+02,2.140824e+04,2.054085e+05,2.550251e+02,1.540109e+04,4.142585e+04,0,89,N,N
3.103900e+02,1.979260e+04,6.062534e+04,4.467416e+02,1.758880e+04,1.337928e+05,3.815286e+02,1.553433e+04,8.057363e+04,2.710226e+02,1.350250e+04,2.403499e+04,2,56,N,N
2.839720e+02,1.188216e+04,1.208099e+04,4.544214e+02,1.442813e+04,2.228134e+04,5.381222e+02,1.656893e+04,3.337086e+04,2.926414e+02,1.612298e+04,1.939722e+04,1,79,N,N
3.017958e+02,1.608416e+04,3.051310e+04,4.282233e+02,1.687393e+04,1.147199e+05,4.235690e+02,1.916295e+04,1.179008e+05,3.028244e+02,2.041194e+04,1.976850e+04,0,69,N,N
2.050103e+02,9.602440e+03,3.482645e+03,4.184068e+02,1.439389e+04,4.793109e+04,4.396844e+02,1.399613e+04,5.427070e+04,2.713559e+02,1.619607e+04,6.315453e+04,2,96,N,N
2.146212e+02,9.577650e+03,3.809954e+03,4.539392e+02,1.676556e+04,3.444817e+04,4.177251e+02,1.414971e+04,2.789640e+04,3.615580e+02,2.096380e+04,9.475017e+04,0,87,N,N
3.034461e+02,2.023251e+04,1.878574e+04,5.182033e+02,2.084550e+04,6.899112e+04,3.188957e+02,1.058699e+04,2.330921e+04,2.107059e+02,8.020978e+03,1.247011e+04,0,21,N,N
2.749434e+02,1.336190e+04,4.912410e+04,4.773931e+02,1.839978e+04,1.713308e+05,4.024845e+02,1.502967e+04,7.433318e+04,3.799796e+02,2.067948e+04,1.479970e+05,0,46,N,N
2.587438e+02,1.370051e+04,1.446313e+04,4.860441e+02,1.988950e+04,1.205246e+05,3.402295e+02,1.281759e+04,5.555584e+04,3.834850e+02,1.995535e+04,1.773123e+05,1,89,N,N
2.582089e+02,1.432779e+04,1.793367e+04,4.254241e+02,1.572424e+04,1.015396e+05,3.664535e+02,1.356100e+04,7.406786e+04,2.935863e+02,1.391078e+04,5.083701e+04,1,60,N,N
3.407225e+02,1.866130e+04,3.392048e+04,4.509434e+02,1.935037e+04,1.486555e+05,4.204978e+02,1.871646e+04,1.004691e+05,2.924800e+02,1.897287e+04,4.606768e+04,1,37,N,N
3.266872e+02,1.062251e+04,9.525983e+03,4.038462e+02,1.010903e+04,1.681741e+04,5.040726e+02,1.336117e+04,4.657232e+04,4.263027e+02,1.666165e+04,2.439978e+04,1,76,N,N
2.550160e+02,1.301475e+04,7.773108e+03,4.803447e+02,1.542044e+04,5.639031e+04,4.036273e+02,1.237547e+04,3.236257e+04,3.174035e+02,1.504790e+04,4.919372e+04,3,67,N,N
2.985306e+02,1.405591e+04,4.226190e+04,3.689670e+02,1.593415e+04,8.879632e+04,4.513076e+02,1.970747e+04,7.304103e+04,3.177813e+02,2.042949e+04,2.631094e+04,0,44,N,N
2.527195e+02,1.224013e+04,2.798464e+04,4.893350e+02,2.104359e+04,1.913409e+05,4.200613e+02,1.456270e+04,1.166855e+05,2.885718e+02,1.418631e+04,1.003354e+05,1,101,N,N
2.843897e+02,1.734176e+04,1.335282e+04,4.056365e+02,1.740479e+04,1.161819e+05,4.380031e+02,2.128323e+04,1.626794e+05,3.459969e+02,2.121438e+04,4.208894e+04,1,74,N,N
3.213604e+02,1.776348e+04,7.677116e+04,3.770802e+02,1.627762e+04,1.004957e+05,4.850552e+02,2.066034e+04,9.182506e+04,3.074370e+02,1.847440e+04,2.596663e+04,2,74,N,N
2.783292e+02,1.633747e+04,3.104961e+04,4.745482e+02,2.192491e+04,2.250867e+05,3.850894e+02,1.559088e+04,9.887117e+04,3.475427e+02,2.212025e+04,1.952661e+05,1,25,N,N
2.605386e+02,1.313297e+04,3.885680e+04,4.735074e+02,2.116058e+04,1.380423e+05,4.498214e+02,1.910968e+04,5.913214e+04,2.472615e+02,1.205313e+04,6.501866e+03,3,94,N,N
2.383546e+02,1.344501e+04,2.095798e+04,4.672102e+02,1.826841e+04,1.234762e+05,4.621109e+02,1.636166e+04,8.402182e+04,3.420668e+02,2.090457e+04,1.305935e+05,1,68,N,N
2.206341e+02,9.326952e+03,2.351418e+04,3.620102e+02,1.337920e+04,9.060383e+04,4.904822e+02,2.052720e+04,1.295359e+05,2.618738e+02,1.554124e+04,2.220576e+04,3,58,N,N
2.487144e+02,1.391378e+04,2.871611e+04,4.869957e+02,2.138131e+04,2.107007e+05,3.607519e+02,1.193054e+04,7.898866e+04,2.553911e+02,1.190299e+04,6.611309e+04,0,31,N,N
3.427238e+02,1.758311e+04,3.200946e+04,4.120598e+02,1.538960e+04,9.797518e+04,4.614594e+02,2.162651e+04,1.717483e+05,2.083268e+02,1.018552e+04,9.004685e+03,3,52,N,N
3.209763e+02,1.453319e+04,3.435163e+04,4.573766e+02,1.982922e+04,9.473154e+04,4.265098e+02,1.794916e+04,5.127946e+04,2.721120e+02,1.772507e+04,1.161498e+04,0,33,N,N
3.060097e+02,1.557889e+04,4.100946e+04,4.587445e+02,1.895110e+04,1.022166e+05,4.619330e+02,1.819759e+04,7.871930e+04,2.706498e+02,1.719480e+04,3.024547e+04,2,90,N,N
2.649815e+02,1.369628e+04,4.267773e+04,3.907182e+02,1.510430e+04,9.429170e+04,4.291517e+02,1.836698e+04,1.325202e+05,2.494253e+02,1.489263e+04,4.450117e+04,1,42,N,N
2.069602e+02,8.264763e+03,3.710791e+03,3.800709e+02,1.016644e+04,7.637372e+03,5.477308e+02,1.176769e+04,9.624713e+03,3.839329e+02,1.363807e+04,7.433381e+03,1,50,N,N
2.712773e+02,1.180747e+04,3.259583e+04,4.136668e+02,1.829371e+04,9.564135e+04,4.685783e+02,2.015945e+04,7.780964e+04,2.558520e+02,1.539056e+04,1.232958e+04,1,102,N,N
2.607854e+02,9.118847e+03,7.665757e+03,3.193901e+02,1.121866e+04,1.469766e+04,4.883685e+02,1.877864e+04,6.643504e+04,3.078429e+02,2.068302e+04,5.081268e+04,3,73,N,N
2.827364e+02,1.213650e+04,2.760311e+04,4.047267e+02,1.691840e+04,9.294703e+04,4.444277e+02,1.939251e+04,1.103240e+05,2.470228e+02,1.387256e+04,3.082651e+04,2,77,N,N
2.996419e+02,1.739328e+04,5.802388e+04,3.986411e+02,1.681107e+04,1.264545e+05,4.595489e+02,2.044114e+04,1.289784e+05,3.081898e+02,2.002222e+04,4.364388e+04,3,65,N,N
2.311433e+02,9.187899e+03,9.132342e+03,3.995754e+02,1.577477e+04,4.605977e+04,4.495426e+02,1.562348e+04,2.885091e+04,2.375322e+02,1.257877e+04,7.248792e+03,0,57,N,N
3.000966e+02,1.426483e+04,3.029670e+04,3.987997e+02,1.700273e+04,4.833583e+04,4.471136e+02,1.859346e+04,4.464539e+04,3.179206e+02,1.985486e+04,5.082249e+04,1,51,N,N
2.882493e+02,1.301854e+04,3.112773e+04,4.898118e+02,2.006345e+04,8.720565e+04,4.540391e+02,1.818253e+04,7.319322e+04,2.276336e+02,1.232583e+04,1.643917e+04,3,51,N,N
2.997383e+02,1.504639e+04,5.324209e+04,4.266627e+02,1.872017e+04,1.114918e+05,4.568913e+02,2.024018e+04,9.011867e+04,2.757146e+02,1.709548e+04,4.770623e+04,0,66,N,N
3.067139e+02,1.606222e+04,6.373794e+04,4.197076e+02,2.181392e+04,2.583768e+05,4.226969e+02,2.083788e+04,1.810420e+05,2.537496e+02,1.449427e+04,2.608639e+04,0,60,N,N
3.327282e+02,1.569901e+04,3.481834e+04,4.047739e+02,1.769804e+04,1.185542e+05,4.374964e+02,1.766961e+04,7.351398e+04,2.362391e+02,1.311820e+04,2.668087e+04,2,12,N,N
2.988854e+02,1.385661e+04,3.977973e+04,4.263261e+02,1.876255e+04,1.112924e+05,4.396905e+02,1.980990e+04,9.038348e+04,2.908979e+02,1.954436e+04,7.066034e+04,1,66,N,N
3.029227e+02,1.569843e+04,1.691285e+04,4.501890e+02,1.623922e+04,9.078753e+04,4.173494e+02,1.913442e+04,1.637206e+05,3.192176e+02,1.898444e+04,4.542399e+04,2,95,N,N
3.296085e+02,1.514906e+04,4.877402e+04,4.170084e+02,1.690624e+04,8.250428e+04,4.617934e+02,1.967250e+04,7.534574e+04,2.916712e+02,1.846438e+04,2.967006e+04,1,44,N,N
2.584053e+02,8.334976e+03,4.071648e+03,3.236094e+02,1.239220e+04,2.267998e+04,4.712496e+02,1.898427e+04,5.355051e+04,2.424491e+02,1.344399e+04,1.297955e+04,3,87,N,N
3.131451e+02,5.304645e+03,1.679720e+04,3.616199e+02,4.596175e+03,7.482976e+03,3.621436e+02,4.700979e+03,1.078539e+04,5.993185e+02,6.017675e+04,2.081358e+05,1,71,N,N
3.241895e+02,1.636809e+04,4.734967e+04,4.894684e+02,2.285497e+04,1.579440e+05,4.692399e+02,2.268707e+04,1.508119e+05,2.988433e+02,1.755455e+04,6.709247e+04,2,86,N,N
2.582437e+02,1.197491e+04,8.442038e+03,4.605246e+02,1.568310e+04,4.416612e+04,3.886990e+02,1.246225e+04,3.871246e+04,3.203050e+02,1.672470e+04,5.675475e+04,0,37,N,N
2.819524e+02,1.360928e+04,2.704046e+04,4.313250e+02,1.871401e+04,7.497117e+04,4.828953e+02,2.193442e+04,6.916354e+04,3.039151e+02,1.920623e+04,3.323639e+04,1,41,N,N
2.159028e+02,8.070905e+03,1.583664e+04,3.600588e+02,1.363738e+04,7.932679e+04,4.818667e+02,1.654307e+04,6.053914e+04,1.610398e+02,6.401422e+03,2.506132e+03,3,82,N,N
3.670880e+02,2.265961e+04,8.887232e+04,4.966574e+02,2.102684e+04,1.575697e+05,4.211904e+02,1.528816e+04,9.618174e+04,2.728897e+02,1.418017e+04,2.433793e+04,2,89,N,N
3.175641e+02,1.567391e+04,2.628169e+04,4.457894e+02,1.778551e+04,7.504430e+04,4.562522e+02,1.579431e+04,4.948195e+04,2.424709e+02,1.278722e+04,1.500652e+04,0,50,N,N
3.306963e+02,2.046868e+04,1.368160e+05,4.138286e+02,1.922805e+04,1.792521e+05,4.165950e+02,2.076579e+04,2.066049e+05,2.876103e+02,1.784689e+04,7.096570e+04,2,101,N,N
3.656414e+02,1.897086e+04,9.085883e+04,4.271037e+02,1.880677e+04,1.276829e+05,4.303851e+02,1.908092e+04,1.565115e+05,2.081833e+02,1.080460e+04,2.082131e+04,0,29,N,N
2.849037e+02,1.626677e+04,5.710216e+04,4.090167e+02,1.457971e+04,6.758591e+04,4.523885e+02,1.934384e+04,8.761344e+04,3.172255e+02,1.847379e+04,2.004503e+04,0,81,N,N
3.279714e+02,1.583487e+04,1.186207e+04,4.644573e+02,1.344680e+04,3.629844e+04,3.948395e+02,1.230948e+04,4.198893e+04,2.825707e+02,1.580869e+04,2.286823e+04,1,97,N,N
3.251224e+02,1.856069e+04,1.844614e+04,4.267670e+02,1.510613e+04,4.390243e+04,4.149906e+02,1.611906e+04,5.637267e+04,3.906587e+02,2.222110e+04,2.715222e+04,1,67,N,N
3.592335e+02,2.043337e+04,8.074287e+04,4.567795e+02,2.094217e+04,1.424962e+05,4.212481e+02,1.785298e+04,3.871164e+04,2.626448e+02,1.472129e+04,9.549710e+03,0,78,N,N
3.510921e+02,2.645294e+04,2.948550e+04,4.843098e+02,1.694635e+04,5.192847e+04,3.866552e+02,1.445401e+04,5.560448e+04,3.045873e+02,1.573343e+04,1.309145e+04,2,78,N,N
2.722116e+02,1.484619e+04,9.102951e+03,4.262598e+02,1.435986e+04,5.334212e+04,4.163642e+02,1.443465e+04,6.567098e+04,2.714062e+02,1.405646e+04,1.266220e+04,2,47,N,N
3.152272e+02,1.213038e+04,3.903710e+04,4.412740e+02,2.064427e+04,1.613124e+05,4.705136e+02,2.209286e+04,1.646937e+05,2.124615e+02,1.106931e+04,1.389298e+04,2,63,N,N
2.814826e+02,1.087761e+04,3.934120e+03,3.805381e+02,1.004648e+04,6.362925e+03,4.445782e+02,1.257339e+04,2.212955e+04,2.678165e+02,1.397484e+04,1.357791e+04,0,72,N,N
2.851927e+02,1.371420e+04,2.445193e+04,3.475386e+02,1.265507e+04,3.873419e+04,4.659747e+02,1.915885e+04,9.566225e+04,2.359917e+02,1.253515e+04,1.024895e+04,0,9,N,N
2.403596e+02,1.296086e+04,1.723623e+04,4.798019e+02,1.894610e+04,1.559046e+05,3.851957e+02,1.334159e+04,7.597652e+04,2.576172e+02,1.184475e+04,3.187472e+04,3,85,N,N
2.805669e+02,1.193490e+04,2.155127e+04,4.295823e+02,1.608198e+04,6.037116e+04,4.557948e+02,1.442685e+04,3.008362e+04,3.297671e+02,1.509206e+04,1.222587e+04,2,70,N,N
3.075068e+02,2.135917e+04,9.356169e+04,4.100829e+02,1.637158e+04,1.061348e+05,3.549751e+02,1.424061e+04,7.086520e+04,2.971038e+02,1.526732e+04,2.100876e+04,2,59,N,N
2.197872e+02,7.999553e+03,7.458481e+03,3.920440e+02,1.353467e+04,5.473677e+04,4.661402e+02,1.658184e+04,6.621040e+04,1.899947e+02,9.021319e+03,7.464526e+03,1,12,N,N
2.623652e+02,1.456288e+04,2.615458e+04,4.800028e+02,2.049834e+04,1.530723e+05,4.412549e+02,1.925979e+04,1.400297e+05,3.112853e+02,1.976680e+04,1.338308e+05,3,83,N,N
2.925724e+02,1.404885e+04,5.124831e+04,3.341745e+02,1.483595e+04,1.263542e+05,4.218470e+02,2.143173e+04,2.330758e+05,2.496529e+02,1.381153e+04,2.600168e+04,0,62,N,N
4.135835e+02,2.955108e+04,2.161340e+05,4.492339e+02,1.782002e+04,1.072623e+05,4.022165e+02,1.785179e+04,6.969402e+04,3.373097e+02,1.961100e+04,2.875322e+04,3,64,N,N
3.495966e+02,2.088267e+04,6.107900e+04,4.019098e+02,1.590926e+04,9.461696e+04,3.779706e+02,1.703338e+04,1.406888e+05,2.833163e+02,1.749094e+04,5.818273e+04,2,69,N,N
3.056162e+02,1.811501e+04,1.292161e+04,4.605338e+02,1.814194e+04,5.722907e+04,4.132984e+02,1.525768e+04,5.998598e+04,3.499833e+02,1.998517e+04,4.523005e+04,1,47,N,N
3.510697e+02,2.746330e+04,9.254901e+04,4.638727e+02,1.834868e+04,7.310240e+04,4.141837e+02,1.810113e+04,1.094925e+05,3.035408e+02,1.323829e+04,9.968306e+03,1,75,N,N
3.332684e+02,1.360393e+04,5.594367e+04,3.980620e+02,1.686627e+04,8.612116e+04,4.526267e+02,1.668355e+04,4.889702e+04,3.164730e+02,1.804195e+04,3.266773e+04,1,59,N,N
3.882392e+02,2.010307e+04,1.118509e+05,3.860048e+02,1.507887e+04,7.710400e+04,4.250251e+02,1.695709e+04,6.898335e+04,2.303935e+02,1.163925e+04,1.196352e+04,0,12,N,N
3.598004e+02,1.758903e+04,3.230039e+04,4.614203e+02,1.706443e+04,7.895185e+04,4.147457e+02,1.512422e+04,7.288334e+04,2.614198e+02,1.614174e+04,2.996964e+04,0,40,N,N
3.252712e+02,1.829078e+04,2.834212e+04,4.795047e+02,2.291023e+04,2.375147e+05,3.892610e+02,1.401659e+04,7.815582e+04,2.686529e+02,1.194366e+04,3.795629e+04,0,64,N,N
3.387846e+02,1.620036e+04,7.011753e+04,4.379351e+02,1.849378e+04,9.470966e+04,4.419484e+02,1.866620e+04,6.420685e+04,2.702886e+02,1.692275e+04,3.103661e+04,3,66,N,N
3.025672e+02,1.699618e+04,1.358042e+04,4.604935e+02,1.829539e+04,3.980533e+04,4.766124e+02,1.989397e+04,3.728091e+04,3.772759e+02,2.882707e+04,4.294850e+04,1,72,N,N
3.225505e+02,1.910631e+04,9.311146e+03,4.461349e+02,1.881791e+04,6.605838e+04,4.780575e+02,2.105676e+04,1.069609e+05,3.797500e+02,2.616791e+04,3.459713e+04,0,4,N,N
3.755235e+02,1.648421e+04,9.439458e+03,4.895041e+02,1.634378e+04,9.125502e+04,3.506264e+02,1.166161e+04,4.158067e+04,3.027329e+02,1.321441e+04,4.273884e+04,2,50,N,N
2.900321e+02,1.586576e+04,5.022169e+04,4.703734e+02,1.876435e+04,6.697554e+04,4.475860e+02,1.691820e+04,6.999595e+04,2.664769e+02,1.521607e+04,3.371384e+04,0,61,N,N
2.587216e+02,9.260862e+03,1.530503e+04,4.295308e+02,1.946232e+04,1.045819e+05,4.441078e+02,1.569342e+04,7.221929e+04,2.185939e+02,1.085183e+04,9.126262e+03,3,60,N,N
3.575589e+02,1.985354e+04,4.049665e+04,4.313087e+02,1.621348e+04,4.805135e+04,4.172052e+02,1.372144e+04,1.899026e+04,2.880258e+02,1.612750e+04,1.849898e+04,3,75,N,N
1.347658e+02,3.512362e+03,7.504595e+02,4.109505e+02,1.328039e+04,1.198572e+04,7.697809e+02,2.095666e+04,1.637038e+04,9.683622e+01,2.142783e+03,5.262702e+02,1,62,N,N
3.120213e+02,1.598714e+04,4.320039e+04,4.441387e+02,1.759716e+04,8.949831e+04,4.398723e+02,1.596281e+04,4.617030e+04,2.998925e+02,1.913167e+04,2.265278e+04,2,80,N,N
2.894624e+02,1.258797e+04,1.832580e+04,5.847495e+02,2.033349e+04,7.287695e+04,4.876850e+02,1.751247e+04,1.200913e+05,2.864165e+02,1.534089e+04,9.047097e+04,0,91,N,N
3.042159e+02,1.582407e+04,2.727293e+04,4.050260e+02,1.708808e+04,1.386593e+05,4.162085e+02,1.924319e+04,1.270462e+05,2.898069e+02,1.778534e+04,1.927888e+04,1,95,N,N
2.847088e+02,1.271243e+04,3.750125e+04,4.084254e+02,1.798881e+04,8.288420e+04,4.784688e+02,1.951857e+04,5.992031e+04,3.251501e+02,2.034386e+04,3.973461e+04,1,103,N,N
2.820359e+02,1.611564e+04,4.697889e+04,4.696121e+02,1.663555e+04,8.077130e+04,4.088999e+02,1.415444e+04,7.017210e+04,2.640438e+02,1.465137e+04,5.926402e+04,0,68,N,N
2.879966e+02,1.396343e+04,4.864018e+04,4.375261e+02,1.736437e+04,1.105976e+05,4.816957e+02,2.091168e+04,1.016135e+05,2.769415e+02,1.702596e+04,1.230910e+04,2,104,N,N
2.131047e+02,9.466401e+03,7.195358e+03,3.650049e+02,1.142742e+04,4.385611e+04,5.059954e+02,1.778915e+04,4.818743e+04,2.042951e+02,9.594437e+03,7.000424e+03,2,52,N,N
2.645326e+02,1.242502e+04,6.330786e+03,4.951022e+02,1.772328e+04,4.366424e+04,4.038568e+02,1.510800e+04,8.852202e+04,2.658206e+02,1.493202e+04,9.946874e+04,3,89,N,N
3.097597e+02,1.062895e+04,3.087324e+03,4.064810e+02,1.016954e+04,6.582348e+03,4.141865e+02,1.186216e+04,1.815967e+04,4.011013e+02,1.931859e+04,2.380815e+04,0,30,N,N
3.583912e+02,1.503209e+04,3.938519e+04,4.350693e+02,2.025353e+04,1.318207e+05,4.620393e+02,2.140241e+04,1.014390e+05,2.458984e+02,1.476174e+04,2.235465e+04,3,104,N,N
2.349956e+02,8.839352e+03,1.365484e+04,4.416216e+02,1.723497e+04,6.974199e+04,4.966805e+02,1.769353e+04,5.824656e+04,2.293541e+02,1.239985e+04,1.423233e+04,0,45,N,N
2.714294e+02,1.251963e+04,2.507612e+04,4.781718e+02,1.896965e+04,9.441481e+04,4.258095e+02,1.569548e+04,3.731600e+04,3.099241e+02,1.580734e+04,1.205558e+04,1,70,N,N
2.459020e+02,1.256318e+04,7.938461e+03,4.369760e+02,1.639615e+04,9.615349e+04,3.655247e+02,1.280654e+04,4.906675e+04,3.696981e+02,1.965635e+04,1.236703e+05,1,99,N,N
3.080185e+02,1.861100e+04,1.994550e+04,4.163273e+02,1.470914e+04,6.486909e+04,4.672849e+02,2.344165e+04,2.177085e+05,3.559190e+02,2.514214e+04,6.766320e+04,2,98,N,N
3.351667e+02,1.594797e+04,4.818106e+04,3.905338e+02,1.466338e+04,6.862778e+04,4.487810e+02,1.831316e+04,1.041749e+05,2.356776e+02,1.362401e+04,1.818789e+04,0,19,N,N
2.952721e+02,1.641927e+04,2.092621e+04,3.395672e+02,1.253933e+04,4.971631e+04,4.770161e+02,2.199665e+04,1.991024e+05,3.027260e+02,2.002233e+04,3.773226e+04,3,69,N,N
2.837591e+02,1.300153e+04,7.854247e+04,3.400679e+02,1.558838e+04,1.107792e+05,4.291505e+02,1.970518e+04,1.031008e+05,2.814868e+02,1.680828e+04,2.408810e+04,0,24,N,N
2.757100e+02,1.009104e+04,1.235197e+04,3.997585e+02,1.532671e+04,6.738743e+04,4.645605e+02,1.685796e+04,6.743609e+04,3.126202e+02,1.317378e+04,9.076876e+03,3,70,N,N
2.621122e+02,1.389140e+04,9.815929e+03,4.409905e+02,2.027988e+04,1.766447e+05,4.191720e+02,1.858328e+04,1.840395e+05,3.035661e+02,1.822750e+04,1.125886e+05,2,100,N,N
2.525357e+02,1.045948e+04,2.663836e+04,3.784568e+02,1.571045e+04,8.506623e+04,4.408887e+02,1.617804e+04,5.802039e+04,2.737519e+02,1.377655e+04,1.489596e+04,3,103,N,N
3.109600e+02,1.844923e+04,7.857823e+03,5.212238e+02,2.438930e+04,1.453548e+05,3.956720e+02,1.568331e+04,4.624669e+04,3.528108e+02,2.146346e+04,9.073295e+04,0,93,N,N
2.212225e+02,1.026004e+04,1.618046e+04,5.234682e+02,2.353979e+04,2.300994e+05,3.863337e+02,1.311277e+04,7.292851e+04,3.086012e+02,1.555052e+04,9.898534e+04,3,71,N,N
3.863308e+02,1.402636e+04,5.428390e+04,3.104103e+02,1.357043e+04,7.580224e+04,3.596498e+02,1.393787e+04,3.290931e+04,2.385500e+02,1.172895e+04,9.308971e+03,3,53,N,N
2.633325e+02,1.326954e+04,1.093887e+04,4.231516e+02,2.172971e+04,2.094236e+05,4.203326e+02,1.813579e+04,1.381308e+05,3.352743e+02,2.153559e+04,1.481382e+05,3,54,N,N
2.798552e+02,1.451368e+04,1.150840e+04,5.081880e+02,2.173176e+04,1.570102e+05,4.252892e+02,1.753191e+04,1.114382e+05,3.007774e+02,1.900270e+04,1.054076e+05,3,100,N,N
3.370696e+02,1.391038e+04,5.554171e+04,3.928985e+02,1.625955e+04,1.096767e+05,4.141728e+02,1.727867e+04,9.565972e+04,2.617072e+02,1.457972e+04,2.528497e+04,0,77,N,N
2.595377e+02,1.070082e+04,2.505317e+04,3.849722e+02,1.425886e+04,7.175293e+04,5.042327e+02,2.090132e+04,6.130963e+04,2.547463e+02,1.492619e+04,1.882315e+04,2,48,N,N
3.218468e+02,1.719046e+04,6.824292e+04,4.558000e+02,1.914544e+04,1.220819e+05,4.336433e+02,1.764699e+04,7.066663e+04,2.676035e+02,1.532986e+04,2.104223e+04,3,74,N,N
2.782539e+02,1.488638e+04,6.910510e+03,4.263361e+02,1.530102e+04,4.767322e+04,4.389554e+02,1.690178e+04,7.094148e+04,3.914155e+02,2.105884e+04,1.983980e+04,0,41,N,N
2.873475e+02,1.318957e+04,3.209821e+04,3.899949e+02,1.620752e+04,1.225057e+05,4.529933e+02,1.986694e+04,1.212303e+05,2.787357e+02,1.669794e+04,2.224625e+04,3,84,N,N
2.967121e+02,1.368105e+04,1.991049e+04,4.077169e+02,1.431232e+04,2.641472e+04,4.670787e+02,1.843787e+04,7.616367e+04,2.724857e+02,1.854347e+04,6.242230e+04,0,7,N,N
2.841207e+02,1.578670e+04,3.087832e+04,4.388320e+02,1.754855e+04,1.096532e+05,4.310025e+02,1.723173e+04,7.434941e+04,2.842121e+02,1.632804e+04,1.861088e+04,2,65,N,N
6.662356e+02,3.932891e+04,3.050586e+05,4.038048e+02,8.905078e+03,1.960136e+04,2.559160e+02,6.615984e+03,4.232826e+03,1.682053e+02,5.815500e+03,2.629186e+03,0,5,N,N
3.491456e+02,1.622280e+04,5.282467e+04,4.460885e+02,2.166021e+04,1.714446e+05,4.688349e+02,2.141216e+04,1.094153e+05,2.932694e+02,1.876976e+04,2.845376e+04,2,49,N,N
