1.327191e+05,1.686360e+09,2.074061e+12,7.783113e+05,1.005136e+11,1.097145e+13,2.771569e+06,1.678395e+12,4.439473e+13,3.263344e+06,1.534548e+12,5.654032e+14,2,76,N,N
5.181111e+04,4.063676e+08,3.596506e+11,1.441313e+06,2.629334e+10,1.399776e+12,1.425491e+06,3.139271e+11,6.397257e+12,2.250116e+06,1.210361e+12,5.894946e+13,1,41,N,N
2.354085e+05,2.348640e+09,1.975961e+12,8.222107e+05,9.719286e+10,7.110343e+12,1.897005e+06,8.517739e+11,2.964925e+13,1.401648e+06,1.950463e+11,1.971592e+13,0,46,N,N
2.439644e+05,1.585839e+09,2.003979e+12,7.055170e+05,4.479176e+10,5.699864e+12,1.587925e+06,5.983134e+11,3.213351e+13,9.373696e+05,6.871224e+10,6.272170e+12,2,96,N,N
1.006751e+05,5.307631e+08,6.755399e+11,1.587014e+06,3.286917e+10,2.315810e+12,1.550036e+06,3.034434e+11,8.268498e+12,1.926720e+06,8.445672e+11,7.796985e+13,0,58,N,N
3.976611e+05,3.182299e+09,2.823175e+12,2.250868e+06,7.067231e+10,3.108881e+12,1.468325e+06,4.019329e+11,5.988769e+12,2.327296e+06,1.140918e+12,5.485582e+13,1,103,N,N
3.148318e+05,4.712103e+09,4.336062e+12,1.523531e+06,5.143688e+10,3.232197e+12,1.457240e+06,2.243717e+11,1.090739e+13,1.645080e+06,5.262708e+11,3.266685e+13,2,55,N,N
1.475108e+05,1.454334e+09,1.733688e+12,2.146447e+06,1.014923e+11,4.128854e+12,1.649065e+06,4.616610e+11,9.830994e+12,1.937844e+06,6.958992e+11,3.134071e+13,2,84,N,N
7.495519e+05,1.081850e+10,1.378320e+13,1.990368e+06,9.224088e+10,3.114657e+12,1.777363e+06,5.296728e+11,5.111540e+12,2.216676e+06,9.743992e+11,2.447374e+13,0,29,N,N
4.380934e+04,2.157868e+08,2.024740e+11,1.599082e+06,3.139823e+10,2.034254e+12,1.588599e+06,2.846829e+11,5.714763e+12,1.891061e+06,7.818952e+11,6.079958e+13,0,52,N,N
8.396309e+05,4.734956e+09,4.475478e+12,2.721615e+06,1.944190e+11,6.970585e+12,1.382612e+06,3.921702e+11,1.684619e+13,1.630365e+06,3.942692e+11,2.178111e+13,2,80,N,N
3.326393e+05,3.177000e+09,3.781970e+12,2.396902e+06,1.370142e+11,8.134139e+12,1.272786e+06,3.165571e+11,1.873698e+13,1.269564e+06,2.309470e+11,2.281710e+13,2,65,N,N
3.357340e+05,4.221106e+09,4.170897e+12,1.528635e+06,5.418383e+10,3.397857e+12,1.436278e+06,2.304266e+11,1.182054e+13,1.722706e+06,6.265652e+11,3.502554e+13,3,55,N,N
6.335971e+04,6.056866e+08,7.769062e+11,7.494264e+05,2.911024e+10,1.950976e+12,1.892772e+06,7.728017e+11,1.457829e+13,1.230394e+06,2.137931e+11,1.883452e+13,3,68,N,N
4.545906e+05,3.662207e+09,1.900942e+12,1.253428e+06,1.325719e+11,1.339552e+13,1.695517e+06,6.022243e+11,4.585446e+13,1.390337e+06,2.488505e+11,1.714588e+13,0,47,N,N
4.559143e+05,3.782481e+09,2.981936e+12,9.453969e+05,6.857518e+10,4.318984e+12,1.221805e+06,3.369108e+11,3.955510e+12,2.337519e+06,1.236161e+12,4.632358e+13,0,15,N,N
6.309761e+04,5.446652e+08,4.132774e+11,6.949239e+05,2.413636e+10,1.924203e+12,1.329574e+06,4.108628e+11,6.551647e+12,2.524802e+06,1.581714e+12,1.079604e+14,1,76,N,N
3.454368e+04,2.894840e+08,3.682733e+11,9.407412e+05,2.028264e+10,2.422974e+12,1.665905e+06,2.625002e+11,1.718360e+13,1.136687e+06,2.504184e+11,1.589461e+13,3,91,N,N
1.295663e+05,1.208009e+09,9.196925e+11,5.453046e+05,3.229981e+10,3.312574e+12,1.445666e+06,5.153103e+11,1.201833e+13,1.908308e+06,7.514006e+11,1.178295e+14,0,76,N,N
2.106285e+05,1.356021e+09,1.962223e+12,2.379238e+06,7.296558e+10,3.027813e+12,1.413601e+06,3.873506e+11,7.130098e+12,1.651133e+06,3.697222e+11,1.654079e+13,1,62,N,N
4.031811e+04,2.668910e+08,3.526501e+11,1.414649e+06,2.252880e+10,2.142407e+12,1.297699e+06,1.402325e+11,8.190654e+12,1.071840e+06,2.727874e+11,1.925239e+13,0,75,N,N
2.880495e+05,3.510872e+09,3.640899e+12,1.717984e+06,5.674877e+10,3.410167e+12,1.320203e+06,2.706523e+11,1.268057e+13,1.903853e+06,6.892491e+11,6.453819e+13,1,55,N,N
2.083231e+05,1.358929e+09,1.725988e+12,7.435079e+05,3.914968e+10,4.277496e+12,1.638627e+06,6.152942e+11,2.591922e+13,9.601336e+05,7.599993e+10,6.650621e+12,3,96,N,N
3.703539e+04,1.981414e+08,2.277155e+11,1.272683e+06,2.039407e+10,1.234183e+12,1.407492e+06,2.901752e+11,3.514094e+12,1.956309e+06,9.138470e+11,1.580380e+14,0,57,N,N
1.735040e+05,1.081405e+09,1.244770e+12,2.448811e+06,8.725839e+10,3.624954e+12,1.308249e+06,3.567341e+11,9.958617e+12,1.680892e+06,5.437423e+11,4.329328e+13,1,82,N,N
3.324202e+04,2.781725e+08,4.107031e+11,1.149678e+06,3.774314e+10,3.078191e+12,1.315062e+06,1.855826e+11,7.747104e+12,1.447517e+06,4.767959e+11,1.524439e+13,0,39,N,N
1.929369e+05,1.467837e+09,1.347634e+12,5.405892e+05,1.292999e+10,4.289975e+12,9.353962e+05,1.340621e+11,5.192413e+12,1.330489e+06,4.032565e+11,4.772018e+13,1,66,N,N
8.879903e+04,4.054608e+08,3.958559e+11,1.956897e+06,5.539656e+10,2.159179e+12,1.597037e+06,4.172003e+11,4.913253e+12,2.207352e+06,1.051878e+12,2.907388e+13,0,63,N,N
4.798735e+04,4.310339e+08,4.404230e+11,1.087916e+06,3.192234e+10,2.270132e+12,1.544975e+06,3.622322e+11,2.492407e+13,1.411251e+06,3.474970e+11,6.452035e+13,0,81,N,N
4.290494e+05,5.515035e+09,5.014058e+12,2.503133e+06,4.049377e+11,3.024925e+13,1.813774e+06,8.210819e+11,4.471174e+13,9.906234e+05,4.491086e+10,7.388770e+12,1,98,N,N
3.255983e+05,3.910286e+09,1.357347e+12,6.661534e+05,6.772505e+10,7.551896e+12,1.716072e+06,7.360099e+11,6.045367e+13,1.095178e+06,1.068894e+11,1.695130e+13,2,79,N,N
8.007000e+04,6.457197e+08,6.910858e+11,1.636655e+06,3.938691e+10,2.246463e+12,1.415658e+06,3.340065e+11,7.774695e+12,2.207127e+06,1.184639e+12,1.085683e+14,3,48,N,N
2.027534e+05,2.122415e+09,1.568793e+12,1.697091e+06,2.533830e+11,1.038384e+13,2.340367e+06,1.329631e+12,1.460776e+13,2.213901e+06,1.019499e+12,4.374314e+13,2,86,N,N
3.913570e+05,3.533242e+09,2.602151e+12,6.992494e+05,8.318528e+10,1.009286e+13,1.566825e+06,6.108808e+11,2.279036e+13,1.050528e+06,7.300096e+10,1.191045e+13,0,27,N,N
3.229105e+05,3.221988e+09,3.495722e+12,1.940179e+06,8.631209e+10,4.589896e+12,1.789464e+06,5.344913e+11,1.265631e+13,2.056858e+06,9.226210e+11,2.432750e+13,3,79,N,N
9.243047e+04,8.878997e+08,9.974506e+11,2.094009e+06,5.636385e+10,1.468459e+12,1.687661e+06,4.776862e+11,3.896839e+12,2.335793e+06,1.103090e+12,3.579926e+13,0,26,N,N
8.498852e+04,4.190496e+08,3.370945e+11,6.318938e+05,1.237085e+10,1.711247e+12,1.509163e+06,3.905981e+11,6.456780e+12,2.028557e+06,9.574196e+11,1.193497e+14,1,61,N,N
4.546622e+05,3.578155e+09,2.347253e+12,1.635612e+06,1.562323e+11,1.325793e+13,1.625696e+06,5.398444e+11,3.705215e+13,1.494804e+06,3.017979e+11,1.717934e+13,1,47,N,N
3.585089e+05,4.452440e+09,4.864507e+12,2.545817e+06,1.392247e+11,1.016286e+13,1.570843e+06,3.453827e+11,3.524230e+13,1.049522e+06,1.901865e+11,1.595168e+13,1,97,N,N
1.939478e+05,1.481546e+09,1.859377e+12,7.403240e+05,4.372381e+10,3.735656e+12,1.685275e+06,5.722929e+11,1.332804e+13,1.338405e+06,2.192689e+11,2.215997e+13,0,0,N,N
7.876038e+04,5.311980e+08,5.156978e+11,1.966216e+06,3.926916e+10,1.809839e+12,1.604466e+06,4.887438e+11,7.232461e+12,2.256212e+06,1.172303e+12,6.645081e+13,2,104,N,N
6.367817e+04,4.698657e+08,7.083836e+11,1.591305e+06,3.128563e+10,2.487295e+12,1.367234e+06,1.306684e+11,7.236170e+12,9.965922e+05,2.308073e+11,1.044401e+13,3,75,N,N
9.050979e+04,6.040406e+08,8.234661e+11,1.577622e+06,3.338585e+10,2.765158e+12,1.419566e+06,2.699498e+11,1.166643e+13,1.547729e+06,5.214793e+11,2.422259e+13,2,51,N,N
9.409138e+05,1.090604e+10,1.566097e+13,1.413749e+06,6.642017e+10,3.313261e+12,1.452052e+06,3.223480e+11,5.422818e+12,1.972250e+06,7.925147e+11,2.827250e+13,3,90,N,N
9.590536e+04,6.624556e+08,1.068004e+12,6.722615e+05,2.630629e+10,2.781324e+12,1.407356e+06,3.604836e+11,1.582000e+13,9.708117e+05,1.496044e+11,1.713374e+13,3,77,N,N
5.186570e+05,5.668706e+09,7.659111e+12,1.482687e+06,8.021538e+10,3.407278e+12,1.614653e+06,4.513525e+11,4.159243e+12,2.208394e+06,9.278347e+11,5.586751e+13,0,31,N,N
1.731832e+05,1.680293e+09,2.250100e+12,7.272277e+05,2.514372e+10,2.909057e+12,1.690635e+06,5.282029e+11,2.028618e+13,9.655661e+05,1.087542e+11,9.093821e+12,1,5,N,N
2.945067e+05,3.635797e+09,4.396117e+12,2.414153e+06,1.958424e+11,1.429610e+13,1.494463e+06,5.125432e+11,4.248034e+13,1.149636e+06,1.137130e+11,1.008366e+13,3,99,N,N
1.118369e+05,7.720200e+08,1.007899e+12,1.403056e+06,3.763959e+10,2.695159e+12,1.730941e+06,3.765404e+11,2.679502e+13,1.039051e+06,1.587500e+11,1.935920e+13,0,42,N,N
7.748394e+05,6.580652e+09,5.419247e+12,1.514095e+06,9.754537e+10,6.016083e+12,1.613908e+06,5.621209e+11,2.340596e+13,2.040136e+06,7.201310e+11,4.054676e+13,0,70,N,N
4.975142e+05,2.839378e+09,2.599280e+12,2.790049e+06,1.501591e+11,5.668394e+12,1.322996e+06,3.309736e+11,1.202974e+13,1.680478e+06,4.288826e+11,1.709713e+13,1,80,N,N
1.908935e+05,1.479244e+09,2.286667e+12,2.422225e+06,9.086530e+10,6.006563e+12,1.421016e+06,3.942581e+11,1.830763e+13,1.294609e+06,2.034308e+11,1.835787e+13,1,34,N,N
1.571617e+05,1.235584e+09,1.452578e+12,2.558148e+06,1.151380e+11,5.605156e+12,1.563126e+06,3.651836e+11,1.954358e+13,1.342409e+06,3.678941e+11,2.136067e+13,3,93,N,N
3.107108e+05,2.975518e+09,3.262511e+12,1.398753e+06,1.336101e+11,1.322645e+13,1.692453e+06,5.418587e+11,4.441234e+13,1.022468e+06,1.388432e+11,9.532071e+12,0,93,N,N
1.802793e+05,2.009290e+09,2.603717e+12,2.706541e+06,1.288049e+11,5.387004e+12,1.441163e+06,4.151487e+11,1.472721e+13,1.591794e+06,3.638743e+11,1.042175e+13,0,6,N,N
2.298405e+05,1.419609e+09,1.220796e+12,2.627822e+06,1.566292e+11,6.436081e+12,1.522446e+06,5.243541e+11,1.221178e+13,1.877640e+06,5.514093e+11,4.671120e+13,0,18,N,N
9.686470e+04,5.127979e+08,4.000270e+11,6.226740e+05,1.078226e+10,2.019449e+12,1.055058e+06,1.249229e+11,3.658734e+12,1.682144e+06,6.713346e+11,5.484098e+13,0,50,N,N
4.238334e+05,3.490690e+09,2.432033e+12,1.728044e+06,6.191444e+10,2.605782e+12,1.648308e+06,5.234958e+11,7.312023e+12,2.542235e+06,1.387508e+12,6.958021e+13,2,101,N,N
7.084756e+04,6.203792e+08,6.732620e+11,2.110725e+06,8.174298e+10,2.349674e+12,1.659490e+06,4.758892e+11,4.809332e+12,2.266675e+06,1.037174e+12,1.743702e+13,3,74,N,N
2.964500e+04,2.014619e+08,2.283220e+11,6.129499e+05,1.187782e+10,1.780000e+12,1.319551e+06,2.354675e+11,9.354411e+12,1.409683e+06,4.315145e+11,6.773832e+13,3,54,N,N
5.658211e+05,3.844191e+09,5.494839e+12,7.277006e+05,2.402417e+10,2.223524e+12,1.273784e+06,3.255980e+11,1.541111e+13,1.087949e+06,1.856939e+11,2.618671e+13,1,77,N,N
4.043174e+04,3.342083e+08,3.594795e+11,9.836219e+05,1.842344e+10,2.500988e+12,1.567424e+06,1.438584e+11,7.024124e+12,1.305085e+06,3.804404e+11,1.030629e+13,0,91,N,N
1.016269e+05,6.539414e+08,9.166908e+11,2.629101e+06,7.756519e+10,2.593777e+12,1.379091e+06,3.726770e+11,6.901031e+12,1.732722e+06,4.034242e+11,2.525015e+13,2,62,N,N
1.254142e+05,1.304667e+09,1.559309e+12,9.548860e+05,3.989427e+10,3.185931e+12,1.431484e+06,4.215781e+11,4.061492e+13,1.165989e+06,2.098917e+11,5.906827e+13,2,81,N,N
7.946606e+04,7.379852e+08,1.109868e+12,1.581058e+06,5.798778e+10,3.971058e+12,1.713005e+06,4.475673e+11,1.908256e+13,1.417008e+06,3.745622e+11,3.288198e+13,2,92,N,N
1.759683e+05,1.039556e+09,1.451884e+12,2.111434e+06,5.711364e+10,3.068087e+12,1.476024e+06,3.066301e+11,9.473064e+12,1.509728e+06,4.957609e+11,1.297912e+13,1,58,N,N
4.428529e+05,9.009278e+09,1.000355e+13,1.251722e+06,7.380116e+10,3.628106e+12,1.305063e+06,2.816953e+11,5.741747e+12,2.079479e+06,8.609779e+11,4.067972e+13,0,90,N,N
3.378645e+05,8.146241e+09,7.085510e+11,7.158435e+05,1.263352e+11,2.033689e+13,1.747057e+06,7.578898e+11,9.733673e+13,1.074714e+06,1.111377e+11,3.357501e+13,3,73,N,N
2.979266e+05,3.141537e+09,3.709568e+12,6.217154e+05,7.306975e+10,1.159224e+13,1.197625e+06,3.356199e+11,4.313843e+13,7.693649e+05,7.868472e+10,2.172104e+13,1,78,N,N
1.245428e+06,1.641084e+10,1.441839e+13,2.292280e+06,1.549766e+11,4.464808e+12,1.630830e+06,4.760542e+11,7.975328e+12,2.779478e+06,1.153207e+12,7.684452e+13,2,49,N,N
5.665934e+05,4.900716e+09,6.054726e+12,1.634641e+06,1.153296e+11,6.372930e+12,1.776954e+06,7.708684e+11,2.959684e+13,1.852545e+06,3.869396e+11,8.699505e+13,1,67,N,N
1.082424e+05,8.680645e+08,1.372222e+12,2.325170e+06,7.949854e+10,3.864043e+12,1.435612e+06,3.146667e+11,1.265154e+13,1.406773e+06,3.733801e+11,1.698504e+13,0,34,N,N
3.779504e+04,2.205166e+08,2.467305e+11,1.252093e+06,2.352339e+10,1.277297e+12,1.475728e+06,3.828831e+11,6.800837e+12,1.985854e+06,9.381693e+11,3.702350e+13,0,71,N,N
8.249833e+04,9.016413e+08,1.457043e+12,1.767412e+06,4.185831e+10,3.699141e+12,1.472257e+06,2.464415e+11,2.198061e+13,9.306323e+05,1.758420e+11,1.556673e+13,3,64,N,N
7.569651e+04,5.462934e+08,5.576767e+11,1.976307e+06,3.320464e+10,1.816871e+12,1.571123e+06,4.370555e+11,5.886582e+12,2.187191e+06,1.126508e+12,1.534051e+13,3,104,N,N
3.852768e+04,2.626997e+08,3.811305e+11,1.373357e+06,2.131294e+10,2.033700e+12,1.254194e+06,1.378571e+11,7.121737e+12,1.119552e+06,2.899879e+11,1.807299e+13,2,75,N,N
3.623713e+04,2.540142e+08,2.575839e+11,7.685628e+05,1.816214e+10,3.235976e+12,1.238463e+06,1.235818e+11,5.033499e+12,1.391588e+06,4.554896e+11,2.210315e+13,3,66,N,N
2.239473e+05,1.146122e+09,8.670540e+11,9.336488e+05,3.124894e+10,3.201348e+12,1.249679e+06,2.990387e+11,3.172237e+12,2.331262e+06,1.164150e+12,9.124920e+13,0,89,N,N
3.435144e+04,2.415836e+08,3.495386e+11,9.678477e+05,1.461752e+10,1.269121e+12,1.451830e+06,2.204864e+11,9.074657e+12,1.298196e+06,3.723997e+11,2.918481e+13,0,32,N,N
8.556184e+04,7.507843e+08,8.476287e+11,6.779098e+05,2.359764e+10,2.605916e+12,1.896565e+06,5.594232e+11,1.112088e+13,1.740239e+06,6.944861e+11,2.708342e+13,0,102,N,N
5.177391e+05,4.043383e+09,3.503878e+12,2.239600e+06,7.203596e+10,3.109314e+12,1.508488e+06,4.190151e+11,6.510387e+12,2.319900e+06,1.090948e+12,5.677427e+13,2,103,N,N
3.949363e+05,3.781234e+09,4.870369e+12,6.569590e+05,3.153304e+10,3.667321e+12,1.477291e+06,5.315438e+11,2.263162e+13,8.199505e+05,5.649359e+10,6.431344e+12,0,5,N,N
4.983550e+04,4.679942e+08,4.893086e+11,7.364226e+05,1.952832e+10,2.881082e+12,1.388558e+06,2.187454e+11,9.172650e+12,1.881513e+06,8.100332e+11,6.847149e+13,1,59,N,N
3.415058e+05,4.155148e+09,3.265829e+12,1.006431e+06,7.184812e+10,1.111206e+13,1.742067e+06,3.344553e+11,3.773414e+13,9.999415e+05,1.826519e+11,1.541529e+13,3,97,N,N
3.381015e+05,3.797454e+09,3.965673e+12,2.325377e+06,1.505466e+11,1.557085e+13,1.554593e+06,3.696026e+11,3.584746e+13,1.067859e+06,2.007169e+11,1.681507e+13,0,97,N,N
3.811943e+05,2.538246e+09,2.398021e+12,2.107301e+06,5.017210e+10,1.844754e+12,1.571417e+06,4.330221e+11,2.753047e+12,2.417875e+06,1.263310e+12,3.490598e+13,1,88,N,N
1.255986e+05,9.763085e+08,8.872566e+11,5.743712e+05,1.515224e+10,4.289036e+12,1.052912e+06,1.306778e+11,5.306301e+12,1.361170e+06,4.378460e+11,3.855718e+13,0,66,N,N
3.367184e+05,3.270948e+09,4.828232e+12,6.137232e+05,3.647084e+10,7.278993e+12,1.293134e+06,2.798941e+11,3.326294e+13,7.022456e+05,7.554272e+10,1.458624e+13,0,64,N,N
2.862075e+05,2.605410e+09,2.745033e+12,1.052252e+06,1.028194e+11,1.074459e+13,1.662351e+06,5.058437e+11,4.091926e+13,9.749729e+05,1.329784e+11,1.198614e+13,1,93,N,N
2.511870e+05,2.346520e+09,1.777845e+12,2.758878e+06,2.137075e+11,4.389163e+12,1.665059e+06,6.676246e+11,9.539602e+12,1.893441e+06,2.783073e+11,2.384423e+13,3,95,N,N
2.753593e+05,1.896633e+09,2.140297e+12,7.610819e+05,6.130736e+10,8.067842e+12,1.664078e+06,6.631735e+11,3.015919e+13,9.368322e+05,8.197328e+10,1.753750e+13,1,25,N,N
3.304775e+04,1.837877e+08,2.497226e+11,1.364572e+06,2.004418e+10,1.432628e+12,1.375890e+06,2.227286e+11,5.772917e+12,1.689473e+06,6.727492e+11,6.580236e+13,3,53,N,N
4.583006e+05,3.363482e+09,5.199494e+12,7.043629e+05,2.704790e+10,2.767409e+12,1.271511e+06,3.256982e+11,1.797097e+13,9.914263e+05,1.653252e+11,2.995875e+13,0,77,N,N
8.207534e+04,4.656039e+08,4.393580e+11,1.224658e+06,2.236231e+10,2.472474e+12,1.621263e+06,4.053525e+11,5.746233e+12,2.054161e+06,9.670035e+11,1.596082e+14,0,61,N,N
6.855595e+04,6.603492e+08,9.295244e+11,7.761547e+05,3.964005e+10,2.592277e+12,1.911884e+06,8.454687e+11,1.629706e+13,1.318484e+06,3.357493e+11,3.390985e+13,2,68,N,N
4.714431e+05,3.983746e+09,2.336344e+12,1.111928e+06,1.157062e+11,9.826648e+12,1.755211e+06,6.111203e+11,4.672569e+13,1.497965e+06,2.992111e+11,1.962440e+13,2,47,N,N
2.194785e+05,1.826461e+09,1.971232e+12,8.791797e+05,5.603811e+10,4.210765e+12,1.523568e+06,5.238918e+11,1.928183e+13,1.292463e+06,1.988861e+11,1.262939e+13,0,41,N,N
4.316718e+04,2.515098e+08,2.677205e+11,1.403425e+06,2.839261e+10,1.626982e+12,1.361691e+06,3.106783e+11,5.911069e+12,2.099790e+06,1.057896e+12,2.534359e+13,1,71,N,N
1.356748e+05,8.842765e+08,8.833400e+11,2.660664e+06,1.043050e+11,3.279264e+12,1.542725e+06,5.027285e+11,4.040425e+12,2.290683e+06,1.115083e+12,3.479050e+13,2,88,N,N
1.668140e+05,2.402115e+09,3.252223e+12,2.344996e+06,3.086851e+11,1.976626e+13,1.682726e+06,5.857184e+11,3.621024e+13,1.217547e+06,1.611561e+11,1.428479e+13,0,72,N,N
2.974943e+05,3.653906e+09,2.885891e+12,7.789835e+05,8.598377e+10,1.012736e+13,1.455548e+06,4.920514e+11,6.896000e+13,9.883698e+05,1.213411e+11,1.224848e+13,1,87,N,N
3.610109e+05,3.996008e+09,2.538845e+12,8.243258e+05,6.339860e+10,1.080551e+13,1.614242e+06,3.220227e+11,3.520356e+13,9.964331e+05,1.793210e+11,1.793247e+13,2,97,N,N
3.140886e+05,4.585484e+09,2.073151e+12,7.326071e+05,9.835962e+10,1.524895e+13,1.092000e+06,2.705838e+11,6.588463e+13,8.614617e+05,8.082420e+10,1.786928e+13,2,87,N,N
3.690585e+04,3.046424e+08,3.429379e+11,1.327879e+06,4.139432e+10,2.851032e+12,1.443107e+06,2.466401e+11,9.589283e+12,1.903742e+06,7.859535e+11,4.609930e+13,0,92,N,N
1.584241e+05,2.134462e+09,2.643659e+12,1.452895e+06,1.663395e+11,8.871215e+12,1.962832e+06,7.355700e+11,4.114381e+13,1.268160e+06,2.355560e+11,4.840701e+13,2,72,N,N
2.782193e+05,3.368443e+09,3.828419e+12,2.058660e+06,1.925550e+11,2.163730e+13,1.592702e+06,5.657805e+11,4.510502e+13,1.154642e+06,1.501499e+11,2.644145e+13,0,99,N,N
3.993371e+04,2.961823e+08,3.342204e+11,7.243979e+05,1.679006e+10,1.970637e+12,1.095022e+06,1.620296e+11,5.793937e+12,1.742995e+06,7.576889e+11,1.542938e+13,1,37,N,N
2.002158e+05,1.304174e+09,1.707994e+12,2.265601e+06,6.490914e+10,3.257884e+12,1.528698e+06,5.210192e+11,8.029785e+12,2.070614e+06,9.771220e+11,8.309623e+13,0,1,N,N
1.919567e+05,1.874757e+09,2.541635e+12,7.358106e+05,3.205008e+10,2.503972e+12,1.716366e+06,7.293784e+11,2.029984e+13,9.738645e+05,1.030742e+11,1.141142e+13,1,68,N,N
2.969790e+05,1.959865e+09,1.873771e+12,2.734070e+06,1.813736e+11,7.478791e+12,1.311634e+06,3.365282e+11,1.229410e+13,1.709585e+06,4.585809e+11,3.272349e+13,0,80,N,N
7.234206e+04,3.667647e+08,3.216243e+11,8.206787e+05,1.266379e+10,1.471577e+12,1.555111e+06,2.895806e+11,3.760063e+12,1.878868e+06,7.889617e+11,3.806383e+13,3,61,N,N
1.540751e+05,1.190939e+09,1.484973e+12,2.494584e+06,1.211462e+11,6.220627e+12,1.490153e+06,3.747653e+11,1.971077e+13,1.320775e+06,3.069911e+11,1.353254e+13,2,93,N,N
4.413912e+05,4.329968e+09,4.670675e+12,1.902497e+06,1.831711e+11,1.863429e+13,1.649534e+06,5.379186e+11,4.957453e+13,9.575616e+05,1.208428e+11,1.635977e+13,0,35,N,N
1.087759e+05,9.029270e+08,1.235054e+12,8.803875e+05,2.653479e+10,2.584070e+12,1.619197e+06,4.396616e+11,1.624142e+13,1.293571e+06,2.654868e+11,1.411947e+13,0,8,N,N
4.682001e+05,3.649030e+09,4.198708e+12,1.855670e+06,1.330333e+11,7.021693e+12,1.699500e+06,7.030489e+11,3.086009e+13,1.878077e+06,4.559408e+11,7.836288e+13,2,67,N,N
8.810689e+04,8.613904e+08,9.540245e+11,7.243346e+05,3.218137e+10,3.269074e+12,1.830447e+06,6.159998e+11,1.644002e+13,1.663063e+06,5.956929e+11,2.610650e+13,2,102,N,N
1.006712e+05,5.132505e+08,5.822664e+11,1.945302e+06,3.461328e+10,1.866893e+12,1.476482e+06,3.104597e+11,6.623933e+12,1.912802e+06,8.611665e+11,2.180154e+13,1,52,N,N
1.276481e+05,1.124025e+09,1.488377e+12,2.149175e+06,1.689038e+11,6.946469e+12,1.447125e+06,4.492848e+11,8.264320e+12,2.255643e+06,7.000310e+11,1.192972e+14,3,62,N,N
2.111825e+05,1.793656e+09,2.170688e+12,2.036828e+06,7.552885e+10,3.853726e+12,1.676863e+06,4.661070e+11,1.581388e+13,1.823818e+06,6.656855e+11,5.060603e+13,0,45,N,N
5.283684e+05,1.042633e+10,1.093906e+13,1.232027e+06,6.459642e+10,2.878328e+12,1.316120e+06,2.962929e+11,5.722017e+12,2.179998e+06,1.012905e+12,5.535473e+13,1,90,N,N
4.289561e+05,3.457425e+09,3.001976e+12,1.900662e+06,5.163827e+10,2.166776e+12,1.511099e+06,3.731510e+11,4.837411e+12,2.255019e+06,1.066682e+12,4.196615e+13,3,103,N,N
3.000110e+05,2.299079e+09,2.046419e+12,2.297879e+06,5.443817e+10,2.324009e+12,1.436067e+06,3.930855e+11,5.544487e+12,2.268383e+06,1.105505e+12,3.905330e+13,0,103,N,N
8.300777e+04,4.763500e+08,4.495403e+11,1.118505e+06,2.030741e+10,2.108446e+12,1.554572e+06,3.781439e+11,5.362361e+12,2.111578e+06,1.018728e+12,1.600309e+14,2,61,N,N
1.931365e+05,1.653138e+09,2.010615e+12,2.613702e+06,1.309958e+11,7.385037e+12,1.495690e+06,4.338191e+11,1.075989e+13,1.620487e+06,4.107833e+11,1.333145e+13,0,84,N,N
2.965716e+05,3.290893e+09,2.279041e+12,2.548726e+06,2.356798e+11,8.836980e+12,1.694225e+06,6.942286e+11,1.416954e+13,1.899822e+06,3.207611e+11,4.805191e+13,2,95,N,N
3.298460e+05,2.421974e+09,3.187188e+12,7.657829e+05,8.127050e+10,1.115001e+13,1.301079e+06,4.121257e+11,5.009007e+13,7.926415e+05,6.006883e+10,1.136631e+13,0,4,N,N
3.015783e+04,1.987797e+08,1.983093e+11,4.680385e+05,7.891474e+09,1.326316e+12,1.361499e+06,1.841836e+11,7.401561e+12,1.495759e+06,5.237659e+11,4.024818e+13,2,54,N,N
2.262356e+05,2.572826e+09,1.148142e+12,6.438817e+05,9.556166e+10,5.883244e+12,2.228597e+06,1.218511e+12,2.329503e+13,1.398981e+06,1.207117e+11,8.591556e+12,1,86,N,N
1.659225e+05,1.683619e+09,1.956159e+12,1.388586e+06,5.015800e+10,4.245468e+12,1.605483e+06,3.385388e+11,1.701484e+13,1.536393e+06,4.487422e+11,3.894364e+13,1,44,N,N
4.558189e+04,4.315255e+08,4.884631e+11,9.123506e+05,2.131415e+10,2.237747e+12,1.445887e+06,2.123932e+11,7.285532e+12,1.839660e+06,7.966764e+11,6.546816e+13,0,59,N,N
7.822841e+04,6.297827e+08,7.571185e+11,2.421675e+06,7.859998e+10,1.769394e+12,1.461868e+06,4.418271e+11,4.842660e+12,2.440228e+06,1.125383e+12,7.716621e+13,2,100,N,N
2.317535e+05,2.533624e+09,2.039072e+12,8.402012e+05,1.080345e+11,7.671408e+12,1.887706e+06,8.572515e+11,3.012472e+13,1.327796e+06,1.654282e+11,1.597258e+13,1,46,N,N
1.539458e+05,1.151595e+09,1.585489e+12,1.460819e+06,4.318022e+10,3.423566e+12,1.584947e+06,3.589182e+11,2.966679e+13,1.015590e+06,1.640210e+11,1.893257e+13,1,42,N,N
3.921707e+04,2.979440e+08,3.366020e+11,8.104933e+05,1.768132e+10,2.148099e+12,1.305660e+06,1.886531e+11,6.603609e+12,1.711153e+06,7.101013e+11,1.883614e+13,2,37,N,N
3.267045e+05,6.226954e+09,2.106362e+12,6.080054e+05,7.174858e+10,1.443926e+13,1.388100e+06,3.749512e+11,6.747923e+13,1.206868e+06,2.183622e+11,7.754243e+12,1,36,N,N
9.238375e+04,4.142388e+08,4.085781e+11,2.024034e+06,7.141620e+10,2.563297e+12,1.640503e+06,4.375277e+11,5.145948e+12,2.090619e+06,8.949585e+11,2.353966e+13,1,63,N,N
9.827041e+05,1.211746e+10,1.828963e+13,2.230445e+06,1.410435e+11,6.468005e+12,1.363881e+06,3.317600e+11,1.533303e+13,1.501818e+06,3.615096e+11,4.844124e+13,1,65,N,N
2.006655e+05,1.189348e+09,1.639922e+12,2.014157e+06,6.210338e+10,4.578634e+12,1.488935e+06,3.451008e+11,1.352426e+13,1.472123e+06,4.510200e+11,2.292155e+13,3,58,N,N
9.883450e+05,1.148982e+10,1.655643e+13,2.262194e+06,1.509131e+11,6.617937e+12,1.325796e+06,3.055251e+11,1.493857e+13,1.498107e+06,3.516915e+11,4.302150e+13,0,65,N,N
5.110498e+04,3.014397e+08,4.384676e+11,1.375553e+06,2.654272e+10,2.352342e+12,1.356059e+06,2.548138e+11,7.859026e+12,1.401341e+06,4.494784e+11,1.960199e+13,1,53,N,N
2.125424e+05,2.005433e+09,2.171619e+12,1.604572e+06,4.704905e+10,3.856624e+12,1.636583e+06,5.245060e+11,1.903883e+13,1.846904e+06,7.286585e+11,4.859614e+13,0,7,N,N
2.174903e+05,9.504999e+08,7.499577e+11,1.580334e+06,2.996079e+10,1.595646e+12,1.571007e+06,3.063711e+11,4.352155e+12,2.246854e+06,1.102907e+12,3.110327e+13,1,60,N,N
5.639468e+04,5.163881e+08,7.290019e+11,1.431884e+06,4.726784e+10,3.674361e+12,1.760624e+06,4.324113e+11,1.164398e+13,1.664134e+06,6.024081e+11,1.421051e+13,0,3,N,N
3.520547e+05,2.991568e+09,3.365436e+12,8.521399e+05,3.692485e+10,4.453103e+12,1.339177e+06,3.653616e+11,3.068482e+13,1.007651e+06,1.489263e+11,2.879875e+13,1,33,N,N
7.813470e+05,5.072547e+09,5.386356e+12,2.452284e+06,1.855900e+11,8.571933e+12,1.334745e+06,3.854442e+11,1.954561e+13,1.499528e+06,2.984535e+11,2.100740e+13,3,80,N,N
7.806325e+04,4.216332e+08,5.631699e+11,1.852006e+06,2.853923e+10,1.730517e+12,1.502129e+06,3.264204e+11,6.090767e+12,1.689534e+06,5.972432e+11,1.083551e+13,3,83,N,N
1.665967e+05,1.304364e+09,2.258276e+12,1.747881e+06,4.958636e+10,2.953883e+12,1.508968e+06,3.117905e+11,1.531297e+13,1.327965e+06,4.012039e+11,2.197925e+13,2,78,N,N
5.516361e+04,5.336033e+08,7.483991e+11,1.019986e+06,2.791354e+10,1.537680e+12,1.868712e+06,8.000195e+11,1.381010e+13,1.886990e+06,8.219540e+11,4.717388e+13,0,68,N,N
6.899184e+04,6.637062e+08,9.242450e+11,1.231272e+06,3.436498e+10,2.449033e+12,1.609425e+06,3.267494e+11,1.457337e+13,1.570245e+06,5.447497e+11,3.806523e+13,0,19,N,N
5.057810e+04,2.583999e+08,2.090334e+11,1.470562e+06,2.181140e+10,1.360734e+12,1.485861e+06,3.124771e+11,3.052118e+12,2.332599e+06,1.122723e+12,4.318633e+13,1,89,N,N
3.424153e+05,3.925638e+09,2.875219e+12,7.370226e+05,8.827973e+10,1.652228e+13,1.389135e+06,3.993870e+11,4.062354e+13,8.209216e+05,7.534289e+10,1.302322e+13,1,35,N,N
4.068305e+04,3.402797e+08,4.024493e+11,9.842016e+05,2.107892e+10,1.856993e+12,1.224761e+06,1.269769e+11,5.663104e+12,1.348300e+06,4.335016e+11,2.449758e+13,2,94,N,N
2.914036e+05,3.653060e+09,2.507918e+12,8.101237e+05,8.776815e+10,9.914523e+12,1.297005e+06,4.184854e+11,7.253033e+13,9.809775e+05,1.146346e+11,1.659009e+13,0,87,N,N
2.375236e+05,1.851565e+09,1.943456e+12,7.564806e+05,6.626901e+10,6.576469e+12,1.844775e+06,6.071321e+11,2.556359e+13,1.218207e+06,1.868789e+11,1.171783e+13,0,22,N,N
1.835979e+05,1.252895e+09,1.368958e+12,2.558700e+06,1.119779e+11,4.888901e+12,1.700133e+06,6.437162e+11,5.849304e+12,1.850178e+06,5.854052e+11,1.633421e+13,0,88,N,N
3.605633e+05,7.061258e+09,7.599619e+11,7.616689e+05,1.395571e+11,1.780471e+13,1.966354e+06,9.655546e+11,9.580092e+13,1.104754e+06,7.457592e+10,2.795615e+13,1,73,N,N
1.744021e+05,1.055755e+09,1.322956e+12,1.007793e+06,3.014382e+10,4.560871e+12,1.461271e+06,2.545043e+11,2.053375e+13,8.339208e+05,1.182736e+11,1.186464e+13,0,38,N,N
4.279983e+04,2.630494e+08,3.262623e+11,1.516756e+06,2.773897e+10,2.120975e+12,1.304554e+06,2.295941e+11,9.127430e+12,1.617999e+06,5.859111e+11,1.751904e+13,3,51,N,N
9.102702e+04,7.623153e+08,9.059083e+11,1.824823e+06,4.366687e+10,2.012271e+12,1.473125e+06,3.695536e+11,7.078152e+12,2.030508e+06,9.764254e+11,4.275036e+13,0,48,N,N
3.548113e+05,4.613497e+09,5.028347e+12,2.674842e+06,4.365592e+11,2.433462e+13,1.651059e+06,6.808409e+11,4.002066e+13,1.153499e+06,1.543900e+11,2.748295e+13,3,98,N,N
3.234554e+04,2.101473e+08,2.039300e+11,4.733870e+05,8.049874e+09,1.534514e+12,1.266144e+06,1.724268e+11,6.470770e+12,1.635721e+06,6.580238e+11,2.961145e+13,1,54,N,N
1.168077e+05,1.020019e+09,1.247043e+12,2.557670e+06,9.283523e+10,2.222463e+12,1.442415e+06,4.643386e+11,6.121034e+12,2.465864e+06,1.105117e+12,1.014350e+14,1,100,N,N
1.915882e+05,1.493771e+09,2.080156e+12,2.265865e+06,1.072193e+11,7.238576e+12,1.519764e+06,4.586278e+11,1.218056e+13,1.513947e+06,3.187902e+11,1.592795e+13,1,0,N,N
1.946853e+05,1.206900e+09,1.122003e+12,1.403361e+06,7.484494e+10,5.128260e+12,1.954923e+06,5.416263e+11,8.305473e+12,2.146198e+06,1.018974e+12,5.173429e+13,1,12,N,N
1.653878e+05,1.985916e+09,2.519054e+12,2.080380e+06,1.588225e+11,8.943311e+12,1.726485e+06,5.285167e+11,3.268528e+13,1.322111e+06,2.227862e+11,1.670481e+13,3,72,N,N
5.406263e+05,5.535804e+09,7.540293e+12,9.715491e+05,5.873306e+10,4.947745e+12,1.682514e+06,5.273306e+11,2.783064e+13,1.137796e+06,1.828750e+11,5.258093e+13,2,85,N,N
3.469143e+05,3.796852e+09,4.910930e+12,2.684215e+06,3.765540e+11,1.717075e+13,1.718012e+06,7.222579e+11,3.290616e+13,1.150733e+06,1.278197e+11,1.488151e+13,0,98,N,N
6.371847e+05,5.820522e+09,7.940921e+12,2.419493e+06,1.075689e+11,5.284841e+12,1.549100e+06,4.245398e+11,9.331173e+12,1.743026e+06,5.477232e+11,2.124263e+13,0,11,N,N
5.130314e+04,2.755386e+08,2.447886e+11,1.022139e+06,1.530033e+10,1.816508e+12,1.276911e+06,1.334771e+11,3.942188e+12,1.636802e+06,6.131291e+11,3.306972e+13,2,50,N,N
2.170658e+05,1.472333e+09,1.639344e+12,1.879685e+06,6.294847e+10,3.861506e+12,1.772737e+06,6.839833e+11,1.494716e+13,1.561533e+06,3.314072e+11,1.952228e+13,1,104,N,N
1.014706e+05,9.100230e+08,1.116898e+12,1.879078e+06,4.760256e+10,2.325251e+12,1.492906e+06,4.033752e+11,8.767473e+12,2.064801e+06,9.997517e+11,6.471417e+13,2,48,N,N
1.117703e+06,1.485442e+10,1.309771e+13,2.230267e+06,1.185286e+11,3.169590e+12,1.677210e+06,5.086163e+11,7.499041e+12,2.873516e+06,1.163415e+12,1.101510e+14,0,49,N,N
1.332131e+05,6.857819e+08,5.255440e+11,5.969235e+05,1.066402e+10,2.265968e+12,1.007363e+06,1.398152e+11,4.717129e+12,1.547269e+06,5.232436e+11,5.410075e+13,1,50,N,N
4.539956e+05,5.869825e+09,1.639871e+12,7.221651e+05,9.874643e+10,1.357119e+13,1.462486e+06,5.203138e+11,5.504977e+13,1.060514e+06,9.848874e+10,1.341301e+13,3,47,N,N
5.262479e+04,2.836332e+08,2.996583e+11,1.745124e+06,3.859116e+10,2.309053e+12,1.462993e+06,3.126330e+11,7.027028e+12,2.144859e+06,9.856577e+11,1.260152e+14,2,52,N,N
4.339134e+05,1.057339e+10,1.126656e+13,1.224288e+06,8.462951e+10,4.002709e+12,1.263278e+06,2.875522e+11,5.760944e+12,2.096859e+06,9.095637e+11,4.977961e+13,2,90,N,N
1.630488e+05,9.195124e+08,1.247271e+12,2.056265e+06,5.185643e+10,3.140327e+12,1.489443e+06,2.877126e+11,9.009052e+12,1.568506e+06,5.449182e+11,2.392578e+13,2,58,N,N
3.874939e+05,3.170625e+09,1.594617e+12,6.368802e+05,6.766222e+10,8.351669e+12,1.232015e+06,3.795037e+11,2.774092e+13,1.113090e+06,1.451686e+11,6.910642e+12,3,69,N,N
2.335446e+05,1.086567e+09,1.096539e+12,2.079207e+06,4.895698e+10,2.495346e+12,1.536137e+06,3.980704e+11,6.370185e+12,2.132628e+06,9.839758e+11,3.317866e+13,2,63,N,N
4.224635e+05,5.347018e+09,6.034005e+12,2.631451e+06,3.932070e+11,1.722492e+13,1.737431e+06,7.394568e+11,3.980463e+13,1.089028e+06,5.108217e+10,5.082536e+12,2,98,N,N
4.733335e+04,3.639578e+08,2.960173e+11,7.403662e+05,1.448463e+10,1.573905e+12,1.690800e+06,3.378239e+11,6.863332e+12,2.000021e+06,8.722927e+11,5.460163e+13,1,40,N,N
4.855989e+05,4.684028e+09,5.908930e+12,1.027293e+06,7.776302e+10,6.946942e+12,1.675649e+06,5.208121e+11,3.283591e+13,1.118569e+06,1.671952e+11,5.840638e+13,3,85,N,N
1.046130e+05,7.589485e+08,1.091515e+12,1.430456e+06,4.268473e+10,2.887748e+12,1.549070e+06,2.901922e+11,1.106267e+13,1.398274e+06,4.492272e+11,2.627984e+13,3,78,N,N
1.096401e+06,1.834518e+10,1.623364e+13,2.048387e+06,1.143367e+11,3.075802e+12,1.622748e+06,5.093659e+11,6.527363e+12,2.703367e+06,1.073825e+12,6.432042e+13,1,49,N,N
1.156558e+05,1.538157e+09,1.905381e+12,1.043946e+06,9.236771e+10,5.634356e+12,1.923331e+06,7.189152e+11,3.095950e+13,1.352774e+06,2.188890e+11,3.017637e+13,1,72,N,N
1.220877e+05,1.218683e+09,1.653773e+12,2.190746e+06,5.638046e+10,5.231719e+12,1.563665e+06,3.191752e+11,2.569502e+13,1.360862e+06,3.676545e+11,2.619062e+13,0,24,N,N
2.461226e+05,2.567968e+09,2.915963e+12,2.054851e+06,6.589665e+10,3.603713e+12,1.461607e+06,3.419157e+11,8.842865e+12,2.032584e+06,8.704481e+11,4.287822e+13,1,45,N,N
5.228973e+04,3.316029e+08,4.340165e+11,1.509785e+06,2.932308e+10,2.383385e+12,1.386957e+06,2.605221e+11,9.910047e+12,1.524903e+06,5.066375e+11,3.712346e+13,0,51,N,N
9.491732e+04,8.153336e+08,1.004660e+12,2.251088e+06,7.013704e+10,1.782539e+12,1.589441e+06,5.303955e+11,5.162762e+12,2.475744e+06,1.205318e+12,5.439297e+13,0,100,N,N
2.692442e+05,1.767245e+09,2.242160e+12,7.167438e+05,4.817598e+10,5.700122e+12,1.572533e+06,5.800272e+11,3.385406e+13,9.621054e+05,7.533006e+10,7.394520e+12,1,96,N,N
1.134730e+05,7.973177e+08,9.966989e+11,2.483505e+06,8.141293e+10,2.419002e+12,1.218665e+06,3.014971e+11,7.419527e+12,1.831086e+06,7.004366e+11,3.049014e+13,3,82,N,N
5.225048e+04,2.983556e+08,2.881624e+11,1.024372e+06,1.692498e+10,1.761207e+12,1.216354e+06,1.516221e+11,4.558927e+12,1.759155e+06,7.153162e+11,6.259856e+13,3,50,N,N
2.865524e+05,1.610357e+09,1.210555e+12,9.207560e+05,3.379039e+10,3.966223e+12,1.284913e+06,3.218420e+11,3.929823e+12,2.201420e+06,1.008406e+12,1.078978e+14,3,89,N,N
4.221685e+05,2.677425e+09,3.101121e+12,2.300219e+06,8.661248e+10,4.579829e+12,1.439121e+06,4.418191e+11,1.073574e+13,1.707526e+06,5.757552e+11,4.070027e+13,2,82,N,N
2.931119e+05,2.935263e+09,2.719735e+12,1.613597e+06,5.473252e+10,3.333794e+12,1.345185e+06,2.320505e+11,1.071276e+13,1.804096e+06,6.517792e+11,5.116862e+13,0,55,N,N
8.234971e+05,1.966932e+10,1.648019e+13,1.684327e+06,1.548342e+11,7.005797e+12,1.712664e+06,5.421056e+11,1.057107e+13,2.221108e+06,8.749487e+11,2.239095e+13,0,20,N,N
3.127833e+05,4.807586e+09,2.277672e+12,8.537169e+05,7.198425e+10,7.102148e+12,1.662633e+06,5.070545e+11,5.042984e+13,1.182362e+06,2.354209e+11,1.263810e+13,0,36,N,N
4.165380e+05,4.051559e+09,4.850849e+12,2.512966e+06,1.437948e+11,6.391474e+12,1.440411e+06,3.919619e+11,2.433522e+13,1.457445e+06,3.529018e+11,1.594659e+13,0,56,N,N
4.374227e+04,3.820334e+08,4.936350e+11,1.146150e+06,2.920981e+10,2.455477e+12,1.218404e+06,1.363340e+11,6.094915e+12,1.416317e+06,4.587965e+11,5.688842e+13,1,94,N,N
3.482271e+04,3.044140e+08,3.948132e+11,8.738452e+05,2.009624e+10,2.668146e+12,1.536709e+06,2.350416e+11,1.618250e+13,1.131008e+06,2.319381e+11,1.941799e+13,2,91,N,N
7.151048e+05,6.612457e+09,6.500775e+12,2.126817e+06,1.103649e+11,4.816264e+12,1.480195e+06,4.620649e+11,1.617337e+13,2.223341e+06,9.170975e+11,2.282969e+13,1,70,N,N
1.762204e+05,1.669983e+09,1.881682e+12,1.252782e+06,5.356047e+10,5.209126e+12,1.749734e+06,4.162097e+11,1.880272e+13,1.568261e+06,4.743023e+11,6.685686e+13,0,44,N,N
1.570927e+05,1.443867e+09,1.553747e+12,8.492356e+05,2.053538e+10,3.185755e+12,9.554123e+05,1.022725e+11,5.299634e+12,1.402046e+06,4.787310e+11,3.568386e+13,3,94,N,N
2.536021e+05,3.028939e+09,3.529601e+12,2.031180e+06,7.989182e+10,3.361730e+12,1.843287e+06,5.964679e+11,1.130387e+13,2.136318e+06,1.019286e+12,2.568055e+13,1,79,N,N
4.033417e+05,4.214044e+09,3.415142e+12,1.971309e+06,1.653979e+11,1.740392e+13,1.476245e+06,4.606789e+11,3.365134e+13,1.200553e+06,1.478130e+11,8.534027e+12,3,56,N,N
7.397258e+05,6.632098e+09,4.802390e+12,1.120398e+06,8.038339e+10,5.347435e+12,1.693560e+06,6.095217e+11,2.843502e+13,1.978182e+06,6.247321e+11,3.623390e+13,3,70,N,N
1.613620e+05,1.091158e+09,1.165636e+12,2.397193e+06,1.363696e+11,5.532151e+12,1.729160e+06,6.473283e+11,7.985904e+12,1.769676e+06,4.638460e+11,1.181644e+13,3,88,N,N
5.043437e+04,2.797135e+08,2.987044e+11,1.559124e+06,3.185460e+10,1.923251e+12,1.478176e+06,2.908121e+11,6.276534e+12,1.878939e+06,7.883463e+11,1.605599e+13,3,71,N,N
1.813712e+05,1.481044e+09,1.359318e+12,7.058578e+05,4.254549e+10,2.375422e+12,1.850568e+06,7.209110e+11,8.810824e+12,1.817965e+06,5.022718e+11,1.492508e+13,0,74,N,N
7.607922e+04,5.551137e+08,4.380516e+11,9.062141e+05,1.811594e+10,2.332249e+12,1.475179e+06,1.550892e+11,6.608706e+12,1.505196e+06,5.384889e+11,2.702584e+13,0,17,N,N
4.319237e+04,2.707698e+08,3.414401e+11,1.459797e+06,2.764625e+10,2.392997e+12,1.215415e+06,1.994976e+11,7.513229e+12,1.603390e+06,5.592751e+11,1.493677e+13,1,51,N,N
3.274693e+05,3.090704e+09,4.334611e+12,5.871424e+05,3.673747e+10,8.330873e+12,1.301407e+06,2.829705e+11,3.096081e+13,7.206807e+05,7.606482e+10,1.655197e+13,1,64,N,N
1.978984e+05,1.359187e+09,2.048709e+12,7.003841e+05,2.889675e+10,2.836491e+12,1.307603e+06,3.428616e+11,1.856693e+13,9.758639e+05,1.485544e+11,2.345272e+13,2,77,N,N
2.201455e+05,2.433433e+09,3.453256e+12,1.077578e+06,4.801297e+10,3.320094e+12,1.800746e+06,4.788469e+11,2.924868e+13,1.139121e+06,2.355842e+11,1.036933e+14,1,85,N,N
7.057863e+04,4.225294e+08,5.176626e+11,1.259763e+06,2.695339e+10,3.591013e+12,1.621001e+06,2.538841e+11,2.008490e+13,9.357961e+05,1.617342e+11,1.023936e+13,1,38,N,N
6.042605e+04,6.040791e+08,8.899773e+11,8.684749e+05,2.304516e+10,3.026520e+12,1.469128e+06,2.689087e+11,1.953621e+13,1.010821e+06,1.618015e+11,1.437373e+13,1,91,N,N
1.482505e+05,1.255379e+09,1.518576e+12,2.454371e+06,9.980989e+10,2.730650e+12,1.514801e+06,5.022149e+11,6.607337e+12,2.291312e+06,9.874686e+11,7.236523e+13,3,100,N,N
3.016598e+05,2.690067e+09,3.627463e+12,2.375070e+06,1.668194e+11,1.685510e+13,1.278678e+06,3.344353e+11,3.353535e+13,9.697406e+05,1.398665e+11,1.629942e+13,0,10,N,N
4.130208e+05,5.050568e+09,5.964599e+12,1.996348e+06,2.270031e+11,2.497354e+13,1.596444e+06,5.949983e+11,4.656104e+13,1.103788e+06,9.355995e+10,1.246964e+13,1,99,N,N
3.255312e+04,1.762958e+08,2.201045e+11,1.968326e+06,2.423454e+10,1.138637e+12,1.407035e+06,3.040190e+11,4.918170e+12,1.858261e+06,7.327575e+11,1.995165e+13,1,83,N,N
1.225911e+05,8.087994e+08,7.655155e+11,1.991594e+06,5.039723e+10,2.240404e+12,1.613175e+06,4.961652e+11,7.082362e+12,2.582770e+06,1.433744e+12,1.465255e+14,0,28,N,N
5.948030e+04,5.678461e+08,5.518266e+11,6.038859e+05,1.679660e+10,3.324511e+12,1.074358e+06,1.942163e+11,8.710649e+12,1.644302e+06,5.924692e+11,7.390369e+13,3,59,N,N
6.325367e+05,5.104383e+09,3.953254e+12,1.915125e+06,7.263886e+10,3.116518e+12,1.655319e+06,5.299956e+11,7.856234e+12,2.493580e+06,1.349717e+12,2.792274e+13,0,101,N,N
1.428444e+05,9.408256e+08,1.243752e+12,7.720780e+05,3.216881e+10,3.038123e+12,9.416183e+05,2.008828e+11,2.871262e+13,8.052207e+05,9.631343e+10,3.039241e+13,0,2,N,N
2.929076e+05,3.529030e+09,4.791788e+12,2.692366e+06,1.767409e+11,8.342628e+12,1.554981e+06,5.643171e+11,3.768964e+13,1.217095e+06,1.275796e+11,1.172275e+13,2,99,N,N
4.808205e+04,2.928893e+08,3.187674e+11,2.297655e+06,5.222989e+10,2.257242e+12,1.205347e+06,2.766723e+11,5.021389e+12,1.870032e+06,7.680029e+11,1.921695e+13,0,14,N,N
2.037663e+05,1.732214e+09,2.081326e+12,2.655173e+06,1.268605e+11,5.766826e+12,1.495223e+06,4.093027e+11,1.154707e+13,1.589494e+06,3.586408e+11,1.479284e+13,1,84,N,N
7.978809e+04,7.905148e+08,1.245368e+12,1.870469e+06,6.812578e+10,4.081407e+12,1.646219e+06,3.929359e+11,1.888561e+13,1.413766e+06,3.841919e+11,4.799948e+13,3,92,N,N
1.157420e+06,1.404577e+10,1.264322e+13,2.642911e+06,1.919955e+11,6.112961e+12,1.591530e+06,5.306679e+11,7.932110e+12,2.839507e+06,1.331943e+12,2.297153e+14,3,49,N,N
5.027634e+04,4.085158e+08,3.042628e+11,6.330219e+05,1.195434e+10,1.461596e+12,1.344821e+06,2.388700e+11,4.244652e+12,2.133804e+06,1.033029e+12,2.747522e+13,0,40,N,N
3.490173e+04,1.675763e+08,1.738835e+11,1.201542e+06,1.500288e+10,1.066107e+12,1.457263e+06,2.662166e+11,2.766515e+12,2.072261e+06,1.013130e+12,4.749293e+13,2,57,N,N
2.467581e+05,2.217884e+09,1.897885e+12,2.856321e+06,2.400670e+11,4.898676e+12,1.626847e+06,6.451678e+11,9.317455e+12,2.065977e+06,4.556022e+11,4.150737e+13,0,95,N,N
1.247157e+05,5.713892e+08,5.009334e+11,1.700715e+06,3.819404e+10,2.355048e+12,1.564359e+06,3.167805e+11,4.954288e+12,2.485307e+06,1.376243e+12,6.695625e+13,2,60,N,N
3.417063e+05,7.825376e+09,7.660532e+11,7.581019e+05,1.409257e+11,1.853669e+13,1.783558e+06,7.789364e+11,9.081926e+13,1.103495e+06,1.051814e+11,4.203753e+13,2,73,N,N
5.507894e+05,4.722563e+09,5.107255e+12,1.568918e+06,1.259551e+11,7.580266e+12,1.636049e+06,6.590833e+11,2.983532e+13,1.833515e+06,4.641025e+11,1.368134e+14,3,67,N,N
6.283567e+05,4.943291e+09,4.678054e+12,2.176209e+06,1.028580e+11,4.555921e+12,1.432352e+06,4.159436e+11,1.646392e+13,1.990560e+06,7.358831e+11,1.637311e+13,2,70,N,N
8.408785e+04,4.590994e+08,5.151064e+11,1.766718e+06,3.266872e+10,1.735277e+12,1.527321e+06,3.005786e+11,6.732864e+12,1.952178e+06,8.804754e+11,6.363594e+13,3,52,N,N
2.180456e+05,1.338741e+09,1.580667e+12,2.351086e+06,5.786153e+10,1.958045e+12,1.460547e+06,4.120318e+11,6.071886e+12,2.103343e+06,9.286943e+11,2.023843e+13,1,43,N,N
2.755014e+05,2.876891e+09,1.956480e+12,2.717270e+06,2.515434e+11,6.450997e+12,1.588689e+06,6.164288e+11,1.280071e+13,1.858110e+06,2.738193e+11,3.735797e+13,1,95,N,N
7.014757e+04,4.076846e+08,5.123425e+11,2.397949e+06,9.336903e+10,3.026806e+12,1.318261e+06,3.605898e+11,5.853146e+12,1.785677e+06,4.860382e+11,1.695862e+13,0,62,N,N
4.911101e+04,4.618308e+08,4.383789e+11,1.110415e+06,2.783349e+10,4.956365e+12,1.498910e+06,1.305552e+11,8.317853e+12,1.242838e+06,3.767490e+11,1.658434e+13,0,9,N,N
2.860617e+05,3.656558e+09,2.332576e+12,7.856110e+05,9.843050e+10,1.593765e+13,1.365786e+06,4.598291e+11,9.028696e+13,8.628010e+05,8.390851e+10,1.115926e+13,3,87,N,N
2.111589e+05,2.153651e+09,1.419105e+12,2.050030e+06,2.153770e+11,1.019626e+13,2.159935e+06,1.076593e+12,1.283593e+13,2.123932e+06,7.780061e+11,4.813598e+13,3,86,N,N
1.668220e+05,1.676724e+09,2.109890e+12,1.116638e+06,4.246790e+10,2.934942e+12,1.458081e+06,3.967236e+11,3.249329e+13,1.325784e+06,2.888939e+11,8.204832e+13,1,81,N,N
3.690756e+04,2.890081e+08,4.327945e+11,1.378550e+06,2.648970e+10,2.169518e+12,1.414111e+06,1.519357e+11,5.767158e+12,1.275583e+06,3.925897e+11,1.089074e+13,2,66,N,N
3.390496e+05,2.848863e+09,3.237574e+12,1.000618e+06,3.794054e+10,3.714744e+12,1.516940e+06,4.052761e+11,2.915163e+13,1.134812e+06,1.963948e+11,2.981660e+13,0,33,N,N
3.127270e+04,1.803753e+08,2.426634e+11,9.911970e+05,1.820361e+10,1.715439e+12,1.429677e+06,2.581273e+11,8.376628e+12,1.532954e+06,5.540935e+11,3.739172e+13,0,53,N,N
5.121082e+04,5.433238e+08,7.516045e+11,9.993213e+05,2.852971e+10,2.756849e+12,1.740434e+06,3.060108e+11,1.045153e+13,1.998496e+06,9.301948e+11,4.982034e+13,2,59,N,N
3.849921e+05,5.747776e+09,6.183351e+12,6.192608e+05,7.640346e+10,1.243774e+13,1.468445e+06,5.374296e+11,6.816804e+13,7.629171e+05,4.486391e+10,9.371610e+12,0,16,N,N
1.245791e+05,1.187641e+09,1.298053e+12,2.656260e+06,1.294571e+11,5.031875e+12,1.542546e+06,5.462250e+11,7.130051e+12,2.084219e+06,8.711968e+11,3.583991e+13,2,74,N,N
9.223919e+04,9.560634e+08,1.069373e+12,7.676151e+05,3.324365e+10,3.341190e+12,1.784885e+06,5.866020e+11,1.524133e+13,1.564057e+06,4.960082e+11,2.290988e+13,3,102,N,N
1.988277e+05,1.304151e+09,1.488451e+12,2.109645e+06,6.265764e+10,3.045105e+12,1.692994e+06,4.432725e+11,7.415151e+12,1.781041e+06,6.308930e+11,2.896616e+13,1,69,N,N
2.154007e+05,2.308907e+09,1.164783e+12,6.337305e+05,8.864367e+10,5.452644e+12,2.440626e+06,1.433121e+12,2.364067e+13,1.454906e+06,1.707582e+11,1.396659e+13,0,86,N,N
2.844882e+05,1.919164e+09,1.515727e+12,1.333368e+06,3.037229e+10,2.652895e+12,1.543249e+06,4.272834e+11,5.291741e+12,2.374090e+06,1.355819e+12,3.331939e+13,0,104,N,N
1.952106e+05,1.417709e+09,1.485910e+12,2.092497e+06,1.360730e+11,5.619283e+12,1.737270e+06,5.222004e+11,7.478785e+12,2.266425e+06,1.060329e+12,3.568827e+14,0,12,N,N
2.939990e+04,1.970252e+08,2.078159e+11,5.366490e+05,9.653857e+09,1.596899e+12,1.341402e+06,1.929011e+11,7.369432e+12,1.533162e+06,5.478952e+11,4.899483e+13,0,54,N,N
1.049792e+05,8.931776e+08,9.339106e+11,2.253749e+06,1.087133e+11,4.846514e+12,1.633114e+06,5.475014e+11,6.708561e+12,1.990622e+06,7.333152e+11,2.134138e+13,1,74,N,N
8.484220e+04,4.892794e+08,6.752576e+11,1.672706e+06,3.435481e+10,1.748612e+12,1.512746e+06,4.021901e+11,7.706061e+12,1.654053e+06,5.381854e+11,2.116880e+13,2,83,N,N
1.371829e+05,1.209862e+09,1.518752e+12,7.196119e+05,4.281641e+10,3.846201e+12,1.562992e+06,4.706645e+11,2.443342e+13,1.133333e+06,1.544108e+11,2.298909e+13,1,92,N,N
3.120826e+05,2.152679e+09,1.719019e+12,2.691861e+06,9.607121e+10,3.301503e+12,1.565982e+06,5.461084e+11,9.650007e+12,2.266401e+06,9.804100e+11,2.096938e+13,3,101,N,N
4.589427e+05,4.737878e+09,3.472082e+12,1.527837e+06,1.459652e+11,1.704963e+13,1.734928e+06,5.796870e+11,4.222572e+13,1.185884e+06,1.795397e+11,1.629457e+13,1,56,N,N
3.265546e+05,2.511463e+09,2.215307e+12,7.007649e+05,8.311336e+10,1.298076e+13,1.573561e+06,6.165455e+11,6.180344e+13,7.442918e+05,3.476283e+10,8.823712e+12,0,25,N,N
8.168724e+04,5.070377e+08,6.912817e+11,1.715563e+06,4.099100e+10,2.304725e+12,1.565343e+06,3.872571e+11,8.595799e+12,1.877982e+06,7.912007e+11,2.641770e+13,2,71,N,N
4.036538e+04,2.564021e+08,3.244390e+11,1.267422e+06,1.898991e+10,2.137870e+12,1.209811e+06,1.339431e+11,7.772186e+12,1.249116e+06,3.477955e+11,6.092117e+13,1,75,N,N
6.579674e+05,5.991964e+09,4.405463e+12,1.897744e+06,8.617424e+10,3.529801e+12,1.653531e+06,5.186457e+11,8.064693e+12,2.513886e+06,1.235474e+12,3.221135e+13,1,101,N,N
2.451807e+05,2.269876e+09,2.237477e+12,2.600380e+06,1.955023e+11,9.379206e+12,1.808724e+06,8.081586e+11,2.029454e+13,1.467173e+06,2.221378e+11,2.653582e+13,0,23,N,N
4.860324e+04,3.702920e+08,3.891726e+11,7.487441e+05,1.719389e+10,1.954882e+12,9.785311e+05,1.334893e+11,4.383522e+12,1.738081e+06,7.506551e+11,1.758965e+13,0,37,N,N
4.597156e+05,5.058671e+09,6.687743e+12,9.800179e+05,8.662029e+10,8.608982e+12,1.643886e+06,5.155357e+11,4.313952e+13,1.058202e+06,2.081459e+11,1.509534e+14,0,85,N,N
2.042324e+05,1.365709e+09,1.770046e+12,7.540337e+05,3.776959e+10,4.091839e+12,1.699001e+06,6.559123e+11,2.990133e+13,9.824981e+05,8.659171e+10,7.453109e+12,0,96,N,N
1.314328e+05,1.042053e+09,1.688259e+12,1.748455e+06,5.828460e+10,3.321626e+12,1.531014e+06,3.159068e+11,1.387132e+13,1.310327e+06,3.868080e+11,2.547438e+13,0,78,N,N
4.173518e+05,4.107208e+09,4.374447e+12,2.340154e+06,1.579058e+11,7.931801e+12,1.394224e+06,4.016213e+11,2.640673e+13,1.340453e+06,2.334190e+11,1.077410e+13,2,56,N,N
3.526066e+05,2.410087e+09,1.501763e+12,6.136942e+05,5.769015e+10,6.919773e+12,1.451504e+06,4.929051e+11,2.409017e+13,1.208425e+06,1.549185e+11,6.724820e+12,0,69,N,N
7.332005e+04,1.159284e+09,1.491374e+12,1.284676e+06,6.984425e+10,4.514063e+12,1.622298e+06,3.228316e+11,3.487312e+12,1.959653e+06,9.110024e+11,2.305542e+13,3,57,N,N
3.374147e+04,1.526622e+08,1.540246e+11,1.223076e+06,1.503513e+10,8.385045e+11,1.452518e+06,2.675266e+11,3.175354e+12,1.999354e+06,9.429680e+11,2.666318e+13,1,57,N,N
2.980587e+05,1.731746e+09,1.411735e+12,1.015332e+06,4.493252e+10,4.564483e+12,1.371975e+06,3.535915e+11,3.982048e+12,2.147396e+06,8.788553e+11,4.364350e+13,2,89,N,N
2.458778e+05,2.393286e+09,2.752878e+12,8.400243e+05,2.114610e+10,3.497385e+12,9.436719e+05,1.043723e+11,5.400739e+12,1.429941e+06,5.016411e+11,2.429666e+13,0,94,N,N
3.208851e+05,3.267229e+09,3.085543e+12,9.130056e+05,6.206528e+10,3.698221e+12,1.849710e+06,8.381066e+11,2.066179e+13,1.906452e+06,7.546026e+11,5.873862e+13,0,79,N,N
1.483522e+05,1.207544e+09,1.035512e+12,1.379580e+06,3.992211e+10,2.752881e+12,1.739458e+06,4.554656e+11,1.203246e+13,2.540064e+06,1.341360e+12,5.369321e+14,0,21,N,N
4.021704e+05,2.498728e+09,2.732515e+12,8.037605e+05,4.588318e+10,4.302435e+12,1.526277e+06,4.974599e+11,1.433072e+13,1.376647e+06,2.980514e+11,4.258965e+13,0,82,N,N
3.500436e+04,1.793884e+08,2.139710e+11,1.849628e+06,2.226882e+10,1.221240e+12,1.475198e+06,3.230607e+11,5.232187e+12,1.835453e+06,7.397712e+11,1.202855e+13,0,83,N,N
6.612573e+04,5.509635e+08,5.741666e+11,1.550498e+06,3.354738e+10,1.803268e+12,1.451110e+06,3.760000e+11,7.698957e+12,2.201333e+06,1.170546e+12,5.806235e+13,1,48,N,N
2.448285e+05,1.893305e+09,1.226627e+12,7.713057e+05,7.068918e+10,7.904720e+12,1.580140e+06,5.414390e+11,2.335921e+13,1.318509e+06,2.088984e+11,7.650875e+12,3,84,N,N
7.929260e+04,3.841059e+08,3.234134e+11,1.577866e+06,3.023804e+10,1.505000e+12,1.694841e+06,3.751123e+11,4.444779e+12,2.474591e+06,1.306777e+12,6.006140e+13,0,60,N,N
2.857566e+05,1.252195e+09,9.776758e+11,1.429420e+06,2.394488e+10,1.327764e+12,1.524051e+06,3.327746e+11,4.809926e+12,2.385857e+06,1.219207e+12,5.112975e+13,3,60,N,N
6.731494e+05,4.968949e+09,4.814198e+12,2.630851e+06,2.269433e+11,5.384211e+12,1.570003e+06,5.576889e+11,9.703992e+12,1.898705e+06,4.667959e+11,2.781843e+13,0,13,N,N
2.215868e+05,3.493408e+09,2.584554e+12,2.786520e+06,3.281615e+11,1.558152e+13,1.741683e+06,5.949685e+11,3.542035e+13,1.428081e+06,2.772051e+11,2.219589e+13,0,30,N,N
8.272208e+04,8.335691e+08,9.521712e+11,1.036042e+06,3.129860e+10,2.356682e+12,1.558496e+06,3.550032e+11,2.402107e+13,1.344549e+06,2.948475e+11,4.768061e+13,3,81,N,N
2.163507e+05,1.037962e+09,1.087287e+12,2.094338e+06,9.076116e+10,4.000578e+12,1.694943e+06,4.038664e+11,5.212964e+12,1.981817e+06,8.526304e+11,2.598423e+13,3,63,N,N
3.190943e+05,3.113087e+09,4.983047e+12,7.003437e+05,2.914209e+10,5.378520e+12,1.568342e+06,3.247344e+11,3.035996e+13,7.641810e+05,9.662163e+10,1.824199e+13,2,64,N,N
2.223423e+05,1.383775e+09,1.488631e+12,1.807479e+06,6.877607e+10,3.889846e+12,1.616407e+06,4.612446e+11,8.767239e+12,1.902928e+06,7.037507e+11,5.021095e+13,2,69,N,N
1.368164e+05,9.072382e+08,9.463453e+11,2.071530e+06,1.039324e+11,4.405597e+12,1.838364e+06,5.364064e+11,6.257050e+12,2.227187e+06,9.461547e+11,5.931505e+13,2,12,N,N
1.378121e+05,1.189866e+09,1.678719e+12,2.473430e+06,1.089236e+11,5.752994e+12,1.232652e+06,2.738993e+11,1.863137e+13,1.172334e+06,2.352801e+11,1.573726e+13,1,10,N,N
3.359409e+04,1.752894e+08,1.489464e+11,2.021065e+06,3.689625e+10,1.372983e+12,1.626207e+06,3.539842e+11,4.986421e+12,2.197550e+06,9.733208e+11,3.280385e+13,0,43,N,N
5.571566e+05,4.431260e+09,4.437161e+12,1.276708e+06,9.548867e+10,6.636959e+12,1.638046e+06,6.670386e+11,2.834284e+13,1.451529e+06,2.221527e+11,6.774943e+13,0,67,N,N
3.666676e+04,2.104875e+08,2.896117e+11,1.348766e+06,2.055243e+10,1.298168e+12,1.422672e+06,2.399601e+11,6.572617e+12,1.697187e+06,6.700085e+11,7.620921e+13,2,53,N,N
1.004963e+06,1.233634e+10,1.839329e+13,2.442390e+06,1.619832e+11,7.540545e+12,1.359568e+06,3.449059e+11,1.646440e+13,1.482098e+06,2.981954e+11,4.455353e+13,3,65,N,N
6.169401e+04,5.388152e+08,4.061351e+11,8.068462e+05,2.903360e+10,2.071198e+12,1.579309e+06,5.060396e+11,7.915312e+12,2.578055e+06,1.598183e+12,8.624335e+13,3,76,N,N
1.146513e+05,1.037537e+09,1.136599e+12,7.503729e+05,4.245354e+10,4.861727e+12,1.650117e+06,6.027788e+11,1.855421e+13,1.226105e+06,2.150883e+11,1.476671e+13,1,102,N,N
3.515417e+05,7.223393e+09,1.051874e+12,8.014199e+05,1.423450e+11,1.637172e+13,1.877957e+06,8.357372e+11,5.247990e+13,1.292570e+06,1.755124e+11,3.898681e+13,0,73,N,N
