1.664033e+06,2.138313e+11,6.965351e+15,4.615395e+06,1.188606e+12,5.151114e+16,4.726987e+06,8.427537e+11,3.329800e+16,1.566158e+06,1.777143e+11,3.368879e+15,2,76,N,N
8.147155e+05,5.839529e+10,9.570676e+14,2.041142e+06,3.668961e+11,9.773810e+15,2.275591e+06,3.502912e+11,8.856926e+15,9.017548e+05,5.018606e+10,6.292173e+14,1,41,N,N
8.883738e+05,6.615373e+10,8.501849e+14,2.325855e+06,4.114474e+11,1.098108e+16,2.876662e+06,3.938957e+11,1.110427e+16,1.296257e+06,1.071756e+11,1.851660e+15,0,46,N,N
6.233119e+05,4.977645e+10,1.004948e+15,1.656225e+06,3.678382e+11,8.530249e+15,2.358752e+06,3.963671e+11,1.051865e+16,1.058861e+06,7.581257e+10,9.407001e+14,2,96,N,N
5.927888e+05,4.229080e+10,7.267732e+14,1.867619e+06,3.931257e+11,1.091061e+16,2.103511e+06,3.362584e+11,8.676384e+15,7.453142e+05,5.648873e+10,1.017823e+15,0,58,N,N
9.890414e+05,7.656154e+10,9.099054e+14,2.425217e+06,3.282499e+11,8.529310e+15,2.868958e+06,4.646085e+11,1.479825e+16,1.071593e+06,9.728188e+10,1.372658e+15,1,103,N,N
5.390959e+05,5.166618e+10,8.784734e+14,1.812752e+06,3.661812e+11,1.186655e+16,2.066052e+06,3.826286e+11,1.213570e+16,8.452797e+05,6.397723e+10,1.013177e+15,2,55,N,N
1.095088e+06,7.118211e+10,2.905844e+14,2.095220e+06,3.100033e+11,9.104733e+15,2.387352e+06,4.193452e+11,1.244317e+16,1.044269e+06,7.876074e+10,1.118132e+15,2,84,N,N
1.122089e+06,6.783722e+10,2.802217e+14,2.461318e+06,3.034980e+11,8.620820e+15,2.762103e+06,4.542909e+11,1.444345e+16,1.013521e+06,7.732511e+10,1.136216e+15,0,29,N,N
7.855949e+05,5.252121e+10,5.891080e+14,1.996258e+06,3.347017e+11,8.945729e+15,2.218164e+06,4.019277e+11,1.052751e+16,8.591347e+05,6.348779e+10,9.071155e+14,0,52,N,N
1.046658e+06,8.503628e+10,1.199912e+15,1.988448e+06,3.961382e+11,1.341601e+16,2.132498e+06,3.420186e+11,1.088319e+16,1.139611e+06,1.176713e+11,1.898275e+15,2,80,N,N
8.695293e+05,6.059279e+10,4.940934e+14,1.613897e+06,3.202599e+11,9.058229e+15,1.815294e+06,3.318057e+11,1.032312e+16,9.086917e+05,7.798449e+10,1.337479e+15,2,65,N,N
5.624109e+05,5.787138e+10,1.211515e+15,1.950233e+06,4.380548e+11,1.454840e+16,1.892813e+06,2.910154e+11,7.821184e+15,9.546700e+05,7.709006e+10,1.356694e+15,3,55,N,N
8.929588e+05,5.732758e+10,7.872864e+14,1.740102e+06,3.431644e+11,8.491298e+15,2.437909e+06,3.372358e+11,8.814181e+15,1.109934e+06,6.386308e+10,4.944654e+14,3,68,N,N
6.508310e+05,6.141878e+10,1.515430e+15,2.160008e+06,4.907063e+11,1.628829e+16,2.359921e+06,2.861273e+11,7.774509e+15,1.130258e+06,1.024989e+11,2.005387e+15,0,47,N,N
1.129352e+06,7.504668e+10,4.852721e+14,2.332257e+06,2.819829e+11,7.574205e+15,2.846388e+06,4.221685e+11,1.166404e+16,1.233064e+06,7.948345e+10,8.811015e+14,0,15,N,N
7.689812e+05,6.372492e+10,1.347966e+15,2.752875e+06,4.405144e+11,1.268769e+16,2.957508e+06,4.664857e+11,1.161755e+16,9.304509e+05,7.094948e+10,9.284845e+14,1,76,N,N
4.219296e+05,3.577229e+10,8.536385e+14,1.497485e+06,3.702513e+11,8.669884e+15,1.683942e+06,3.584144e+11,8.594628e+15,7.162486e+05,4.303264e+10,5.216320e+14,3,91,N,N
9.385690e+05,8.692006e+10,2.002703e+15,2.937577e+06,4.861253e+11,1.446579e+16,2.939931e+06,4.525457e+11,1.204127e+16,8.745410e+05,6.338917e+10,6.988540e+14,0,76,N,N
1.215128e+06,7.219726e+10,2.943170e+14,2.043864e+06,3.064755e+11,7.972542e+15,2.304319e+06,4.056134e+11,1.260311e+16,9.127179e+05,6.514991e+10,7.691054e+14,1,62,N,N
4.745848e+05,3.197535e+10,4.970023e+14,1.222050e+06,2.642581e+11,6.416779e+15,1.350274e+06,3.191322e+11,7.301220e+15,5.743905e+05,3.042218e+10,3.561639e+14,0,75,N,N
5.265636e+05,5.020709e+10,9.476735e+14,1.875420e+06,3.716132e+11,1.061226e+16,2.207259e+06,3.831546e+11,1.183560e+16,9.211218e+05,7.265834e+10,1.190634e+15,1,55,N,N
6.266569e+05,4.995170e+10,9.965543e+14,1.712110e+06,3.777920e+11,9.226853e+15,2.283151e+06,3.625090e+11,9.284163e+15,1.020417e+06,6.866269e+10,8.285537e+14,3,96,N,N
8.028801e+05,4.986205e+10,5.408915e+14,2.029461e+06,3.301672e+11,8.445174e+15,2.165426e+06,3.482100e+11,8.505288e+15,8.826646e+05,5.267966e+10,5.474872e+14,0,57,N,N
7.689749e+05,5.174112e+10,5.809477e+14,1.886248e+06,3.112293e+11,7.837533e+15,2.214296e+06,3.275482e+11,9.690466e+15,8.653422e+05,7.108055e+10,1.187372e+15,1,82,N,N
4.423323e+05,2.982694e+10,3.501986e+14,1.351766e+06,2.531028e+11,6.197845e+15,1.895463e+06,4.413827e+11,1.203225e+16,8.384434e+05,4.420058e+10,4.361460e+14,0,39,N,N
5.806877e+05,3.982684e+10,5.173842e+14,1.480677e+06,2.877338e+11,7.317572e+15,1.919392e+06,5.057473e+11,1.287777e+16,6.060548e+05,3.449201e+10,3.580168e+14,1,66,N,N
1.024362e+06,5.637486e+10,3.745154e+14,2.350577e+06,3.256437e+11,9.261075e+15,2.603331e+06,3.984163e+11,1.115287e+16,9.486992e+05,7.435925e+10,1.275060e+15,0,63,N,N
4.429879e+05,4.639009e+10,1.264127e+15,1.840960e+06,4.694306e+11,1.307896e+16,1.841769e+06,2.661899e+11,6.675851e+15,7.482085e+05,4.897653e+10,5.317115e+14,0,81,N,N
9.113888e+05,7.537278e+10,8.738268e+14,1.974706e+06,4.181887e+11,1.280682e+16,2.881188e+06,3.911620e+11,1.227222e+16,1.211940e+06,1.203823e+11,2.023099e+15,1,98,N,N
8.869477e+05,7.345768e+10,1.510468e+15,2.480983e+06,4.958949e+11,1.568190e+16,2.296165e+06,2.389545e+11,5.459395e+15,1.047224e+06,8.343083e+10,1.473130e+15,2,79,N,N
6.744089e+05,4.546349e+10,6.104086e+14,2.073316e+06,3.458172e+11,9.158891e+15,2.365060e+06,4.003005e+11,1.156344e+16,8.089245e+05,5.162303e+10,7.931613e+14,3,48,N,N
1.647063e+06,1.200026e+11,4.252469e+14,3.102154e+06,3.753114e+11,9.413285e+15,3.682186e+06,4.154640e+11,1.162450e+16,1.388616e+06,1.075791e+11,1.630606e+15,2,86,N,N
9.291983e+05,5.854608e+10,5.651147e+14,2.039942e+06,4.323280e+11,1.223875e+16,2.552442e+06,3.260563e+11,9.144044e+15,1.155700e+06,9.540995e+10,1.330586e+15,0,27,N,N
8.297347e+05,5.505114e+10,7.580388e+14,2.405383e+06,3.953929e+11,1.165402e+16,2.446607e+06,3.346128e+11,9.947859e+15,9.498635e+05,7.258025e+10,1.290535e+15,3,79,N,N
1.188930e+06,7.059600e+10,3.247954e+14,2.560882e+06,2.976705e+11,7.305240e+15,2.747452e+06,4.556782e+11,1.418934e+16,1.102745e+06,7.907762e+10,1.024672e+15,0,26,N,N
6.980622e+05,5.138600e+10,9.360751e+14,2.252214e+06,3.658728e+11,9.688578e+15,2.383909e+06,4.362444e+11,1.095461e+16,7.642028e+05,5.486362e+10,5.490309e+14,1,61,N,N
6.252701e+05,5.886842e+10,1.458530e+15,2.208546e+06,4.940719e+11,1.571307e+16,2.387286e+06,2.971276e+11,8.550631e+15,1.054325e+06,8.896566e+10,1.622974e+15,1,47,N,N
8.684992e+05,7.362028e+10,1.093486e+15,1.526595e+06,3.586004e+11,1.257031e+16,1.337255e+06,2.863494e+11,9.359909e+15,7.698976e+05,6.229706e+10,1.252002e+15,1,97,N,N
8.184813e+05,5.492763e+10,5.777715e+14,2.061680e+06,3.859749e+11,9.826597e+15,2.299760e+06,3.458797e+11,9.715844e+15,1.082518e+06,8.120885e+10,1.210447e+15,0,0,N,N
8.689987e+05,6.430054e+10,8.387982e+14,2.387395e+06,3.592045e+11,1.013811e+16,2.808878e+06,4.407679e+11,1.336774e+16,1.046697e+06,6.876188e+10,8.228824e+14,2,104,N,N
4.562241e+05,3.157124e+10,4.922104e+14,1.217252e+06,2.605490e+11,6.343643e+15,1.259849e+06,2.791603e+11,6.440919e+15,5.476904e+05,2.771162e+10,3.121322e+14,3,75,N,N
4.522764e+05,4.234830e+10,1.087870e+15,1.796633e+06,4.080928e+11,1.094578e+16,1.919653e+06,3.164541e+11,8.168153e+15,7.343511e+05,4.339038e+10,5.857893e+14,2,51,N,N
9.778153e+05,7.433614e+10,5.107255e+14,2.061912e+06,2.856723e+11,8.074082e+15,2.372463e+06,4.013132e+11,1.238191e+16,9.393260e+05,7.062738e+10,1.219488e+15,3,90,N,N
5.128672e+05,3.733783e+10,7.076418e+14,1.606601e+06,3.764096e+11,9.339198e+15,1.713180e+06,2.816762e+11,6.968526e+15,7.056727e+05,4.033747e+10,4.101837e+14,3,77,N,N
1.171276e+06,6.817200e+10,3.390856e+14,2.318490e+06,2.809398e+11,8.114328e+15,2.647380e+06,4.714176e+11,1.499790e+16,1.021368e+06,7.235671e+10,1.002492e+15,0,31,N,N
7.203374e+05,4.384611e+10,4.483716e+14,1.576516e+06,3.295545e+11,8.275485e+15,1.962137e+06,3.492899e+11,9.312112e+15,8.102481e+05,5.798479e+10,6.341027e+14,1,5,N,N
7.848000e+05,6.474159e+10,9.862743e+14,1.582684e+06,3.614055e+11,9.965705e+15,2.207709e+06,4.105032e+11,1.343001e+16,1.132136e+06,9.163308e+10,1.293050e+15,3,99,N,N
3.585217e+05,3.308216e+10,8.786953e+14,1.466904e+06,3.834506e+11,1.003742e+16,1.675800e+06,2.789388e+11,6.863879e+15,7.739265e+05,3.825373e+10,3.935902e+14,0,42,N,N
7.979181e+05,7.243163e+10,1.655185e+15,2.580439e+06,5.121420e+11,1.514161e+16,2.740696e+06,3.281310e+11,9.327134e+15,1.139154e+06,1.085280e+11,1.500818e+15,0,70,N,N
9.369348e+05,7.533446e+10,1.128884e+15,1.999742e+06,3.834414e+11,1.272963e+16,2.207252e+06,3.563542e+11,1.117034e+16,1.033518e+06,9.901760e+10,1.420158e+15,1,80,N,N
8.860683e+05,6.522194e+10,6.819983e+14,1.644010e+06,3.138136e+11,8.465800e+15,2.122587e+06,4.601072e+11,1.487888e+16,8.886378e+05,6.392224e+10,9.177395e+14,1,34,N,N
6.761582e+05,4.972390e+10,6.194936e+14,1.498429e+06,2.908057e+11,9.034569e+15,1.820460e+06,3.576564e+11,1.128988e+16,9.073473e+05,6.719288e+10,1.103810e+15,3,93,N,N
6.452854e+05,5.459930e+10,1.123358e+15,1.520643e+06,3.413942e+11,9.029807e+15,1.915088e+06,3.093160e+11,8.695577e+15,1.095254e+06,8.873212e+10,1.587324e+15,0,93,N,N
8.079749e+05,5.951798e+10,6.328863e+14,1.890327e+06,3.209176e+11,9.557660e+15,2.352743e+06,4.340515e+11,1.426217e+16,1.057814e+06,7.831582e+10,1.093565e+15,0,6,N,N
1.037036e+06,7.066983e+10,6.019759e+14,2.363948e+06,3.666324e+11,9.958232e+15,2.656912e+06,3.518754e+11,1.011982e+16,1.070975e+06,9.154829e+10,1.658519e+15,0,18,N,N
5.685465e+05,5.025754e+10,1.127433e+15,1.801178e+06,3.715871e+11,1.015951e+16,1.893518e+06,3.626725e+11,9.062569e+15,6.703413e+05,3.574462e+10,3.509578e+14,0,50,N,N
9.813964e+05,7.659864e+10,8.613592e+14,2.754975e+06,3.801641e+11,1.132957e+16,2.909846e+06,3.791696e+11,1.014239e+16,1.200206e+06,9.647102e+10,1.517612e+15,2,101,N,N
1.007636e+06,6.452868e+10,2.929327e+14,2.577466e+06,3.068999e+11,7.238606e+15,2.892351e+06,4.112609e+11,1.217747e+16,1.070474e+06,8.450561e+10,1.284103e+15,3,74,N,N
4.713465e+05,4.862210e+10,1.163107e+15,1.832718e+06,5.152487e+11,1.292264e+16,1.715561e+06,2.179506e+11,4.320628e+15,7.016122e+05,3.285440e+10,2.919330e+14,3,54,N,N
4.879255e+05,4.224364e+10,1.007078e+15,1.783871e+06,4.575685e+11,1.195067e+16,1.793546e+06,2.175600e+11,5.176935e+15,7.096467e+05,4.576787e+10,4.494495e+14,1,77,N,N
4.803908e+05,3.707822e+10,7.566642e+14,1.446464e+06,3.143678e+11,6.940444e+15,1.726443e+06,4.175587e+11,1.074063e+16,7.031198e+05,4.055188e+10,4.866092e+14,0,91,N,N
1.309917e+06,8.634053e+10,3.076210e+14,2.065388e+06,2.789707e+11,6.961320e+15,2.261031e+06,4.205935e+11,1.295859e+16,8.946088e+05,6.256105e+10,7.288791e+14,2,62,N,N
4.481451e+05,4.907199e+10,1.423208e+15,1.838290e+06,4.962500e+11,1.373239e+16,1.764986e+06,2.534455e+11,5.644717e+15,8.390464e+05,5.790512e+10,7.485936e+14,2,81,N,N
4.609159e+05,3.333988e+10,5.755449e+14,1.620856e+06,3.307813e+11,8.213058e+15,2.141215e+06,3.744132e+11,1.026218e+16,8.990889e+05,6.335432e+10,8.668938e+14,2,92,N,N
6.106454e+05,3.919193e+10,4.718781e+14,1.647241e+06,3.140842e+11,8.138379e+15,1.966736e+06,3.294529e+11,8.613684e+15,7.935135e+05,6.248072e+10,1.146896e+15,1,58,N,N
1.027021e+06,8.413281e+10,4.907466e+14,2.089525e+06,2.578762e+11,6.996079e+15,2.429973e+06,4.448434e+11,1.399394e+16,9.568935e+05,6.910158e+10,1.082491e+15,0,90,N,N
6.973260e+05,5.873520e+10,1.134014e+15,2.315881e+06,5.226975e+11,1.709498e+16,2.584859e+06,3.564596e+11,9.106445e+15,1.509810e+06,1.605947e+11,3.358442e+15,3,73,N,N
5.412361e+05,4.039769e+10,7.700824e+14,1.409304e+06,3.644006e+11,9.162068e+15,1.749024e+06,2.840084e+11,7.656012e+15,1.017411e+06,8.704429e+10,1.517396e+15,1,78,N,N
1.550693e+06,1.173488e+11,4.398041e+14,2.693028e+06,3.325236e+11,9.297791e+15,2.594345e+06,3.866097e+11,1.166563e+16,1.054801e+06,9.421289e+10,1.678177e+15,2,49,N,N
7.371436e+05,1.058930e+11,3.810263e+15,2.657388e+06,7.237443e+11,2.502767e+16,3.309216e+06,3.356695e+11,8.159300e+15,1.272522e+06,1.003101e+11,1.325220e+15,1,67,N,N
7.173429e+05,5.055579e+10,5.677455e+14,1.562073e+06,2.980783e+11,8.189715e+15,1.979549e+06,3.968802e+11,1.249315e+16,7.968325e+05,5.168366e+10,7.097513e+14,0,34,N,N
7.135142e+05,4.843390e+10,6.468385e+14,1.926380e+06,2.926612e+11,6.794143e+15,2.423395e+06,4.087992e+11,1.013580e+16,8.797504e+05,6.302884e+10,9.203422e+14,0,71,N,N
3.776972e+05,3.261920e+10,7.727948e+14,1.196836e+06,2.861184e+11,7.017481e+15,1.343531e+06,2.534145e+11,6.260475e+15,6.161133e+05,3.759188e+10,4.919089e+14,3,64,N,N
8.637706e+05,6.085948e+10,7.968385e+14,2.246986e+06,3.397133e+11,8.933632e+15,2.633492e+06,4.135604e+11,1.264568e+16,1.037314e+06,6.646018e+10,7.764905e+14,3,104,N,N
4.423230e+05,3.194230e+10,5.970751e+14,1.327257e+06,3.111229e+11,7.702696e+15,1.419042e+06,3.045153e+11,6.656906e+15,6.414768e+05,3.501322e+10,4.249510e+14,2,75,N,N
5.419602e+05,3.469858e+10,4.480941e+14,1.369379e+06,2.708472e+11,6.704093e+15,1.748110e+06,4.215089e+11,1.058296e+16,6.559103e+05,3.916181e+10,4.349201e+14,3,66,N,N
9.188736e+05,5.642085e+10,5.992083e+14,2.428319e+06,3.227885e+11,8.358215e+15,2.819487e+06,4.706787e+11,1.248040e+16,1.043289e+06,7.861231e+10,8.296528e+14,0,89,N,N
4.394244e+05,3.637772e+10,8.421451e+14,1.594106e+06,3.823270e+11,9.069665e+15,1.779879e+06,3.870418e+11,9.382375e+15,6.381160e+05,3.472882e+10,3.482997e+14,0,32,N,N
7.406319e+05,4.426137e+10,5.378495e+14,1.986163e+06,3.505204e+11,8.327308e+15,2.346329e+06,3.758172e+11,1.005317e+16,8.551971e+05,5.520894e+10,8.774124e+14,0,102,N,N
9.585158e+05,7.384336e+10,7.395324e+14,2.464842e+06,3.467324e+11,1.002460e+16,2.930964e+06,4.978553e+11,1.643544e+16,1.059999e+06,9.291201e+10,1.251656e+15,2,103,N,N
5.548005e+05,4.368014e+10,9.224606e+14,1.775101e+06,4.232863e+11,1.077373e+16,2.040824e+06,2.543945e+11,5.738131e+15,8.380731e+05,5.859265e+10,6.911182e+14,0,5,N,N
6.414822e+05,6.252514e+10,1.600603e+15,2.086102e+06,5.408698e+11,1.718984e+16,2.101264e+06,3.528489e+11,9.099516e+15,8.259436e+05,5.842321e+10,6.978296e+14,1,59,N,N
7.393509e+05,5.876812e+10,1.075813e+15,1.502752e+06,3.744063e+11,1.250506e+16,1.329786e+06,2.802272e+11,9.302696e+15,8.252112e+05,7.437683e+10,1.589970e+15,3,97,N,N
9.294004e+05,8.048603e+10,1.395308e+15,1.592277e+06,3.864521e+11,1.303341e+16,1.321681e+06,2.768816e+11,8.413615e+15,8.518034e+05,7.413291e+10,1.560573e+15,0,97,N,N
1.020885e+06,6.148414e+10,3.273171e+14,2.652288e+06,3.290472e+11,9.115929e+15,2.828352e+06,4.147130e+11,1.151400e+16,1.207372e+06,9.617743e+10,1.258150e+15,1,88,N,N
5.511092e+05,3.798667e+10,5.444524e+14,1.422315e+06,2.824878e+11,7.166253e+15,1.779322e+06,4.337108e+11,1.037206e+16,5.668085e+05,3.113025e+10,3.047113e+14,0,66,N,N
4.157714e+05,3.418521e+10,7.573545e+14,1.209593e+06,3.180199e+11,7.256152e+15,1.423305e+06,2.909048e+11,7.505498e+15,7.548325e+05,5.847721e+10,8.269322e+14,0,64,N,N
6.259938e+05,5.095646e+10,1.046001e+15,1.528621e+06,3.638674e+11,1.081725e+16,1.774292e+06,2.819672e+11,8.019241e+15,1.032639e+06,7.883898e+10,1.315132e+15,1,93,N,N
1.632022e+06,1.357939e+11,4.791576e+14,2.498821e+06,3.606821e+11,1.104562e+16,2.905730e+06,4.160888e+11,1.307821e+16,1.268682e+06,1.011363e+11,1.523265e+15,3,95,N,N
7.001862e+05,4.922522e+10,8.639678e+14,1.780834e+06,3.749947e+11,9.467253e+15,2.427881e+06,3.835716e+11,1.074566e+16,1.044019e+06,8.565680e+10,1.333272e+15,1,25,N,N
6.033767e+05,3.167160e+10,3.794143e+14,1.560643e+06,2.958782e+11,7.354234e+15,1.831516e+06,3.726739e+11,9.514670e+15,6.513456e+05,3.920020e+10,5.409452e+14,3,53,N,N
4.578196e+05,4.021072e+10,9.881949e+14,1.714906e+06,4.214262e+11,9.812462e+15,1.740470e+06,2.396144e+11,5.735174e+15,6.852187e+05,4.306513e+10,4.204716e+14,0,77,N,N
6.417854e+05,4.351989e+10,7.381326e+14,2.221083e+06,3.584848e+11,9.611488e+15,2.360549e+06,4.217728e+11,1.055852e+16,7.988972e+05,6.557711e+10,7.235372e+14,0,61,N,N
8.494725e+05,5.925765e+10,1.024515e+15,1.813046e+06,3.885129e+11,9.684878e+15,2.658075e+06,3.169553e+11,7.874914e+15,1.132988e+06,6.806175e+10,5.816264e+14,2,68,N,N
6.854940e+05,7.094134e+10,1.981926e+15,2.251003e+06,5.186449e+11,1.751275e+16,2.399728e+06,2.959784e+11,8.247186e+15,1.069315e+06,8.745498e+10,1.591252e+15,2,47,N,N
6.474071e+05,4.534687e+10,7.947028e+14,2.024797e+06,4.202758e+11,1.076300e+16,2.355163e+06,3.381358e+11,9.039232e+15,1.019278e+06,6.864246e+10,8.819312e+14,0,41,N,N
7.653998e+05,5.217165e+10,6.101914e+14,1.991335e+06,2.864212e+11,7.253165e+15,2.349456e+06,4.302598e+11,1.147318e+16,9.080415e+05,5.697778e+10,7.946868e+14,1,71,N,N
1.066087e+06,5.856400e+10,2.686074e+14,2.534820e+06,3.229335e+11,8.832775e+15,2.984359e+06,4.392722e+11,1.366220e+16,1.185066e+06,9.291309e+10,1.190636e+15,2,88,N,N
7.288987e+05,6.380229e+10,1.268623e+15,1.919803e+06,4.727888e+11,1.590918e+16,2.194259e+06,3.251979e+11,9.067162e+15,1.211939e+06,7.730987e+10,9.430480e+14,0,72,N,N
5.683886e+05,4.859771e+10,1.113253e+15,1.757642e+06,4.352811e+11,1.175071e+16,2.003926e+06,3.145853e+11,8.690460e+15,1.035604e+06,7.870798e+10,1.335057e+15,1,87,N,N
7.401023e+05,6.545109e+10,1.428995e+15,1.500649e+06,3.952462e+11,1.282542e+16,1.316152e+06,2.439675e+11,6.885699e+15,8.399424e+05,7.650190e+10,1.654860e+15,2,97,N,N
6.128463e+05,7.228423e+10,2.025855e+15,1.901048e+06,5.408562e+11,1.398628e+16,2.038175e+06,2.547591e+11,5.949156e+15,1.047582e+06,7.652176e+10,1.226818e+15,2,87,N,N
5.659451e+05,4.125710e+10,5.472742e+14,1.729505e+06,3.061166e+11,7.881615e+15,2.142373e+06,4.361561e+11,1.209056e+16,8.167095e+05,5.250375e+10,7.215574e+14,0,92,N,N
6.662174e+05,6.707843e+10,1.764249e+15,1.922462e+06,4.992815e+11,1.694330e+16,1.945921e+06,2.302138e+11,5.617588e+15,1.256525e+06,7.436521e+10,8.054090e+14,2,72,N,N
8.477843e+05,7.197681e+10,1.120109e+15,1.668266e+06,3.996259e+11,1.171613e+16,2.220046e+06,4.134228e+11,1.272619e+16,1.137153e+06,9.595149e+10,1.327190e+15,0,99,N,N
5.525654e+05,4.131976e+10,8.286545e+14,1.677881e+06,3.202070e+11,6.990701e+15,1.897833e+06,3.906126e+11,9.820307e+15,6.930022e+05,3.485530e+10,3.765186e+14,1,37,N,N
8.634566e+05,4.851128e+10,4.903920e+14,2.456103e+06,3.579216e+11,9.703780e+15,2.703661e+06,3.754087e+11,1.014288e+16,1.016973e+06,8.203415e+10,1.365262e+15,0,1,N,N
6.794409e+05,4.926281e+10,9.427285e+14,1.883885e+06,4.317482e+11,1.114225e+16,2.636547e+06,2.627431e+11,5.974571e+15,1.015289e+06,6.533410e+10,6.575843e+14,1,68,N,N
1.002771e+06,7.505709e+10,9.166868e+14,1.930983e+06,3.481399e+11,1.131405e+16,2.226785e+06,3.830105e+11,1.228125e+16,1.043844e+06,9.634532e+10,1.480528e+15,0,80,N,N
6.173713e+05,4.213867e+10,6.681623e+14,2.028997e+06,3.169403e+11,8.170200e+15,2.280254e+06,4.232406e+11,1.077891e+16,8.007634e+05,6.077681e+10,6.639602e+14,3,61,N,N
8.373506e+05,6.581542e+10,8.228824e+14,1.568331e+06,2.913732e+11,8.234377e+15,1.897489e+06,4.033324e+11,1.311081e+16,9.644777e+05,7.442389e+10,1.274203e+15,2,93,N,N
4.240685e+05,3.993805e+10,1.004185e+15,1.507900e+06,4.044752e+11,1.266062e+16,1.931874e+06,2.718969e+11,7.388285e+15,1.054107e+06,8.348068e+10,1.298166e+15,0,35,N,N
5.695178e+05,3.976110e+10,6.903083e+14,1.769913e+06,3.537538e+11,9.057948e+15,2.094904e+06,3.869418e+11,1.011356e+16,8.793028e+05,5.811044e+10,6.820735e+14,0,8,N,N
7.513286e+05,1.060270e+11,3.897249e+15,2.702211e+06,7.485677e+11,2.560258e+16,3.120645e+06,3.215284e+11,8.008795e+15,1.208846e+06,9.219717e+10,1.269169e+15,2,67,N,N
7.512549e+05,4.676551e+10,5.928732e+14,2.039263e+06,3.699844e+11,8.400272e+15,2.473913e+06,3.904336e+11,1.048518e+16,9.548808e+05,6.801683e+10,1.154457e+15,2,102,N,N
8.205852e+05,5.385377e+10,7.351227e+14,1.981408e+06,3.557408e+11,9.890999e+15,2.253433e+06,3.768135e+11,1.117695e+16,8.196354e+05,5.235492e+10,7.045568e+14,1,52,N,N
1.401309e+06,9.599604e+10,3.639630e+14,2.282552e+06,2.746875e+11,6.969308e+15,2.285733e+06,4.404916e+11,1.288456e+16,9.460827e+05,6.971385e+10,8.541534e+14,3,62,N,N
6.678086e+05,5.397190e+10,9.102595e+14,2.043885e+06,3.762744e+11,9.967562e+15,2.246461e+06,3.410119e+11,9.270514e+15,9.004881e+05,6.395052e+10,1.057537e+15,0,45,N,N
1.021522e+06,8.260955e+10,5.371111e+14,2.122455e+06,2.672076e+11,7.365922e+15,2.497696e+06,4.311452e+11,1.350299e+16,9.733914e+05,7.331226e+10,1.284598e+15,1,90,N,N
9.395893e+05,7.201643e+10,7.812457e+14,2.405883e+06,3.409959e+11,9.933789e+15,2.743715e+06,4.428158e+11,1.378381e+16,9.693640e+05,7.551662e+10,9.360367e+14,3,103,N,N
9.261328e+05,7.207308e+10,8.384261e+14,2.388967e+06,3.400119e+11,9.271446e+15,2.911238e+06,4.523576e+11,1.395959e+16,9.466712e+05,7.849372e+10,1.030540e+15,0,103,N,N
6.996728e+05,5.461817e+10,1.069067e+15,2.302230e+06,4.002078e+11,1.111410e+16,2.374131e+06,3.900458e+11,1.027467e+16,7.793504e+05,5.740356e+10,5.491069e+14,2,61,N,N
1.094387e+06,7.307443e+10,3.649961e+14,2.018371e+06,3.431131e+11,9.650458e+15,2.384362e+06,3.898637e+11,1.238861e+16,1.038047e+06,8.080192e+10,1.278362e+15,0,84,N,N
1.665897e+06,1.380191e+11,6.024911e+14,2.467433e+06,3.900632e+11,1.190193e+16,2.871725e+06,3.810252e+11,1.155851e+16,1.318026e+06,1.156670e+11,1.987911e+15,2,95,N,N
4.995880e+05,4.862191e+10,1.297720e+15,1.670905e+06,4.639036e+11,1.242123e+16,1.833025e+06,2.451573e+11,6.147106e+15,9.333678e+05,6.270216e+10,8.386250e+14,0,4,N,N
3.988575e+05,3.402841e+10,7.713693e+14,1.741922e+06,4.247781e+11,9.757629e+15,1.798354e+06,3.380922e+11,6.898863e+15,7.328084e+05,3.663955e+10,3.823393e+14,2,54,N,N
1.526092e+06,1.130318e+11,3.699136e+14,2.696626e+06,3.593415e+11,9.179309e+15,3.434262e+06,3.888679e+11,1.082353e+16,1.346916e+06,1.052461e+11,1.633476e+15,1,86,N,N
6.117460e+05,4.538922e+10,8.951417e+14,1.725111e+06,3.692576e+11,9.972994e+15,1.950530e+06,3.600501e+11,9.522956e+15,8.575466e+05,5.557923e+10,8.669211e+14,1,44,N,N
5.418295e+05,5.018165e+10,1.253922e+15,1.995749e+06,5.016868e+11,1.548124e+16,1.937724e+06,2.728608e+11,6.543548e+15,7.727478e+05,5.224480e+10,5.936008e+14,0,59,N,N
1.065096e+06,7.696063e+10,3.838728e+14,2.489777e+06,3.325752e+11,8.589711e+15,2.730484e+06,3.826329e+11,1.120807e+16,1.187429e+06,7.790580e+10,8.146336e+14,2,100,N,N
8.438308e+05,6.034644e+10,8.453473e+14,2.269618e+06,3.888361e+11,9.912719e+15,2.928789e+06,3.988267e+11,1.211983e+16,1.234170e+06,9.112704e+10,1.471387e+15,1,46,N,N
3.956469e+05,3.859352e+10,1.063223e+15,1.430212e+06,3.787699e+11,1.031697e+16,1.609465e+06,2.538692e+11,5.604956e+15,7.678033e+05,4.219869e+10,4.774956e+14,1,42,N,N
5.259727e+05,4.066040e+10,8.537731e+14,1.732569e+06,3.427682e+11,7.727636e+15,1.998361e+06,4.007916e+11,8.521990e+15,7.428590e+05,4.157530e+10,4.939062e+14,2,37,N,N
1.044075e+06,7.821462e+10,1.057876e+15,1.844374e+06,4.445936e+11,1.303740e+16,1.963655e+06,4.187483e+11,1.408535e+16,1.000395e+06,1.008557e+11,2.019586e+15,1,36,N,N
1.181668e+06,6.862593e+10,3.668462e+14,2.334262e+06,3.012454e+11,8.470879e+15,2.630001e+06,4.133924e+11,1.152130e+16,1.000172e+06,8.097159e+10,1.346173e+15,1,63,N,N
9.985568e+05,7.235316e+10,4.598893e+14,1.700116e+06,2.892590e+11,8.788760e+15,1.886831e+06,3.855028e+11,1.234379e+16,8.704195e+05,7.030459e+10,1.199842e+15,1,65,N,N
5.680745e+05,3.802964e+10,5.705751e+14,1.658678e+06,3.565408e+11,9.493850e+15,1.964403e+06,3.086172e+11,8.092310e+15,7.952807e+05,6.043401e+10,1.066059e+15,3,58,N,N
1.006331e+06,7.197697e+10,4.504062e+14,1.651785e+06,2.650830e+11,7.897528e+15,1.857153e+06,3.869861e+11,1.220098e+16,8.395599e+05,7.068904e+10,1.208998e+15,0,65,N,N
5.930483e+05,3.010832e+10,3.500890e+14,1.568790e+06,3.138750e+11,7.626337e+15,1.787805e+06,3.234142e+11,8.010944e+15,6.711823e+05,4.266952e+10,5.876647e+14,1,53,N,N
5.959554e+05,4.922541e+10,1.081473e+15,2.023663e+06,4.360198e+11,1.259979e+16,2.468954e+06,3.476968e+11,8.813199e+15,1.034101e+06,7.586912e+10,1.122415e+15,0,7,N,N
8.494829e+05,5.884938e+10,6.644495e+14,2.497720e+06,3.546796e+11,1.030702e+16,2.501827e+06,3.756817e+11,9.927045e+15,9.163926e+05,6.325027e+10,9.351722e+14,1,60,N,N
1.053666e+06,5.959570e+10,6.428141e+14,1.844615e+06,3.184488e+11,8.292524e+15,2.143624e+06,4.248647e+11,1.127578e+16,8.279453e+05,5.256437e+10,6.948385e+14,0,3,N,N
4.752768e+05,4.407978e+10,1.140617e+15,1.618088e+06,4.224604e+11,1.031825e+16,1.694935e+06,2.975313e+11,7.496749e+15,8.551650e+05,5.508357e+10,6.497776e+14,1,33,N,N
8.890862e+05,7.138655e+10,1.185821e+15,1.799148e+06,3.604321e+11,1.076641e+16,2.167771e+06,3.506013e+11,1.157909e+16,1.058025e+06,1.026787e+11,1.698176e+15,3,80,N,N
8.778698e+05,5.025109e+10,5.042516e+14,2.044031e+06,3.669891e+11,9.863130e+15,2.172329e+06,3.826089e+11,9.793123e+15,7.939475e+05,5.104974e+10,5.914924e+14,3,83,N,N
5.569484e+05,4.406324e+10,8.248344e+14,1.506650e+06,3.289505e+11,8.612371e+15,1.648369e+06,2.914040e+11,7.530543e+15,6.641629e+05,3.574253e+10,4.834746e+14,2,78,N,N
7.362179e+05,5.979814e+10,1.290741e+15,2.188298e+06,4.994793e+11,1.346977e+16,2.865905e+06,2.854354e+11,6.796379e+15,1.134017e+06,7.827102e+10,7.416715e+14,0,68,N,N
5.489072e+05,5.714173e+10,1.637341e+15,1.808899e+06,4.841785e+11,1.254912e+16,2.054331e+06,3.181024e+11,8.114514e+15,7.882561e+05,4.790442e+10,6.984291e+14,0,19,N,N
9.804382e+05,6.744891e+10,8.546722e+14,2.360788e+06,3.422320e+11,9.114879e+15,2.735608e+06,4.360930e+11,1.143200e+16,1.003235e+06,6.938904e+10,7.458977e+14,1,89,N,N
5.478883e+05,4.757633e+10,8.809505e+14,1.393365e+06,3.709590e+11,1.113927e+16,1.899540e+06,3.384461e+11,9.592542e+15,1.035320e+06,8.785505e+10,1.408071e+15,1,35,N,N
3.412614e+05,2.555753e+10,4.609635e+14,1.365053e+06,2.567339e+11,5.948723e+15,1.582746e+06,3.695638e+11,8.884633e+15,6.309550e+05,3.371821e+10,3.927165e+14,2,94,N,N
6.066005e+05,6.319434e+10,1.653174e+15,1.896790e+06,5.146063e+11,1.516216e+16,1.996044e+06,2.488736e+11,6.267652e+15,8.902508e+05,5.549310e+10,8.298216e+14,0,87,N,N
9.214976e+05,6.395570e+10,8.795926e+14,1.941743e+06,3.752603e+11,1.047396e+16,2.151080e+06,3.384637e+11,9.788427e+15,9.161580e+05,5.936346e+10,9.071817e+14,0,22,N,N
1.007377e+06,5.586924e+10,2.403526e+14,2.554886e+06,3.498943e+11,9.621949e+15,2.865017e+06,3.802293e+11,1.121110e+16,1.151790e+06,8.596770e+10,1.036087e+15,0,88,N,N
6.867182e+05,6.155551e+10,1.321276e+15,2.562080e+06,5.529081e+11,1.747581e+16,2.819892e+06,3.428102e+11,8.702551e+15,1.445437e+06,1.506652e+11,3.075791e+15,1,73,N,N
3.839508e+05,3.179925e+10,7.484830e+14,1.325032e+06,3.641482e+11,1.012411e+16,1.333453e+06,2.277995e+11,5.630230e+15,5.998030e+05,3.601513e+10,4.015006e+14,0,38,N,N
4.797300e+05,4.443788e+10,1.098028e+15,1.821392e+06,3.891476e+11,9.922759e+15,1.945116e+06,3.559173e+11,8.931897e+15,7.108969e+05,4.300177e+10,5.831168e+14,3,51,N,N
6.720110e+05,4.488990e+10,5.272798e+14,2.073225e+06,3.308144e+11,9.029345e+15,2.336208e+06,3.926375e+11,1.115834e+16,8.820767e+05,5.812851e+10,8.722521e+14,0,48,N,N
9.641054e+05,8.406812e+10,8.514042e+14,1.868012e+06,3.526800e+11,1.038822e+16,2.835186e+06,4.458492e+11,1.466763e+16,1.359868e+06,1.362399e+11,2.362971e+15,3,98,N,N
4.803894e+05,4.536501e+10,1.036601e+15,1.883766e+06,5.032477e+11,1.265953e+16,1.794426e+06,2.884331e+11,5.876808e+15,7.262490e+05,3.830615e+10,3.886393e+14,1,54,N,N
1.139593e+06,8.179149e+10,3.985600e+14,2.570612e+06,3.586193e+11,1.031697e+16,2.849153e+06,4.076268e+11,1.158856e+16,1.173068e+06,8.276138e+10,9.429504e+14,1,100,N,N
8.834395e+05,5.769964e+10,4.904221e+14,2.037668e+06,3.470086e+11,9.678170e+15,2.328524e+06,4.009731e+11,1.176250e+16,1.041269e+06,8.194980e+10,1.276884e+15,1,0,N,N
1.193796e+06,5.798688e+10,2.902141e+14,2.280963e+06,3.495196e+11,1.056466e+16,2.267086e+06,3.412600e+11,1.016587e+16,9.457540e+05,7.004131e+10,1.301223e+15,1,12,N,N
6.188767e+05,5.398247e+10,1.187468e+15,1.839465e+06,4.479178e+11,1.427661e+16,2.039348e+06,2.933146e+11,7.604658e+15,1.192951e+06,7.569096e+10,8.882050e+14,3,72,N,N
5.072846e+05,4.151757e+10,8.426507e+14,1.483919e+06,3.405659e+11,9.382684e+15,2.018053e+06,3.585566e+11,1.014496e+16,1.088598e+06,8.981026e+10,1.223618e+15,2,85,N,N
9.930413e+05,8.522303e+10,8.424771e+14,1.966194e+06,3.483008e+11,9.250101e+15,2.967590e+06,4.630304e+11,1.522484e+16,1.335460e+06,1.398246e+11,2.511179e+15,0,98,N,N
1.066416e+06,7.306727e+10,3.849074e+14,2.013328e+06,2.748487e+11,7.527384e+15,2.314888e+06,4.770272e+11,1.604389e+16,1.015411e+06,7.864210e+10,1.195882e+15,0,11,N,N
5.512403e+05,4.937238e+10,1.164027e+15,1.696118e+06,3.527523e+11,8.448734e+15,2.019785e+06,3.766944e+11,9.471646e+15,7.543861e+05,4.663880e+10,5.450966e+14,2,50,N,N
7.876097e+05,6.016195e+10,9.727095e+14,2.179093e+06,3.725000e+11,9.562011e+15,2.773917e+06,4.137302e+11,1.278529e+16,9.879817e+05,6.261389e+10,7.149258e+14,1,104,N,N
7.004671e+05,4.624867e+10,5.312375e+14,2.089451e+06,3.569013e+11,1.031457e+16,2.387769e+06,3.883995e+11,1.038628e+16,8.722566e+05,5.841728e+10,8.894967e+14,2,48,N,N
1.360099e+06,1.009888e+11,3.756110e+14,2.619006e+06,3.354681e+11,9.539598e+15,2.725876e+06,3.925205e+11,1.185627e+16,1.015977e+06,7.952068e+10,1.247263e+15,0,49,N,N
5.332924e+05,4.232983e+10,8.489021e+14,1.767938e+06,3.360308e+11,8.871748e+15,2.032894e+06,4.556745e+11,1.177343e+16,7.231504e+05,4.415417e+10,4.884531e+14,1,50,N,N
6.030031e+05,6.004324e+10,1.627721e+15,2.064169e+06,4.931855e+11,1.454957e+16,2.254723e+06,2.734687e+11,6.974776e+15,1.177286e+06,1.195524e+11,2.412718e+15,3,47,N,N
8.059732e+05,5.366642e+10,5.666262e+14,1.962071e+06,3.308074e+11,8.792366e+15,2.246251e+06,4.144978e+11,1.197465e+16,8.636116e+05,5.935686e+10,8.085291e+14,2,52,N,N
1.111909e+06,9.524737e+10,5.903561e+14,2.212618e+06,2.805360e+11,7.796913e+15,2.443876e+06,4.314458e+11,1.199066e+16,9.771540e+05,7.428047e+10,1.215055e+15,2,90,N,N
5.663244e+05,3.395843e+10,4.017222e+14,1.695353e+06,3.434587e+11,1.016168e+16,1.926709e+06,3.185490e+11,8.529563e+15,7.461019e+05,5.607990e+10,1.024744e+15,2,58,N,N
9.229553e+05,5.808777e+10,8.099155e+14,1.965256e+06,4.186925e+11,1.150874e+16,2.233502e+06,2.622098e+11,6.641900e+15,1.038839e+06,8.851784e+10,1.513947e+15,3,69,N,N
8.804953e+05,5.405972e+10,5.698033e+14,2.265023e+06,3.498765e+11,9.877822e+15,2.516773e+06,3.652706e+11,1.011710e+16,9.227946e+05,6.557059e+10,1.019723e+15,2,63,N,N
1.028993e+06,8.927314e+10,9.353991e+14,1.905807e+06,3.514623e+11,9.570070e+15,3.008461e+06,4.589636e+11,1.493040e+16,1.272927e+06,1.350267e+11,2.332358e+15,2,98,N,N
6.439742e+05,6.330631e+10,1.664254e+15,2.416251e+06,4.942031e+11,1.407978e+16,2.427043e+06,3.815281e+11,9.828538e+15,8.494894e+05,4.664021e+10,3.932053e+14,1,40,N,N
4.633928e+05,4.346398e+10,1.105649e+15,1.609600e+06,4.108969e+11,1.151938e+16,1.886741e+06,3.057944e+11,8.176949e+15,1.097130e+06,8.495959e+10,1.132735e+15,3,85,N,N
5.329832e+05,4.098622e+10,7.583930e+14,1.461295e+06,2.932895e+11,7.310361e+15,1.640328e+06,2.865316e+11,7.366506e+15,8.096264e+05,5.219977e+10,7.401224e+14,3,78,N,N
1.416151e+06,1.057926e+11,3.723009e+14,2.600931e+06,3.023454e+11,8.117803e+15,2.715719e+06,4.044156e+11,1.222624e+16,1.079867e+06,9.002371e+10,1.456104e+15,1,49,N,N
6.945130e+05,6.654866e+10,1.646048e+15,2.051258e+06,4.971351e+11,1.479761e+16,2.213400e+06,2.848861e+11,7.244496e+15,1.252438e+06,7.775279e+10,8.350694e+14,1,72,N,N
5.086227e+05,4.535942e+10,1.025089e+15,1.617035e+06,3.977807e+11,1.246039e+16,1.816589e+06,4.497038e+11,1.299094e+16,8.391561e+05,6.125095e+10,9.285839e+14,0,24,N,N
8.110176e+05,5.867878e+10,6.449574e+14,2.127416e+06,3.385033e+11,1.014379e+16,2.278022e+06,4.143995e+11,1.154577e+16,8.710479e+05,6.348519e+10,1.047060e+15,1,45,N,N
4.693657e+05,4.391752e+10,1.126029e+15,1.798241e+06,3.994349e+11,1.048283e+16,1.940455e+06,3.187597e+11,7.830014e+15,7.097136e+05,4.057331e+10,5.261671e+14,0,51,N,N
1.111816e+06,7.967356e+10,3.772601e+14,2.519800e+06,3.404417e+11,9.549358e+15,2.971015e+06,4.233926e+11,1.185652e+16,1.212029e+06,8.415745e+10,8.942460e+14,0,100,N,N
6.459452e+05,5.396382e+10,1.143060e+15,1.753277e+06,4.269441e+11,1.128237e+16,2.258356e+06,3.434650e+11,8.621335e+15,9.960001e+05,6.676341e+10,8.013562e+14,1,96,N,N
7.634397e+05,5.215348e+10,5.444509e+14,1.937815e+06,2.879922e+11,7.376242e+15,2.337014e+06,3.893145e+11,1.150753e+16,8.890063e+05,7.257132e+10,1.205585e+15,3,82,N,N
5.052327e+05,4.129439e+10,8.823530e+14,1.747453e+06,3.633860e+11,9.920684e+15,1.958945e+06,3.909879e+11,1.007900e+16,7.724329e+05,4.401352e+10,4.594470e+14,3,50,N,N
9.655397e+05,6.510489e+10,7.033983e+14,2.405424e+06,3.265163e+11,8.670972e+15,2.752091e+06,4.804780e+11,1.261659e+16,9.747671e+05,6.615511e+10,6.917680e+14,3,89,N,N
8.325668e+05,5.532873e+10,6.356734e+14,1.965677e+06,3.414451e+11,9.718853e+15,2.336205e+06,3.277710e+11,9.752833e+15,9.228159e+05,8.482301e+10,1.508175e+15,2,82,N,N
5.328737e+05,5.185420e+10,9.925021e+14,1.842229e+06,3.740124e+11,1.074004e+16,2.135929e+06,3.724197e+11,1.106582e+16,8.641963e+05,6.508157e+10,1.001085e+15,0,55,N,N
1.436181e+06,1.105175e+11,6.093538e+14,2.584985e+06,2.879382e+11,7.762281e+15,2.826218e+06,4.778938e+11,1.628845e+16,1.167534e+06,1.018288e+11,1.785050e+15,0,20,N,N
8.380240e+05,6.122433e+10,1.102476e+15,1.830502e+06,4.729549e+11,1.603624e+16,1.766055e+06,2.694628e+11,7.452668e+15,8.648637e+05,6.754200e+10,1.281693e+15,0,36,N,N
8.418713e+05,6.476599e+10,7.323329e+14,1.776948e+06,3.985059e+11,1.290811e+16,2.100170e+06,3.346886e+11,1.046387e+16,9.070385e+05,8.728942e+10,1.722896e+15,0,56,N,N
3.759624e+05,2.953634e+10,4.825079e+14,1.383911e+06,2.620565e+11,6.575657e+15,1.708442e+06,4.422537e+11,1.176457e+16,5.873581e+05,3.094581e+10,3.665414e+14,1,94,N,N
4.341930e+05,3.576958e+10,8.195452e+14,1.509704e+06,3.739192e+11,8.547128e+15,1.649595e+06,3.526816e+11,8.977385e+15,6.723481e+05,3.899853e+10,4.882100e+14,2,91,N,N
8.060626e+05,6.668330e+10,1.365473e+15,2.690259e+06,5.277611e+11,1.767491e+16,2.710761e+06,3.458904e+11,1.037905e+16,1.093975e+06,1.033160e+11,1.503942e+15,1,70,N,N
6.115127e+05,5.144956e+10,1.154021e+15,1.883535e+06,4.337065e+11,1.229964e+16,1.928055e+06,3.360840e+11,9.054081e+15,8.184752e+05,4.905130e+10,7.194159e+14,0,44,N,N
3.498045e+05,2.680151e+10,4.796278e+14,1.440068e+06,2.640200e+11,6.708445e+15,1.609772e+06,4.068872e+11,8.524826e+15,6.284797e+05,3.308649e+10,3.884110e+14,3,94,N,N
9.217353e+05,6.835602e+10,1.021907e+15,2.538872e+06,4.290720e+11,1.366357e+16,2.473743e+06,2.785703e+11,7.075572e+15,1.035195e+06,7.805996e+10,1.324749e+15,1,79,N,N
9.021068e+05,7.042635e+10,7.794713e+14,1.727001e+06,3.907191e+11,1.176125e+16,2.135893e+06,3.256297e+11,1.006707e+16,9.562567e+05,9.202161e+10,1.698622e+15,3,56,N,N
8.673157e+05,8.351640e+10,2.071279e+15,2.606083e+06,5.421249e+11,1.669647e+16,2.767106e+06,3.335947e+11,9.550526e+15,1.174118e+06,1.154432e+11,1.792057e+15,3,70,N,N
1.108542e+06,6.693828e+10,3.330582e+14,2.440707e+06,3.287078e+11,8.224102e+15,2.886257e+06,4.415634e+11,1.427213e+16,1.231610e+06,9.799739e+10,1.379395e+15,3,88,N,N
7.546166e+05,5.354253e+10,6.263487e+14,1.955124e+06,2.904841e+11,7.296778e+15,2.225117e+06,4.167538e+11,1.152592e+16,8.803241e+05,5.543334e+10,7.680848e+14,3,71,N,N
1.036502e+06,6.981853e+10,4.466233e+14,2.572226e+06,3.789729e+11,9.294996e+15,2.973078e+06,3.431315e+11,8.895541e+15,1.203916e+06,1.050122e+11,1.596405e+15,0,74,N,N
5.764293e+05,5.872657e+10,1.524023e+15,1.733302e+06,4.248189e+11,1.196483e+16,1.666150e+06,3.202653e+11,7.707691e+15,6.204667e+05,3.436483e+10,4.241619e+14,0,17,N,N
4.571546e+05,3.988113e+10,9.252279e+14,1.789674e+06,3.819139e+11,9.920812e+15,1.967808e+06,3.669337e+11,9.307282e+15,7.201168e+05,4.024374e+10,5.311243e+14,1,51,N,N
4.196060e+05,3.239776e+10,6.351877e+14,1.201796e+06,3.057163e+11,6.852224e+15,1.482188e+06,3.332217e+11,8.837199e+15,7.957826e+05,6.789831e+10,1.054752e+15,1,64,N,N
4.421658e+05,3.641874e+10,8.387315e+14,1.660680e+06,4.169646e+11,1.019633e+16,1.751728e+06,2.539727e+11,5.621668e+15,7.561570e+05,4.749079e+10,5.093468e+14,2,77,N,N
3.984409e+05,4.112214e+10,1.246117e+15,1.585853e+06,4.475492e+11,1.364568e+16,1.690223e+06,2.714043e+11,6.778768e+15,8.800941e+05,5.341373e+10,6.040335e+14,1,85,N,N
3.844643e+05,3.126057e+10,7.158912e+14,1.354952e+06,3.594146e+11,9.589997e+15,1.420751e+06,2.774292e+11,6.944538e+15,6.597866e+05,4.336904e+10,5.581343e+14,1,38,N,N
3.985170e+05,3.272519e+10,7.636938e+14,1.501994e+06,4.042545e+11,1.005041e+16,1.606772e+06,3.299890e+11,7.302507e+15,7.002263e+05,4.171099e+10,5.415422e+14,1,91,N,N
1.103898e+06,7.865823e+10,3.976577e+14,2.489068e+06,3.647822e+11,1.025717e+16,2.716866e+06,3.711351e+11,1.013134e+16,1.214515e+06,8.654909e+10,9.812492e+14,3,100,N,N
5.299247e+05,4.551835e+10,7.870007e+14,1.431448e+06,3.300887e+11,8.490664e+15,1.785344e+06,3.364758e+11,1.054290e+16,8.146328e+05,6.366512e+10,1.067817e+15,0,10,N,N
8.103506e+05,6.642163e+10,9.934153e+14,1.580495e+06,3.690678e+11,1.086121e+16,2.406256e+06,4.424828e+11,1.449670e+16,1.219749e+06,1.069827e+11,1.564266e+15,1,99,N,N
8.731697e+05,4.880882e+10,4.236243e+14,1.987114e+06,3.134407e+11,7.842715e+15,2.314831e+06,4.063735e+11,1.077198e+16,9.069013e+05,6.384551e+10,7.110255e+14,1,83,N,N
8.633347e+05,6.318477e+10,8.694117e+14,2.732229e+06,4.075371e+11,1.098959e+16,2.746176e+06,4.023497e+11,1.197372e+16,9.897329e+05,7.551656e+10,1.200870e+15,0,28,N,N
6.203701e+05,5.629341e+10,1.337269e+15,2.176408e+06,5.861912e+11,1.874991e+16,1.970139e+06,3.607279e+11,8.964947e+15,7.627309e+05,5.040897e+10,5.930035e+14,3,59,N,N
1.055753e+06,8.300151e+10,8.289240e+14,2.596722e+06,3.474573e+11,1.020275e+16,3.114987e+06,4.511036e+11,1.392369e+16,1.133700e+06,8.943102e+10,1.388833e+15,0,101,N,N
4.367234e+05,5.282403e+10,1.382885e+15,1.538184e+06,4.640276e+11,1.070464e+16,1.321834e+06,1.436067e+11,2.590287e+15,7.305277e+05,3.460018e+10,3.534668e+14,0,2,N,N
8.554993e+05,7.098766e+10,8.448828e+14,1.667120e+06,3.792456e+11,1.287226e+16,2.318223e+06,4.195499e+11,1.376456e+16,1.022991e+06,7.611292e+10,9.691694e+14,2,99,N,N
8.823064e+05,5.807732e+10,5.345325e+14,1.914974e+06,2.712267e+11,6.880219e+15,2.347186e+06,3.961896e+11,1.125737e+16,8.911223e+05,7.239711e+10,9.934174e+14,0,14,N,N
1.058044e+06,7.037779e+10,3.544277e+14,1.942603e+06,3.186186e+11,8.490983e+15,2.323862e+06,4.170365e+11,1.357953e+16,9.955000e+05,7.808285e+10,1.248416e+15,1,84,N,N
4.272403e+05,2.970658e+10,4.755768e+14,1.550610e+06,3.119596e+11,7.825974e+15,2.041754e+06,3.641858e+11,9.848383e+15,8.193882e+05,5.559453e+10,7.675383e+14,3,92,N,N
1.511088e+06,1.165723e+11,4.028360e+14,2.766417e+06,3.806753e+11,1.155664e+16,2.640256e+06,3.911205e+11,1.197324e+16,1.030724e+06,8.679894e+10,1.543306e+15,3,49,N,N
7.016864e+05,6.817260e+10,1.738529e+15,2.503413e+06,5.122029e+11,1.412933e+16,2.526054e+06,3.781083e+11,9.386511e+15,9.586978e+05,5.964387e+10,4.919629e+14,0,40,N,N
8.610166e+05,5.425826e+10,6.986982e+14,2.099250e+06,3.596338e+11,9.379881e+15,2.211937e+06,3.373666e+11,8.199796e+15,9.553205e+05,6.089367e+10,6.570797e+14,2,57,N,N
1.623914e+06,1.363814e+11,4.662943e+14,2.508650e+06,3.177680e+11,8.767025e+15,3.004686e+06,4.517930e+11,1.414201e+16,1.427056e+06,1.317631e+11,2.078619e+15,0,95,N,N
9.239911e+05,8.091311e+10,1.705969e+15,2.839795e+06,5.053143e+11,1.531217e+16,2.673545e+06,3.491314e+11,9.341999e+15,1.013993e+06,7.905827e+10,1.273123e+15,2,60,N,N
7.152499e+05,5.948565e+10,1.065427e+15,2.273776e+06,5.071894e+11,1.657658e+16,2.611777e+06,3.663506e+11,9.799978e+15,1.375421e+06,1.288277e+11,2.467810e+15,2,73,N,N
6.940607e+05,1.001974e+11,3.736240e+15,2.586455e+06,6.864468e+11,2.193510e+16,3.172594e+06,3.115805e+11,7.494254e+15,1.222625e+06,9.376580e+10,1.260611e+15,3,67,N,N
7.715191e+05,6.384180e+10,1.191690e+15,2.452612e+06,4.668017e+11,1.513887e+16,2.417021e+06,3.158379e+11,8.784338e+15,1.065232e+06,1.002994e+11,1.483774e+15,2,70,N,N
7.780443e+05,5.237509e+10,7.444398e+14,1.993143e+06,3.610926e+11,9.745052e+15,2.245699e+06,3.915776e+11,1.146053e+16,8.269022e+05,5.502795e+10,7.339385e+14,3,52,N,N
1.123202e+06,7.021918e+10,5.142396e+14,2.300605e+06,3.270056e+11,8.800779e+15,2.668616e+06,4.136729e+11,1.278927e+16,9.686850e+05,7.107377e+10,1.048916e+15,1,43,N,N
1.626106e+06,1.350480e+11,5.231197e+14,2.391745e+06,3.469258e+11,9.914355e+15,2.814781e+06,4.070714e+11,1.283318e+16,1.336244e+06,1.211492e+11,2.117814e+15,1,95,N,N
1.374735e+06,9.079754e+10,3.672140e+14,2.167262e+06,2.959161e+11,7.436126e+15,2.294730e+06,4.074836e+11,1.157900e+16,9.844524e+05,7.521389e+10,9.400941e+14,0,62,N,N
4.216483e+05,3.623759e+10,8.237685e+14,1.354399e+06,3.522170e+11,9.555352e+15,1.568119e+06,4.054450e+11,1.036207e+16,6.608205e+05,3.503481e+10,3.835155e+14,0,9,N,N
5.729375e+05,5.084406e+10,1.199657e+15,1.764318e+06,4.602268e+11,1.306938e+16,1.950583e+06,2.982670e+11,8.190825e+15,1.020209e+06,7.578255e+10,1.279665e+15,3,87,N,N
1.534207e+06,1.081618e+11,3.741163e+14,2.913307e+06,3.657788e+11,9.999985e+15,3.523794e+06,4.396318e+11,1.319431e+16,1.366904e+06,1.046938e+11,1.562467e+15,3,86,N,N
4.940901e+05,5.852295e+10,1.701238e+15,1.844894e+06,4.980813e+11,1.306813e+16,1.796357e+06,2.160520e+11,5.062259e+15,8.015161e+05,5.354592e+10,6.471204e+14,1,81,N,N
5.532434e+05,3.951854e+10,6.466713e+14,1.328192e+06,2.908589e+11,7.896144e+15,1.598277e+06,3.295690e+11,7.949142e+15,5.812041e+05,3.153136e+10,3.467736e+14,2,66,N,N
5.297482e+05,5.319345e+10,1.499932e+15,1.792822e+06,4.918398e+11,1.398137e+16,1.720422e+06,2.835845e+11,7.293158e+15,8.038208e+05,4.847212e+10,5.696754e+14,0,33,N,N
5.813941e+05,3.731710e+10,6.305714e+14,1.672072e+06,3.586709e+11,8.155878e+15,1.780123e+06,2.913919e+11,6.937160e+15,6.838449e+05,4.291457e+10,5.978217e+14,0,53,N,N
7.002522e+05,8.129142e+10,2.477978e+15,2.243521e+06,6.402040e+11,2.075431e+16,2.118812e+06,2.588403e+11,6.509354e+15,8.790985e+05,6.409259e+10,8.299404e+14,2,59,N,N
4.895618e+05,3.571715e+10,6.966186e+14,1.649145e+06,4.309332e+11,1.155659e+16,2.261325e+06,3.655871e+11,1.021851e+16,1.183744e+06,1.081031e+11,1.660737e+15,0,16,N,N
9.586273e+05,6.240316e+10,3.615505e+14,2.610909e+06,3.742224e+11,9.500616e+15,2.850907e+06,3.375390e+11,8.841929e+15,1.164774e+06,1.049323e+11,1.727497e+15,2,74,N,N
7.283887e+05,4.229212e+10,4.941886e+14,1.958861e+06,3.547425e+11,8.331512e+15,2.393820e+06,3.824891e+11,1.017984e+16,9.841571e+05,7.299614e+10,1.270584e+15,3,102,N,N
1.036197e+06,5.285634e+10,3.745881e+14,1.973755e+06,3.479910e+11,1.065293e+16,2.161275e+06,3.155250e+11,9.015149e+15,8.697196e+05,6.211383e+10,9.730856e+14,1,69,N,N
1.772701e+06,1.123846e+11,4.446074e+14,2.918130e+06,3.962062e+11,1.094591e+16,3.361521e+06,3.895292e+11,1.127529e+16,1.188856e+06,8.069021e+10,1.178160e+15,0,86,N,N
9.567505e+05,6.224219e+10,6.560588e+14,2.252177e+06,2.995245e+11,7.919174e+15,2.714673e+06,4.336811e+11,1.314494e+16,1.062618e+06,6.933923e+10,7.463283e+14,0,104,N,N
1.199553e+06,5.865816e+10,2.017647e+14,2.231829e+06,2.854256e+11,8.134676e+15,2.263839e+06,4.147799e+11,1.342262e+16,9.402642e+05,7.658756e+10,1.557821e+15,0,12,N,N
4.558753e+05,4.344575e+10,9.671355e+14,1.786598e+06,4.679945e+11,1.129207e+16,1.870348e+06,2.864760e+11,6.184330e+15,7.149122e+05,4.005998e+10,4.268896e+14,0,54,N,N
1.009171e+06,6.377655e+10,3.581997e+14,2.430836e+06,3.289489e+11,7.681256e+15,2.814618e+06,3.605177e+11,9.741199e+15,1.252501e+06,1.094685e+11,1.733081e+15,1,74,N,N
8.413723e+05,4.796523e+10,5.251254e+14,1.977825e+06,3.507163e+11,9.146680e+15,2.312583e+06,3.710255e+11,9.877595e+15,9.029052e+05,6.225008e+10,7.318098e+14,2,83,N,N
4.774095e+05,3.641882e+10,6.981938e+14,1.696996e+06,3.843560e+11,9.335583e+15,2.005760e+06,3.120165e+11,8.411587e+15,9.156379e+05,6.102042e+10,9.049008e+14,1,92,N,N
9.589298e+05,7.139064e+10,7.348718e+14,2.503694e+06,3.529495e+11,1.023411e+16,3.016733e+06,4.232469e+11,1.299000e+16,1.221218e+06,1.062362e+11,1.743040e+15,3,101,N,N
8.531661e+05,6.834604e+10,8.648161e+14,1.726846e+06,4.267743e+11,1.366926e+16,2.166506e+06,3.155816e+11,9.269771e+15,1.066991e+06,1.119582e+11,2.161004e+15,1,56,N,N
6.031326e+05,5.050066e+10,1.142894e+15,1.890479e+06,4.666251e+11,1.228275e+16,2.403816e+06,3.250377e+11,8.725047e+15,1.060071e+06,8.230392e+10,1.230000e+15,0,25,N,N
7.610636e+05,5.552168e+10,6.288122e+14,1.902500e+06,2.884740e+11,7.333846e+15,2.237546e+06,4.170756e+11,1.143068e+16,9.250560e+05,5.839404e+10,8.023670e+14,2,71,N,N
4.679810e+05,3.625487e+10,7.107669e+14,1.314204e+06,3.199808e+11,8.096113e+15,1.352896e+06,3.058344e+11,5.974913e+15,5.640789e+05,3.010129e+10,3.829936e+14,1,75,N,N
1.172334e+06,1.028269e+11,1.006963e+15,2.732166e+06,3.681929e+11,1.082714e+16,3.114895e+06,4.596175e+11,1.446062e+16,1.161041e+06,8.977100e+10,1.296189e+15,1,101,N,N
6.742640e+05,5.722169e+10,1.033980e+15,2.355372e+06,4.632362e+11,1.352971e+16,3.063111e+06,3.671630e+11,1.045430e+16,1.214133e+06,9.171480e+10,1.388768e+15,0,23,N,N
5.563828e+05,4.173011e+10,8.223347e+14,1.647033e+06,2.924693e+11,6.346711e+15,1.953307e+06,4.262289e+11,9.336362e+15,7.720534e+05,4.107935e+10,4.776535e+14,0,37,N,N
4.230086e+05,4.026655e+10,1.079329e+15,1.571762e+06,4.279211e+11,1.238891e+16,1.861336e+06,3.153271e+11,8.476264e+15,1.049644e+06,7.919658e+10,1.104505e+15,0,85,N,N
6.566231e+05,5.210407e+10,1.048329e+15,1.751547e+06,4.090552e+11,1.053067e+16,2.337477e+06,3.542306e+11,9.578533e+15,9.196925e+05,5.537593e+10,6.246555e+14,0,96,N,N
5.250845e+05,3.915684e+10,6.600532e+14,1.452627e+06,2.921616e+11,7.388544e+15,1.624637e+06,2.896957e+11,7.592826e+15,7.259747e+05,4.323444e+10,5.856864e+14,0,78,N,N
9.138288e+05,7.557728e+10,8.321977e+14,1.725523e+06,3.714952e+11,1.074610e+16,2.162214e+06,3.507022e+11,1.126399e+16,9.030989e+05,8.275565e+10,1.499156e+15,2,56,N,N
1.046431e+06,5.703312e+10,4.650438e+14,1.969853e+06,3.693318e+11,1.023996e+16,2.376605e+06,3.566317e+11,1.104002e+16,1.055598e+06,9.081553e+10,1.520789e+15,0,69,N,N
9.850493e+05,4.972157e+10,5.081740e+14,1.938659e+06,2.872859e+11,7.143105e+15,2.236956e+06,4.000981e+11,1.192720e+16,9.046449e+05,5.626173e+10,5.957399e+14,3,57,N,N
8.025799e+05,4.923716e+10,5.554216e+14,2.140956e+06,3.625066e+11,9.709883e+15,2.150862e+06,3.437602e+11,8.350318e+15,8.961343e+05,5.366193e+10,5.574896e+14,1,57,N,N
9.597853e+05,6.157256e+10,6.200889e+14,2.458353e+06,3.239294e+11,8.466414e+15,2.914503e+06,5.080256e+11,1.521241e+16,9.937110e+05,6.907156e+10,7.432286e+14,2,89,N,N
3.857255e+05,3.041163e+10,5.099964e+14,1.415872e+06,2.473833e+11,5.795482e+15,1.661414e+06,4.298844e+11,1.060106e+16,6.396293e+05,3.186929e+10,3.498163e+14,0,94,N,N
9.099767e+05,7.244656e+10,1.417422e+15,2.756789e+06,4.816506e+11,1.417387e+16,2.897949e+06,2.896091e+11,6.975939e+15,1.121963e+06,9.716724e+10,1.730851e+15,0,79,N,N
9.287862e+05,7.868268e+10,1.681980e+15,2.275728e+06,4.865744e+11,1.496682e+16,2.398829e+06,3.848612e+11,1.073456e+16,8.556141e+05,6.892322e+10,1.402582e+15,0,21,N,N
7.779220e+05,5.205415e+10,7.034868e+14,1.887543e+06,3.466951e+11,8.709010e+15,2.342726e+06,3.192921e+11,8.644410e+15,9.436864e+05,8.469554e+10,1.340365e+15,0,82,N,N
8.560877e+05,4.648217e+10,4.769844e+14,2.013699e+06,3.360135e+11,8.522615e+15,2.273451e+06,3.941542e+11,1.018983e+16,9.173091e+05,6.644461e+10,7.280846e+14,0,83,N,N
6.942128e+05,4.830687e+10,7.320767e+14,2.199709e+06,3.760352e+11,1.002152e+16,2.446145e+06,3.966200e+11,1.127401e+16,8.527887e+05,5.792086e+10,9.254250e+14,1,48,N,N
8.674139e+05,6.640503e+10,9.902581e+14,2.036891e+06,4.596604e+11,1.285541e+16,2.361589e+06,2.894581e+11,7.490355e+15,1.083774e+06,9.172250e+10,1.684952e+15,3,84,N,N
8.552314e+05,5.685182e+10,6.844060e+14,2.560698e+06,3.680903e+11,9.917205e+15,2.632762e+06,4.073400e+11,1.210779e+16,9.549071e+05,6.749989e+10,9.851890e+14,0,60,N,N
8.971020e+05,6.235525e+10,7.242030e+14,2.491473e+06,3.561452e+11,1.040584e+16,2.574002e+06,3.929095e+11,1.031882e+16,8.542743e+05,5.581243e+10,8.101141e+14,3,60,N,N
1.318075e+06,9.372608e+10,4.675911e+14,2.311281e+06,3.093310e+11,9.064091e+15,2.764171e+06,4.231680e+11,1.369875e+16,1.157704e+06,8.989672e+10,1.456414e+15,0,13,N,N
8.258503e+05,6.688734e+10,8.767060e+14,2.009103e+06,4.373822e+11,1.502896e+16,2.069194e+06,2.912761e+11,8.380794e+15,1.102819e+06,8.195416e+10,1.409856e+15,0,30,N,N
4.791385e+05,5.261806e+10,1.508847e+15,1.799150e+06,4.490950e+11,1.119023e+16,1.885997e+06,2.937100e+11,7.436881e+15,7.239556e+05,4.586178e+10,5.439326e+14,3,81,N,N
1.083585e+06,5.816834e+10,3.323428e+14,2.236987e+06,3.108680e+11,9.135516e+15,2.360414e+06,4.147279e+11,1.289642e+16,8.286874e+05,5.785324e+10,9.524530e+14,3,63,N,N
4.785537e+05,4.022911e+10,7.937727e+14,1.213764e+06,3.070360e+11,7.486458e+15,1.418621e+06,3.133144e+11,8.304962e+15,6.815666e+05,4.992539e+10,7.148125e+14,2,64,N,N
1.010213e+06,5.362132e+10,4.933477e+14,1.987310e+06,3.541221e+11,9.908768e+15,2.381034e+06,3.571455e+11,1.116666e+16,9.886387e+05,7.845628e+10,1.351236e+15,2,69,N,N
1.385905e+06,7.172501e+10,2.873087e+14,2.309482e+06,2.831739e+11,7.580988e+15,2.408117e+06,4.333524e+11,1.413859e+16,1.002140e+06,7.822505e+10,1.516791e+15,2,12,N,N
5.434584e+05,4.704094e+10,8.110502e+14,1.434321e+06,2.978540e+11,7.555814e+15,1.751096e+06,3.397347e+11,9.740315e+15,8.503185e+05,6.525298e+10,1.026648e+15,1,10,N,N
9.613398e+05,6.229490e+10,5.356781e+14,2.387012e+06,3.300631e+11,8.567775e+15,2.672970e+06,4.160946e+11,1.227352e+16,9.365715e+05,7.442434e+10,1.098850e+15,0,43,N,N
5.643770e+05,6.900172e+10,2.219183e+15,2.368898e+06,6.276548e+11,1.899555e+16,2.899840e+06,2.770742e+11,6.551295e+15,1.130374e+06,8.491785e+10,1.203130e+15,0,67,N,N
5.678376e+05,3.475308e+10,5.136792e+14,1.638633e+06,3.272029e+11,8.206598e+15,1.751226e+06,3.055227e+11,7.396284e+15,6.350452e+05,3.632112e+10,4.760677e+14,2,53,N,N
9.937657e+05,6.904859e+10,4.133692e+14,1.690875e+06,2.800473e+11,8.641376e+15,1.837817e+06,3.825053e+11,1.251860e+16,8.675839e+05,7.575780e+10,1.287445e+15,3,65,N,N
8.681801e+05,7.817818e+10,1.821859e+15,2.823197e+06,4.750408e+11,1.406379e+16,3.055971e+06,4.224256e+11,1.165529e+16,9.517355e+05,7.824241e+10,9.746124e+14,3,76,N,N
8.044077e+05,4.406730e+10,4.576414e+14,1.886950e+06,3.602511e+11,8.550344e+15,2.396277e+06,3.781292e+11,1.042978e+16,9.926285e+05,7.368074e+10,1.303944e+15,1,102,N,N
7.534986e+05,6.509520e+10,1.125381e+15,2.337641e+06,4.806526e+11,1.531687e+16,2.743259e+06,3.857914e+11,1.131596e+16,1.383133e+06,1.260344e+11,2.398417e+15,0,73,N,N
