2.987520e+06,2.725161e+12,7.119356e+17,5.711847e+07,8.750866e+14,1.932413e+21,2.784576e+08,1.946939e+16,8.642272e+22,5.412194e+07,3.433036e+14,2.702654e+19,3,72
3.108045e+06,3.107177e+12,9.837646e+17,5.620499e+07,8.473552e+14,1.844142e+21,2.594648e+08,1.656422e+16,1.010791e+23,4.592052e+07,1.874499e+14,1.061546e+19,3,93
2.655049e+06,2.217891e+12,5.620136e+17,4.706891e+07,5.661035e+14,3.734870e+20,2.782912e+08,1.979404e+16,7.403665e+22,7.193650e+07,6.438745e+14,1.703978e+20,0,26
3.059008e+06,2.998569e+12,9.227386e+17,5.296135e+07,7.356084e+14,1.059560e+21,2.408552e+08,1.442189e+16,5.080639e+22,2.396039e+07,2.751418e+13,4.667129e+17,3,96
2.784168e+06,2.421188e+12,6.313399e+17,6.236449e+07,1.034298e+15,2.527904e+21,2.558285e+08,1.666493e+16,1.153759e+23,5.922903e+07,3.084290e+14,9.789218e+19,1,55
2.549979e+06,2.066226e+12,5.168969e+17,5.568805e+07,8.026602e+14,1.022937e+21,2.621367e+08,1.757266e+16,1.002394e+23,5.538185e+07,2.831603e+14,5.143113e+19,3,90
3.358315e+06,3.598853e+12,1.198403e+18,5.210719e+07,7.132088e+14,9.496394e+20,2.646644e+08,1.728891e+16,7.615086e+22,3.097791e+07,5.575101e+13,1.447341e+18,1,5
2.870199e+06,2.636898e+12,7.590402e+17,5.243734e+07,7.184466e+14,9.898336e+20,2.798700e+08,1.987400e+16,9.388755e+22,5.756197e+07,3.617981e+14,4.684166e+19,0,27
2.488352e+06,1.931835e+12,4.458519e+17,4.988014e+07,6.367222e+14,6.205080e+20,2.848884e+08,2.068576e+16,8.669125e+22,6.013665e+07,3.165534e+14,8.315323e+19,0,28
2.669877e+06,2.219580e+12,5.466569e+17,6.596780e+07,1.176598e+15,3.362934e+21,2.647993e+08,1.752567e+16,8.334785e+22,4.347355e+07,1.616629e+14,3.068074e+19,0,67
3.559967e+06,4.157262e+12,1.592459e+18,5.381356e+07,7.760207e+14,1.623110e+21,2.191028e+08,1.142448e+16,4.138775e+22,3.247872e+07,6.506466e+13,3.428487e+18,3,91
2.779394e+06,2.403550e+12,6.237939e+17,5.614985e+07,8.366866e+14,1.463830e+21,2.506539e+08,1.580725e+16,8.400419e+22,5.772482e+07,2.943941e+14,6.472520e+19,0,16
2.905986e+06,2.648617e+12,7.404801e+17,5.587308e+07,8.393079e+14,1.788262e+21,2.658780e+08,1.817746e+16,1.057952e+23,8.345234e+07,8.278337e+14,3.175179e+20,3,99
2.840984e+06,2.564718e+12,7.221855e+17,5.692604e+07,8.654744e+14,1.693710e+21,2.199457e+08,1.150284e+16,5.496114e+22,4.145094e+07,1.135875e+14,1.083881e+19,3,78
2.748275e+06,2.356841e+12,6.010355e+17,5.086055e+07,6.708933e+14,7.449737e+20,2.542330e+08,1.617501e+16,5.146934e+22,3.269998e+07,6.655718e+13,3.137646e+18,2,102
2.828454e+06,2.524163e+12,6.861990e+17,5.492539e+07,7.808773e+14,1.058774e+21,2.741831e+08,1.867008e+16,8.171574e+22,4.483113e+07,1.981036e+14,1.399125e+19,0,22
2.735857e+06,2.353114e+12,6.099520e+17,4.929030e+07,6.347543e+14,7.362099e+20,2.712498e+08,1.878533e+16,9.968035e+22,6.694616e+07,5.018399e+14,1.056705e+20,1,84
2.401709e+06,1.798039e+12,3.985292e+17,5.488699e+07,7.900517e+14,1.163542e+21,2.623745e+08,1.731674e+16,9.436394e+22,5.300409e+07,2.030525e+14,4.284494e+19,2,82
2.935337e+06,2.695725e+12,7.440779e+17,5.257437e+07,7.218522e+14,8.491212e+20,2.632991e+08,1.744768e+16,4.958600e+22,3.502683e+07,9.770542e+13,5.727330e+18,3,68
2.863628e+06,2.594206e+12,7.198355e+17,5.864914e+07,9.177989e+14,2.101100e+21,2.783242e+08,1.970241e+16,1.428545e+23,6.692640e+07,4.912074e+14,2.037220e+20,3,80
3.178003e+06,3.234631e+12,1.041506e+18,5.671194e+07,8.644431e+14,1.890154e+21,2.437229e+08,1.470746e+16,8.832245e+22,4.464876e+07,1.473328e+14,1.087661e+19,1,10
2.828599e+06,2.483460e+12,6.547248e+17,5.665711e+07,8.576554e+14,1.714951e+21,2.679890e+08,1.841237e+16,1.298937e+23,7.715107e+07,5.976636e+14,1.623675e+20,0,56
2.568659e+06,1.982032e+12,4.037736e+17,5.024210e+07,6.408392e+14,3.793688e+20,3.134558e+08,2.520069e+16,1.009697e+23,7.548725e+07,8.055194e+14,2.315506e+20,1,86
2.624357e+06,2.011483e+12,3.710408e+17,5.934362e+07,9.209571e+14,1.529142e+21,3.077098e+08,2.437759e+16,1.644643e+23,1.112474e+08,1.513249e+15,1.022302e+21,1,73
2.763981e+06,2.384121e+12,6.139976e+17,5.540505e+07,8.116439e+14,1.576875e+21,2.518739e+08,1.576121e+16,3.868218e+22,2.704401e+07,3.295672e+13,2.100866e+18,1,40
2.024046e+06,1.203716e+12,1.738096e+17,5.525984e+07,8.098324e+14,1.402357e+21,3.621593e+08,3.399273e+16,2.211810e+23,1.500393e+08,4.142622e+15,9.097510e+21,2,76
2.241217e+06,1.465508e+12,2.256104e+17,5.712640e+07,8.560092e+14,1.383404e+21,2.696607e+08,1.832135e+16,6.945322e+22,4.871209e+07,1.887961e+14,3.912534e+19,0,76
2.741388e+06,2.447612e+12,7.054542e+17,5.320410e+07,7.397916e+14,1.085444e+21,2.210159e+08,1.178515e+16,4.350932e+22,1.625323e+07,8.677884e+12,1.103116e+17,2,53
2.991742e+06,2.836246e+12,8.332598e+17,5.394194e+07,7.800438e+14,1.490359e+21,2.590308e+08,1.700440e+16,1.156144e+23,6.376883e+07,4.321062e+14,7.072819e+19,1,65
3.261902e+06,3.486227e+12,1.220006e+18,5.451591e+07,7.931323e+14,1.461749e+21,2.141084e+08,1.063077e+16,3.564987e+22,7.645312e+06,1.366858e+12,3.477584e+15,0,32
2.721221e+06,2.294808e+12,5.702053e+17,5.436142e+07,7.781418e+14,1.212181e+21,2.986982e+08,2.314283e+16,1.600868e+23,1.023563e+08,1.340560e+15,1.140216e+21,3,98
3.054094e+06,2.998758e+12,9.301896e+17,5.729589e+07,8.830081e+14,2.017009e+21,2.551083e+08,1.605162e+16,1.050137e+23,4.491521e+07,1.648776e+14,1.250279e+19,0,10
2.906792e+06,2.659473e+12,7.463195e+17,5.782652e+07,8.894394e+14,1.887061e+21,2.919156e+08,2.185409e+16,1.358319e+23,8.115038e+07,7.882919e+14,3.404207e+20,2,99
2.589047e+06,2.130002e+12,5.412074e+17,5.295502e+07,7.322795e+14,1.025846e+21,2.536962e+08,1.597443e+16,6.290443e+22,4.980742e+07,1.851853e+14,2.948486e+19,3,61
2.984962e+06,2.727723e+12,7.009513e+17,5.269053e+07,7.208264e+14,7.722036e+20,2.988724e+08,2.317597e+16,1.377828e+23,7.420814e+07,7.057869e+14,2.155790e+20,3,95
2.748134e+06,2.366132e+12,6.174168e+17,5.996581e+07,9.584408e+14,2.279572e+21,2.541782e+08,1.631419e+16,1.138528e+23,5.596693e+07,2.823791e+14,7.147244e+19,0,55
3.408888e+06,3.774735e+12,1.348214e+18,5.887610e+07,9.139041e+14,1.838180e+21,2.468594e+08,1.448897e+16,6.137191e+22,2.336225e+07,1.811555e+13,6.235577e+17,2,66
2.686916e+06,2.254302e+12,5.734988e+17,5.630971e+07,8.450638e+14,1.612074e+21,2.632071e+08,1.781213e+16,1.213991e+23,7.649153e+07,6.078754e+14,1.661921e+20,3,56
2.821293e+06,2.480614e+12,6.457656e+17,4.775608e+07,5.923967e+14,5.779206e+20,2.697427e+08,1.865309e+16,8.857047e+22,6.448085e+07,4.781395e+14,9.249311e+19,2,84
2.798901e+06,2.453561e+12,6.506046e+17,5.449452e+07,7.845949e+14,1.282233e+21,2.385015e+08,1.404328e+16,5.794720e+22,3.534591e+07,6.447801e+13,4.701501e+18,2,92
3.034276e+06,2.934919e+12,8.828363e+17,4.672132e+07,5.656415e+14,5.346355e+20,2.649615e+08,1.790906e+16,8.108894e+22,5.230471e+07,2.936371e+14,3.196711e+19,2,62
2.745594e+06,2.476549e+12,7.313072e+17,4.918300e+07,6.245625e+14,6.387149e+20,2.529647e+08,1.600546e+16,5.326455e+22,3.520140e+07,7.942203e+13,5.040771e+18,0,83
2.651661e+06,2.253427e+12,6.030843e+17,4.957492e+07,6.340149e+14,6.436891e+20,2.479831e+08,1.537018e+16,4.922403e+22,4.662524e+07,1.380067e+14,1.716931e+19,1,57
2.757899e+06,2.266615e+12,4.764945e+17,6.107269e+07,1.017054e+15,2.833854e+21,2.688126e+08,1.760482e+16,7.920534e+22,4.186462e+07,1.137363e+14,1.158641e+19,3,59
2.967382e+06,2.767324e+12,7.767710e+17,5.045246e+07,6.633939e+14,8.025647e+20,2.793750e+08,1.996809e+16,1.213811e+23,6.487359e+07,4.900552e+14,7.835823e+19,0,11
3.039013e+06,2.815663e+12,7.295497e+17,6.027590e+07,9.328408e+14,1.117454e+21,3.171266e+08,2.596890e+16,1.753497e+23,6.826103e+07,5.090304e+14,2.124905e+20,0,13
3.356417e+06,3.613625e+12,1.222815e+18,5.526206e+07,8.327653e+14,1.970552e+21,2.218738e+08,1.174484e+16,6.831669e+22,4.066706e+07,1.150955e+14,6.569639e+18,1,64
3.237131e+06,3.395698e+12,1.145403e+18,5.932025e+07,9.520954e+14,2.375852e+21,2.754682e+08,1.891716e+16,1.319004e+23,6.638409e+07,4.013188e+14,8.322117e+19,1,35
3.075688e+06,3.074961e+12,9.933154e+17,4.841525e+07,6.127866e+14,8.324602e+20,2.456562e+08,1.490404e+16,4.873058e+22,3.445465e+07,8.831328e+13,3.998027e+18,0,8
2.794842e+06,2.343091e+12,5.157748e+17,5.389396e+07,7.313525e+14,4.445429e+20,3.541833e+08,3.213205e+16,1.396977e+23,7.823134e+07,9.677363e+14,3.162238e+20,0,86
2.594283e+06,2.155096e+12,5.603628e+17,5.028715e+07,6.502284e+14,5.919533e+20,2.810181e+08,2.014942e+16,8.758650e+22,4.967870e+07,2.287323e+14,2.752336e+19,1,63
3.117656e+06,3.176894e+12,1.054147e+18,5.706936e+07,8.599576e+14,1.749572e+21,2.310232e+08,1.284782e+16,5.241075e+22,4.164595e+07,1.329343e+14,1.229133e+19,2,51
2.472085e+06,1.888888e+12,4.181936e+17,5.492524e+07,7.850979e+14,1.070761e+21,2.531281e+08,1.595542e+16,7.172497e+22,3.385527e+07,6.807508e+13,4.167943e+18,3,48
2.825214e+06,2.543741e+12,7.111286e+17,5.594234e+07,8.108487e+14,9.498171e+20,2.781354e+08,1.956413e+16,1.000493e+23,3.422565e+07,9.008844e+13,1.319727e+19,0,14
2.990416e+06,2.833222e+12,8.248209e+17,5.828979e+07,9.174085e+14,2.275126e+21,1.916539e+08,8.662392e+15,1.906622e+22,1.047280e+07,1.859101e+12,9.688104e+15,1,54
2.539209e+06,2.052936e+12,5.143879e+17,5.436324e+07,7.697488e+14,1.121833e+21,2.665623e+08,1.788518e+16,8.103849e+22,5.153347e+07,2.062632e+14,3.670399e+19,1,52
2.462626e+06,1.948576e+12,4.862129e+17,5.063769e+07,6.601256e+14,6.478990e+20,2.741430e+08,1.913146e+16,7.897481e+22,4.683501e+07,2.009717e+14,2.158570e+19,0,63
2.595824e+06,2.065645e+12,4.691747e+17,5.273724e+07,7.152354e+14,8.651477e+20,2.919584e+08,2.199630e+16,1.119903e+23,7.404852e+07,7.128159e+14,2.864314e+20,3,101
3.561972e+06,4.147824e+12,1.575887e+18,5.481407e+07,8.021471e+14,1.639193e+21,2.126524e+08,1.079080e+16,3.751570e+22,2.895566e+07,4.778327e+13,1.649178e+18,2,91
2.789585e+06,2.369974e+12,5.649079e+17,4.946330e+07,6.278930e+14,5.514624e+20,3.251954e+08,2.724906e+16,1.602839e+23,9.545620e+07,1.077398e+15,4.302833e+20,3,49
2.873998e+06,2.590816e+12,7.059157e+17,5.253204e+07,7.151386e+14,8.317388e+20,2.432785e+08,1.481367e+16,4.376271e+22,2.610227e+07,4.099684e+13,1.085734e+18,0,102
2.784729e+06,2.464436e+12,6.729672e+17,4.926438e+07,6.313840e+14,7.149649e+20,2.670120e+08,1.820610e+16,8.363444e+22,6.295455e+07,4.266240e+14,7.381667e+19,1,0
2.533916e+06,1.886735e+12,3.421113e+17,6.254367e+07,1.058702e+15,2.770238e+21,2.921346e+08,2.088060e+16,1.325850e+23,3.837854e+07,9.948597e+13,6.558224e+18,0,36
2.501309e+06,1.964242e+12,4.631773e+17,5.337224e+07,7.309082e+14,8.074844e+20,2.807230e+08,2.029586e+16,1.090668e+23,7.421744e+07,5.828635e+14,1.967700e+20,0,18
3.504180e+06,3.976725e+12,1.443731e+18,6.615338e+07,1.208000e+15,4.328445e+21,2.607701e+08,1.634506e+16,1.155148e+23,5.254481e+07,1.857813e+14,2.153636e+19,2,97
2.908347e+06,2.548146e+12,5.951094e+17,6.067557e+07,9.538660e+14,1.804520e+21,3.178476e+08,2.532222e+16,1.057056e+23,7.044314e+07,5.456255e+14,8.593916e+19,2,79
2.767045e+06,2.314536e+12,5.230420e+17,5.607340e+07,8.161072e+14,1.282819e+21,2.957514e+08,2.218479e+16,9.331523e+22,7.424580e+07,5.806111e+14,1.146476e+20,3,79
2.539748e+06,1.937387e+12,3.915388e+17,4.760831e+07,5.754457e+14,3.204736e+20,3.130307e+08,2.513948e+16,1.017012e+23,7.512329e+07,8.454959e+14,2.578768e+20,3,86
2.894907e+06,2.681072e+12,7.848764e+17,5.796037e+07,9.087692e+14,2.085112e+21,2.215421e+08,1.154653e+16,5.545979e+22,1.896417e+07,1.614409e+13,2.341962e+17,1,94
2.548514e+06,1.990757e+12,4.401944e+17,5.446508e+07,7.733389e+14,1.058836e+21,2.508493e+08,1.568206e+16,6.695646e+22,3.509872e+07,7.071331e+13,5.825416e+18,1,48
2.791598e+06,2.421080e+12,6.217016e+17,5.312543e+07,7.393273e+14,1.016957e+21,3.060627e+08,2.431838e+16,1.610424e+23,9.973877e+07,1.286709e+15,9.513017e+20,0,98
2.641989e+06,2.205098e+12,5.624644e+17,5.390874e+07,7.601696e+14,1.086008e+21,2.565024e+08,1.633986e+16,6.156653e+22,5.147633e+07,2.005409e+14,3.153986e+19,1,61
3.041534e+06,2.970751e+12,9.158251e+17,5.314153e+07,7.389700e+14,1.043631e+21,2.453880e+08,1.501642e+16,5.386642e+22,2.768733e+07,3.894450e+13,8.989577e+17,0,96
2.664783e+06,2.213944e+12,5.561852e+17,5.275786e+07,7.389768e+14,1.305266e+21,2.167615e+08,1.119511e+16,2.784152e+22,2.199964e+07,2.682919e+13,5.490864e+17,2,37
2.767058e+06,2.406581e+12,6.323076e+17,4.819554e+07,6.045225e+14,6.314332e+20,2.692996e+08,1.853736e+16,9.107949e+22,6.706432e+07,5.030795e+14,1.040812e+20,0,84
3.386567e+06,3.670265e+12,1.258013e+18,6.304732e+07,1.101094e+15,3.769382e+21,2.604427e+08,1.670906e+16,1.247740e+23,5.657881e+07,2.393585e+14,4.370152e+19,0,97
2.542221e+06,1.989165e+12,4.521547e+17,4.777920e+07,5.837401e+14,3.901338e+20,2.730397e+08,1.910041e+16,7.322063e+22,6.132568e+07,3.927458e+14,7.683557e+19,0,74
2.883099e+06,2.626241e+12,7.304691e+17,4.910150e+07,6.230911e+14,6.778576e+20,2.866150e+08,2.087498e+16,8.017233e+22,5.695241e+07,2.620233e+14,6.034859e+19,1,104
2.562914e+06,2.097853e+12,5.368713e+17,4.836201e+07,5.942976e+14,3.869080e+20,2.900662e+08,2.147450e+16,8.639262e+22,7.673534e+07,6.751520e+14,2.868657e+20,1,88
2.740701e+06,2.374409e+12,6.308746e+17,5.676141e+07,8.565088e+14,1.789365e+21,2.780062e+08,1.972224e+16,1.350795e+23,6.542990e+07,4.720127e+14,1.835849e+20,0,80
3.132087e+06,3.076339e+12,9.190027e+17,5.786026e+07,8.835214e+14,1.596118e+21,2.699723e+08,1.815143e+16,9.517884e+22,4.101413e+07,1.263883e+14,1.354713e+19,0,34
2.720028e+06,2.292996e+12,5.715155e+17,5.532118e+07,8.103877e+14,1.382079e+21,2.325468e+08,1.341426e+16,5.292174e+22,3.182651e+07,6.852167e+13,4.155555e+18,1,92
3.043140e+06,2.974058e+12,9.152278e+17,5.624449e+07,8.219414e+14,1.255240e+21,2.826472e+08,1.980584e+16,8.938165e+22,3.868838e+07,1.230869e+14,6.498964e+18,0,25
2.567589e+06,1.995997e+12,4.319875e+17,5.309839e+07,7.427939e+14,1.136603e+21,2.954521e+08,2.222847e+16,1.246507e+23,7.117597e+07,4.423213e+14,1.242923e+20,0,70
3.553881e+06,4.078050e+12,1.496016e+18,5.414051e+07,7.547365e+14,9.585725e+20,2.873322e+08,2.057852e+16,6.600702e+22,3.826153e+07,8.467577e+13,5.902546e+18,0,3
2.762970e+06,2.242832e+12,4.411392e+17,6.260808e+07,1.063998e+15,2.990945e+21,2.470618e+08,1.489503e+16,6.142664e+22,3.915775e+07,1.070822e+14,7.170572e+18,0,59
2.794124e+06,2.371551e+12,5.698994e+17,6.133288e+07,1.023995e+15,2.932572e+21,2.192209e+08,1.163844e+16,4.064568e+22,2.150570e+07,2.344208e+13,6.491669e+17,2,81
2.488410e+06,1.939031e+12,4.511589e+17,5.304322e+07,7.397641e+14,1.105322e+21,2.481842e+08,1.534571e+16,6.102810e+22,5.115445e+07,1.877721e+14,2.833682e+19,2,61
3.690506e+06,4.359234e+12,1.611015e+18,6.075790e+07,1.000891e+15,2.499303e+21,2.440781e+08,1.376329e+16,8.577381e+22,4.143614e+07,1.370318e+14,9.553143e+18,2,64
2.948847e+06,2.669332e+12,6.853461e+17,5.171122e+07,6.961939e+14,7.363660e+20,3.014778e+08,2.358336e+16,1.436974e+23,7.609913e+07,7.673940e+14,2.577996e+20,0,95
2.785256e+06,2.462574e+12,6.726550e+17,5.022289e+07,6.555953e+14,7.155787e+20,2.651932e+08,1.785856e+16,7.775229e+22,5.989211e+07,3.834576e+14,7.147051e+19,0,0
2.582416e+06,2.026883e+12,4.423615e+17,4.426278e+07,5.022808e+14,3.492952e+20,3.039053e+08,2.381281e+16,1.254106e+23,7.992839e+07,7.468640e+14,2.374586e+20,1,49
3.028516e+06,2.890474e+12,8.402808e+17,4.876408e+07,6.160004e+14,5.825919e+20,2.753197e+08,1.935532e+16,8.777719e+22,5.217608e+07,2.835845e+14,3.563517e+19,3,62
2.738552e+06,2.433064e+12,6.935508e+17,5.305930e+07,7.413996e+14,1.115467e+21,2.133183e+08,1.093428e+16,3.649865e+22,1.047019e+07,3.012855e+12,2.211694e+16,0,53
3.047081e+06,2.951359e+12,8.960477e+17,5.784002e+07,8.958769e+14,1.964945e+21,2.296142e+08,1.258334e+16,5.502381e+22,3.370066e+07,6.632619e+13,3.121889e+18,1,33
2.449099e+06,1.787448e+12,3.347568e+17,5.644353e+07,8.366465e+14,1.338648e+21,3.100178e+08,2.435513e+16,8.630666e+22,8.794993e+07,8.516125e+14,2.884200e+20,0,79
2.699079e+06,2.268045e+12,5.724034e+17,5.212380e+07,7.173381e+14,1.102896e+21,2.355279e+08,1.379246e+16,5.591955e+22,3.919545e+07,1.057434e+14,8.862822e+18,0,92
2.427749e+06,1.836035e+12,4.082113e+17,5.308740e+07,7.404106e+14,1.029988e+21,2.483273e+08,1.549068e+16,7.767456e+22,4.769393e+07,1.671302e+14,2.664186e+19,1,82
2.607024e+06,2.146531e+12,5.391356e+17,5.344802e+07,7.417769e+14,8.743049e+20,2.642595e+08,1.795164e+16,1.055159e+23,5.932829e+07,3.294888e+14,6.432907e+19,1,90
2.920025e+06,2.783147e+12,8.600814e+17,5.720311e+07,8.601237e+14,1.487372e+21,2.407448e+08,1.411759e+16,6.740375e+22,3.128695e+07,3.947724e+13,2.288399e+18,2,58
3.216319e+06,3.278529e+12,1.025415e+18,4.916246e+07,6.408452e+14,9.766609e+20,2.290714e+08,1.289864e+16,4.551843e+22,3.119970e+07,6.521875e+13,2.857647e+18,0,39
2.877839e+06,2.560868e+12,6.725619e+17,5.604477e+07,8.200600e+14,1.089194e+21,2.796357e+08,1.957186e+16,5.678825e+22,3.313046e+07,8.004445e+13,7.018751e+18,2,68
2.809854e+06,2.505832e+12,6.891314e+17,5.119212e+07,6.822912e+14,8.096591e+20,2.519298e+08,1.590744e+16,6.122867e+22,3.785933e+07,1.029018e+14,8.097003e+18,2,71
3.236482e+06,3.294005e+12,1.020654e+18,6.095800e+07,1.014463e+15,3.022367e+21,2.238816e+08,1.180812e+16,4.451161e+22,1.960266e+07,1.936354e+13,1.734685e+17,0,17
3.067666e+06,3.014959e+12,9.314530e+17,5.225264e+07,7.199985e+14,1.082659e+21,2.447965e+08,1.493358e+16,5.585666e+22,2.568818e+07,3.495133e+13,7.315952e+17,1,96
3.300484e+06,3.577898e+12,1.268402e+18,5.485916e+07,7.832607e+14,1.075935e+21,2.449385e+08,1.450999e+16,5.540993e+22,2.976905e+07,3.661056e+13,2.186604e+18,3,77
3.696415e+06,4.480965e+12,1.780881e+18,5.378726e+07,7.798649e+14,1.642167e+21,2.270953e+08,1.198982e+16,4.906801e+22,2.273184e+07,2.431576e+13,5.972509e+17,2,75
2.830653e+06,2.565113e+12,7.287434e+17,5.878300e+07,8.803782e+14,1.004675e+21,3.143300e+08,2.480637e+16,1.299975e+23,4.019358e+07,1.470334e+14,1.652297e+19,3,63
2.516160e+06,1.976376e+12,4.625268e+17,6.440343e+07,1.128697e+15,3.354944e+21,2.842516e+08,2.037850e+16,1.081260e+23,6.285194e+07,4.290363e+14,1.482587e+20,2,67
3.275984e+06,3.478426e+12,1.190242e+18,6.460222e+07,1.160154e+15,4.170828e+21,2.478629e+08,1.494136e+16,1.057713e+23,5.548647e+07,2.285298e+14,4.089936e+19,3,97
2.636732e+06,2.053325e+12,4.082335e+17,5.823135e+07,8.862212e+14,1.493009e+21,3.008738e+08,2.342639e+16,1.732428e+23,1.073696e+08,1.448647e+15,9.270469e+20,0,73
3.018577e+06,2.904567e+12,8.828269e+17,5.716872e+07,8.833825e+14,1.985533e+21,2.040366e+08,9.697184e+15,4.103771e+22,1.427091e+07,9.529977e+12,1.009866e+17,2,94
3.074395e+06,2.966583e+12,8.838310e+17,5.749288e+07,8.777317e+14,1.794785e+21,2.606045e+08,1.652885e+16,7.558314e+22,4.954769e+07,1.728341e+14,2.304660e+19,1,87
2.727999e+06,2.310710e+12,5.725979e+17,5.183919e+07,6.915644e+14,6.060178e+20,2.851732e+08,2.074275e+16,8.574386e+22,4.113482e+07,1.453030e+14,1.554124e+19,0,15
3.643731e+06,4.416878e+12,1.780989e+18,5.354499e+07,7.813966e+14,1.884302e+21,2.317559e+08,1.246843e+16,6.183549e+22,2.091865e+07,1.366054e+13,1.769775e+17,0,38
3.132858e+06,2.935032e+12,7.197474e+17,6.067016e+07,9.834800e+14,2.353400e+21,3.045460e+08,2.309350e+16,1.010629e+23,5.924104e+07,3.448807e+14,4.340012e+19,2,72
2.463572e+06,1.881694e+12,4.235714e+17,5.299476e+07,7.301981e+14,9.148073e+20,2.578971e+08,1.664739e+16,7.848401e+22,3.240439e+07,5.839943e+13,4.036994e+18,0,48
3.038546e+06,2.909637e+12,8.499302e+17,5.436232e+07,7.943650e+14,1.573022e+21,2.712348e+08,1.890078e+16,1.061357e+23,7.563976e+07,6.832109e+14,2.086161e+20,0,99
2.670558e+06,2.224624e+12,5.487992e+17,4.762595e+07,5.770383e+14,3.626241e+20,2.879907e+08,2.125172e+16,8.444237e+22,6.622273e+07,5.255933e+14,1.067264e+20,0,100
2.487404e+06,1.949961e+12,4.623962e+17,5.211096e+07,7.084897e+14,1.069669e+21,2.815414e+08,2.008045e+16,7.242837e+22,5.413248e+07,2.385632e+14,4.793671e+19,2,60
2.615063e+06,2.128831e+12,5.145144e+17,5.356324e+07,7.483874e+14,1.073463e+21,2.839824e+08,2.068032e+16,9.905025e+22,8.059415e+07,7.119731e+14,2.818729e+20,0,23
2.590057e+06,2.040138e+12,4.500633e+17,4.613668e+07,5.463579e+14,4.086893e+20,3.126294e+08,2.518911e+16,1.372632e+23,8.020579e+07,6.784750e+14,1.729012e+20,0,49
2.811587e+06,2.520153e+12,7.212422e+17,5.675920e+07,8.697211e+14,1.926009e+21,2.114196e+08,1.037840e+16,4.479657e+22,1.841107e+07,1.313227e+13,2.393155e+17,0,94
3.506169e+06,4.081651e+12,1.577575e+18,5.283932e+07,7.656795e+14,1.887935e+21,2.208656e+08,1.138262e+16,5.193384e+22,1.798942e+07,1.220007e+13,1.304758e+17,1,38
2.729224e+06,2.331523e+12,6.029087e+17,5.442469e+07,7.817894e+14,1.304803e+21,2.386961e+08,1.403713e+16,5.960098e+22,3.539363e+07,7.474700e+13,5.118207e+18,3,92
2.727946e+06,2.271374e+12,5.352777e+17,6.249855e+07,1.067702e+15,3.209788e+21,2.203042e+08,1.166865e+16,4.174572e+22,2.002441e+07,1.848957e+13,3.741557e+17,3,81
2.718414e+06,2.341103e+12,6.171120e+17,4.970269e+07,6.245009e+14,3.449807e+20,2.914912e+08,2.174064e+16,9.145025e+22,8.212502e+07,7.862091e+14,3.747355e+20,0,88
2.669605e+06,2.166207e+12,4.884498e+17,6.362093e+07,1.113693e+15,3.606919e+21,2.196801e+08,1.157104e+16,4.322139e+22,1.630183e+07,1.466963e+13,3.013576e+17,1,81
2.642625e+06,2.203189e+12,5.625770e+17,5.405273e+07,7.587867e+14,1.016698e+21,2.696656e+08,1.820648e+16,7.990646e+22,4.039621e+07,1.555176e+14,9.390337e+18,1,69
3.155265e+06,3.143233e+12,9.534962e+17,5.809277e+07,9.068555e+14,2.214349e+21,1.932062e+08,8.850445e+15,1.918172e+22,8.772062e+06,2.213033e+12,1.510216e+16,0,54
2.877446e+06,2.596866e+12,7.159748e+17,5.777071e+07,8.917948e+14,1.773185e+21,2.799310e+08,1.996211e+16,1.482784e+23,8.465776e+07,7.101796e+14,1.978809e+20,1,56
3.077095e+06,3.044544e+12,9.594793e+17,6.098648e+07,1.003355e+15,2.449531e+21,2.598205e+08,1.679694e+16,9.932689e+22,4.952868e+07,1.976945e+14,2.085309e+19,0,85
2.755917e+06,2.402438e+12,6.467743e+17,5.642214e+07,8.476178e+14,1.766432e+21,2.763056e+08,1.926754e+16,1.153656e+23,7.542224e+07,6.490704e+14,1.630257e+20,3,47
2.741915e+06,2.424290e+12,6.836125e+17,5.395144e+07,7.699025e+14,1.361496e+21,2.376012e+08,1.394684e+16,6.373134e+22,3.319416e+07,6.115143e+13,4.680033e+18,0,58
3.181385e+06,3.277028e+12,1.079820e+18,5.597731e+07,8.337653e+14,1.678169e+21,2.013070e+08,9.526692e+15,2.205628e+22,1.211018e+07,3.571560e+12,2.317591e+16,2,54
2.890616e+06,2.601588e+12,6.994705e+17,6.143304e+07,1.012143e+15,2.653437e+21,2.584707e+08,1.695966e+16,1.289061e+23,6.201240e+07,3.427051e+14,1.132068e+20,3,55
2.848944e+06,2.648971e+12,7.998879e+17,5.519457e+07,8.030084e+14,1.321304e+21,2.403879e+08,1.416332e+16,6.805370e+22,2.875945e+07,3.721534e+13,1.930989e+18,1,58
3.459390e+06,3.814090e+12,1.314730e+18,6.420582e+07,1.143244e+15,4.089917e+21,1.692943e+08,6.690449e+15,1.444942e+22,0.000000e+00,0.000000e+00,0.000000e+00,0,2
2.579896e+06,2.058501e+12,4.764509e+17,5.293265e+07,7.250019e+14,8.085102e+20,2.803423e+08,2.007757e+16,8.673590e+22,5.517511e+07,2.998429e+14,5.334694e+19,1,46
2.640777e+06,2.135663e+12,4.936696e+17,5.182351e+07,6.907590e+14,7.787144e+20,2.957937e+08,2.253272e+16,1.095284e+23,8.035539e+07,8.708182e+14,4.021072e+20,0,101
2.541895e+06,2.033435e+12,4.928469e+17,4.780753e+07,5.881975e+14,5.607430e+20,2.688917e+08,1.847237e+16,7.912848e+22,6.018101e+07,3.539087e+14,8.860687e+19,0,43
3.182963e+06,3.258236e+12,1.056648e+18,6.246761e+07,1.064476e+15,3.266835e+21,2.148804e+08,1.086807e+16,3.968576e+22,1.158145e+07,6.598779e+12,3.042898e+16,0,42
3.232492e+06,3.374196e+12,1.121785e+18,5.571564e+07,8.306201e+14,1.726565e+21,2.582815e+08,1.659285e+16,9.886117e+22,4.632246e+07,2.019957e+14,1.134486e+19,2,93
2.427056e+06,1.811930e+12,3.878200e+17,5.146456e+07,6.883216e+14,7.857236e+20,2.801463e+08,2.015709e+16,1.097299e+23,6.814325e+07,4.522483e+14,1.291055e+20,0,103
3.299192e+06,3.478603e+12,1.156162e+18,6.154239e+07,1.012941e+15,2.276879e+21,2.727476e+08,1.867391e+16,1.176640e+23,5.189302e+07,2.266257e+14,3.396749e+19,2,85
3.005015e+06,2.930420e+12,9.177925e+17,5.261801e+07,7.253216e+14,1.104992e+21,2.325155e+08,1.318997e+16,4.816914e+22,3.836754e+07,7.165546e+13,6.580161e+18,1,77
3.585177e+06,4.222089e+12,1.631774e+18,5.488884e+07,8.097485e+14,1.746229e+21,2.091346e+08,1.048969e+16,3.733653e+22,2.965138e+07,4.888074e+13,2.077968e+18,1,91
2.859059e+06,2.541563e+12,6.747549e+17,5.971528e+07,9.475774e+14,2.093567e+21,2.679866e+08,1.738531e+16,7.601434e+22,5.289921e+07,1.773901e+14,2.647978e+19,2,87
2.576538e+06,2.110747e+12,5.350097e+17,5.031302e+07,6.457430e+14,5.981523e+20,2.768839e+08,1.958665e+16,8.548778e+22,5.821111e+07,3.176234e+14,7.177782e+19,1,43
2.613134e+06,2.171466e+12,5.580161e+17,4.965515e+07,6.247163e+14,4.147595e+20,2.834417e+08,2.061003e+16,8.805945e+22,7.535119e+07,6.046240e+14,2.308958e+20,3,88
3.061115e+06,2.994453e+12,9.187059e+17,5.235669e+07,7.164291e+14,9.800006e+20,2.789502e+08,1.965753e+16,1.021905e+23,5.268868e+07,2.486591e+14,2.642183e+19,1,45
2.697805e+06,2.277997e+12,5.766069e+17,5.138840e+07,6.873756e+14,8.167077e+20,2.449914e+08,1.504182e+16,4.803993e+22,3.387732e+07,7.521226e+13,3.504026e+18,3,102
2.581275e+06,2.109623e+12,5.280307e+17,5.084711e+07,6.751491e+14,8.880252e+20,2.528716e+08,1.611937e+16,7.194146e+22,5.076541e+07,2.097482e+14,3.437098e+19,0,52
2.885769e+06,2.727836e+12,8.398341e+17,5.406417e+07,7.651051e+14,1.055769e+21,2.166618e+08,1.134453e+16,4.343853e+22,1.681354e+07,8.208637e+12,1.068843e+17,1,53
3.229928e+06,3.318320e+12,1.053897e+18,5.466786e+07,7.893725e+14,1.363406e+21,2.656207e+08,1.785960e+16,9.538459e+22,4.825735e+07,2.340869e+14,2.920219e+19,1,34
2.575132e+06,2.050844e+12,4.779981e+17,4.860259e+07,6.023938e+14,4.081864e+20,2.802509e+08,2.019145e+16,8.522587e+22,6.821653e+07,5.437741e+14,1.153880e+20,1,100
3.012274e+06,2.916834e+12,9.021814e+17,5.830243e+07,9.134464e+14,2.084878e+21,2.488427e+08,1.520207e+16,8.307227e+22,3.905744e+07,1.170814e+14,5.094512e+18,1,93
2.664561e+06,2.099367e+12,4.201065e+17,6.077692e+07,9.685964e+14,1.759137e+21,3.309886e+08,2.798014e+16,2.198346e+23,1.163714e+08,1.661579e+15,1.251054e+21,2,73
3.771282e+06,4.673011e+12,1.894738e+18,5.428450e+07,7.929259e+14,1.643298e+21,2.346139e+08,1.268877e+16,5.884117e+22,3.377466e+06,1.107379e+12,7.533633e+15,0,75
2.918457e+06,2.791082e+12,8.700337e+17,5.067634e+07,6.610178e+14,6.783296e+20,2.511596e+08,1.583503e+16,5.260746e+22,3.728547e+07,9.737194e+13,6.937956e+18,2,83
2.772468e+06,2.516742e+12,7.448705e+17,4.868035e+07,6.109423e+14,5.824039e+20,2.414911e+08,1.463295e+16,4.609833e+22,4.033507e+07,1.091808e+14,6.773018e+18,1,83
2.887739e+06,2.611802e+12,7.158157e+17,5.676180e+07,8.554452e+14,1.795753e+21,2.799979e+08,1.991505e+16,1.173972e+23,7.531414e+07,6.817384e+14,2.189730e+20,0,47
2.705691e+06,2.236379e+12,5.227697e+17,5.601881e+07,8.561346e+14,2.017507e+21,2.935637e+08,2.163024e+16,1.570285e+23,5.207481e+07,2.384241e+14,2.646126e+19,1,36
2.842932e+06,2.590679e+12,7.454680e+17,5.271917e+07,7.082642e+14,7.297358e+20,2.984256e+08,2.266113e+16,9.019431e+22,4.478856e+07,1.594393e+14,2.488558e+19,0,1
2.933062e+06,2.698161e+12,7.543960e+17,6.271900e+07,1.048224e+15,2.656363e+21,2.626318e+08,1.750368e+16,1.342836e+23,5.985946e+07,3.266798e+14,9.928870e+19,2,55
2.235983e+06,1.455907e+12,2.204884e+17,5.858295e+07,8.981905e+14,1.557975e+21,2.714125e+08,1.858106e+16,6.858781e+22,4.872197e+07,1.777509e+14,3.808061e+19,3,76
3.025273e+06,2.907240e+12,8.668550e+17,5.374525e+07,7.734503e+14,1.454906e+21,2.591787e+08,1.696608e+16,1.166434e+23,6.234036e+07,4.416725e+14,7.440520e+19,0,65
2.877170e+06,2.596263e+12,7.008562e+17,5.205289e+07,6.945592e+14,7.088952e+20,3.043398e+08,2.344617e+16,8.775158e+22,5.721098e+07,3.174888e+14,8.719278e+19,0,104
2.806855e+06,2.428751e+12,6.155130e+17,5.328382e+07,7.432535e+14,1.085762e+21,2.715038e+08,1.887108e+16,1.084289e+23,8.041230e+07,7.227301e+14,2.418055e+20,0,6
3.012737e+06,2.950239e+12,9.341965e+17,5.647078e+07,8.440267e+14,1.688780e+21,2.309529e+08,1.282096e+16,5.166752e+22,3.710244e+07,9.084574e+13,6.911163e+18,0,51
2.637026e+06,2.135387e+12,5.090173e+17,5.465283e+07,7.862449e+14,1.196919e+21,3.073741e+08,2.446351e+16,1.721670e+23,9.928878e+07,1.230567e+15,9.728734e+20,1,98
2.881915e+06,2.625295e+12,7.308018e+17,5.676949e+07,8.592789e+14,1.802086e+21,2.737272e+08,1.909393e+16,1.336315e+23,7.129050e+07,6.005730e+14,2.868716e+20,1,80
2.688078e+06,2.297039e+12,6.075960e+17,4.982402e+07,6.443684e+14,6.961875e+20,2.512058e+08,1.575724e+16,5.362887e+22,3.552974e+07,7.365160e+13,4.982597e+18,0,71
2.922184e+06,2.733326e+12,8.075501e+17,5.954189e+07,9.443571e+14,1.882105e+21,2.384638e+08,1.384110e+16,7.679505e+22,3.832060e+07,7.152920e+13,6.570424e+18,1,78
2.592124e+06,2.142096e+12,5.493267e+17,5.173533e+07,6.957901e+14,7.804631e+20,2.648240e+08,1.796199e+16,1.042792e+23,5.942067e+07,3.203654e+14,6.020344e+19,0,90
2.859231e+06,2.649608e+12,7.861294e+17,5.083717e+07,6.643217e+14,6.513172e+20,2.729032e+08,1.878342e+16,7.531490e+22,3.433048e+07,8.599448e+13,8.105500e+18,3,57
3.223953e+06,3.201213e+12,9.113928e+17,5.571479e+07,8.061913e+14,1.008141e+21,3.211672e+08,2.671802e+16,1.660261e+23,8.485387e+07,9.760424e+14,4.124536e+20,0,20
2.574418e+06,2.130492e+12,5.559312e+17,4.953104e+07,6.335541e+14,6.745913e+20,2.541568e+08,1.618931e+16,5.236356e+22,4.802915e+07,1.430849e+14,1.957681e+19,2,57
2.451404e+06,1.870506e+12,4.229669e+17,5.065106e+07,6.659694e+14,7.196649e+20,2.842347e+08,2.085629e+16,1.212146e+23,7.727485e+07,6.529145e+14,2.916067e+20,2,103
2.635509e+06,2.206579e+12,5.694293e+17,5.040279e+07,6.439044e+14,3.882734e+20,2.957832e+08,2.244532e+16,9.852864e+22,8.221229e+07,8.326243e+14,4.161201e+20,2,88
2.425091e+06,1.838625e+12,4.161254e+17,5.389990e+07,7.607916e+14,1.035708e+21,2.483099e+08,1.553757e+16,7.521911e+22,4.730214e+07,1.540044e+14,2.374082e+19,0,82
2.805067e+06,2.477655e+12,6.616365e+17,5.624898e+07,8.454794e+14,1.823083e+21,2.216406e+08,1.188713e+16,4.800019e+22,3.386401e+07,7.110624e+13,5.071817e+18,3,50
2.906154e+06,2.690299e+12,7.784347e+17,5.628647e+07,8.571631e+14,2.076272e+21,2.557752e+08,1.617729e+16,9.978002e+22,5.647556e+07,2.576979e+14,3.172640e+19,0,35
3.427383e+06,3.748362e+12,1.286716e+18,7.051981e+07,1.334940e+15,4.025943e+21,2.711801e+08,1.765984e+16,1.084153e+23,4.237513e+07,1.293696e+14,9.432057e+18,1,85
2.567851e+06,2.098698e+12,5.307402e+17,4.785739e+07,5.927295e+14,6.306967e+20,2.715267e+08,1.870424e+16,5.915468e+22,4.336647e+07,1.514764e+14,2.112753e+19,0,89
2.839440e+06,2.504778e+12,6.630939e+17,5.634863e+07,8.473602e+14,1.658532e+21,2.608319e+08,1.744395e+16,1.190708e+23,7.579435e+07,6.051490e+14,1.580275e+20,2,56
2.761784e+06,2.282724e+12,4.910168e+17,5.700529e+07,8.477976e+14,1.428107e+21,3.044183e+08,2.342081e+16,8.663541e+22,8.802563e+07,8.516373e+14,2.116792e+20,1,79
2.749938e+06,2.384912e+12,6.288891e+17,5.191063e+07,7.003828e+14,8.699400e+20,2.612946e+08,1.736724e+16,8.052520e+22,4.711086e+07,2.183113e+14,1.568125e+19,0,69
3.025150e+06,2.932548e+12,8.921616e+17,5.135016e+07,6.942724e+14,9.795259e+20,2.410474e+08,1.447359e+16,5.214116e+22,2.665324e+07,3.530878e+13,7.994980e+17,2,96
2.986089e+06,2.751521e+12,7.492390e+17,6.059761e+07,9.732149e+14,2.212615e+21,2.635805e+08,1.683806e+16,6.940313e+22,5.556916e+07,1.952182e+14,2.941514e+19,0,87
2.462266e+06,1.851057e+12,3.935272e+17,5.817493e+07,8.986696e+14,1.926918e+21,2.776376e+08,1.908434e+16,8.211650e+22,5.178468e+07,2.413552e+14,4.626881e+19,0,21
2.665437e+06,2.197671e+12,5.259724e+17,5.306881e+07,7.282485e+14,7.763742e+20,2.761247e+08,1.953489e+16,8.630413e+22,5.909895e+07,3.117915e+14,5.361522e+19,0,46
2.532503e+06,2.059865e+12,5.282561e+17,4.914565e+07,6.233696e+14,7.096231e+20,2.688086e+08,1.835011e+16,6.150843e+22,4.501144e+07,1.760532e+14,2.977302e+19,1,89
2.580155e+06,2.118609e+12,5.385311e+17,5.094617e+07,6.699100e+14,7.968129e+20,2.772111e+08,1.951253e+16,7.253653e+22,5.102514e+07,2.148776e+14,3.265121e+19,1,60
2.706528e+06,2.252889e+12,5.573036e+17,5.503403e+07,8.042814e+14,1.472912e+21,2.175388e+08,1.123153e+16,2.811323e+22,1.377274e+07,6.322313e+12,9.940016e+16,1,37
2.233144e+06,1.457407e+12,2.290727e+17,5.807411e+07,8.832650e+14,1.484358e+21,2.637379e+08,1.750111e+16,5.837287e+22,4.817904e+07,1.849420e+14,3.699379e+19,1,76
2.496374e+06,1.934422e+12,4.434538e+17,6.407583e+07,1.116361e+15,3.335007e+21,2.745086e+08,1.901874e+16,9.820323e+22,5.191855e+07,3.112247e+14,9.431515e+19,3,67
3.087752e+06,3.021265e+12,9.260605e+17,5.868844e+07,9.189015e+14,1.999153e+21,2.548695e+08,1.578579e+16,6.665172e+22,3.881067e+07,9.931543e+13,8.203829e+18,0,44
2.560274e+06,2.012060e+12,4.510694e+17,5.292242e+07,7.216829e+14,8.342446e+20,2.999943e+08,2.320331e+16,1.172206e+23,7.948858e+07,8.806319e+14,3.925675e+20,1,101
2.494013e+06,1.929709e+12,4.426067e+17,4.686402e+07,5.604012e+14,3.757937e+20,2.747936e+08,1.934208e+16,7.511105e+22,6.627653e+07,4.424651e+14,6.905465e+19,1,74
2.455989e+06,1.853786e+12,4.041051e+17,4.829903e+07,5.943211e+14,4.108250e+20,2.799886e+08,2.009927e+16,8.012735e+22,6.738989e+07,4.286426e+14,7.611757e+19,2,74
3.040052e+06,2.941358e+12,8.801916e+17,5.434186e+07,7.730555e+14,1.118999e+21,2.792799e+08,1.962762e+16,8.948056e+22,3.865240e+07,1.034482e+14,4.461382e+18,1,25
2.817292e+06,2.536984e+12,7.241240e+17,5.657723e+07,8.668857e+14,1.977738e+21,1.986528e+08,9.280051e+15,3.940132e+22,1.712432e+07,1.212129e+13,1.433966e+17,3,94
2.715436e+06,2.218096e+12,4.901875e+17,5.587959e+07,8.194276e+14,1.206182e+21,2.687804e+08,1.803195e+16,5.005035e+22,3.165334e+07,6.890132e+13,4.462325e+18,1,68
2.839111e+06,2.628059e+12,7.874558e+17,5.448237e+07,7.868762e+14,1.373828e+21,2.287350e+08,1.279337e+16,5.888200e+22,2.907544e+07,3.788794e+13,1.748127e+18,3,58
2.698347e+06,2.284438e+12,5.789404e+17,5.348324e+07,7.336554e+14,6.736985e+20,2.931956e+08,2.191898e+16,1.070456e+23,5.861120e+07,3.402330e+14,7.519338e+19,0,31
2.585494e+06,2.110839e+12,5.245172e+17,5.262756e+07,7.249060e+14,1.047201e+21,2.571690e+08,1.665032e+16,7.498523e+22,5.301632e+07,2.332917e+14,4.282459e+19,3,52
2.804374e+06,2.444764e+12,6.440257e+17,5.516025e+07,8.189363e+14,1.828519e+21,2.344791e+08,1.310164e+16,5.999193e+22,4.073729e+07,1.089975e+14,8.086723e+18,0,33
2.535702e+06,2.044305e+12,5.087681e+17,5.387868e+07,7.509493e+14,8.612114e+20,2.597958e+08,1.736470e+16,9.691268e+22,5.789902e+07,3.193263e+14,6.153904e+19,2,90
3.278559e+06,3.466463e+12,1.168974e+18,6.521128e+07,1.152630e+15,3.623189e+21,2.278574e+08,1.214391e+16,4.806703e+22,1.228480e+07,6.955255e+12,1.681381e+16,1,42
2.774029e+06,2.423673e+12,6.413231e+17,5.651324e+07,8.522160e+14,1.830628e+21,2.276221e+08,1.250457e+16,5.156793e+22,3.241344e+07,7.110953e+13,4.764108e+18,1,50
2.704670e+06,2.286148e+12,5.742273e+17,5.308479e+07,7.290505e+14,8.402368e+20,2.552423e+08,1.632605e+16,5.772197e+22,3.535473e+07,7.516212e+13,4.273347e+18,1,102
2.764370e+06,2.267667e+12,4.770514e+17,6.069725e+07,9.645021e+14,1.697370e+21,3.151161e+08,2.551121e+16,1.914554e+23,1.074952e+08,1.356725e+15,9.530807e+20,3,73
3.039268e+06,3.031524e+12,9.889000e+17,5.170819e+07,7.024926e+14,1.037990e+21,2.195267e+08,1.172572e+16,3.857853e+22,3.448022e+07,5.626048e+13,4.125420e+18,2,77
2.985009e+06,2.826397e+12,8.260432e+17,5.475734e+07,8.039851e+14,1.543941e+21,2.665691e+08,1.795573e+16,1.318896e+23,6.564666e+07,4.692397e+14,7.581325e+19,3,65
2.658462e+06,2.280130e+12,6.209244e+17,4.850967e+07,6.053990e+14,5.696804e+20,2.534982e+08,1.604777e+16,5.206905e+22,4.251689e+07,1.176923e+14,1.270179e+19,0,57
3.061664e+06,3.059228e+12,9.950227e+17,5.580568e+07,8.205297e+14,1.575977e+21,2.306422e+08,1.297117e+16,5.199470e+22,3.854768e+07,1.112253e+14,8.106449e+18,1,51
3.068067e+06,3.069400e+12,9.952992e+17,5.610514e+07,8.290515e+14,1.646012e+21,2.311863e+08,1.300615e+16,5.332494e+22,3.971231e+07,1.244162e+14,1.091494e+19,3,51
3.162512e+06,3.208939e+12,1.029078e+18,5.149641e+07,7.074678e+14,1.256113e+21,2.126029e+08,1.092189e+16,4.064510e+22,2.877375e+07,3.583866e+13,1.590683e+18,0,66
2.459442e+06,1.913188e+12,4.554741e+17,5.085110e+07,6.666415e+14,7.898739e+20,2.865404e+08,2.081014e+16,7.831689e+22,5.221338e+07,2.204241e+14,3.936533e+19,0,60
2.561603e+06,2.050058e+12,4.862800e+17,4.991519e+07,6.393888e+14,5.732711e+20,2.867668e+08,2.089079e+16,9.771430e+22,4.448479e+07,1.977384e+14,1.477511e+19,2,12
3.120125e+06,3.147515e+12,1.013329e+18,5.163884e+07,7.119061e+14,1.210257e+21,2.190205e+08,1.166763e+16,4.433272e+22,2.812787e+07,3.704241e+13,1.535607e+18,1,66
2.874009e+06,2.530246e+12,6.285295e+17,5.315746e+07,7.333162e+14,8.057006e+20,2.959484e+08,2.268285e+16,1.303393e+23,6.881505e+07,5.824687e+14,1.799883e+20,2,95
3.177966e+06,3.173580e+12,9.819591e+17,5.921540e+07,9.372735e+14,2.141485e+21,2.457973e+08,1.455556e+16,5.747626e+22,3.907662e+07,1.017633e+14,8.608129e+18,1,44
3.207955e+06,3.271923e+12,1.046678e+18,6.054474e+07,9.656534e+14,2.075970e+21,2.755793e+08,1.828450e+16,8.757976e+22,5.509802e+07,2.063460e+14,2.967168e+19,3,87
2.798176e+06,2.469743e+12,6.627782e+17,5.214363e+07,7.062649e+14,8.027890e+20,2.616490e+08,1.713141e+16,6.601863e+22,3.403233e+07,6.390061e+13,4.288073e+18,1,71
2.574428e+06,1.991617e+12,4.084054e+17,4.809061e+07,5.876371e+14,3.001494e+20,3.192578e+08,2.608666e+16,9.665672e+22,7.522934e+07,8.276458e+14,2.694906e+20,2,86
2.745855e+06,2.341126e+12,5.979178e+17,5.228860e+07,7.263262e+14,1.232194e+21,2.172066e+08,1.129858e+16,2.978015e+22,2.318759e+07,3.497918e+13,9.010282e+17,0,37
2.894279e+06,2.657816e+12,7.584547e+17,5.399679e+07,7.558056e+14,1.039450e+21,2.638503e+08,1.732459e+16,5.388943e+22,4.628751e+07,1.867486e+14,1.520464e+19,1,41
2.439316e+06,1.862333e+12,4.236201e+17,5.414110e+07,7.667061e+14,1.044790e+21,2.489261e+08,1.562395e+16,7.879957e+22,4.783615e+07,1.732873e+14,2.955746e+19,3,82
2.492956e+06,1.989852e+12,4.974084e+17,4.841259e+07,6.057722e+14,6.560339e+20,2.712829e+08,1.870559e+16,6.121611e+22,4.657103e+07,1.786794e+14,2.348755e+19,2,89
2.652675e+06,2.208526e+12,5.512326e+17,5.645381e+07,8.535931e+14,1.896168e+21,2.264920e+08,1.234395e+16,5.158597e+22,3.282849e+07,6.722913e+13,4.925511e+18,0,50
2.500407e+06,1.913013e+12,4.151141e+17,5.180254e+07,6.892162e+14,7.741611e+20,2.912767e+08,2.177842e+16,9.861841e+22,7.614388e+07,7.496994e+14,3.291278e+20,2,101
2.747928e+06,2.382048e+12,6.260161e+17,5.091806e+07,6.621441e+14,4.929145e+20,3.046780e+08,2.369270e+16,1.267297e+23,7.414059e+07,6.057491e+14,1.808237e+20,0,29
2.703869e+06,2.229410e+12,5.222087e+17,6.204694e+07,1.052002e+15,3.116211e+21,2.260021e+08,1.229276e+16,4.573361e+22,1.187768e+07,8.178820e+12,1.403041e+17,0,81
3.271907e+06,3.470204e+12,1.185726e+18,6.417508e+07,1.141424e+15,3.965871e+21,2.619112e+08,1.675630e+16,1.271809e+23,6.101916e+07,2.832342e+14,5.443231e+19,1,97
2.332814e+06,1.692409e+12,3.612591e+17,6.546307e+07,1.166556e+15,3.587209e+21,2.843496e+08,2.039486e+16,1.079503e+23,5.022017e+07,3.165349e+14,1.050687e+20,1,67
2.878556e+06,2.613419e+12,7.339005e+17,6.032491e+07,9.623314e+14,1.901414e+21,2.363413e+08,1.316920e+16,6.931405e+22,3.080802e+07,4.902092e+13,2.978246e+18,0,78
2.864848e+06,2.622811e+12,7.552700e+17,6.592112e+07,1.137822e+15,2.557288e+21,2.368281e+08,1.324088e+16,6.833456e+22,3.787116e+07,1.116387e+14,1.027780e+19,2,78
2.791161e+06,2.457961e+12,6.650418e+17,5.774874e+07,8.894667e+14,1.994428e+21,2.965510e+08,2.228299e+16,1.379357e+23,8.309286e+07,7.864687e+14,2.748550e+20,2,47
2.525937e+06,2.041481e+12,5.157572e+17,4.884606e+07,6.139018e+14,6.542033e+20,2.644578e+08,1.773539e+16,6.990363e+22,4.616640e+07,1.684109e+14,1.271184e+19,2,63
2.798969e+06,2.327151e+12,5.164205e+17,5.953002e+07,9.464419e+14,2.070356e+21,3.011420e+08,2.289301e+16,1.137452e+23,6.281299e+07,4.881136e+14,4.793747e+19,0,72
3.559264e+06,4.109851e+12,1.534210e+18,5.617419e+07,8.645790e+14,2.259158e+21,2.405426e+08,1.336112e+16,5.873156e+22,3.125212e+07,3.474221e+13,1.447087e+18,0,9
3.209053e+06,3.284932e+12,1.058081e+18,6.106280e+07,1.002275e+15,2.374720e+21,2.513626e+08,1.583512e+16,9.688742e+22,5.051626e+07,2.242106e+14,3.577250e+19,3,85
2.861709e+06,2.509511e+12,6.309924e+17,5.461668e+07,7.805605e+14,1.185721e+21,2.909252e+08,2.156270e+16,1.226714e+23,7.381842e+07,4.400258e+14,1.211931e+20,2,70
2.541229e+06,1.891311e+12,3.351218e+17,6.184421e+07,1.048193e+15,3.068621e+21,2.736407e+08,1.853349e+16,8.789020e+22,5.098264e+07,1.641112e+14,2.048758e+19,2,59
2.717715e+06,2.309254e+12,5.830277e+17,5.405747e+07,7.462246e+14,7.142883e+20,3.064780e+08,2.363374e+16,1.165642e+23,4.041899e+07,1.351469e+14,9.637342e+18,1,12
2.963247e+06,2.891761e+12,9.268174e+17,5.331460e+07,7.270123e+14,7.915099e+20,2.598476e+08,1.682150e+16,5.767475e+22,3.846154e+07,1.086311e+14,6.770124e+18,3,83
3.018657e+06,2.915079e+12,8.805895e+17,4.738094e+07,5.802987e+14,5.339997e+20,2.642951e+08,1.782946e+16,7.572623e+22,4.950783e+07,2.717693e+14,2.951644e+19,0,62
3.120023e+06,3.137573e+12,1.013212e+18,5.610945e+07,8.592834e+14,2.126649e+21,2.052460e+08,9.591235e+15,4.831188e+22,4.059465e+07,1.062848e+14,7.461019e+18,3,64
2.622404e+06,2.159537e+12,5.385089e+17,5.357532e+07,7.481138e+14,1.017312e+21,2.781151e+08,1.929315e+16,8.614196e+22,4.234440e+07,1.623403e+14,1.617175e+19,2,69
2.793117e+06,2.436093e+12,6.481873e+17,5.687830e+07,8.574873e+14,1.792489e+21,2.793972e+08,1.985292e+16,1.153914e+23,7.626247e+07,6.239618e+14,1.750953e+20,1,47
3.514858e+06,4.071205e+12,1.555870e+18,5.513198e+07,8.256048e+14,1.910298e+21,2.164243e+08,1.062919e+16,4.375738e+22,1.737145e+07,1.513626e+13,2.778117e+17,1,75
2.601820e+06,1.999763e+12,3.820865e+17,6.052351e+07,9.985083e+14,2.775460e+21,2.516623e+08,1.562783e+16,6.463482e+22,4.506882e+07,1.329078e+14,1.308599e+19,1,59
2.759498e+06,2.370202e+12,5.976438e+17,5.298931e+07,7.214937e+14,7.165283e+20,3.038788e+08,2.328373e+16,1.238551e+23,4.029910e+07,1.432089e+14,9.226436e+18,0,12
2.686857e+06,2.215930e+12,5.213125e+17,5.555959e+07,8.176832e+14,1.678191e+21,2.591307e+08,1.665253e+16,4.269526e+22,2.417054e+07,3.385672e+13,2.854445e+18,0,40
3.373258e+06,3.669477e+12,1.268651e+18,5.648686e+07,8.706137e+14,2.114754e+21,2.207029e+08,1.150605e+16,6.562852e+22,3.878148e+07,1.106477e+14,6.717758e+18,0,64
3.269007e+06,3.468791e+12,1.186171e+18,5.170925e+07,7.148805e+14,1.277816e+21,2.119071e+08,1.083958e+16,4.113475e+22,3.091660e+07,4.527228e+13,2.235534e+18,3,66
2.898084e+06,2.508628e+12,5.717343e+17,5.788673e+07,8.949206e+14,1.845344e+21,2.846781e+08,2.044171e+16,7.474688e+22,5.056663e+07,2.724554e+14,2.321096e+19,1,72
3.188450e+06,3.286177e+12,1.083886e+18,6.046933e+07,9.814516e+14,2.342752e+21,2.453529e+08,1.445457e+16,5.906605e+22,4.249649e+07,1.089639e+14,5.353886e+18,0,4
2.835534e+06,2.545846e+12,7.012926e+17,5.665382e+07,8.573413e+14,1.870521e+21,2.262401e+08,1.226137e+16,5.027807e+22,3.289072e+07,6.869871e+13,5.537770e+18,2,50
2.479374e+06,1.889866e+12,4.175575e+17,5.325377e+07,7.429372e+14,1.055294e+21,2.526926e+08,1.591407e+16,6.329980e+22,4.852916e+07,1.579739e+14,2.219241e+19,0,61
2.536166e+06,2.050102e+12,5.164348e+17,5.085827e+07,6.681901e+14,8.152536e+20,2.870335e+08,2.082011e+16,7.880104e+22,5.625827e+07,2.376296e+14,3.987059e+19,3,60
3.922981e+06,5.076635e+12,2.162627e+18,5.483761e+07,8.092447e+14,1.731992e+21,2.310867e+08,1.220207e+16,5.702356e+22,1.558203e+07,9.721925e+12,7.515984e+16,3,75
3.078465e+06,3.048654e+12,9.550500e+17,4.952505e+07,6.341252e+14,6.232789e+20,2.680844e+08,1.832593e+16,8.180353e+22,4.989673e+07,2.620100e+14,3.374924e+19,1,62
2.880419e+06,2.616443e+12,7.212791e+17,6.007937e+07,9.615314e+14,2.165457e+21,2.931794e+08,2.201218e+16,1.716627e+23,7.586228e+07,6.743453e+14,3.666948e+20,2,80
3.425949e+06,3.836390e+12,1.404763e+18,5.325076e+07,7.583360e+14,1.489704e+21,2.193872e+08,1.151870e+16,4.022431e+22,2.817361e+07,4.232079e+13,1.699094e+18,0,91
2.908043e+06,2.589952e+12,6.480002e+17,5.264562e+07,7.233517e+14,8.659481e+20,2.894705e+08,2.180237e+16,1.351637e+23,7.762985e+07,7.765232e+14,2.635526e+20,1,95
2.426591e+06,1.827342e+12,4.053374e+17,5.081278e+07,6.717868e+14,7.490835e+20,2.847781e+08,2.089278e+16,1.194635e+23,7.681475e+07,5.893400e+14,2.281609e+20,1,103
2.678827e+06,2.122348e+12,4.185878e+17,5.523918e+07,8.067072e+14,1.307441e+21,2.623421e+08,1.732675e+16,4.848164e+22,4.045380e+07,1.173891e+14,1.442185e+19,0,68
2.709044e+06,2.314307e+12,6.014135e+17,5.028040e+07,6.536234e+14,7.130403e+20,2.910961e+08,2.151504e+16,8.279509e+22,5.718154e+07,2.907356e+14,7.817662e+19,2,104
2.709811e+06,2.334475e+12,6.218321e+17,5.134808e+07,6.881648e+14,8.662654e+20,2.589679e+08,1.695241e+16,7.625130e+22,5.157146e+07,2.142345e+14,3.526048e+19,2,52
2.609333e+06,2.184614e+12,5.766757e+17,4.874053e+07,6.121029e+14,6.689971e+20,2.698971e+08,1.849672e+16,6.036752e+22,4.390266e+07,1.593606e+14,2.478075e+19,3,89
3.186257e+06,3.129479e+12,8.938176e+17,6.316033e+07,1.045520e+15,2.085185e+21,3.039453e+08,2.323179e+16,1.567075e+23,7.895188e+07,5.864371e+14,1.541594e+20,0,30
2.820379e+06,2.516255e+12,6.854555e+17,4.956705e+07,6.349337e+14,6.979392e+20,2.938292e+08,2.190645e+16,8.432997e+22,5.635491e+07,2.570014e+14,6.077507e+19,3,104
2.952829e+06,2.773792e+12,8.103988e+17,5.495841e+07,7.867447e+14,1.156869e+21,2.730129e+08,1.862326e+16,8.778588e+22,4.708446e+07,1.801800e+14,2.243450e+19,0,45
2.665958e+06,2.154370e+12,4.826107e+17,5.413794e+07,7.673724e+14,1.169359e+21,2.989260e+08,2.283857e+16,1.331770e+23,6.687007e+07,4.448687e+14,1.494283e+20,1,70
3.105489e+06,3.028418e+12,9.007972e+17,5.606607e+07,8.462475e+14,1.795919e+21,2.819638e+08,2.045143e+16,1.238883e+23,8.282159e+07,8.151382e+14,3.375027e+20,1,99
2.733987e+06,2.301810e+12,5.659614e+17,5.351137e+07,7.506575e+14,1.111559e+21,3.041364e+08,2.403514e+16,1.689233e+23,1.031953e+08,1.396763e+15,1.249799e+21,2,98
2.919493e+06,2.635280e+12,6.899117e+17,6.210502e+07,1.038805e+15,2.739785e+21,2.517426e+08,1.521158e+16,6.779966e+22,4.183301e+07,1.289092e+14,1.458809e+19,0,19
2.672527e+06,2.246921e+12,5.700719e+17,5.242715e+07,7.213182e+14,1.059349e+21,2.570802e+08,1.662851e+16,7.238746e+22,4.237692e+07,1.494196e+14,9.922152e+18,3,69
3.401321e+06,3.712716e+12,1.282340e+18,5.885278e+07,9.410855e+14,2.441444e+21,2.678620e+08,1.754648e+16,1.010032e+23,4.396287e+07,1.472367e+14,8.041743e+18,0,24
2.789483e+06,2.377271e+12,5.845616e+17,5.474340e+07,7.875592e+14,1.253085e+21,3.028864e+08,2.343364e+16,1.383910e+23,6.706305e+07,5.010235e+14,1.878996e+20,3,70
2.627657e+06,2.153961e+12,5.276245e+17,4.761535e+07,5.784270e+14,3.917643e+20,2.737949e+08,1.922179e+16,7.440409e+22,6.830448e+07,5.224198e+14,1.145604e+20,2,100
2.526335e+06,1.968531e+12,4.463328e+17,5.141106e+07,6.862285e+14,7.751502e+20,2.769450e+08,1.966618e+16,1.097834e+23,7.186148e+07,5.408880e+14,2.057019e+20,3,103
3.025674e+06,2.952592e+12,9.210156e+17,5.721442e+07,8.782492e+14,1.926155e+21,2.503282e+08,1.541445e+16,8.369514e+22,4.144504e+07,1.355739e+14,7.942933e+18,0,93
2.762754e+06,2.419070e+12,6.493929e+17,4.993742e+07,6.504221e+14,7.579237e+20,2.498849e+08,1.564780e+16,6.309998e+22,3.765176e+07,9.648411e+13,8.271868e+18,3,71
2.925703e+06,2.806189e+12,8.778224e+17,5.446039e+07,7.756379e+14,1.112459e+21,2.284669e+08,1.259028e+16,4.838767e+22,6.105999e+06,9.537942e+11,6.739992e+15,3,53
3.160773e+06,3.192191e+12,1.004783e+18,5.856485e+07,9.224772e+14,2.211898e+21,2.029955e+08,9.661130e+15,2.233488e+22,7.980854e+06,1.727187e+12,7.572337e+15,3,54
2.605247e+06,2.117496e+12,5.114953e+17,4.882193e+07,6.080294e+14,4.215585e+20,2.788925e+08,1.997209e+16,8.168243e+22,6.460101e+07,4.611902e+14,9.189743e+19,3,100
3.026075e+06,2.991904e+12,9.602573e+17,5.169580e+07,7.016459e+14,1.013679e+21,2.254517e+08,1.231076e+16,4.367184e+22,3.435306e+07,5.603471e+13,4.470867e+18,0,77
2.576818e+06,2.066076e+12,4.909103e+17,5.414668e+07,7.587623e+14,9.500527e+20,2.632647e+08,1.732351e+16,8.193100e+22,3.873120e+07,8.988961e+13,6.784197e+18,2,48
2.596921e+06,2.080356e+12,4.867548e+17,4.595277e+07,5.373002e+14,3.349947e+20,2.793529e+08,1.995717e+16,7.707822e+22,6.306119e+07,4.150147e+14,7.813215e+19,3,74
2.720843e+06,2.334938e+12,6.163292e+17,5.111217e+07,6.818979e+14,8.970273e+20,2.491252e+08,1.547334e+16,5.094761e+22,4.177258e+07,1.515254e+14,8.497124e+18,0,41
2.662249e+06,2.239826e+12,5.749968e+17,4.995454e+07,6.566838e+14,9.061739e+20,2.628393e+08,1.755204e+16,8.268507e+22,6.257078e+07,3.556069e+14,6.924548e+19,3,84
2.753479e+06,2.318012e+12,5.618280e+17,5.846491e+07,9.122818e+14,1.931205e+21,2.610802e+08,1.709675e+16,6.374763e+22,4.534247e+07,2.049287e+14,2.881860e+19,0,7
2.970681e+06,2.790973e+12,8.126468e+17,5.572560e+07,8.315339e+14,1.646232e+21,2.550322e+08,1.643846e+16,1.123372e+23,6.149804e+07,3.826924e+14,5.168335e+19,2,65
3.128765e+06,3.122539e+12,9.696020e+17,5.358768e+07,7.568887e+14,1.154884e+21,2.537214e+08,1.589285e+16,5.915404e+22,2.830029e+07,4.510203e+13,8.297378e+17,0,5
2.862020e+06,2.492437e+12,6.109504e+17,5.001160e+07,6.439730e+14,5.619816e+20,3.187398e+08,2.627333e+16,1.558526e+23,8.963488e+07,9.743345e+14,3.601889e+20,2,49
