3.777408e+04,1.197588e+08,3.571973e+10,8.152864e+04,3.348111e+08,2.264860e+11,7.929362e+04,2.783263e+08,1.531092e+11,3.952374e+04,1.190111e+08,4.156029e+10,2,76,N,N
3.677763e+04,8.592012e+07,1.404674e+10,5.978117e+04,2.007641e+08,1.218009e+11,5.688834e+04,1.570305e+08,8.358689e+10,3.587406e+04,7.769488e+07,1.384516e+10,1,41,N,N
3.459569e+04,8.294739e+07,1.504530e+10,5.878170e+04,1.725088e+08,8.771273e+10,6.050772e+04,1.543920e+08,7.384474e+10,3.359027e+04,7.866573e+07,1.562523e+10,0,46,N,N
3.253483e+04,7.090182e+07,1.229846e+10,5.275844e+04,1.732859e+08,9.873958e+10,5.488057e+04,1.566577e+08,7.549508e+10,3.073957e+04,6.455151e+07,1.289964e+10,2,96,N,N
3.560505e+04,8.285508e+07,1.720182e+10,5.647563e+04,1.843883e+08,9.412423e+10,5.609298e+04,1.479686e+08,6.452918e+10,3.226867e+04,6.732267e+07,1.387166e+10,0,58,N,N
4.102456e+04,1.062449e+08,1.592031e+10,6.509146e+04,1.712699e+08,7.721128e+10,6.495408e+04,1.541701e+08,5.075794e+10,3.410068e+04,7.805412e+07,1.710422e+10,1,103,N,N
4.372362e+04,1.281696e+08,4.216533e+10,6.182640e+04,1.823320e+08,9.252711e+10,5.980960e+04,1.511743e+08,5.607993e+10,3.963375e+04,1.166593e+08,5.320444e+10,2,55,N,N
3.753072e+04,9.052206e+07,1.406915e+10,5.924968e+04,1.606772e+08,8.121959e+10,5.669995e+04,1.367436e+08,5.950226e+10,3.484269e+04,7.978178e+07,1.599506e+10,2,84,N,N
4.015391e+04,1.053255e+08,1.572641e+10,6.368300e+04,1.642054e+08,8.159091e+10,6.325861e+04,1.649623e+08,7.557621e+10,3.753870e+04,8.727170e+07,1.746866e+10,0,29,N,N
3.673800e+04,8.300443e+07,1.061096e+10,5.957759e+04,1.643508e+08,7.437859e+10,5.831486e+04,1.502695e+08,5.778203e+10,3.443188e+04,7.595622e+07,1.335489e+10,0,52,N,N
4.790729e+04,1.527834e+08,3.781421e+10,6.359717e+04,1.631741e+08,7.601634e+10,6.395307e+04,1.552085e+08,5.117530e+10,3.936721e+04,1.046095e+08,3.442261e+10,2,80,N,N
4.223089e+04,1.197559e+08,2.382685e+10,5.721853e+04,1.516392e+08,7.452348e+10,5.820992e+04,1.316264e+08,5.166130e+10,3.720348e+04,8.992298e+07,2.427020e+10,2,65,N,N
4.215204e+04,1.238578e+08,3.874062e+10,6.108202e+04,1.893358e+08,9.568170e+10,6.223651e+04,1.621363e+08,6.251952e+10,3.890597e+04,1.088140e+08,4.368674e+10,3,55,N,N
3.310179e+04,7.167926e+07,1.613736e+10,5.459248e+04,1.596904e+08,8.836256e+10,5.303486e+04,1.551604e+08,8.022642e+10,3.044035e+04,6.065915e+07,1.322550e+10,3,68,N,N
4.267782e+04,1.257803e+08,3.520111e+10,6.161947e+04,1.956714e+08,1.103888e+11,6.289588e+04,1.719576e+08,7.704953e+10,3.978785e+04,1.052085e+08,3.326589e+10,0,47,N,N
3.332937e+04,7.717241e+07,1.665183e+10,5.714329e+04,1.531980e+08,7.282898e+10,5.650300e+04,1.455632e+08,6.353052e+10,3.235570e+04,7.036568e+07,1.465554e+10,0,15,N,N
3.166272e+04,7.804953e+07,2.022850e+10,6.524103e+04,2.263008e+08,1.452698e+11,6.442527e+04,1.838735e+08,8.793473e+10,3.336209e+04,7.787782e+07,2.454758e+10,1,76,N,N
3.701874e+04,8.117451e+07,1.384746e+10,5.683973e+04,1.969968e+08,1.166603e+11,5.211334e+04,1.642598e+08,7.994913e+10,3.535224e+04,7.609611e+07,1.811271e+10,3,91,N,N
2.972382e+04,6.832488e+07,1.439345e+10,7.011142e+04,2.244961e+08,1.334463e+11,6.495404e+04,1.840123e+08,9.328539e+10,3.300351e+04,7.735430e+07,2.151822e+10,0,76,N,N
3.683350e+04,8.663121e+07,8.711142e+09,5.504072e+04,1.337501e+08,6.070325e+10,5.658497e+04,1.376029e+08,5.190754e+10,3.246408e+04,6.783855e+07,7.592867e+09,1,62,N,N
3.911183e+04,9.438075e+07,2.852028e+10,5.302817e+04,2.066008e+08,1.257390e+11,5.110727e+04,1.533813e+08,7.812264e+10,3.426761e+04,6.892563e+07,2.178022e+10,0,75,N,N
4.037875e+04,1.105834e+08,3.303106e+10,6.411203e+04,2.015243e+08,1.038708e+11,5.841850e+04,1.488168e+08,5.232104e+10,3.857405e+04,1.046236e+08,4.456153e+10,1,55,N,N
3.185952e+04,6.806155e+07,1.100329e+10,5.168227e+04,1.642068e+08,8.849968e+10,5.382073e+04,1.586805e+08,8.263947e+10,3.179074e+04,6.809210e+07,1.492293e+10,3,96,N,N
3.472304e+04,7.330362e+07,6.830020e+09,6.002550e+04,1.766468e+08,9.027351e+10,5.666399e+04,1.424337e+08,6.032237e+10,3.389058e+04,7.000241e+07,8.025541e+09,0,57,N,N
3.680238e+04,8.815777e+07,1.145751e+10,5.976020e+04,1.522745e+08,6.554236e+10,5.981685e+04,1.372106e+08,4.658173e+10,3.228256e+04,6.737320e+07,1.116130e+10,1,82,N,N
3.474670e+04,8.273269e+07,2.843350e+10,5.367830e+04,2.112282e+08,1.344766e+11,5.224359e+04,1.579757e+08,8.795037e+10,3.471551e+04,8.122504e+07,3.137948e+10,0,39,N,N
3.658235e+04,7.824894e+07,1.311600e+10,5.265456e+04,1.728171e+08,9.077680e+10,5.553205e+04,1.637813e+08,7.570790e+10,3.231867e+04,6.089244e+07,1.058328e+10,1,66,N,N
3.358472e+04,7.487099e+07,1.038034e+10,5.797089e+04,1.693806e+08,8.403678e+10,5.928145e+04,1.498309e+08,6.427224e+10,3.269001e+04,6.746223e+07,1.002322e+10,0,63,N,N
3.560512e+04,7.634174e+07,1.240172e+10,5.818942e+04,2.101969e+08,1.224600e+11,5.545605e+04,1.781968e+08,1.028086e+11,3.323001e+04,7.049886e+07,1.847568e+10,0,81,N,N
4.175172e+04,1.340123e+08,7.023837e+10,6.768077e+04,2.207390e+08,1.288698e+11,6.761138e+04,1.861832e+08,8.800063e+10,3.931487e+04,1.143042e+08,5.312118e+10,1,98,N,N
4.306753e+04,1.131886e+08,2.506000e+10,6.137392e+04,1.660053e+08,9.289370e+10,5.992517e+04,1.655941e+08,8.218311e+10,3.812422e+04,9.730369e+07,1.950819e+10,2,79,N,N
3.270053e+04,7.400063e+07,1.580127e+10,5.714271e+04,1.733360e+08,9.368222e+10,5.706054e+04,1.612525e+08,8.139516e+10,3.286495e+04,7.075831e+07,1.530424e+10,3,48,N,N
3.325095e+04,8.397428e+07,2.029845e+10,6.102954e+04,1.682203e+08,8.328806e+10,6.117745e+04,1.615349e+08,7.703080e+10,3.263641e+04,7.425472e+07,1.538636e+10,2,86,N,N
3.839666e+04,9.548369e+07,1.712790e+10,6.030810e+04,1.801628e+08,1.040411e+11,5.623231e+04,1.453797e+08,6.366831e+10,3.534358e+04,7.978196e+07,1.568111e+10,0,27,N,N
3.892091e+04,9.739515e+07,1.886203e+10,6.413580e+04,1.871146e+08,1.150163e+11,6.028349e+04,1.730361e+08,8.537556e+10,3.660953e+04,8.989448e+07,1.658853e+10,3,79,N,N
3.565641e+04,8.455895e+07,8.951317e+09,6.218133e+04,1.603132e+08,8.152854e+10,6.076002e+04,1.543951e+08,6.634456e+10,3.465500e+04,7.731826e+07,1.051097e+10,0,26,N,N
3.678220e+04,7.951006e+07,8.818010e+09,6.716884e+04,2.037747e+08,1.269709e+11,5.862912e+04,1.695807e+08,8.086334e+10,3.523298e+04,7.857679e+07,2.019029e+10,1,61,N,N
4.274635e+04,1.272166e+08,3.311775e+10,6.377654e+04,2.082007e+08,1.196525e+11,6.353992e+04,1.723007e+08,7.794478e+10,3.920297e+04,1.005199e+08,3.071814e+10,1,47,N,N
4.099279e+04,1.164854e+08,3.147550e+10,6.270797e+04,1.714528e+08,8.816087e+10,5.697223e+04,1.455585e+08,5.894547e+10,3.902051e+04,1.092525e+08,3.836605e+10,1,97,N,N
3.675834e+04,9.026036e+07,1.731461e+10,5.834760e+04,1.610427e+08,8.413356e+10,5.703449e+04,1.407810e+08,5.789669e+10,3.592772e+04,8.380917e+07,1.667729e+10,0,0,N,N
3.626295e+04,8.719992e+07,1.417674e+10,6.230060e+04,1.776339e+08,8.681413e+10,6.070553e+04,1.663695e+08,6.799084e+10,3.522756e+04,8.259632e+07,1.691378e+10,2,104,N,N
4.084985e+04,1.094392e+08,3.802972e+10,5.308313e+04,2.052622e+08,1.217616e+11,4.893338e+04,1.340809e+08,6.391390e+10,3.512872e+04,7.368174e+07,2.259373e+10,3,75,N,N
3.970144e+04,1.085245e+08,3.242255e+10,5.751471e+04,2.279171e+08,1.320398e+11,5.844769e+04,1.699703e+08,8.233425e+10,3.630749e+04,8.364370e+07,2.744528e+10,2,51,N,N
3.757976e+04,9.337797e+07,1.487469e+10,6.028641e+04,1.619153e+08,8.043907e+10,5.831258e+04,1.361788e+08,5.141860e+10,3.390461e+04,7.603265e+07,1.897725e+10,3,90,N,N
3.619863e+04,7.884328e+07,1.250042e+10,5.704734e+04,1.915933e+08,1.053683e+11,5.586233e+04,1.534999e+08,6.658013e+10,3.201792e+04,6.601779e+07,1.470102e+10,3,77,N,N
3.491172e+04,7.701657e+07,1.012487e+10,5.911516e+04,1.618456e+08,7.621488e+10,6.104131e+04,1.412801e+08,5.133225e+10,3.612840e+04,8.149852e+07,1.063007e+10,0,31,N,N
3.522897e+04,7.916607e+07,1.655081e+10,5.367972e+04,1.691817e+08,1.014180e+11,5.393442e+04,1.554934e+08,7.609036e+10,3.263840e+04,6.945395e+07,1.409501e+10,1,5,N,N
4.146657e+04,1.182555e+08,4.694495e+10,6.067624e+04,1.825156e+08,1.051968e+11,6.013547e+04,1.643292e+08,7.403047e+10,3.675426e+04,9.898104e+07,4.173956e+10,3,99,N,N
3.296571e+04,7.035514e+07,1.161435e+10,5.279738e+04,2.028225e+08,1.200384e+11,5.014051e+04,1.511875e+08,7.029473e+10,3.420280e+04,7.231716e+07,2.142171e+10,0,42,N,N
3.827030e+04,9.974175e+07,1.095201e+10,6.750913e+04,2.059354e+08,1.140511e+11,6.748694e+04,1.912074e+08,8.794569e+10,3.781725e+04,9.607793e+07,1.984933e+10,0,70,N,N
4.610143e+04,1.395872e+08,3.688958e+10,6.421600e+04,1.633408e+08,7.239138e+10,6.196404e+04,1.463417e+08,4.764548e+10,3.884126e+04,1.039743e+08,3.157216e+10,1,80,N,N
3.826752e+04,9.770329e+07,2.276854e+10,5.389542e+04,1.692975e+08,9.050060e+10,5.512115e+04,1.325083e+08,5.344458e+10,3.491537e+04,7.961944e+07,1.863663e+10,1,34,N,N
3.989346e+04,1.039316e+08,2.429124e+10,5.955527e+04,1.839226e+08,1.083223e+11,5.577233e+04,1.425670e+08,6.469570e+10,3.870704e+04,1.000258e+08,3.292464e+10,3,93,N,N
3.704657e+04,9.275329e+07,2.168890e+10,5.864076e+04,1.885067e+08,1.112011e+11,5.604528e+04,1.488660e+08,6.948259e+10,3.695004e+04,9.207586e+07,3.024804e+10,0,93,N,N
4.033542e+04,1.099869e+08,2.553678e+10,6.126605e+04,1.718723e+08,9.480338e+10,5.999060e+04,1.484230e+08,6.483830e+10,3.890340e+04,9.970191e+07,2.679473e+10,0,6,N,N
3.878519e+04,1.034043e+08,1.793763e+10,6.187049e+04,1.570299e+08,7.059151e+10,6.170501e+04,1.380191e+08,4.680501e+10,3.546032e+04,8.457673e+07,1.431245e+10,0,18,N,N
3.575712e+04,7.938781e+07,1.003799e+10,6.022932e+04,1.869134e+08,9.978047e+10,5.925045e+04,1.615917e+08,6.911287e+10,3.417428e+04,7.042173e+07,1.646336e+10,0,50,N,N
3.829025e+04,9.985654e+07,1.880476e+10,6.399880e+04,1.732640e+08,7.635403e+10,6.215202e+04,1.556619e+08,5.587247e+10,3.702383e+04,9.369768e+07,2.688360e+10,2,101,N,N
3.695174e+04,8.904886e+07,1.100755e+10,6.047678e+04,1.480931e+08,6.958602e+10,5.827571e+04,1.397030e+08,6.091579e+10,3.387473e+04,7.629414e+07,1.235907e+10,3,74,N,N
2.818680e+04,5.278067e+07,1.005659e+10,5.550818e+04,2.598906e+08,1.585998e+11,5.464818e+04,2.162934e+08,1.306754e+11,2.638292e+04,5.183238e+07,1.355629e+10,3,54,N,N
3.605435e+04,7.990207e+07,8.964968e+09,5.650912e+04,1.841301e+08,9.801703e+10,5.790484e+04,1.580623e+08,6.555743e+10,3.229906e+04,6.457280e+07,1.230217e+10,1,77,N,N
3.492286e+04,7.332581e+07,1.296480e+10,5.673324e+04,2.106621e+08,1.322025e+11,5.199642e+04,1.683786e+08,8.733738e+10,3.353188e+04,6.652694e+07,1.556245e+10,0,91,N,N
3.840963e+04,9.555717e+07,8.820098e+09,5.547056e+04,1.429481e+08,6.710968e+10,5.772723e+04,1.294315e+08,4.634614e+10,3.318893e+04,6.997764e+07,6.607959e+09,2,62,N,N
3.545905e+04,7.655298e+07,1.161953e+10,5.757923e+04,2.229819e+08,1.436568e+11,5.207464e+04,1.553961e+08,7.687654e+10,3.310138e+04,6.925030e+07,1.606934e+10,2,81,N,N
3.470588e+04,7.685618e+07,1.828508e+10,5.732464e+04,1.942442e+08,1.101083e+11,5.537788e+04,1.443638e+08,6.869972e+10,3.322464e+04,7.058979e+07,1.998878e+10,2,92,N,N
3.382415e+04,7.526492e+07,1.380926e+10,5.504038e+04,1.610907e+08,7.890512e+10,5.668382e+04,1.529595e+08,6.937895e+10,3.230409e+04,6.691862e+07,1.470834e+10,1,58,N,N
3.852338e+04,9.833967e+07,1.527189e+10,5.928212e+04,1.517857e+08,7.045376e+10,6.039034e+04,1.398065e+08,5.265094e+10,3.577610e+04,8.275398e+07,1.870046e+10,0,90,N,N
4.392277e+04,1.459628e+08,5.302382e+10,6.926376e+04,2.063482e+08,1.175771e+11,6.729928e+04,1.819508e+08,8.316022e+10,4.076752e+04,1.179404e+08,4.943205e+10,3,73,N,N
3.777007e+04,9.213984e+07,1.839376e+10,5.631833e+04,1.702962e+08,8.650610e+10,5.830068e+04,1.649722e+08,7.737220e+10,3.389418e+04,7.193758e+07,1.907832e+10,1,78,N,N
3.944126e+04,1.059583e+08,1.147230e+10,6.371591e+04,1.721408e+08,8.351542e+10,6.431480e+04,1.505560e+08,6.239849e+10,3.631723e+04,8.937066e+07,1.407220e+10,2,49,N,N
3.560920e+04,9.223307e+07,1.343817e+10,6.832021e+04,2.548218e+08,1.689976e+11,6.580722e+04,2.246766e+08,1.099276e+11,3.674867e+04,9.036717e+07,2.178236e+10,1,67,N,N
3.971599e+04,9.943192e+07,2.613932e+10,5.407251e+04,1.724327e+08,9.423984e+10,5.616091e+04,1.412064e+08,5.872756e+10,3.492240e+04,7.492329e+07,1.943585e+10,0,34,N,N
3.275791e+04,7.314200e+07,1.424119e+10,5.744847e+04,1.786065e+08,9.447814e+10,5.549991e+04,1.540877e+08,6.796986e+10,3.112670e+04,6.231633e+07,1.490706e+10,0,71,N,N
4.086642e+04,1.056821e+08,2.778016e+10,5.837240e+04,1.973994e+08,1.048657e+11,5.532634e+04,1.521213e+08,7.066513e+10,3.625231e+04,8.325397e+07,2.775960e+10,3,64,N,N
3.568421e+04,8.496389e+07,1.343579e+10,6.311643e+04,1.898788e+08,9.910604e+10,5.977457e+04,1.604768e+08,6.444667e+10,3.459644e+04,7.904980e+07,1.571793e+10,3,104,N,N
4.081014e+04,1.044163e+08,3.329351e+10,5.531328e+04,2.202034e+08,1.383522e+11,4.997244e+04,1.422100e+08,6.628639e+10,3.301382e+04,6.576914e+07,1.827996e+10,2,75,N,N
3.596853e+04,7.338710e+07,1.122421e+10,5.276485e+04,1.677654e+08,8.649602e+10,5.432464e+04,1.587172e+08,7.731729e+10,3.221757e+04,6.077140e+07,1.159797e+10,3,66,N,N
3.398480e+04,7.670569e+07,8.492842e+09,5.956638e+04,1.578567e+08,6.764235e+10,5.982805e+04,1.576895e+08,6.088945e+10,3.257028e+04,7.035824e+07,1.005153e+10,0,89,N,N
3.099670e+04,6.429024e+07,1.404923e+10,5.273335e+04,2.267562e+08,1.446140e+11,5.177231e+04,1.662920e+08,8.526904e+10,3.032623e+04,5.759660e+07,1.430883e+10,0,32,N,N
3.194700e+04,6.701765e+07,1.066300e+10,5.368224e+04,1.730669e+08,1.051487e+11,5.060387e+04,1.511044e+08,8.425578e+10,3.064034e+04,6.283413e+07,1.258754e+10,0,102,N,N
3.982212e+04,1.077037e+08,1.644297e+10,6.765091e+04,1.808181e+08,8.273135e+10,6.183566e+04,1.465544e+08,4.875808e+10,3.509722e+04,8.148229e+07,1.676742e+10,2,103,N,N
3.223457e+04,6.658135e+07,1.348817e+10,5.182616e+04,1.614873e+08,9.333495e+10,5.325730e+04,1.572533e+08,8.230169e+10,3.349665e+04,7.104995e+07,1.309233e+10,0,5,N,N
3.735956e+04,8.779519e+07,1.570830e+10,6.007002e+04,2.108970e+08,1.320738e+11,5.842230e+04,1.888595e+08,1.022154e+11,3.558777e+04,7.956233e+07,1.981083e+10,1,59,N,N
4.014595e+04,1.136945e+08,3.288390e+10,6.078163e+04,1.720458e+08,8.612403e+10,5.700389e+04,1.511868e+08,5.949398e+10,3.783085e+04,9.765368e+07,2.937859e+10,3,97,N,N
4.141733e+04,1.234839e+08,3.752992e+10,6.026844e+04,1.762782e+08,9.115376e+10,5.696032e+04,1.438011e+08,5.470221e+10,3.763086e+04,9.709835e+07,3.231059e+10,0,97,N,N
3.749841e+04,8.920237e+07,1.252879e+10,6.619205e+04,1.718100e+08,8.255774e+10,6.159715e+04,1.498153e+08,5.143167e+10,3.686472e+04,8.405673e+07,1.114863e+10,1,88,N,N
3.494687e+04,7.078888e+07,1.163445e+10,5.435361e+04,1.720406e+08,9.438530e+10,5.468263e+04,1.651826e+08,8.030867e+10,3.234134e+04,6.050695e+07,1.133594e+10,0,66,N,N
3.856158e+04,9.997971e+07,2.796935e+10,5.449406e+04,1.861229e+08,1.007907e+11,5.494655e+04,1.574845e+08,7.368149e+10,3.758881e+04,8.726459e+07,3.143541e+10,0,64,N,N
3.846185e+04,1.000946e+08,2.193142e+10,5.613366e+04,1.840589e+08,1.042369e+11,5.658049e+04,1.529208e+08,7.488681e+10,3.601892e+04,8.779631e+07,2.797533e+10,1,93,N,N
3.694591e+04,9.567213e+07,1.413547e+10,6.283379e+04,1.552505e+08,6.810759e+10,6.154410e+04,1.406319e+08,5.060842e+10,3.557592e+04,8.874305e+07,1.455753e+10,3,95,N,N
3.625135e+04,8.770090e+07,2.356970e+10,5.627703e+04,2.030531e+08,1.193560e+11,5.634314e+04,1.562378e+08,8.021185e+10,3.491453e+04,8.073498e+07,2.411647e+10,1,25,N,N
3.242178e+04,6.964294e+07,1.028060e+10,5.256252e+04,1.690245e+08,8.933770e+10,5.139186e+04,1.508321e+08,6.893790e+10,2.935306e+04,5.366565e+07,9.664423e+09,3,53,N,N
3.601653e+04,7.748351e+07,8.874946e+09,5.661069e+04,1.755587e+08,9.215469e+10,5.591864e+04,1.552897e+08,6.645235e+10,3.180527e+04,6.275842e+07,1.159609e+10,0,77,N,N
3.616110e+04,7.519305e+07,8.378733e+09,6.531560e+04,1.754866e+08,9.803359e+10,6.023501e+04,1.758711e+08,9.305702e+10,3.455478e+04,7.843268e+07,1.855513e+10,0,61,N,N
3.473176e+04,7.885439e+07,1.951909e+10,5.614161e+04,1.815156e+08,1.050772e+11,5.458969e+04,1.547689e+08,7.740670e+10,3.283315e+04,6.736971e+07,1.794798e+10,2,68,N,N
4.342105e+04,1.308542e+08,3.330019e+10,6.520547e+04,2.134173e+08,1.224342e+11,6.540992e+04,1.825548e+08,8.863174e+10,4.136035e+04,1.109378e+08,3.631066e+10,2,47,N,N
3.612175e+04,8.664237e+07,1.145145e+10,5.732523e+04,1.818672e+08,1.125616e+11,5.698642e+04,1.589792e+08,8.373786e+10,3.439555e+04,7.225140e+07,1.235562e+10,0,41,N,N
3.420585e+04,7.771255e+07,1.665640e+10,5.721164e+04,1.909718e+08,1.039160e+11,5.642040e+04,1.459789e+08,6.350917e+10,3.188855e+04,6.652722e+07,1.434152e+10,1,71,N,N
3.795943e+04,9.543956e+07,1.318224e+10,6.487910e+04,1.706082e+08,8.324275e+10,6.307577e+04,1.539119e+08,5.349141e+10,3.576221e+04,7.933595e+07,1.089828e+10,2,88,N,N
4.024424e+04,1.125066e+08,4.683719e+10,5.778011e+04,1.992960e+08,1.373260e+11,5.631533e+04,1.521191e+08,7.727924e+10,3.959687e+04,1.031887e+08,4.012912e+10,0,72,N,N
3.766099e+04,9.856042e+07,1.958596e+10,6.381616e+04,2.287305e+08,1.616147e+11,5.809838e+04,1.647449e+08,9.324018e+10,3.722978e+04,9.163936e+07,2.721302e+10,1,87,N,N
4.069909e+04,1.191306e+08,3.027912e+10,6.157667e+04,1.771880e+08,8.510861e+10,5.776522e+04,1.431681e+08,5.732925e+10,3.937343e+04,1.009572e+08,2.991821e+10,2,97,N,N
3.734974e+04,9.151595e+07,1.721833e+10,6.832024e+04,2.421832e+08,1.679722e+11,6.125074e+04,1.927380e+08,1.169433e+11,3.700492e+04,8.780063e+07,2.499956e+10,2,87,N,N
3.636820e+04,8.413901e+07,1.951806e+10,5.631635e+04,1.838264e+08,1.027967e+11,5.532799e+04,1.531162e+08,8.070116e+10,3.458562e+04,7.957789e+07,2.297954e+10,0,92,N,N
3.927537e+04,1.047508e+08,3.803457e+10,6.020920e+04,2.068342e+08,1.283308e+11,5.597117e+04,1.554556e+08,8.799937e+10,4.052787e+04,1.017682e+08,3.991371e+10,2,72,N,N
4.031247e+04,1.128154e+08,4.232722e+10,6.188701e+04,1.934881e+08,1.118299e+11,5.700286e+04,1.506648e+08,6.762750e+10,3.634890e+04,9.771737e+07,4.110750e+10,0,99,N,N
3.270593e+04,7.460371e+07,1.817788e+10,5.702325e+04,2.431533e+08,1.664282e+11,5.172990e+04,1.496090e+08,7.680724e+10,3.140292e+04,6.019523e+07,1.410613e+10,1,37,N,N
3.619882e+04,8.624132e+07,1.574687e+10,5.901317e+04,1.766712e+08,9.100565e+10,5.811727e+04,1.521358e+08,6.378572e+10,3.155059e+04,7.092735e+07,1.754573e+10,0,1,N,N
3.477421e+04,8.320793e+07,1.949116e+10,5.654783e+04,1.618689e+08,8.439740e+10,5.475516e+04,1.680647e+08,9.312586e+10,3.067342e+04,6.354134e+07,1.424119e+10,1,68,N,N
4.534083e+04,1.353725e+08,3.227465e+10,6.478455e+04,1.650351e+08,7.500486e+10,6.066829e+04,1.436870e+08,4.863337e+10,3.709288e+04,9.568120e+07,2.922092e+10,0,80,N,N
3.834276e+04,8.347790e+07,8.583401e+09,6.232024e+04,1.770818e+08,1.009162e+11,6.002033e+04,1.711700e+08,8.403111e+10,3.508934e+04,7.743077e+07,1.910981e+10,3,61,N,N
4.075427e+04,1.116704e+08,2.574977e+10,5.742429e+04,1.823798e+08,1.049641e+11,5.552846e+04,1.440172e+08,6.523109e+10,3.739869e+04,9.418002e+07,2.960806e+10,2,93,N,N
4.208090e+04,1.214829e+08,4.335272e+10,6.061412e+04,2.001133e+08,1.153730e+11,6.039081e+04,1.752537e+08,8.428090e+10,3.853498e+04,1.033715e+08,4.425280e+10,0,35,N,N
3.643552e+04,8.297225e+07,1.306658e+10,5.609396e+04,1.881753e+08,1.103046e+11,5.383262e+04,1.528057e+08,7.342253e+10,3.442676e+04,7.438895e+07,1.518412e+10,0,8,N,N
3.455132e+04,8.642733e+07,1.196929e+10,6.899738e+04,2.551716e+08,1.690202e+11,6.744803e+04,2.297847e+08,1.177274e+11,3.749277e+04,9.213058e+07,2.149461e+10,2,67,N,N
3.407071e+04,7.542773e+07,1.332407e+10,5.726216e+04,1.923905e+08,1.213295e+11,5.265117e+04,1.534031e+08,8.192035e+10,3.127643e+04,6.273482e+07,1.243960e+10,2,102,N,N
3.688695e+04,8.487440e+07,1.283077e+10,6.066491e+04,1.731127e+08,7.720999e+10,5.900885e+04,1.568173e+08,6.280139e+10,3.455944e+04,7.489282e+07,1.524915e+10,1,52,N,N
3.762655e+04,9.274976e+07,9.455174e+09,5.474400e+04,1.379884e+08,6.426937e+10,5.972485e+04,1.431701e+08,5.312447e+10,3.286792e+04,6.919700e+07,6.962361e+09,3,62,N,N
3.914353e+04,9.656113e+07,1.997991e+10,5.945847e+04,1.713568e+08,9.215236e+10,5.681919e+04,1.517276e+08,7.019338e+10,3.633703e+04,8.513472e+07,2.125160e+10,0,45,N,N
3.886761e+04,1.033221e+08,1.667644e+10,5.927227e+04,1.529672e+08,7.499633e+10,5.872835e+04,1.347926e+08,5.173351e+10,3.555996e+04,8.544150e+07,2.143402e+10,1,90,N,N
3.961750e+04,1.012023e+08,1.446545e+10,6.489901e+04,1.648413e+08,7.073425e+10,6.284129e+04,1.418925e+08,4.660517e+10,3.668281e+04,8.652044e+07,1.785688e+10,3,103,N,N
3.892405e+04,9.848317e+07,1.445691e+10,6.290003e+04,1.640679e+08,7.167219e+10,6.441120e+04,1.560919e+08,5.133792e+10,3.546611e+04,8.295179e+07,1.767424e+10,0,103,N,N
3.684951e+04,8.098675e+07,7.833684e+09,6.701136e+04,1.991977e+08,1.150741e+11,6.020336e+04,1.677212e+08,7.585588e+10,3.488228e+04,7.978234e+07,1.791502e+10,2,61,N,N
3.912413e+04,9.601671e+07,1.417582e+10,5.813217e+04,1.482999e+08,7.205875e+10,5.866485e+04,1.444367e+08,6.428870e+10,3.609365e+04,8.252060e+07,1.536950e+10,0,84,N,N
3.653554e+04,9.391996e+07,1.427489e+10,6.023272e+04,1.460338e+08,6.296195e+10,6.183270e+04,1.424505e+08,5.013659e+10,3.581224e+04,8.802632e+07,1.369295e+10,2,95,N,N
3.650697e+04,8.982316e+07,2.300195e+10,5.897024e+04,2.025520e+08,1.136319e+11,5.877000e+04,1.511613e+08,6.468963e+10,3.483743e+04,7.643417e+07,2.008635e+10,0,4,N,N
2.835953e+04,5.578393e+07,1.020070e+10,5.670845e+04,2.513577e+08,1.621852e+11,5.173229e+04,2.098258e+08,1.235579e+11,2.762098e+04,5.538845e+07,1.391677e+10,2,54,N,N
3.447073e+04,9.054286e+07,1.840418e+10,5.980108e+04,1.614226e+08,8.059094e+10,6.178970e+04,1.625471e+08,7.760149e+10,3.313223e+04,7.589864e+07,1.385710e+10,1,86,N,N
3.471392e+04,7.824603e+07,1.075076e+10,6.029842e+04,2.117447e+08,1.302670e+11,5.849217e+04,1.654447e+08,8.645827e+10,3.706238e+04,8.275035e+07,1.547700e+10,1,44,N,N
3.665331e+04,8.726269e+07,1.519640e+10,6.069689e+04,2.030284e+08,1.267628e+11,5.424259e+04,1.690055e+08,8.655968e+10,3.480649e+04,7.562268e+07,1.835905e+10,0,59,N,N
3.768120e+04,9.261327e+07,1.177871e+10,5.813779e+04,1.498002e+08,7.018592e+10,5.980740e+04,1.417138e+08,5.845634e+10,3.506972e+04,8.141634e+07,1.153889e+10,2,100,N,N
3.481940e+04,8.470866e+07,1.565527e+10,5.900730e+04,1.705816e+08,8.499969e+10,5.984147e+04,1.546504e+08,7.535693e+10,3.413128e+04,7.922924e+07,1.636409e+10,1,46,N,N
3.512544e+04,7.792449e+07,1.551634e+10,5.384738e+04,2.055324e+08,1.160691e+11,4.984158e+04,1.512251e+08,7.485809e+10,3.607737e+04,7.900097e+07,2.597310e+10,1,42,N,N
3.208335e+04,6.622980e+07,1.145804e+10,5.559974e+04,2.210838e+08,1.435357e+11,5.380903e+04,1.619706e+08,8.696310e+10,3.137827e+04,5.931679e+07,1.279977e+10,2,37,N,N
3.894226e+04,1.064663e+08,2.533410e+10,6.425463e+04,1.986955e+08,1.251575e+11,6.145017e+04,1.735054e+08,9.381145e+10,3.729764e+04,9.284333e+07,2.043878e+10,1,36,N,N
3.572987e+04,8.364591e+07,1.072097e+10,5.672182e+04,1.602492e+08,7.860546e+10,5.969964e+04,1.464172e+08,5.790493e+10,3.375478e+04,7.180678e+07,9.915665e+09,1,63,N,N
4.283748e+04,1.265551e+08,2.963984e+10,5.970393e+04,1.646719e+08,8.306066e+10,5.971522e+04,1.359314e+08,5.167817e+10,3.642646e+04,8.545142e+07,2.082961e+10,1,65,N,N
3.590179e+04,8.450298e+07,1.712315e+10,5.397166e+04,1.627475e+08,7.916845e+10,5.500672e+04,1.449217e+08,6.084502e+10,3.147448e+04,6.356799e+07,1.243167e+10,3,58,N,N
4.337139e+04,1.242553e+08,2.766601e+10,5.927155e+04,1.521582e+08,7.365174e+10,5.682791e+04,1.307583e+08,4.940929e+10,3.739538e+04,9.253212e+07,2.549551e+10,0,65,N,N
3.134403e+04,6.417714e+07,8.218753e+09,5.149104e+04,1.538700e+08,7.885623e+10,5.209104e+04,1.554719e+08,7.076609e+10,2.785756e+04,4.897651e+07,7.297352e+09,1,53,N,N
3.531483e+04,8.398397e+07,1.490079e+10,5.807702e+04,1.906183e+08,1.093926e+11,5.601406e+04,1.470297e+08,6.382682e+10,3.628533e+04,8.480392e+07,2.453247e+10,0,7,N,N
3.606524e+04,8.545811e+07,1.018177e+10,6.016383e+04,1.694238e+08,7.803799e+10,5.884087e+04,1.433567e+08,5.419029e+10,3.481915e+04,7.807325e+07,1.164933e+10,1,60,N,N
3.331076e+04,7.638512e+07,1.238545e+10,5.981871e+04,2.005177e+08,1.232850e+11,5.382352e+04,1.567320e+08,7.860478e+10,3.170105e+04,6.687415e+07,1.427168e+10,0,3,N,N
3.286591e+04,6.897860e+07,6.519835e+09,6.113927e+04,2.257388e+08,1.463048e+11,5.654270e+04,1.697838e+08,8.527508e+10,3.270193e+04,6.821935e+07,1.365805e+10,1,33,N,N
4.480794e+04,1.362204e+08,3.092973e+10,6.230136e+04,1.566899e+08,7.028296e+10,6.293231e+04,1.484148e+08,4.917442e+10,3.884329e+04,1.055248e+08,3.327975e+10,3,80,N,N
3.804816e+04,9.072931e+07,1.015675e+10,5.436230e+04,1.649389e+08,8.519596e+10,5.421521e+04,1.303852e+08,5.243921e+10,3.310616e+04,6.521979e+07,7.613126e+09,3,83,N,N
4.074709e+04,1.001718e+08,2.397463e+10,5.569653e+04,1.736909e+08,9.086887e+10,5.423601e+04,1.526126e+08,6.729575e+10,3.613308e+04,7.926025e+07,2.359991e+10,2,78,N,N
3.366502e+04,7.946566e+07,1.582278e+10,5.993485e+04,1.782855e+08,9.832068e+10,5.594378e+04,1.734124e+08,9.060726e+10,3.146892e+04,6.792577e+07,1.620223e+10,0,68,N,N
3.807615e+04,9.481588e+07,2.450410e+10,6.342045e+04,2.174609e+08,1.362811e+11,5.750713e+04,2.074431e+08,1.204008e+11,3.579266e+04,8.225564e+07,2.956628e+10,0,19,N,N
3.512996e+04,8.071908e+07,8.357333e+09,5.850185e+04,1.553966e+08,6.649056e+10,5.932199e+04,1.529208e+08,5.727642e+10,3.338246e+04,7.404899e+07,9.716011e+09,1,89,N,N
4.359306e+04,1.300235e+08,5.053192e+10,5.963269e+04,1.885208e+08,1.073651e+11,5.952322e+04,1.780337e+08,8.269239e+10,3.757757e+04,9.962506e+07,4.045819e+10,1,35,N,N
3.334865e+04,7.597180e+07,2.555352e+10,5.053552e+04,1.889598e+08,1.090724e+11,5.097810e+04,1.507846e+08,8.215343e+10,3.312817e+04,7.137718e+07,2.456031e+10,2,94,N,N
3.582659e+04,8.919947e+07,1.697668e+10,6.660699e+04,2.421011e+08,1.718167e+11,5.951871e+04,1.801025e+08,1.040947e+11,3.692675e+04,8.916805e+07,2.591876e+10,0,87,N,N
3.844876e+04,9.665777e+07,2.000185e+10,5.846992e+04,1.736482e+08,1.000796e+11,5.693671e+04,1.662291e+08,9.168983e+10,3.427066e+04,7.476811e+07,1.728945e+10,0,22,N,N
3.906418e+04,9.943489e+07,1.545899e+10,6.645391e+04,1.724466e+08,8.264111e+10,6.082727e+04,1.367070e+08,4.543710e+10,3.579137e+04,8.332050e+07,1.156347e+10,0,88,N,N
4.335672e+04,1.351170e+08,4.834158e+10,7.179558e+04,2.161150e+08,1.313441e+11,6.455228e+04,1.762868e+08,7.797972e+10,4.094172e+04,1.152652e+08,5.134830e+10,1,73,N,N
3.825579e+04,9.016949e+07,2.188300e+10,5.132144e+04,1.711706e+08,8.068261e+10,5.559514e+04,1.778843e+08,8.393157e+10,3.577139e+04,7.781577e+07,1.788062e+10,0,38,N,N
3.782881e+04,1.011808e+08,3.031054e+10,5.665594e+04,2.205592e+08,1.310010e+11,5.798398e+04,1.739124e+08,8.547344e+10,3.650180e+04,8.409469e+07,2.680156e+10,3,51,N,N
3.310346e+04,7.425337e+07,1.773176e+10,5.796606e+04,1.877061e+08,1.056327e+11,5.733276e+04,1.532159e+08,6.943964e+10,3.144416e+04,6.629231e+07,1.374415e+10,0,48,N,N
4.108812e+04,1.285284e+08,6.538065e+10,6.591811e+04,2.035334e+08,1.165300e+11,6.751140e+04,1.933285e+08,9.440502e+10,3.888538e+04,1.097243e+08,5.229057e+10,3,98,N,N
2.641384e+04,5.098824e+07,9.612488e+09,5.651145e+04,2.736382e+08,1.759890e+11,5.415710e+04,2.005873e+08,1.100214e+11,2.407515e+04,4.538331e+07,1.072629e+10,1,54,N,N
3.740281e+04,9.538529e+07,1.107908e+10,5.864819e+04,1.477616e+08,6.915222e+10,5.939192e+04,1.436824e+08,5.876957e+10,3.424596e+04,7.766237e+07,9.849795e+09,1,100,N,N
3.800000e+04,9.534621e+07,1.791041e+10,5.903491e+04,1.656466e+08,9.310519e+10,5.721065e+04,1.470789e+08,6.554953e+10,3.508416e+04,8.139991e+07,1.602423e+10,1,0,N,N
3.518314e+04,8.300883e+07,1.460129e+10,5.689725e+04,1.694434e+08,9.763717e+10,5.904632e+04,1.644170e+08,8.816945e+10,3.607257e+04,8.096783e+07,1.365133e+10,1,12,N,N
4.054265e+04,1.107012e+08,3.926987e+10,5.653331e+04,1.812528e+08,1.093574e+11,5.484038e+04,1.567435e+08,8.543455e+10,3.782850e+04,9.270220e+07,3.331032e+10,3,72,N,N
3.818678e+04,9.805805e+07,3.490261e+10,5.802646e+04,1.826861e+08,1.033338e+11,5.652179e+04,1.481248e+08,7.118599e+10,3.643637e+04,9.916923e+07,5.228706e+10,2,85,N,N
4.069446e+04,1.293648e+08,6.893599e+10,6.617889e+04,2.133333e+08,1.261762e+11,6.591941e+04,1.817128e+08,8.419584e+10,3.863728e+04,1.112600e+08,5.370917e+10,0,98,N,N
3.865367e+04,9.753824e+07,1.411413e+10,6.057426e+04,1.708301e+08,9.451436e+10,5.971491e+04,1.545133e+08,7.340313e+10,3.719012e+04,9.074728e+07,2.086721e+10,0,11,N,N
3.805045e+04,8.570799e+07,1.347642e+10,6.046986e+04,1.884995e+08,9.822779e+10,5.657036e+04,1.562441e+08,6.843946e+10,3.339674e+04,7.007478e+07,1.698538e+10,2,50,N,N
3.570429e+04,8.415027e+07,1.283308e+10,6.175859e+04,1.855144e+08,9.363128e+10,5.986242e+04,1.531667e+08,6.162571e+10,3.507020e+04,8.095270e+07,1.518246e+10,1,104,N,N
3.458833e+04,8.126210e+07,1.819553e+10,5.822808e+04,1.768242e+08,9.616792e+10,5.853192e+04,1.636006e+08,8.224165e+10,3.216452e+04,6.871608e+07,1.527251e+10,2,48,N,N
3.836918e+04,9.952289e+07,1.337472e+10,6.475849e+04,1.708310e+08,8.780128e+10,6.444000e+04,1.560600e+08,6.693408e+10,3.627709e+04,8.615465e+07,1.188613e+10,0,49,N,N
3.613482e+04,8.076007e+07,1.205850e+10,5.976616e+04,1.849717e+08,9.565116e+10,5.705047e+04,1.575345e+08,6.832925e+10,3.423488e+04,7.008355e+07,1.742822e+10,1,50,N,N
4.295524e+04,1.241333e+08,3.319966e+10,6.338468e+04,2.030725e+08,1.155451e+11,6.274913e+04,1.735460e+08,7.966972e+10,4.021412e+04,1.001958e+08,3.362130e+10,3,47,N,N
3.549823e+04,8.079795e+07,1.160545e+10,5.838966e+04,1.665846e+08,7.833693e+10,5.901145e+04,1.515991e+08,5.684275e+10,3.391675e+04,7.250583e+07,1.356760e+10,2,52,N,N
3.917115e+04,1.029620e+08,1.670200e+10,5.826718e+04,1.505793e+08,7.057180e+10,5.856979e+04,1.358417e+08,5.043829e+10,3.470752e+04,8.144490e+07,1.805699e+10,2,90,N,N
3.676116e+04,8.578711e+07,1.837031e+10,5.520315e+04,1.614166e+08,7.745818e+10,5.574730e+04,1.495947e+08,6.499276e+10,3.266107e+04,6.721763e+07,1.414972e+10,2,58,N,N
3.666445e+04,8.644742e+07,8.862487e+09,5.608684e+04,1.570057e+08,8.316232e+10,5.690767e+04,1.393252e+08,5.960459e+10,3.434808e+04,7.663219e+07,9.758701e+09,3,69,N,N
3.424622e+04,7.809819e+07,1.141590e+10,5.832058e+04,1.696746e+08,8.629935e+10,5.883897e+04,1.469562e+08,6.063680e+10,3.408919e+04,7.485515e+07,1.042224e+10,2,63,N,N
4.279141e+04,1.373867e+08,6.812609e+10,6.698560e+04,2.101877e+08,1.241514e+11,6.672014e+04,1.865097e+08,8.891558e+10,3.952397e+04,1.146134e+08,5.345668e+10,2,98,N,N
3.410264e+04,7.576525e+07,1.315804e+10,6.008308e+04,2.255532e+08,1.475379e+11,5.702048e+04,1.916282e+08,1.022215e+11,3.274840e+04,7.026925e+07,1.630204e+10,1,40,N,N
3.862697e+04,1.019001e+08,3.727414e+10,5.958825e+04,1.925879e+08,1.096917e+11,5.322970e+04,1.403494e+08,6.700649e+10,3.723206e+04,1.036208e+08,5.353209e+10,3,85,N,N
3.743009e+04,8.820714e+07,1.701937e+10,5.800271e+04,1.726097e+08,9.007659e+10,5.705182e+04,1.624987e+08,7.075650e+10,3.517383e+04,7.409701e+07,1.993679e+10,3,78,N,N
3.847678e+04,9.982674e+07,1.186207e+10,6.353883e+04,1.629650e+08,7.664530e+10,6.266059e+04,1.506532e+08,6.284172e+10,3.746867e+04,9.501218e+07,1.219601e+10,1,49,N,N
3.730159e+04,9.340857e+07,3.063814e+10,5.795961e+04,1.949427e+08,1.249493e+11,5.286135e+04,1.544561e+08,8.465635e+10,3.530801e+04,8.088209e+07,2.648843e+10,1,72,N,N
4.026671e+04,1.024580e+08,2.712616e+10,5.882472e+04,2.289574e+08,1.418264e+11,5.676323e+04,1.880388e+08,9.713290e+10,3.713524e+04,8.975131e+07,2.928929e+10,0,24,N,N
3.809705e+04,9.305690e+07,1.681511e+10,5.938168e+04,1.761444e+08,9.979873e+10,5.777230e+04,1.617665e+08,7.856867e+10,3.589845e+04,8.395254e+07,1.953249e+10,1,45,N,N
3.705754e+04,9.348976e+07,2.553484e+10,5.812411e+04,2.347941e+08,1.450319e+11,5.825582e+04,1.698096e+08,7.833623e+10,3.548443e+04,8.006738e+07,2.684644e+10,0,51,N,N
3.663095e+04,9.027594e+07,1.259243e+10,6.087796e+04,1.592234e+08,7.776817e+10,5.699758e+04,1.394485e+08,6.070049e+10,3.490928e+04,7.989826e+07,1.242989e+10,0,100,N,N
3.140202e+04,6.795131e+07,1.150015e+10,5.432381e+04,1.795550e+08,1.017552e+11,5.328233e+04,1.543625e+08,7.576228e+10,3.106180e+04,6.564941e+07,1.399973e+10,1,96,N,N
3.642230e+04,8.531057e+07,1.168519e+10,5.873305e+04,1.505400e+08,6.553526e+10,5.886628e+04,1.355664e+08,4.843892e+10,3.409171e+04,7.432612e+07,1.284941e+10,3,82,N,N
3.685431e+04,8.420208e+07,1.179090e+10,5.858717e+04,1.812927e+08,9.396805e+10,5.685075e+04,1.620770e+08,7.654983e+10,3.333693e+04,6.803583e+07,1.594946e+10,3,50,N,N
3.457518e+04,7.933187e+07,8.654023e+09,5.823855e+04,1.579730e+08,6.887608e+10,6.001052e+04,1.555038e+08,5.797683e+10,3.343488e+04,7.311441e+07,9.930510e+09,3,89,N,N
3.775757e+04,8.865155e+07,1.443363e+10,6.126950e+04,1.582384e+08,6.481664e+10,6.263847e+04,1.416094e+08,4.517180e+10,3.550289e+04,7.922510e+07,1.384179e+10,2,82,N,N
4.207919e+04,1.182839e+08,3.593743e+10,6.195400e+04,1.861553e+08,9.448314e+10,5.984516e+04,1.512188e+08,5.767552e+10,3.859973e+04,1.080320e+08,4.611337e+10,0,55,N,N
3.917892e+04,1.054222e+08,1.555487e+10,6.131441e+04,1.651015e+08,8.180715e+10,6.048685e+04,1.514286e+08,5.838262e+10,3.497977e+04,8.206067e+07,1.761792e+10,0,20,N,N
3.736361e+04,9.580629e+07,2.262696e+10,6.207178e+04,1.975607e+08,1.305454e+11,5.949265e+04,1.861312e+08,1.111607e+11,3.560187e+04,8.240949e+07,2.163805e+10,0,36,N,N
4.125293e+04,1.097666e+08,1.865348e+10,6.178793e+04,1.663147e+08,8.400181e+10,6.020423e+04,1.520056e+08,6.067889e+10,3.823378e+04,9.716111e+07,2.794258e+10,0,56,N,N
3.552135e+04,8.620900e+07,2.885215e+10,5.277926e+04,1.977534e+08,1.228013e+11,5.331513e+04,1.635626e+08,9.441308e+10,3.353766e+04,7.538661e+07,2.706364e+10,1,94,N,N
3.564181e+04,7.799524e+07,1.393421e+10,5.481245e+04,2.002587e+08,1.160107e+11,5.123316e+04,1.524712e+08,7.813612e+10,3.431227e+04,7.012131e+07,1.620497e+10,2,91,N,N
3.793685e+04,9.758517e+07,1.220225e+10,6.557271e+04,1.946730e+08,1.064838e+11,6.520902e+04,1.822381e+08,8.129647e+10,3.765915e+04,9.380119e+07,2.013669e+10,1,70,N,N
3.670130e+04,8.899288e+07,1.308689e+10,6.034231e+04,2.121505e+08,1.396251e+11,5.898553e+04,1.771160e+08,9.673325e+10,3.509426e+04,7.288667e+07,1.438208e+10,0,44,N,N
3.307401e+04,7.374156e+07,2.235433e+10,5.305735e+04,1.985292e+08,1.196336e+11,5.045690e+04,1.557920e+08,8.500796e+10,3.245286e+04,7.092441e+07,2.391371e+10,3,94,N,N
4.127048e+04,1.059060e+08,2.170678e+10,6.639603e+04,1.985535e+08,1.238608e+11,6.257993e+04,1.657569e+08,7.516139e+10,3.771717e+04,8.943895e+07,1.859808e+10,1,79,N,N
4.043925e+04,1.049868e+08,1.795380e+10,6.335340e+04,1.599361e+08,7.728109e+10,5.882179e+04,1.469372e+08,5.606130e+10,3.593943e+04,8.954853e+07,2.552421e+10,3,56,N,N
3.854787e+04,1.010800e+08,1.399647e+10,6.067811e+04,1.726862e+08,8.790346e+10,6.572538e+04,1.892917e+08,8.750109e+10,3.809359e+04,9.435807e+07,1.925493e+10,3,70,N,N
3.673926e+04,9.277329e+07,1.132200e+10,6.415604e+04,1.624107e+08,8.042736e+10,6.162797e+04,1.462486e+08,5.302102e+10,3.577748e+04,8.192678e+07,1.186258e+10,3,88,N,N
3.398978e+04,7.798561e+07,1.387919e+10,5.618418e+04,1.794759e+08,9.340425e+10,5.730191e+04,1.481142e+08,6.671356e+10,3.279605e+04,6.913293e+07,1.375669e+10,3,71,N,N
3.633487e+04,8.669901e+07,1.039313e+10,5.650910e+04,1.383180e+08,6.251736e+10,5.880328e+04,1.410867e+08,6.208781e+10,3.340139e+04,7.603634e+07,1.359975e+10,0,74,N,N
3.271217e+04,6.907811e+07,7.688485e+09,5.666951e+04,1.983752e+08,1.165636e+11,5.697256e+04,1.898165e+08,1.058251e+11,3.237327e+04,6.746073e+07,1.444224e+10,0,17,N,N
3.780427e+04,9.880651e+07,2.952791e+10,5.570730e+04,2.175983e+08,1.284537e+11,5.867721e+04,1.783445e+08,9.201842e+10,3.503347e+04,7.802216e+07,2.663492e+10,1,51,N,N
3.929979e+04,1.024028e+08,2.671163e+10,5.496422e+04,1.796641e+08,9.748338e+10,5.598467e+04,1.643798e+08,7.868509e+10,3.628350e+04,8.420564e+07,3.020187e+10,1,64,N,N
3.426135e+04,7.388742e+07,9.956421e+09,5.594073e+04,1.763801e+08,9.034150e+10,5.553870e+04,1.586489e+08,6.983871e+10,3.068872e+04,6.007385e+07,1.172596e+10,2,77,N,N
4.047743e+04,1.056586e+08,4.854605e+10,5.814214e+04,2.122003e+08,1.265687e+11,5.462504e+04,1.541753e+08,8.190899e+10,3.897611e+04,1.093329e+08,6.680353e+10,1,85,N,N
3.803282e+04,8.831921e+07,1.747994e+10,4.957093e+04,1.603885e+08,7.313163e+10,5.431832e+04,1.780317e+08,8.510786e+10,3.447722e+04,7.124236e+07,1.681134e+10,1,38,N,N
3.447290e+04,7.352201e+07,1.247217e+10,5.540266e+04,2.004877e+08,1.181115e+11,5.002572e+04,1.592648e+08,8.064615e+10,3.310594e+04,6.946533e+07,1.615787e+10,1,91,N,N
3.691867e+04,9.493751e+07,1.143685e+10,5.778996e+04,1.441105e+08,6.689574e+10,5.878361e+04,1.437172e+08,6.063168e+10,3.388474e+04,7.803960e+07,1.180551e+10,3,100,N,N
4.057396e+04,1.095793e+08,3.728020e+10,5.609303e+04,1.785277e+08,1.030990e+11,5.692117e+04,1.770652e+08,8.677531e+10,3.766195e+04,9.629245e+07,3.515674e+10,0,10,N,N
4.180369e+04,1.244431e+08,4.911901e+10,6.253340e+04,1.929189e+08,1.101251e+11,6.002162e+04,1.549244e+08,6.654016e+10,3.720280e+04,1.009749e+08,4.276471e+10,1,99,N,N
3.462444e+04,7.654683e+07,5.944364e+09,5.710332e+04,1.748007e+08,8.937383e+10,5.506958e+04,1.249553e+08,4.924527e+10,3.229952e+04,6.308961e+07,5.993715e+09,1,83,N,N
3.559083e+04,8.528312e+07,1.416709e+10,6.509426e+04,1.799381e+08,8.812731e+10,6.174390e+04,1.554514e+08,6.729887e+10,3.515155e+04,8.028830e+07,1.651141e+10,0,28,N,N
3.813895e+04,8.973295e+07,1.711525e+10,6.248923e+04,2.301598e+08,1.497829e+11,5.816856e+04,1.896704e+08,1.052761e+11,3.694255e+04,8.284147e+07,2.345549e+10,3,59,N,N
3.689469e+04,9.643896e+07,1.848259e+10,6.233047e+04,1.698842e+08,7.628474e+10,6.439026e+04,1.635398e+08,6.055907e+10,3.761975e+04,9.907383e+07,2.936567e+10,0,101,N,N
2.388983e+04,4.652977e+07,1.065815e+10,4.652449e+04,2.178654e+08,1.295753e+11,4.633272e+04,1.757429e+08,8.419910e+10,2.558898e+04,4.701201e+07,9.147096e+09,0,2,N,N
4.246562e+04,1.219318e+08,4.943579e+10,6.389295e+04,1.969182e+08,1.172809e+11,5.863082e+04,1.599369e+08,7.084710e+10,3.825257e+04,1.066465e+08,4.881589e+10,2,99,N,N
3.850693e+04,8.826281e+07,1.715699e+10,6.028908e+04,1.623334e+08,7.552057e+10,5.616109e+04,1.438915e+08,5.691500e+10,3.359672e+04,7.087680e+07,1.192291e+10,0,14,N,N
3.847715e+04,9.371050e+07,1.346780e+10,5.924498e+04,1.595762e+08,8.429228e+10,5.988781e+04,1.492870e+08,6.828792e+10,3.676386e+04,8.723103e+07,1.574968e+10,1,84,N,N
3.584815e+04,8.311334e+07,1.953544e+10,5.638817e+04,1.809118e+08,9.947325e+10,5.414850e+04,1.465352e+08,7.380732e+10,3.454668e+04,7.935908e+07,2.348821e+10,3,92,N,N
4.057758e+04,1.056771e+08,1.468971e+10,6.353314e+04,1.658075e+08,8.140425e+10,6.676647e+04,1.642355e+08,7.315321e+10,3.832189e+04,9.746583e+07,1.416766e+10,3,49,N,N
3.462751e+04,8.033442e+07,1.279766e+10,6.270543e+04,2.464599e+08,1.682239e+11,6.044810e+04,1.921237e+08,9.903802e+10,3.402523e+04,7.531126e+07,1.833927e+10,0,40,N,N
3.456625e+04,7.567131e+07,6.864263e+09,6.003570e+04,1.761347e+08,8.908601e+10,5.894704e+04,1.536669e+08,6.632498e+10,3.367233e+04,6.612589e+07,6.770203e+09,2,57,N,N
3.802409e+04,1.007639e+08,1.566916e+10,6.157056e+04,1.505531e+08,6.574755e+10,6.257132e+04,1.412507e+08,4.867720e+10,3.545902e+04,8.660473e+07,1.339958e+10,0,95,N,N
3.585708e+04,8.588536e+07,1.207692e+10,6.294581e+04,1.798085e+08,8.596075e+10,6.139091e+04,1.615011e+08,7.071217e+10,3.675368e+04,9.002720e+07,1.550955e+10,2,60,N,N
4.658664e+04,1.531403e+08,5.531902e+10,7.293888e+04,2.300373e+08,1.418267e+11,6.622454e+04,1.711152e+08,7.740886e+10,4.251803e+04,1.265632e+08,5.424648e+10,2,73,N,N
3.379479e+04,8.362298e+07,1.114860e+10,6.501468e+04,2.330400e+08,1.433783e+11,6.698308e+04,2.186847e+08,1.077691e+11,3.590944e+04,8.688320e+07,1.998873e+10,3,67,N,N
3.933254e+04,1.018088e+08,1.116016e+10,6.641833e+04,1.891034e+08,1.033578e+11,6.497879e+04,1.773780e+08,7.707186e+10,3.646949e+04,8.862729e+07,1.829934e+10,2,70,N,N
3.607187e+04,8.161426e+07,1.116883e+10,5.997931e+04,1.712411e+08,7.970661e+10,5.954137e+04,1.493242e+08,5.725878e+10,3.546139e+04,8.103072e+07,1.556779e+10,3,52,N,N
3.815316e+04,9.493683e+07,1.178774e+10,6.030153e+04,1.536048e+08,6.693800e+10,5.965146e+04,1.409391e+08,4.976193e+10,3.345779e+04,7.208343e+07,1.037414e+10,1,43,N,N
3.801319e+04,1.015945e+08,1.528419e+10,6.191363e+04,1.550078e+08,6.923821e+10,6.179730e+04,1.409617e+08,5.085249e+10,3.650775e+04,9.255145e+07,1.513205e+10,1,95,N,N
3.748825e+04,8.883085e+07,8.154031e+09,5.576948e+04,1.365116e+08,6.131730e+10,5.474107e+04,1.354571e+08,5.161249e+10,3.251607e+04,6.901730e+07,7.260738e+09,0,62,N,N
3.633404e+04,8.626637e+07,2.493113e+10,5.988410e+04,2.563719e+08,1.686309e+11,6.033958e+04,2.099109e+08,1.291266e+11,3.584245e+04,7.957509e+07,2.644517e+10,0,9,N,N
4.002213e+04,1.083546e+08,2.266731e+10,6.555983e+04,2.421651e+08,1.677661e+11,6.188817e+04,1.822648e+08,1.080573e+11,3.828650e+04,9.281100e+07,2.746157e+10,3,87,N,N
3.495257e+04,8.810348e+07,1.670443e+10,6.206160e+04,1.708830e+08,8.921199e+10,5.959032e+04,1.532305e+08,7.166817e+10,3.402975e+04,8.067524e+07,1.500620e+10,3,86,N,N
3.474105e+04,7.522856e+07,9.693495e+09,5.724711e+04,2.201421e+08,1.334550e+11,5.413404e+04,1.673829e+08,8.840218e+10,3.348353e+04,7.269261e+07,1.765484e+10,1,81,N,N
3.887537e+04,8.602123e+07,1.719698e+10,5.532333e+04,1.719154e+08,9.142125e+10,5.397053e+04,1.683304e+08,8.350652e+10,3.538005e+04,7.310975e+07,1.746852e+10,2,66,N,N
3.286493e+04,6.775007e+07,7.568039e+09,6.334431e+04,2.481306e+08,1.662554e+11,5.806332e+04,1.640445e+08,7.364114e+10,3.607609e+04,7.651108e+07,1.691470e+10,0,33,N,N
3.184680e+04,6.460676e+07,8.634512e+09,5.009695e+04,1.490289e+08,7.559176e+10,5.165552e+04,1.721882e+08,8.445414e+10,2.853806e+04,5.073361e+07,8.360597e+09,0,53,N,N
3.992143e+04,9.927048e+07,2.176544e+10,6.369566e+04,2.449813e+08,1.690657e+11,5.980245e+04,1.966571e+08,1.063982e+11,3.527286e+04,7.780111e+07,2.103201e+10,2,59,N,N
3.845979e+04,9.909391e+07,2.615855e+10,6.250132e+04,1.841624e+08,1.044824e+11,5.844457e+04,1.814396e+08,1.039373e+11,3.370976e+04,8.054535e+07,2.730844e+10,0,16,N,N
3.620497e+04,8.947261e+07,1.145020e+10,6.216458e+04,1.569399e+08,7.639547e+10,5.990861e+04,1.484081e+08,6.876743e+10,3.326146e+04,7.414871e+07,1.290910e+10,2,74,N,N
3.220884e+04,6.789464e+07,1.028402e+10,5.566736e+04,1.785609e+08,1.077651e+11,5.292149e+04,1.530428e+08,8.175886e+10,3.246773e+04,6.748063e+07,1.256586e+10,3,102,N,N
3.619548e+04,8.457863e+07,9.053076e+09,5.649188e+04,1.588122e+08,8.279572e+10,5.750882e+04,1.407153e+08,6.385012e+10,3.492176e+04,7.521655e+07,1.065972e+10,1,69,N,N
3.631862e+04,9.508613e+07,2.032914e+10,5.883214e+04,1.642943e+08,8.417490e+10,6.064219e+04,1.621023e+08,7.365704e+10,3.350392e+04,7.727592e+07,1.622800e+10,0,86,N,N
3.782035e+04,9.066649e+07,1.881358e+10,6.296381e+04,1.900765e+08,9.802929e+10,5.858825e+04,1.675294e+08,7.296696e+10,3.432019e+04,7.681767e+07,1.856662e+10,0,104,N,N
3.705160e+04,9.146881e+07,1.329967e+10,6.110479e+04,1.799157e+08,1.071365e+11,5.633648e+04,1.530578e+08,8.241443e+10,3.412951e+04,7.215836e+07,1.061874e+10,0,12,N,N
2.762694e+04,5.380770e+07,9.842548e+09,5.618259e+04,2.567033e+08,1.650664e+11,5.196570e+04,2.058757e+08,1.150069e+11,2.452285e+04,4.984060e+07,1.312835e+10,0,54,N,N
3.693300e+04,9.240636e+07,1.192457e+10,6.039670e+04,1.523082e+08,7.516034e+10,5.859705e+04,1.423883e+08,6.156956e+10,3.371534e+04,7.686122e+07,1.274200e+10,1,74,N,N
3.606298e+04,8.415533e+07,7.575813e+09,5.527728e+04,1.644486e+08,8.347474e+10,5.470823e+04,1.333312e+08,5.408286e+10,3.164661e+04,6.072190e+07,7.513831e+09,2,83,N,N
3.308765e+04,7.482388e+07,1.897215e+10,5.264936e+04,1.737904e+08,9.617680e+10,5.375905e+04,1.452138e+08,7.458461e+10,3.392138e+04,7.434363e+07,1.963636e+10,1,92,N,N
3.928783e+04,1.063551e+08,1.867143e+10,6.213108e+04,1.654539e+08,7.116681e+10,6.038146e+04,1.502415e+08,5.473929e+10,3.694720e+04,9.549357e+07,2.657496e+10,3,101,N,N
4.121379e+04,1.081139e+08,2.153927e+10,6.461340e+04,1.671183e+08,8.528880e+10,6.349430e+04,1.638950e+08,6.794818e+10,3.826323e+04,9.848216e+07,2.568644e+10,1,56,N,N
3.905816e+04,1.010086e+08,2.978222e+10,5.861804e+04,1.955898e+08,1.132367e+11,5.700023e+04,1.657827e+08,8.223256e+10,3.509134e+04,7.951601e+07,2.437677e+10,0,25,N,N
3.378304e+04,7.537595e+07,1.442388e+10,5.489911e+04,1.760504e+08,9.109047e+10,5.615482e+04,1.455932e+08,6.450984e+10,3.361908e+04,7.408643e+07,1.423727e+10,2,71,N,N
3.857773e+04,9.673169e+07,2.640883e+10,5.549896e+04,2.393087e+08,1.479997e+11,4.961553e+04,1.362898e+08,6.666912e+10,3.545764e+04,7.294416e+07,2.304553e+10,1,75,N,N
3.779725e+04,9.810184e+07,1.731647e+10,6.257347e+04,1.751367e+08,7.949824e+10,6.395496e+04,1.605763e+08,6.222978e+10,3.726274e+04,9.435024e+07,2.600220e+10,1,101,N,N
3.961664e+04,1.101830e+08,3.457836e+10,6.481009e+04,1.978052e+08,1.169897e+11,6.285691e+04,1.715052e+08,8.274950e+10,3.720629e+04,9.753196e+07,3.450803e+10,0,23,N,N
3.287058e+04,7.117000e+07,1.281304e+10,5.619592e+04,2.332047e+08,1.573648e+11,5.293653e+04,1.591365e+08,8.847364e+10,3.072995e+04,5.824104e+07,1.263955e+10,0,37,N,N
3.902644e+04,1.001175e+08,3.581626e+10,6.182856e+04,2.154211e+08,1.343118e+11,5.379163e+04,1.416211e+08,7.146749e+10,3.609094e+04,9.320484e+07,4.571004e+10,0,85,N,N
3.262063e+04,7.354104e+07,1.325540e+10,5.405888e+04,1.737271e+08,9.779729e+10,5.261256e+04,1.569680e+08,7.703351e+10,3.155791e+04,6.767956e+07,1.569784e+10,0,96,N,N
4.044047e+04,9.902237e+07,2.141763e+10,5.714668e+04,1.766128e+08,9.077849e+10,5.531846e+04,1.593458e+08,7.990836e+10,3.484607e+04,7.400272e+07,2.023553e+10,0,78,N,N
4.066780e+04,1.129127e+08,2.374419e+10,5.992159e+04,1.571533e+08,7.205409e+10,6.055516e+04,1.400425e+08,5.256202e+10,3.857446e+04,9.586302e+07,2.742646e+10,2,56,N,N
3.587297e+04,8.860721e+07,9.800043e+09,5.602828e+04,1.487313e+08,7.236021e+10,5.747458e+04,1.380276e+08,6.241248e+10,3.482784e+04,7.732816e+07,1.042031e+10,0,69,N,N
3.590265e+04,8.105773e+07,1.942570e+10,5.800876e+04,1.804653e+08,9.351417e+10,5.795163e+04,1.535531e+08,6.843899e+10,3.488470e+04,7.190902e+07,1.506040e+10,3,57,N,N
3.470774e+04,7.324574e+07,6.818433e+09,5.909456e+04,1.715477e+08,8.539259e+10,5.918295e+04,1.569957e+08,6.687506e+10,3.288471e+04,6.567851e+07,6.509650e+09,1,57,N,N
3.387745e+04,7.775928e+07,8.570881e+09,5.951912e+04,1.599747e+08,6.824099e+10,5.993810e+04,1.548435e+08,5.796882e+10,3.371681e+04,7.434499e+07,9.547938e+09,2,89,N,N
3.488201e+04,7.986497e+07,2.613383e+10,5.545729e+04,2.070966e+08,1.283409e+11,5.155238e+04,1.558852e+08,8.235425e+10,3.363322e+04,7.223895e+07,2.456240e+10,0,94,N,N
4.287852e+04,1.120224e+08,2.128824e+10,6.673445e+04,1.937544e+08,1.187958e+11,6.375275e+04,1.854438e+08,8.921085e+10,3.434359e+04,7.597798e+07,1.754102e+10,0,79,N,N
3.689632e+04,8.674266e+07,8.337030e+09,6.568830e+04,1.889944e+08,1.079753e+11,6.491239e+04,1.971414e+08,1.003625e+11,3.691657e+04,8.009794e+07,1.240136e+10,0,21,N,N
3.711464e+04,8.647537e+07,1.218877e+10,5.877112e+04,1.554247e+08,6.870166e+10,5.985717e+04,1.389924e+08,4.557415e+10,3.158174e+04,6.527958e+07,1.076164e+10,0,82,N,N
3.670815e+04,8.284985e+07,6.997590e+09,5.513087e+04,1.586887e+08,7.856717e+10,5.750958e+04,1.522210e+08,6.763692e+10,3.097274e+04,6.190985e+07,6.707128e+09,0,83,N,N
3.255610e+04,7.327687e+07,1.719909e+10,5.930748e+04,1.926636e+08,1.053824e+11,5.777818e+04,1.603494e+08,7.630597e+10,3.093635e+04,6.220536e+07,1.281784e+10,1,48,N,N
3.830232e+04,9.729985e+07,1.293501e+10,5.961690e+04,1.554872e+08,7.611477e+10,5.909077e+04,1.522175e+08,6.786286e+10,3.605825e+04,8.047113e+07,1.316889e+10,3,84,N,N
3.672770e+04,8.762487e+07,1.141643e+10,5.979013e+04,1.633134e+08,7.526997e+10,6.160532e+04,1.595414e+08,6.572852e+10,3.558439e+04,7.902327e+07,1.273910e+10,0,60,N,N
3.610745e+04,8.662074e+07,1.040463e+10,6.354018e+04,1.775232e+08,8.627951e+10,6.146299e+04,1.551490e+08,6.158217e+10,3.608662e+04,8.201896e+07,1.507452e+10,3,60,N,N
4.110802e+04,1.150140e+08,1.935553e+10,5.985623e+04,1.405573e+08,5.892131e+10,6.162825e+04,1.473739e+08,5.207967e+10,3.493264e+04,8.103238e+07,1.565116e+10,0,13,N,N
4.184237e+04,1.286814e+08,4.279755e+10,6.379536e+04,1.843745e+08,1.041867e+11,5.867835e+04,1.537747e+08,7.582810e+10,4.011242e+04,1.116703e+08,4.433997e+10,0,30,N,N
3.624678e+04,8.096653e+07,1.250893e+10,5.699070e+04,2.162014e+08,1.318039e+11,5.329358e+04,1.613689e+08,8.278779e+10,3.311346e+04,6.933181e+07,1.662002e+10,3,81,N,N
4.010397e+04,1.014465e+08,1.707027e+10,5.814476e+04,1.788772e+08,9.287500e+10,5.889908e+04,1.467802e+08,6.033475e+10,3.508948e+04,6.987631e+07,1.220883e+10,3,63,N,N
4.124217e+04,1.119549e+08,3.691725e+10,5.572801e+04,2.053732e+08,1.155973e+11,5.611795e+04,1.549591e+08,7.581081e+10,3.845090e+04,8.944830e+07,3.631635e+10,2,64,N,N
3.827071e+04,9.280914e+07,1.082520e+10,5.973654e+04,1.716747e+08,9.325590e+10,5.814699e+04,1.405648e+08,6.284709e+10,3.487887e+04,7.774078e+07,1.020360e+10,2,69,N,N
3.636890e+04,8.878368e+07,1.312704e+10,5.792617e+04,1.760928e+08,1.028586e+11,5.811392e+04,1.598182e+08,8.594012e+10,3.330699e+04,7.136096e+07,1.107559e+10,2,12,N,N
4.001871e+04,1.058087e+08,3.407812e+10,5.540261e+04,1.788187e+08,9.991946e+10,5.437559e+04,1.529314e+08,6.880658e+10,3.659387e+04,8.921275e+07,3.024936e+10,1,10,N,N
3.832932e+04,9.287980e+07,9.243369e+09,6.036540e+04,1.526287e+08,6.518804e+10,6.113348e+04,1.459863e+08,5.021778e+10,3.479307e+04,7.813572e+07,9.659523e+09,0,43,N,N
3.240154e+04,7.624015e+07,1.182599e+10,6.486158e+04,2.330360e+08,1.469687e+11,6.422571e+04,2.035895e+08,1.032325e+11,3.490648e+04,8.176670e+07,2.263921e+10,0,67,N,N
3.242186e+04,6.911311e+07,9.808664e+09,5.205458e+04,1.570893e+08,8.138999e+10,5.229389e+04,1.523910e+08,7.177225e+10,2.947209e+04,5.480341e+07,8.840407e+09,2,53,N,N
4.297243e+04,1.224554e+08,2.560359e+10,5.972792e+04,1.616751e+08,7.885443e+10,6.066989e+04,1.344709e+08,5.069579e+10,3.801265e+04,9.595378e+07,2.664672e+10,3,65,N,N
3.187400e+04,7.732858e+07,1.681274e+10,6.849394e+04,2.224023e+08,1.332397e+11,6.400826e+04,1.835851e+08,9.228956e+10,3.191436e+04,7.375585e+07,2.052810e+10,3,76,N,N
3.423178e+04,7.597575e+07,1.189575e+10,5.691488e+04,1.830017e+08,1.062719e+11,5.554120e+04,1.612111e+08,8.769665e+10,3.074079e+04,6.100819e+07,1.178979e+10,1,102,N,N
4.376353e+04,1.388067e+08,5.170630e+10,6.888328e+04,2.067800e+08,1.219787e+11,6.514591e+04,1.733913e+08,7.763172e+10,4.088950e+04,1.224493e+08,4.787885e+10,0,73,N,N
