2.412629e+07,1.448061e+14,6.630030e+19,2,76,N,N
1.784125e+07,7.482330e+13,1.815775e+19,1,41,N,N
1.865133e+07,8.321091e+13,2.279901e+19,0,46,N,N
1.634856e+07,6.263538e+13,1.793632e+19,2,96,N,N
1.623714e+07,5.935504e+13,1.896188e+19,0,58,N,N
1.918225e+07,8.756996e+13,2.691380e+19,1,103,N,N
1.839399e+07,7.539052e+13,2.655388e+19,2,55,N,N
1.904021e+07,8.497068e+13,2.240166e+19,2,84,N,N
1.953859e+07,8.905317e+13,2.328889e+19,0,29,N,N
1.785048e+07,7.356899e+13,2.159566e+19,0,52,N,N
1.945812e+07,8.627457e+13,2.989973e+19,2,80,N,N
1.791040e+07,7.142383e+13,2.256154e+19,2,65,N,N
1.840965e+07,7.540918e+13,2.736232e+19,3,55,N,N
1.736829e+07,7.189439e+13,1.656736e+19,3,68,N,N
1.934048e+07,8.635595e+13,2.624288e+19,0,47,N,N
1.787357e+07,7.614569e+13,2.036886e+19,0,15,N,N
1.882059e+07,8.330959e+13,2.115405e+19,1,76,N,N
1.633086e+07,5.950569e+13,1.892298e+19,3,91,N,N
1.779237e+07,7.744240e+13,2.143143e+19,0,76,N,N
1.786220e+07,7.557439e+13,1.854291e+19,1,62,N,N
1.544128e+07,5.210681e+13,1.627866e+19,0,75,N,N
1.812344e+07,7.398741e+13,2.505430e+19,1,55,N,N
1.618211e+07,6.162716e+13,1.787306e+19,3,96,N,N
1.788588e+07,7.325544e+13,1.838125e+19,0,57,N,N
1.762873e+07,6.963735e+13,1.986061e+19,1,82,N,N
1.689739e+07,6.608161e+13,1.861486e+19,0,39,N,N
1.634311e+07,5.997954e+13,1.763635e+19,1,66,N,N
1.797580e+07,7.593988e+13,2.018308e+19,0,63,N,N
1.591546e+07,5.883157e+13,1.705060e+19,0,81,N,N
2.090624e+07,1.015639e+14,3.162391e+19,1,98,N,N
2.016565e+07,9.109190e+13,2.059946e+19,2,79,N,N
1.657678e+07,6.262126e+13,1.940262e+19,3,48,N,N
2.034315e+07,1.021480e+14,2.305517e+19,2,86,N,N
1.845122e+07,8.028896e+13,1.893116e+19,0,27,N,N
2.053394e+07,9.456104e+13,2.171929e+19,3,79,N,N
2.024957e+07,9.813867e+13,2.281381e+19,0,26,N,N
1.830149e+07,7.574943e+13,2.001565e+19,1,61,N,N
1.944671e+07,8.770852e+13,2.647695e+19,1,47,N,N
1.769323e+07,6.637953e+13,2.471539e+19,1,97,N,N
1.878381e+07,8.310727e+13,2.105367e+19,0,0,N,N
1.942894e+07,8.916448e+13,2.277632e+19,2,104,N,N
1.539806e+07,5.048331e+13,1.538886e+19,3,75,N,N
1.700141e+07,6.443316e+13,1.904067e+19,2,51,N,N
1.783302e+07,7.309191e+13,2.220451e+19,3,90,N,N
1.673090e+07,6.275974e+13,1.747291e+19,3,77,N,N
1.832804e+07,7.830071e+13,2.141527e+19,0,31,N,N
1.633521e+07,6.266096e+13,1.748651e+19,1,5,N,N
1.945018e+07,8.903428e+13,2.481516e+19,3,99,N,N
1.512801e+07,5.252344e+13,1.527952e+19,0,42,N,N
1.852266e+07,8.189103e+13,2.578169e+19,0,70,N,N
1.931775e+07,8.564878e+13,2.891442e+19,1,80,N,N
1.766410e+07,7.271998e+13,2.179443e+19,1,34,N,N
1.681027e+07,6.409467e+13,2.010960e+19,3,93,N,N
1.656394e+07,6.217122e+13,1.873210e+19,0,93,N,N
1.957212e+07,8.749916e+13,2.554955e+19,0,6,N,N
1.926926e+07,8.704055e+13,2.566405e+19,0,18,N,N
1.684710e+07,6.228723e+13,1.782601e+19,0,50,N,N
2.047966e+07,1.010003e+14,2.600714e+19,2,101,N,N
1.919272e+07,8.769605e+13,2.199506e+19,3,74,N,N
1.576095e+07,5.462362e+13,1.701584e+19,3,54,N,N
1.718176e+07,6.512000e+13,1.832502e+19,1,77,N,N
1.624786e+07,5.898149e+13,1.850596e+19,0,91,N,N
1.830117e+07,7.936477e+13,2.053061e+19,2,62,N,N
1.592413e+07,5.869105e+13,1.754574e+19,2,81,N,N
1.665579e+07,6.411183e+13,1.807935e+19,2,92,N,N
1.567393e+07,5.587430e+13,1.729752e+19,1,58,N,N
1.831681e+07,7.713231e+13,2.327718e+19,0,90,N,N
2.081035e+07,9.601934e+13,3.337983e+19,3,73,N,N
1.592710e+07,5.467901e+13,1.773344e+19,1,78,N,N
2.059591e+07,1.017719e+14,2.710585e+19,2,49,N,N
1.997717e+07,9.367681e+13,3.257894e+19,1,67,N,N
1.728115e+07,6.891031e+13,1.993799e+19,0,34,N,N
1.706166e+07,6.858451e+13,1.828155e+19,0,71,N,N
1.631375e+07,5.456167e+13,1.923237e+19,3,64,N,N
1.923555e+07,8.787709e+13,2.246321e+19,3,104,N,N
1.581467e+07,5.397728e+13,1.617396e+19,2,75,N,N
1.626533e+07,5.832647e+13,1.713697e+19,3,66,N,N
1.877936e+07,8.456368e+13,1.875212e+19,0,89,N,N
1.499713e+07,5.242984e+13,1.623144e+19,0,32,N,N
1.632957e+07,6.275866e+13,1.725050e+19,0,102,N,N
1.966480e+07,9.118994e+13,2.835798e+19,2,103,N,N
1.635273e+07,6.200928e+13,1.628588e+19,0,5,N,N
1.566792e+07,5.905640e+13,1.920757e+19,1,59,N,N
1.767178e+07,6.611257e+13,2.474621e+19,3,97,N,N
1.755821e+07,6.669421e+13,2.535234e+19,0,97,N,N
1.965314e+07,9.138955e+13,2.248964e+19,1,88,N,N
1.614024e+07,5.833402e+13,1.718552e+19,0,66,N,N
1.659460e+07,5.783989e+13,2.033178e+19,0,64,N,N
1.644463e+07,6.148539e+13,1.891742e+19,1,93,N,N
1.905709e+07,8.839625e+13,2.565085e+19,3,95,N,N
1.718543e+07,6.948445e+13,1.859847e+19,1,25,N,N
1.473855e+07,5.004813e+13,1.484944e+19,3,53,N,N
1.668049e+07,6.258304e+13,1.737533e+19,0,77,N,N
1.736546e+07,7.022962e+13,1.831006e+19,0,61,N,N
1.748408e+07,7.293063e+13,1.653817e+19,2,68,N,N
1.992204e+07,9.133496e+13,2.880927e+19,2,47,N,N
1.763968e+07,7.284933e+13,1.826021e+19,0,41,N,N
1.723946e+07,6.943168e+13,1.936607e+19,1,71,N,N
2.037790e+07,9.720767e+13,2.419289e+19,2,88,N,N
1.887273e+07,8.379207e+13,2.126643e+19,0,72,N,N
1.763351e+07,6.864933e+13,2.117398e+19,1,87,N,N
1.768279e+07,6.518202e+13,2.317213e+19,2,97,N,N
1.750070e+07,6.764378e+13,2.067762e+19,2,87,N,N
1.693869e+07,6.589218e+13,1.864948e+19,0,92,N,N
1.895101e+07,8.256152e+13,2.032041e+19,2,72,N,N
1.953505e+07,9.019231e+13,2.439579e+19,0,99,N,N
1.573886e+07,5.706265e+13,1.614766e+19,1,37,N,N
1.845885e+07,8.077759e+13,1.916054e+19,0,1,N,N
1.754658e+07,7.276247e+13,1.585717e+19,1,68,N,N
1.884277e+07,8.203262e+13,2.643746e+19,0,80,N,N
1.795442e+07,7.365109e+13,1.923953e+19,3,61,N,N
1.690404e+07,6.550778e+13,2.043758e+19,2,93,N,N
1.788879e+07,7.112085e+13,2.259457e+19,0,35,N,N
1.745683e+07,7.081873e+13,1.806826e+19,0,8,N,N
1.960333e+07,8.965129e+13,3.147971e+19,2,67,N,N
1.650915e+07,6.471384e+13,1.863635e+19,2,102,N,N
1.796326e+07,7.387317e+13,2.081462e+19,1,52,N,N
1.847462e+07,8.125897e+13,2.092675e+19,3,62,N,N
1.751505e+07,7.194261e+13,2.036921e+19,0,45,N,N
1.875249e+07,8.039781e+13,2.536935e+19,1,90,N,N
1.859691e+07,8.323849e+13,2.582880e+19,3,103,N,N
1.819246e+07,8.072731e+13,2.475752e+19,0,103,N,N
1.795997e+07,7.414363e+13,1.945987e+19,2,61,N,N
1.894735e+07,8.404753e+13,2.272904e+19,0,84,N,N
1.946908e+07,9.110540e+13,2.656115e+19,2,95,N,N
1.727402e+07,6.385072e+13,1.825145e+19,0,4,N,N
1.487233e+07,5.045842e+13,1.520751e+19,2,54,N,N
2.005682e+07,9.883496e+13,2.324741e+19,1,86,N,N
1.729690e+07,6.727645e+13,2.033284e+19,1,44,N,N
1.501172e+07,5.425000e+13,1.662403e+19,0,59,N,N
1.981140e+07,9.314697e+13,2.224057e+19,2,100,N,N
1.839007e+07,8.083881e+13,2.198640e+19,1,46,N,N
1.535090e+07,5.367170e+13,1.557912e+19,1,42,N,N
1.615777e+07,5.923439e+13,1.603867e+19,2,37,N,N
1.785309e+07,7.290461e+13,2.775251e+19,1,36,N,N
1.819892e+07,7.803367e+13,2.071264e+19,1,63,N,N
1.828987e+07,7.659230e+13,2.473224e+19,1,65,N,N
1.519504e+07,5.322913e+13,1.721936e+19,3,58,N,N
1.832566e+07,7.625730e+13,2.434264e+19,0,65,N,N
1.470604e+07,4.947823e+13,1.482964e+19,1,53,N,N
1.818629e+07,7.843569e+13,2.006850e+19,0,7,N,N
1.852301e+07,8.216868e+13,2.122619e+19,1,60,N,N
1.744361e+07,7.168278e+13,1.843513e+19,0,3,N,N
1.710999e+07,6.489809e+13,2.087625e+19,1,33,N,N
1.894661e+07,8.162160e+13,2.712492e+19,3,80,N,N
1.647579e+07,6.358480e+13,1.676066e+19,3,83,N,N
1.607600e+07,5.441975e+13,1.766123e+19,2,78,N,N
1.812016e+07,7.802611e+13,1.880098e+19,0,68,N,N
1.687827e+07,6.234537e+13,1.917414e+19,0,19,N,N
1.850962e+07,8.200570e+13,1.831216e+19,1,89,N,N
1.762952e+07,6.930473e+13,2.165542e+19,1,35,N,N
1.511694e+07,5.082602e+13,1.675045e+19,2,94,N,N
1.774385e+07,6.954733e+13,2.115138e+19,0,87,N,N
1.749119e+07,7.041530e+13,1.808442e+19,0,22,N,N
2.042863e+07,9.763945e+13,2.397834e+19,0,88,N,N
2.096277e+07,1.002978e+14,3.411625e+19,1,73,N,N
1.492497e+07,4.890076e+13,1.585380e+19,0,38,N,N
1.706511e+07,6.555631e+13,1.946988e+19,3,51,N,N
1.670757e+07,6.386979e+13,1.938529e+19,0,48,N,N
2.083893e+07,1.006385e+14,3.169755e+19,3,98,N,N
1.516951e+07,5.264676e+13,1.682308e+19,1,54,N,N
1.981586e+07,9.354375e+13,2.295353e+19,1,100,N,N
1.897045e+07,8.484268e+13,2.192627e+19,1,0,N,N
1.726030e+07,7.052884e+13,2.049954e+19,1,12,N,N
1.863336e+07,8.107222e+13,2.023716e+19,3,72,N,N
1.739976e+07,6.923145e+13,2.129845e+19,2,85,N,N
2.094856e+07,1.034219e+14,3.110880e+19,0,98,N,N
1.866774e+07,8.034377e+13,2.524255e+19,0,11,N,N
1.648348e+07,6.028793e+13,1.777122e+19,2,50,N,N
1.924218e+07,8.816258e+13,2.293671e+19,1,104,N,N
1.669545e+07,6.447702e+13,1.993240e+19,2,48,N,N
2.030704e+07,9.872662e+13,2.527323e+19,0,49,N,N
1.699446e+07,6.358356e+13,1.818090e+19,1,50,N,N
1.948194e+07,8.683645e+13,2.625764e+19,3,47,N,N
1.781561e+07,7.356666e+13,2.066512e+19,2,52,N,N
1.820093e+07,7.718584e+13,2.370491e+19,2,90,N,N
1.605538e+07,5.740210e+13,1.801953e+19,2,58,N,N
1.736374e+07,6.984688e+13,1.915779e+19,3,69,N,N
1.778547e+07,7.341101e+13,1.978526e+19,2,63,N,N
2.131837e+07,1.048029e+14,3.240403e+19,2,98,N,N
1.788188e+07,7.482749e+13,1.812385e+19,1,40,N,N
1.763361e+07,7.039095e+13,2.281167e+19,3,85,N,N
1.641494e+07,5.723156e+13,1.861069e+19,3,78,N,N
2.048983e+07,1.008716e+14,2.519742e+19,1,49,N,N
1.871623e+07,8.252890e+13,1.898735e+19,1,72,N,N
1.713624e+07,6.711580e+13,2.343058e+19,0,24,N,N
1.795196e+07,7.566393e+13,2.188041e+19,1,45,N,N
1.699002e+07,6.448775e+13,1.876015e+19,0,51,N,N
1.953101e+07,9.170590e+13,2.204263e+19,0,100,N,N
1.643060e+07,6.349883e+13,1.858573e+19,1,96,N,N
1.758399e+07,7.024067e+13,2.045645e+19,3,82,N,N
1.647659e+07,5.991993e+13,1.753917e+19,3,50,N,N
1.867216e+07,8.342458e+13,1.888468e+19,3,89,N,N
1.796442e+07,7.212272e+13,2.069545e+19,2,82,N,N
1.796461e+07,7.237679e+13,2.439082e+19,0,55,N,N
1.951624e+07,9.156445e+13,2.478515e+19,0,20,N,N
1.672954e+07,6.303336e+13,2.228557e+19,0,36,N,N
1.833072e+07,7.693492e+13,2.598239e+19,0,56,N,N
1.539490e+07,5.303657e+13,1.782992e+19,1,94,N,N
1.628521e+07,5.923172e+13,1.885325e+19,2,91,N,N
1.763432e+07,7.780293e+13,2.548686e+19,1,70,N,N
1.722163e+07,6.718633e+13,2.015836e+19,0,44,N,N
1.503224e+07,5.080347e+13,1.695574e+19,3,94,N,N
2.130191e+07,1.009156e+14,2.215466e+19,1,79,N,N
1.851449e+07,7.778016e+13,2.473044e+19,3,56,N,N
1.704443e+07,7.315019e+13,2.453239e+19,3,70,N,N
2.021998e+07,9.526261e+13,2.484779e+19,3,88,N,N
1.728989e+07,6.909786e+13,1.984848e+19,3,71,N,N
1.721819e+07,7.430390e+13,1.908326e+19,0,74,N,N
1.600330e+07,5.714627e+13,1.718875e+19,0,17,N,N
1.723057e+07,6.630052e+13,1.913077e+19,1,51,N,N
1.683133e+07,5.914425e+13,2.066253e+19,1,64,N,N
1.686797e+07,6.338378e+13,1.760679e+19,2,77,N,N
1.643213e+07,6.005366e+13,1.988099e+19,1,85,N,N
1.482050e+07,4.898502e+13,1.610366e+19,1,38,N,N
1.608568e+07,5.842455e+13,1.872622e+19,1,91,N,N
1.953318e+07,9.163962e+13,2.252218e+19,3,100,N,N
1.706198e+07,6.569027e+13,2.101329e+19,0,10,N,N
1.975064e+07,9.113561e+13,2.493810e+19,1,99,N,N
1.686298e+07,6.700460e+13,1.742794e+19,1,83,N,N
1.945551e+07,8.818204e+13,2.311513e+19,0,28,N,N
1.568192e+07,5.887271e+13,1.898966e+19,3,59,N,N
2.024188e+07,9.925687e+13,2.563484e+19,0,101,N,N
1.364553e+07,4.345261e+13,1.333952e+19,0,2,N,N
1.941351e+07,8.793088e+13,2.369172e+19,2,99,N,N
1.765513e+07,7.184867e+13,1.824696e+19,0,14,N,N
1.901629e+07,8.452066e+13,2.388714e+19,1,84,N,N
1.666381e+07,6.340327e+13,1.809663e+19,3,92,N,N
2.050272e+07,1.002804e+14,2.675652e+19,3,49,N,N
1.847945e+07,7.905679e+13,1.847315e+19,0,40,N,N
1.813825e+07,7.531136e+13,1.951796e+19,2,57,N,N
1.960986e+07,9.327777e+13,2.713107e+19,0,95,N,N
1.893741e+07,8.548655e+13,2.441058e+19,2,60,N,N
2.090964e+07,9.661754e+13,3.364985e+19,2,73,N,N
1.915571e+07,8.651031e+13,2.961806e+19,3,67,N,N
1.880014e+07,8.324355e+13,2.562229e+19,2,70,N,N
1.804062e+07,7.446630e+13,2.160601e+19,3,52,N,N
1.889585e+07,8.422266e+13,2.207138e+19,1,43,N,N
1.923197e+07,8.943177e+13,2.707154e+19,1,95,N,N
1.821801e+07,7.931999e+13,1.990828e+19,0,62,N,N
1.649578e+07,5.882811e+13,1.961644e+19,0,9,N,N
1.755376e+07,6.750193e+13,2.076235e+19,3,87,N,N
2.025717e+07,1.011568e+14,2.411133e+19,3,86,N,N
1.585017e+07,5.823939e+13,1.792176e+19,1,81,N,N
1.614102e+07,5.630603e+13,1.564568e+19,2,66,N,N
1.795607e+07,7.002142e+13,2.257998e+19,0,33,N,N
1.462040e+07,4.925327e+13,1.452958e+19,0,53,N,N
1.674222e+07,6.615117e+13,2.304620e+19,2,59,N,N
1.791761e+07,7.231701e+13,2.267510e+19,0,16,N,N
1.886287e+07,8.493949e+13,2.206574e+19,2,74,N,N
1.662102e+07,6.531103e+13,1.835198e+19,3,102,N,N
1.726117e+07,6.987311e+13,1.880120e+19,1,69,N,N
1.952681e+07,9.399810e+13,2.142617e+19,0,86,N,N
1.935159e+07,8.901725e+13,2.176841e+19,0,104,N,N
1.721524e+07,7.020197e+13,2.096016e+19,0,12,N,N
1.520708e+07,5.290681e+13,1.679596e+19,0,54,N,N
1.811681e+07,7.994173e+13,2.036432e+19,1,74,N,N
1.680672e+07,6.513674e+13,1.684416e+19,2,83,N,N
1.648871e+07,6.234970e+13,1.768588e+19,1,92,N,N
2.042816e+07,1.008498e+14,2.754066e+19,3,101,N,N
1.857300e+07,7.767796e+13,2.581772e+19,1,56,N,N
1.730034e+07,7.006746e+13,1.839131e+19,0,25,N,N
1.759448e+07,7.122751e+13,2.041060e+19,2,71,N,N
1.560722e+07,5.222186e+13,1.623792e+19,1,75,N,N
2.067521e+07,1.031848e+14,2.739907e+19,1,101,N,N
2.055403e+07,9.908964e+13,2.737712e+19,0,23,N,N
1.593773e+07,5.864713e+13,1.634493e+19,0,37,N,N
1.714156e+07,6.661832e+13,2.076617e+19,0,85,N,N
1.647021e+07,6.405489e+13,1.836075e+19,0,96,N,N
1.572626e+07,5.319645e+13,1.728231e+19,0,78,N,N
1.877918e+07,7.947909e+13,2.553954e+19,2,56,N,N
1.763288e+07,7.345819e+13,2.039594e+19,0,69,N,N
1.769736e+07,7.189907e+13,1.816172e+19,3,57,N,N
1.794509e+07,7.332391e+13,1.871257e+19,1,57,N,N
1.883742e+07,8.515474e+13,1.933590e+19,2,89,N,N
1.551306e+07,5.317735e+13,1.720051e+19,0,94,N,N
2.105180e+07,1.016683e+14,2.165735e+19,0,79,N,N
1.862879e+07,7.949783e+13,2.294456e+19,0,21,N,N
1.768354e+07,7.013517e+13,1.901468e+19,0,82,N,N
1.670149e+07,6.548229e+13,1.692628e+19,0,83,N,N
1.697703e+07,6.602224e+13,2.046068e+19,1,48,N,N
1.883044e+07,8.224244e+13,2.381646e+19,3,84,N,N
1.761124e+07,7.629942e+13,1.963786e+19,0,60,N,N
1.873444e+07,8.258483e+13,2.041183e+19,3,60,N,N
1.900708e+07,8.453121e+13,2.613462e+19,0,13,N,N
1.876085e+07,7.768513e+13,2.591581e+19,0,30,N,N
1.571804e+07,5.731836e+13,1.676716e+19,3,81,N,N
1.744847e+07,7.074305e+13,1.913805e+19,3,63,N,N
1.655393e+07,5.746547e+13,2.006186e+19,2,64,N,N
1.777691e+07,7.356345e+13,2.030644e+19,2,69,N,N
1.761523e+07,7.318635e+13,2.195312e+19,2,12,N,N
1.691642e+07,6.464827e+13,2.085842e+19,1,10,N,N
1.925233e+07,8.611703e+13,2.241835e+19,0,43,N,N
1.829721e+07,7.773517e+13,2.479039e+19,0,67,N,N
1.479526e+07,5.007784e+13,1.482965e+19,2,53,N,N
1.797539e+07,7.465925e+13,2.435528e+19,3,65,N,N
1.906253e+07,8.542210e+13,2.241410e+19,3,76,N,N
1.695475e+07,6.700698e+13,1.895048e+19,1,102,N,N
2.077237e+07,9.851821e+13,3.449751e+19,0,73,N,N
