1.249812e+06,4.053149e+11,1.470129e+16,2,76,N,N
9.679708e+05,2.363910e+11,5.722081e+15,1,41,N,N
9.958384e+05,2.534426e+11,6.725940e+15,0,46,N,N
8.944085e+05,2.047860e+11,5.833695e+15,2,96,N,N
8.936729e+05,2.026582e+11,6.622659e+15,0,58,N,N
1.033140e+06,2.700496e+11,7.160298e+15,1,103,N,N
1.004539e+06,2.472237e+11,7.253666e+15,2,55,N,N
1.005276e+06,2.577690e+11,7.320748e+15,2,84,N,N
1.032191e+06,2.688823e+11,7.009718e+15,0,29,N,N
9.591857e+05,2.335993e+11,6.953439e+15,0,52,N,N
1.066323e+06,2.732592e+11,6.173010e+15,2,80,N,N
9.691751e+05,2.328104e+11,6.812781e+15,2,65,N,N
1.001159e+06,2.475752e+11,7.921413e+15,3,55,N,N
9.416903e+05,2.249553e+11,5.038939e+15,3,68,N,N
1.030445e+06,2.659958e+11,7.572717e+15,0,47,N,N
9.696471e+05,2.390615e+11,5.923879e+15,0,15,N,N
1.020436e+06,2.565601e+11,4.925590e+15,1,76,N,N
8.914698e+05,1.999150e+11,6.357671e+15,3,91,N,N
9.938605e+05,2.482481e+11,4.931632e+15,0,76,N,N
9.637103e+05,2.350242e+11,5.658709e+15,1,62,N,N
8.594401e+05,1.850271e+11,5.866106e+15,0,75,N,N
9.917516e+05,2.425746e+11,7.011610e+15,1,55,N,N
8.873744e+05,2.024859e+11,5.953959e+15,3,96,N,N
9.545232e+05,2.289772e+11,5.971420e+15,0,57,N,N
9.553003e+05,2.256474e+11,5.941285e+15,1,82,N,N
9.146363e+05,2.132167e+11,6.319974e+15,0,39,N,N
8.949406e+05,2.019787e+11,5.901551e+15,1,66,N,N
9.677523e+05,2.384038e+11,6.501193e+15,0,63,N,N
9.006081e+05,2.010580e+11,4.862026e+15,0,81,N,N
1.091514e+06,2.986809e+11,8.423701e+15,1,98,N,N
1.054779e+06,2.686612e+11,5.532762e+15,2,79,N,N
9.073176e+05,2.084685e+11,6.507876e+15,3,48,N,N
1.060465e+06,2.892841e+11,6.569809e+15,2,86,N,N
9.858425e+05,2.434078e+11,5.333831e+15,0,27,N,N
1.067120e+06,2.761452e+11,6.019575e+15,3,79,N,N
1.054289e+06,2.823328e+11,6.730703e+15,0,26,N,N
9.808184e+05,2.389493e+11,6.237163e+15,1,61,N,N
1.034991e+06,2.683135e+11,7.503300e+15,1,47,N,N
9.597520e+05,2.250792e+11,7.931233e+15,1,97,N,N
9.936242e+05,2.508224e+11,6.613184e+15,0,0,N,N
1.022866e+06,2.649213e+11,6.832809e+15,2,104,N,N
8.550073e+05,1.804864e+11,5.544449e+15,3,75,N,N
9.244866e+05,2.118465e+11,5.974459e+15,2,51,N,N
9.720102e+05,2.368802e+11,6.645274e+15,3,90,N,N
9.026734e+05,2.039811e+11,5.748715e+15,3,77,N,N
9.863447e+05,2.456125e+11,6.492881e+15,0,31,N,N
8.950056e+05,2.050126e+11,5.724951e+15,1,5,N,N
1.026140e+06,2.667795e+11,7.400295e+15,3,99,N,N
8.620487e+05,1.840717e+11,4.608698e+15,0,42,N,N
1.000320e+06,2.559467e+11,7.766848e+15,0,70,N,N
1.056822e+06,2.700500e+11,6.119810e+15,1,80,N,N
9.548666e+05,2.324017e+11,6.802123e+15,1,34,N,N
9.268997e+05,2.169220e+11,6.917654e+15,3,93,N,N
9.129468e+05,2.098457e+11,6.379030e+15,0,93,N,N
1.029396e+06,2.660133e+11,7.794088e+15,0,6,N,N
1.022951e+06,2.650869e+11,7.375840e+15,0,18,N,N
9.325963e+05,2.108654e+11,5.359042e+15,0,50,N,N
1.073544e+06,2.904409e+11,6.143004e+15,2,101,N,N
1.011660e+06,2.614116e+11,6.874377e+15,3,74,N,N
8.711724e+05,1.885961e+11,5.743352e+15,3,54,N,N
9.217688e+05,2.106234e+11,5.941643e+15,1,77,N,N
8.857321e+05,1.976518e+11,6.292269e+15,0,91,N,N
9.824634e+05,2.448036e+11,6.140390e+15,2,62,N,N
8.997449e+05,2.009926e+11,4.951594e+15,2,81,N,N
9.115340e+05,2.113069e+11,6.177397e+15,2,92,N,N
8.709474e+05,1.933124e+11,6.096428e+15,1,58,N,N
9.879803e+05,2.450385e+11,6.852642e+15,0,90,N,N
1.087840e+06,2.904567e+11,8.759484e+15,3,73,N,N
8.829218e+05,1.926900e+11,6.031733e+15,1,78,N,N
1.075851e+06,2.954840e+11,7.948823e+15,2,49,N,N
1.081144e+06,2.860917e+11,6.818498e+15,1,67,N,N
9.445428e+05,2.260602e+11,6.518919e+15,0,34,N,N
9.270041e+05,2.188629e+11,5.793387e+15,0,71,N,N
8.928276e+05,1.944966e+11,6.729796e+15,3,64,N,N
1.017144e+06,2.623935e+11,6.682769e+15,3,104,N,N
8.713730e+05,1.880954e+11,5.678834e+15,2,75,N,N
8.880354e+05,1.970926e+11,5.869761e+15,3,66,N,N
1.001395e+06,2.531858e+11,5.346368e+15,0,89,N,N
8.424193e+05,1.814574e+11,5.518667e+15,0,32,N,N
8.953792e+05,2.063155e+11,6.039028e+15,0,102,N,N
1.049895e+06,2.780035e+11,7.592740e+15,2,103,N,N
8.889468e+05,2.008795e+11,5.514001e+15,0,5,N,N
8.882322e+05,2.050644e+11,6.670532e+15,1,59,N,N
9.617346e+05,2.240354e+11,7.671529e+15,3,97,N,N
9.572230e+05,2.259763e+11,7.972892e+15,0,97,N,N
1.038702e+06,2.723519e+11,6.498193e+15,1,88,N,N
8.848819e+05,1.974046e+11,5.967748e+15,0,66,N,N
9.028202e+05,2.012582e+11,7.016261e+15,0,64,N,N
9.099985e+05,2.088678e+11,6.400949e+15,1,93,N,N
1.032806e+06,2.710467e+11,6.321487e+15,3,95,N,N
9.355115e+05,2.227131e+11,5.958621e+15,1,25,N,N
8.305460e+05,1.767793e+11,5.473724e+15,3,53,N,N
9.012728e+05,2.034366e+11,5.818467e+15,0,77,N,N
9.513203e+05,2.277544e+11,5.754618e+15,0,61,N,N
9.485983e+05,2.276338e+11,4.947383e+15,2,68,N,N
1.058313e+06,2.789265e+11,7.946788e+15,2,47,N,N
9.528604e+05,2.293638e+11,5.758375e+15,0,41,N,N
9.369161e+05,2.228671e+11,6.026868e+15,1,71,N,N
1.064233e+06,2.839347e+11,6.715164e+15,2,88,N,N
1.005765e+06,2.559254e+11,6.580702e+15,0,72,N,N
9.519411e+05,2.240951e+11,6.721079e+15,1,87,N,N
9.594163e+05,2.212064e+11,7.244786e+15,2,97,N,N
9.541204e+05,2.226844e+11,6.285896e+15,2,87,N,N
9.214384e+05,2.155839e+11,6.412294e+15,0,92,N,N
1.006216e+06,2.517910e+11,6.190487e+15,2,72,N,N
1.029445e+06,2.692562e+11,7.416135e+15,0,99,N,N
8.789559e+05,1.943957e+11,5.144606e+15,1,37,N,N
9.817862e+05,2.440400e+11,5.752169e+15,0,1,N,N
9.513209e+05,2.271340e+11,4.672848e+15,1,68,N,N
1.035309e+06,2.618687e+11,6.096009e+15,0,80,N,N
9.666347e+05,2.334413e+11,6.048458e+15,3,61,N,N
9.307403e+05,2.196692e+11,6.915462e+15,2,93,N,N
9.633423e+05,2.316905e+11,7.389083e+15,0,35,N,N
9.394443e+05,2.225482e+11,5.770989e+15,0,8,N,N
1.066060e+06,2.776286e+11,6.498979e+15,2,67,N,N
9.073922e+05,2.130588e+11,6.418861e+15,2,102,N,N
9.635647e+05,2.339407e+11,6.654802e+15,1,52,N,N
9.926588e+05,2.494668e+11,5.886334e+15,3,62,N,N
9.556886e+05,2.316254e+11,6.367947e+15,0,45,N,N
1.007706e+06,2.535851e+11,7.205331e+15,1,90,N,N
1.011777e+06,2.613673e+11,7.125180e+15,3,103,N,N
9.958201e+05,2.546994e+11,6.930493e+15,0,103,N,N
9.736387e+05,2.362497e+11,5.891947e+15,2,61,N,N
1.001037e+06,2.558024e+11,7.438875e+15,0,84,N,N
1.045220e+06,2.751386e+11,6.206276e+15,2,95,N,N
9.365476e+05,2.102338e+11,5.295703e+15,0,4,N,N
8.331689e+05,1.757632e+11,5.222105e+15,2,54,N,N
1.050547e+06,2.835460e+11,6.633918e+15,1,86,N,N
9.437256e+05,2.211418e+11,6.210789e+15,1,44,N,N
8.602730e+05,1.912638e+11,5.751798e+15,0,59,N,N
1.033842e+06,2.708628e+11,6.537947e+15,2,100,N,N
9.863724e+05,2.478480e+11,6.299438e+15,1,46,N,N
8.710085e+05,1.876710e+11,4.792455e+15,1,42,N,N
8.855695e+05,1.964305e+11,5.349924e+15,2,37,N,N
9.735633e+05,2.419856e+11,8.970893e+15,1,36,N,N
9.771718e+05,2.435295e+11,6.696922e+15,1,63,N,N
9.889522e+05,2.450520e+11,7.162913e+15,1,65,N,N
8.538088e+05,1.877497e+11,6.184314e+15,3,58,N,N
9.898223e+05,2.449939e+11,7.286217e+15,0,65,N,N
8.239083e+05,1.737850e+11,5.417433e+15,1,53,N,N
9.842798e+05,2.431378e+11,5.410312e+15,0,7,N,N
9.944329e+05,2.513459e+11,6.103798e+15,1,60,N,N
9.372138e+05,2.235701e+11,5.974415e+15,0,3,N,N
9.350219e+05,2.151874e+11,6.341287e+15,1,33,N,N
1.037414e+06,2.604634e+11,6.162723e+15,3,80,N,N
9.063915e+05,2.091605e+11,5.534968e+15,3,83,N,N
8.940449e+05,1.949611e+11,6.182515e+15,2,78,N,N
9.713000e+05,2.389256e+11,5.672333e+15,0,68,N,N
9.316201e+05,2.124333e+11,6.119263e+15,0,19,N,N
9.906974e+05,2.472084e+11,5.099530e+15,1,89,N,N
9.535666e+05,2.270622e+11,7.172922e+15,1,35,N,N
8.464214e+05,1.813290e+11,5.927849e+15,2,94,N,N
9.586454e+05,2.258243e+11,6.638781e+15,0,87,N,N
9.515054e+05,2.274074e+11,5.970514e+15,0,22,N,N
1.063631e+06,2.840172e+11,6.789806e+15,0,88,N,N
1.094581e+06,2.988770e+11,9.185566e+15,1,73,N,N
8.421252e+05,1.776868e+11,5.788405e+15,0,38,N,N
9.268210e+05,2.144690e+11,6.127835e+15,3,51,N,N
9.151256e+05,2.124455e+11,6.439532e+15,0,48,N,N
1.086246e+06,2.966725e+11,8.718588e+15,3,98,N,N
8.493974e+05,1.827198e+11,5.656371e+15,1,54,N,N
1.036422e+06,2.728662e+11,6.717371e+15,1,100,N,N
1.000252e+06,2.548891e+11,6.929304e+15,1,0,N,N
9.478186e+05,2.304282e+11,6.772503e+15,1,12,N,N
9.928110e+05,2.478973e+11,6.219256e+15,3,72,N,N
9.471916e+05,2.252365e+11,6.581030e+15,2,85,N,N
1.089260e+06,3.009057e+11,8.750028e+15,0,98,N,N
9.978006e+05,2.524684e+11,7.740129e+15,0,11,N,N
9.143584e+05,2.055071e+11,5.602820e+15,2,50,N,N
1.015394e+06,2.621230e+11,6.696083e+15,1,104,N,N
9.176234e+05,2.147423e+11,6.608333e+15,2,48,N,N
1.061267e+06,2.876919e+11,7.685596e+15,0,49,N,N
9.404954e+05,2.149781e+11,5.476597e+15,1,50,N,N
1.035429e+06,2.662596e+11,7.408748e+15,3,47,N,N
9.562578e+05,2.322986e+11,6.731755e+15,2,52,N,N
9.863649e+05,2.454692e+11,6.844270e+15,2,90,N,N
8.864667e+05,1.981262e+11,6.280975e+15,2,58,N,N
9.428520e+05,2.240037e+11,5.986058e+15,3,69,N,N
9.582055e+05,2.328026e+11,6.470715e+15,2,63,N,N
1.103458e+06,3.043605e+11,8.741841e+15,2,98,N,N
9.692793e+05,2.335833e+11,5.005983e+15,1,40,N,N
9.579073e+05,2.303260e+11,7.082139e+15,3,85,N,N
9.047360e+05,2.012364e+11,6.438216e+15,3,78,N,N
1.067857e+06,2.909326e+11,7.482555e+15,1,49,N,N
9.930247e+05,2.487716e+11,5.855185e+15,1,72,N,N
9.356059e+05,2.224408e+11,7.623128e+15,0,24,N,N
9.669993e+05,2.383670e+11,6.914580e+15,1,45,N,N
9.214903e+05,2.107297e+11,5.914649e+15,0,51,N,N
1.025247e+06,2.684285e+11,6.550806e+15,0,100,N,N
8.978311e+05,2.068884e+11,6.103654e+15,1,96,N,N
9.569564e+05,2.282618e+11,6.214920e+15,3,82,N,N
9.127264e+05,2.047089e+11,5.643111e+15,3,50,N,N
9.957256e+05,2.504577e+11,5.455899e+15,3,89,N,N
9.753121e+05,2.331460e+11,5.881070e+15,2,82,N,N
9.835681e+05,2.380907e+11,6.867871e+15,0,55,N,N
1.034483e+06,2.722509e+11,6.848046e+15,0,20,N,N
9.297775e+05,2.184682e+11,7.615802e+15,0,36,N,N
9.869904e+05,2.482875e+11,8.611525e+15,0,56,N,N
8.599574e+05,1.880013e+11,6.365153e+15,1,94,N,N
8.846479e+05,1.977572e+11,6.395074e+15,2,91,N,N
9.766446e+05,2.507737e+11,8.057819e+15,1,70,N,N
9.430735e+05,2.212596e+11,6.201248e+15,0,44,N,N
8.457772e+05,1.820647e+11,6.074990e+15,3,94,N,N
1.097144e+06,2.896792e+11,5.877709e+15,1,79,N,N
9.902413e+05,2.477818e+11,8.100572e+15,3,56,N,N
9.552574e+05,2.408091e+11,7.743129e+15,3,70,N,N
1.055136e+06,2.797202e+11,7.091623e+15,3,88,N,N
9.353621e+05,2.213823e+11,6.082920e+15,3,71,N,N
9.470230e+05,2.352062e+11,6.348837e+15,0,74,N,N
8.978376e+05,1.974672e+11,5.322479e+15,0,17,N,N
9.296630e+05,2.153152e+11,6.197412e+15,1,51,N,N
9.118191e+05,2.042041e+11,7.096218e+15,1,64,N,N
9.044139e+05,2.044992e+11,5.907809e+15,2,77,N,N
9.154848e+05,2.074914e+11,6.247389e+15,1,85,N,N
8.362045e+05,1.772165e+11,5.920821e+15,1,38,N,N
8.833758e+05,1.978006e+11,6.391649e+15,1,91,N,N
1.027535e+06,2.690105e+11,6.545256e+15,3,100,N,N
9.329152e+05,2.195132e+11,7.174283e+15,0,10,N,N
1.038355e+06,2.719435e+11,7.412852e+15,1,99,N,N
9.158564e+05,2.142481e+11,5.677080e+15,1,83,N,N
1.030661e+06,2.663074e+11,6.608481e+15,0,28,N,N
8.929044e+05,2.064191e+11,6.631131e+15,3,59,N,N
1.065727e+06,2.877593e+11,6.466679e+15,0,101,N,N
7.975644e+05,1.587372e+11,4.122025e+15,0,2,N,N
1.030316e+06,2.663326e+11,6.846741e+15,2,99,N,N
9.592585e+05,2.305098e+11,5.754826e+15,0,14,N,N
1.006489e+06,2.588136e+11,7.801875e+15,1,84,N,N
9.092262e+05,2.094852e+11,6.245323e+15,3,92,N,N
1.072407e+06,2.928866e+11,7.924444e+15,3,49,N,N
1.002848e+06,2.452156e+11,4.489831e+15,0,40,N,N
9.649274e+05,2.339183e+11,6.162637e+15,2,57,N,N
1.053472e+06,2.814230e+11,6.566337e+15,0,95,N,N
1.014982e+06,2.611864e+11,6.865625e+15,2,60,N,N
1.096654e+06,2.930814e+11,8.342523e+15,2,73,N,N
1.050727e+06,2.693770e+11,5.719582e+15,3,67,N,N
1.008591e+06,2.586369e+11,7.736995e+15,2,70,N,N
9.679222e+05,2.358010e+11,6.834592e+15,3,52,N,N
1.002764e+06,2.546494e+11,6.546156e+15,1,43,N,N
1.039944e+06,2.738528e+11,6.538131e+15,1,95,N,N
9.783810e+05,2.434328e+11,5.971703e+15,0,62,N,N
9.024906e+05,2.018916e+11,6.743993e+15,0,9,N,N
9.544550e+05,2.221571e+11,6.249790e+15,3,87,N,N
1.060666e+06,2.894731e+11,6.767971e+15,3,86,N,N
9.001976e+05,2.015488e+11,5.264601e+15,1,81,N,N
8.861100e+05,1.933871e+11,5.535003e+15,2,66,N,N
9.731195e+05,2.299407e+11,6.770770e+15,0,33,N,N
8.236751e+05,1.740177e+11,5.360139e+15,0,53,N,N
9.328891e+05,2.240415e+11,7.612016e+15,2,59,N,N
9.651147e+05,2.329720e+11,7.080629e+15,0,16,N,N
1.001096e+06,2.563313e+11,6.799097e+15,2,74,N,N
9.092137e+05,2.135696e+11,6.429997e+15,3,102,N,N
9.413108e+05,2.247268e+11,5.977680e+15,1,69,N,N
1.032563e+06,2.743647e+11,6.332801e+15,0,86,N,N
1.024235e+06,2.659409e+11,6.496448e+15,0,104,N,N
9.468180e+05,2.301497e+11,6.884958e+15,0,12,N,N
8.509372e+05,1.831742e+11,5.586691e+15,0,54,N,N
9.767586e+05,2.467071e+11,6.514145e+15,1,74,N,N
9.148095e+05,2.111840e+11,5.545566e+15,2,83,N,N
9.014967e+05,2.063528e+11,6.135141e+15,1,92,N,N
1.073220e+06,2.910526e+11,6.617243e+15,3,101,N,N
9.947524e+05,2.495074e+11,8.480455e+15,1,56,N,N
9.453845e+05,2.257805e+11,5.859162e+15,0,25,N,N
9.455187e+05,2.256345e+11,6.223220e+15,2,71,N,N
8.644203e+05,1.852197e+11,5.832278e+15,1,75,N,N
1.082027e+06,2.961091e+11,6.711586e+15,1,101,N,N
1.071398e+06,2.895011e+11,7.863029e+15,0,23,N,N
8.812923e+05,1.965092e+11,5.405626e+15,0,37,N,N
9.393536e+05,2.210988e+11,6.666472e+15,0,85,N,N
9.007571e+05,2.085897e+11,6.072852e+15,0,96,N,N
8.796052e+05,1.917954e+11,6.171049e+15,0,78,N,N
1.000026e+06,2.520521e+11,8.380045e+15,2,56,N,N
9.531153e+05,2.320921e+11,6.421513e+15,0,69,N,N
9.512857e+05,2.282893e+11,6.027368e+15,3,57,N,N
9.568800e+05,2.295744e+11,6.064359e+15,1,57,N,N
1.001851e+06,2.537844e+11,5.473082e+15,2,89,N,N
8.654422e+05,1.884443e+11,6.095156e+15,0,94,N,N
1.097012e+06,2.926979e+11,5.332837e+15,0,79,N,N
1.016471e+06,2.535932e+11,6.100355e+15,0,21,N,N
9.581826e+05,2.261385e+11,5.686003e+15,0,82,N,N
9.126660e+05,2.121089e+11,5.563891e+15,0,83,N,N
9.260262e+05,2.175347e+11,6.666362e+15,1,48,N,N
9.992773e+05,2.541362e+11,7.736894e+15,3,84,N,N
9.668850e+05,2.408637e+11,5.948788e+15,0,60,N,N
1.001407e+06,2.516910e+11,5.898421e+15,3,60,N,N
1.033804e+06,2.647193e+11,6.061746e+15,0,13,N,N
9.997543e+05,2.476320e+11,7.919535e+15,0,30,N,N
8.924548e+05,1.973390e+11,4.713083e+15,3,81,N,N
9.555074e+05,2.311799e+11,6.322815e+15,3,63,N,N
9.051767e+05,2.022754e+11,7.098689e+15,2,64,N,N
9.605050e+05,2.335373e+11,6.490500e+15,2,69,N,N
9.618625e+05,2.366195e+11,6.712091e+15,2,12,N,N
9.229810e+05,2.153720e+11,6.987190e+15,1,10,N,N
1.018386e+06,2.601672e+11,6.595909e+15,0,43,N,N
1.010223e+06,2.476775e+11,5.176838e+15,0,67,N,N
8.312207e+05,1.764919e+11,5.460462e+15,2,53,N,N
9.815063e+05,2.429059e+11,7.171585e+15,3,65,N,N
1.037553e+06,2.637186e+11,4.771174e+15,3,76,N,N
9.224206e+05,2.177944e+11,6.494803e+15,1,102,N,N
1.092962e+06,2.975261e+11,9.126525e+15,0,73,N,N
