2.418353e-02,1.554783e-04,1.444102e-07,2,76,N,N
2.546689e-02,1.655802e-04,1.230478e-07,1,41,N,N
2.586320e-02,1.729461e-04,1.382422e-07,0,46,N,N
2.597311e-02,1.738943e-04,1.556873e-07,2,96,N,N
2.590613e-02,1.708399e-04,1.661649e-07,0,58,N,N
2.706798e-02,1.897244e-04,1.737636e-07,1,103,N,N
2.439597e-02,1.513558e-04,1.493813e-07,2,55,N,N
2.712572e-02,1.877695e-04,1.445693e-07,2,84,N,N
2.453158e-02,1.528720e-04,1.041860e-07,0,29,N,N
2.667940e-02,1.820785e-04,1.631165e-07,0,52,N,N
2.509247e-02,1.609186e-04,1.605371e-07,2,80,N,N
2.553064e-02,1.644813e-04,1.510040e-07,2,65,N,N
2.485091e-02,1.571505e-04,1.598475e-07,3,55,N,N
2.508970e-02,1.619195e-04,1.171338e-07,3,68,N,N
2.543280e-02,1.649703e-04,1.408653e-07,0,47,N,N
2.555378e-02,1.687470e-04,1.354420e-07,0,15,N,N
2.663485e-02,1.822323e-04,1.616156e-07,1,76,N,N
2.565021e-02,1.669198e-04,1.636931e-07,3,91,N,N
2.710431e-02,1.927745e-04,1.871682e-07,0,76,N,N
2.580674e-02,1.709509e-04,1.317691e-07,1,62,N,N
2.263993e-02,1.287675e-04,1.101110e-07,0,75,N,N
2.483920e-02,1.574408e-04,1.551034e-07,1,55,N,N
2.557717e-02,1.690516e-04,1.509334e-07,3,96,N,N
2.734455e-02,1.887630e-04,1.494361e-07,0,57,N,N
2.689463e-02,1.830353e-04,1.727615e-07,1,82,N,N
2.757007e-02,1.941360e-04,1.757419e-07,0,39,N,N
2.747911e-02,1.911848e-04,1.815821e-07,1,66,N,N
2.655056e-02,1.802937e-04,1.432825e-07,0,63,N,N
2.573251e-02,1.713300e-04,1.788379e-07,0,81,N,N
2.446874e-02,1.530161e-04,1.217405e-07,1,98,N,N
2.004091e-02,9.961743e-05,5.542345e-08,2,79,N,N
2.502076e-02,1.596558e-04,1.453935e-07,3,48,N,N
2.533450e-02,1.662889e-04,1.023158e-07,2,86,N,N
2.586121e-02,1.707841e-04,1.274013e-07,0,27,N,N
2.323425e-02,1.339010e-04,8.441812e-08,3,79,N,N
2.832797e-02,2.051621e-04,1.451356e-07,0,26,N,N
2.606624e-02,1.712283e-04,1.399295e-07,1,61,N,N
2.531855e-02,1.637331e-04,1.386327e-07,1,47,N,N
2.207464e-02,1.214837e-04,1.123911e-07,1,97,N,N
2.620763e-02,1.755212e-04,1.315836e-07,0,0,N,N
2.580796e-02,1.701783e-04,1.245947e-07,2,104,N,N
2.258937e-02,1.265258e-04,1.070525e-07,3,75,N,N
2.514799e-02,1.591462e-04,1.420964e-07,2,51,N,N
2.625035e-02,1.761958e-04,1.625049e-07,3,90,N,N
2.359060e-02,1.400501e-04,1.087973e-07,3,77,N,N
2.403140e-02,1.476028e-04,1.104168e-07,0,31,N,N
2.296647e-02,1.356227e-04,1.030100e-07,1,5,N,N
2.462244e-02,1.557261e-04,1.216837e-07,3,99,N,N
2.507751e-02,1.614332e-04,1.623538e-07,0,42,N,N
2.554197e-02,1.690420e-04,1.500691e-07,0,70,N,N
2.595732e-02,1.727050e-04,1.761078e-07,1,80,N,N
2.458382e-02,1.551493e-04,1.279385e-07,1,34,N,N
2.435571e-02,1.511096e-04,1.362875e-07,3,93,N,N
2.457179e-02,1.538292e-04,1.391212e-07,0,93,N,N
2.523260e-02,1.613406e-04,1.287465e-07,0,6,N,N
2.549545e-02,1.668694e-04,1.360128e-07,0,18,N,N
2.804854e-02,1.976452e-04,2.093113e-07,0,50,N,N
2.681101e-02,1.854651e-04,1.435073e-07,2,101,N,N
2.686327e-02,1.848288e-04,1.338125e-07,3,74,N,N
2.386003e-02,1.429252e-04,1.292816e-07,3,54,N,N
2.608605e-02,1.699185e-04,1.468783e-07,1,77,N,N
2.605251e-02,1.719907e-04,1.684400e-07,0,91,N,N
2.762344e-02,1.960234e-04,1.630133e-07,2,62,N,N
2.674820e-02,1.850015e-04,2.014678e-07,2,81,N,N
2.540866e-02,1.653558e-04,1.442984e-07,2,92,N,N
2.556102e-02,1.671384e-04,1.599850e-07,1,58,N,N
2.786293e-02,1.983394e-04,1.884631e-07,0,90,N,N
2.177053e-02,1.190169e-04,9.115263e-08,3,73,N,N
2.327800e-02,1.360149e-04,1.262977e-07,1,78,N,N
2.445681e-02,1.536398e-04,1.028263e-07,2,49,N,N
2.560323e-02,1.696960e-04,1.725404e-07,1,67,N,N
2.305937e-02,1.357716e-04,1.042701e-07,0,34,N,N
2.653301e-02,1.808718e-04,1.520354e-07,0,71,N,N
2.583618e-02,1.646061e-04,1.778509e-07,3,64,N,N
2.548558e-02,1.665020e-04,1.221404e-07,3,104,N,N
2.414326e-02,1.450127e-04,1.267076e-07,2,75,N,N
2.705857e-02,1.840558e-04,1.771100e-07,3,66,N,N
2.848777e-02,2.085838e-04,1.646333e-07,0,89,N,N
2.546166e-02,1.668715e-04,1.602585e-07,0,32,N,N
2.572888e-02,1.705068e-04,1.445025e-07,0,102,N,N
2.721049e-02,1.907814e-04,1.731906e-07,2,103,N,N
2.259554e-02,1.303003e-04,9.461415e-08,0,5,N,N
2.356598e-02,1.458227e-04,1.377993e-07,1,59,N,N
2.237359e-02,1.248355e-04,1.200376e-07,3,97,N,N
2.218991e-02,1.240154e-04,1.172554e-07,0,97,N,N
2.696519e-02,1.857739e-04,1.372816e-07,1,88,N,N
2.766873e-02,1.936926e-04,1.895677e-07,0,66,N,N
2.561652e-02,1.632813e-04,1.706577e-07,0,64,N,N
2.468026e-02,1.555894e-04,1.443803e-07,1,93,N,N
2.650253e-02,1.835099e-04,1.602875e-07,3,95,N,N
2.336374e-02,1.401621e-04,1.040908e-07,1,25,N,N
2.428927e-02,1.514591e-04,1.378822e-07,3,53,N,N
2.669845e-02,1.795544e-04,1.593756e-07,0,77,N,N
2.583390e-02,1.705939e-04,1.407937e-07,0,61,N,N
2.335583e-02,1.403462e-04,9.516810e-08,2,68,N,N
2.470787e-02,1.553950e-04,1.304501e-07,2,47,N,N
2.711886e-02,1.879094e-04,1.541292e-07,0,41,N,N
2.527041e-02,1.637774e-04,1.350267e-07,1,71,N,N
2.575232e-02,1.685680e-04,1.181138e-07,2,88,N,N
2.140624e-02,1.169343e-04,7.203903e-08,0,72,N,N
2.425662e-02,1.477183e-04,1.291478e-07,1,87,N,N
2.171685e-02,1.164410e-04,1.045013e-07,2,97,N,N
2.347277e-02,1.385056e-04,1.214649e-07,2,87,N,N
2.692363e-02,1.848330e-04,1.672617e-07,0,92,N,N
2.090875e-02,1.102429e-04,6.684230e-08,2,72,N,N
2.567823e-02,1.694279e-04,1.331855e-07,0,99,N,N
2.603735e-02,1.732018e-04,1.587081e-07,1,37,N,N
2.392033e-02,1.464699e-04,9.851505e-08,0,1,N,N
2.411145e-02,1.487593e-04,1.029357e-07,1,68,N,N
2.627253e-02,1.775317e-04,1.798723e-07,0,80,N,N
2.672523e-02,1.808430e-04,1.507153e-07,3,61,N,N
2.461090e-02,1.549378e-04,1.394965e-07,2,93,N,N
2.498803e-02,1.573180e-04,1.412829e-07,0,35,N,N
2.687733e-02,1.837519e-04,1.506912e-07,0,8,N,N
2.437637e-02,1.535289e-04,1.497126e-07,2,67,N,N
2.563464e-02,1.702630e-04,1.477486e-07,2,102,N,N
2.477696e-02,1.561725e-04,1.267562e-07,1,52,N,N
2.681937e-02,1.852797e-04,1.503783e-07,3,62,N,N
2.390666e-02,1.468052e-04,1.169374e-07,0,45,N,N
2.669085e-02,1.818441e-04,1.704919e-07,1,90,N,N
2.696840e-02,1.896032e-04,1.763630e-07,3,103,N,N
2.722737e-02,1.942808e-04,1.830491e-07,0,103,N,N
2.751810e-02,1.924301e-04,1.701699e-07,2,61,N,N
2.607410e-02,1.736976e-04,1.327063e-07,0,84,N,N
2.584986e-02,1.737630e-04,1.494426e-07,2,95,N,N
2.382508e-02,1.399889e-04,1.184168e-07,0,4,N,N
2.497983e-02,1.594162e-04,1.533237e-07,2,54,N,N
2.472123e-02,1.582562e-04,9.946073e-08,1,86,N,N
2.492286e-02,1.573574e-04,1.421074e-07,1,44,N,N
2.262393e-02,1.344640e-04,1.229476e-07,0,59,N,N
2.837589e-02,2.054937e-04,1.502920e-07,2,100,N,N
2.566005e-02,1.702372e-04,1.365612e-07,1,46,N,N
2.328495e-02,1.385056e-04,1.267897e-07,1,42,N,N
2.709322e-02,1.855955e-04,1.674629e-07,2,37,N,N
2.383512e-02,1.464498e-04,1.427392e-07,1,36,N,N
2.699338e-02,1.865767e-04,1.487283e-07,1,63,N,N
2.570574e-02,1.689660e-04,1.573065e-07,1,65,N,N
2.539388e-02,1.665093e-04,1.672229e-07,3,58,N,N
2.567489e-02,1.678202e-04,1.540849e-07,0,65,N,N
2.517263e-02,1.623860e-04,1.548486e-07,1,53,N,N
2.549931e-02,1.675854e-04,1.375704e-07,0,7,N,N
2.676497e-02,1.847365e-04,1.483444e-07,1,60,N,N
2.201068e-02,1.239406e-04,8.234179e-08,0,3,N,N
2.514463e-02,1.595087e-04,1.539472e-07,1,33,N,N
2.590870e-02,1.715633e-04,1.750988e-07,3,80,N,N
2.401745e-02,1.475511e-04,1.104732e-07,3,83,N,N
2.135872e-02,1.130355e-04,9.569187e-08,2,78,N,N
2.543716e-02,1.663313e-04,1.258377e-07,0,68,N,N
2.343839e-02,1.378794e-04,1.229316e-07,0,19,N,N
2.787908e-02,2.000633e-04,1.605600e-07,1,89,N,N
2.213995e-02,1.234491e-04,9.719827e-08,1,35,N,N
2.581385e-02,1.698578e-04,1.795446e-07,2,94,N,N
2.340366e-02,1.374320e-04,1.165129e-07,0,87,N,N
2.359920e-02,1.411254e-04,1.014415e-07,0,22,N,N
2.567584e-02,1.673119e-04,1.135316e-07,0,88,N,N
2.268578e-02,1.309181e-04,1.023156e-07,1,73,N,N
2.413520e-02,1.468706e-04,1.436874e-07,0,38,N,N
2.620626e-02,1.736951e-04,1.611129e-07,3,51,N,N
2.529026e-02,1.633860e-04,1.467272e-07,0,48,N,N
2.464511e-02,1.551147e-04,1.242129e-07,3,98,N,N
2.569563e-02,1.694823e-04,1.769195e-07,1,54,N,N
2.783611e-02,1.983442e-04,1.458830e-07,1,100,N,N
2.699014e-02,1.862649e-04,1.435991e-07,1,0,N,N
2.301846e-02,1.365780e-04,1.031171e-07,1,12,N,N
2.364269e-02,1.422887e-04,9.912950e-08,3,72,N,N
2.190567e-02,1.227134e-04,9.833965e-08,2,85,N,N
2.410040e-02,1.490809e-04,1.112806e-07,0,98,N,N
2.637305e-02,1.776979e-04,1.562989e-07,0,11,N,N
2.734064e-02,1.889505e-04,1.974700e-07,2,50,N,N
2.590550e-02,1.724738e-04,1.301971e-07,1,104,N,N
2.489764e-02,1.591530e-04,1.421541e-07,2,48,N,N
2.689805e-02,1.854926e-04,1.327388e-07,0,49,N,N
2.750473e-02,1.900636e-04,1.940629e-07,1,50,N,N
2.499506e-02,1.586034e-04,1.333564e-07,3,47,N,N
2.628014e-02,1.766010e-04,1.503566e-07,2,52,N,N
2.659286e-02,1.820934e-04,1.694019e-07,2,90,N,N
2.431006e-02,1.496356e-04,1.354660e-07,2,58,N,N
2.630431e-02,1.766326e-04,1.522967e-07,3,69,N,N
2.718802e-02,1.881789e-04,1.564486e-07,2,63,N,N
2.483241e-02,1.568096e-04,1.240333e-07,2,98,N,N
2.575958e-02,1.696943e-04,1.392023e-07,1,40,N,N
2.351829e-02,1.412186e-04,1.248736e-07,3,85,N,N
2.510001e-02,1.569146e-04,1.537759e-07,3,78,N,N
2.695417e-02,1.863701e-04,1.315800e-07,1,49,N,N
2.275964e-02,1.319168e-04,8.171694e-08,1,72,N,N
2.228930e-02,1.272219e-04,1.104142e-07,0,24,N,N
2.441841e-02,1.532889e-04,1.230698e-07,1,45,N,N
2.559784e-02,1.650972e-04,1.496725e-07,0,51,N,N
2.672698e-02,1.834826e-04,1.271778e-07,0,100,N,N
2.565317e-02,1.700165e-04,1.530457e-07,1,96,N,N
2.702314e-02,1.859682e-04,1.775032e-07,3,82,N,N
2.778586e-02,1.946996e-04,2.049729e-07,3,50,N,N
2.796000e-02,2.007356e-04,1.563581e-07,3,89,N,N
2.629487e-02,1.745153e-04,1.612614e-07,2,82,N,N
2.552328e-02,1.659429e-04,1.690298e-07,0,55,N,N
2.254941e-02,1.315458e-04,8.982879e-08,0,20,N,N
2.164719e-02,1.198507e-04,1.058308e-07,0,36,N,N
2.411511e-02,1.489744e-04,1.316470e-07,0,56,N,N
2.433679e-02,1.512880e-04,1.497689e-07,1,94,N,N
2.572361e-02,1.679154e-04,1.633796e-07,2,91,N,N
2.523853e-02,1.691675e-04,1.563018e-07,1,70,N,N
2.503151e-02,1.592533e-04,1.449259e-07,0,44,N,N
2.634966e-02,1.780636e-04,1.952122e-07,3,94,N,N
2.243765e-02,1.240078e-04,7.199597e-08,1,79,N,N
2.455992e-02,1.534726e-04,1.322859e-07,3,56,N,N
2.455318e-02,1.609328e-04,1.504876e-07,3,70,N,N
2.691943e-02,1.841031e-04,1.385827e-07,3,88,N,N
2.649375e-02,1.792710e-04,1.570428e-07,3,71,N,N
2.711784e-02,1.933549e-04,1.544392e-07,0,74,N,N
2.486583e-02,1.566939e-04,1.557112e-07,0,17,N,N
2.600360e-02,1.699663e-04,1.504099e-07,1,51,N,N
2.549348e-02,1.610290e-04,1.656688e-07,1,64,N,N
2.704328e-02,1.834237e-04,1.631350e-07,2,77,N,N
1.862614e-02,8.788272e-05,6.509966e-08,1,85,N,N
2.580389e-02,1.695568e-04,1.802585e-07,1,38,N,N
2.598321e-02,1.722173e-04,1.718715e-07,1,91,N,N
2.702267e-02,1.877330e-04,1.361689e-07,3,100,N,N
2.346136e-02,1.401550e-04,1.238892e-07,0,10,N,N
2.415608e-02,1.492431e-04,1.117947e-07,1,99,N,N
2.807051e-02,2.020118e-04,1.726540e-07,1,83,N,N
2.727594e-02,1.896127e-04,1.551219e-07,0,28,N,N
2.178113e-02,1.242296e-04,1.075154e-07,3,59,N,N
2.636774e-02,1.798165e-04,1.367556e-07,0,101,N,N
2.343843e-02,1.425348e-04,1.481267e-07,0,2,N,N
2.339436e-02,1.397110e-04,1.015929e-07,2,99,N,N
2.304524e-02,1.352157e-04,9.799383e-08,0,14,N,N
2.688408e-02,1.848432e-04,1.506242e-07,1,84,N,N
2.566417e-02,1.677215e-04,1.481323e-07,3,92,N,N
2.339391e-02,1.401078e-04,8.955052e-08,3,49,N,N
2.707167e-02,1.863177e-04,1.624717e-07,0,40,N,N
2.686223e-02,1.824926e-04,1.458810e-07,2,57,N,N
2.609633e-02,1.775999e-04,1.506483e-07,0,95,N,N
2.632750e-02,1.790376e-04,1.540695e-07,2,60,N,N
2.076996e-02,1.081060e-04,7.902124e-08,2,73,N,N
2.463755e-02,1.577514e-04,1.582081e-07,3,67,N,N
2.504556e-02,1.613231e-04,1.357390e-07,2,70,N,N
2.595241e-02,1.714708e-04,1.501094e-07,3,52,N,N
2.626115e-02,1.767521e-04,1.389472e-07,1,43,N,N
2.654279e-02,1.840006e-04,1.672141e-07,1,95,N,N
2.737811e-02,1.930220e-04,1.555773e-07,0,62,N,N
2.378396e-02,1.412196e-04,1.307494e-07,0,9,N,N
2.194421e-02,1.203786e-04,9.689969e-08,3,87,N,N
2.592568e-02,1.744123e-04,1.151596e-07,3,86,N,N
2.582211e-02,1.726784e-04,1.862039e-07,1,81,N,N
2.154583e-02,1.151530e-04,8.527752e-08,2,66,N,N
2.656132e-02,1.759720e-04,1.750383e-07,0,33,N,N
2.607535e-02,1.747375e-04,1.719703e-07,0,53,N,N
2.221572e-02,1.287162e-04,1.163322e-07,2,59,N,N
2.486827e-02,1.571658e-04,1.411798e-07,0,16,N,N
2.670622e-02,1.830965e-04,1.373379e-07,2,74,N,N
2.563045e-02,1.697779e-04,1.446640e-07,3,102,N,N
2.530303e-02,1.641680e-04,1.334743e-07,1,69,N,N
2.118726e-02,1.162893e-04,6.156880e-08,0,86,N,N
2.313909e-02,1.369830e-04,8.627102e-08,0,104,N,N
2.285601e-02,1.347613e-04,1.025971e-07,0,12,N,N
2.560405e-02,1.682493e-04,1.739050e-07,0,54,N,N
2.761827e-02,1.978230e-04,1.547490e-07,1,74,N,N
2.585540e-02,1.696454e-04,1.345445e-07,2,83,N,N
2.556785e-02,1.668735e-04,1.483435e-07,1,92,N,N
2.658552e-02,1.830203e-04,1.471936e-07,3,101,N,N
2.243819e-02,1.277393e-04,1.031968e-07,1,56,N,N
2.290402e-02,1.341357e-04,9.688289e-08,0,25,N,N
2.658468e-02,1.799440e-04,1.557329e-07,2,71,N,N
2.533583e-02,1.598972e-04,1.539047e-07,1,75,N,N
2.666264e-02,1.837912e-04,1.433150e-07,1,101,N,N
2.619859e-02,1.753389e-04,1.363827e-07,0,23,N,N
2.733141e-02,1.908586e-04,1.792398e-07,0,37,N,N
2.263947e-02,1.306706e-04,1.100771e-07,0,85,N,N
2.568070e-02,1.704351e-04,1.495273e-07,0,96,N,N
2.308398e-02,1.336151e-04,1.231292e-07,0,78,N,N
2.537718e-02,1.632678e-04,1.447218e-07,2,56,N,N
2.627244e-02,1.777923e-04,1.496066e-07,0,69,N,N
2.414032e-02,1.476956e-04,1.046986e-07,3,57,N,N
2.720955e-02,1.865824e-04,1.491247e-07,1,57,N,N
2.835236e-02,2.067715e-04,1.638085e-07,2,89,N,N
2.598227e-02,1.710331e-04,1.751903e-07,0,94,N,N
2.326062e-02,1.357193e-04,8.508282e-08,0,79,N,N
2.578388e-02,1.694266e-04,1.556826e-07,0,21,N,N
2.728221e-02,1.879621e-04,1.745681e-07,0,82,N,N
2.677356e-02,1.834636e-04,1.509583e-07,0,83,N,N
2.652819e-02,1.800588e-04,1.726348e-07,1,48,N,N
2.695241e-02,1.855246e-04,1.578099e-07,3,84,N,N
2.612302e-02,1.781917e-04,1.423471e-07,0,60,N,N
2.612729e-02,1.742637e-04,1.338214e-07,3,60,N,N
2.285585e-02,1.344952e-04,1.084043e-07,0,13,N,N
2.064365e-02,1.069820e-04,7.931359e-08,0,30,N,N
2.646075e-02,1.812547e-04,1.964342e-07,3,81,N,N
2.097960e-02,1.120904e-04,7.240470e-08,3,63,N,N
2.182452e-02,1.181359e-04,1.036207e-07,2,64,N,N
2.451524e-02,1.534999e-04,1.202979e-07,2,69,N,N
2.542316e-02,1.665722e-04,1.392247e-07,2,12,N,N
2.410120e-02,1.482340e-04,1.361927e-07,1,10,N,N
2.765513e-02,1.944411e-04,1.592235e-07,0,43,N,N
2.538474e-02,1.662057e-04,1.692300e-07,0,67,N,N
2.609797e-02,1.743249e-04,1.708196e-07,2,53,N,N
2.571519e-02,1.700007e-04,1.604649e-07,3,65,N,N
2.651457e-02,1.808036e-04,1.648355e-07,3,76,N,N
2.531769e-02,1.643559e-04,1.367285e-07,1,102,N,N
2.368848e-02,1.429832e-04,1.201325e-07,0,73,N,N
