3.259336e+07,3.018565e+14,8.174606e+20,3,72
3.823052e+07,4.205316e+14,1.289725e+21,3,93
5.162172e+07,6.238278e+14,1.448662e+21,0,26
3.667298e+07,3.809019e+14,1.096779e+21,3,96
3.501939e+07,3.465353e+14,9.839064e+20,1,55
4.795762e+07,5.879056e+14,1.686007e+21,3,90
4.034629e+07,4.603750e+14,1.422766e+21,1,5
4.229201e+07,4.649625e+14,1.322134e+21,0,27
4.188517e+07,4.134594e+14,9.182227e+20,0,28
2.564990e+07,1.818667e+14,3.816526e+20,0,67
2.825270e+07,2.426818e+14,6.338787e+20,3,91
3.675124e+07,3.985671e+14,1.206568e+21,0,16
3.740233e+07,3.983862e+14,1.235983e+21,3,99
2.698398e+07,2.103184e+14,4.799125e+20,3,78
3.736915e+07,3.569467e+14,8.462197e+20,2,102
4.870711e+07,6.424542e+14,2.105914e+21,0,22
4.497708e+07,5.217714e+14,1.463354e+21,1,84
4.066502e+07,4.265624e+14,1.110544e+21,2,82
3.396800e+07,2.969584e+14,6.882351e+20,3,68
3.598753e+07,3.389535e+14,8.691084e+20,3,80
3.341616e+07,3.316907e+14,9.866395e+20,1,10
3.633589e+07,3.638658e+14,1.033446e+21,0,56
5.174022e+07,5.693530e+14,1.178877e+21,1,86
3.634521e+07,3.469454e+14,8.767382e+20,1,73
3.358649e+07,2.891986e+14,6.936331e+20,1,40
5.395695e+07,5.773192e+14,1.601608e+21,2,76
3.805631e+07,3.247998e+14,6.998771e+20,0,76
2.875000e+07,2.274358e+14,5.036743e+20,2,53
4.826554e+07,6.407348e+14,2.186476e+21,1,65
2.940087e+07,2.567087e+14,6.657660e+20,0,32
5.036664e+07,6.816164e+14,2.429135e+21,3,98
3.827157e+07,4.431283e+14,1.536177e+21,0,10
4.251854e+07,5.070518e+14,1.729697e+21,2,99
3.715528e+07,3.610243e+14,8.980806e+20,3,61
5.778765e+07,7.712491e+14,2.047216e+21,3,95
3.443255e+07,3.378003e+14,9.497840e+20,0,55
3.457527e+07,3.613266e+14,1.135910e+21,2,66
3.913072e+07,4.230712e+14,1.275169e+21,3,56
4.725095e+07,5.601337e+14,1.499003e+21,2,84
3.074870e+07,2.719914e+14,6.882873e+20,2,92
4.766866e+07,5.503421e+14,1.380280e+21,2,62
4.380006e+07,4.994641e+14,1.414960e+21,0,83
3.779192e+07,3.630329e+14,8.776065e+20,1,57
4.456156e+07,5.661408e+14,2.148329e+21,3,59
5.384292e+07,7.627400e+14,2.516706e+21,0,11
5.893573e+07,8.109265e+14,2.198622e+21,0,13
3.342058e+07,3.506492e+14,1.115627e+21,1,64
3.324499e+07,3.404362e+14,1.068066e+21,1,35
3.503232e+07,3.463758e+14,9.162621e+20,0,8
6.444951e+07,8.535700e+14,2.044996e+21,0,86
5.467396e+07,7.190390e+14,1.931109e+21,1,63
2.902662e+07,2.463723e+14,6.246714e+20,2,51
3.772120e+07,3.660462e+14,9.124937e+20,3,48
4.921014e+07,6.280026e+14,1.969343e+21,0,14
2.459809e+07,1.718289e+14,3.567649e+20,1,54
3.415848e+07,2.957548e+14,6.743714e+20,1,52
4.783795e+07,5.454794e+14,1.294432e+21,0,63
5.026151e+07,6.111891e+14,1.624813e+21,3,101
3.171084e+07,3.051905e+14,8.796788e+20,2,91
5.571210e+07,6.924157e+14,1.638672e+21,3,49
3.646216e+07,3.416965e+14,7.950221e+20,0,102
4.765953e+07,5.976760e+14,1.828263e+21,1,0
4.065805e+07,4.616512e+14,1.400525e+21,0,36
4.497938e+07,4.839100e+14,1.149634e+21,0,18
3.308806e+07,3.227050e+14,9.263079e+20,2,97
4.241806e+07,4.476234e+14,1.108331e+21,2,79
4.131196e+07,4.185950e+14,9.873671e+20,3,79
5.486608e+07,6.375322e+14,1.333176e+21,3,86
4.023273e+07,4.939541e+14,1.797333e+21,1,94
3.849178e+07,3.748923e+14,9.321835e+20,1,48
5.488948e+07,7.965772e+14,2.954196e+21,0,98
3.778704e+07,3.622478e+14,8.968226e+20,1,61
3.678795e+07,3.825609e+14,1.103999e+21,0,96
3.222751e+07,2.914645e+14,7.534671e+20,2,37
4.705845e+07,5.656757e+14,1.619142e+21,0,84
4.441741e+07,5.733292e+14,2.127849e+21,0,97
3.706688e+07,3.052870e+14,5.360698e+20,0,74
4.086263e+07,4.292183e+14,1.098290e+21,1,104
5.140607e+07,6.261061e+14,1.473513e+21,1,88
4.416443e+07,5.081554e+14,1.497137e+21,0,80
4.749761e+07,6.521777e+14,2.457670e+21,0,34
3.001458e+07,2.581269e+14,6.312897e+20,1,92
4.024021e+07,4.572928e+14,1.387113e+21,0,25
3.178031e+07,2.457775e+14,4.974535e+20,0,70
5.109596e+07,6.938224e+14,2.362618e+21,0,3
2.992530e+07,2.483291e+14,6.174483e+20,0,59
2.689451e+07,2.139210e+14,5.060071e+20,2,81
3.474003e+07,2.996174e+14,6.704841e+20,2,61
3.334256e+07,3.478997e+14,1.108138e+21,2,64
6.013738e+07,8.296840e+14,2.138374e+21,0,95
4.397435e+07,5.073667e+14,1.449765e+21,0,0
5.318291e+07,6.485656e+14,1.446314e+21,1,49
5.336365e+07,6.730519e+14,1.739687e+21,3,62
2.684276e+07,1.992448e+14,4.136255e+20,0,53
2.829732e+07,2.377258e+14,5.801086e+20,1,33
3.950502e+07,3.674543e+14,7.998654e+20,0,79
3.684738e+07,3.783601e+14,1.056999e+21,0,92
3.783438e+07,3.694939e+14,9.099273e+20,1,82
4.835389e+07,5.876246e+14,1.574739e+21,1,90
3.666302e+07,3.761840e+14,1.061819e+21,2,58
3.759305e+07,4.260612e+14,1.410496e+21,0,39
3.303998e+07,2.845342e+14,6.586348e+20,2,68
4.318620e+07,4.996896e+14,1.429113e+21,2,71
3.160170e+07,2.914551e+14,8.241013e+20,0,17
3.473112e+07,3.429754e+14,9.474648e+20,1,96
3.079187e+07,2.749392e+14,6.910205e+20,3,77
2.817648e+07,2.434456e+14,6.506751e+20,2,75
6.086568e+07,9.425698e+14,3.219403e+21,3,63
2.871609e+07,2.222548e+14,5.107425e+20,2,67
3.886948e+07,4.464488e+14,1.504967e+21,3,97
4.057550e+07,4.377664e+14,1.234429e+21,0,73
3.252412e+07,3.210144e+14,9.523423e+20,2,94
3.571841e+07,3.712254e+14,1.056974e+21,1,87
5.494113e+07,7.188084e+14,1.920681e+21,0,15
2.442010e+07,1.871193e+14,4.475248e+20,0,38
3.177475e+07,2.899731e+14,7.758817e+20,2,72
4.099962e+07,4.362498e+14,1.161238e+21,0,48
4.057049e+07,4.644707e+14,1.521654e+21,0,99
5.876702e+07,8.543024e+14,2.565211e+21,0,100
3.692425e+07,3.181519e+14,6.788499e+20,2,60
3.908400e+07,4.025499e+14,1.101284e+21,0,23
4.881844e+07,5.357393e+14,1.114495e+21,0,49
3.492121e+07,3.658847e+14,1.127724e+21,0,94
2.563374e+07,2.057628e+14,5.171554e+20,1,38
3.316363e+07,3.192664e+14,8.714528e+20,3,92
2.874655e+07,2.399188e+14,6.026805e+20,3,81
4.799445e+07,5.358374e+14,1.167774e+21,0,88
2.243304e+07,1.472367e+14,2.888415e+20,1,81
4.017968e+07,3.950461e+14,9.374714e+20,1,69
2.285780e+07,1.487093e+14,2.804313e+20,0,54
3.358448e+07,3.125842e+14,8.356336e+20,1,56
3.569366e+07,3.879993e+14,1.267738e+21,0,85
2.887156e+07,2.344667e+14,5.409839e+20,3,47
2.896201e+07,2.285105e+14,5.071684e+20,0,58
2.644005e+07,2.018321e+14,4.546592e+20,2,54
3.496768e+07,3.476138e+14,9.909943e+20,3,55
3.264020e+07,2.960438e+14,7.413629e+20,1,58
1.738495e+07,9.248260e+13,1.435576e+20,0,2
4.534865e+07,5.176301e+14,1.397368e+21,1,46
5.528420e+07,7.463273e+14,2.166953e+21,0,101
4.326450e+07,4.507255e+14,1.044121e+21,0,43
2.654005e+07,2.192794e+14,5.719810e+20,0,42
4.292939e+07,5.241126e+14,1.760208e+21,2,93
4.580085e+07,5.144738e+14,1.302993e+21,0,103
4.206451e+07,5.286045e+14,1.922012e+21,2,85
2.178070e+07,1.351564e+14,2.382936e+20,1,77
2.949362e+07,2.659278e+14,7.238183e+20,1,91
2.519445e+07,1.824630e+14,3.548396e+20,2,87
5.279405e+07,6.837475e+14,1.926792e+21,1,43
4.683291e+07,5.113530e+14,1.136561e+21,3,88
4.868535e+07,6.258183e+14,1.937178e+21,1,45
3.580666e+07,3.302765e+14,7.604606e+20,3,102
3.843133e+07,3.842489e+14,9.825096e+20,0,52
3.274009e+07,2.972810e+14,7.410414e+20,1,53
5.136059e+07,7.500158e+14,2.947315e+21,1,34
5.289216e+07,6.657159e+14,1.706438e+21,1,100
3.019774e+07,2.679203e+14,6.984657e+20,1,93
4.137397e+07,4.644613e+14,1.372343e+21,2,73
3.179554e+07,3.127541e+14,9.458023e+20,0,75
3.858945e+07,3.832810e+14,9.546617e+20,2,83
3.912192e+07,3.853552e+14,9.175866e+20,1,83
3.326858e+07,3.032621e+14,7.775898e+20,0,47
4.749538e+07,6.280715e+14,2.132355e+21,1,36
4.162815e+07,4.027100e+14,8.486075e+20,0,1
3.649038e+07,3.804217e+14,1.117020e+21,2,55
3.538560e+07,2.841914e+14,6.010235e+20,3,76
4.635611e+07,5.845591e+14,1.877112e+21,0,65
5.674326e+07,8.197412e+14,2.644843e+21,0,104
4.884865e+07,6.519710e+14,2.226715e+21,0,6
3.010995e+07,2.623668e+14,6.801853e+20,0,51
4.913605e+07,6.558563e+14,2.347950e+21,1,98
3.950906e+07,4.015407e+14,1.064561e+21,1,80
3.605190e+07,3.365446e+14,7.894869e+20,0,71
3.168828e+07,3.015896e+14,8.262470e+20,1,78
4.939963e+07,6.181194e+14,1.700382e+21,0,90
4.069520e+07,4.081197e+14,1.012917e+21,3,57
7.364280e+07,1.291061e+15,4.453890e+21,0,20
3.518714e+07,3.046201e+14,6.705004e+20,2,57
5.237461e+07,6.835512e+14,1.975273e+21,2,103
5.018295e+07,5.786811e+14,1.278099e+21,2,88
3.482874e+07,3.131518e+14,7.261626e+20,0,82
2.983717e+07,2.528379e+14,6.321688e+20,3,50
2.747659e+07,2.347694e+14,6.228970e+20,0,35
3.543053e+07,3.909610e+14,1.316465e+21,1,85
4.561560e+07,5.005624e+14,1.242462e+21,0,89
3.526295e+07,3.396357e+14,9.142108e+20,2,56
4.175985e+07,4.218054e+14,9.880897e+20,1,79
3.999511e+07,3.974260e+14,9.531304e+20,0,69
3.674634e+07,3.865083e+14,1.128112e+21,2,96
2.814003e+07,2.255820e+14,5.011341e+20,0,87
3.305905e+07,2.697081e+14,5.985225e+20,0,21
4.495918e+07,5.010368e+14,1.326091e+21,0,46
4.264401e+07,4.383792e+14,1.049203e+21,1,89
4.621793e+07,5.264475e+14,1.314742e+21,1,60
3.078167e+07,2.637635e+14,6.500373e+20,1,37
3.468288e+07,2.738386e+14,5.543385e+20,1,76
2.460532e+07,1.640099e+14,3.249125e+20,3,67
3.684718e+07,3.839983e+14,1.128170e+21,0,44
5.430307e+07,7.074734e+14,1.937195e+21,1,101
3.973186e+07,3.607180e+14,6.860806e+20,1,74
4.043648e+07,3.730495e+14,7.287550e+20,2,74
3.964625e+07,4.308383e+14,1.245712e+21,1,25
3.518230e+07,3.735700e+14,1.175180e+21,3,94
2.994754e+07,2.398427e+14,5.183572e+20,1,68
3.091091e+07,2.701297e+14,6.724793e+20,3,58
5.456410e+07,6.955830e+14,1.782928e+21,0,31
3.546815e+07,3.244253e+14,7.838752e+20,3,52
2.819283e+07,2.327519e+14,5.695954e+20,0,33
5.178845e+07,6.733624e+14,1.878430e+21,2,90
2.482433e+07,1.924531e+14,4.696443e+20,1,42
3.239178e+07,2.953174e+14,7.771143e+20,1,50
4.079172e+07,4.390632e+14,1.157390e+21,1,102
3.773215e+07,3.824996e+14,1.035971e+21,3,73
2.471248e+07,1.773095e+14,3.633455e+20,2,77
4.762762e+07,6.190178e+14,2.056874e+21,3,65
3.425732e+07,2.957125e+14,6.399025e+20,0,57
3.255331e+07,3.064392e+14,8.473704e+20,1,51
3.155504e+07,2.876465e+14,7.752130e+20,3,51
3.299695e+07,3.178093e+14,9.060043e+20,0,66
4.561301e+07,5.030643e+14,1.242070e+21,0,60
5.205019e+07,6.289729e+14,1.494476e+21,2,12
3.520976e+07,3.604185e+14,1.084588e+21,1,66
5.418213e+07,6.549814e+14,1.627281e+21,2,95
3.602654e+07,3.671395e+14,1.061727e+21,1,44
3.466731e+07,3.502659e+14,9.558677e+20,3,87
4.344673e+07,4.975482e+14,1.399104e+21,1,71
6.145063e+07,7.872585e+14,1.756002e+21,2,86
3.250697e+07,2.961636e+14,7.688537e+20,0,37
3.921420e+07,3.999652e+14,1.050185e+21,1,41
4.050555e+07,4.256982e+14,1.091998e+21,3,82
4.630148e+07,5.111577e+14,1.225082e+21,2,89
3.227364e+07,2.969595e+14,7.976088e+20,0,50
5.229264e+07,6.691643e+14,1.859889e+21,2,101
6.256868e+07,9.556359e+14,2.827948e+21,0,29
2.688751e+07,2.093341e+14,4.854137e+20,0,81
4.258504e+07,5.276984e+14,1.859640e+21,1,97
2.709684e+07,1.977322e+14,4.252538e+20,1,67
3.454639e+07,3.528073e+14,1.037187e+21,0,78
3.290693e+07,3.211576e+14,9.138364e+20,2,78
3.108622e+07,2.612599e+14,6.251006e+20,2,47
3.937674e+07,3.786880e+14,8.390435e+20,2,63
4.188662e+07,4.954849e+14,1.655202e+21,0,72
3.284751e+07,3.400572e+14,1.111544e+21,0,9
3.282778e+07,3.247679e+14,9.622077e+20,3,85
3.805635e+07,3.658630e+14,8.999683e+20,2,70
2.705892e+07,1.985009e+14,4.328559e+20,2,59
4.346194e+07,4.232261e+14,8.550788e+20,1,12
4.203706e+07,4.603811e+14,1.260095e+21,3,83
4.905159e+07,5.711002e+14,1.458081e+21,0,62
2.469521e+07,1.926909e+14,4.696004e+20,3,64
3.529984e+07,2.972338e+14,6.174971e+20,2,69
3.349467e+07,3.076055e+14,7.882501e+20,1,47
2.736056e+07,2.324978e+14,6.183290e+20,1,75
3.011424e+07,2.459681e+14,6.024742e+20,1,59
5.365314e+07,6.858437e+14,1.714340e+21,0,12
3.387826e+07,2.912402e+14,7.015075e+20,0,40
2.814182e+07,2.487915e+14,6.718831e+20,0,64
3.295350e+07,3.185865e+14,9.163694e+20,3,66
3.593894e+07,3.583527e+14,1.019438e+21,1,72
2.800095e+07,2.337862e+14,5.665676e+20,0,4
2.843722e+07,2.294905e+14,5.462802e+20,2,50
3.625901e+07,3.273572e+14,7.429750e+20,0,61
4.419737e+07,4.749510e+14,1.131044e+21,3,60
3.227818e+07,3.231287e+14,9.932876e+20,3,75
4.356764e+07,4.494225e+14,1.061003e+21,1,62
4.020075e+07,4.084440e+14,1.087987e+21,2,80
3.374023e+07,3.432557e+14,1.050189e+21,0,91
5.356950e+07,6.548085e+14,1.615325e+21,1,95
5.011111e+07,6.209989e+14,1.734793e+21,1,103
2.843132e+07,2.079135e+14,4.215781e+20,0,68
4.664545e+07,5.447915e+14,1.486105e+21,2,104
3.863225e+07,3.823827e+14,9.592144e+20,2,52
4.342767e+07,4.524139e+14,1.059772e+21,3,89
4.502401e+07,5.527311e+14,1.803430e+21,0,30
4.485210e+07,5.078528e+14,1.356773e+21,3,104
3.751768e+07,3.793867e+14,1.005888e+21,0,45
3.378366e+07,2.714045e+14,5.694729e+20,1,70
3.837510e+07,4.166441e+14,1.308054e+21,1,99
5.423563e+07,7.898158e+14,2.989289e+21,2,98
2.621841e+07,1.999401e+14,4.609725e+20,0,19
2.866381e+07,2.038152e+14,3.662634e+20,3,69
4.928136e+07,7.412725e+14,3.310075e+21,0,24
3.165361e+07,2.402193e+14,4.859465e+20,3,70
4.749347e+07,5.360048e+14,1.267219e+21,2,100
5.002856e+07,6.208137e+14,1.681125e+21,3,103
3.143665e+07,2.878113e+14,7.700270e+20,0,93
4.439208e+07,5.286639e+14,1.558011e+21,3,71
3.109152e+07,2.654190e+14,6.271663e+20,3,53
2.229659e+07,1.432309e+14,2.665307e+20,3,54
4.676757e+07,5.130073e+14,1.202354e+21,3,100
2.519123e+07,1.825519e+14,3.774465e+20,0,77
4.219692e+07,4.662701e+14,1.294534e+21,2,48
4.769107e+07,5.299570e+14,1.169659e+21,3,74
3.160280e+07,2.647361e+14,5.805041e+20,0,41
3.071599e+07,2.452362e+14,5.255757e+20,3,84
3.421551e+07,3.199989e+14,8.371699e+20,0,7
3.988939e+07,4.387260e+14,1.311493e+21,2,65
3.036499e+07,2.620565e+14,6.210445e+20,0,5
6.125132e+07,8.631286e+14,2.293942e+21,2,49
