3.607673e+04,1.892926e+08,2.470913e+11,8.270504e+04,8.654572e+08,1.884160e+12,9.204700e+04,8.962771e+08,2.080113e+12,4.946996e+04,3.854493e+08,7.048456e+11,2,76,N,N
3.452547e+04,1.283255e+08,5.123611e+10,5.333845e+04,4.165580e+08,6.707231e+11,6.400379e+04,4.741320e+08,8.682943e+11,3.383800e+04,1.623383e+08,1.695059e+11,1,41,N,N
3.412296e+04,1.525007e+08,1.034594e+11,5.782559e+04,4.252057e+08,6.518779e+11,6.927721e+04,5.565853e+08,1.055863e+12,3.663998e+04,1.939541e+08,2.461194e+11,0,46,N,N
3.143896e+04,1.299428e+08,7.805947e+10,5.190558e+04,4.108386e+08,6.584469e+11,6.146111e+04,4.765485e+08,8.308617e+11,3.099826e+04,1.479378e+08,1.709726e+11,2,96,N,N
3.110419e+04,1.243273e+08,6.810721e+10,4.925516e+04,4.103860e+08,6.855351e+11,5.487378e+04,4.243872e+08,7.712735e+11,2.806938e+04,1.482336e+08,2.082393e+11,0,58,N,N
3.680592e+04,1.650907e+08,1.027693e+11,5.777594e+04,4.401213e+08,6.923571e+11,6.962885e+04,5.567669e+08,1.077581e+12,3.666614e+04,2.149056e+08,2.808222e+11,1,103,N,N
3.172833e+04,1.406589e+08,1.201957e+11,5.139432e+04,4.617409e+08,7.882501e+11,6.081007e+04,4.809320e+08,8.974294e+11,3.580591e+04,2.337719e+08,3.442148e+11,2,55,N,N
4.162605e+04,1.886773e+08,9.683535e+10,5.834595e+04,4.067010e+08,6.651169e+11,6.498152e+04,5.179624e+08,9.881836e+11,3.321968e+04,1.757994e+08,2.173511e+11,2,84,N,N
3.626912e+04,1.394136e+08,7.185487e+10,5.779782e+04,3.739095e+08,5.702707e+11,6.842883e+04,5.462214e+08,1.085255e+12,3.437927e+04,1.921255e+08,2.540541e+11,0,29,N,N
3.456695e+04,1.438901e+08,6.571769e+10,5.486796e+04,4.168879e+08,6.748576e+11,6.048717e+04,4.729794e+08,8.836651e+11,2.990228e+04,1.622970e+08,2.046437e+11,0,52,N,N
3.552731e+04,1.464564e+08,1.167125e+11,5.494826e+04,4.803936e+08,8.615519e+11,6.034383e+04,4.796979e+08,8.598811e+11,3.906089e+04,2.717708e+08,3.395165e+11,2,80,N,N
3.471732e+04,1.484741e+08,9.759688e+10,5.157535e+04,4.154000e+08,6.995357e+11,5.645915e+04,4.494583e+08,8.251174e+11,3.384253e+04,1.867419e+08,2.413938e+11,2,65,N,N
3.107247e+04,1.446890e+08,1.313019e+11,5.151324e+04,4.688052e+08,8.098514e+11,5.910081e+04,4.703142e+08,8.699150e+11,3.556129e+04,2.325946e+08,3.505059e+11,3,55,N,N
3.734451e+04,1.495488e+08,7.175187e+10,5.430305e+04,4.220484e+08,6.677667e+11,6.269154e+04,4.107700e+08,6.686498e+11,3.523771e+04,1.727363e+08,1.537328e+11,3,68,N,N
3.454787e+04,1.457414e+08,6.245272e+10,5.643619e+04,4.605337e+08,7.860572e+11,6.437152e+04,4.985114e+08,9.036847e+11,3.765327e+04,2.261075e+08,3.170883e+11,0,47,N,N
3.381744e+04,1.507361e+08,1.256385e+11,5.503998e+04,4.056358e+08,6.218507e+11,6.824049e+04,5.305035e+08,9.864505e+11,3.591907e+04,1.780255e+08,1.968796e+11,0,15,N,N
2.902413e+04,1.198656e+08,1.084699e+11,6.060010e+04,5.153937e+08,8.361913e+11,7.063397e+04,4.647273e+08,7.738994e+11,3.525181e+04,1.986577e+08,1.927342e+11,1,76,N,N
3.034743e+04,1.145932e+08,5.852340e+10,4.891761e+04,4.103301e+08,6.679972e+11,5.407843e+04,4.461620e+08,8.008649e+11,2.973288e+04,1.560461e+08,1.653933e+11,3,91,N,N
2.751442e+04,1.136112e+08,1.068577e+11,5.854939e+04,4.770100e+08,7.353202e+11,7.274276e+04,4.829072e+08,7.897135e+11,4.138588e+04,2.371350e+08,2.750352e+11,0,76,N,N
3.780015e+04,1.489391e+08,8.156429e+10,5.687058e+04,3.798169e+08,5.820305e+11,6.140317e+04,4.519845e+08,7.940345e+11,3.210901e+04,1.738170e+08,2.134205e+11,1,62,N,N
3.079512e+04,1.065698e+08,5.005553e+10,4.328917e+04,3.189537e+08,5.009323e+11,4.910221e+04,4.275516e+08,7.926991e+11,2.661716e+04,1.289231e+08,1.525613e+11,0,75,N,N
3.088853e+04,1.409855e+08,1.286396e+11,5.126235e+04,4.486498e+08,7.487954e+11,6.083620e+04,4.550690e+08,8.102803e+11,3.553661e+04,2.283722e+08,3.201809e+11,1,55,N,N
3.123140e+04,1.304841e+08,7.577210e+10,5.152233e+04,4.091109e+08,6.735691e+11,6.098133e+04,4.662309e+08,8.127243e+11,3.008699e+04,1.386233e+08,1.578259e+11,3,96,N,N
3.218096e+04,1.274740e+08,5.273860e+10,5.407886e+04,3.929182e+08,6.234800e+11,6.223465e+04,4.517128e+08,8.128979e+11,3.161672e+04,1.561382e+08,1.610853e+11,0,57,N,N
3.319073e+04,1.379377e+08,9.356672e+10,5.301984e+04,4.077320e+08,6.575450e+11,5.791244e+04,4.498130e+08,8.362726e+11,3.094223e+04,1.771927e+08,2.183102e+11,1,82,N,N
3.607495e+04,1.534928e+08,5.934258e+10,4.937259e+04,3.642395e+08,5.730564e+11,5.858601e+04,4.814217e+08,8.562755e+11,3.069518e+04,1.363517e+08,1.219222e+11,0,39,N,N
3.261848e+04,1.296794e+08,7.031600e+10,4.664352e+04,3.855322e+08,6.209839e+11,5.585746e+04,4.029921e+08,7.231689e+11,2.852085e+04,1.353707e+08,1.195726e+11,1,66,N,N
3.515960e+04,1.390218e+08,7.278408e+10,5.596433e+04,3.936257e+08,6.226273e+11,6.399115e+04,4.869123e+08,9.003303e+11,3.182634e+04,1.652920e+08,2.198530e+11,0,63,N,N
2.739041e+04,1.150945e+08,1.191606e+11,5.074564e+04,4.736938e+08,7.513890e+11,5.997672e+04,4.197153e+08,7.125509e+11,3.252129e+04,1.671579e+08,1.678721e+11,0,81,N,N
3.985480e+04,1.854380e+08,1.298242e+11,5.841144e+04,4.592200e+08,7.714918e+11,7.034703e+04,4.998306e+08,9.038992e+11,3.707745e+04,2.420959e+08,2.742996e+11,1,98,N,N
3.726754e+04,1.668400e+08,8.927408e+10,6.326534e+04,5.165672e+08,9.465820e+11,5.571591e+04,3.595263e+08,5.671503e+11,2.944828e+04,1.377608e+08,1.216756e+11,2,79,N,N
3.111906e+04,1.268446e+08,7.136186e+10,5.285757e+04,4.238517e+08,6.827370e+11,5.895104e+04,4.677885e+08,8.645369e+11,2.844949e+04,1.446061e+08,1.987122e+11,3,48,N,N
4.176226e+04,1.872312e+08,1.241861e+11,6.810072e+04,4.358655e+08,6.477665e+11,7.861189e+04,5.745547e+08,1.046354e+12,3.791791e+04,1.954517e+08,2.423548e+11,2,86,N,N
3.393471e+04,1.337372e+08,7.725885e+10,5.753522e+04,4.179516e+08,6.668298e+11,6.210311e+04,4.115003e+08,6.822113e+11,3.583868e+04,1.796406e+08,1.971030e+11,0,27,N,N
3.707914e+04,1.609100e+08,7.634802e+10,6.369957e+04,5.091842e+08,8.939139e+11,6.138643e+04,4.176801e+08,7.148192e+11,2.988326e+04,1.470079e+08,1.444950e+11,3,79,N,N
3.946764e+04,1.703240e+08,7.182957e+10,6.409333e+04,4.377474e+08,6.838628e+11,6.914960e+04,5.192716e+08,9.599182e+11,3.670708e+04,1.941384e+08,2.169543e+11,0,26,N,N
3.112026e+04,1.165928e+08,6.055335e+10,5.406741e+04,4.333403e+08,6.992216e+11,6.279919e+04,4.441652e+08,8.031834e+11,3.236379e+04,1.737963e+08,1.779095e+11,1,61,N,N
3.508390e+04,1.471406e+08,6.506208e+10,5.703717e+04,4.670924e+08,8.091542e+11,6.430752e+04,4.795907e+08,8.544456e+11,3.741837e+04,2.234777e+08,3.143938e+11,1,47,N,N
3.460432e+04,1.519913e+08,1.096919e+11,5.064147e+04,4.460994e+08,8.444059e+11,4.864123e+04,4.440638e+08,8.580320e+11,2.601956e+04,1.382949e+08,1.849885e+11,1,97,N,N
3.785334e+04,1.477302e+08,6.216101e+10,5.611950e+04,3.771003e+08,5.675151e+11,6.398819e+04,4.967753e+08,9.284746e+11,3.292454e+04,1.791459e+08,2.194996e+11,0,0,N,N
3.602088e+04,1.536979e+08,7.541900e+10,5.935018e+04,4.344152e+08,6.858116e+11,7.085727e+04,5.253755e+08,9.779576e+11,3.554777e+04,1.899127e+08,2.198778e+11,2,104,N,N
3.035998e+04,1.038840e+08,5.171942e+10,4.353709e+04,3.296524e+08,5.239447e+11,4.809225e+04,4.039307e+08,7.446521e+11,2.526695e+04,1.178106e+08,1.397820e+11,3,75,N,N
2.850852e+04,1.115307e+08,5.936641e+10,4.997062e+04,4.070645e+08,6.357674e+11,5.809270e+04,4.359432e+08,8.041844e+11,3.058637e+04,1.554202e+08,1.601478e+11,2,51,N,N
3.550337e+04,1.540824e+08,9.927397e+10,5.185838e+04,3.885649e+08,5.911789e+11,6.073463e+04,4.818652e+08,8.927989e+11,3.438662e+04,2.061404e+08,3.149750e+11,3,90,N,N
3.166614e+04,1.192755e+08,4.672178e+10,5.066057e+04,3.559893e+08,5.407667e+11,5.385568e+04,4.119594e+08,7.232757e+11,2.811978e+04,1.434504e+08,1.509395e+11,3,77,N,N
3.501199e+04,1.378540e+08,8.655652e+10,5.472783e+04,3.852123e+08,6.192348e+11,6.381509e+04,4.970956e+08,9.515268e+11,3.354823e+04,1.889199e+08,2.534205e+11,0,31,N,N
3.310723e+04,1.258318e+08,5.773426e+10,5.262685e+04,3.932769e+08,6.280880e+11,5.601552e+04,4.323707e+08,7.437978e+11,3.000759e+04,1.360093e+08,1.443589e+11,1,5,N,N
4.016331e+04,1.775597e+08,9.410847e+10,5.626378e+04,4.528407e+08,7.834082e+11,6.423783e+04,4.716071e+08,8.633513e+11,3.651445e+04,2.104403e+08,2.372845e+11,3,99,N,N
2.413450e+04,9.362547e+07,8.457375e+10,4.709654e+04,4.368656e+08,7.097702e+11,5.662871e+04,3.914319e+08,6.260435e+11,3.413587e+04,1.561195e+08,1.526497e+11,0,42,N,N
3.047608e+04,1.266651e+08,7.526343e+10,6.268444e+04,5.101197e+08,8.615531e+11,6.939728e+04,5.248210e+08,9.586912e+11,3.692057e+04,2.112042e+08,3.119662e+11,0,70,N,N
3.560721e+04,1.518009e+08,1.253218e+11,5.452228e+04,4.710190e+08,8.306157e+11,6.179518e+04,4.760541e+08,8.398670e+11,3.837158e+04,2.611583e+08,3.181845e+11,1,80,N,N
3.861907e+04,1.585566e+08,8.588455e+10,5.245974e+04,3.878731e+08,6.467172e+11,6.032524e+04,5.133286e+08,9.545373e+11,3.261617e+04,1.713713e+08,2.134138e+11,1,34,N,N
3.254246e+04,1.229950e+08,7.147080e+10,4.991765e+04,3.888824e+08,6.580410e+11,5.442648e+04,4.607241e+08,8.846680e+11,3.043068e+04,1.559021e+08,2.101291e+11,3,93,N,N
3.184508e+04,1.263538e+08,7.313027e+10,5.009417e+04,4.029395e+08,6.722860e+11,5.603236e+04,4.594217e+08,8.294320e+11,3.143306e+04,1.640581e+08,2.239635e+11,0,93,N,N
3.726006e+04,1.631483e+08,9.381405e+10,5.504859e+04,4.147721e+08,6.911723e+11,6.388738e+04,5.292097e+08,1.030721e+12,3.540585e+04,1.966398e+08,2.201448e+11,0,6,N,N
3.733833e+04,1.736103e+08,9.959313e+10,5.871204e+04,4.377190e+08,7.133934e+11,6.580576e+04,5.175433e+08,9.767549e+11,3.399790e+04,1.987127e+08,2.846675e+11,0,18,N,N
2.660600e+04,1.083566e+08,9.729022e+10,5.039289e+04,4.536134e+08,7.601893e+11,5.753638e+04,3.885872e+08,6.351559e+11,3.167492e+04,1.697933e+08,1.781606e+11,0,50,N,N
3.714380e+04,1.709949e+08,1.012637e+11,6.299002e+04,4.775299e+08,7.509597e+11,7.447094e+04,5.142505e+08,8.965234e+11,3.860592e+04,2.139452e+08,2.616879e+11,2,101,N,N
3.775037e+04,1.655834e+08,9.659476e+10,6.186740e+04,3.968695e+08,5.813572e+11,6.902773e+04,5.402820e+08,1.014662e+12,3.294002e+04,1.648516e+08,2.037567e+11,3,74,N,N
2.406618e+04,7.565436e+07,4.526139e+10,4.822655e+04,4.272747e+08,6.780108e+11,5.432678e+04,3.981488e+08,7.022923e+11,2.774842e+04,1.264697e+08,1.136567e+11,3,54,N,N
3.023940e+04,1.163030e+08,5.365144e+10,5.232151e+04,4.108573e+08,6.648862e+11,5.380946e+04,3.828409e+08,6.513735e+11,2.876359e+04,1.489430e+08,1.542195e+11,1,77,N,N
3.030756e+04,1.157951e+08,5.856023e+10,4.954984e+04,4.114136e+08,6.732152e+11,5.594829e+04,4.814966e+08,9.005813e+11,2.826815e+04,1.426089e+08,1.477059e+11,0,91,N,N
3.916712e+04,1.616201e+08,9.503385e+10,5.725022e+04,3.886563e+08,6.041443e+11,6.207540e+04,4.748480e+08,8.578475e+11,3.337079e+04,1.822955e+08,2.209872e+11,2,62,N,N
2.773615e+04,1.147552e+08,1.087504e+11,5.216461e+04,4.880431e+08,7.928721e+11,5.748923e+04,4.071924e+08,6.987207e+11,3.165028e+04,1.622203e+08,1.674652e+11,2,81,N,N
3.222475e+04,1.257067e+08,6.299283e+10,5.031218e+04,3.852556e+08,5.953419e+11,5.858171e+04,4.666070e+08,8.765814e+11,2.894944e+04,1.438724e+08,1.653544e+11,2,92,N,N
3.163025e+04,1.218759e+08,6.816569e+10,4.831511e+04,3.790792e+08,6.080156e+11,5.326997e+04,4.186848e+08,7.550759e+11,2.727276e+04,1.400417e+08,1.904680e+11,1,58,N,N
3.642222e+04,1.609779e+08,1.121657e+11,5.300794e+04,3.959439e+08,6.222053e+11,6.196348e+04,4.989120e+08,9.523383e+11,3.339289e+04,1.886189e+08,2.626388e+11,0,90,N,N
3.661732e+04,1.666042e+08,1.023254e+11,5.999451e+04,5.077551e+08,9.388631e+11,6.016289e+04,4.885162e+08,9.174027e+11,3.521433e+04,2.277311e+08,3.085793e+11,3,73,N,N
2.839579e+04,1.045704e+08,5.730648e+10,4.686705e+04,3.644416e+08,6.000736e+11,5.124193e+04,4.448025e+08,8.341501e+11,2.953768e+04,1.694387e+08,2.434837e+11,1,78,N,N
4.006572e+04,1.787766e+08,1.116021e+11,6.626382e+04,4.248158e+08,6.521818e+11,7.007716e+04,5.463878e+08,1.038785e+12,3.602173e+04,2.073446e+08,3.123353e+11,2,49,N,N
2.638788e+04,1.296359e+08,1.716331e+11,5.923535e+04,5.996875e+08,1.124136e+12,7.293071e+04,5.848893e+08,1.026119e+12,4.380125e+04,2.722910e+08,3.346787e+11,1,67,N,N
3.782315e+04,1.426697e+08,6.993626e+10,5.023938e+04,3.744777e+08,6.031992e+11,5.748723e+04,4.734461e+08,8.971391e+11,3.221304e+04,1.681985e+08,2.109853e+11,0,34,N,N
3.232256e+04,1.237806e+08,5.641087e+10,5.291961e+04,3.803619e+08,5.640064e+11,6.273588e+04,4.678329e+08,8.361748e+11,3.135279e+04,1.595085e+08,1.859287e+11,0,71,N,N
3.012623e+04,1.268362e+08,6.636410e+10,4.352891e+04,3.664380e+08,5.993417e+11,4.889455e+04,4.284248e+08,8.355674e+11,2.725744e+04,1.461662e+08,1.734610e+11,3,64,N,N
3.522244e+04,1.480466e+08,7.134871e+10,5.870159e+04,4.298078e+08,6.714469e+11,7.038458e+04,5.289363e+08,9.866854e+11,3.491022e+04,1.879252e+08,2.143654e+11,3,104,N,N
3.049468e+04,1.050301e+08,5.136787e+10,4.551145e+04,3.597071e+08,5.793842e+11,5.062471e+04,4.098588e+08,7.533033e+11,2.695781e+04,1.291884e+08,1.450137e+11,2,75,N,N
3.196019e+04,1.266853e+08,6.812259e+10,4.579389e+04,3.723399e+08,5.972335e+11,5.428840e+04,4.149791e+08,7.524025e+11,2.893889e+04,1.394365e+08,1.242788e+11,3,66,N,N
3.428014e+04,1.395737e+08,8.279168e+10,6.119829e+04,4.612932e+08,7.207701e+11,7.081507e+04,4.518675e+08,7.438096e+11,3.395539e+04,1.778271e+08,1.947298e+11,0,89,N,N
2.834316e+04,9.871322e+07,5.276367e+10,4.869502e+04,3.902838e+08,5.991588e+11,5.592247e+04,4.408917e+08,7.739214e+11,2.637538e+04,1.124114e+08,1.178136e+11,0,32,N,N
3.381359e+04,1.362140e+08,5.981675e+10,5.453621e+04,3.839677e+08,5.756991e+11,6.071641e+04,5.080077e+08,9.247671e+11,2.884200e+04,1.414404e+08,1.798724e+11,0,102,N,N
3.753710e+04,1.741072e+08,1.101501e+11,5.957101e+04,4.610081e+08,7.371836e+11,6.960905e+04,5.669470e+08,1.111706e+12,3.684993e+04,2.181843e+08,2.905172e+11,2,103,N,N
3.294940e+04,1.347640e+08,6.306424e+10,5.299603e+04,4.274635e+08,7.010316e+11,5.576116e+04,3.770914e+08,5.858878e+11,2.965278e+04,1.373108e+08,1.420869e+11,0,5,N,N
2.703412e+04,9.969995e+07,7.739989e+10,5.314540e+04,4.906831e+08,8.117801e+11,5.998037e+04,4.144161e+08,6.790894e+11,3.546126e+04,1.915271e+08,2.523006e+11,1,59,N,N
3.370211e+04,1.491116e+08,1.137490e+11,5.088004e+04,4.690377e+08,9.009337e+11,4.861569e+04,4.394278e+08,8.302384e+11,2.628136e+04,1.421534e+08,1.752819e+11,3,97,N,N
3.567826e+04,1.638271e+08,1.237953e+11,5.197540e+04,4.692988e+08,9.075631e+11,4.918415e+04,4.487146e+08,8.567636e+11,2.853013e+04,1.658038e+08,2.329560e+11,0,97,N,N
3.638089e+04,1.494696e+08,6.750741e+10,6.054076e+04,4.218007e+08,6.555008e+11,7.010002e+04,5.370928e+08,1.026827e+12,3.697153e+04,2.111107e+08,2.594841e+11,1,88,N,N
3.180274e+04,1.252827e+08,6.980021e+10,4.652738e+04,3.849659e+08,6.145999e+11,5.502149e+04,4.045010e+08,7.314600e+11,2.845831e+04,1.340126e+08,1.158988e+11,0,66,N,N
3.325848e+04,1.397183e+08,6.919975e+10,4.504638e+04,3.656775e+08,6.138619e+11,4.808531e+04,4.268797e+08,7.890737e+11,2.741287e+04,1.479311e+08,1.831335e+11,0,64,N,N
3.130923e+04,1.226094e+08,7.169964e+10,4.969672e+04,4.081172e+08,6.933175e+11,5.427067e+04,4.442013e+08,8.074015e+11,3.128652e+04,1.615319e+08,2.182245e+11,1,93,N,N
4.099078e+04,1.907686e+08,1.614484e+11,5.859550e+04,4.291682e+08,6.977596e+11,7.222140e+04,5.839197e+08,1.061941e+12,3.886475e+04,2.239066e+08,3.169666e+11,3,95,N,N
3.421027e+04,1.278807e+08,5.949392e+10,5.323766e+04,3.805914e+08,5.761369e+11,6.231768e+04,4.827752e+08,8.592123e+11,3.385079e+04,1.752078e+08,2.243688e+11,1,25,N,N
2.912753e+04,1.031045e+08,4.884813e+10,4.844026e+04,3.650930e+08,5.567884e+11,5.509951e+04,4.497381e+08,7.978192e+11,2.508821e+04,1.182061e+08,1.508427e+11,3,53,N,N
3.031543e+04,1.141420e+08,4.449897e+10,5.071495e+04,3.737703e+08,5.800916e+11,5.521067e+04,4.110396e+08,7.026016e+11,2.933837e+04,1.492691e+08,1.542545e+11,0,77,N,N
3.058947e+04,1.139430e+08,5.598202e+10,5.278824e+04,4.016743e+08,6.200980e+11,6.357448e+04,4.487761e+08,7.974627e+11,3.477812e+04,1.836554e+08,2.046492e+11,0,61,N,N
3.504755e+04,1.277438e+08,5.660331e+10,5.325415e+04,4.280501e+08,6.668537e+11,6.718367e+04,4.388832e+08,7.298048e+11,3.482882e+04,1.745053e+08,1.594132e+11,2,68,N,N
3.417889e+04,1.402771e+08,6.300290e+10,5.830566e+04,4.882440e+08,8.784625e+11,6.656106e+04,5.338093e+08,1.013352e+12,3.849809e+04,2.373733e+08,3.521443e+11,2,47,N,N
3.344904e+04,1.296986e+08,5.075588e+10,5.503703e+04,4.323386e+08,7.072136e+11,6.223606e+04,4.601707e+08,8.207709e+11,3.382518e+04,1.634155e+08,1.755459e+11,0,41,N,N
3.348427e+04,1.287192e+08,6.118143e+10,5.365222e+04,3.889676e+08,5.898005e+11,6.269276e+04,4.986618e+08,9.220433e+11,3.139086e+04,1.670940e+08,2.127503e+11,1,71,N,N
3.602277e+04,1.460185e+08,6.949290e+10,6.051431e+04,4.010633e+08,5.986196e+11,6.944831e+04,5.292436e+08,1.006693e+12,3.828635e+04,2.226837e+08,2.694942e+11,2,88,N,N
3.880968e+04,1.676707e+08,8.020277e+10,5.706947e+04,4.739978e+08,8.662366e+11,6.109668e+04,4.295638e+08,7.518959e+11,3.484648e+04,1.547625e+08,1.418023e+11,0,72,N,N
3.065560e+04,1.216157e+08,5.271972e+10,5.243278e+04,4.377824e+08,7.372900e+11,5.723512e+04,4.761576e+08,8.935065e+11,3.137187e+04,1.715705e+08,2.331890e+11,1,87,N,N
3.323742e+04,1.444801e+08,1.083687e+11,5.120696e+04,4.866302e+08,9.649921e+11,4.700810e+04,4.064884e+08,7.389500e+11,2.669068e+04,1.429782e+08,1.640577e+11,2,97,N,N
2.831170e+04,1.021473e+08,4.240021e+10,5.420454e+04,4.752921e+08,8.586757e+11,5.560391e+04,4.465479e+08,8.336552e+11,3.055911e+04,1.690578e+08,2.251483e+11,2,87,N,N
3.382704e+04,1.342460e+08,6.935866e+10,4.920000e+04,3.629127e+08,5.560155e+11,6.039552e+04,4.967065e+08,9.460027e+11,3.007339e+04,1.495802e+08,1.730400e+11,0,92,N,N
3.678459e+04,1.566480e+08,8.096337e+10,5.735982e+04,5.088901e+08,9.566588e+11,6.001285e+04,3.944686e+08,6.414207e+11,3.371764e+04,1.512222e+08,1.306950e+11,2,72,N,N
4.168782e+04,1.834859e+08,9.333288e+10,5.854152e+04,4.608478e+08,7.958903e+11,6.616655e+04,4.925357e+08,9.003982e+11,3.535061e+04,1.963600e+08,2.115413e+11,0,99,N,N
2.971759e+04,1.002166e+08,4.504281e+10,4.751846e+04,3.594553e+08,5.554116e+11,5.751650e+04,4.598691e+08,8.617566e+11,2.865911e+04,1.283575e+08,1.170455e+11,1,37,N,N
3.554812e+04,1.360890e+08,6.468231e+10,5.961337e+04,4.013010e+08,5.884645e+11,6.690549e+04,4.862085e+08,8.671926e+11,3.349530e+04,1.929679e+08,2.613894e+11,0,1,N,N
3.347765e+04,1.174643e+08,5.289230e+10,5.499946e+04,4.460883e+08,7.176314e+11,6.622930e+04,4.167038e+08,6.729117e+11,3.387115e+04,1.736011e+08,1.644335e+11,1,68,N,N
3.532567e+04,1.511977e+08,1.242946e+11,5.443044e+04,4.601598e+08,8.200212e+11,6.158286e+04,4.814148e+08,8.720494e+11,3.734895e+04,2.474257e+08,2.837344e+11,0,80,N,N
3.187052e+04,1.232602e+08,5.898061e+10,5.246459e+04,4.064634e+08,6.508935e+11,6.107284e+04,4.367893e+08,7.971422e+11,3.225996e+04,1.666472e+08,1.709067e+11,3,61,N,N
3.343324e+04,1.320501e+08,8.005922e+10,5.037012e+04,3.897296e+08,6.457927e+11,5.579339e+04,4.808833e+08,9.334038e+11,3.108943e+04,1.602865e+08,2.174701e+11,2,93,N,N
3.192731e+04,1.373948e+08,7.432609e+10,5.047413e+04,4.417249e+08,7.949523e+11,5.778356e+04,4.467308e+08,8.054096e+11,3.182587e+04,1.596705e+08,1.930615e+11,0,35,N,N
3.240033e+04,1.284838e+08,5.717043e+10,5.466225e+04,4.117757e+08,6.498927e+11,6.087560e+04,4.640384e+08,8.406110e+11,3.089591e+04,1.423278e+08,1.419332e+11,0,8,N,N
2.717979e+04,1.323505e+08,1.669187e+11,5.856007e+04,5.876169e+08,1.144117e+12,7.107916e+04,5.794007e+08,1.046248e+12,4.173880e+04,2.404718e+08,2.882108e+11,2,67,N,N
3.341463e+04,1.333064e+08,5.858479e+10,5.339313e+04,3.742575e+08,5.563735e+11,6.205326e+04,5.160373e+08,9.457697e+11,3.065710e+04,1.536016e+08,2.017509e+11,2,102,N,N
3.538551e+04,1.450306e+08,6.903919e+10,5.502436e+04,4.244044e+08,6.997824e+11,6.151122e+04,4.813532e+08,9.111774e+11,3.046863e+04,1.699046e+08,2.164043e+11,1,52,N,N
3.913839e+04,1.620099e+08,1.026905e+11,5.776073e+04,3.908758e+08,6.056824e+11,6.320858e+04,4.844214e+08,8.770408e+11,3.436911e+04,1.930449e+08,2.391603e+11,3,62,N,N
3.421403e+04,1.371648e+08,7.614049e+10,5.429229e+04,4.184121e+08,6.393307e+11,6.189542e+04,4.791940e+08,8.873475e+11,3.159009e+04,1.686320e+08,2.225165e+11,0,45,N,N
3.606752e+04,1.637531e+08,1.100277e+11,5.367985e+04,4.029532e+08,6.343408e+11,6.120116e+04,5.007780e+08,9.532336e+11,3.330142e+04,1.966231e+08,2.857327e+11,1,90,N,N
3.570194e+04,1.577902e+08,9.338167e+10,5.816493e+04,4.441287e+08,6.997977e+11,6.800580e+04,5.454868e+08,1.050935e+12,3.739309e+04,2.172343e+08,2.948183e+11,3,103,N,N
3.564356e+04,1.571890e+08,9.286603e+10,5.776898e+04,4.359751e+08,6.699590e+11,6.869277e+04,5.253676e+08,9.655821e+11,3.889114e+04,2.247870e+08,3.013160e+11,0,103,N,N
2.985722e+04,1.191622e+08,7.316550e+10,5.537099e+04,4.452724e+08,7.131378e+11,6.267837e+04,4.269993e+08,7.429253e+11,3.356438e+04,1.741016e+08,1.878505e+11,2,61,N,N
3.992205e+04,1.738663e+08,8.173111e+10,5.702662e+04,3.915961e+08,6.349032e+11,6.214725e+04,4.855836e+08,9.019063e+11,3.299639e+04,1.785635e+08,2.346822e+11,0,84,N,N
3.955490e+04,1.873206e+08,1.522236e+11,5.850234e+04,4.285268e+08,6.991123e+11,6.829007e+04,5.339971e+08,9.662089e+11,3.969243e+04,2.397481e+08,3.552196e+11,2,95,N,N
2.940017e+04,1.219825e+08,7.857852e+10,5.109007e+04,4.547727e+08,7.936742e+11,5.383869e+04,3.817374e+08,6.512909e+11,2.724300e+04,1.257863e+08,1.173576e+11,0,4,N,N
2.407536e+04,8.239483e+07,4.914130e+10,4.794701e+04,4.012482e+08,6.112692e+11,5.445306e+04,4.086938e+08,7.091657e+11,2.737385e+04,1.179027e+08,1.018253e+11,2,54,N,N
4.133101e+04,1.847242e+08,1.222293e+11,6.596581e+04,4.242892e+08,6.535790e+11,7.400349e+04,5.397555e+08,9.638266e+11,3.813402e+04,2.019929e+08,2.637404e+11,1,86,N,N
2.942048e+04,1.138118e+08,6.459497e+10,5.126976e+04,4.383415e+08,7.426177e+11,5.807449e+04,4.744324e+08,9.022856e+11,3.246005e+04,1.706846e+08,2.122445e+11,1,44,N,N
2.650872e+04,9.574931e+07,7.296323e+10,5.142144e+04,4.693760e+08,7.642100e+11,5.706453e+04,3.661087e+08,5.564935e+11,3.472097e+04,1.830322e+08,2.342890e+11,0,59,N,N
3.743581e+04,1.690977e+08,1.043904e+11,6.047541e+04,4.297124e+08,6.756929e+11,6.752747e+04,4.722030e+08,8.296107e+11,3.796382e+04,1.903886e+08,1.986681e+11,2,100,N,N
3.395855e+04,1.467573e+08,9.348755e+10,5.838550e+04,4.301045e+08,6.746398e+11,6.875338e+04,5.492773e+08,1.041417e+12,3.696365e+04,1.955188e+08,2.444203e+11,1,46,N,N
2.493541e+04,9.394398e+07,7.832887e+10,4.616136e+04,4.239087e+08,6.859173e+11,5.649716e+04,3.994739e+08,6.521660e+11,3.301459e+04,1.481850e+08,1.454380e+11,1,42,N,N
3.010937e+04,1.082524e+08,5.638208e+10,5.021750e+04,4.030755e+08,6.341523e+11,5.630493e+04,4.198049e+08,7.535832e+11,2.778474e+04,1.221613e+08,9.678062e+10,2,37,N,N
3.758097e+04,1.670216e+08,8.353055e+10,5.659759e+04,4.648312e+08,8.437587e+11,5.853338e+04,5.814301e+08,1.184238e+12,3.057966e+04,1.813965e+08,2.961176e+11,1,36,N,N
3.607865e+04,1.453610e+08,8.730395e+10,5.521807e+04,3.727887e+08,5.776660e+11,6.460868e+04,5.024798e+08,9.404392e+11,3.215291e+04,1.679794e+08,2.240380e+11,1,63,N,N
3.581279e+04,1.565349e+08,1.108631e+11,5.243973e+04,4.183567e+08,7.103253e+11,5.928508e+04,4.899680e+08,9.408034e+11,3.412836e+04,1.891972e+08,2.378949e+11,1,65,N,N
3.203706e+04,1.259442e+08,7.719017e+10,4.967918e+04,4.139577e+08,6.726092e+11,5.191612e+04,4.021403e+08,7.195649e+11,2.657512e+04,1.331517e+08,1.772409e+11,3,58,N,N
3.608750e+04,1.608835e+08,1.183965e+11,5.080221e+04,3.942537e+08,6.585130e+11,5.864268e+04,4.912009e+08,9.561021e+11,3.318281e+04,1.760375e+08,2.187815e+11,0,65,N,N
2.907177e+04,1.060996e+08,5.205443e+10,4.830066e+04,3.530367e+08,5.332163e+11,5.397789e+04,4.419471e+08,7.625849e+11,2.482072e+04,1.174566e+08,1.500930e+11,1,53,N,N
3.398297e+04,1.392966e+08,8.363052e+10,5.351403e+04,4.581645e+08,7.740146e+11,6.575243e+04,4.492561e+08,7.561961e+11,3.765597e+04,1.932826e+08,1.984138e+11,0,7,N,N
3.469772e+04,1.433943e+08,7.517225e+10,6.123186e+04,4.402949e+08,6.853810e+11,6.691776e+04,4.948647e+08,8.907590e+11,3.456255e+04,1.861127e+08,2.427676e+11,1,60,N,N
3.429423e+04,1.303982e+08,5.781614e+10,5.666076e+04,3.927220e+08,6.088339e+11,6.144247e+04,4.805494e+08,8.605336e+11,2.857017e+04,1.488148e+08,1.771798e+11,0,3,N,N
2.784652e+04,1.083283e+08,5.419880e+10,4.961804e+04,4.250307e+08,7.175516e+11,5.620342e+04,4.644460e+08,8.679562e+11,3.281682e+04,1.723011e+08,2.013443e+11,1,33,N,N
3.521010e+04,1.497678e+08,1.276318e+11,5.438977e+04,4.767047e+08,8.450446e+11,5.924090e+04,4.596313e+08,8.241570e+11,3.792150e+04,2.611344e+08,3.207268e+11,3,80,N,N
3.241122e+04,1.132103e+08,5.627158e+10,5.382699e+04,3.709958e+08,5.744751e+11,5.735134e+04,4.478940e+08,8.053761e+11,2.937534e+04,1.475975e+08,1.854765e+11,3,83,N,N
2.842074e+04,1.010181e+08,5.114454e+10,4.411365e+04,3.424149e+08,5.486072e+11,5.102006e+04,4.553401e+08,9.061213e+11,2.721550e+04,1.472403e+08,2.145203e+11,2,78,N,N
3.313192e+04,1.319964e+08,7.636072e+10,5.644262e+04,4.798846e+08,7.979559e+11,6.831972e+04,4.190545e+08,6.585172e+11,3.600207e+04,1.889707e+08,1.917479e+11,0,68,N,N
2.997736e+04,1.079899e+08,6.609150e+10,4.732630e+04,4.323343e+08,7.405220e+11,5.724656e+04,4.356941e+08,8.154686e+11,3.071651e+04,1.679396e+08,2.038492e+11,0,19,N,N
3.340905e+04,1.317597e+08,7.325735e+10,6.039393e+04,4.569693e+08,7.245441e+11,6.953199e+04,4.596565e+08,7.775456e+11,3.482358e+04,1.902287e+08,2.195379e+11,1,89,N,N
3.363224e+04,1.349945e+08,7.844260e+10,5.043653e+04,4.106262e+08,7.210966e+11,5.610572e+04,4.506117e+08,8.189005e+11,3.219114e+04,1.627032e+08,2.036453e+11,1,35,N,N
3.075504e+04,1.262212e+08,8.303303e+10,4.444570e+04,3.679548e+08,5.619260e+11,5.221985e+04,4.383834e+08,8.092255e+11,2.543886e+04,1.179649e+08,1.331650e+11,2,94,N,N
2.946546e+04,1.145565e+08,5.331360e+10,5.336552e+04,4.591326e+08,8.141638e+11,5.693556e+04,4.596818e+08,8.453633e+11,2.958706e+04,1.552686e+08,1.991640e+11,0,87,N,N
3.535176e+04,1.232558e+08,5.590010e+10,5.346419e+04,3.692669e+08,5.919358e+11,5.887049e+04,4.947031e+08,9.556962e+11,2.958738e+04,1.464537e+08,1.819425e+11,0,22,N,N
3.669512e+04,1.495906e+08,7.391524e+10,6.032560e+04,4.035603e+08,6.061418e+11,6.908803e+04,5.237239e+08,9.922633e+11,3.662693e+04,2.122790e+08,2.612690e+11,0,88,N,N
3.707155e+04,1.720685e+08,1.092373e+11,6.190657e+04,5.266699e+08,9.686578e+11,6.325538e+04,4.941314e+08,9.234497e+11,3.554838e+04,2.289606e+08,3.050765e+11,1,73,N,N
2.938326e+04,1.006712e+08,5.063580e+10,4.627317e+04,3.838761e+08,6.533458e+11,4.788374e+04,3.963828e+08,7.224715e+11,2.436117e+04,1.096997e+08,1.331704e+11,0,38,N,N
2.864621e+04,1.146438e+08,6.538867e+10,4.956838e+04,3.990041e+08,6.128143e+11,5.908624e+04,4.389065e+08,8.040553e+11,3.071178e+04,1.573610e+08,1.632974e+11,3,51,N,N
3.231918e+04,1.374062e+08,8.231259e+10,5.274175e+04,4.037045e+08,6.264878e+11,6.058286e+04,5.002359e+08,9.577077e+11,2.884136e+04,1.455088e+08,1.945656e+11,0,48,N,N
4.061694e+04,1.898491e+08,1.388528e+11,5.655009e+04,4.217477e+08,7.040598e+11,6.913478e+04,5.184010e+08,9.915457e+11,3.583421e+04,2.238912e+08,2.563825e+11,3,98,N,N
2.212739e+04,7.944688e+07,6.418822e+10,4.995064e+04,4.535164e+08,7.308232e+11,5.606346e+04,3.938251e+08,6.799562e+11,2.853297e+04,1.288035e+08,1.187997e+11,1,54,N,N
3.801813e+04,1.739470e+08,1.112356e+11,6.137760e+04,4.333769e+08,6.843986e+11,6.979105e+04,5.121250e+08,9.331987e+11,3.710135e+04,1.865774e+08,2.008607e+11,1,100,N,N
3.820060e+04,1.524132e+08,6.771514e+10,5.823019e+04,3.960202e+08,6.090930e+11,6.448687e+04,5.080487e+08,9.416378e+11,3.343172e+04,1.813922e+08,2.289445e+11,1,0,N,N
3.510138e+04,1.230894e+08,4.661964e+10,5.542047e+04,3.828448e+08,6.289780e+11,6.027053e+04,5.101642e+08,9.757160e+11,3.108382e+04,1.718128e+08,2.634828e+11,1,12,N,N
3.690558e+04,1.590276e+08,7.847039e+10,5.632323e+04,4.729226e+08,8.416011e+11,6.138499e+04,4.234618e+08,7.343270e+11,3.515173e+04,1.581883e+08,1.467827e+11,3,72,N,N
3.535273e+04,1.482906e+08,8.688884e+10,5.054685e+04,4.337041e+08,7.445394e+11,5.767681e+04,4.375157e+08,7.839623e+11,3.243315e+04,1.737872e+08,2.057965e+11,2,85,N,N
4.148302e+04,1.919455e+08,1.398265e+11,5.793283e+04,4.327113e+08,7.035216e+11,7.375661e+04,5.359249e+08,9.997844e+11,3.716075e+04,2.449909e+08,2.711360e+11,0,98,N,N
3.820686e+04,1.685486e+08,1.072127e+11,5.343440e+04,3.833515e+08,6.234047e+11,6.237631e+04,5.479412e+08,1.112544e+12,3.314759e+04,1.803873e+08,2.474931e+11,0,11,N,N
2.646183e+04,1.042752e+08,8.704622e+10,4.916768e+04,4.361006e+08,7.139786e+11,5.561844e+04,3.820811e+08,6.528264e+11,3.094777e+04,1.652272e+08,1.755150e+11,2,50,N,N
3.681945e+04,1.615652e+08,7.646284e+10,5.954259e+04,4.429368e+08,7.030128e+11,7.026964e+04,5.300635e+08,9.962168e+11,3.481654e+04,1.854916e+08,2.168237e+11,1,104,N,N
3.198815e+04,1.263624e+08,6.910819e+10,5.181911e+04,3.940857e+08,6.276886e+11,5.944448e+04,4.825595e+08,9.061004e+11,2.890710e+04,1.473238e+08,2.011575e+11,2,48,N,N
3.996790e+04,1.820467e+08,1.020344e+11,6.418841e+04,4.056939e+08,6.143480e+11,6.992516e+04,5.315505e+08,9.997357e+11,3.443877e+04,1.881840e+08,2.698064e+11,0,49,N,N
2.701471e+04,1.089125e+08,9.410372e+10,4.863825e+04,4.275075e+08,7.064734e+11,5.835957e+04,3.987025e+08,6.676584e+11,3.098185e+04,1.631634e+08,1.638572e+11,1,50,N,N
3.539647e+04,1.464341e+08,6.053091e+10,5.642989e+04,4.607478e+08,8.038883e+11,6.321189e+04,4.987522e+08,9.285545e+11,3.709246e+04,2.203279e+08,3.134713e+11,3,47,N,N
3.481151e+04,1.407625e+08,6.355948e+10,5.338924e+04,3.921017e+08,6.280848e+11,6.208104e+04,4.884990e+08,9.215087e+11,3.071098e+04,1.711456e+08,2.184173e+11,2,52,N,N
3.635406e+04,1.662983e+08,1.194231e+11,5.343475e+04,4.044073e+08,6.319672e+11,6.110397e+04,4.768263e+08,8.671306e+11,3.376664e+04,1.951712e+08,2.834321e+11,2,90,N,N
3.085466e+04,1.152311e+08,6.025245e+10,4.710872e+04,3.645504e+08,5.872159e+11,5.345427e+04,4.341337e+08,8.043663e+11,2.785114e+04,1.484671e+08,2.091832e+11,2,58,N,N
3.408877e+04,1.368549e+08,6.882631e+10,5.633232e+04,4.399362e+08,7.276264e+11,5.765660e+04,4.283555e+08,7.491830e+11,3.201446e+04,1.731963e+08,2.438248e+11,3,69,N,N
3.467869e+04,1.396417e+08,7.310459e+10,5.783906e+04,4.361904e+08,7.190463e+11,6.235658e+04,4.737576e+08,8.722070e+11,3.104219e+04,1.633273e+08,2.228451e+11,2,63,N,N
3.986026e+04,1.837388e+08,1.349074e+11,5.785446e+04,4.479221e+08,7.538062e+11,7.318266e+04,5.347822e+08,9.890838e+11,3.802276e+04,2.497399e+08,2.596688e+11,2,98,N,N
3.097191e+04,1.240800e+08,1.044152e+11,5.864444e+04,4.956270e+08,7.999562e+11,6.534651e+04,4.419393e+08,7.700757e+11,3.341589e+04,1.622421e+08,1.307149e+11,1,40,N,N
3.539451e+04,1.603370e+08,1.025495e+11,5.126787e+04,4.553628e+08,7.743661e+11,5.533908e+04,4.211550e+08,7.599946e+11,3.396452e+04,1.930548e+08,2.417683e+11,3,85,N,N
2.860706e+04,1.096029e+08,5.587657e+10,4.557545e+04,3.606281e+08,5.796252e+11,5.256728e+04,4.595226e+08,9.004387e+11,2.821304e+04,1.491768e+08,2.024387e+11,3,78,N,N
3.871599e+04,1.674901e+08,1.000627e+11,6.529364e+04,4.101395e+08,6.172314e+11,7.138796e+04,5.369410e+08,9.953619e+11,3.618027e+04,1.992870e+08,2.835667e+11,1,49,N,N
3.840316e+04,1.725047e+08,9.262511e+10,5.718408e+04,4.788913e+08,8.429773e+11,6.468949e+04,4.079570e+08,6.562481e+11,3.494661e+04,1.547775e+08,1.240992e+11,1,72,N,N
3.315537e+04,1.406181e+08,7.517147e+10,5.089638e+04,4.265330e+08,7.270150e+11,5.826791e+04,5.222758e+08,1.032824e+12,2.985363e+04,1.453218e+08,1.845986e+11,0,24,N,N
3.658633e+04,1.593712e+08,9.066095e+10,5.571358e+04,4.085029e+08,6.401479e+11,6.284679e+04,5.103853e+08,9.714973e+11,3.212229e+04,1.716660e+08,2.351539e+11,1,45,N,N
2.833850e+04,1.097481e+08,5.931167e+10,5.004050e+04,4.027097e+08,6.206024e+11,5.897266e+04,4.401951e+08,8.101725e+11,3.026236e+04,1.551594e+08,1.572855e+11,0,51,N,N
3.763935e+04,1.662267e+08,1.063800e+11,6.114589e+04,4.210896e+08,6.637115e+11,6.909392e+04,5.023899e+08,9.086365e+11,3.696426e+04,1.836542e+08,1.932747e+11,0,100,N,N
3.196386e+04,1.322113e+08,8.071996e+10,5.270324e+04,4.298436e+08,7.189359e+11,6.072161e+04,4.682887e+08,7.964372e+11,3.117431e+04,1.509746e+08,1.791572e+11,1,96,N,N
3.352902e+04,1.385771e+08,9.220674e+10,5.250407e+04,3.991617e+08,6.206989e+11,5.844335e+04,4.614314e+08,8.670809e+11,3.204724e+04,1.881223e+08,2.378159e+11,3,82,N,N
2.658267e+04,1.085797e+08,9.555273e+10,4.919594e+04,4.370068e+08,7.125278e+11,5.694515e+04,3.974360e+08,6.754680e+11,3.132824e+04,1.678393e+08,1.824966e+11,3,50,N,N
3.423281e+04,1.383968e+08,8.248256e+10,5.974371e+04,4.490311e+08,7.156783e+11,7.038702e+04,4.611503e+08,7.780883e+11,3.424500e+04,1.811076e+08,2.059141e+11,3,89,N,N
3.194334e+04,1.256265e+08,8.083360e+10,5.298682e+04,4.128881e+08,6.638993e+11,5.752784e+04,4.407741e+08,8.196363e+11,3.245749e+04,1.933624e+08,2.457947e+11,2,82,N,N
3.089691e+04,1.383032e+08,1.226213e+11,5.103344e+04,4.504455e+08,7.646790e+11,6.138989e+04,4.715927e+08,8.706744e+11,3.408260e+04,2.074302e+08,2.834134e+11,0,55,N,N
3.872390e+04,1.727270e+08,1.146399e+11,5.804329e+04,3.726842e+08,5.406577e+11,6.860981e+04,5.413107e+08,1.025557e+12,3.899102e+04,2.325900e+08,3.331615e+11,0,20,N,N
3.355021e+04,1.317491e+08,6.220714e+10,5.369456e+04,4.559782e+08,8.109659e+11,5.387405e+04,5.005584e+08,9.798108e+11,2.882826e+04,1.674545e+08,2.733441e+11,0,36,N,N
3.672842e+04,1.629519e+08,9.825477e+10,5.549384e+04,4.583416e+08,8.056970e+11,5.944860e+04,4.918574e+08,9.714964e+11,3.184588e+04,1.842054e+08,2.775834e+11,0,56,N,N
3.172216e+04,1.247643e+08,7.570620e+10,4.554425e+04,3.736403e+08,5.922489e+11,5.520869e+04,5.003985e+08,9.597370e+11,2.535400e+04,1.205086e+08,1.463778e+11,1,94,N,N
3.067058e+04,1.200664e+08,5.666742e+10,4.978322e+04,4.028446e+08,6.560952e+11,5.436007e+04,4.638964e+08,8.426243e+11,2.738622e+04,1.367850e+08,1.476335e+11,2,91,N,N
3.050545e+04,1.194953e+08,6.371517e+10,6.021123e+04,4.589416e+08,7.274604e+11,7.051831e+04,5.629806e+08,1.032807e+12,4.312624e+04,2.683259e+08,4.111633e+11,1,70,N,N
2.971978e+04,1.116922e+08,5.625576e+10,5.102179e+04,4.179856e+08,7.081032e+11,5.871984e+04,4.886748e+08,9.282695e+11,3.330515e+04,1.797049e+08,2.295151e+11,0,44,N,N
2.961868e+04,1.218915e+08,8.402280e+10,4.474748e+04,3.786151e+08,5.788632e+11,5.431623e+04,4.591672e+08,8.748360e+11,2.590133e+04,1.217303e+08,1.408011e+11,3,94,N,N
3.817872e+04,1.761089e+08,9.890937e+10,6.525234e+04,5.277295e+08,9.607724e+11,6.191199e+04,3.896810e+08,6.192314e+11,2.980106e+04,1.358304e+08,1.029833e+11,1,79,N,N
3.656930e+04,1.644717e+08,1.057811e+11,5.494573e+04,4.236272e+08,7.143128e+11,5.963654e+04,4.850700e+08,9.484092e+11,3.141935e+04,1.806146e+08,2.623965e+11,3,56,N,N
2.978302e+04,1.144314e+08,5.813049e+10,5.885500e+04,4.472404e+08,6.942639e+11,6.826768e+04,5.395895e+08,9.710772e+11,4.418979e+04,2.799751e+08,4.270586e+11,3,70,N,N
3.721291e+04,1.606264e+08,8.380601e+10,6.124885e+04,4.206497e+08,6.468405e+11,6.880854e+04,5.477836e+08,1.061691e+12,3.625269e+04,2.115124e+08,2.698453e+11,3,88,N,N
3.376111e+04,1.350101e+08,6.666646e+10,5.423390e+04,3.982457e+08,6.145307e+11,6.281805e+04,5.127671e+08,9.549740e+11,3.107062e+04,1.634272e+08,2.112743e+11,3,71,N,N
3.644440e+04,1.478951e+08,7.939349e+10,6.030229e+04,3.711220e+08,5.094830e+11,6.770250e+04,5.052012e+08,8.572555e+11,3.952217e+04,2.094081e+08,2.893846e+11,0,74,N,N
2.567956e+04,1.041776e+08,9.569283e+10,4.857165e+04,4.536237e+08,7.607951e+11,5.622306e+04,4.090633e+08,6.975324e+11,3.010071e+04,1.447395e+08,1.609776e+11,0,17,N,N
2.991213e+04,1.198682e+08,6.592884e+10,4.955550e+04,3.913274e+08,6.001982e+11,5.774310e+04,4.245531e+08,7.681621e+11,3.017862e+04,1.499726e+08,1.481721e+11,1,51,N,N
3.328230e+04,1.365263e+08,7.022534e+10,4.576392e+04,3.740234e+08,6.156416e+11,5.038305e+04,4.603252e+08,8.803075e+11,2.803610e+04,1.571162e+08,1.979772e+11,1,64,N,N
3.123117e+04,1.231083e+08,5.222965e+10,5.173954e+04,3.846438e+08,5.944139e+11,5.297383e+04,3.900407e+08,6.664095e+11,2.718781e+04,1.336556e+08,1.342188e+11,2,77,N,N
3.483906e+04,1.468532e+08,9.036844e+10,4.771004e+04,4.397239e+08,7.730466e+11,5.093120e+04,3.807298e+08,6.792719e+11,3.098447e+04,1.605534e+08,1.828745e+11,1,85,N,N
2.894991e+04,1.055026e+08,5.715705e+10,4.745718e+04,4.041056e+08,6.674320e+11,4.877473e+04,3.979519e+08,7.037732e+11,2.508973e+04,1.137403e+08,1.373746e+11,1,38,N,N
3.063325e+04,1.203560e+08,6.020095e+10,4.986975e+04,4.212432e+08,6.862534e+11,5.336085e+04,4.489716e+08,7.999650e+11,2.780158e+04,1.416971e+08,1.570871e+11,1,91,N,N
3.724938e+04,1.691562e+08,1.053922e+11,6.048982e+04,4.322173e+08,6.728442e+11,6.951602e+04,5.042513e+08,9.033341e+11,3.716868e+04,1.858222e+08,1.962626e+11,3,100,N,N
3.491932e+04,1.336698e+08,8.123524e+10,4.915084e+04,3.720147e+08,6.006434e+11,5.598412e+04,4.701586e+08,8.992745e+11,2.966601e+04,1.688215e+08,2.487251e+11,0,10,N,N
4.001056e+04,1.695815e+08,8.481391e+10,5.687592e+04,4.561323e+08,7.966142e+11,6.546324e+04,4.773021e+08,8.699172e+11,3.772830e+04,2.274432e+08,2.477001e+11,1,99,N,N
3.303510e+04,1.287827e+08,7.276242e+10,5.503372e+04,3.834404e+08,5.817413e+11,5.982924e+04,4.513536e+08,7.950917e+11,2.968392e+04,1.429993e+08,1.653982e+11,1,83,N,N
3.427885e+04,1.388517e+08,6.771707e+10,6.222082e+04,4.643395e+08,7.444589e+11,6.737569e+04,5.306739e+08,1.019191e+12,3.436308e+04,2.028152e+08,2.797116e+11,0,28,N,N
2.857297e+04,1.052565e+08,7.901613e+10,5.238134e+04,4.867509e+08,8.242013e+11,5.840475e+04,4.101790e+08,6.852801e+11,3.431343e+04,1.822794e+08,2.415190e+11,3,59,N,N
3.848831e+04,1.788183e+08,1.058540e+11,6.369889e+04,4.837637e+08,7.858177e+11,7.438666e+04,5.274117e+08,9.351754e+11,3.949760e+04,2.209404e+08,2.713299e+11,0,101,N,N
2.412757e+04,1.045476e+08,1.214987e+11,5.069135e+04,4.856373e+08,7.768298e+11,4.748294e+04,2.827016e+08,3.924429e+11,2.685742e+04,1.111418e+08,1.060941e+11,0,2,N,N
3.950684e+04,1.644911e+08,9.214615e+10,5.658237e+04,4.464036e+08,7.762194e+11,6.555879e+04,4.754050e+08,8.748589e+11,3.561695e+04,2.004867e+08,2.142814e+11,2,99,N,N
3.409101e+04,1.274047e+08,7.038988e+10,5.230151e+04,3.645758e+08,5.436158e+11,6.191104e+04,4.678205e+08,8.676665e+11,3.427411e+04,2.001613e+08,2.502833e+11,0,14,N,N
4.048351e+04,1.809782e+08,8.676139e+10,5.721161e+04,3.932706e+08,6.372384e+11,6.424262e+04,5.444054e+08,1.073147e+12,3.212853e+04,1.706357e+08,2.290908e+11,1,84,N,N
3.226317e+04,1.263673e+08,6.523416e+10,4.958356e+04,3.733335e+08,5.711859e+11,5.780110e+04,4.718759e+08,8.825697e+11,2.947529e+04,1.487252e+08,1.815037e+11,3,92,N,N
4.131537e+04,1.837344e+08,1.119914e+11,6.564937e+04,4.282693e+08,6.781254e+11,6.853305e+04,5.285554e+08,9.982769e+11,3.475089e+04,1.973940e+08,2.956042e+11,3,49,N,N
2.946149e+04,1.155314e+08,1.006745e+11,5.865653e+04,5.011260e+08,8.226995e+11,6.662564e+04,4.301608e+08,7.153853e+11,3.481128e+04,1.814927e+08,1.459215e+11,0,40,N,N
3.235748e+04,1.337309e+08,6.284192e+10,5.509620e+04,4.143841e+08,6.643984e+11,6.287215e+04,4.588295e+08,8.342778e+11,3.172608e+04,1.599893e+08,1.722769e+11,2,57,N,N
3.914634e+04,1.838959e+08,1.556540e+11,5.847099e+04,4.185846e+08,6.828429e+11,7.008948e+04,5.602084e+08,1.052134e+12,4.057002e+04,2.437829e+08,3.558527e+11,0,95,N,N
3.143151e+04,1.286249e+08,8.380889e+10,6.330430e+04,5.016731e+08,8.269399e+11,6.781285e+04,5.104401e+08,9.230121e+11,3.577572e+04,2.017425e+08,2.846835e+11,2,60,N,N
3.708687e+04,1.601472e+08,9.608039e+10,6.146960e+04,5.297068e+08,1.011430e+12,5.971774e+04,4.825167e+08,9.059073e+11,3.409654e+04,2.128401e+08,2.862784e+11,2,73,N,N
2.641881e+04,1.286571e+08,1.658677e+11,5.733289e+04,5.627110e+08,1.033649e+12,7.239241e+04,5.753823e+08,1.014644e+12,4.313909e+04,2.635741e+08,3.230039e+11,3,67,N,N
3.124971e+04,1.296596e+08,6.997965e+10,5.926260e+04,4.580437e+08,7.501927e+11,6.536774e+04,5.012386e+08,9.205998e+11,3.625125e+04,2.056763e+08,2.977850e+11,2,70,N,N
3.474336e+04,1.404781e+08,6.750174e+10,5.511580e+04,4.298166e+08,7.159358e+11,6.277533e+04,5.050930e+08,9.710127e+11,3.049234e+04,1.697851e+08,2.174877e+11,3,52,N,N
3.654232e+04,1.474593e+08,7.726499e+10,5.838635e+04,4.175392e+08,6.629671e+11,6.679300e+04,5.120597e+08,9.694410e+11,3.314194e+04,1.924969e+08,2.549712e+11,1,43,N,N
4.013341e+04,1.902602e+08,1.612188e+11,5.865125e+04,4.322068e+08,7.067316e+11,6.912675e+04,5.654064e+08,1.023611e+12,3.998405e+04,2.495121e+08,3.810884e+11,1,95,N,N
3.949249e+04,1.655082e+08,1.040056e+11,5.729727e+04,3.852623e+08,5.844982e+11,6.322381e+04,4.752868e+08,8.550891e+11,3.302315e+04,1.780933e+08,2.133157e+11,0,62,N,N
3.042457e+04,1.172785e+08,6.674294e+10,4.753693e+04,4.406561e+08,7.845080e+11,5.480942e+04,4.654446e+08,9.191675e+11,2.532221e+04,1.097262e+08,1.011110e+11,0,9,N,N
2.929231e+04,1.094562e+08,4.066251e+10,5.163512e+04,4.235481e+08,7.348423e+11,5.713524e+04,4.942637e+08,9.503704e+11,3.083785e+04,1.692950e+08,2.342406e+11,3,87,N,N
4.022759e+04,1.796139e+08,1.183308e+11,6.745709e+04,4.540778e+08,7.158541e+11,7.553748e+04,5.663121e+08,1.055920e+12,3.803898e+04,1.979569e+08,2.562318e+11,3,86,N,N
2.659553e+04,1.163154e+08,1.306442e+11,5.194272e+04,4.980699e+08,8.087170e+11,5.672641e+04,3.873351e+08,6.342857e+11,3.234236e+04,1.670560e+08,1.857910e+11,1,81,N,N
3.118224e+04,1.055726e+08,5.049654e+10,4.554464e+04,3.706408e+08,6.194955e+11,5.140605e+04,3.961273e+08,7.365787e+11,2.669206e+04,1.263265e+08,1.159588e+11,2,66,N,N
2.931807e+04,1.140091e+08,5.043581e+10,4.928910e+04,4.166477e+08,7.080628e+11,5.775291e+04,5.029350e+08,9.982667e+11,3.323929e+04,1.800127e+08,2.213641e+11,0,33,N,N
2.854152e+04,1.035702e+08,5.404720e+10,4.882727e+04,3.774053e+08,5.695886e+11,5.296044e+04,4.105539e+08,7.046409e+11,2.559787e+04,1.199732e+08,1.493863e+11,0,53,N,N
2.828285e+04,1.101261e+08,8.947534e+10,5.506459e+04,5.327795e+08,9.479745e+11,5.970641e+04,4.308677e+08,7.480489e+11,3.412654e+04,1.885837e+08,2.590651e+11,2,59,N,N
3.295493e+04,1.333725e+08,6.563649e+10,5.446734e+04,4.657917e+08,8.051363e+11,5.873200e+04,4.805721e+08,9.031028e+11,3.305114e+04,1.920678e+08,2.396872e+11,0,16,N,N
3.526865e+04,1.462163e+08,7.927980e+10,6.356042e+04,4.179517e+08,6.315090e+11,6.702503e+04,5.052861e+08,9.172511e+11,3.347963e+04,1.687918e+08,2.194011e+11,2,74,N,N
3.433093e+04,1.414925e+08,6.392970e+10,5.385562e+04,3.803665e+08,5.803976e+11,6.010303e+04,5.002717e+08,9.247160e+11,2.962659e+04,1.485144e+08,1.932545e+11,3,102,N,N
3.375733e+04,1.264619e+08,5.853295e+10,5.427169e+04,4.066999e+08,6.734678e+11,6.131356e+04,4.678570e+08,8.488728e+11,3.179023e+04,1.696061e+08,2.348352e+11,1,69,N,N
4.052412e+04,1.674884e+08,1.035199e+11,6.593288e+04,4.059412e+08,6.131570e+11,7.475246e+04,5.590473e+08,1.028119e+12,3.620043e+04,1.874940e+08,2.439110e+11,0,86,N,N
3.628158e+04,1.425183e+08,6.707806e+10,5.711887e+04,3.982535e+08,6.200918e+11,7.072923e+04,5.326126e+08,1.002225e+12,3.581837e+04,1.900761e+08,2.108610e+11,0,104,N,N
3.546721e+04,1.251380e+08,5.232580e+10,5.543655e+04,3.596198e+08,5.678485e+11,6.135001e+04,5.442138e+08,1.081987e+12,3.108894e+04,1.762203e+08,2.777697e+11,0,12,N,N
2.199998e+04,7.735046e+07,6.190946e+10,5.029682e+04,4.609664e+08,7.337080e+11,5.559964e+04,3.845878e+08,6.536579e+11,2.864740e+04,1.296006e+08,1.174026e+11,0,54,N,N
3.706521e+04,1.571025e+08,8.982547e+10,6.157089e+04,3.895360e+08,5.710411e+11,6.624054e+04,5.055570e+08,8.923564e+11,3.568728e+04,1.795593e+08,2.294409e+11,1,74,N,N
3.306065e+04,1.248672e+08,6.621789e+10,5.529254e+04,3.938416e+08,6.212323e+11,5.756772e+04,4.255192e+08,7.514152e+11,2.947326e+04,1.482013e+08,1.788638e+11,2,83,N,N
3.317697e+04,1.349815e+08,6.901831e+10,5.008358e+04,3.784489e+08,5.696885e+11,5.800074e+04,4.676373e+08,8.498236e+11,3.054735e+04,1.601280e+08,2.057876e+11,1,92,N,N
3.818886e+04,1.803815e+08,1.101221e+11,6.207336e+04,4.615123e+08,7.337705e+11,7.343362e+04,5.400385e+08,9.795614e+11,3.998684e+04,2.321248e+08,3.014660e+11,3,101,N,N
3.482161e+04,1.489115e+08,8.954151e+10,5.511329e+04,4.549766e+08,8.411943e+11,5.856875e+04,4.889848e+08,9.816554e+11,3.047616e+04,1.715707e+08,2.549164e+11,1,56,N,N
3.421875e+04,1.183634e+08,4.912435e+10,5.367933e+04,4.000806e+08,6.244693e+11,6.106290e+04,4.681903e+08,8.580942e+11,3.228289e+04,1.687052e+08,2.213658e+11,0,25,N,N
3.386689e+04,1.371020e+08,7.009655e+10,5.351173e+04,3.837056e+08,5.781785e+11,6.190489e+04,5.015143e+08,9.233243e+11,3.059043e+04,1.630498e+08,2.051389e+11,2,71,N,N
2.955974e+04,1.068815e+08,5.213199e+10,4.430180e+04,3.571526e+08,5.938501e+11,4.915979e+04,4.013711e+08,7.471897e+11,2.581864e+04,1.208842e+08,1.384400e+11,1,75,N,N
3.896712e+04,1.836761e+08,1.127769e+11,6.304450e+04,4.770191e+08,7.665390e+11,7.602397e+04,5.608420e+08,1.016924e+12,4.035523e+04,2.269822e+08,2.871592e+11,1,101,N,N
3.700990e+04,1.594001e+08,8.148701e+10,6.108115e+04,4.956618e+08,8.556562e+11,6.948560e+04,4.919744e+08,8.858986e+11,3.621910e+04,2.102511e+08,2.548433e+11,0,23,N,N
3.061267e+04,1.088769e+08,5.254379e+10,5.005394e+04,3.955154e+08,6.223865e+11,5.704212e+04,4.406131e+08,8.016792e+11,2.844795e+04,1.258102e+08,1.093079e+11,0,37,N,N
3.448543e+04,1.503083e+08,8.893686e+10,5.169656e+04,4.656996e+08,8.173169e+11,5.582385e+04,4.285316e+08,7.668761e+11,3.306699e+04,1.761462e+08,2.046674e+11,0,85,N,N
3.199241e+04,1.334331e+08,7.707046e+10,5.168170e+04,4.102585e+08,6.642892e+11,6.125856e+04,4.713872e+08,8.250403e+11,3.048495e+04,1.427865e+08,1.636375e+11,0,96,N,N
2.772026e+04,9.855279e+07,4.917641e+10,4.431036e+04,3.345311e+08,5.325434e+11,5.181986e+04,4.601245e+08,8.866065e+11,2.824537e+04,1.545484e+08,2.209506e+11,0,78,N,N
3.665895e+04,1.593709e+08,9.855705e+10,5.425698e+04,4.386525e+08,7.629208e+11,6.011827e+04,4.894549e+08,9.395690e+11,3.178600e+04,1.864730e+08,2.767341e+11,2,56,N,N
3.551892e+04,1.438813e+08,7.328518e+10,5.625720e+04,4.195868e+08,6.893235e+11,6.178404e+04,4.794739e+08,8.707108e+11,3.320608e+04,1.841793e+08,2.677656e+11,0,69,N,N
3.296123e+04,1.328126e+08,7.301550e+10,5.347094e+04,3.776405e+08,5.896323e+11,6.208254e+04,4.811251e+08,9.181127e+11,3.198446e+04,1.656352e+08,1.853557e+11,3,57,N,N
3.217611e+04,1.303526e+08,5.966585e+10,5.494066e+04,4.193645e+08,6.842968e+11,6.114664e+04,4.414948e+08,7.903001e+11,3.166225e+04,1.596901e+08,1.670280e+11,1,57,N,N
3.522909e+04,1.445914e+08,8.511402e+10,6.111715e+04,4.519504e+08,7.265014e+11,7.093502e+04,4.723256e+08,8.057528e+11,3.393518e+04,1.739570e+08,1.880693e+11,2,89,N,N
3.050774e+04,1.210883e+08,7.577752e+10,4.443573e+04,3.659711e+08,5.685442e+11,5.523499e+04,4.784832e+08,9.309292e+11,2.595783e+04,1.226404e+08,1.391985e+11,0,94,N,N
3.601649e+04,1.504615e+08,7.856801e+10,6.513280e+04,5.095891e+08,8.832012e+11,6.547562e+04,4.138817e+08,6.724803e+11,3.324109e+04,1.733702e+08,1.459183e+11,0,79,N,N
3.020500e+04,1.096253e+08,6.742564e+10,5.503433e+04,4.817664e+08,8.783987e+11,6.486337e+04,5.318351e+08,9.891747e+11,3.648912e+04,2.139961e+08,2.744601e+11,0,21,N,N
3.246794e+04,1.309240e+08,8.319532e+10,5.278003e+04,4.009856e+08,6.301652e+11,5.844277e+04,4.462740e+08,8.210203e+11,3.253557e+04,1.960073e+08,2.433536e+11,0,82,N,N
3.219472e+04,1.210335e+08,6.304068e+10,5.550060e+04,4.050381e+08,6.303424e+11,5.950337e+04,4.379186e+08,7.785427e+11,3.034265e+04,1.480023e+08,1.741635e+11,0,83,N,N
3.061358e+04,1.239097e+08,7.408185e+10,5.274689e+04,4.247993e+08,6.754906e+11,6.009677e+04,4.744423e+08,8.978456e+11,2.910332e+04,1.529494e+08,2.132085e+11,1,48,N,N
3.893664e+04,1.729466e+08,7.703497e+10,5.725290e+04,4.389523e+08,7.484282e+11,6.055708e+04,4.807229e+08,9.028797e+11,3.247883e+04,1.770879e+08,2.475123e+11,3,84,N,N
3.327882e+04,1.266061e+08,6.022484e+10,5.951986e+04,4.208058e+08,6.394086e+11,6.856616e+04,5.046054e+08,9.011520e+11,3.742822e+04,1.988793e+08,2.646507e+11,0,60,N,N
3.339166e+04,1.337926e+08,6.653410e+10,6.034631e+04,4.385471e+08,6.910711e+11,6.775388e+04,5.032649e+08,9.271355e+11,3.291905e+04,1.730959e+08,2.197384e+11,3,60,N,N
3.653808e+04,1.619782e+08,1.442217e+11,5.373875e+04,3.775238e+08,5.851590e+11,6.642613e+04,5.725494e+08,1.100453e+12,3.902939e+04,2.465143e+08,3.664197e+11,0,13,N,N
3.495122e+04,1.497751e+08,8.332108e+10,5.622892e+04,4.681182e+08,8.620950e+11,5.414755e+04,4.418168e+08,7.957498e+11,3.038523e+04,1.717472e+08,2.375846e+11,0,30,N,N
2.756352e+04,1.162485e+08,1.159430e+11,5.105308e+04,4.720829e+08,7.667388e+11,5.729369e+04,4.014622e+08,6.763902e+11,3.118622e+04,1.557981e+08,1.604531e+11,3,81,N,N
3.479363e+04,1.109877e+08,5.549809e+10,5.198432e+04,3.246910e+08,4.794110e+11,6.062952e+04,5.109068e+08,1.022732e+12,3.127671e+04,1.713622e+08,2.524303e+11,3,63,N,N
3.241573e+04,1.251372e+08,5.938558e+10,4.261580e+04,3.262845e+08,5.264766e+11,4.758750e+04,4.283938e+08,8.221747e+11,2.589740e+04,1.361046e+08,1.697444e+11,2,64,N,N
3.301440e+04,1.199143e+08,5.396887e+10,5.397896e+04,4.120523e+08,6.763850e+11,6.339298e+04,4.951443e+08,9.268154e+11,3.282758e+04,1.815119e+08,2.599648e+11,2,69,N,N
3.816965e+04,1.514419e+08,7.432201e+10,5.722197e+04,3.850624e+08,6.162978e+11,6.281222e+04,5.608656e+08,1.118368e+12,3.133521e+04,1.720662e+08,2.601623e+11,2,12,N,N
3.503592e+04,1.440125e+08,9.057836e+10,4.862130e+04,3.861714e+08,6.198467e+11,5.556007e+04,4.535880e+08,8.500476e+11,3.049760e+04,1.706920e+08,2.312464e+11,1,10,N,N
3.650737e+04,1.490529e+08,7.463334e+10,5.948913e+04,4.386877e+08,7.048846e+11,6.610802e+04,4.796950e+08,8.760577e+11,3.326587e+04,1.943887e+08,2.533172e+11,0,43,N,N
2.660248e+04,1.262997e+08,1.528916e+11,5.588679e+04,5.405566e+08,9.736112e+11,6.605819e+04,4.742063e+08,7.836287e+11,3.969453e+04,2.292898e+08,2.646427e+11,0,67,N,N
2.886470e+04,1.043367e+08,5.328357e+10,4.830944e+04,3.657373e+08,5.489407e+11,5.378398e+04,4.204456e+08,7.346069e+11,2.463937e+04,1.149613e+08,1.450217e+11,2,53,N,N
3.629471e+04,1.531853e+08,1.066962e+11,5.220469e+04,4.142264e+08,6.949117e+11,5.799106e+04,4.812875e+08,9.201001e+11,3.359202e+04,1.829303e+08,2.332897e+11,3,65,N,N
2.824954e+04,1.192930e+08,1.178733e+11,6.100738e+04,5.158063e+08,8.651393e+11,7.132877e+04,4.902894e+08,8.405315e+11,3.813194e+04,2.255929e+08,2.490464e+11,3,76,N,N
3.342546e+04,1.314100e+08,5.612363e+10,5.289753e+04,3.619434e+08,5.438346e+11,6.098829e+04,5.207180e+08,1.004696e+12,2.975202e+04,1.519548e+08,2.015154e+11,1,102,N,N
3.772457e+04,1.671772e+08,1.066326e+11,5.995796e+04,4.948962e+08,8.925150e+11,6.491235e+04,5.553895e+08,1.080724e+12,3.720356e+04,2.475428e+08,3.602122e+11,0,73,N,N
