5.933220e-02,5.180191e-04,1.144285e-06,1.109004e-01,1.569656e-03,4.601960e-06,1.379406e-01,2.033054e-03,7.114115e-06,8.849969e-02,1.239234e-03,4.213873e-06,2,76,N,N
7.565055e-02,6.251202e-04,6.581801e-07,1.016077e-01,1.517510e-03,4.715439e-06,1.324028e-01,2.037309e-03,7.729419e-06,7.835209e-02,8.729829e-04,2.167219e-06,1,41,N,N
7.946657e-02,8.307506e-04,1.399846e-06,9.866886e-02,1.240673e-03,3.305266e-06,1.326734e-01,2.041549e-03,7.406946e-06,8.582593e-02,1.066872e-03,3.221268e-06,0,46,N,N
8.383445e-02,9.234303e-04,1.538457e-06,9.978361e-02,1.518087e-03,4.713736e-06,1.304822e-01,2.146025e-03,7.931154e-06,8.278640e-02,1.054271e-03,3.278237e-06,2,96,N,N
7.829145e-02,7.913752e-04,1.211869e-06,1.001088e-01,1.696933e-03,5.816137e-06,1.176199e-01,1.949873e-03,7.582387e-06,7.589128e-02,1.082842e-03,4.142115e-06,0,58,N,N
8.318523e-02,8.593466e-04,1.398282e-06,9.956284e-02,1.313236e-03,3.641057e-06,1.396523e-01,2.247565e-03,8.733430e-06,8.676126e-02,1.204904e-03,3.915800e-06,1,103,N,N
6.525864e-02,5.967840e-04,1.107680e-06,8.474169e-02,1.254917e-03,3.582297e-06,1.155450e-01,1.733677e-03,6.165654e-06,8.220059e-02,1.235494e-03,4.405060e-06,2,55,N,N
9.342169e-02,9.556040e-04,1.258986e-06,1.087318e-01,1.415375e-03,4.343239e-06,1.306772e-01,2.097417e-03,8.043632e-06,8.022314e-02,1.025267e-03,3.110529e-06,2,84,N,N
7.185710e-02,5.513848e-04,6.319683e-07,9.416223e-02,9.938176e-04,2.507825e-06,1.275288e-01,1.897132e-03,7.016472e-06,7.367505e-02,8.824128e-04,2.554360e-06,0,29,N,N
8.471568e-02,8.694409e-04,1.117141e-06,1.041157e-01,1.500697e-03,4.643007e-06,1.280608e-01,2.118018e-03,8.362572e-06,7.709895e-02,1.079982e-03,3.643429e-06,0,52,N,N
6.973697e-02,5.728241e-04,9.446806e-07,8.823794e-02,1.243116e-03,3.622598e-06,1.059480e-01,1.479543e-03,4.718759e-06,8.716843e-02,1.361311e-03,4.267382e-06,2,80,N,N
7.924670e-02,7.862301e-04,1.313332e-06,8.953716e-02,1.258916e-03,3.729617e-06,1.112891e-01,1.748846e-03,6.334089e-06,7.892696e-02,1.016573e-03,3.168521e-06,2,65,N,N
6.630850e-02,6.611540e-04,1.360956e-06,8.713990e-02,1.341183e-03,3.963544e-06,1.122961e-01,1.696681e-03,6.007255e-06,8.175520e-02,1.231321e-03,4.468232e-06,3,55,N,N
8.536840e-02,7.797828e-04,8.661542e-07,9.041441e-02,1.169030e-03,3.115752e-06,1.282922e-01,1.716383e-03,5.701249e-06,8.522532e-02,1.009906e-03,2.279048e-06,3,68,N,N
7.403650e-02,6.779483e-04,7.915035e-07,9.547193e-02,1.321104e-03,3.858846e-06,1.176814e-01,1.667023e-03,5.553440e-06,8.402570e-02,1.126255e-03,3.630229e-06,0,47,N,N
7.932403e-02,8.324221e-04,1.663904e-06,9.086637e-02,1.105585e-03,2.837276e-06,1.396506e-01,2.218337e-03,8.422129e-06,8.305394e-02,9.505867e-04,2.475614e-06,0,15,N,N
6.245090e-02,5.590235e-04,1.119230e-06,1.015197e-01,1.449065e-03,3.997231e-06,1.477218e-01,2.039609e-03,7.154653e-06,8.900446e-02,1.270721e-03,3.513024e-06,1,76,N,N
7.274893e-02,6.581954e-04,8.790935e-07,9.982486e-02,1.707590e-03,5.718565e-06,1.176956e-01,2.111875e-03,8.256333e-06,7.903837e-02,1.106089e-03,3.329153e-06,3,91,N,N
6.462553e-02,6.294096e-04,1.416666e-06,1.059496e-01,1.565275e-03,4.423983e-06,1.621460e-01,2.404784e-03,8.830255e-06,1.062444e-01,1.564593e-03,5.001921e-06,0,76,N,N
9.102417e-02,8.675479e-04,1.184188e-06,9.898059e-02,1.152156e-03,3.105772e-06,1.259941e-01,1.901035e-03,6.841009e-06,7.776700e-02,1.020154e-03,3.144620e-06,1,62,N,N
6.429153e-02,4.712863e-04,5.541612e-07,8.762437e-02,1.310360e-03,4.208254e-06,1.004716e-01,1.791687e-03,6.824202e-06,6.759655e-02,8.314901e-04,2.523548e-06,0,75,N,N
6.786535e-02,6.826940e-04,1.429652e-06,8.462624e-02,1.222336e-03,3.413252e-06,1.207180e-01,1.790464e-03,6.357363e-06,8.544479e-02,1.323587e-03,4.743012e-06,1,55,N,N
8.201214e-02,9.003935e-04,1.450402e-06,9.663092e-02,1.439226e-03,4.473272e-06,1.289311e-01,2.084474e-03,7.672446e-06,7.804887e-02,9.322232e-04,2.768176e-06,3,96,N,N
7.737252e-02,7.383220e-04,8.468866e-07,1.038283e-01,1.448645e-03,4.455161e-06,1.339595e-01,2.091738e-03,8.091382e-06,8.152315e-02,1.038721e-03,2.857977e-06,0,57,N,N
8.379728e-02,8.886898e-04,1.621107e-06,9.779175e-02,1.389755e-03,4.188337e-06,1.249980e-01,2.094672e-03,8.393884e-06,8.263555e-02,1.266909e-03,4.442224e-06,1,82,N,N
9.121990e-02,9.948623e-04,1.323298e-06,1.052424e-01,1.654950e-03,5.608101e-06,1.305798e-01,2.391734e-03,9.505499e-06,8.364476e-02,1.010798e-03,2.469655e-06,0,39,N,N
8.247512e-02,8.322266e-04,1.275915e-06,9.403834e-02,1.568159e-03,5.119146e-06,1.349241e-01,2.352842e-03,1.020862e-05,8.292397e-02,1.146739e-03,3.145319e-06,1,66,N,N
8.271372e-02,7.776469e-04,1.057745e-06,1.051021e-01,1.392620e-03,4.190752e-06,1.334604e-01,2.122791e-03,8.184633e-06,7.915951e-02,1.023250e-03,3.419871e-06,0,63,N,N
6.527412e-02,6.537501e-04,1.617273e-06,9.541857e-02,1.674520e-03,5.034848e-06,1.342477e-01,2.099863e-03,7.982966e-06,9.350751e-02,1.384741e-03,4.330959e-06,0,81,N,N
7.293830e-02,6.257222e-04,8.856832e-07,8.905699e-02,1.071487e-03,2.804321e-06,1.236728e-01,1.546806e-03,4.925579e-06,7.595998e-02,1.023574e-03,2.717620e-06,1,98,N,N
6.249508e-02,4.705682e-04,4.471854e-07,9.036366e-02,1.053655e-03,2.794345e-06,7.585719e-02,6.653485e-04,1.436701e-06,4.961916e-02,3.920352e-04,6.370563e-07,2,79,N,N
7.492711e-02,7.423326e-04,1.143154e-06,9.965051e-02,1.507094e-03,4.634049e-06,1.292016e-01,2.245714e-03,9.079398e-06,6.869671e-02,8.420063e-04,2.796520e-06,3,48,N,N
8.649398e-02,8.084164e-04,1.159398e-06,1.102895e-01,1.144794e-03,2.800199e-06,1.419100e-01,1.872802e-03,6.150825e-06,8.026225e-02,8.753050e-04,2.307573e-06,2,86,N,N
7.734941e-02,7.003561e-04,9.852200e-07,9.890279e-02,1.237157e-03,3.432812e-06,1.167874e-01,1.453640e-03,4.524253e-06,8.443529e-02,9.962178e-04,2.634871e-06,0,27,N,N
6.716915e-02,5.279725e-04,4.826493e-07,1.007269e-01,1.271682e-03,3.573356e-06,9.834694e-02,1.070133e-03,2.940061e-06,5.888655e-02,5.731404e-04,1.190071e-06,3,79,N,N
9.205403e-02,9.268946e-04,9.804735e-07,1.214716e-01,1.569835e-03,4.722044e-06,1.379538e-01,2.062461e-03,7.588165e-06,8.736544e-02,1.099094e-03,3.013615e-06,0,26,N,N
6.641173e-02,5.301185e-04,6.230323e-07,9.783626e-02,1.417953e-03,4.192770e-06,1.278206e-01,1.836266e-03,6.743358e-06,8.244806e-02,1.131483e-03,3.210286e-06,1,61,N,N
7.305220e-02,6.489971e-04,7.722746e-07,9.964143e-02,1.433663e-03,4.387292e-06,1.193839e-01,1.661648e-03,5.532763e-06,8.222200e-02,1.079973e-03,3.436937e-06,1,47,N,N
7.294326e-02,6.767558e-04,1.075402e-06,8.640512e-02,1.298150e-03,4.226265e-06,7.645254e-02,1.096379e-03,3.336171e-06,5.446456e-02,6.070158e-04,1.749306e-06,1,97,N,N
8.778023e-02,7.972029e-04,8.517711e-07,1.002757e-01,1.203652e-03,3.292037e-06,1.222218e-01,1.809653e-03,6.450713e-06,7.667460e-02,9.714449e-04,2.852980e-06,0,0,N,N
7.730108e-02,7.102137e-04,8.383985e-07,1.015217e-01,1.269573e-03,3.486660e-06,1.371280e-01,1.963555e-03,7.055440e-06,7.910223e-02,9.405046e-04,2.516251e-06,2,104,N,N
6.541725e-02,4.899029e-04,6.196247e-07,8.592177e-02,1.288045e-03,4.086935e-06,9.827189e-02,1.688807e-03,6.369038e-06,6.163832e-02,7.019251e-04,2.049979e-06,3,75,N,N
6.562668e-02,6.013158e-04,9.013990e-07,9.457282e-02,1.467471e-03,4.417157e-06,1.231587e-01,1.974324e-03,7.746932e-06,7.898423e-02,1.041949e-03,2.961704e-06,2,51,N,N
8.637274e-02,9.207595e-04,1.559601e-06,9.127253e-02,1.206757e-03,3.301910e-06,1.234506e-01,1.994156e-03,7.526094e-06,8.553121e-02,1.276145e-03,4.945224e-06,3,90,N,N
6.767048e-02,5.512135e-04,5.843979e-07,9.272475e-02,1.193442e-03,3.377625e-06,1.068622e-01,1.620462e-03,5.653366e-06,6.691635e-02,8.131319e-04,2.129350e-06,3,77,N,N
7.280281e-02,5.979084e-04,8.030712e-07,8.830608e-02,1.002479e-03,2.625743e-06,1.257947e-01,1.928312e-03,7.260189e-06,7.528411e-02,9.515235e-04,2.937765e-06,0,31,N,N
7.346141e-02,6.215506e-04,6.786456e-07,9.023859e-02,1.156129e-03,3.215053e-06,1.051982e-01,1.522882e-03,4.925236e-06,7.048605e-02,7.492257e-04,1.882566e-06,1,5,N,N
8.443722e-02,7.850403e-04,9.419614e-07,9.133118e-02,1.192428e-03,3.394471e-06,1.162481e-01,1.541581e-03,5.095522e-06,8.394887e-02,1.115429e-03,3.099359e-06,3,99,N,N
6.073776e-02,5.937002e-04,1.362398e-06,9.294872e-02,1.701994e-03,5.494941e-06,1.258615e-01,1.931343e-03,6.898381e-06,9.089065e-02,1.105250e-03,2.943947e-06,0,42,N,N
6.800133e-02,6.333770e-04,9.254029e-07,1.096477e-01,1.563324e-03,4.678371e-06,1.353646e-01,1.996066e-03,7.105660e-06,8.238921e-02,1.050733e-03,3.501641e-06,0,70,N,N
7.758792e-02,7.250255e-04,1.335320e-06,9.291519e-02,1.369234e-03,4.154470e-06,1.181849e-01,1.739300e-03,5.919701e-06,9.093073e-02,1.473832e-03,4.783842e-06,1,80,N,N
8.581879e-02,8.004485e-04,1.134078e-06,9.130022e-02,1.184318e-03,3.484769e-06,1.111297e-01,1.749516e-03,5.992436e-06,7.392107e-02,8.836012e-04,2.558325e-06,1,34,N,N
7.491915e-02,6.566330e-04,9.522277e-07,9.183252e-02,1.316719e-03,4.133235e-06,1.090053e-01,1.846057e-03,7.089864e-06,7.065979e-02,8.394547e-04,2.638944e-06,3,93,N,N
7.645275e-02,7.342999e-04,1.114815e-06,9.310756e-02,1.392973e-03,4.364303e-06,1.132790e-01,1.875826e-03,6.853433e-06,7.568372e-02,9.498788e-04,3.138980e-06,0,93,N,N
7.664414e-02,6.941763e-04,9.163956e-07,9.210427e-02,1.160949e-03,3.277829e-06,1.178449e-01,1.798509e-03,6.447921e-06,7.779810e-02,9.500208e-04,2.466562e-06,0,6,N,N
8.273884e-02,8.631319e-04,1.264616e-06,9.847649e-02,1.236000e-03,3.437120e-06,1.234323e-01,1.822273e-03,6.456900e-06,7.694436e-02,1.018351e-03,3.384296e-06,0,18,N,N
6.471602e-02,6.416668e-04,1.420948e-06,1.026978e-01,1.883267e-03,6.467145e-06,1.351900e-01,2.142188e-03,8.293075e-06,8.850588e-02,1.331171e-03,4.262367e-06,0,50,N,N
8.150426e-02,8.268792e-04,1.158676e-06,1.059133e-01,1.349005e-03,3.640939e-06,1.477853e-01,2.024454e-03,7.007928e-06,8.530963e-02,1.044819e-03,2.934854e-06,2,101,N,N
8.830061e-02,9.122217e-04,1.390707e-06,1.157441e-01,1.391197e-03,3.880003e-06,1.357142e-01,2.087812e-03,7.700300e-06,8.060675e-02,9.858655e-04,2.996025e-06,3,74,N,N
5.177569e-02,3.503514e-04,4.684023e-07,9.307230e-02,1.593305e-03,4.935019e-06,1.156478e-01,1.807130e-03,6.784396e-06,7.330916e-02,8.836132e-04,2.184688e-06,3,54,N,N
7.062085e-02,6.405494e-04,8.177538e-07,1.052095e-01,1.662566e-03,5.457089e-06,1.136069e-01,1.705033e-03,6.127692e-06,7.416187e-02,9.920043e-04,2.814369e-06,1,77,N,N
7.254722e-02,6.640009e-04,8.903711e-07,1.009795e-01,1.707540e-03,5.746811e-06,1.215970e-01,2.271960e-03,9.253814e-06,7.631120e-02,1.041102e-03,3.065685e-06,0,91,N,N
9.742963e-02,1.017135e-03,1.638650e-06,1.075182e-01,1.385588e-03,4.112695e-06,1.285871e-01,2.050901e-03,7.688114e-06,8.374937e-02,1.151938e-03,3.678824e-06,2,62,N,N
6.991349e-02,7.306338e-04,1.763502e-06,1.020072e-01,1.866853e-03,5.970854e-06,1.277750e-01,2.010092e-03,7.654691e-06,8.913868e-02,1.288631e-03,4.011498e-06,2,81,N,N
7.482807e-02,6.832167e-04,9.164823e-07,9.761073e-02,1.451529e-03,4.417081e-06,1.271461e-01,2.199588e-03,8.964035e-06,7.803079e-02,1.047041e-03,3.336425e-06,2,92,N,N
7.820602e-02,7.496895e-04,1.138030e-06,9.793365e-02,1.559936e-03,5.132799e-06,1.167460e-01,2.011823e-03,7.938497e-06,7.216056e-02,9.797685e-04,3.551068e-06,1,58,N,N
8.979448e-02,9.840390e-04,1.781683e-06,9.555488e-02,1.288617e-03,3.718826e-06,1.285284e-01,2.147758e-03,8.500906e-06,8.232173e-02,1.146262e-03,4.025743e-06,0,90,N,N
6.223706e-02,4.889378e-04,6.141934e-07,9.319993e-02,1.228621e-03,3.585221e-06,8.402639e-02,9.547889e-04,2.517833e-06,6.477264e-02,7.730907e-04,2.073038e-06,3,73,N,N
6.317805e-02,5.211577e-04,6.978614e-07,8.688271e-02,1.254206e-03,3.873826e-06,1.015377e-01,1.746792e-03,6.479961e-06,7.302810e-02,1.036460e-03,3.763683e-06,1,78,N,N
7.970034e-02,7.185377e-04,1.006576e-06,1.044119e-01,1.062762e-03,2.630556e-06,1.172603e-01,1.533476e-03,4.878518e-06,7.280951e-02,8.470142e-04,2.600077e-06,2,49,N,N
5.254852e-02,5.142445e-04,1.357823e-06,9.661961e-02,1.594162e-03,4.871608e-06,1.329949e-01,1.942642e-03,6.353075e-06,9.761579e-02,1.357645e-03,4.016796e-06,1,67,N,N
7.424573e-02,5.606741e-04,6.430169e-07,8.529825e-02,1.084751e-03,3.017845e-06,1.092295e-01,1.713266e-03,6.166239e-06,7.228636e-02,8.484686e-04,2.432919e-06,0,34,N,N
7.748630e-02,7.215339e-04,9.288367e-07,1.024029e-01,1.428430e-03,4.178393e-06,1.346656e-01,2.158994e-03,8.289622e-06,8.233113e-02,1.100051e-03,3.452687e-06,0,71,N,N
7.339178e-02,7.583989e-04,1.171825e-06,8.740429e-02,1.479611e-03,4.914762e-06,1.105206e-01,2.190831e-03,9.649278e-06,7.427005e-02,1.089247e-03,3.730240e-06,3,64,N,N
7.245035e-02,6.283355e-04,6.947999e-07,1.001646e-01,1.250404e-03,3.393594e-06,1.365713e-01,1.987666e-03,7.176471e-06,7.901128e-02,9.628907e-04,2.589960e-06,3,104,N,N
6.766067e-02,5.236506e-04,6.656546e-07,8.982030e-02,1.403772e-03,4.498242e-06,1.050004e-01,1.763888e-03,6.731597e-06,6.815456e-02,8.254564e-04,2.375321e-06,2,75,N,N
8.278433e-02,8.524403e-04,1.310910e-06,9.446285e-02,1.584837e-03,5.269736e-06,1.284828e-01,2.322077e-03,9.966827e-06,8.360169e-02,1.165005e-03,3.189927e-06,3,66,N,N
8.654990e-02,8.885178e-04,1.342806e-06,1.139027e-01,1.596350e-03,4.704412e-06,1.563043e-01,2.197314e-03,7.966718e-06,8.944305e-02,1.234608e-03,3.753149e-06,0,89,N,N
7.155185e-02,6.444622e-04,1.025981e-06,1.029445e-01,1.750895e-03,5.756316e-06,1.335114e-01,2.525203e-03,1.065130e-05,7.451029e-02,8.969090e-04,2.671034e-06,0,32,N,N
8.549879e-02,8.745652e-04,1.109024e-06,1.076401e-01,1.494396e-03,4.479462e-06,1.317813e-01,2.390972e-03,9.447849e-06,7.391541e-02,9.275286e-04,3.018564e-06,0,102,N,N
8.630076e-02,9.340506e-04,1.547074e-06,1.035528e-01,1.399671e-03,3.972613e-06,1.354207e-01,2.152582e-03,8.215044e-06,8.484137e-02,1.157899e-03,3.721263e-06,2,103,N,N
7.159399e-02,6.379695e-04,7.271652e-07,9.762263e-02,1.449471e-03,4.418022e-06,1.049922e-01,1.334552e-03,3.911399e-06,6.885322e-02,7.394749e-04,1.798585e-06,0,5,N,N
5.906156e-02,4.761268e-04,8.270205e-07,1.009761e-01,1.770619e-03,5.580380e-06,1.188614e-01,1.624563e-03,5.265949e-06,8.703669e-02,1.153064e-03,3.818190e-06,1,59,N,N
7.192409e-02,6.815670e-04,1.158575e-06,8.810997e-02,1.406028e-03,4.711443e-06,7.760056e-02,1.119473e-03,3.390886e-06,5.830704e-02,7.023285e-04,2.031740e-06,3,97,N,N
7.309095e-02,6.922388e-04,1.138385e-06,8.890090e-02,1.373167e-03,4.567148e-06,8.021969e-02,1.192722e-03,3.720168e-06,5.867743e-02,7.026884e-04,2.110211e-06,0,97,N,N
7.818236e-02,6.910585e-04,7.352468e-07,1.099742e-01,1.390003e-03,3.995008e-06,1.346007e-01,1.976441e-03,7.240571e-06,8.524333e-02,1.122914e-03,3.330655e-06,1,88,N,N
8.364128e-02,8.677153e-04,1.381013e-06,9.584675e-02,1.633651e-03,5.390114e-06,1.377058e-01,2.531095e-03,1.145250e-05,8.327717e-02,1.149229e-03,3.114443e-06,0,66,N,N
7.734054e-02,7.608529e-04,1.045294e-06,8.878370e-02,1.422064e-03,4.753623e-06,1.006858e-01,1.871590e-03,7.245381e-06,7.089109e-02,9.911708e-04,3.311627e-06,0,64,N,N
7.571791e-02,7.252077e-04,1.130615e-06,9.260636e-02,1.419653e-03,4.550180e-06,1.084039e-01,1.771947e-03,6.435788e-06,7.511056e-02,9.303508e-04,3.036333e-06,1,93,N,N
9.699993e-02,1.071503e-03,2.179194e-06,9.627188e-02,1.158872e-03,3.117710e-06,1.368803e-01,2.094518e-03,7.248658e-06,8.771684e-02,1.139694e-03,3.713514e-06,3,95,N,N
6.813670e-02,5.143490e-04,5.507735e-07,9.596867e-02,1.245559e-03,3.468696e-06,1.194967e-01,1.783851e-03,6.091780e-06,7.815672e-02,9.376298e-04,2.818277e-06,1,25,N,N
7.148299e-02,6.244218e-04,8.007409e-07,9.714205e-02,1.468394e-03,4.528569e-06,1.281620e-01,2.431498e-03,1.004098e-05,6.709547e-02,8.442415e-04,2.880539e-06,3,53,N,N
7.619083e-02,7.253347e-04,8.557323e-07,1.036343e-01,1.560562e-03,5.004844e-06,1.216806e-01,1.993904e-03,7.518354e-06,7.920265e-02,1.090136e-03,3.220130e-06,0,77,N,N
7.011931e-02,5.985873e-04,7.252232e-07,9.862370e-02,1.401417e-03,4.104773e-06,1.393389e-01,2.152509e-03,8.365608e-06,9.036183e-02,1.242323e-03,3.814392e-06,0,61,N,N
7.347494e-02,5.632007e-04,5.469261e-07,8.510919e-02,1.093269e-03,2.756999e-06,1.301877e-01,1.646583e-03,5.299170e-06,7.916390e-02,9.020427e-04,1.983276e-06,2,68,N,N
6.392521e-02,4.980621e-04,5.322823e-07,9.791380e-02,1.383354e-03,4.217290e-06,1.141421e-01,1.575439e-03,5.157990e-06,7.962241e-02,1.015762e-03,3.193549e-06,2,47,N,N
8.319922e-02,8.104857e-04,9.246178e-07,1.117156e-01,1.784054e-03,5.976564e-06,1.435282e-01,2.448084e-03,1.005790e-05,8.476461e-02,1.025790e-03,2.811837e-06,0,41,N,N
7.675855e-02,6.897133e-04,9.035941e-07,9.959589e-02,1.347523e-03,3.871408e-06,1.295137e-01,2.139289e-03,8.181709e-06,7.842533e-02,1.045306e-03,3.398325e-06,1,71,N,N
7.271389e-02,5.960397e-04,6.177987e-07,1.027523e-01,1.155936e-03,2.985369e-06,1.295965e-01,1.841852e-03,6.529429e-06,8.616579e-02,1.129565e-03,3.243451e-06,2,88,N,N
7.129754e-02,5.726477e-04,6.037743e-07,8.640536e-02,1.088262e-03,3.046219e-06,9.764979e-02,1.098589e-03,3.081285e-06,6.741752e-02,5.792418e-04,1.039147e-06,0,72,N,N
6.888691e-02,6.250824e-04,7.596034e-07,9.536070e-02,1.453678e-03,4.520466e-06,1.066600e-01,1.652302e-03,5.766790e-06,7.120041e-02,8.836469e-04,2.782480e-06,1,87,N,N
6.772201e-02,6.044522e-04,9.758503e-07,8.536056e-02,1.353444e-03,4.508025e-06,7.091966e-02,9.247381e-04,2.547388e-06,5.408479e-02,5.892164e-04,1.472409e-06,2,97,N,N
5.902398e-02,4.475665e-04,4.516956e-07,9.820858e-02,1.561280e-03,5.168158e-06,1.028232e-01,1.525416e-03,5.260185e-06,6.714248e-02,8.166797e-04,2.457868e-06,2,87,N,N
8.438987e-02,8.383875e-04,1.214913e-06,1.001318e-01,1.502105e-03,4.746775e-06,1.332973e-01,2.416694e-03,1.014133e-05,8.363255e-02,1.156316e-03,3.793127e-06,0,92,N,N
6.497497e-02,4.935697e-04,5.253878e-07,8.545120e-02,1.132150e-03,3.201646e-06,8.768301e-02,8.445837e-04,2.021324e-06,6.298197e-02,5.281972e-04,8.772497e-07,2,72,N,N
8.552553e-02,7.722060e-04,8.576833e-07,9.939988e-02,1.327766e-03,3.944101e-06,1.203496e-01,1.626476e-03,5.395191e-06,8.162175e-02,1.048921e-03,2.786086e-06,0,99,N,N
7.303972e-02,6.185004e-04,8.195485e-07,9.709938e-02,1.507371e-03,4.807129e-06,1.337861e-01,2.499146e-03,1.091021e-05,8.252937e-02,1.066799e-03,2.914396e-06,1,37,N,N
7.214165e-02,5.678116e-04,6.185367e-07,1.031139e-01,1.204542e-03,3.125738e-06,1.242090e-01,1.678446e-03,5.558769e-06,7.495303e-02,9.664272e-04,3.011569e-06,0,1,N,N
7.213933e-02,5.448652e-04,5.366865e-07,9.124075e-02,1.227349e-03,3.312285e-06,1.278339e-01,1.549664e-03,4.819729e-06,7.709541e-02,8.999796e-04,2.063999e-06,1,68,N,N
7.794776e-02,7.419335e-04,1.387563e-06,9.437830e-02,1.384441e-03,4.311907e-06,1.190171e-01,1.795917e-03,6.331699e-06,8.799434e-02,1.381781e-03,4.254377e-06,0,80,N,N
6.973274e-02,5.897271e-04,6.791841e-07,9.903787e-02,1.447387e-03,4.426338e-06,1.261661e-01,1.861193e-03,7.003553e-06,8.280547e-02,1.100572e-03,3.102399e-06,3,61,N,N
7.968426e-02,7.584553e-04,1.191891e-06,9.326113e-02,1.338662e-03,4.150920e-06,1.092512e-01,1.843966e-03,7.000609e-06,7.485579e-02,9.281205e-04,3.042836e-06,2,93,N,N
7.371278e-02,7.415620e-04,1.126283e-06,9.478621e-02,1.560669e-03,5.327504e-06,1.090824e-01,1.592818e-03,5.434775e-06,7.305928e-02,8.408362e-04,2.364758e-06,0,35,N,N
7.987417e-02,7.822513e-04,9.692786e-07,1.114038e-01,1.710308e-03,5.575242e-06,1.281798e-01,2.055776e-03,7.832444e-06,8.138030e-02,9.874808e-04,2.656829e-06,0,8,N,N
5.341309e-02,5.115359e-04,1.274037e-06,9.437752e-02,1.525173e-03,4.786121e-06,1.234120e-01,1.744526e-03,5.572086e-06,9.146562e-02,1.156049e-03,3.210232e-06,2,67,N,N
8.152825e-02,7.965361e-04,9.862222e-07,1.048266e-01,1.441531e-03,4.280877e-06,1.331993e-01,2.375775e-03,9.336817e-06,7.682004e-02,9.630208e-04,3.166356e-06,2,102,N,N
7.541511e-02,6.620903e-04,7.579014e-07,9.831762e-02,1.354680e-03,4.020791e-06,1.245270e-01,1.970999e-03,7.537897e-06,7.293250e-02,9.746189e-04,3.095445e-06,1,52,N,N
9.397333e-02,9.403035e-04,1.488389e-06,1.005304e-01,1.188583e-03,3.245471e-06,1.290020e-01,2.018575e-03,7.449946e-06,8.523417e-02,1.188473e-03,3.822933e-06,3,62,N,N
7.221864e-02,6.124746e-04,7.890675e-07,1.010440e-01,1.448770e-03,4.216467e-06,1.213660e-01,1.839152e-03,6.661632e-06,7.098809e-02,8.511482e-04,2.561853e-06,0,45,N,N
8.787527e-02,9.816958e-04,1.745309e-06,9.330859e-02,1.219690e-03,3.398947e-06,1.193719e-01,1.905705e-03,7.091273e-06,8.185326e-02,1.188282e-03,4.354469e-06,1,90,N,N
8.362707e-02,8.775430e-04,1.390232e-06,1.064662e-01,1.494830e-03,4.397513e-06,1.391700e-01,2.293210e-03,9.047105e-06,9.004294e-02,1.261243e-03,4.280532e-06,3,103,N,N
8.570222e-02,9.213390e-04,1.491770e-06,1.068289e-01,1.494843e-03,4.327964e-06,1.450422e-01,2.345450e-03,9.094434e-06,9.631171e-02,1.378496e-03,4.743430e-06,0,103,N,N
7.115722e-02,6.761660e-04,1.033307e-06,1.042557e-01,1.576962e-03,4.804286e-06,1.369915e-01,2.035365e-03,7.728160e-06,8.936714e-02,1.235556e-03,3.769849e-06,2,61,N,N
9.061693e-02,8.972926e-04,1.094881e-06,1.066838e-01,1.369280e-03,4.173113e-06,1.226683e-01,1.889140e-03,6.914405e-06,7.750962e-02,9.843540e-04,3.074957e-06,0,84,N,N
9.428300e-02,1.066339e-03,2.091377e-06,9.338963e-02,1.091877e-03,2.860894e-06,1.292596e-01,1.909753e-03,6.555804e-06,8.920571e-02,1.210279e-03,4.120228e-06,2,95,N,N
6.459388e-02,5.946501e-04,9.151086e-07,9.071130e-02,1.437265e-03,4.507780e-06,9.644191e-02,1.228812e-03,3.762768e-06,6.289249e-02,6.726820e-04,1.555223e-06,0,4,N,N
6.104527e-02,5.291636e-04,8.348529e-07,9.784282e-02,1.669979e-03,5.241549e-06,1.255724e-01,2.170060e-03,8.680139e-06,7.648233e-02,9.202986e-04,2.289841e-06,2,54,N,N
8.833684e-02,8.467474e-04,1.231921e-06,1.022406e-01,1.020345e-03,2.460792e-06,1.337581e-01,1.762013e-03,5.677009e-06,8.105331e-02,9.117654e-04,2.538232e-06,1,86,N,N
6.639108e-02,5.860976e-04,8.257152e-07,9.395966e-02,1.476646e-03,4.635007e-06,1.167821e-01,1.926221e-03,7.386528e-06,7.770335e-02,9.817796e-04,3.017622e-06,1,44,N,N
6.154785e-02,5.162396e-04,9.297963e-07,9.459966e-02,1.587974e-03,4.790300e-06,1.085678e-01,1.322475e-03,3.821408e-06,8.559813e-02,1.112064e-03,3.598995e-06,0,59,N,N
9.423881e-02,1.078836e-03,1.830675e-06,1.080618e-01,1.372980e-03,3.924589e-06,1.400755e-01,2.030256e-03,7.387049e-06,9.168702e-02,1.109050e-03,2.859755e-06,2,100,N,N
7.751357e-02,7.662753e-04,1.175692e-06,1.008634e-01,1.284784e-03,3.533492e-06,1.320142e-01,2.024730e-03,7.360743e-06,8.621067e-02,1.064290e-03,3.149067e-06,1,46,N,N
5.602447e-02,4.754665e-04,9.062252e-07,8.758624e-02,1.526668e-03,4.731768e-06,1.099042e-01,1.510154e-03,4.808340e-06,7.996278e-02,8.683349e-04,2.112620e-06,1,42,N,N
7.810626e-02,7.420302e-04,1.151590e-06,1.045814e-01,1.755309e-03,5.810538e-06,1.344252e-01,2.404606e-03,1.032570e-05,8.130617e-02,1.048779e-03,2.597778e-06,2,37,N,N
8.109856e-02,7.780060e-04,8.902718e-07,9.924397e-02,1.428097e-03,4.579504e-06,1.028955e-01,1.795017e-03,6.413110e-06,6.340840e-02,7.799976e-04,2.645699e-06,1,36,N,N
8.611827e-02,8.355346e-04,1.283183e-06,1.003014e-01,1.234192e-03,3.520113e-06,1.322160e-01,2.106687e-03,8.061203e-06,7.764503e-02,9.796849e-04,3.185762e-06,1,63,N,N
8.174877e-02,8.264939e-04,1.443632e-06,9.299255e-02,1.321596e-03,4.032195e-06,1.184241e-01,1.959661e-03,7.533437e-06,8.110577e-02,1.069944e-03,3.331861e-06,1,65,N,N
8.064106e-02,8.027397e-04,1.355965e-06,1.041672e-01,1.821884e-03,6.256481e-06,1.185282e-01,2.099060e-03,8.565261e-06,7.424718e-02,1.038705e-03,3.890186e-06,3,58,N,N
8.356262e-02,8.707392e-04,1.578917e-06,9.020093e-02,1.245075e-03,3.739403e-06,1.145307e-01,1.872681e-03,7.113977e-06,7.840106e-02,9.826766e-04,2.974444e-06,0,65,N,N
7.680662e-02,7.418548e-04,1.018689e-06,9.830056e-02,1.461430e-03,4.518639e-06,1.264603e-01,2.422832e-03,9.809298e-06,6.869121e-02,8.993496e-04,3.194131e-06,1,53,N,N
7.615283e-02,7.092252e-04,1.053413e-06,9.336750e-02,1.396855e-03,4.162884e-06,1.246162e-01,1.618161e-03,5.179626e-06,8.770060e-02,1.052148e-03,2.667619e-06,0,7,N,N
7.954185e-02,7.578916e-04,9.990615e-07,1.120827e-01,1.478027e-03,4.277738e-06,1.362074e-01,2.055188e-03,7.528788e-06,8.119108e-02,1.027681e-03,3.215960e-06,1,60,N,N
6.776217e-02,5.095837e-04,4.666273e-07,9.197673e-02,1.034386e-03,2.639359e-06,1.086918e-01,1.501908e-03,4.766388e-06,6.198749e-02,7.010219e-04,1.873108e-06,0,3,N,N
6.607319e-02,6.142594e-04,8.329502e-07,9.234030e-02,1.472855e-03,4.695295e-06,1.143906e-01,1.921351e-03,7.289861e-06,8.030580e-02,1.036077e-03,3.087484e-06,1,33,N,N
7.301652e-02,6.503424e-04,1.189362e-06,9.167060e-02,1.356923e-03,4.094353e-06,1.132980e-01,1.680879e-03,5.805122e-06,8.631872e-02,1.359461e-03,4.277603e-06,3,80,N,N
7.262779e-02,5.806762e-04,7.486891e-07,1.032098e-01,1.373654e-03,4.136771e-06,1.141047e-01,1.784686e-03,6.400754e-06,6.909922e-02,8.188462e-04,2.457316e-06,3,83,N,N
5.705384e-02,4.089879e-04,4.735694e-07,7.802520e-02,1.072031e-03,3.089042e-06,9.963730e-02,1.735224e-03,6.729151e-06,5.775483e-02,6.626520e-04,2.060750e-06,2,78,N,N
7.530393e-02,6.818507e-04,9.179074e-07,9.738444e-02,1.427613e-03,4.120414e-06,1.405715e-01,1.770137e-03,5.717873e-06,8.745888e-02,1.115091e-03,2.884619e-06,0,68,N,N
5.738720e-02,3.958669e-04,4.881928e-07,8.350015e-02,1.345552e-03,4.091294e-06,1.122464e-01,1.672551e-03,6.139100e-06,7.142717e-02,9.107041e-04,2.696929e-06,0,19,N,N
8.397139e-02,8.307103e-04,1.166172e-06,1.105484e-01,1.529484e-03,4.495399e-06,1.515544e-01,2.179483e-03,8.017054e-06,8.979645e-02,1.265870e-03,3.972588e-06,1,89,N,N
6.815967e-02,5.607065e-04,7.508676e-07,8.276062e-02,1.106823e-03,3.221758e-06,9.561520e-02,1.306976e-03,4.043530e-06,6.567794e-02,6.765769e-04,1.744992e-06,1,35,N,N
7.846491e-02,8.278690e-04,1.542831e-06,8.948458e-02,1.493114e-03,4.641457e-06,1.237642e-01,2.464501e-03,1.080008e-05,7.479775e-02,1.020612e-03,3.453307e-06,2,94,N,N
6.193598e-02,5.130929e-04,5.987475e-07,9.475383e-02,1.449308e-03,4.609371e-06,1.027675e-01,1.496328e-03,4.959691e-06,6.210710e-02,6.843230e-04,1.885560e-06,0,87,N,N
7.724594e-02,5.937294e-04,6.511252e-07,9.589109e-02,1.189956e-03,3.462337e-06,1.171275e-01,1.956179e-03,7.501903e-06,6.509753e-02,7.079535e-04,1.941551e-06,0,22,N,N
7.348026e-02,6.000840e-04,6.359390e-07,1.052582e-01,1.227235e-03,3.284865e-06,1.264688e-01,1.752339e-03,6.066169e-06,8.184930e-02,1.060722e-03,3.048769e-06,0,88,N,N
6.622679e-02,5.537007e-04,7.273299e-07,9.719687e-02,1.297711e-03,3.809769e-06,9.284424e-02,1.062919e-03,2.919073e-06,6.752944e-02,8.292782e-04,2.264813e-06,1,73,N,N
6.962029e-02,5.666628e-04,7.249958e-07,9.506487e-02,1.619695e-03,5.697072e-06,1.034868e-01,1.849577e-03,7.282064e-06,6.309010e-02,7.348903e-04,2.319316e-06,0,38,N,N
6.718797e-02,6.396425e-04,1.014458e-06,9.356821e-02,1.426962e-03,4.213942e-06,1.296794e-01,2.123957e-03,8.552591e-06,7.859193e-02,1.034311e-03,2.922136e-06,3,51,N,N
7.713934e-02,7.899174e-04,1.272697e-06,9.828310e-02,1.402532e-03,4.104661e-06,1.365662e-01,2.541048e-03,1.094759e-05,7.205201e-02,9.071278e-04,3.041143e-06,0,48,N,N
7.636637e-02,6.724017e-04,9.859093e-07,8.784728e-02,1.017552e-03,2.679430e-06,1.232299e-01,1.644076e-03,5.598631e-06,7.351074e-02,9.456472e-04,2.471249e-06,3,98,N,N
5.669729e-02,5.227688e-04,1.102436e-06,1.011141e-01,1.860754e-03,6.108693e-06,1.287336e-01,2.085336e-03,8.276060e-06,8.390211e-02,1.115500e-03,3.147917e-06,1,54,N,N
9.276698e-02,1.039697e-03,1.727146e-06,1.072277e-01,1.324054e-03,3.713382e-06,1.399788e-01,2.057860e-03,7.505653e-06,8.779260e-02,1.043442e-03,2.717997e-06,1,100,N,N
9.000237e-02,8.480710e-04,9.627751e-07,1.021087e-01,1.216430e-03,3.323032e-06,1.293365e-01,2.040062e-03,7.566870e-06,8.014710e-02,1.042249e-03,3.231423e-06,1,0,N,N
7.161902e-02,5.176771e-04,4.518582e-07,9.479737e-02,1.122813e-03,3.186183e-06,1.106038e-01,1.719301e-03,6.024744e-06,6.401894e-02,7.280068e-04,2.296677e-06,1,12,N,N
7.509973e-02,6.604227e-04,7.486380e-07,9.131814e-02,1.242973e-03,3.608067e-06,1.071075e-01,1.288162e-03,3.894656e-06,7.359433e-02,6.919798e-04,1.355873e-06,3,72,N,N
6.830665e-02,5.557418e-04,6.861939e-07,8.175203e-02,1.134844e-03,3.204066e-06,9.733337e-02,1.244907e-03,3.757048e-06,6.988730e-02,8.073113e-04,2.140882e-06,2,85,N,N
7.572644e-02,6.425971e-04,9.145588e-07,8.812202e-02,1.002892e-03,2.532859e-06,1.282220e-01,1.617823e-03,5.238624e-06,7.737872e-02,1.068423e-03,2.833946e-06,0,98,N,N
8.574396e-02,8.568829e-04,1.344388e-06,9.644608e-02,1.250915e-03,3.719252e-06,1.219857e-01,2.096925e-03,8.314638e-06,7.764068e-02,9.891931e-04,3.218725e-06,0,11,N,N
6.315150e-02,5.945549e-04,1.208778e-06,9.979637e-02,1.796809e-03,6.032018e-06,1.304934e-01,2.099847e-03,8.427630e-06,8.485995e-02,1.246333e-03,3.929635e-06,2,50,N,N
7.804219e-02,7.294648e-04,8.364001e-07,1.031190e-01,1.329202e-03,3.718969e-06,1.361693e-01,1.988843e-03,7.230356e-06,7.902314e-02,9.554646e-04,2.623361e-06,1,104,N,N
7.311754e-02,6.661355e-04,9.356560e-07,9.631502e-02,1.361939e-03,4.082937e-06,1.248228e-01,2.125143e-03,8.362348e-06,6.789865e-02,8.118263e-04,2.608800e-06,2,48,N,N
8.437154e-02,8.169597e-04,1.085454e-06,1.131258e-01,1.261431e-03,3.417328e-06,1.283283e-01,1.787987e-03,6.159520e-06,7.567151e-02,9.074913e-04,2.871774e-06,0,49,N,N
6.409756e-02,6.144856e-04,1.287276e-06,9.965653e-02,1.796051e-03,6.126172e-06,1.349700e-01,2.130852e-03,8.305677e-06,8.588995e-02,1.257574e-03,3.834788e-06,1,50,N,N
7.360294e-02,6.414399e-04,7.034422e-07,9.870287e-02,1.413460e-03,4.373858e-06,1.157083e-01,1.673795e-03,5.736497e-06,8.196335e-02,1.076189e-03,3.474269e-06,3,47,N,N
8.225130e-02,7.916547e-04,9.751404e-07,9.503514e-02,1.242445e-03,3.578037e-06,1.298280e-01,2.135547e-03,8.414657e-06,7.503825e-02,1.022772e-03,3.309599e-06,2,52,N,N
9.374475e-02,1.114587e-03,2.178087e-06,9.706039e-02,1.336915e-03,3.865813e-06,1.281334e-01,2.098525e-03,8.001816e-06,8.398801e-02,1.207807e-03,4.455140e-06,2,90,N,N
7.396554e-02,6.662378e-04,9.249511e-07,8.800815e-02,1.274823e-03,3.882948e-06,1.130106e-01,1.943484e-03,7.604056e-06,6.999293e-02,9.374681e-04,3.345939e-06,2,58,N,N
8.441400e-02,8.478102e-04,1.151402e-06,1.082977e-01,1.630734e-03,5.231411e-06,1.194305e-01,1.837936e-03,6.653136e-06,8.070453e-02,1.100337e-03,3.942539e-06,3,69,N,N
8.498984e-02,8.446415e-04,1.184590e-06,1.126646e-01,1.657749e-03,5.371048e-06,1.336663e-01,2.177950e-03,8.584273e-06,7.743823e-02,1.016753e-03,3.491676e-06,2,63,N,N
7.313505e-02,6.196927e-04,8.789493e-07,8.861992e-02,1.050819e-03,2.759783e-06,1.273821e-01,1.616821e-03,5.201755e-06,7.789751e-02,1.053500e-03,2.626449e-06,2,98,N,N
6.720110e-02,5.834574e-04,1.076092e-06,1.043928e-01,1.569121e-03,4.566499e-06,1.389250e-01,1.993701e-03,7.369943e-06,8.721912e-02,1.106930e-03,2.557783e-06,1,40,N,N
7.379934e-02,6.988174e-04,1.024323e-06,8.651208e-02,1.296438e-03,3.773777e-06,1.020722e-01,1.430718e-03,4.751079e-06,7.763820e-02,1.009854e-03,3.022564e-06,3,85,N,N
6.604181e-02,5.857853e-04,7.868460e-07,8.876644e-02,1.367873e-03,4.319010e-06,1.136124e-01,2.144299e-03,9.060088e-06,7.385469e-02,1.021852e-03,3.678257e-06,3,78,N,N
8.591388e-02,8.311732e-04,1.206194e-06,1.192166e-01,1.368074e-03,3.822653e-06,1.320241e-01,1.833092e-03,6.271191e-06,8.039667e-02,9.825529e-04,3.120546e-06,1,49,N,N
7.548485e-02,6.692186e-04,7.886196e-07,8.999224e-02,1.186354e-03,3.313060e-06,1.081108e-01,1.138754e-03,3.061871e-06,7.101652e-02,6.385002e-04,1.068495e-06,1,72,N,N
6.683295e-02,5.723261e-04,7.045301e-07,8.241678e-02,1.118109e-03,3.113695e-06,1.099964e-01,1.859218e-03,6.928725e-06,6.459423e-02,6.792632e-04,1.870734e-06,0,24,N,N
7.638956e-02,6.958623e-04,9.174835e-07,1.019778e-01,1.367214e-03,3.985975e-06,1.195723e-01,1.844392e-03,6.662673e-06,7.167679e-02,8.544800e-04,2.637886e-06,1,45,N,N
6.627421e-02,6.088748e-04,9.180033e-07,9.348821e-02,1.412079e-03,4.131863e-06,1.303388e-01,2.160853e-03,8.804262e-06,7.767529e-02,1.025685e-03,2.855612e-06,0,51,N,N
9.010828e-02,9.565570e-04,1.560283e-06,1.043370e-01,1.226271e-03,3.343820e-06,1.371115e-01,1.976105e-03,7.079021e-06,8.584106e-02,9.889256e-04,2.456628e-06,0,100,N,N
8.536621e-02,9.431333e-04,1.592799e-06,9.783306e-02,1.480689e-03,4.631797e-06,1.314282e-01,2.191786e-03,8.052256e-06,7.707845e-02,9.218583e-04,2.720290e-06,1,96,N,N
8.156717e-02,8.271327e-04,1.427204e-06,9.708876e-02,1.367790e-03,4.000484e-06,1.261439e-01,2.148186e-03,8.695729e-06,8.454268e-02,1.312398e-03,4.660662e-06,3,82,N,N
6.591366e-02,6.681810e-04,1.484477e-06,9.761139e-02,1.720169e-03,5.606953e-06,1.330299e-01,2.165571e-03,8.628583e-06,8.671423e-02,1.289061e-03,4.170055e-06,3,50,N,N
8.426966e-02,8.378499e-04,1.242546e-06,1.117691e-01,1.570832e-03,4.739023e-06,1.562333e-01,2.269429e-03,8.488096e-06,9.034426e-02,1.261115e-03,3.953968e-06,3,89,N,N
7.353854e-02,6.719465e-04,1.051304e-06,9.698393e-02,1.386226e-03,4.144486e-06,1.190016e-01,1.886363e-03,7.250954e-06,8.484398e-02,1.325620e-03,4.719479e-06,2,82,N,N
6.962523e-02,7.038867e-04,1.470449e-06,8.728887e-02,1.317247e-03,3.871462e-06,1.282072e-01,2.053760e-03,7.942991e-06,8.087880e-02,1.170346e-03,3.998114e-06,0,55,N,N
7.744128e-02,6.928044e-04,9.494258e-07,7.765288e-02,6.665862e-04,1.313333e-06,1.176568e-01,1.589091e-03,5.161141e-06,7.674295e-02,9.006663e-04,2.601350e-06,0,20,N,N
6.423115e-02,4.825021e-04,4.618546e-07,9.840531e-02,1.530633e-03,5.030673e-06,9.035789e-02,1.406710e-03,4.614854e-06,5.733538e-02,6.624437e-04,2.153445e-06,0,36,N,N
7.710608e-02,7.207378e-04,1.020669e-06,9.228531e-02,1.267315e-03,3.744049e-06,1.074409e-01,1.604249e-03,5.715570e-06,7.176488e-02,9.355057e-04,3.223288e-06,0,56,N,N
7.728234e-02,7.443210e-04,1.227554e-06,8.663996e-02,1.353052e-03,4.143466e-06,1.235698e-01,2.506587e-03,1.077538e-05,6.833414e-02,8.747502e-04,2.884467e-06,1,94,N,N
7.594430e-02,7.386944e-04,9.842352e-07,1.006406e-01,1.647042e-03,5.460432e-06,1.178164e-01,2.178661e-03,8.591369e-06,7.497115e-02,1.026550e-03,3.162327e-06,2,91,N,N
7.042846e-02,6.408114e-04,8.913356e-07,1.103541e-01,1.544495e-03,4.540954e-06,1.380976e-01,2.160227e-03,7.748404e-06,9.972652e-02,1.433751e-03,5.164050e-06,1,70,N,N
6.566358e-02,5.503044e-04,6.857891e-07,9.471033e-02,1.442082e-03,4.574231e-06,1.162078e-01,1.913918e-03,7.189378e-06,7.891918e-02,1.009121e-03,3.128908e-06,0,44,N,N
7.958838e-02,8.830200e-04,1.774412e-06,9.045544e-02,1.546996e-03,4.835715e-06,1.351311e-01,2.840559e-03,1.345490e-05,7.868304e-02,1.122917e-03,4.013808e-06,3,94,N,N
6.752359e-02,5.515700e-04,5.784688e-07,9.800271e-02,1.189325e-03,3.287803e-06,9.213099e-02,8.610157e-04,2.044659e-06,5.467090e-02,4.592531e-04,7.249941e-07,1,79,N,N
7.968510e-02,7.809869e-04,1.171023e-06,9.181954e-02,1.182408e-03,3.365970e-06,1.128738e-01,1.736061e-03,6.414787e-06,7.151038e-02,9.387199e-04,3.184131e-06,3,56,N,N
6.561920e-02,5.585698e-04,7.149186e-07,1.088382e-01,1.533399e-03,4.459762e-06,1.310812e-01,1.993414e-03,6.880626e-06,9.903787e-02,1.407600e-03,4.914521e-06,3,70,N,N
8.222976e-02,7.855604e-04,9.778071e-07,1.070031e-01,1.282139e-03,3.505511e-06,1.319477e-01,2.010576e-03,7.458335e-06,8.370494e-02,1.128018e-03,3.460909e-06,3,88,N,N
8.422538e-02,8.560341e-04,1.260179e-06,1.030458e-01,1.444179e-03,4.313359e-06,1.348416e-01,2.369180e-03,9.467198e-06,7.927081e-02,1.064106e-03,3.566380e-06,3,71,N,N
9.718999e-02,1.060795e-03,1.704830e-06,1.177748e-01,1.419684e-03,3.880407e-06,1.443325e-01,2.300015e-03,8.323292e-06,9.875247e-02,1.305214e-03,4.525720e-06,0,74,N,N
6.101647e-02,5.879772e-04,1.287750e-06,9.144786e-02,1.608409e-03,5.112573e-06,1.242596e-01,1.995613e-03,7.551878e-06,8.318506e-02,1.105418e-03,3.507430e-06,0,17,N,N
7.139096e-02,6.940586e-04,1.099265e-06,9.703241e-02,1.508649e-03,4.602163e-06,1.287007e-01,2.122173e-03,8.577318e-06,7.900463e-02,1.032352e-03,2.855642e-06,1,51,N,N
7.852165e-02,7.642652e-04,1.065787e-06,9.140481e-02,1.493119e-03,4.991791e-06,1.030934e-01,1.926209e-03,7.528891e-06,7.372912e-02,1.089102e-03,3.795261e-06,1,64,N,N
7.884715e-02,7.881075e-04,9.963797e-07,1.061579e-01,1.618471e-03,5.169875e-06,1.184006e-01,1.945578e-03,7.441232e-06,7.271545e-02,9.572738e-04,2.701457e-06,2,77,N,N
5.827738e-02,4.129436e-04,4.863257e-07,7.489852e-02,1.084555e-03,3.052307e-06,7.631043e-02,8.537530e-04,2.278004e-06,5.855002e-02,5.737227e-04,1.286156e-06,1,85,N,N
7.275690e-02,6.707529e-04,9.914776e-07,1.032789e-01,1.915366e-03,6.937963e-06,1.115119e-01,2.079179e-03,8.397532e-06,7.031609e-02,8.922912e-04,3.033713e-06,1,38,N,N
7.473838e-02,7.163499e-04,9.605115e-07,1.020431e-01,1.762777e-03,5.933829e-06,1.131230e-01,2.016019e-03,7.618538e-06,7.682659e-02,1.084222e-03,3.467773e-06,1,91,N,N
9.238146e-02,1.045426e-03,1.737730e-06,1.032170e-01,1.259021e-03,3.404271e-06,1.377664e-01,1.978258e-03,7.008874e-06,8.757027e-02,1.030148e-03,2.616903e-06,3,100,N,N
7.330623e-02,5.891246e-04,8.056657e-07,8.792888e-02,1.190192e-03,3.480548e-06,1.079097e-01,1.747518e-03,6.437517e-06,6.958105e-02,9.306591e-04,3.271278e-06,0,10,N,N
7.875057e-02,6.582604e-04,6.923729e-07,8.824973e-02,1.099250e-03,3.025086e-06,1.130954e-01,1.425523e-03,4.489261e-06,8.360375e-02,1.119542e-03,2.970280e-06,1,99,N,N
8.877545e-02,9.488363e-04,1.645164e-06,1.117097e-01,1.596901e-03,5.000670e-06,1.379758e-01,2.423770e-03,9.914582e-06,8.177500e-02,1.089730e-03,3.569125e-06,1,83,N,N
7.692462e-02,7.045979e-04,8.628727e-07,1.106233e-01,1.470652e-03,4.282186e-06,1.344130e-01,2.117013e-03,8.111722e-06,8.142697e-02,1.140523e-03,3.865487e-06,0,28,N,N
5.336518e-02,3.680839e-04,5.395774e-07,9.599777e-02,1.634602e-03,5.100362e-06,1.066331e-01,1.364829e-03,4.154275e-06,7.922507e-02,9.710250e-04,3.026403e-06,3,59,N,N
8.493004e-02,8.756783e-04,1.243046e-06,1.030343e-01,1.265417e-03,3.385232e-06,1.426482e-01,1.940469e-03,6.605227e-06,8.453346e-02,1.012508e-03,2.769401e-06,0,101,N,N
6.354115e-02,7.283783e-04,2.255992e-06,1.071660e-01,2.171682e-03,7.397466e-06,1.017738e-01,1.299899e-03,3.876121e-06,7.375318e-02,8.389528e-04,2.253847e-06,0,2,N,N
7.285858e-02,5.590704e-04,6.014989e-07,8.758812e-02,1.069141e-03,2.912595e-06,1.175928e-01,1.526625e-03,5.028725e-06,7.199165e-02,8.210004e-04,1.918032e-06,2,99,N,N
6.771902e-02,5.027794e-04,5.784970e-07,7.836352e-02,8.175255e-04,1.849752e-06,1.176384e-01,1.686031e-03,5.930282e-06,7.913372e-02,1.068827e-03,3.262981e-06,0,14,N,N
8.983801e-02,8.933350e-04,1.106757e-06,1.073067e-01,1.381825e-03,4.215330e-06,1.259695e-01,2.089974e-03,8.062865e-06,7.525211e-02,9.352015e-04,2.955556e-06,1,84,N,N
7.374669e-02,6.617803e-04,8.751194e-07,9.983515e-02,1.513280e-03,4.716985e-06,1.242404e-01,2.178357e-03,8.746582e-06,7.646018e-02,1.001389e-03,3.225864e-06,3,92,N,N
7.983390e-02,6.953935e-04,9.293086e-07,1.038119e-01,1.075180e-03,2.738776e-06,1.130153e-01,1.438553e-03,4.476659e-06,6.688024e-02,7.307223e-04,2.117705e-06,3,49,N,N
6.192699e-02,5.112443e-04,9.483202e-07,1.046775e-01,1.597800e-03,4.739402e-06,1.395273e-01,1.888549e-03,6.596625e-06,9.044937e-02,1.228632e-03,2.938509e-06,0,40,N,N
7.589845e-02,7.377473e-04,9.285333e-07,1.026732e-01,1.439513e-03,4.337618e-06,1.344006e-01,2.098462e-03,8.152441e-06,7.985815e-02,1.014923e-03,2.850963e-06,2,57,N,N
9.169969e-02,1.012713e-03,2.043730e-06,9.245622e-02,1.047056e-03,2.716847e-06,1.338795e-01,2.041423e-03,7.336240e-06,8.952617e-02,1.186446e-03,3.912009e-06,0,95,N,N
7.246405e-02,6.874637e-04,1.092217e-06,1.121270e-01,1.579005e-03,4.664896e-06,1.317523e-01,1.931676e-03,6.801626e-06,8.527041e-02,1.146644e-03,3.931801e-06,2,60,N,N
5.807793e-02,4.009152e-04,4.558996e-07,9.460049e-02,1.259413e-03,3.765040e-06,8.077293e-02,8.842653e-04,2.259083e-06,5.903494e-02,6.401597e-04,1.591377e-06,2,73,N,N
5.382125e-02,5.347389e-04,1.410396e-06,9.284328e-02,1.474545e-03,4.383535e-06,1.328574e-01,1.935452e-03,6.381561e-06,1.000445e-01,1.419012e-03,4.312038e-06,3,67,N,N
6.577836e-02,5.775275e-04,7.428899e-07,1.021261e-01,1.362155e-03,3.896199e-06,1.153481e-01,1.560052e-03,5.048100e-06,7.976708e-02,9.949146e-04,3.215153e-06,2,70,N,N
7.964693e-02,7.440617e-04,9.406640e-07,9.725131e-02,1.338131e-03,3.960120e-06,1.305674e-01,2.182683e-03,8.709621e-06,7.640651e-02,1.067157e-03,3.561587e-06,3,52,N,N
8.401288e-02,7.852520e-04,1.022086e-06,1.021273e-01,1.281133e-03,3.617939e-06,1.366877e-01,2.151325e-03,8.341209e-06,7.864563e-02,1.086159e-03,3.561051e-06,1,43,N,N
9.580228e-02,1.087868e-03,2.239393e-06,9.694856e-02,1.182137e-03,3.217830e-06,1.268624e-01,1.902247e-03,6.358827e-06,9.206114e-02,1.322272e-03,4.762437e-06,1,95,N,N
1.004684e-01,1.078212e-03,1.793532e-06,1.044778e-01,1.283911e-03,3.595781e-06,1.299068e-01,2.005670e-03,7.401708e-06,8.412871e-02,1.156722e-03,3.682707e-06,0,62,N,N
6.325862e-02,5.081561e-04,6.678343e-07,8.744977e-02,1.490860e-03,4.912670e-06,1.178069e-01,2.147826e-03,9.110274e-06,6.105254e-02,6.380228e-04,1.468591e-06,0,9,N,N
5.833671e-02,4.433949e-04,4.321593e-07,9.076549e-02,1.318691e-03,4.086237e-06,1.000622e-01,1.521613e-03,5.127357e-06,6.207651e-02,6.873383e-04,1.956520e-06,3,87,N,N
8.766132e-02,8.586385e-04,1.286158e-06,1.088546e-01,1.186366e-03,3.068129e-06,1.407823e-01,1.969717e-03,6.842532e-06,8.300576e-02,9.425927e-04,2.674934e-06,3,86,N,N
6.488102e-02,6.934644e-04,1.908742e-06,1.021109e-01,1.926558e-03,6.196077e-06,1.264339e-01,1.922307e-03,7.027069e-06,9.065823e-02,1.313651e-03,4.321232e-06,1,81,N,N
5.831689e-02,3.692935e-04,3.580252e-07,8.096304e-02,1.171610e-03,3.507678e-06,1.001287e-01,1.501682e-03,5.437776e-06,6.014494e-02,6.420822e-04,1.397384e-06,2,66,N,N
6.807456e-02,6.219366e-04,7.842551e-07,9.924130e-02,1.689607e-03,5.851318e-06,1.194664e-01,2.149443e-03,8.805013e-06,8.329494e-02,1.131541e-03,3.615196e-06,0,33,N,N
7.314479e-02,6.816276e-04,9.777422e-07,1.047999e-01,1.737916e-03,5.661713e-06,1.279240e-01,2.392078e-03,9.933851e-06,7.196822e-02,9.477665e-04,3.327032e-06,0,53,N,N
5.302802e-02,3.877763e-04,6.120742e-07,9.500563e-02,1.585823e-03,4.884943e-06,1.039174e-01,1.302971e-03,3.933551e-06,7.745537e-02,9.709594e-04,3.090424e-06,2,59,N,N
7.426636e-02,6.821810e-04,8.638798e-07,1.016303e-01,1.621124e-03,5.302532e-06,1.129125e-01,1.773618e-03,6.391582e-06,8.147903e-02,1.170027e-03,3.797026e-06,0,16,N,N
8.285079e-02,8.127097e-04,1.159948e-06,1.163468e-01,1.402806e-03,3.943016e-06,1.310817e-01,1.932157e-03,6.851762e-06,8.073217e-02,9.797739e-04,3.072367e-06,2,74,N,N
8.693782e-02,9.099927e-04,1.183187e-06,1.070038e-01,1.500274e-03,4.619584e-06,1.279488e-01,2.267093e-03,8.915091e-06,7.604197e-02,9.774130e-04,3.266211e-06,3,102,N,N
7.827730e-02,6.895502e-04,8.271863e-07,9.808195e-02,1.335945e-03,4.025214e-06,1.266639e-01,2.005792e-03,7.530001e-06,7.643263e-02,9.821886e-04,3.312679e-06,1,69,N,N
7.203417e-02,5.300659e-04,5.921518e-07,9.343666e-02,8.160520e-04,1.765476e-06,1.231268e-01,1.515020e-03,4.579676e-06,6.354461e-02,5.768550e-04,1.315556e-06,0,86,N,N
6.803504e-02,5.024932e-04,4.955432e-07,9.042454e-02,9.969425e-04,2.505099e-06,1.263911e-01,1.697266e-03,5.693920e-06,7.448151e-02,8.220766e-04,1.965266e-06,0,104,N,N
7.315221e-02,5.358213e-04,5.037340e-07,9.980861e-02,1.169269e-03,3.352311e-06,1.130179e-01,1.846323e-03,6.748454e-06,6.708135e-02,8.195730e-04,2.784748e-06,0,12,N,N
5.688466e-02,5.167319e-04,1.079896e-06,9.913677e-02,1.790861e-03,5.667073e-06,1.260423e-01,1.975398e-03,7.599091e-06,8.329337e-02,1.095782e-03,3.001489e-06,0,54,N,N
9.386627e-02,1.014155e-03,1.623843e-06,1.197793e-01,1.474483e-03,4.265520e-06,1.353744e-01,2.109662e-03,7.601740e-06,8.956588e-02,1.129052e-03,3.639377e-06,1,74,N,N
8.007298e-02,7.470756e-04,1.107964e-06,1.079862e-01,1.518199e-03,4.753817e-06,1.223820e-01,1.941836e-03,7.325854e-06,7.798726e-02,1.040684e-03,3.399936e-06,2,83,N,N
8.166833e-02,8.209668e-04,1.155085e-06,9.977099e-02,1.502814e-03,4.569449e-06,1.238123e-01,2.131528e-03,8.253280e-06,7.852523e-02,1.059782e-03,3.557044e-06,1,92,N,N
8.643507e-02,9.279949e-04,1.371674e-06,9.968538e-02,1.189621e-03,3.092655e-06,1.395417e-01,1.948518e-03,6.722793e-06,8.936217e-02,1.160028e-03,3.504069e-06,3,101,N,N
6.954061e-02,5.957825e-04,7.917417e-07,8.724732e-02,1.139473e-03,3.354588e-06,1.013051e-01,1.460778e-03,5.060955e-06,6.345221e-02,7.432962e-04,2.323603e-06,1,56,N,N
6.797276e-02,4.699002e-04,4.292493e-07,9.272978e-02,1.195365e-03,3.288039e-06,1.173966e-01,1.731161e-03,6.091882e-06,7.103171e-02,8.157806e-04,2.369979e-06,0,25,N,N
8.287655e-02,8.331496e-04,1.206889e-06,1.018054e-01,1.395937e-03,4.078912e-06,1.270232e-01,2.117362e-03,8.001537e-06,7.653875e-02,1.021846e-03,3.294086e-06,2,71,N,N
7.044686e-02,6.186873e-04,8.909712e-07,9.288723e-02,1.578487e-03,5.556745e-06,1.071348e-01,1.915856e-03,7.787202e-06,7.045740e-02,9.041083e-04,2.883536e-06,1,75,N,N
8.634968e-02,9.064128e-04,1.320940e-06,1.033342e-01,1.282336e-03,3.449910e-06,1.440905e-01,2.016724e-03,6.945172e-06,8.757394e-02,1.070177e-03,3.050876e-06,1,101,N,N
7.612910e-02,6.754655e-04,8.079276e-07,1.018284e-01,1.376471e-03,4.011993e-06,1.293328e-01,1.700872e-03,5.692364e-06,8.014537e-02,1.030679e-03,2.916071e-06,0,23,N,N
8.162961e-02,7.918213e-04,1.213672e-06,1.014602e-01,1.633031e-03,5.262552e-06,1.400354e-01,2.665655e-03,1.193109e-05,8.284674e-02,1.068901e-03,2.833226e-06,0,37,N,N
7.131881e-02,6.446608e-04,8.743570e-07,8.974656e-02,1.403606e-03,4.332298e-06,1.005059e-01,1.386864e-03,4.461358e-06,7.184951e-02,8.322972e-04,2.187707e-06,0,85,N,N
8.274229e-02,8.916818e-04,1.392287e-06,9.316247e-02,1.332148e-03,3.922517e-06,1.304105e-01,2.132753e-03,7.933048e-06,7.481723e-02,8.588001e-04,2.423804e-06,0,96,N,N
5.906936e-02,4.498325e-04,5.431974e-07,8.451202e-02,1.218606e-03,3.741534e-06,1.061777e-01,1.932118e-03,7.615563e-06,6.780522e-02,8.905892e-04,3.095559e-06,0,78,N,N
7.976917e-02,7.597254e-04,1.134405e-06,9.597505e-02,1.373773e-03,4.266836e-06,1.099022e-01,1.635009e-03,5.735835e-06,7.265514e-02,9.750591e-04,3.381643e-06,2,56,N,N
8.848175e-02,9.023810e-04,1.244729e-06,1.052438e-01,1.475775e-03,4.572370e-06,1.255853e-01,1.986846e-03,7.332361e-06,8.346021e-02,1.165179e-03,4.304858e-06,0,69,N,N
6.261097e-02,4.804910e-04,5.556066e-07,9.271442e-02,1.135481e-03,3.119041e-06,1.273882e-01,2.026454e-03,7.935667e-06,7.838329e-02,9.954168e-04,2.810598e-06,3,57,N,N
7.885345e-02,7.843518e-04,9.921377e-07,1.064552e-01,1.575264e-03,5.028667e-06,1.292809e-01,1.974964e-03,7.471439e-06,8.164047e-02,1.063110e-03,2.985139e-06,1,57,N,N
8.948283e-02,9.328917e-04,1.417586e-06,1.128787e-01,1.541093e-03,4.626100e-06,1.543982e-01,2.236910e-03,8.297676e-06,8.870973e-02,1.189830e-03,3.536302e-06,2,89,N,N
7.542822e-02,7.439499e-04,1.280184e-06,8.910658e-02,1.472374e-03,4.643905e-06,1.316762e-01,2.719266e-03,1.261246e-05,7.321364e-02,9.754124e-04,3.180891e-06,0,94,N,N
6.282744e-02,4.586461e-04,4.392932e-07,9.681329e-02,1.124708e-03,2.935377e-06,1.059097e-01,1.080442e-03,2.842333e-06,6.499017e-02,6.678496e-04,1.275458e-06,0,79,N,N
6.162367e-02,4.561058e-04,5.815850e-07,1.025569e-01,1.671882e-03,5.699035e-06,1.215057e-01,1.863882e-03,6.542177e-06,8.389063e-02,1.133089e-03,3.512722e-06,0,21,N,N
8.004048e-02,8.019145e-04,1.323669e-06,9.747397e-02,1.369667e-03,4.035986e-06,1.289868e-01,2.170880e-03,8.794531e-06,8.543834e-02,1.355665e-03,4.769523e-06,0,82,N,N
8.067550e-02,7.690904e-04,1.116222e-06,1.095448e-01,1.586444e-03,4.939817e-06,1.296881e-01,2.087875e-03,8.111370e-06,8.090882e-02,1.053488e-03,3.377017e-06,0,83,N,N
7.274803e-02,7.053257e-04,1.103722e-06,9.931303e-02,1.507501e-03,4.558275e-06,1.322672e-01,2.298868e-03,9.561122e-06,7.292408e-02,9.598504e-04,3.375060e-06,1,48,N,N
9.187037e-02,9.645954e-04,1.205831e-06,1.073838e-01,1.544252e-03,4.965702e-06,1.201648e-01,1.891587e-03,7.035896e-06,7.877828e-02,1.040715e-03,3.551410e-06,3,84,N,N
7.617863e-02,6.683880e-04,8.051696e-07,1.110633e-01,1.467611e-03,4.233078e-06,1.439850e-01,2.226528e-03,8.339779e-06,8.947193e-02,1.135906e-03,3.668260e-06,0,60,N,N
7.175511e-02,6.206889e-04,7.362234e-07,1.092034e-01,1.436326e-03,4.166478e-06,1.304348e-01,1.864388e-03,6.602437e-06,7.546250e-02,9.094423e-04,2.695871e-06,3,60,N,N
6.851598e-02,5.738226e-04,9.837237e-07,7.996319e-02,8.380824e-04,1.959954e-06,1.111485e-01,1.601578e-03,5.173226e-06,7.601145e-02,9.352921e-04,2.800382e-06,0,13,N,N
6.283256e-02,4.933433e-04,5.985377e-07,8.552873e-02,1.085076e-03,3.085253e-06,7.307573e-02,8.051048e-04,1.965588e-06,5.595704e-02,5.830131e-04,1.525505e-06,0,30,N,N
6.764218e-02,7.013211e-04,1.729860e-06,9.930825e-02,1.788326e-03,5.687610e-06,1.262725e-01,1.950028e-03,7.241768e-06,8.867162e-02,1.261259e-03,3.933753e-06,3,81,N,N
6.254879e-02,3.639244e-04,3.591140e-07,8.075235e-02,7.879982e-04,1.832675e-06,1.111212e-01,1.718933e-03,6.302915e-06,6.074522e-02,6.466047e-04,1.855560e-06,3,63,N,N
6.569260e-02,5.195841e-04,6.076873e-07,7.288503e-02,9.571057e-04,2.692019e-06,9.041157e-02,1.550777e-03,5.663014e-06,5.868480e-02,7.024528e-04,2.073055e-06,2,64,N,N
7.315279e-02,5.994867e-04,6.853976e-07,9.500669e-02,1.285952e-03,3.747087e-06,1.297274e-01,2.087531e-03,8.027892e-06,7.744838e-02,1.013979e-03,3.481432e-06,2,69,N,N
8.738071e-02,8.010917e-04,9.888637e-07,1.071877e-01,1.358985e-03,4.119626e-06,1.275036e-01,2.315115e-03,9.359683e-06,7.152196e-02,8.958081e-04,3.090432e-06,2,12,N,N
7.385353e-02,6.423372e-04,9.353549e-07,8.514561e-02,1.183785e-03,3.370483e-06,1.090823e-01,1.745914e-03,6.414701e-06,7.451644e-02,1.021816e-03,3.481536e-06,1,10,N,N
8.490104e-02,8.145714e-04,1.060059e-06,1.125959e-01,1.575692e-03,4.857416e-06,1.405440e-01,2.174392e-03,8.448464e-06,8.336111e-02,1.222745e-03,4.195608e-06,0,43,N,N
5.622082e-02,5.650198e-04,1.454132e-06,9.571119e-02,1.584822e-03,4.898867e-06,1.273358e-01,1.759502e-03,5.682875e-06,9.558859e-02,1.332611e-03,3.973856e-06,0,67,N,N
7.590999e-02,7.234849e-04,1.048457e-06,1.011565e-01,1.602914e-03,5.081756e-06,1.295340e-01,2.436090e-03,1.024843e-05,6.765714e-02,8.656888e-04,3.000953e-06,2,53,N,N
8.019916e-02,7.615301e-04,1.303092e-06,9.506628e-02,1.381089e-03,4.275564e-06,1.150703e-01,1.899868e-03,7.226239e-06,7.959917e-02,1.027869e-03,3.213370e-06,3,65,N,N
5.945935e-02,5.324971e-04,1.134023e-06,1.009661e-01,1.417159e-03,3.975190e-06,1.407977e-01,1.917984e-03,6.552236e-06,9.182343e-02,1.311907e-03,3.849542e-06,3,76,N,N
7.954985e-02,7.476273e-04,8.712039e-07,9.756638e-02,1.233084e-03,3.476938e-06,1.296554e-01,2.355914e-03,9.663730e-06,7.432870e-02,9.481369e-04,3.147365e-06,1,102,N,N
6.983754e-02,5.779972e-04,7.753306e-07,9.803580e-02,1.324613e-03,3.966007e-06,1.006069e-01,1.332872e-03,4.032344e-06,7.283672e-02,9.506984e-04,2.868921e-06,0,73,N,N
