8.746229e+07,1.548838e+15,1.106955e+09,7.200622e+07,-1.546470e+16,-2.512001e+15,-1.550340e+16,7.039370e+07,3.198237e+15,1.079445e+09,1.079181e+08,-3.642583e+16,-6.062531e+15,-3.072437e+16,3.103919e+07,3.411712e+14,4.299396e+07,7.579604e+05,-2.098291e+12,-3.030094e+12,3.812603e+12,2,76
3.563345e+07,3.486425e+14,3.105010e+08,2.705522e+07,-1.756822e+15,-4.225251e+14,-1.744943e+15,2.978916e+07,6.052990e+14,4.810484e+08,4.520918e+07,-6.563556e+15,-1.102908e+15,-5.331903e+15,1.112033e+07,3.827408e+13,1.341028e+07,7.916824e+04,-6.708558e+10,4.641596e+11,3.769414e+10,1,41
4.556979e+07,5.821633e+14,4.006762e+08,3.069933e+07,-1.462637e+15,-4.930994e+14,-1.259751e+15,3.783174e+07,1.022701e+15,8.313049e+08,1.028888e+08,-2.937283e+16,-3.243926e+15,-2.297785e+16,1.371132e+07,6.156951e+13,1.546717e+07,7.213394e+05,-2.172246e+12,-5.057109e+12,1.138714e+12,0,46
3.691589e+07,3.829199e+14,3.306398e+08,2.286108e+07,-1.851647e+15,-4.274268e+14,-1.914519e+15,3.093443e+07,6.535805e+14,6.964215e+08,8.210387e+07,-1.874767e+16,-2.035430e+15,-1.836130e+16,1.136669e+07,3.712947e+13,1.673276e+07,2.469715e+05,-5.415057e+10,-1.454845e+12,3.855946e+11,2,96
3.674452e+07,2.465339e+14,3.275645e+08,2.198242e+07,-8.609458e+14,-2.306125e+14,-7.550496e+14,3.016174e+07,5.005461e+14,5.812108e+08,5.742517e+07,-1.041538e+16,-1.275756e+15,-7.749547e+15,1.447556e+07,4.871394e+13,2.402046e+07,7.343985e+03,2.893090e+09,5.121001e+10,-1.269368e+09,0,58
4.117435e+07,4.152876e+14,5.602410e+08,4.075290e+07,-4.296570e+15,-6.593459e+14,-4.211312e+15,3.354005e+07,7.842359e+14,6.403525e+08,7.417332e+07,-1.485448e+16,-1.977171e+15,-1.202953e+16,1.319733e+07,5.830550e+13,1.487606e+07,2.231194e+05,4.064747e+11,1.702403e+12,3.908374e+10,1,103
3.912321e+07,2.547724e+14,2.969676e+08,1.539150e+07,-7.984465e+14,-2.110329e+14,-7.976596e+14,3.120314e+07,5.713559e+14,6.294840e+08,6.872742e+07,-1.405177e+16,-1.625912e+15,-1.237171e+16,1.524237e+07,6.282156e+13,2.763922e+07,4.309994e+04,1.316984e+10,2.172433e+11,-4.168277e+10,2,55
3.741242e+07,3.793924e+14,3.971460e+08,3.049691e+07,-3.224173e+15,-5.773665e+14,-3.283139e+15,3.137997e+07,6.524140e+14,6.440910e+08,6.623469e+07,-1.366245e+16,-1.690541e+15,-1.254761e+16,1.191171e+07,3.744902e+13,1.743966e+07,4.319540e+04,-1.396357e+10,1.863923e+11,-2.128960e+10,2,84
3.407836e+07,3.602078e+14,4.095855e+08,3.703750e+07,-4.394780e+15,-6.862966e+14,-4.552755e+15,2.882541e+07,5.873469e+14,5.512612e+08,5.937708e+07,-1.014476e+16,-1.393988e+15,-9.911496e+15,9.846264e+06,2.840286e+13,8.357892e+06,6.580659e+04,-2.059278e+10,2.556529e+11,-2.666884e+10,0,29
3.481725e+07,2.461588e+14,3.767649e+08,2.272451e+07,-1.988110e+15,-3.492090e+14,-1.912849e+15,2.842142e+07,4.896342e+14,5.536176e+08,5.511345e+07,-9.574853e+15,-1.216248e+15,-1.052038e+16,1.274246e+07,4.280399e+13,2.262968e+07,4.761385e+04,-3.049865e+10,-9.241059e+09,3.600677e+10,0,52
5.144245e+07,3.237137e+14,3.662270e+08,9.848858e+06,-5.746759e+14,-1.759890e+14,-5.594956e+14,3.919041e+07,9.192934e+14,7.806015e+08,9.949810e+07,-2.726015e+16,-2.981971e+15,-2.971165e+16,2.122691e+07,1.723750e+14,3.842088e+07,1.692075e+06,1.283621e+13,2.068196e+13,-1.600597e+11,2,80
3.774802e+07,2.711965e+14,1.973338e+08,1.092087e+07,-3.267772e+14,-1.432475e+14,-3.229328e+14,3.094901e+07,5.420329e+14,7.080452e+08,9.264096e+07,-2.370441e+16,-2.155316e+15,-2.139399e+16,1.449473e+07,5.376345e+13,2.546104e+07,5.553427e+05,1.283921e+12,-2.822349e+12,1.735413e+12,2,65
4.131955e+07,2.602107e+14,2.820768e+08,1.328541e+07,-7.382329e+14,-2.026556e+14,-7.507587e+14,3.269046e+07,6.134427e+14,6.515176e+08,7.294513e+07,-1.543447e+16,-1.772260e+15,-1.531516e+16,1.656243e+07,7.487041e+13,2.843701e+07,8.408239e+04,-4.624224e+10,2.066573e+11,-1.039682e+11,3,55
4.475119e+07,4.811504e+14,3.805728e+08,1.928624e+07,-1.451617e+15,-3.991599e+14,-1.420180e+15,3.608388e+07,9.452955e+14,5.507708e+08,5.566656e+07,-9.555987e+15,-1.694117e+15,-1.089632e+16,1.414889e+07,7.514640e+13,2.326047e+07,3.553706e+05,6.041753e+11,2.561328e+12,7.068694e+11,3,68
5.090931e+07,5.420912e+14,3.666373e+08,2.417699e+07,-1.534554e+15,-4.644498e+14,-1.534997e+15,4.108768e+07,1.099759e+15,9.094330e+08,1.202951e+08,-3.641835e+16,-3.762407e+15,-3.715070e+16,1.783234e+07,1.163117e+14,1.917422e+07,1.116208e+06,-3.496534e+12,-1.203289e+13,3.594494e+12,0,47
3.613044e+07,4.579447e+14,3.633249e+08,3.247044e+07,-3.396576e+15,-6.807852e+14,-3.401267e+15,3.141889e+07,6.816641e+14,4.374794e+08,4.091771e+07,-5.436673e+15,-1.064033e+15,-5.243745e+15,1.002294e+07,3.295475e+13,9.462776e+06,4.443323e+04,-2.762584e+10,2.546226e+11,7.403821e+09,0,15
4.715775e+07,4.564601e+14,6.084868e+08,3.472886e+07,-5.039123e+15,-7.380647e+14,-5.096270e+15,3.761770e+07,9.556041e+14,4.584193e+08,3.775771e+07,-4.810660e+15,-1.144273e+15,-4.986116e+15,1.628390e+07,1.070285e+14,2.581633e+07,1.357250e+06,-7.947335e+12,-1.017660e+13,1.296859e+12,1,76
3.136695e+07,1.658346e+14,2.423243e+08,9.921544e+06,-3.015224e+14,-1.012938e+14,-3.012656e+14,2.573620e+07,3.420837e+14,5.616186e+08,5.168333e+07,-8.414350e+15,-9.293185e+14,-8.157769e+15,1.287578e+07,3.181344e+13,4.225997e+07,6.634705e+05,-3.046233e+11,-3.741426e+12,-3.610597e+12,3,91
4.520962e+07,4.396607e+14,5.827698e+08,3.343182e+07,-4.072619e+15,-6.680948e+14,-4.084185e+15,3.639238e+07,8.926596e+14,4.061994e+08,3.176833e+07,-3.608170e+15,-9.490768e+14,-3.109798e+15,1.543848e+07,9.652224e+13,2.457763e+07,1.417956e+06,-8.067165e+12,-9.724780e+12,2.457426e+12,0,76
3.835838e+07,3.353673e+14,3.932492e+08,2.540221e+07,-2.486769e+15,-4.590200e+14,-2.503847e+15,3.140370e+07,6.483427e+14,6.744101e+08,7.658130e+07,-1.519098e+16,-1.793473e+15,-1.731291e+16,1.309507e+07,4.997521e+13,1.905560e+07,2.022810e+04,2.493305e+09,6.465166e+10,-1.219836e+10,1,62
2.357968e+07,9.803751e+13,1.291989e+08,8.474896e+06,-2.536909e+14,-8.014315e+13,-2.584621e+14,2.045777e+07,1.718644e+14,4.331844e+08,2.902803e+07,-3.143649e+15,-3.723549e+14,-2.798116e+15,1.055823e+07,1.454447e+13,3.796527e+07,2.143166e+06,7.685572e+12,5.236319e+12,1.099445e+13,0,75
4.138702e+07,2.894347e+14,4.015252e+08,2.350000e+07,-9.938500e+14,-2.733711e+14,-8.748771e+14,3.274110e+07,6.713394e+14,6.411717e+08,7.008740e+07,-1.483882e+16,-1.814890e+15,-1.102107e+16,1.572940e+07,7.482900e+13,2.635404e+07,2.412311e+05,5.162143e+11,1.917905e+12,-3.220823e+11,1,55
3.635779e+07,3.764240e+14,3.378066e+08,2.683227e+07,-2.416998e+15,-5.055221e+14,-2.431661e+15,3.058394e+07,6.337744e+14,6.890528e+08,7.944969e+07,-1.839209e+16,-1.985676e+15,-1.801129e+16,1.118450e+07,3.396624e+13,1.549818e+07,3.350501e+05,7.295209e+11,-7.703696e+11,1.466266e+10,3,96
3.641188e+07,2.961252e+14,3.768541e+08,2.976905e+07,-8.116942e+14,-3.164687e+14,-5.049173e+14,2.982855e+07,5.993143e+14,4.762960e+08,4.245188e+07,-6.035764e+15,-1.039260e+15,-3.405000e+15,1.263820e+07,4.742004e+13,2.123190e+07,8.296657e+03,-1.392434e+09,5.395770e+09,2.610078e+09,0,57
3.766111e+07,2.609360e+14,3.524917e+08,1.735423e+07,-8.028517e+14,-2.106132e+14,-7.809654e+14,3.001640e+07,5.661953e+14,6.578209e+08,8.064415e+07,-1.820321e+16,-1.896816e+15,-1.599076e+16,1.389065e+07,6.053941e+13,2.100082e+07,6.928676e+05,2.438346e+12,5.180611e+12,-4.489679e+11,1,82
2.681586e+07,2.103191e+14,2.515486e+08,1.823765e+07,-1.186913e+15,-2.592701e+14,-1.188764e+15,2.343609e+07,3.199280e+14,4.473474e+08,2.930586e+07,-3.285439e+15,-5.171602e+14,-3.265304e+15,8.934484e+06,1.679094e+13,2.568279e+07,1.356437e+06,7.772716e+12,-5.783112e+10,-5.947041e+11,0,39
2.635589e+07,1.394012e+14,2.616090e+08,1.206742e+07,-6.764677e+14,-1.421296e+14,-6.998226e+14,2.246661e+07,2.467452e+14,3.710101e+08,1.321397e+07,-8.584151e+14,-1.993271e+14,-8.786880e+14,1.065980e+07,2.670878e+13,4.364450e+07,5.564766e+06,4.265329e+13,-1.742278e+13,-6.348159e+13,1,66
3.541110e+07,3.591304e+14,3.804570e+08,2.974981e+07,-3.159034e+15,-5.636343e+14,-3.111112e+15,2.996921e+07,5.952800e+14,5.372539e+08,5.369461e+07,-9.071579e+15,-1.306522e+15,-9.332828e+15,1.101903e+07,3.348859e+13,1.143956e+07,1.304903e+04,4.953894e+09,-3.458052e+10,-1.546324e+09,0,63
3.739931e+07,2.429549e+14,3.129815e+08,1.502365e+07,-4.663172e+14,-1.528465e+14,-4.385648e+14,2.968936e+07,5.454376e+14,6.074575e+08,6.579170e+07,-1.311989e+16,-1.535208e+15,-1.086210e+16,1.416591e+07,6.072559e+13,3.106323e+07,3.581234e+05,-3.125510e+11,1.016262e+12,1.253964e+12,0,81
5.194591e+07,5.962873e+14,6.466148e+08,4.256512e+07,-6.693872e+15,-9.951571e+14,-6.036962e+15,4.173395e+07,1.200058e+15,8.611525e+08,1.028393e+08,-3.046280e+16,-3.549215e+15,-3.257956e+16,1.732540e+07,1.390233e+14,9.725843e+06,1.418555e+06,5.269023e+12,1.665995e+13,4.482905e+12,1,98
5.413866e+07,6.245129e+14,3.547995e+08,2.760881e+07,-2.451856e+15,-6.365333e+14,-2.517606e+15,4.366917e+07,1.264835e+15,8.211670e+08,1.125736e+08,-3.002995e+16,-3.691166e+15,-3.157757e+16,1.870717e+07,1.461110e+14,1.047520e+07,9.017410e+05,-1.382507e+11,-9.571333e+12,2.732842e+12,2,79
3.558830e+07,2.970113e+14,3.367574e+08,2.920236e+07,-2.665616e+15,-4.865130e+14,-2.447627e+15,2.995271e+07,5.306995e+14,5.230601e+08,5.296799e+07,-8.643692e+15,-1.206568e+15,-1.013458e+16,1.273721e+07,3.907920e+13,1.374975e+07,1.870791e+05,-5.010879e+10,4.607187e+11,-1.658670e+11,3,48
5.052261e+07,8.950798e+14,5.871325e+08,5.134303e+07,-8.833167e+15,-1.529709e+15,-8.448632e+15,4.247082e+07,1.447426e+15,6.575445e+08,7.588836e+07,-1.687833e+16,-2.879834e+15,-1.834499e+16,1.256144e+07,6.524931e+13,5.286684e+06,2.936148e+05,-3.653465e+11,-1.492048e+12,6.668887e+10,2,86
4.564673e+07,5.494916e+14,3.837203e+08,3.860310e+07,5.873838e+14,-2.503646e+14,1.611387e+15,3.746950e+07,1.003287e+15,7.603184e+08,9.818294e+07,-2.172771e+16,-2.737526e+15,-1.346129e+16,1.404990e+07,8.328608e+13,1.278331e+07,4.040404e+05,-7.674761e+11,-3.635753e+12,5.138804e+11,0,27
4.719742e+07,4.895718e+14,4.567435e+08,3.986902e+07,-2.662357e+15,-6.099743e+14,-2.482407e+15,3.784435e+07,9.897628e+14,6.388439e+08,7.422658e+07,-1.424778e+16,-2.170454e+15,-1.142025e+16,1.575495e+07,8.757572e+13,1.269967e+07,1.416583e+05,-1.466009e+11,-1.226993e+12,1.107421e+11,3,79
3.888900e+07,4.271646e+14,3.987927e+08,2.846269e+07,-3.029197e+15,-5.873191e+14,-3.104210e+15,3.222124e+07,7.473739e+14,5.599393e+08,5.662086e+07,-9.967660e+15,-1.538385e+15,-1.004461e+16,1.155398e+07,4.543347e+13,1.414484e+07,2.239239e+04,-1.223818e+10,-5.510310e+10,4.213784e+09,0,26
3.529672e+07,2.483958e+14,4.204083e+08,1.953460e+07,-1.753800e+15,-3.062133e+14,-1.785935e+15,2.850643e+07,5.159400e+14,3.916216e+08,3.012863e+07,-2.807448e+15,-6.279997e+14,-2.632062e+15,1.275032e+07,5.332154e+13,2.821376e+07,1.651540e+06,-1.127355e+13,-9.388950e+12,1.329627e+11,1,61
4.905083e+07,5.000959e+14,3.868522e+08,2.286466e+07,-2.082457e+15,-5.012403e+14,-2.087285e+15,3.941307e+07,1.027102e+15,8.491915e+08,1.086242e+08,-3.173956e+16,-3.399604e+15,-3.334508e+16,1.705949e+07,1.077243e+14,1.859771e+07,8.469715e+05,-3.264366e+12,-7.985359e+12,1.025462e+12,1,47
3.317778e+07,1.535377e+14,1.758014e+08,1.010015e+07,-4.096191e+14,-1.231646e+14,-4.051759e+14,2.825489e+07,2.999573e+14,6.261812e+08,9.955723e+07,-2.484773e+16,-1.724259e+15,-2.459023e+16,1.586401e+07,3.612959e+13,3.989862e+07,3.180753e+06,3.579576e+13,6.797071e+11,2.879690e+12,1,97
3.879882e+07,3.740170e+14,3.700324e+08,2.747733e+07,-1.012284e+15,-3.364314e+14,-8.543299e+14,3.188230e+07,6.893170e+14,7.146045e+08,8.706425e+07,-1.969013e+16,-2.153726e+15,-1.628887e+16,1.255200e+07,5.117832e+13,1.546961e+07,1.393899e+05,-5.193813e+10,1.530874e+11,-2.191441e+11,0,0
3.996474e+07,4.638298e+14,4.422923e+08,3.637227e+07,-4.289283e+15,-7.577988e+14,-3.984321e+15,3.334563e+07,8.084900e+14,5.418560e+08,5.489681e+07,-9.132344e+15,-1.530378e+15,-1.099484e+16,1.181771e+07,4.548894e+13,1.048501e+07,8.286336e+03,2.422911e+09,-2.689461e+10,-5.354160e+08,2,104
2.299908e+07,8.891213e+13,1.202900e+08,8.261262e+06,-2.190432e+14,-7.142299e+13,-2.223245e+14,1.975559e+07,1.606774e+14,4.062444e+08,3.018672e+07,-3.318391e+15,-3.806056e+14,-3.050775e+15,1.032660e+07,1.410988e+13,3.332500e+07,1.603104e+06,6.835896e+11,4.509440e+12,8.046757e+12,3,75
3.449895e+07,2.282245e+14,3.109371e+08,1.841606e+07,-1.388705e+15,-2.772976e+14,-1.319697e+15,2.788192e+07,4.762164e+14,5.249146e+08,4.972326e+07,-7.853803e+15,-1.068833e+15,-8.693299e+15,1.277494e+07,4.423320e+13,2.430641e+07,2.049206e+05,1.918843e+11,-1.282240e+12,-3.979252e+11,2,51
3.426890e+07,3.003391e+14,3.366113e+08,2.440217e+07,-2.172201e+15,-4.206242e+14,-2.193759e+15,2.861512e+07,5.281867e+14,5.674016e+08,6.356624e+07,-1.203471e+16,-1.458056e+15,-1.207294e+16,1.128725e+07,3.251472e+13,1.270522e+07,1.345307e+05,-1.063135e+11,-7.143787e+11,1.114860e+11,3,90
3.495199e+07,2.074860e+14,2.898623e+08,1.179379e+07,-6.893386e+14,-1.697586e+14,-7.009560e+14,2.800017e+07,4.645669e+14,5.895799e+08,6.731814e+07,-1.189998e+16,-1.345119e+15,-1.385692e+16,1.360982e+07,5.398526e+13,2.709142e+07,4.575375e+05,2.111471e+11,2.313873e+12,1.965365e+12,3,77
3.770491e+07,3.811663e+14,3.752668e+08,2.836194e+07,-2.680527e+15,-5.204586e+14,-2.543436e+15,3.165963e+07,6.536587e+14,5.733647e+08,5.587092e+07,-9.941165e+15,-1.424078e+15,-1.051639e+16,1.216050e+07,4.150645e+13,1.605631e+07,3.832456e+04,2.769576e+10,-1.812392e+10,3.128217e+09,0,31
3.497155e+07,2.865560e+14,2.764675e+08,2.009164e+07,-1.176238e+15,-2.991696e+14,-1.181393e+15,2.906586e+07,5.269647e+14,5.865590e+08,6.440042e+07,-1.023991e+16,-1.306285e+15,-1.097103e+16,1.214717e+07,3.508781e+13,1.916119e+07,8.373930e+04,-7.564612e+10,3.968864e+11,7.367895e+10,1,5
4.774109e+07,4.349103e+14,3.840448e+08,1.621681e+07,-1.200931e+15,-3.195775e+14,-1.229772e+15,3.811288e+07,9.262172e+14,7.883656e+08,9.473409e+07,-2.568800e+16,-2.863450e+15,-2.475574e+16,1.730971e+07,1.081656e+14,3.129749e+07,4.850697e+05,1.680347e+12,4.163437e+12,-6.771262e+11,3,99
3.199143e+07,2.524555e+14,1.618932e+08,1.134197e+07,-4.210892e+14,-1.670854e+14,-4.272407e+14,2.679711e+07,4.506676e+14,5.129442e+08,5.015778e+07,-7.854977e+15,-1.048707e+15,-6.881851e+15,1.090881e+07,2.706759e+13,2.183594e+07,3.144982e+05,-6.636869e+11,1.573615e+12,-1.758508e+11,0,42
5.818107e+07,5.939442e+14,5.645413e+08,4.181468e+07,-3.622131e+15,-7.655167e+14,-3.365186e+15,4.543409e+07,1.382451e+15,9.042180e+08,1.122325e+08,-3.389856e+16,-4.041531e+15,-2.711212e+16,2.106359e+07,1.721767e+14,1.745696e+07,4.241801e+05,-9.796626e+11,-1.986945e+12,-6.744012e+11,0,70
4.642668e+07,2.845561e+14,3.997355e+08,1.443154e+07,-4.047085e+14,-1.468975e+14,-3.712234e+14,3.539469e+07,7.742225e+14,7.091479e+08,8.723355e+07,-1.995566e+16,-2.312619e+15,-1.849381e+16,1.860234e+07,1.333693e+14,3.630925e+07,1.655054e+06,1.241431e+13,1.905992e+13,8.594467e+12,1,80
3.179221e+07,2.904812e+14,2.817998e+08,2.277932e+07,-8.279688e+14,-2.735157e+14,-7.488464e+14,2.732153e+07,4.647123e+14,7.119677e+08,8.238787e+07,-1.960265e+16,-1.753965e+15,-1.596948e+16,1.027808e+07,2.073109e+13,1.913573e+07,2.172589e+05,4.277733e+11,-8.653669e+10,-1.417726e+11,1,34
3.263404e+07,2.248782e+14,1.893304e+08,1.602699e+07,-8.651174e+14,-2.391998e+14,-8.070866e+14,2.745646e+07,4.082215e+14,5.758911e+08,6.619213e+07,-1.279665e+16,-1.328293e+15,-1.401953e+16,1.249976e+07,2.706350e+13,2.156642e+07,1.179455e+06,3.206780e+12,1.496792e+12,-3.784909e+12,3,93
3.809393e+07,2.775114e+14,2.094713e+08,1.256418e+07,-6.293887e+14,-2.050798e+14,-6.055367e+14,3.119478e+07,5.545410e+14,6.500444e+08,8.509890e+07,-1.999522e+16,-2.002719e+15,-2.048008e+16,1.454688e+07,5.127328e+13,2.529015e+07,1.292373e+06,4.878476e+12,-5.793838e+12,3.357831e+12,0,93
3.902689e+07,3.568488e+14,3.700827e+08,2.364647e+07,-1.374976e+15,-3.620604e+14,-1.359014e+15,3.193659e+07,6.756569e+14,7.050078e+08,8.521085e+07,-1.883898e+16,-2.082108e+15,-1.802953e+16,1.304622e+07,5.251592e+13,2.233723e+07,1.104987e+05,-1.589676e+11,-3.507489e+11,-7.069085e+10,0,6
4.612412e+07,4.859211e+14,4.564970e+08,3.348122e+07,-2.214244e+15,-5.347637e+14,-2.094143e+15,3.732885e+07,9.548255e+14,8.269125e+08,1.054335e+08,-3.038873e+16,-3.213245e+15,-2.486640e+16,1.530464e+07,8.104494e+13,1.412846e+07,6.521871e+05,-1.966580e+12,-3.556692e+12,-2.643312e+11,0,18
2.946102e+07,1.718058e+14,2.900186e+08,1.763126e+07,-1.246308e+15,-2.279580e+14,-1.269034e+15,2.392744e+07,3.479815e+14,3.621149e+08,2.634153e+07,-2.367813e+15,-4.697991e+14,-2.498243e+15,1.083585e+07,3.516713e+13,2.283816e+07,9.732214e+05,1.924619e+12,-4.929880e+12,-3.640415e+12,0,50
4.343933e+07,5.853733e+14,5.271535e+08,4.522372e+07,-5.437587e+15,-9.624152e+14,-5.449886e+15,3.623720e+07,9.967894e+14,5.258730e+08,5.583839e+07,-9.375432e+15,-1.741787e+15,-6.996382e+15,1.204705e+07,5.445634e+13,7.155822e+06,8.890150e+04,1.988851e+10,4.461636e+11,-4.877907e+10,2,101
4.100280e+07,4.674478e+14,4.542806e+08,2.939493e+07,-3.388791e+15,-6.336402e+14,-3.479605e+15,3.383261e+07,8.291384e+14,5.969380e+08,6.629933e+07,-1.317830e+16,-1.908475e+15,-1.281883e+16,1.221351e+07,5.219061e+13,1.277696e+07,2.794751e+05,3.655286e+11,1.764436e+12,-3.647425e+11,3,74
3.453154e+07,2.081830e+14,2.577662e+08,1.307767e+07,-3.748492e+14,-1.358670e+14,-3.545937e+14,2.779008e+07,4.511784e+14,4.774525e+08,4.013560e+07,-5.464274e+15,-8.458331e+14,-4.539391e+15,1.336599e+07,4.888316e+13,3.347158e+07,6.409530e+05,-3.433938e+11,-4.431324e+12,-2.734203e+12,3,54
4.308552e+07,2.483455e+14,3.421750e+08,1.132005e+07,-5.748595e+14,-1.588024e+14,-5.780232e+14,3.346572e+07,6.499944e+14,6.887230e+08,7.968154e+07,-1.624543e+16,-1.865499e+15,-1.770188e+16,1.772464e+07,1.047683e+14,3.622562e+07,1.385179e+06,2.579704e+12,1.024993e+13,1.259456e+13,1,77
2.567844e+07,1.429676e+14,2.056669e+08,1.173913e+07,-1.950611e+14,-8.738290e+13,-1.355248e+14,2.208237e+07,2.419481e+14,4.676590e+08,3.298285e+07,-3.418708e+15,-4.623005e+14,-2.762663e+15,1.012586e+07,1.686479e+13,3.643480e+07,1.912233e+06,1.214108e+13,-4.224461e+12,-1.026419e+13,0,91
3.387789e+07,2.855864e+14,3.067643e+08,1.979735e+07,-1.532552e+15,-3.328721e+14,-1.588801e+15,2.829850e+07,5.136735e+14,6.419506e+08,7.094029e+07,-1.293380e+16,-1.460736e+15,-1.479757e+16,1.139948e+07,3.122854e+13,1.835486e+07,3.933260e+03,9.646279e+08,-6.813558e+09,3.989643e+08,2,62
3.716770e+07,2.612743e+14,2.895094e+08,1.725789e+07,1.986128e+14,-6.659819e+13,4.336048e+14,2.999744e+07,5.504775e+14,6.651613e+08,7.958049e+07,-1.786576e+16,-1.836573e+15,-1.225406e+16,1.387455e+07,5.584958e+13,2.886502e+07,2.506944e+05,4.932092e+11,1.490676e+12,-4.145918e+11,2,81
3.551769e+07,2.489541e+14,2.984051e+08,1.686017e+07,-1.166518e+15,-2.595944e+14,-1.133915e+15,2.871675e+07,5.145830e+14,5.758898e+08,6.272893e+07,-1.062759e+16,-1.325355e+15,-1.016320e+16,1.296430e+07,4.626754e+13,2.393980e+07,2.880417e+03,-6.444422e+08,-2.703862e+09,4.062787e+08,2,92
3.421337e+07,2.175387e+14,2.953222e+08,1.780290e+07,-1.073464e+15,-2.396539e+14,-1.085326e+15,2.797748e+07,4.406090e+14,5.810614e+08,6.340036e+07,-1.148550e+16,-1.285384e+15,-1.114548e+16,1.322829e+07,3.968693e+13,2.185509e+07,4.653118e+04,-4.471874e+10,-1.951754e+11,1.788569e+10,1,58
3.338206e+07,2.889846e+14,3.001317e+08,2.241047e+07,-1.594390e+15,-3.496252e+14,-1.624780e+15,2.811773e+07,4.962007e+14,5.311023e+08,5.456923e+07,-8.057066e+15,-1.127558e+15,-8.112762e+15,1.112292e+07,3.063968e+13,1.483512e+07,2.064122e+04,-1.923947e+09,8.020307e+10,8.087187e+09,0,90
3.529698e+03,1.242358e+07,9.867657e+04,9.860577e+04,9.726587e+09,3.470018e+08,4.034265e+08,3.702516e+03,1.284092e+07,1.346737e+05,9.765016e+04,1.119414e+10,3.490200e+08,-2.117440e+09,1.793818e+02,3.027328e+04,4.957948e+01,5.128318e+01,2.585259e+03,8.912707e+03,1.753156e+03,3,73
3.725566e+07,2.369312e+14,1.977385e+08,5.771151e+06,-1.171412e+14,-7.063022e+13,-9.890020e+13,3.094719e+07,4.865482e+14,7.251321e+08,1.122486e+08,-2.982011e+16,-2.365537e+15,-3.699637e+16,1.555555e+07,6.656910e+13,3.240815e+07,1.787313e+06,-1.198889e+13,-1.417837e+13,3.161953e+12,1,78
4.178841e+07,4.735910e+14,4.436468e+08,3.911058e+07,-3.738044e+15,-7.110002e+14,-3.092205e+15,3.480793e+07,8.320207e+14,7.121565e+08,8.425031e+07,-2.036877e+16,-2.410586e+15,-2.242660e+16,1.304885e+07,4.874841e+13,1.063477e+07,3.915544e+05,3.117902e+10,-2.689918e+12,5.399088e+11,2,49
6.939896e+07,7.807210e+14,4.909273e+08,2.493090e+07,-2.225273e+15,-6.214128e+14,-2.241469e+15,5.301174e+07,1.965448e+15,9.386047e+08,1.171899e+08,-3.722584e+16,-5.054426e+15,-3.612122e+16,2.507842e+07,2.944752e+14,3.128365e+07,6.510295e+05,-1.100793e+12,-7.345800e+10,-2.876978e+12,1,67
2.959850e+07,2.275942e+14,2.435330e+08,2.005854e+07,-8.094011e+14,-2.367954e+14,-7.726520e+14,2.490372e+07,3.912159e+14,5.452120e+08,5.946566e+07,-1.001844e+16,-1.122385e+15,-8.658818e+15,9.819324e+06,2.206579e+13,1.521295e+07,1.214771e+05,6.970766e+10,2.033989e+11,-1.175512e+11,0,34
3.444908e+07,3.047226e+14,3.792150e+08,2.322180e+07,-2.020231e+15,-3.918872e+14,-1.990926e+15,2.904916e+07,5.254904e+14,4.853341e+08,4.145744e+07,-5.822429e+15,-9.455832e+14,-6.463852e+15,1.159303e+07,3.621899e+13,1.839907e+07,5.017491e+05,-1.398314e+12,-2.755688e+12,-3.174499e+11,0,71
2.913837e+07,9.406680e+13,1.921691e+08,8.570538e+06,-2.724769e+14,-7.246490e+13,-2.740837e+14,2.341126e+07,2.387899e+14,5.194613e+08,5.863137e+07,-1.023226e+16,-9.060141e+14,-9.140938e+15,1.371519e+07,3.329449e+13,4.774588e+07,2.805452e+05,-1.016047e+12,1.590556e+12,1.042889e+11,3,64
4.037469e+07,4.596805e+14,4.670016e+08,3.513768e+07,-4.471444e+15,-7.503246e+14,-4.548334e+15,3.354879e+07,7.997121e+14,5.951518e+08,5.929172e+07,-1.081829e+16,-1.650308e+15,-1.107448e+16,1.210863e+07,4.817232e+13,1.399665e+07,6.533942e+04,-2.558603e+10,-4.438384e+11,-4.309812e+10,3,104
2.706623e+07,1.235420e+14,1.783709e+08,1.373210e+07,3.791525e+13,-5.044189e+13,1.510307e+14,2.274888e+07,2.378055e+14,4.474037e+08,3.229597e+07,-3.265992e+15,-4.427481e+14,-2.271667e+15,1.165073e+07,2.378133e+13,3.648859e+07,1.366478e+06,8.961176e+12,4.230681e+11,1.122319e+12,2,75
2.718638e+07,1.294550e+14,1.899128e+08,7.007920e+06,-2.475107e+14,-7.896089e+13,-2.520115e+14,2.270918e+07,2.520652e+14,4.094789e+08,2.087874e+07,-1.855186e+15,-3.251665e+14,-2.013189e+15,1.133354e+07,2.947630e+13,4.317676e+07,3.528610e+06,2.024164e+13,-1.292465e+13,-3.489781e+13,3,66
3.630937e+07,3.826379e+14,4.688010e+08,3.275429e+07,-3.239305e+15,-5.698233e+14,-2.967848e+15,3.023936e+07,6.624796e+14,3.818348e+08,3.218017e+07,-3.521447e+15,-8.220686e+14,-3.884354e+15,1.067965e+07,4.257222e+13,1.321065e+07,5.943962e+05,-1.655751e+12,-2.620871e+12,3.366372e+11,0,89
2.682629e+07,1.653609e+14,2.560726e+08,2.324970e+07,-1.553437e+15,-2.748026e+14,-1.579570e+15,2.269823e+07,2.884788e+14,4.582031e+08,3.419500e+07,-4.045264e+15,-5.625717e+14,-3.720475e+15,9.842411e+06,1.822519e+13,2.166495e+07,1.796641e+06,6.788940e+12,1.497343e+12,5.371194e+12,0,32
3.538246e+07,3.287919e+14,3.067862e+08,2.213492e+07,-1.556445e+15,-3.689294e+14,-1.492678e+15,2.989286e+07,5.587228e+14,6.037054e+08,6.366643e+07,-1.153756e+16,-1.436831e+15,-1.153993e+16,1.176473e+07,3.331035e+13,1.668441e+07,1.967207e+04,1.113593e+10,-5.851024e+10,-3.257721e+09,0,102
4.024705e+07,4.002152e+14,4.889960e+08,3.120690e+07,-3.721902e+15,-6.073587e+14,-3.839040e+15,3.296413e+07,7.456940e+14,6.413346e+08,7.227217e+07,-1.555192e+16,-1.972865e+15,-1.428547e+16,1.296576e+07,5.304914e+13,1.610384e+07,2.318153e+05,4.263112e+11,1.628276e+12,2.014561e+11,2,103
4.227811e+07,3.811539e+14,2.766352e+08,1.749605e+07,-2.142313e+14,-1.856908e+14,-1.146811e+14,3.406848e+07,7.714559e+14,5.970785e+08,7.203096e+07,-1.081651e+16,-1.668445e+15,-1.012895e+16,1.454576e+07,7.033441e+13,1.841482e+07,1.685130e+05,2.939964e+11,1.357543e+12,-3.455779e+10,0,5
4.238270e+07,2.944019e+14,3.591483e+08,1.576302e+07,-4.599708e+14,-1.677933e+14,-3.674467e+14,3.434024e+07,6.342617e+14,5.336466e+08,4.151123e+07,-4.768108e+15,-9.058055e+14,-3.956612e+15,1.719817e+07,8.814554e+13,4.448166e+07,1.091466e+06,-7.276204e+12,-9.145334e+12,-3.102067e+11,1,59
3.420298e+07,1.748165e+14,1.712556e+08,8.587070e+06,-2.880030e+14,-1.063067e+14,-2.896570e+14,2.945909e+07,3.252361e+14,6.907484e+08,1.168792e+08,-3.138770e+16,-2.028310e+15,-3.349519e+16,1.623827e+07,4.424454e+13,3.982717e+07,3.553971e+06,3.784360e+13,-3.037892e+12,2.531746e+13,3,97
3.200994e+07,1.684839e+14,1.590290e+08,8.291578e+06,-2.354480e+14,-9.442077e+13,-2.363915e+14,2.764495e+07,3.023252e+14,6.275457e+08,1.000450e+08,-2.409587e+16,-1.684038e+15,-2.451360e+16,1.467273e+07,3.055712e+13,3.568315e+07,2.763510e+06,2.467832e+13,-2.805099e+12,1.310627e+13,0,97
4.112225e+07,4.702922e+14,4.455291e+08,2.838899e+07,-3.136384e+15,-6.092801e+14,-3.089364e+15,3.378642e+07,8.416917e+14,5.687331e+08,6.109678e+07,-1.138774e+16,-1.772235e+15,-1.123504e+16,1.211032e+07,5.420423e+13,1.318703e+07,2.654893e+05,4.034181e+11,1.730641e+12,2.724238e+11,1,88
2.571048e+07,1.216145e+14,2.121030e+08,9.313009e+06,-4.104852e+14,-1.023406e+14,-3.997951e+14,2.176677e+07,2.244806e+14,3.716715e+08,1.395699e+07,-9.942127e+14,-2.080492e+14,-1.058016e+15,1.074045e+07,2.772160e+13,4.516704e+07,5.820492e+06,5.737903e+13,-1.473842e+13,-7.012539e+13,0,66
3.234001e+07,1.539717e+14,1.605253e+08,5.865964e+06,-1.510055e+14,-6.488121e+13,-1.385363e+14,2.716278e+07,3.086433e+14,6.560079e+08,9.496826e+07,-2.346780e+16,-1.657477e+15,-2.388565e+16,1.477210e+07,4.210950e+13,4.502787e+07,7.119739e+05,4.008349e+12,-3.478132e+11,1.388850e+12,0,64
4.053319e+07,3.106546e+14,2.172037e+08,1.548696e+07,-4.617911e+14,-2.008681e+14,-3.480709e+14,3.334276e+07,6.183429e+14,7.191506e+08,9.679558e+07,-2.532507e+16,-2.394126e+15,-2.756007e+16,1.571777e+07,5.813869e+13,2.883007e+07,1.964725e+06,1.191903e+13,-6.757998e+12,4.711182e+12,1,93
4.525729e+07,6.277800e+14,4.696711e+08,3.920368e+07,-5.281733e+15,-9.768894e+14,-5.273651e+15,3.791938e+07,1.049203e+15,8.179711e+08,1.016499e+08,-2.917770e+16,-3.282270e+15,-2.939267e+16,1.287242e+07,5.585573e+13,1.168591e+07,8.955194e+05,-1.013183e+11,-6.152925e+12,1.621531e+12,3,95
4.036412e+07,4.293364e+14,3.565419e+08,2.551398e+07,-2.119450e+15,-4.935317e+14,-2.141714e+15,3.363382e+07,7.561495e+14,7.738686e+08,9.053252e+07,-2.396296e+16,-2.489475e+15,-2.172507e+16,1.291381e+07,4.666862e+13,1.774946e+07,2.919731e+05,8.358048e+10,-1.850291e+12,5.014532e+11,1,25
2.980936e+07,1.653238e+14,2.960222e+08,2.158277e+07,-1.686044e+15,-2.760744e+14,-1.623071e+15,2.508266e+07,3.168526e+14,5.063004e+08,4.306326e+07,-5.590414e+15,-7.111690e+14,-6.949553e+15,1.224844e+07,2.730916e+13,2.730903e+07,5.319780e+05,1.985615e+11,1.855774e+12,1.369907e+12,3,53
3.684920e+07,2.014162e+14,3.036286e+08,1.072055e+07,-5.901201e+14,-1.511580e+14,-5.964950e+14,2.912910e+07,4.982811e+14,6.236584e+08,7.356717e+07,-1.298365e+16,-1.454790e+15,-1.661746e+16,1.496051e+07,6.941687e+13,3.102072e+07,9.384755e+05,2.397452e+12,6.396837e+12,6.669633e+12,0,77
3.553279e+07,2.429342e+14,3.995402e+08,1.898257e+07,-1.486343e+15,-2.776124e+14,-1.505610e+15,2.859617e+07,5.284662e+14,4.274801e+08,3.466864e+07,-3.801944e+15,-7.431346e+14,-3.197432e+15,1.301818e+07,5.207006e+13,2.942486e+07,1.333866e+06,-8.356471e+12,-7.209591e+12,-5.861386e+11,0,61
4.813318e+07,4.992613e+14,4.457685e+08,2.256235e+07,-1.838568e+15,-4.570303e+14,-1.685979e+15,3.791509e+07,1.070730e+15,5.137582e+08,5.301794e+07,-8.741867e+15,-1.734171e+15,-9.904597e+15,1.557232e+07,1.045176e+14,2.084471e+07,8.494992e+05,2.311138e+12,7.245387e+12,3.009887e+12,2,68
5.553341e+07,5.875864e+14,3.897471e+08,2.299842e+07,-2.145975e+15,-5.528828e+14,-2.069862e+15,4.427188e+07,1.263670e+15,9.680557e+08,1.264833e+08,-4.349236e+16,-4.445547e+15,-4.616211e+16,2.005330e+07,1.491721e+14,2.245393e+07,1.281831e+06,-4.625006e+12,-1.565568e+13,4.814262e+12,2,47
4.131842e+07,4.015611e+14,3.534647e+08,2.958161e+07,-2.223809e+15,-5.107680e+14,-2.225548e+15,3.360495e+07,7.702695e+14,7.015810e+08,8.311426e+07,-1.860530e+16,-2.206164e+15,-1.789658e+16,1.357153e+07,6.174720e+13,1.890379e+07,4.465148e+05,1.272862e+12,-1.856151e+11,-3.966228e+11,0,41
3.126292e+07,2.764033e+14,3.312527e+08,2.271448e+07,-1.899874e+15,-3.703086e+14,-1.835981e+15,2.688188e+07,4.420096e+14,4.959682e+08,4.472332e+07,-6.660004e+15,-9.402148e+14,-7.034287e+15,1.025651e+07,2.490173e+13,1.633803e+07,9.736650e+04,-8.610687e+09,-4.714970e+11,-7.331047e+10,1,71
4.534411e+07,5.703768e+14,4.689351e+08,3.105294e+07,-2.608666e+15,-6.208988e+14,-2.255222e+15,3.725994e+07,1.024283e+15,6.988159e+08,7.877779e+07,-1.776620e+16,-2.466562e+15,-1.884463e+16,1.337738e+07,6.572723e+13,1.559398e+07,2.977333e+05,6.415338e+11,2.410511e+12,2.319200e+10,2,88
4.630589e+07,5.980053e+14,2.821656e+08,2.705399e+07,-1.404235e+15,-5.106928e+14,-1.345649e+15,3.838974e+07,1.047762e+15,6.171101e+08,7.210482e+07,-1.431829e+16,-2.235056e+15,-1.214492e+16,1.393795e+07,6.435549e+13,1.719778e+07,8.019949e+05,2.776629e+12,7.953116e+11,-1.163470e+12,0,72
3.912358e+07,3.266557e+14,2.804566e+08,1.819466e+07,-1.061803e+15,-2.969328e+14,-1.064532e+15,3.246355e+07,6.120962e+14,7.488172e+08,1.045485e+08,-2.918391e+16,-2.583474e+15,-2.736308e+16,1.439713e+07,5.531416e+13,2.390072e+07,1.521391e+06,4.136872e+12,-7.750436e+12,7.377048e+12,1,87
4.089548e+07,1.982808e+14,2.194732e+08,1.177849e+07,-5.987477e+14,-1.656552e+14,-6.119252e+14,3.416264e+07,4.332239e+14,7.687123e+08,1.298876e+08,-4.069987e+16,-2.690712e+15,-3.896557e+16,2.009970e+07,9.181491e+13,4.270862e+07,4.073630e+06,4.821153e+13,-4.450062e+12,3.233768e+13,2,97
4.747188e+07,4.087873e+14,3.231275e+08,1.813053e+07,-1.351839e+15,-3.613329e+14,-1.380147e+15,3.905740e+07,8.212609e+14,9.054259e+08,1.352505e+08,-4.718506e+16,-3.870418e+15,-4.438456e+16,1.883894e+07,1.181844e+14,3.109340e+07,2.143084e+06,5.173299e+12,-1.573657e+13,1.847657e+13,2,87
3.125946e+07,2.294815e+14,2.963364e+08,1.962787e+07,-1.317302e+15,-2.810821e+14,-1.328887e+15,2.645963e+07,4.067128e+14,5.242890e+08,4.475507e+07,-6.487895e+15,-8.727188e+14,-5.569848e+15,1.131198e+07,2.837731e+13,2.567347e+07,2.502125e+05,5.972491e+11,-2.123687e+10,4.014893e+10,0,92
5.364503e+07,5.951210e+14,2.804024e+08,2.328684e+07,-5.346285e+14,-3.388208e+14,-3.858148e+14,4.275835e+07,1.276440e+15,5.887838e+08,6.642040e+07,-1.313500e+16,-2.372913e+15,-9.145364e+15,1.836451e+07,1.194787e+14,2.467686e+07,7.539906e+05,2.567879e+12,-5.093320e+12,7.156807e+11,2,72
4.490846e+07,4.430620e+14,4.176926e+08,2.586011e+07,-1.576497e+15,-4.111011e+14,-1.521923e+15,3.683255e+07,8.767361e+14,8.280625e+08,1.009292e+08,-2.823179e+16,-2.928513e+15,-2.170267e+16,1.580227e+07,8.065261e+13,2.800035e+07,2.339087e+05,-5.981225e+11,-1.630903e+12,-9.052909e+10,0,99
2.735046e+07,1.624388e+14,2.876270e+08,2.015311e+07,-9.551157e+14,-1.989950e+14,-9.248630e+14,2.299379e+07,2.922203e+14,3.894342e+08,2.687074e+07,-2.189990e+15,-4.028421e+14,-1.842101e+15,1.025667e+07,2.598146e+13,2.672616e+07,1.522609e+06,7.909309e+12,-3.849178e+12,-5.568664e+12,1,37
4.717865e+07,5.225279e+14,5.089046e+08,3.437991e+07,-2.297463e+15,-5.510865e+14,-2.075025e+15,3.819636e+07,1.014781e+15,6.661758e+08,7.294984e+07,-1.402528e+16,-2.152795e+15,-1.111431e+16,1.535007e+07,8.096472e+13,1.609692e+07,5.117375e+05,1.184757e+12,4.126436e+12,8.039431e+11,0,1
5.090312e+07,5.549597e+14,4.978287e+08,2.897361e+07,-1.322261e+15,-4.500841e+14,-1.019825e+15,4.002415e+07,1.186799e+15,5.979575e+08,6.735574e+07,-1.211336e+16,-2.168687e+15,-1.259818e+16,1.647019e+07,1.226566e+14,1.991677e+07,1.187938e+06,4.360164e+12,1.200138e+13,5.402479e+12,1,68
4.092337e+07,2.828148e+14,3.631295e+08,1.475310e+07,-1.079533e+15,-2.479335e+14,-1.124608e+15,3.220398e+07,6.572717e+14,6.642176e+08,8.119214e+07,-1.828655e+16,-2.041896e+15,-1.688899e+16,1.539189e+07,8.425917e+13,2.647294e+07,7.859309e+05,3.582712e+12,7.192469e+12,1.600811e+12,0,80
3.344599e+07,2.373690e+14,3.683324e+08,1.932084e+07,-1.557915e+15,-2.935505e+14,-1.531828e+15,2.718293e+07,4.690286e+14,4.118369e+08,3.095417e+07,-3.487929e+15,-6.685550e+14,-3.637657e+15,1.178893e+07,4.349282e+13,2.576179e+07,1.557618e+06,-7.172295e+12,-1.002114e+13,-6.825129e+12,3,61
3.148297e+07,2.478003e+14,2.001141e+08,1.603763e+07,-8.255415e+14,-2.418448e+14,-8.084231e+14,2.706395e+07,4.069013e+14,6.115277e+08,7.086912e+07,-1.431887e+16,-1.402647e+15,-1.429575e+16,1.132252e+07,1.955223e+13,2.051514e+07,8.257886e+05,2.578037e+12,4.136948e+11,-1.901230e+12,2,93
4.438188e+07,3.692062e+14,2.615975e+08,1.466903e+07,-8.990488e+14,-2.794876e+14,-9.151821e+14,3.594439e+07,7.664097e+14,7.434106e+08,9.757801e+07,-2.574601e+16,-2.663752e+15,-2.656912e+16,1.673283e+07,8.487275e+13,2.855278e+07,8.780682e+05,2.484588e+12,-5.247657e+12,3.151386e+12,0,35
3.396570e+07,2.865644e+14,2.704296e+08,1.983467e+07,-1.263753e+15,-3.107249e+14,-1.279399e+15,2.821295e+07,5.151939e+14,5.920863e+08,6.017040e+07,-1.130218e+16,-1.362608e+15,-1.040611e+16,1.128931e+07,3.313410e+13,1.928624e+07,1.618085e+05,-6.411073e+10,5.001690e+11,2.512540e+11,0,8
6.614451e+07,7.231145e+14,4.441661e+08,2.403149e+07,-2.429777e+15,-6.421428e+14,-2.335142e+15,5.070486e+07,1.796012e+15,8.935555e+08,1.108556e+08,-3.433810e+16,-4.656500e+15,-3.632439e+16,2.381443e+07,2.577166e+14,2.780600e+07,5.833265e+05,-2.349244e+12,-6.996299e+12,1.413383e+11,2,67
3.683979e+07,3.632632e+14,3.619700e+08,2.598199e+07,-2.456103e+15,-4.906429e+14,-2.388624e+15,3.106840e+07,6.164118e+14,6.803802e+08,7.519865e+07,-1.653840e+16,-1.840127e+15,-1.640394e+16,1.201693e+07,3.456737e+13,1.800094e+07,1.150920e+05,1.038252e+11,-6.134022e+11,6.860214e+10,2,102
4.206710e+07,3.060408e+14,4.792796e+08,2.756177e+07,-3.166744e+15,-4.818973e+14,-3.085800e+15,3.330930e+07,6.891594e+14,6.323127e+08,6.562788e+07,-1.333630e+16,-1.720474e+15,-1.342111e+16,1.581527e+07,7.732582e+13,2.576507e+07,1.463888e+05,1.305380e+11,9.357703e+11,2.158571e+11,1,52
3.362271e+07,3.044582e+14,3.380923e+08,2.268714e+07,-1.986942e+15,-3.958423e+14,-2.001686e+15,2.872258e+07,5.230441e+14,6.224549e+08,6.493557e+07,-8.975074e+15,-1.202555e+15,-1.247660e+16,1.127527e+07,2.494399e+13,2.016016e+07,1.942897e+04,-2.484312e+07,5.721820e+10,1.034472e+10,3,62
3.985063e+07,3.471039e+14,3.698786e+08,3.111082e+07,-1.336945e+15,-3.760656e+14,-1.131710e+15,3.247259e+07,6.784005e+14,6.539332e+08,7.479040e+07,-1.531891e+16,-1.859119e+15,-1.178777e+16,1.384926e+07,5.448034e+13,1.764745e+07,1.512230e+05,1.077052e+11,-1.022562e+12,1.498267e+11,0,45
3.466616e+07,3.131223e+14,3.372575e+08,2.506528e+07,-2.206401e+15,-4.293181e+14,-2.287449e+15,2.920041e+07,5.363317e+14,5.412353e+08,5.885341e+07,-1.008390e+16,-1.332117e+15,-9.796613e+15,1.150837e+07,3.228808e+13,1.348333e+07,1.017270e+05,-3.922400e+10,-5.592868e+11,6.830243e+10,1,90
3.824037e+07,3.478236e+14,4.421044e+08,2.956117e+07,-3.240253e+15,-5.381907e+14,-3.110546e+15,3.127775e+07,6.560106e+14,6.119207e+08,6.810244e+07,-1.378050e+16,-1.734069e+15,-1.421800e+16,1.262810e+07,4.878168e+13,1.618102e+07,8.156681e+04,4.062896e+10,3.618716e+11,9.447195e+10,3,103
4.126288e+07,3.876474e+14,5.278588e+08,3.333751e+07,-4.421539e+15,-6.563705e+14,-4.446304e+15,3.334425e+07,7.661335e+14,6.047573e+08,6.715109e+07,-1.303038e+16,-1.817715e+15,-1.410154e+16,1.365714e+07,6.279027e+13,1.607512e+07,3.577595e+05,5.425636e+11,2.117876e+12,8.393518e+11,0,103
3.715859e+07,2.565084e+14,4.243338e+08,2.182884e+07,-1.917867e+15,-3.303887e+14,-1.978547e+15,2.963834e+07,5.738017e+14,4.359265e+08,3.582229e+07,-4.266243e+15,-8.307404e+14,-3.435089e+15,1.362274e+07,6.056260e+13,2.836935e+07,1.112096e+06,-6.198555e+12,-6.837459e+12,-1.259725e+12,2,61
3.772870e+07,3.681152e+14,3.557670e+08,2.270677e+07,-2.036883e+15,-4.354284e+14,-2.043745e+15,3.125523e+07,6.584048e+14,7.001766e+08,8.227327e+07,-1.973809e+16,-2.110612e+15,-1.971480e+16,1.206937e+07,4.269520e+13,1.591358e+07,1.358502e+05,-1.975904e+11,-4.965643e+11,-1.887663e+10,0,84
4.689295e+07,5.958807e+14,3.757849e+08,2.669697e+07,-1.810609e+15,-5.333585e+14,-1.574113e+15,3.873615e+07,1.076762e+15,8.164928e+08,1.030948e+08,-2.984894e+16,-3.377637e+15,-3.426337e+16,1.432984e+07,7.031503e+13,1.224140e+07,1.006467e+06,-3.349155e+12,-7.440291e+12,1.359492e+12,2,95
4.269671e+07,3.185132e+14,3.122099e+08,1.713489e+07,-1.030027e+15,-2.782108e+14,-1.037482e+15,3.429614e+07,6.891788e+14,7.177163e+08,9.403831e+07,-2.390112e+16,-2.429627e+15,-2.302987e+16,1.644946e+07,9.475400e+13,2.485298e+07,3.529108e+05,-7.911753e+11,-3.412993e+12,6.547486e+11,0,4
2.993018e+07,1.859742e+14,3.029612e+08,1.876891e+07,-1.391267e+15,-2.534195e+14,-1.436068e+15,2.498446e+07,3.467791e+14,4.458866e+08,3.086038e+07,-3.609662e+15,-5.735638e+14,-3.318272e+15,1.134795e+07,3.094909e+13,3.114651e+07,1.225963e+06,6.922305e+12,-3.111806e+12,-3.419987e+12,2,54
5.519209e+07,9.494250e+14,6.185672e+08,4.914144e+07,-8.539219e+15,-1.509579e+15,-8.367986e+15,4.575840e+07,1.633106e+15,8.807390e+08,1.077770e+08,-3.200903e+16,-4.264470e+15,-3.578859e+16,1.494768e+07,9.196420e+13,1.057876e+07,1.032524e+06,-3.304861e+12,-9.071338e+12,1.059318e+12,1,86
3.225345e+07,2.400836e+14,2.430966e+08,1.927512e+07,-1.019423e+15,-2.596056e+14,-9.389689e+14,2.687387e+07,4.391221e+14,5.429435e+08,5.850205e+07,-1.040364e+16,-1.224864e+15,-1.175595e+16,1.138612e+07,2.896141e+13,1.749237e+07,2.952976e+05,5.477015e+11,9.431059e+10,-3.516422e+11,1,44
4.130037e+07,2.807003e+14,3.562704e+08,1.162747e+07,-7.386053e+14,-1.912853e+14,-7.889428e+14,3.294709e+07,6.344149e+14,5.111887e+08,4.450489e+07,-6.657335e+15,-1.116716e+15,-5.860487e+15,1.619625e+07,7.973142e+13,3.706743e+07,9.603887e+05,-2.934975e+11,2.090112e+12,4.596100e+12,0,59
4.229915e+07,5.359519e+14,3.897086e+08,2.797341e+07,-2.307393e+15,-5.907949e+14,-2.099126e+15,3.513270e+07,9.426279e+14,5.841973e+08,6.244975e+07,-1.154430e+16,-1.881483e+15,-1.414921e+16,1.201303e+07,5.173769e+13,1.265009e+07,1.139280e+05,-4.496532e+10,2.250862e+11,-9.931562e+10,2,100
4.471202e+07,6.040807e+14,4.019515e+08,3.250761e+07,-2.091897e+15,-5.983042e+14,-1.990916e+15,3.742711e+07,1.023465e+15,8.089513e+08,1.013800e+08,-2.868103e+16,-3.223176e+15,-2.322290e+16,1.285761e+07,5.616967e+13,1.232244e+07,7.575973e+05,-1.535304e+12,-5.634368e+12,1.588081e+12,1,46
3.506817e+07,2.851636e+14,1.939613e+08,1.462575e+07,-7.789616e+14,-2.469817e+14,-7.734098e+14,2.944228e+07,5.194845e+14,5.681036e+08,5.798899e+07,-8.994216e+15,-1.197844e+15,-8.318458e+15,1.255629e+07,3.167641e+13,2.639451e+07,6.912658e+05,-1.440729e+12,3.479405e+12,-1.255589e+12,1,42
2.745958e+07,1.612904e+14,2.866251e+08,1.728742e+07,-1.097224e+15,-2.023529e+14,-1.124068e+15,2.280584e+07,3.015636e+14,4.054907e+08,3.170069e+07,-2.939312e+15,-4.923599e+14,-3.016660e+15,1.013096e+07,2.590052e+13,2.524760e+07,1.114255e+06,2.663414e+12,-4.443298e+12,-4.990039e+12,2,37
3.823279e+07,3.533020e+14,2.203975e+08,1.938990e+07,-1.196086e+15,-3.506244e+14,-1.228557e+15,3.418775e+07,5.241244e+14,9.269928e+08,1.563333e+08,-5.843151e+16,-3.509620e+15,-5.845280e+16,1.539539e+07,4.582130e+13,2.256235e+07,5.978385e+06,6.747919e+13,8.280831e+12,2.184185e+13,1,36
3.308914e+07,3.440323e+14,3.720196e+08,3.097117e+07,-3.323538e+15,-5.742207e+14,-3.318480e+15,2.826531e+07,5.463747e+14,5.340035e+08,5.603456e+07,-9.686888e+15,-1.309082e+15,-9.826543e+15,9.718557e+06,2.504828e+13,8.695114e+06,1.344689e+04,4.598016e+09,-3.684513e+10,-9.185949e+08,1,63
3.184642e+07,2.245938e+14,2.181280e+08,1.670137e+07,-5.480761e+14,-1.832547e+14,-5.315963e+14,2.642876e+07,4.162687e+14,6.005940e+08,6.955269e+07,-1.405868e+16,-1.407646e+15,-1.215055e+16,1.146490e+07,2.979580e+13,1.914594e+07,2.741944e+05,4.883146e+11,2.006758e+11,-3.933072e+11,1,65
3.399626e+07,2.019743e+14,2.446691e+08,1.326372e+07,-7.204392e+14,-1.864219e+14,-7.280056e+14,2.758292e+07,4.309214e+14,5.660120e+08,6.449988e+07,-1.176968e+16,-1.297060e+15,-1.330467e+16,1.338903e+07,4.133349e+13,2.027861e+07,1.192755e+05,-1.596865e+11,-6.002502e+11,9.850441e+10,3,58
3.315973e+07,2.280346e+14,2.325274e+08,1.839337e+07,-7.922971e+14,-2.226625e+14,-7.709848e+14,2.748314e+07,4.323974e+14,6.397147e+08,7.404760e+07,-1.575503e+16,-1.518661e+15,-1.371792e+16,1.238451e+07,3.253649e+13,2.271012e+07,5.330686e+05,9.612679e+11,1.107273e+12,-1.407347e+12,0,65
2.913064e+07,1.616855e+14,2.895800e+08,1.922478e+07,-1.410338e+15,-2.402302e+14,-1.425488e+15,2.413652e+07,3.168391e+14,5.328212e+08,5.611284e+07,-8.669829e+15,-9.314984e+14,-9.657365e+15,1.144008e+07,2.519404e+13,2.163695e+07,6.338512e+04,-5.892147e+10,2.914710e+11,4.534383e+10,1,53
4.585099e+07,4.934630e+14,3.915186e+08,2.279415e+07,-2.137742e+15,-5.017111e+14,-2.060790e+15,3.695709e+07,9.672234e+14,6.152338e+08,6.339633e+07,-1.250844e+16,-1.970702e+15,-1.286035e+16,1.475612e+07,7.915370e+13,2.019065e+07,1.236041e+05,1.536671e+11,1.048082e+12,7.694658e+10,0,7
3.604823e+07,3.731717e+14,4.071200e+08,3.153427e+07,-3.101735e+15,-5.601788e+14,-2.909927e+15,3.030645e+07,6.277567e+14,5.633255e+08,5.818424e+07,-1.026612e+16,-1.435126e+15,-1.075401e+16,1.099840e+07,3.520779e+13,1.205647e+07,1.345843e+04,1.921210e+09,5.786873e+10,-3.475598e+09,1,60
3.195106e+07,2.538391e+14,3.608347e+08,2.452935e+07,-2.284212e+15,-3.900972e+14,-2.393963e+15,2.675000e+07,4.491241e+14,4.946545e+08,4.863147e+07,-7.256168e+15,-1.008490e+15,-6.799546e+15,1.081795e+07,2.778092e+13,1.560274e+07,2.289435e+05,-1.717177e+11,-1.202018e+12,-4.149172e+11,0,3
3.443515e+07,2.577365e+14,1.989694e+08,1.447684e+07,-6.152310e+13,-9.369758e+13,5.416973e+13,2.896325e+07,4.625519e+14,6.968229e+08,8.720010e+07,-2.047877e+16,-1.812668e+15,-1.644707e+16,1.294564e+07,3.467015e+13,3.091735e+07,3.855105e+05,8.065303e+11,9.539667e+11,-1.066722e+12,1,33
4.926580e+07,3.115405e+14,3.772776e+08,1.306698e+07,-6.414316e+14,-1.897478e+14,-6.233125e+14,3.812006e+07,8.326414e+14,8.261656e+08,1.094352e+08,-3.266140e+16,-3.145843e+15,-3.641804e+16,2.050597e+07,1.600065e+14,3.686136e+07,1.400521e+06,8.605800e+12,1.515348e+13,-1.052747e+12,3,80
3.275813e+07,2.459597e+14,3.112775e+08,1.843162e+07,-1.086769e+15,-2.570256e+14,-1.045959e+15,2.680795e+07,4.685296e+14,5.353517e+08,5.625612e+07,-9.634499e+15,-1.208944e+15,-1.013815e+16,1.112549e+07,3.543143e+13,1.797132e+07,1.030174e+05,3.174876e+10,3.891336e+11,1.263320e+11,3,83
2.957459e+07,1.554987e+14,1.731099e+08,1.165380e+07,-5.207641e+14,-1.446098e+14,-5.252342e+14,2.456937e+07,3.060280e+14,5.028200e+08,5.961184e+07,-1.013152e+16,-1.030008e+15,-1.051389e+16,1.210342e+07,2.516086e+13,2.320633e+07,6.484882e+05,1.760776e+12,2.048267e+11,-1.672459e+12,2,78
5.531135e+07,5.897092e+14,5.153537e+08,2.004386e+07,-1.850325e+15,-4.707405e+14,-1.806568e+15,4.265932e+07,1.363622e+15,5.666736e+08,5.845812e+07,-1.059191e+16,-2.153036e+15,-1.105862e+16,1.839615e+07,1.600745e+14,2.603357e+07,2.183855e+06,1.299572e+13,2.472826e+13,1.078664e+13,0,68
4.155437e+07,2.486610e+14,3.822733e+08,2.166307e+07,-1.967977e+15,-3.396894e+14,-1.967227e+15,3.259566e+07,6.131857e+14,5.734708e+08,5.499874e+07,-9.071978e+15,-1.310993e+15,-1.006377e+16,1.686218e+07,8.232577e+13,3.223854e+07,1.334580e+05,6.889813e+10,-1.172628e+12,-2.417642e+11,0,19
3.929698e+07,4.280667e+14,4.910215e+08,3.494530e+07,-3.588190e+15,-6.331619e+14,-3.238078e+15,3.242508e+07,7.620012e+14,4.973722e+08,4.654599e+07,-6.869023e+15,-1.261295e+15,-7.385028e+15,1.173991e+07,4.982345e+13,1.426149e+07,3.667937e+05,-7.786731e+11,-1.076602e+12,3.491545e+11,1,89
4.544408e+07,3.964354e+14,2.465941e+08,1.513865e+07,-4.049890e+14,-2.051992e+14,-3.839440e+14,3.788591e+07,7.686707e+14,8.410863e+08,1.270032e+08,-3.248755e+16,-3.002623e+15,-3.597449e+16,1.799787e+07,9.836879e+13,3.134164e+07,1.530781e+06,6.476847e+12,-7.141103e+12,9.738381e+12,1,35
2.253866e+07,1.083800e+14,1.623935e+08,1.202575e+07,-4.380090e+14,-1.136201e+14,-4.436128e+14,1.975516e+07,1.741009e+14,4.097877e+08,2.712076e+07,-2.715436e+15,-3.478914e+14,-2.510440e+15,9.344987e+06,1.410090e+13,3.104578e+07,1.849417e+06,8.187131e+12,4.138045e+12,5.433773e+12,2,94
4.561374e+07,3.626326e+14,3.410764e+08,2.267501e+07,-1.884910e+15,-4.176867e+14,-1.882648e+15,3.693478e+07,7.688091e+14,8.241172e+08,1.165616e+08,-3.610746e+16,-3.230884e+15,-3.435365e+16,1.790416e+07,9.572195e+13,2.784301e+07,1.668389e+06,8.025754e+12,-8.741161e+12,7.970985e+12,0,87
3.142619e+07,2.684131e+14,2.414169e+08,2.157287e+07,-1.552610e+15,-3.530064e+14,-1.534275e+15,2.635721e+07,4.606539e+14,5.829309e+08,7.578329e+07,-1.582208e+16,-1.619849e+15,-1.630373e+16,9.974475e+06,2.701227e+13,9.950524e+06,1.233941e+06,3.430378e+12,-3.109609e+12,7.877317e+11,0,22
4.598320e+07,5.534767e+14,4.575669e+08,2.513774e+07,-2.682293e+15,-5.902234e+14,-2.567756e+15,3.736262e+07,1.033107e+15,6.980186e+08,8.074721e+07,-1.915293e+16,-2.594145e+15,-1.971226e+16,1.384671e+07,7.646885e+13,1.489435e+07,7.172639e+05,2.337243e+12,6.231043e+12,2.173394e+11,0,88
1.498453e+04,2.204801e+08,3.011526e+04,3.731831e+03,-2.561907e+07,-4.432867e+07,-2.327634e+07,1.531272e+04,2.111806e+08,3.022334e+05,3.781922e+04,-4.014085e+09,-5.478811e+08,-3.575636e+09,4.806535e+02,1.515048e+05,1.034107e+02,9.188622e+01,8.890905e+03,3.572690e+04,7.661835e+03,1,73
3.223898e+07,1.371197e+14,2.137783e+08,1.493693e+07,-6.530861e+14,-1.518764e+14,-6.552949e+14,2.625925e+07,3.177127e+14,6.040680e+08,7.427919e+07,-1.311703e+16,-1.174585e+15,-1.436976e+16,1.456131e+07,4.071212e+13,3.467754e+07,8.123926e+05,-2.177088e+12,4.889955e+12,-3.723623e+12,0,38
3.220746e+07,2.126510e+14,2.948132e+08,1.886872e+07,-1.216426e+15,-2.514826e+14,-1.104945e+15,2.634326e+07,4.222913e+14,4.913628e+08,4.370319e+07,-6.403950e+15,-8.977628e+14,-7.102604e+15,1.176659e+07,3.578248e+13,2.255189e+07,4.313968e+05,8.065170e+11,-2.140369e+12,-1.058112e+12,3,51
3.301105e+07,2.823311e+14,3.413798e+08,3.287546e+07,-2.698606e+15,-4.780790e+14,-2.708240e+15,2.800802e+07,4.758693e+14,5.277569e+08,5.331818e+07,-8.473452e+15,-1.124640e+15,-7.169925e+15,1.120820e+07,2.953296e+13,1.292214e+07,3.066618e+05,-6.036588e+11,1.592843e+12,6.138095e+10,0,48
4.869256e+07,5.221828e+14,5.571071e+08,3.908208e+07,-4.138678e+15,-7.359904e+14,-3.134511e+15,3.930498e+07,1.067823e+15,8.053778e+08,9.621897e+07,-2.671219e+16,-3.139912e+15,-3.195889e+16,1.645405e+07,1.095359e+14,1.285093e+07,5.826924e+05,1.135567e+12,4.771592e+12,-6.743038e+11,3,98
3.222454e+07,1.948226e+14,2.568658e+08,1.252524e+07,-5.809917e+14,-1.528548e+14,-5.879203e+14,2.638414e+07,3.911316e+14,4.430829e+08,3.125048e+07,-3.508526e+15,-6.000911e+14,-3.204576e+15,1.244763e+07,4.337026e+13,3.345031e+07,1.209471e+06,1.679408e+12,-6.975356e+12,-6.144361e+12,1,54
4.043336e+07,5.046374e+14,4.161833e+08,3.566016e+07,-2.975362e+15,-6.757516e+14,-2.641855e+15,3.386947e+07,8.712347e+14,6.162828e+08,6.762312e+07,-1.353357e+16,-1.972067e+15,-1.667566e+16,1.140742e+07,4.315016e+13,1.090825e+07,1.050462e+05,1.062047e+10,-6.859952e+11,9.502248e+10,1,100
3.592234e+07,3.352804e+14,3.513961e+08,2.485606e+07,-2.063086e+15,-4.272321e+14,-2.098735e+15,2.987620e+07,5.954588e+14,6.999192e+08,8.203719e+07,-1.965561e+16,-2.001782e+15,-1.770540e+16,1.156588e+07,3.765018e+13,1.596336e+07,9.345371e+04,-3.908564e+09,-5.654664e+11,1.109580e+11,1,0
4.147055e+07,4.250340e+14,3.096042e+08,3.068724e+07,-1.369848e+15,-4.312365e+14,-1.224731e+15,3.500721e+07,7.327707e+14,7.107012e+08,8.518988e+07,-1.905891e+16,-2.161996e+15,-1.584764e+16,1.440122e+07,4.331734e+13,1.401268e+07,7.999360e+05,2.075783e+12,-3.994717e+12,2.648899e+11,1,12
4.745000e+07,5.339700e+14,2.339577e+08,1.747586e+07,-1.114189e+15,-4.037218e+14,-1.176373e+15,3.858801e+07,1.022102e+15,6.027963e+08,6.518096e+07,-1.292005e+16,-2.083798e+15,-1.262934e+16,1.548104e+07,7.855696e+13,2.125459e+07,4.317413e+05,5.330222e+11,1.708380e+12,-8.515533e+11,3,72
3.822161e+07,3.830056e+14,2.885339e+08,1.638933e+07,-8.410789e+14,-2.820446e+14,-7.957684e+14,3.201927e+07,6.645408e+14,6.608422e+08,7.886769e+07,-1.710186e+16,-1.970958e+15,-1.732337e+16,1.244939e+07,4.292852e+13,1.768630e+07,1.351694e+05,7.844545e+10,4.337709e+11,-2.018243e+11,2,85
4.766698e+07,5.691560e+14,5.948324e+08,4.001700e+07,-5.581230e+15,-8.832580e+14,-4.859841e+15,3.882932e+07,1.068446e+15,7.578798e+08,8.785059e+07,-2.200111e+16,-2.817307e+15,-2.320107e+16,1.498930e+07,8.757440e+13,1.057495e+07,1.255196e+06,3.527980e+12,9.954993e+12,6.242886e+12,0,98
3.334396e+07,3.115918e+14,3.035874e+08,2.575619e+07,-2.057704e+15,-4.278114e+14,-1.979800e+15,2.848888e+07,5.068480e+14,6.482541e+08,7.162374e+07,-1.457154e+16,-1.557920e+15,-1.456471e+16,1.084654e+07,2.373592e+13,1.763079e+07,3.992662e+05,2.155773e+11,9.100939e+11,-7.304351e+11,0,11
3.366724e+07,1.857241e+14,2.962448e+08,1.537481e+07,-8.427094e+14,-1.785132e+14,-8.520231e+14,2.686905e+07,4.161745e+14,4.506970e+08,3.417739e+07,-3.928564e+15,-6.695502e+14,-3.464815e+15,1.327570e+07,5.104910e+13,3.350289e+07,1.109596e+06,1.065800e+12,-7.472925e+12,-5.926266e+12,2,50
4.345770e+07,5.088738e+14,4.955778e+08,3.895754e+07,-5.137200e+15,-8.535185e+14,-5.192489e+15,3.572106e+07,9.214217e+14,7.253904e+08,8.037933e+07,-1.936145e+16,-2.436432e+15,-1.765891e+16,1.316559e+07,6.036823e+13,1.377576e+07,1.074581e+04,1.742974e+09,-7.602554e+10,3.381264e+09,1,104
3.438297e+07,2.995066e+14,3.671341e+08,3.206580e+07,-3.478917e+15,-5.546176e+14,-3.449366e+15,2.904976e+07,5.213001e+14,5.272737e+08,5.643017e+07,-8.489845e+15,-1.193394e+15,-1.013916e+16,1.175220e+07,3.202937e+13,1.257241e+07,2.204191e+05,2.010941e+11,3.426586e+10,-2.140663e+11,2,48
4.663332e+07,5.385344e+14,5.531572e+08,4.756964e+07,-7.332772e+15,-1.072035e+15,-6.818589e+15,3.819877e+07,1.020073e+15,7.047392e+08,8.032043e+07,-1.866551e+16,-2.526719e+15,-2.188453e+16,1.499267e+07,7.139232e+13,1.198946e+07,3.012196e+05,2.419464e+11,-2.332279e+12,3.032448e+11,0,49
3.034594e+07,1.780130e+14,2.849107e+08,1.649201e+07,-1.080069e+15,-2.117651e+14,-1.106727e+15,2.495565e+07,3.503383e+14,3.796823e+08,2.230448e+07,-1.932127e+15,-4.065810e+14,-1.888383e+15,1.162986e+07,3.851829e+13,3.065518e+07,2.180227e+06,1.077699e+13,-9.175860e+12,-1.268648e+13,1,50
5.201155e+07,4.854214e+14,3.341628e+08,1.767764e+07,-1.316581e+15,-3.844906e+14,-1.294305e+15,4.177624e+07,1.042133e+15,9.347387e+08,1.287422e+08,-4.451855e+16,-4.143291e+15,-4.491690e+16,1.974474e+07,1.592505e+14,2.436030e+07,1.540215e+06,-5.782785e+12,-1.900926e+13,7.372507e+12,3,47
3.659931e+07,2.776445e+14,3.753720e+08,2.256735e+07,-1.562137e+15,-3.268284e+14,-1.416259e+15,3.012778e+07,5.502241e+14,5.940132e+08,5.768910e+07,-1.040368e+16,-1.329940e+15,-1.256785e+16,1.346528e+07,4.432392e+13,2.629404e+07,9.150742e+04,-1.414046e+11,-4.271367e+11,-3.261271e+09,2,52
3.282522e+07,2.838426e+14,3.179259e+08,2.227278e+07,-1.857140e+15,-3.728696e+14,-1.913535e+15,2.775981e+07,4.804112e+14,5.200925e+08,5.245637e+07,-8.441397e+15,-1.133240e+15,-8.501398e+15,1.091222e+07,2.858564e+13,1.534372e+07,2.316208e+03,2.632921e+07,-1.235863e+10,2.494705e+08,2,90
3.096707e+07,1.873921e+14,2.480715e+08,1.441242e+07,-8.568299e+14,-1.966925e+14,-8.447150e+14,2.558698e+07,3.662396e+14,5.261569e+08,5.761139e+07,-9.538948e+15,-1.069510e+15,-1.044464e+16,1.189983e+07,3.039881e+13,1.849539e+07,4.555556e+04,-3.127085e+10,-1.986181e+11,2.635647e+10,2,58
4.824767e+07,4.544048e+14,3.514707e+08,2.348515e+07,-9.762467e+14,-3.313893e+14,-8.879865e+14,3.904640e+07,9.287515e+14,9.222147e+08,1.260959e+08,-4.014334e+16,-3.666006e+15,-3.617063e+16,1.777514e+07,1.135213e+14,2.274006e+07,1.308980e+06,-3.483042e+12,-1.355036e+13,5.973381e+12,3,69
3.869367e+07,3.726884e+14,3.791762e+08,2.916673e+07,-2.779909e+15,-5.425974e+14,-2.811295e+15,3.189023e+07,6.848037e+14,6.203982e+08,6.855380e+07,-1.412534e+16,-1.792747e+15,-1.266324e+16,1.259722e+07,4.699623e+13,1.222807e+07,1.029284e+05,-5.641017e+10,-6.766525e+11,7.889549e+10,2,63
4.849533e+07,5.705600e+14,5.931086e+08,4.109697e+07,-6.407454e+15,-9.801954e+14,-6.364447e+15,3.931689e+07,1.094453e+15,7.983052e+08,9.439101e+07,-2.562624e+16,-3.107251e+15,-2.709496e+16,1.543334e+07,1.044435e+14,8.553666e+06,9.429893e+05,2.603813e+12,9.552904e+12,2.894097e+12,2,98
3.963827e+07,3.419820e+14,4.174774e+08,2.244087e+07,-2.160960e+15,-4.147019e+14,-2.164491e+15,3.173301e+07,6.971975e+14,4.987850e+08,4.299672e+07,-6.160601e+15,-1.122489e+15,-5.997879e+15,1.324804e+07,6.435780e+13,2.534744e+07,1.060135e+06,-5.171694e+12,-6.899366e+12,-2.089834e+12,1,40
4.174632e+07,3.603429e+14,2.749921e+08,1.396449e+07,-5.070293e+14,-1.979588e+14,-4.851081e+14,3.433350e+07,7.036726e+14,7.437794e+08,9.102160e+07,-2.367178e+16,-2.413331e+15,-1.989423e+16,1.537142e+07,6.128388e+13,3.127473e+07,2.031232e+05,-3.695195e+11,-1.541456e+12,3.511607e+11,3,85
3.233182e+07,1.503450e+14,1.990267e+08,7.845429e+06,-2.998867e+14,-9.351370e+13,-3.042965e+14,2.606895e+07,3.432769e+14,5.093161e+08,5.442331e+07,-8.650497e+15,-9.835911e+14,-9.080807e+15,1.382406e+07,4.038404e+13,3.612489e+07,1.386907e+04,9.259603e+09,-3.281619e+10,-3.821409e+09,3,78
4.156922e+07,4.785307e+14,4.479391e+08,3.618477e+07,-4.605233e+15,-7.913865e+14,-4.523220e+15,3.461506e+07,8.416417e+14,6.455923e+08,7.255504e+07,-1.455977e+16,-2.016049e+15,-1.677171e+16,1.274044e+07,4.918772e+13,1.064296e+07,1.146535e+05,-1.500172e+10,-8.033687e+11,9.069625e+10,1,49
4.972642e+07,6.409002e+14,3.223358e+08,2.361496e+07,-1.699706e+15,-5.331413e+14,-1.722547e+15,4.032563e+07,1.208397e+15,5.451680e+08,5.780188e+07,-1.016792e+16,-1.997693e+15,-8.807664e+15,1.501739e+07,8.843450e+13,1.712859e+07,6.616847e+04,4.867595e+10,-4.633795e+11,2.308801e+10,1,72
2.615981e+07,1.910670e+14,1.751197e+08,1.719127e+07,-8.962729e+14,-2.302221e+14,-9.308030e+14,2.309888e+07,2.877919e+14,5.295948e+08,5.052031e+07,-8.181270e+15,-8.513709e+14,-7.256711e+15,9.276360e+06,9.755409e+12,1.879917e+07,1.242336e+06,-5.972247e+12,3.876517e+12,1.515697e+12,0,24
3.396492e+07,3.071568e+14,3.269809e+08,3.058829e+07,-1.960062e+15,-4.209692e+14,-1.859324e+15,2.900795e+07,5.079035e+14,5.811249e+08,5.912333e+07,-1.028285e+16,-1.285638e+15,-8.060723e+15,1.148257e+07,2.785308e+13,1.531633e+07,2.269435e+05,-2.619445e+11,9.026742e+11,-1.311105e+11,1,45
3.229706e+07,2.040923e+14,3.074623e+08,2.115387e+07,-1.115140e+15,-2.467007e+14,-1.093797e+15,2.609797e+07,4.205978e+14,4.845149e+08,4.527095e+07,-6.473552e+15,-9.079863e+14,-5.396346e+15,1.181189e+07,3.897750e+13,2.158425e+07,3.508392e+05,4.800931e+11,-1.967303e+12,-8.315471e+11,0,51
3.660677e+07,4.838280e+14,4.048270e+08,3.557157e+07,-3.616249e+15,-7.277331e+14,-3.160933e+15,3.105182e+07,7.675063e+14,4.760300e+08,5.176238e+07,-8.120278e+15,-1.433522e+15,-9.207751e+15,9.081269e+06,3.127694e+13,6.044752e+06,7.977792e+04,-5.081959e+10,-3.474223e+11,2.347480e+10,0,100
3.943863e+07,4.042732e+14,3.459705e+08,2.661902e+07,-1.812066e+15,-4.517849e+14,-1.800306e+15,3.290149e+07,7.108736e+14,7.589713e+08,8.901268e+07,-2.272956e+16,-2.345667e+15,-1.993111e+16,1.279523e+07,4.444138e+13,2.054843e+07,3.860018e+05,9.193875e+11,-1.367323e+12,2.865942e+11,1,96
3.572818e+07,2.624592e+14,3.527587e+08,1.764656e+07,-1.391726e+15,-2.858848e+14,-1.378556e+15,2.905509e+07,5.279696e+14,6.078791e+08,6.934546e+07,-1.333524e+16,-1.535997e+15,-1.507857e+16,1.285978e+07,4.453398e+13,2.131581e+07,2.857835e+05,6.891585e+11,1.864670e+12,2.542777e+11,3,82
3.280820e+07,1.910794e+14,2.853938e+08,1.445578e+07,-8.951031e+14,-1.990350e+14,-8.956356e+14,2.650691e+07,4.071408e+14,4.460579e+08,3.418662e+07,-3.845450e+15,-6.587684e+14,-4.527983e+15,1.273987e+07,4.438062e+13,3.252508e+07,8.801028e+05,1.197712e+12,-5.346591e+12,-4.079050e+12,3,50
3.760359e+07,3.953109e+14,4.671665e+08,3.317600e+07,-2.996088e+15,-5.531958e+14,-2.587465e+15,3.149759e+07,6.832417e+14,4.222917e+08,3.318019e+07,-3.806262e+15,-8.534176e+14,-4.156221e+15,1.162049e+07,4.663096e+13,1.722828e+07,6.614133e+05,-1.739175e+12,-4.359649e+12,-8.024617e+11,3,89
3.971788e+07,2.837283e+14,3.850431e+08,1.775311e+07,-1.403459e+15,-2.884805e+14,-1.326670e+15,3.146971e+07,6.294640e+14,6.747102e+08,8.431709e+07,-1.964895e+16,-2.082204e+15,-1.975996e+16,1.463965e+07,7.366656e+13,1.874505e+07,1.006690e+06,4.174983e+12,8.402848e+12,3.833413e+11,2,82
3.953822e+07,2.720842e+14,3.615453e+08,2.512677e+07,-1.475341e+15,-3.240464e+14,-1.389397e+15,3.154217e+07,6.086456e+14,6.101389e+08,6.410748e+07,-1.256210e+16,-1.574766e+15,-9.617097e+15,1.504742e+07,6.407953e+13,2.398088e+07,2.963869e+03,-6.928667e+08,2.248867e+10,-2.905413e+08,0,55
3.682810e+07,4.425055e+14,3.447577e+08,2.901715e+07,-2.786379e+15,-5.937827e+14,-2.799216e+15,3.146955e+07,6.958010e+14,5.829518e+08,6.356312e+07,-1.210714e+16,-1.665443e+15,-1.187666e+16,1.045094e+07,3.031921e+13,7.991662e+06,5.973532e+04,1.464831e+10,-3.192322e+11,1.860180e+10,0,20
3.737800e+07,2.866470e+14,2.206660e+08,1.991701e+07,-1.294278e+15,-3.317780e+14,-1.338312e+15,3.200961e+07,4.977991e+14,7.460435e+08,1.186254e+08,-3.481876e+16,-2.618877e+15,-3.482619e+16,1.508121e+07,3.955511e+13,1.976763e+07,5.705460e+06,4.696585e+13,-8.297375e+12,1.515081e+13,0,36
4.462237e+07,3.055019e+14,3.393290e+08,1.614835e+07,-1.111536e+15,-2.730241e+14,-1.140004e+15,3.520756e+07,7.232128e+14,7.609721e+08,9.958426e+07,-2.717130e+16,-2.665623e+15,-2.702427e+16,1.773165e+07,9.498794e+13,2.546097e+07,7.633201e+05,-3.347560e+12,-4.805310e+12,-4.264279e+11,0,56
1.983651e+07,9.590625e+13,1.620599e+08,1.508732e+07,-6.670758e+14,-1.394978e+14,-6.204623e+14,1.779023e+07,1.428589e+14,3.909183e+08,2.592912e+07,-2.511213e+15,-3.027531e+14,-2.972763e+15,7.997140e+06,8.141952e+12,2.528500e+07,2.140326e+06,2.404691e+11,5.338290e+12,9.183743e+12,1,94
2.775350e+07,1.489459e+14,2.364519e+08,1.148953e+07,-5.557033e+14,-1.336726e+14,-5.643043e+14,2.310227e+07,2.845792e+14,5.227634e+08,5.019540e+07,-8.119207e+15,-8.461926e+14,-7.512691e+15,1.090489e+07,2.165891e+13,3.200030e+07,2.608632e+05,4.977136e+11,-1.060782e+12,-5.651561e+11,2,91
5.659798e+07,6.370005e+14,4.614200e+08,3.483530e+07,-1.831098e+15,-5.511866e+14,-1.612109e+15,4.491872e+07,1.357664e+15,8.888033e+08,1.115421e+08,-3.058852e+16,-3.773052e+15,-2.645751e+16,1.975291e+07,1.379750e+14,1.451294e+07,4.483068e+05,-8.898057e+11,-1.054013e+12,-6.611212e+11,1,70
3.216280e+07,2.451583e+14,2.394459e+08,1.931602e+07,-6.771343e+14,-2.185884e+14,-4.923078e+14,2.706119e+07,4.409766e+14,5.796920e+08,6.286117e+07,-1.197695e+16,-1.318657e+15,-1.415026e+16,1.140396e+07,2.603304e+13,1.975041e+07,3.181990e+05,6.520492e+11,1.537259e+10,-4.505397e+11,0,44
1.973920e+07,9.179825e+13,1.523528e+08,1.372308e+07,-4.581306e+14,-1.140865e+14,-3.994735e+14,1.791667e+07,1.302820e+14,3.647807e+08,1.688508e+07,-1.226270e+15,-1.855185e+14,-1.279408e+15,8.338628e+06,1.097148e+13,3.179446e+07,3.949829e+06,3.185546e+13,8.638044e+12,9.213007e+12,3,94
5.273488e+07,5.577038e+14,5.085391e+08,4.188539e+07,-3.232627e+15,-6.681601e+14,-2.886696e+15,4.108069e+07,1.239350e+15,5.462172e+08,6.465523e+07,-8.731566e+15,-1.893845e+15,-6.702653e+15,1.753075e+07,1.358524e+14,1.146277e+07,1.044283e+05,1.114850e+11,1.191225e+12,-3.013669e+10,1,79
4.321391e+07,3.434501e+14,3.554477e+08,1.987916e+07,-1.665107e+15,-3.682989e+14,-1.669526e+15,3.504631e+07,7.127881e+14,8.565255e+08,1.181850e+08,-3.747557e+16,-3.148183e+15,-3.697539e+16,1.652231e+07,9.333043e+13,2.002806e+07,7.509026e+05,-2.609589e+12,-6.870245e+12,8.133200e+11,3,56
5.965272e+07,7.282905e+14,3.833235e+08,2.337052e+07,-1.995602e+15,-6.022455e+14,-1.964240e+15,4.787312e+07,1.502762e+15,1.008175e+09,1.257599e+08,-4.468620e+16,-4.862428e+15,-4.385074e+16,2.089326e+07,1.456279e+14,1.580096e+07,4.568092e+05,-1.157356e+12,-2.492117e+12,-5.228372e+11,3,70
4.468978e+07,5.328892e+14,4.508139e+08,2.992916e+07,-3.385498e+15,-6.796492e+14,-3.283922e+15,3.673640e+07,9.669411e+14,7.814567e+08,9.443352e+07,-2.426634e+16,-2.838629e+15,-2.367167e+16,1.365363e+07,6.591002e+13,1.472094e+07,2.470954e+05,-3.505320e+11,-4.717477e+11,-3.152037e+11,3,88
2.908608e+07,2.432522e+14,3.105024e+08,2.343407e+07,-1.997853e+15,-3.652805e+14,-2.049588e+15,2.511747e+07,3.827838e+14,5.336637e+08,5.145720e+07,-8.508907e+15,-1.005348e+15,-8.414542e+15,9.521277e+06,1.828248e+13,1.572989e+07,6.575078e+04,-2.654644e+10,2.316039e+11,4.279066e+10,3,71
5.196643e+07,6.245840e+14,4.851013e+08,2.632973e+07,-2.906954e+15,-6.479155e+14,-2.890406e+15,4.155314e+07,1.253242e+15,7.851922e+08,9.365323e+07,-2.539523e+16,-3.315015e+15,-2.470937e+16,1.657834e+07,1.102070e+14,1.646068e+07,8.707541e+05,1.463876e+12,5.922683e+12,-2.957292e+12,0,74
2.944351e+07,1.891288e+14,2.324635e+08,1.952976e+07,-1.176128e+15,-2.541014e+14,-1.028592e+15,2.505403e+07,3.292177e+14,4.775765e+08,3.694398e+07,-4.857420e+15,-6.649114e+14,-5.214456e+15,1.130988e+07,2.627115e+13,2.328487e+07,1.062735e+06,7.879893e+11,3.671992e+12,2.842866e+12,0,17
3.069898e+07,2.055910e+14,2.985726e+08,1.930324e+07,-1.390330e+15,-2.686778e+14,-1.385390e+15,2.539021e+07,3.903372e+14,4.655589e+08,4.091453e+07,-4.863041e+15,-7.400107e+14,-5.431389e+15,1.105895e+07,3.012652e+13,2.209039e+07,5.686754e+05,1.394004e+12,-2.353372e+12,-1.435715e+12,1,51
2.888715e+07,1.524516e+14,1.505586e+08,6.303288e+06,-1.929853e+14,-7.709985e+13,-1.770589e+14,2.481314e+07,2.699395e+14,6.477593e+08,9.540539e+07,-2.369025e+16,-1.566623e+15,-2.488990e+16,1.246757e+07,2.879532e+13,3.447591e+07,8.460262e+05,4.447546e+12,-5.407444e+11,2.414703e+12,1,64
3.768858e+07,2.095487e+14,3.535960e+08,1.287164e+07,-7.895846e+14,-1.808012e+14,-7.680893e+14,2.969151e+07,5.122454e+14,6.493596e+08,7.361329e+07,-1.552344e+16,-1.625325e+15,-1.779018e+16,1.523712e+07,7.324776e+13,3.325405e+07,9.661367e+05,2.697826e+12,7.088188e+12,6.702245e+12,2,77
3.683904e+07,3.190518e+14,1.692049e+08,8.495153e+06,-3.167535e+14,-1.505492e+14,-3.218889e+14,3.084026e+07,5.724648e+14,5.153622e+08,5.627945e+07,-9.237866e+15,-1.314994e+15,-8.821671e+15,1.297979e+07,3.688963e+13,1.940675e+07,6.623161e+04,1.801428e+10,-4.007204e+11,-7.827931e+10,1,85
3.031052e+07,1.296764e+14,1.962531e+08,1.036545e+07,-4.132921e+14,-1.096937e+14,-4.150745e+14,2.478660e+07,2.887162e+14,5.582414e+08,6.049902e+07,-9.600137e+15,-9.441249e+14,-1.072506e+16,1.341200e+07,3.130817e+13,3.645942e+07,2.625557e+05,-8.102879e+11,1.448834e+12,7.029031e+09,1,38
2.913110e+07,1.629844e+14,2.281995e+08,1.087015e+07,-1.995436e+14,-8.872903e+13,-1.739030e+14,2.441357e+07,3.058580e+14,5.929661e+08,6.072868e+07,-1.102911e+16,-1.036749e+15,-9.694584e+15,1.165407e+07,2.235959e+13,3.884189e+07,1.509622e+05,1.669327e+11,-6.904438e+11,-3.272579e+11,1,91
4.469062e+07,5.670445e+14,4.369661e+08,3.173081e+07,-2.979323e+15,-6.899494e+14,-2.805638e+15,3.693666e+07,1.022602e+15,6.834310e+08,7.569619e+07,-1.662707e+16,-2.368453e+15,-2.018743e+16,1.313773e+07,6.013060e+13,1.488588e+07,1.650893e+05,-2.548672e+11,-6.149582e+11,-3.841502e+09,3,100
3.260744e+07,2.261837e+14,2.438663e+08,1.665376e+07,-8.128307e+14,-2.148630e+14,-8.151195e+14,2.739017e+07,4.192495e+14,6.874157e+08,9.428498e+07,-1.781472e+16,-1.612382e+15,-2.065295e+16,1.235863e+07,3.108600e+13,2.112970e+07,8.432004e+05,2.742031e+12,-2.580911e+12,1.949414e+12,0,10
5.107841e+07,5.261384e+14,4.437099e+08,2.063202e+07,-1.673609e+15,-4.251883e+14,-1.706532e+15,4.116539e+07,1.082240e+15,8.623543e+08,1.063413e+08,-3.219930e+16,-3.497060e+15,-2.814858e+16,1.823618e+07,1.313512e+14,2.980262e+07,6.452241e+05,1.772557e+12,4.150794e+12,-2.107852e+12,1,99
3.413119e+07,2.680865e+14,3.657389e+08,2.181176e+07,-1.808672e+15,-3.418208e+14,-1.858033e+15,2.795213e+07,5.096328e+14,5.523022e+08,5.270898e+07,-8.985696e+15,-1.188909e+15,-8.098963e+15,1.157903e+07,3.864406e+13,2.126662e+07,3.524495e+05,-8.480920e+11,-1.804294e+12,-4.657205e+11,1,83
4.331994e+07,4.310081e+14,4.723272e+08,3.364879e+07,-2.988568e+15,-5.959252e+14,-2.973696e+15,3.531790e+07,8.552420e+14,6.710088e+08,7.732308e+07,-1.724071e+16,-2.228152e+15,-1.330649e+16,1.455802e+07,6.417998e+13,1.646657e+07,2.443132e+05,-4.405861e+11,-3.545215e+11,-2.061637e+11,0,28
3.051281e+07,2.150839e+14,2.681906e+08,1.488310e+07,-5.125414e+14,-1.530312e+14,-4.545014e+14,2.545372e+07,3.896146e+14,3.459278e+08,3.566895e+07,-2.586337e+15,-5.552280e+14,-2.284682e+15,1.080186e+07,3.571286e+13,1.606823e+07,3.109780e+05,5.125501e+11,1.232572e+12,1.842856e+11,3,59
4.287390e+07,6.008151e+14,5.283975e+08,4.717832e+07,-6.575881e+15,-1.084515e+15,-6.706955e+15,3.610788e+07,9.816254e+14,5.707332e+08,6.088459e+07,-1.111904e+16,-1.887417e+15,-9.637205e+15,1.159675e+07,4.771083e+13,6.807002e+06,2.183255e+04,-7.978674e+09,-4.864796e+10,5.805683e+07,0,101
3.640372e+07,2.323468e+14,1.880469e+08,1.106015e+07,-4.100086e+14,-1.505151e+14,-4.147703e+14,2.977115e+07,4.786696e+14,5.864787e+08,6.693404e+07,-1.317339e+16,-1.455190e+15,-1.195542e+16,1.452831e+07,4.806373e+13,2.971227e+07,3.054623e+05,-5.903467e+10,1.674721e+12,-8.398725e+11,0,2
4.774496e+07,4.500713e+14,4.722518e+08,3.138815e+07,-3.500939e+15,-6.294672e+14,-3.604719e+15,3.802139e+07,9.604894e+14,7.463769e+08,8.518067e+07,-2.147594e+16,-2.639367e+15,-1.892780e+16,1.680898e+07,1.046007e+14,2.260598e+07,1.483886e+04,8.592109e+09,1.478604e+11,1.246406e+09,2,99
3.385286e+07,2.492363e+14,3.397736e+08,1.590868e+07,-1.127669e+15,-2.443474e+14,-1.166746e+15,2.720103e+07,5.044059e+14,4.923244e+08,5.346251e+07,-8.666472e+15,-1.200301e+15,-8.033225e+15,1.141667e+07,4.424698e+13,1.711140e+07,7.043166e+05,1.758506e+12,3.871183e+12,2.132306e+12,0,14
3.859990e+07,3.625610e+14,3.823372e+08,2.972540e+07,-2.911326e+15,-5.339084e+14,-2.990814e+15,3.193416e+07,6.605150e+14,7.376975e+08,8.651160e+07,-2.158210e+16,-2.204549e+15,-2.006173e+16,1.290198e+07,4.520155e+13,1.896603e+07,3.542780e+05,9.094402e+11,-8.393673e+11,-3.571559e+10,1,84
3.343408e+07,2.335430e+14,2.566560e+08,1.390974e+07,-7.660468e+14,-2.048789e+14,-7.833917e+14,2.753529e+07,4.595577e+14,5.836910e+08,6.272629e+07,-1.127097e+16,-1.291059e+15,-9.753635e+15,1.225793e+07,3.516234e+13,2.366901e+07,6.648332e+02,6.410685e+07,3.658336e+09,-5.356927e+07,3,92
4.752108e+07,5.400608e+14,5.018952e+08,4.246673e+07,-6.199748e+15,-9.868315e+14,-5.985619e+15,3.918446e+07,1.052140e+15,7.749403e+08,9.931514e+07,-1.970074e+16,-2.667204e+15,-2.831209e+16,1.595583e+07,6.963654e+13,1.297367e+07,1.071187e+06,1.788099e+12,-7.887340e+12,2.434448e+12,3,49
4.028715e+07,3.575217e+14,4.792086e+08,2.594040e+07,-2.869803e+15,-4.881910e+14,-2.948599e+15,3.201799e+07,7.409234e+14,4.400487e+08,3.735141e+07,-4.761884e+15,-1.013959e+15,-4.389295e+15,1.311036e+07,7.081030e+13,2.216602e+07,1.159740e+06,-5.552019e+12,-4.594037e+12,1.915227e+12,0,40
3.858177e+07,3.127662e+14,3.635301e+08,2.189071e+07,-1.748477e+15,-3.663680e+14,-1.789733e+15,3.100604e+07,6.418435e+14,5.094158e+08,4.665791e+07,-7.191356e+15,-1.181954e+15,-6.272439e+15,1.332321e+07,6.175875e+13,2.280566e+07,1.649495e+05,-2.870864e+11,-1.075565e+12,-7.103753e+10,2,57
4.473905e+07,6.098790e+14,4.346898e+08,3.591781e+07,-4.410558e+15,-8.753574e+14,-4.513574e+15,3.749727e+07,1.027176e+15,7.822576e+08,9.604463e+07,-2.431889e+16,-2.928408e+15,-2.603019e+16,1.280563e+07,5.285375e+13,1.124507e+07,6.029887e+05,7.998319e+10,-4.145192e+12,9.423410e+11,0,95
4.783960e+07,4.941290e+14,5.214123e+08,3.191548e+07,-4.041821e+15,-7.028631e+14,-3.836682e+15,3.840365e+07,1.005123e+15,7.066537e+08,7.849247e+07,-1.847811e+16,-2.487779e+15,-1.973639e+16,1.617862e+07,9.074195e+13,1.816395e+07,4.977421e+05,2.074977e+11,2.619038e+12,-1.067532e+12,2,60
2.925781e+03,8.540890e+06,1.161492e+04,1.147419e+04,1.324620e+08,3.340074e+07,2.291928e+07,2.989866e+03,8.235328e+06,2.784918e+04,1.456279e+04,2.846374e+08,3.147586e+07,3.818058e+08,6.762165e+01,4.122187e+03,1.761783e+00,1.510963e+00,2.464451e+00,9.244044e+01,7.527443e-01,2,73
6.913858e+07,7.204354e+14,4.228464e+08,1.482010e+07,-1.006230e+15,-3.656793e+14,-9.327003e+14,5.266611e+07,1.895819e+15,9.357623e+08,1.170578e+08,-3.817692e+16,-5.049769e+15,-4.309653e+16,2.582794e+07,3.015560e+14,3.767025e+07,1.304332e+06,1.490458e+12,8.428470e+12,-9.694524e+12,3,67
5.030323e+07,5.001722e+14,4.725109e+08,2.852064e+07,-1.911977e+15,-4.613303e+14,-1.857706e+15,3.997731e+07,1.064263e+15,8.115811e+08,1.018394e+08,-2.609543e+16,-3.083459e+15,-2.433735e+16,1.770422e+07,1.098091e+14,1.928403e+07,7.078341e+05,-3.457250e+10,2.623380e+12,-2.683957e+12,2,70
3.927830e+07,2.873752e+14,4.281098e+08,2.455560e+07,-2.517289e+15,-4.162101e+14,-2.434946e+15,3.158296e+07,6.142092e+14,6.294235e+08,6.683151e+07,-1.302675e+16,-1.606148e+15,-1.472672e+16,1.463294e+07,5.988819e+13,2.554204e+07,7.306874e+04,5.159181e+10,4.093904e+11,7.926127e+10,3,52
3.523437e+07,3.438921e+14,4.278210e+08,3.163529e+07,-3.384837e+15,-5.556349e+14,-3.477727e+15,2.929644e+07,6.004023e+14,6.232159e+08,7.172609e+07,-1.511232e+16,-1.753110e+15,-1.352650e+16,1.075602e+07,3.544554e+13,1.018052e+07,7.602272e+04,4.167048e+10,3.703652e+11,-5.251499e+10,1,43
4.659720e+07,6.114280e+14,4.135912e+08,2.816427e+07,-2.976963e+15,-6.877009e+14,-2.834038e+15,3.891026e+07,1.063461e+15,8.873142e+08,1.142798e+08,-3.530438e+16,-3.655521e+15,-4.002799e+16,1.418331e+07,6.362564e+13,1.520566e+07,1.345058e+06,-4.499932e+12,-1.065301e+13,3.669508e+12,1,95
3.420052e+07,3.108039e+14,3.453112e+08,2.296069e+07,-1.990475e+15,-3.972558e+14,-2.037364e+15,2.864692e+07,5.406000e+14,6.173090e+08,6.545326e+07,-1.180033e+16,-1.431607e+15,-1.276148e+16,1.102014e+07,3.084286e+13,1.616308e+07,2.936167e+04,-1.995471e+10,-9.021210e+10,-1.662066e+09,0,62
2.721805e+07,1.154277e+14,2.373811e+08,1.724558e+07,-1.102380e+15,-1.852270e+14,-1.099050e+15,2.277085e+07,2.309426e+14,4.345769e+08,2.474186e+07,-2.516775e+15,-3.725224e+14,-2.614069e+15,1.202715e+07,2.714672e+13,4.226157e+07,3.949184e+06,4.584970e+13,4.407279e+12,1.184773e+13,0,9
4.015373e+07,3.231864e+14,2.581272e+08,1.725914e+07,-1.132444e+15,-3.062260e+14,-1.152742e+15,3.325648e+07,6.185072e+14,7.376638e+08,1.064595e+08,-2.979915e+16,-2.645356e+15,-2.917976e+16,1.528409e+07,6.694258e+13,2.395927e+07,2.135469e+06,1.076966e+13,-7.205395e+12,9.023335e+12,3,87
5.174076e+07,8.583631e+14,5.290511e+08,4.647933e+07,-7.264358e+15,-1.357715e+15,-7.205116e+15,4.313764e+07,1.448486e+15,7.453708e+08,8.787282e+07,-2.103060e+16,-3.214496e+15,-2.337706e+16,1.385171e+07,7.414286e+13,7.413280e+06,4.541788e+05,-4.992201e+11,-3.860750e+12,3.656142e+11,3,86
4.198055e+07,2.710000e+14,3.094935e+08,1.751804e+07,2.152394e+14,-6.849620e+13,4.171495e+14,3.303550e+07,6.511847e+14,6.950570e+08,8.271213e+07,-1.937030e+16,-2.080244e+15,-1.376852e+16,1.663725e+07,8.482091e+13,3.522310e+07,2.263465e+05,3.461916e+11,1.435808e+12,-5.462692e+11,1,81
2.957770e+07,1.376119e+14,2.510287e+08,1.258451e+07,-7.054339e+14,-1.474572e+14,-7.012780e+14,2.364905e+07,3.119572e+14,4.054574e+08,3.244084e+07,-3.710416e+15,-5.728185e+14,-3.753870e+15,1.191831e+07,3.663459e+13,2.970428e+07,1.060773e+06,1.381476e+12,-6.003567e+12,-5.814889e+12,2,66
3.403154e+07,2.270265e+14,2.017499e+08,2.300986e+07,8.955640e+14,2.360885e+13,1.235452e+15,2.828548e+07,4.312005e+14,6.885208e+08,8.824866e+07,-1.735634e+16,-1.582808e+15,-1.193524e+16,1.327091e+07,3.591555e+13,3.344067e+07,5.684945e+05,-3.574766e+11,2.628260e+12,-2.563156e+12,0,33
3.187956e+07,1.803592e+14,2.842497e+08,1.737533e+07,-1.209887e+15,-2.300864e+14,-1.223446e+15,2.605551e+07,3.775000e+14,5.028288e+08,5.078047e+07,-6.349769e+15,-8.633413e+14,-7.827222e+15,1.265691e+07,3.580834e+13,2.229178e+07,3.096324e+04,2.414626e+10,-3.020787e+10,4.067311e+09,0,53
5.242182e+07,3.552234e+14,4.384616e+08,2.165718e+07,-2.978025e+14,-1.759486e+14,-3.146619e+13,4.060454e+07,9.359743e+14,6.491428e+08,6.302679e+07,-9.406980e+15,-1.624489e+15,-7.354647e+15,2.182814e+07,1.528856e+14,4.757728e+07,5.841220e+05,-1.527990e+12,-1.191890e+11,2.393662e+12,2,59
4.194169e+07,3.865363e+14,3.263536e+08,1.435691e+07,-9.701670e+14,-2.807282e+14,-9.368345e+14,3.485615e+07,7.158010e+14,8.670292e+08,1.182117e+08,-3.779513e+16,-3.156768e+15,-3.751361e+16,1.520110e+07,8.460543e+13,2.304983e+07,7.564922e+05,-9.601157e+11,-6.614963e+11,-4.144199e+12,0,16
4.906077e+07,5.499008e+14,5.504820e+08,3.025113e+07,-3.703698e+15,-6.860127e+14,-3.836289e+15,3.915643e+07,1.119581e+15,7.202775e+08,8.480508e+07,-2.094418e+16,-2.836039e+15,-1.853017e+16,1.570652e+07,9.854247e+13,1.721332e+07,1.065634e+06,2.356491e+12,7.561891e+12,-3.851956e+12,2,74
3.687433e+07,3.382144e+14,3.009067e+08,1.922649e+07,-1.211912e+15,-3.150284e+14,-1.036476e+15,3.079098e+07,6.007644e+14,6.466686e+08,7.374450e+07,-1.378610e+16,-1.654104e+15,-1.375210e+16,1.240349e+07,3.816465e+13,1.851943e+07,8.041931e+04,-8.834620e+10,-3.521717e+11,4.636084e+10,3,102
3.824450e+07,3.332734e+14,3.233586e+08,2.598299e+07,-2.255718e+15,-4.582342e+14,-2.284300e+15,3.128806e+07,6.354825e+14,6.228637e+08,7.082956e+07,-1.483194e+16,-1.782151e+15,-1.410370e+16,1.304064e+07,4.851374e+13,1.379441e+07,3.202445e+05,5.478417e+11,-1.534255e+12,1.115791e+11,1,69
5.375409e+07,9.536188e+14,5.584318e+08,5.405147e+07,-8.792885e+15,-1.607097e+15,-8.359299e+15,4.502090e+07,1.591747e+15,8.030803e+08,9.712687e+07,-2.664544e+16,-3.832949e+15,-3.076879e+16,1.414199e+07,7.697605e+13,6.370173e+06,8.908787e+05,-1.486033e+11,-7.196032e+12,6.864459e+11,0,86
3.430205e+07,3.985589e+14,3.822181e+08,2.993611e+07,-3.117288e+15,-5.870051e+14,-3.199241e+15,2.936858e+07,6.205129e+14,4.003208e+08,3.622795e+07,-4.333374e+15,-8.994073e+14,-4.047098e+15,9.405785e+06,3.031247e+13,8.760314e+06,2.015159e+05,-1.169355e+11,-1.109367e+12,-1.601135e+11,0,104
3.263404e+07,2.954136e+14,2.722123e+08,3.011530e+07,-9.101866e+14,-3.215680e+14,-6.780121e+14,2.867519e+07,4.752344e+14,6.561117e+08,7.791648e+07,-1.711668e+16,-1.669041e+15,-1.098137e+16,1.148775e+07,1.694438e+13,1.274924e+07,1.620678e+06,6.794007e+12,-5.008351e+12,3.333833e+11,0,12
3.506119e+07,2.141060e+14,2.696524e+08,1.271606e+07,-4.418841e+14,-1.318724e+14,-4.195661e+14,2.816228e+07,4.605325e+14,4.725623e+08,3.772319e+07,-4.506707e+15,-7.605221e+14,-3.954678e+15,1.360273e+07,5.456124e+13,3.318540e+07,9.240021e+05,-2.278552e+12,-6.823015e+12,-3.700714e+12,0,54
4.856529e+07,5.534014e+14,5.461680e+08,3.367129e+07,-4.052432e+15,-7.415183e+14,-4.110230e+15,3.901212e+07,1.095781e+15,7.554838e+08,8.867305e+07,-2.281945e+16,-2.926152e+15,-2.084798e+16,1.549141e+07,9.188432e+13,1.802449e+07,5.434729e+05,3.201176e+11,2.638844e+12,-1.591253e+12,1,74
3.482172e+07,2.965206e+14,3.596224e+08,2.151703e+07,-1.851411e+15,-3.650831e+14,-1.863481e+15,2.857189e+07,5.544729e+14,5.805062e+08,6.372133e+07,-1.187274e+16,-1.474745e+15,-1.085945e+16,1.135807e+07,3.915387e+13,1.597244e+07,1.314958e+05,1.895360e+11,8.226947e+11,1.861036e+10,2,83
3.754356e+07,3.073104e+14,2.737472e+08,1.427247e+07,-8.593782e+14,-2.446706e+14,-8.267618e+14,3.092636e+07,5.835198e+14,6.998281e+08,8.356768e+07,-1.973998e+16,-1.991101e+15,-1.958430e+16,1.339696e+07,4.481068e+13,2.415232e+07,2.004594e+05,-3.449581e+11,-1.238827e+12,2.765380e+11,1,92
4.542611e+07,6.096372e+14,4.748644e+08,3.818103e+07,-4.864464e+15,-9.177657e+14,-5.029246e+15,3.771386e+07,1.051646e+15,7.055722e+08,7.879536e+07,-1.840364e+16,-2.544743e+15,-1.688374e+16,1.303282e+07,5.958622e+13,9.029402e+06,9.447278e+04,-8.489573e+10,-3.432107e+11,8.424116e+08,3,101
5.199496e+07,3.510399e+14,3.560554e+08,1.619229e+07,-7.111389e+14,-2.368338e+14,-7.148188e+14,4.065748e+07,9.107682e+14,8.684777e+08,1.264208e+08,-3.744560e+16,-3.552777e+15,-3.982161e+16,2.194320e+07,1.747570e+14,3.237017e+07,1.326273e+06,-8.626820e+12,-1.500335e+13,-5.557967e+11,1,56
3.907988e+07,3.996854e+14,3.104065e+08,2.337413e+07,-1.890164e+15,-4.546440e+14,-1.889843e+15,3.243230e+07,7.102048e+14,7.541924e+08,9.606440e+07,-2.585740e+16,-2.560053e+15,-2.474895e+16,1.244431e+07,5.223957e+13,1.267474e+07,7.336659e+05,4.495334e+11,-4.224668e+12,1.713379e+12,0,25
3.161725e+07,2.830271e+14,2.957465e+08,2.089617e+07,-1.636719e+15,-3.499432e+14,-1.629804e+15,2.717990e+07,4.582366e+14,5.767483e+08,5.835812e+07,-9.486078e+15,-1.163586e+15,-1.097017e+16,1.037107e+07,2.153918e+13,1.686039e+07,3.848971e+04,-1.117621e+10,1.425756e+11,2.343526e+10,2,71
2.383194e+07,9.111463e+13,1.534630e+08,1.286441e+07,-9.143812e+13,-6.504926e+13,-4.741114e+13,2.033931e+07,1.765594e+14,4.039079e+08,2.639659e+07,-2.676443e+15,-3.477701e+14,-1.835374e+15,1.079522e+07,1.724282e+13,3.473307e+07,1.404013e+06,1.761022e+12,4.126428e+12,5.979010e+12,1,75
4.626030e+07,6.707920e+14,5.827278e+08,5.215923e+07,-8.834612e+15,-1.333058e+15,-9.075678e+15,3.880251e+07,1.118956e+15,6.456163e+08,6.793743e+07,-1.414439e+16,-2.266389e+15,-1.251760e+16,1.290938e+07,5.760761e+13,9.312983e+06,6.334161e+04,2.633747e+10,-4.283301e+11,1.370603e+10,1,101
5.183248e+07,6.366866e+14,5.575834e+08,3.644970e+07,-4.676658e+15,-8.690197e+14,-4.220678e+15,4.125325e+07,1.283291e+15,7.214460e+08,8.462685e+07,-2.052308e+16,-2.995323e+15,-2.166985e+16,1.602187e+07,1.156168e+14,1.375139e+07,5.580937e+05,4.526882e+11,2.849087e+12,-1.396270e+12,0,23
2.656428e+07,1.623009e+14,2.796677e+08,1.991946e+07,-1.354704e+15,-2.367792e+14,-1.397545e+15,2.274955e+07,2.738451e+14,3.892128e+08,2.293099e+07,-1.914654e+15,-3.535455e+14,-1.783960e+15,1.001864e+07,2.346383e+13,2.745250e+07,2.204022e+06,1.674625e+13,-1.953714e+12,-5.580847e+12,0,37
3.758231e+07,3.131584e+14,2.106196e+08,1.371431e+07,-3.415846e+13,-9.247595e+13,1.200932e+14,3.146119e+07,6.211963e+14,6.187901e+08,7.790070e+07,-1.550877e+16,-1.831155e+15,-9.560830e+15,1.377862e+07,4.237680e+13,2.429909e+07,7.609103e+05,3.568839e+11,-4.702506e+12,3.723121e+12,0,85
3.754853e+07,3.869318e+14,3.592337e+08,2.904238e+07,-2.397409e+15,-5.027342e+14,-2.421636e+15,3.133234e+07,6.708982e+14,6.791659e+08,7.746818e+07,-1.759643e+16,-1.992739e+15,-1.535628e+16,1.167322e+07,3.913522e+13,1.603755e+07,3.030363e+05,5.516755e+11,-1.106068e+12,1.427012e+11,0,96
2.835816e+07,1.443718e+14,1.989016e+08,1.321988e+07,-2.661273e+14,-9.627483e+13,-2.207509e+14,2.342438e+07,2.863485e+14,4.946084e+08,6.025556e+07,-9.594170e+15,-9.729894e+14,-8.256696e+15,1.144131e+07,2.443007e+13,2.617694e+07,3.631700e+05,1.119302e+12,-8.223205e+11,-1.547022e+11,0,78
4.539991e+07,3.423769e+14,3.653548e+08,1.706696e+07,-1.154100e+15,-2.878181e+14,-1.176020e+15,3.631931e+07,7.636961e+14,8.326652e+08,1.121481e+08,-3.226284e+16,-2.966415e+15,-3.214829e+16,1.781920e+07,9.686968e+13,2.738907e+07,8.241529e+05,-3.628058e+12,-4.482704e+12,-2.085224e+12,2,56
4.136867e+07,4.452878e+14,3.002824e+08,1.919701e+07,-1.435651e+15,-4.018636e+14,-1.449077e+15,3.475405e+07,7.694770e+14,8.909605e+08,1.178800e+08,-3.777807e+16,-3.244180e+15,-3.693554e+16,1.365492e+07,5.592719e+13,1.630088e+07,8.433907e+05,-5.990113e+11,-5.893132e+12,3.041036e+12,0,69
3.557681e+07,2.823482e+14,3.122837e+08,1.881346e+07,-1.438718e+15,-3.160039e+14,-1.469673e+15,2.890556e+07,5.506165e+14,4.991481e+08,4.576086e+07,-6.881775e+15,-1.071275e+15,-6.844271e+15,1.211161e+07,4.848834e+13,2.092247e+07,1.514912e+05,-6.841143e+10,-1.054797e+12,-1.894501e+11,3,57
3.493563e+07,2.832034e+14,3.049197e+08,1.650069e+07,-1.019449e+15,-2.600576e+14,-1.032218e+15,2.854857e+07,5.395658e+14,4.747862e+08,4.253908e+07,-5.988078e+15,-9.829346e+14,-5.514660e+15,1.172021e+07,4.550935e+13,2.156341e+07,3.277729e+05,-8.662204e+11,-1.610852e+12,3.794493e+10,1,57
3.751153e+07,4.089035e+14,5.193054e+08,3.977973e+07,-4.832107e+15,-7.239114e+14,-4.383741e+15,3.134388e+07,6.960727e+14,4.095931e+08,3.346801e+07,-3.489673e+15,-8.287715e+14,-3.603010e+15,1.113689e+07,4.449065e+13,1.453033e+07,6.753846e+05,-8.474477e+11,-4.504860e+12,-1.411671e+12,2,89
2.067991e+07,9.558751e+13,1.563321e+08,1.302729e+07,-5.843647e+14,-1.265691e+14,-5.876858e+14,1.872719e+07,1.374509e+14,3.597354e+08,1.370928e+07,-9.621307e+14,-1.606007e+14,-9.457551e+14,8.956110e+06,1.441522e+13,3.541852e+07,5.160605e+06,5.733573e+13,1.194580e+13,8.541291e+12,0,94
5.874210e+07,6.326084e+14,6.395141e+08,3.745522e+07,-5.005850e+15,-8.446188e+14,-5.117681e+15,4.493311e+07,1.517090e+15,6.574231e+08,7.955443e+07,-1.609186e+16,-2.869917e+15,-1.516871e+16,1.982072e+07,2.040020e+14,1.298971e+07,1.529190e+06,6.710649e+12,2.127101e+13,3.575626e+11,0,79
4.388696e+07,3.684719e+14,3.705829e+08,3.086454e+07,-1.160988e+15,-3.715109e+14,-7.265903e+14,3.592401e+07,7.800912e+14,6.346073e+08,6.366471e+07,-1.249609e+16,-1.755953e+15,-1.617174e+16,1.673006e+07,7.076377e+13,2.185401e+07,2.758685e+05,3.036405e+11,-2.280848e+12,3.171891e+11,0,21
4.143287e+07,3.027219e+14,3.997760e+08,1.958567e+07,-1.660561e+15,-3.319268e+14,-1.712263e+15,3.288117e+07,6.764198e+14,7.424090e+08,9.292389e+07,-2.435069e+16,-2.413097e+15,-2.224560e+16,1.548230e+07,8.447306e+13,2.066331e+07,7.309992e+05,2.543726e+12,6.115888e+12,-2.862064e+11,0,82
3.134885e+07,2.460368e+14,3.535644e+08,2.415144e+07,-1.870389e+15,-3.433268e+14,-1.864268e+15,2.568891e+07,4.559892e+14,4.865435e+08,5.192814e+07,-7.415147e+15,-1.043541e+15,-7.662275e+15,1.002943e+07,3.206147e+13,1.389162e+07,9.426880e+04,-9.184849e+10,-1.019925e+11,5.613635e+10,0,83
3.645480e+07,3.085149e+14,3.881586e+08,3.232425e+07,-3.044807e+15,-5.097791e+14,-3.095703e+15,3.038406e+07,5.599925e+14,5.141433e+08,5.133321e+07,-8.148830e+15,-1.198312e+15,-6.926700e+15,1.282668e+07,4.441107e+13,1.440933e+07,5.267769e+04,-4.266169e+10,3.510457e+11,1.930091e+10,1,48
4.887794e+07,4.325845e+14,3.382194e+08,1.561018e+07,-9.858385e+14,-3.073499e+14,-9.435708e+14,3.888671e+07,9.484492e+14,8.770260e+08,1.149739e+08,-3.640460e+16,-3.537256e+15,-3.784532e+16,1.810068e+07,1.167087e+14,2.441387e+07,1.022904e+06,-4.889582e+12,-7.139481e+12,-1.626847e+12,3,84
3.793396e+07,3.971477e+14,4.132233e+08,3.168121e+07,-3.147243e+15,-5.823704e+14,-2.831879e+15,3.161579e+07,6.932045e+14,5.572515e+08,5.705902e+07,-1.016375e+16,-1.501027e+15,-1.126216e+16,1.168795e+07,4.246692e+13,1.193386e+07,1.378058e+04,5.470511e+09,8.735858e+10,-8.536377e+07,0,60
3.755307e+07,3.684022e+14,4.633600e+08,3.612318e+07,-4.302915e+15,-6.630773e+14,-3.948775e+15,3.118121e+07,6.560439e+14,5.130521e+08,4.978185e+07,-7.899825e+15,-1.270164e+15,-8.528887e+15,1.198809e+07,4.513375e+13,1.336778e+07,1.200698e+04,-4.790799e+09,-4.360000e+10,1.218561e+09,3,60
4.325998e+07,5.071975e+14,3.520825e+08,2.363059e+07,-1.582625e+15,-4.580949e+14,-1.583786e+15,3.602927e+07,8.852305e+14,7.877591e+08,9.956965e+07,-2.639735e+16,-2.867118e+15,-2.562552e+16,1.351385e+07,5.283509e+13,1.557557e+07,5.898414e+05,-1.599273e+12,-3.656743e+12,8.616768e+11,0,13
4.574277e+07,4.502776e+14,2.904048e+08,1.541020e+07,-9.969208e+14,-3.221394e+14,-1.057742e+15,3.759830e+07,8.620915e+14,7.241862e+08,1.000080e+08,-2.674650e+16,-2.927167e+15,-2.597792e+16,1.639099e+07,7.053517e+13,1.963791e+07,1.817234e+06,-8.376879e+12,-1.491679e+13,6.624775e+12,0,30
3.426227e+07,2.082731e+14,2.612381e+08,1.108454e+07,-5.166683e+14,-1.466741e+14,-5.289213e+14,2.738778e+07,4.579513e+14,5.606576e+08,6.196660e+07,-1.150755e+16,-1.323102e+15,-9.997086e+15,1.295658e+07,4.811605e+13,2.818843e+07,1.696698e+05,4.732496e+10,7.111015e+11,4.194775e+11,3,81
3.017704e+07,2.790296e+14,3.108956e+08,2.954798e+07,-2.825215e+15,-4.926285e+14,-2.760882e+15,2.584695e+07,4.424603e+14,5.225110e+08,6.005448e+07,-1.061567e+16,-1.261994e+15,-1.072958e+16,9.142792e+06,1.940930e+13,6.718225e+06,4.276580e+05,5.285063e+11,-1.401366e+12,4.444863e+10,3,63
3.059083e+07,1.335941e+14,1.607020e+08,8.562028e+06,-2.960615e+14,-9.544625e+13,-3.107468e+14,2.565817e+07,2.749739e+14,5.947122e+08,7.795377e+07,-1.639744e+16,-1.275488e+15,-1.422141e+16,1.411547e+07,2.992462e+13,4.026801e+07,8.651607e+05,-2.075293e+10,3.663305e+12,-5.688446e+12,2,64
4.407110e+07,3.912388e+14,3.890564e+08,3.475807e+07,-1.535779e+15,-4.232857e+14,-1.208146e+15,3.533823e+07,8.138951e+14,7.020682e+08,8.259825e+07,-1.760845e+16,-2.192951e+15,-1.341710e+16,1.557601e+07,7.626641e+13,1.776308e+07,4.093333e+05,3.834220e+11,-3.187355e+12,5.166050e+11,2,69
3.368613e+07,3.290809e+14,2.998674e+08,3.139493e+07,-2.126766e+15,-4.659201e+14,-2.084756e+15,2.925310e+07,5.094812e+14,6.568221e+08,7.716628e+07,-1.592575e+16,-1.653273e+15,-1.391942e+16,1.111574e+07,2.133616e+13,1.160566e+07,8.663097e+05,2.746834e+12,-1.774241e+12,-5.169069e+11,2,12
3.594999e+07,2.253719e+14,2.498932e+08,1.450232e+07,-2.837029e+14,-1.157447e+14,-1.973514e+14,2.934945e+07,4.677456e+14,6.455180e+08,7.462569e+07,-1.231509e+16,-1.343537e+15,-1.171170e+16,1.441006e+07,4.356815e+13,3.152442e+07,1.278696e+04,8.010073e+09,-4.546579e+10,4.392357e+08,1,10
3.898406e+07,3.548892e+14,5.004452e+08,3.083536e+07,-3.694508e+15,-5.694698e+14,-3.815632e+15,3.159057e+07,6.883719e+14,5.781781e+08,6.193856e+07,-1.113037e+16,-1.577706e+15,-1.096299e+16,1.275354e+07,5.497063e+13,1.532849e+07,4.463322e+05,5.459239e+11,2.246930e+12,1.094558e+12,0,43
6.029075e+07,6.274138e+14,4.502086e+08,2.109786e+07,-1.729196e+15,-4.816905e+14,-1.723371e+15,4.660570e+07,1.500334e+15,8.411167e+08,1.064889e+08,-3.050997e+16,-4.021392e+15,-3.115553e+16,2.158728e+07,2.134589e+14,2.742022e+07,9.512112e+05,-1.021561e+12,7.394073e+11,-4.990185e+12,0,67
2.991570e+07,1.654988e+14,2.667498e+08,1.983043e+07,-1.144023e+15,-2.327105e+14,-1.011748e+15,2.499613e+07,3.267409e+14,4.906432e+08,4.469809e+07,-6.346185e+15,-7.857037e+14,-7.858092e+15,1.215288e+07,2.867116e+13,2.274132e+07,2.522414e+05,-2.422423e+11,1.186976e+12,4.634192e+11,2,53
3.307819e+07,2.196768e+14,2.286038e+08,1.774744e+07,-7.761948e+14,-2.159891e+14,-7.695378e+14,2.725056e+07,4.280660e+14,6.276860e+08,7.507677e+07,-1.629054e+16,-1.552428e+15,-1.402009e+16,1.243583e+07,3.524227e+13,2.172615e+07,6.592355e+05,2.238141e+12,3.020097e+11,-1.196048e+12,3,65
4.949396e+07,4.854207e+14,6.509330e+08,3.864592e+07,-6.046561e+15,-8.427045e+14,-5.835456e+15,3.878783e+07,1.072165e+15,4.859675e+08,4.605409e+07,-6.836406e+15,-1.502295e+15,-7.054866e+15,1.675777e+07,1.218636e+14,2.073654e+07,1.023915e+06,-2.030394e+12,-5.978014e+11,4.355141e+12,3,76
3.483057e+07,3.278636e+14,3.514069e+08,2.720095e+07,-2.286890e+15,-4.532016e+14,-2.139817e+15,2.924955e+07,5.609827e+14,6.874207e+08,8.194081e+07,-1.909635e+16,-1.915623e+15,-1.990069e+16,1.114567e+07,3.123212e+13,1.472768e+07,3.540646e+05,3.137930e+11,-1.765838e+12,4.926689e+11,1,102
5.752307e+07,6.895971e+14,4.022681e+08,2.071615e+07,-1.884861e+15,-5.429186e+14,-1.830369e+15,4.705554e+07,1.375632e+15,1.056703e+09,1.540617e+08,-5.732912e+16,-5.430659e+15,-6.739751e+16,2.079629e+07,1.668659e+14,2.049333e+07,2.289094e+06,-1.435175e+13,-2.858771e+13,4.374993e+12,0,73
