2.769083e+08,4.540155e+15,3.655217e+07,3.263156e+07,9.109802e+14,2.187110e+15,1.518687e+15,1.134909e+08,9.274096e+15,8.004445e+08,1.008971e+08,-2.863161e+16,-9.710350e+15,-2.533904e+16,1.808596e+08,2.722383e+16,3.429929e+07,3.553360e+07,1.145027e+15,5.857794e+15,4.652444e+14,0,57
2.536206e+08,4.974744e+15,6.730688e+07,1.615212e+07,-5.322973e+14,-2.894294e+14,-6.151778e+14,1.023646e+08,6.670500e+15,8.131550e+08,1.088471e+08,-2.950166e+16,-8.333346e+15,-1.844171e+16,1.722879e+08,2.308878e+16,6.353539e+06,1.793891e+07,1.615061e+14,2.142316e+15,-9.744166e+13,0,58
2.590810e+08,6.723500e+15,1.145609e+08,8.185970e+07,6.008260e+15,6.537061e+15,1.032617e+16,1.014945e+08,5.756567e+15,6.947549e+08,9.186414e+07,-2.271774e+16,-6.859063e+15,-1.854272e+16,1.833141e+08,2.606259e+16,7.018644e+07,9.989956e+07,7.753720e+15,1.610683e+16,2.917661e+15,0,78
2.692235e+08,5.963611e+15,5.851511e+07,9.730204e+07,-3.046982e+15,2.912537e+15,9.413271e+14,1.089521e+08,7.296327e+15,7.151120e+08,9.191125e+07,-2.073869e+16,-7.162701e+15,-8.766389e+15,1.848122e+08,2.714032e+16,1.056607e+08,7.340379e+07,6.280745e+15,1.200836e+16,4.602183e+15,2,51
2.754045e+08,8.496596e+15,1.621532e+08,5.737033e+07,5.306221e+15,5.124433e+15,5.981884e+15,1.061230e+08,6.061669e+15,6.913521e+08,9.064467e+07,-2.268362e+16,-7.043313e+15,-2.098014e+16,1.975478e+08,3.048549e+16,6.891507e+07,9.298776e+07,6.933351e+15,1.621144e+16,2.978475e+15,2,78
2.997767e+08,6.930037e+15,3.706515e+07,9.319640e+07,1.954203e+15,7.131980e+15,7.187878e+15,1.295899e+08,7.735790e+15,9.279633e+08,1.077888e+08,-3.389426e+16,-9.375722e+15,-2.664779e+16,2.118863e+08,3.452576e+16,2.507797e+08,1.267522e+08,2.254085e+16,2.084505e+16,2.513938e+16,2,55
2.325846e+08,3.929897e+15,1.644105e+07,1.321512e+08,-2.912815e+15,7.437090e+15,5.505700e+15,9.660832e+07,5.445525e+15,6.936932e+08,8.764078e+07,-2.029762e+16,-6.188226e+15,-1.462639e+16,1.589557e+08,1.974215e+16,1.654088e+08,6.662380e+07,6.116720e+15,5.457951e+15,-2.120167e+15,1,54
2.797568e+08,7.506736e+15,3.859468e+07,6.305444e+07,-1.550513e+15,3.086610e+15,2.164691e+15,1.131994e+08,6.951537e+15,7.613472e+08,9.405820e+07,-2.369889e+16,-7.305097e+15,-1.415059e+16,1.964492e+08,3.068061e+16,8.631147e+07,5.306135e+07,3.518334e+15,8.981086e+15,3.708173e+15,0,33
2.954467e+08,4.290493e+15,9.137972e+07,1.088118e+07,-1.093034e+14,3.259513e+14,5.883920e+13,1.268231e+08,1.078842e+16,9.724020e+08,1.219340e+08,-4.093956e+16,-1.242679e+16,-3.283238e+16,1.917345e+08,2.955017e+16,1.265678e+07,2.280810e+07,3.231456e+14,3.823889e+15,-2.165677e+13,1,45
2.561584e+08,6.207009e+15,3.100487e+08,9.212460e+07,1.022822e+16,6.639495e+15,1.908551e+16,9.904633e+07,6.360790e+15,6.139045e+08,7.869493e+07,-1.631569e+16,-6.042937e+15,-1.023516e+16,1.770039e+08,2.476859e+16,1.097689e+08,1.301459e+08,1.522153e+16,2.046787e+16,5.838604e+14,0,75
3.630843e+08,7.053116e+15,1.048762e+08,1.378369e+07,2.265528e+14,7.568390e+14,3.343465e+14,1.571524e+08,1.531810e+16,9.091500e+08,1.009963e+08,-3.059434e+16,-1.247516e+16,-2.613209e+16,2.393229e+08,4.881539e+16,6.254463e+07,4.534935e+07,2.368075e+15,9.293620e+15,2.645445e+15,0,79
2.849757e+08,5.989651e+15,1.031829e+07,5.751693e+07,-2.817568e+14,3.914775e+15,1.519859e+15,1.230887e+08,7.227068e+15,9.249485e+08,1.103318e+08,-3.505870e+16,-9.302968e+15,-2.842645e+16,2.000457e+08,3.091614e+16,1.469024e+08,6.766884e+07,6.699642e+15,1.046094e+16,7.237674e+15,0,55
2.633015e+08,3.116686e+15,2.634099e+07,8.610104e+06,1.108537e+14,-4.638182e+14,7.509941e+13,1.130026e+08,9.046250e+15,8.619828e+08,1.104739e+08,-3.272419e+16,-1.025507e+16,-2.272841e+16,1.688174e+08,2.260878e+16,2.805122e+07,8.002036e+06,-1.719960e+13,-7.976660e+14,-3.390569e+13,2,102
2.606141e+08,3.367745e+15,7.382714e+07,2.049076e+07,-5.921413e+14,3.859202e+14,-1.268526e+14,1.102778e+08,8.730235e+15,8.128115e+08,1.024926e+08,-2.825977e+16,-9.284508e+15,-1.782596e+16,1.679083e+08,2.299497e+16,1.454393e+07,2.523059e+07,4.557699e+14,3.000380e+15,-1.541333e+14,0,83
2.861848e+08,3.901380e+15,4.361782e+07,1.375598e+07,-3.288473e+14,-3.948827e+14,-3.331874e+14,1.216278e+08,1.059692e+16,8.891306e+08,1.127752e+08,-3.496239e+16,-1.145980e+16,-2.680255e+16,1.836967e+08,2.757048e+16,9.565811e+06,1.620358e+07,1.945127e+14,1.579716e+15,4.266308e+13,0,63
2.934602e+08,7.467938e+15,5.989025e+06,1.033243e+07,-5.603225e+13,-7.995732e+14,-9.440215e+13,1.197404e+08,8.261934e+15,8.363980e+08,1.045025e+08,-3.016018e+16,-9.229044e+15,-2.224637e+16,2.026281e+08,3.261175e+16,2.605132e+06,3.440091e+06,-6.138369e+11,5.657526e+14,-2.628073e+12,0,87
3.135411e+08,4.949369e+15,2.150661e+07,5.460891e+06,-5.864524e+13,-1.136803e+14,-7.022448e+13,1.335932e+08,1.226721e+16,8.286386e+08,1.037148e+08,-2.999083e+16,-1.135690e+16,-2.341132e+16,2.030803e+08,3.418228e+16,9.905495e+06,3.643434e+06,1.701260e+13,6.581382e+14,7.790163e+11,3,72
2.795495e+08,9.147539e+15,4.360882e+08,4.943835e+07,4.433127e+15,4.086899e+15,6.887246e+15,1.049163e+08,6.353920e+15,6.649701e+08,8.812357e+07,-2.077862e+16,-6.892293e+15,-1.466796e+16,2.002549e+08,3.094301e+16,1.991240e+08,1.281280e+08,2.018513e+16,2.066617e+16,2.036554e+16,2,64
3.023925e+08,7.648983e+15,6.507408e+07,2.166382e+07,2.794194e+14,-1.862331e+15,-6.450870e+14,1.212243e+08,9.285259e+15,7.797537e+08,1.065238e+08,-2.291952e+16,-8.436066e+15,-8.851734e+15,2.066034e+08,3.362883e+16,5.313034e+07,7.129996e+06,1.307454e+14,6.586377e+14,1.498394e+14,1,35
2.849738e+08,3.408695e+15,1.025403e+08,1.116125e+07,3.770907e+14,-3.637489e+14,4.631413e+14,1.248498e+08,1.073452e+16,9.950886e+08,1.222817e+08,-4.087778e+16,-1.222226e+16,-2.604170e+16,1.818568e+08,2.712287e+16,4.477379e+06,3.982555e+06,-6.754312e+12,6.308496e+14,-6.170096e+11,2,62
3.005074e+08,4.612729e+15,1.074322e+08,2.100164e+07,-6.480252e+14,3.800755e+14,-2.423333e+14,1.283279e+08,1.108061e+16,9.790732e+08,1.178008e+08,-3.785835e+16,-1.191331e+16,-2.579825e+16,1.956285e+08,3.149412e+16,2.783330e+07,3.825797e+07,1.025729e+15,6.744346e+15,8.492805e+14,0,43
2.880515e+08,3.955378e+15,7.840145e+07,9.120022e+07,4.319868e+15,5.129266e+15,9.465269e+15,1.236668e+08,1.056689e+16,7.820378e+08,9.578617e+07,-2.596910e+16,-9.768634e+15,-1.944192e+16,1.857404e+08,2.804296e+16,6.887454e+07,8.550151e+07,6.435915e+15,1.374674e+16,-9.487584e+14,1,25
2.828716e+08,4.745328e+15,3.446760e+07,6.076268e+07,1.046217e+15,3.317828e+15,1.817698e+15,1.166762e+08,9.581199e+15,8.401179e+08,1.056435e+08,-3.112188e+16,-1.027412e+16,-2.381596e+16,1.855625e+08,2.839207e+16,5.250805e+07,5.511226e+07,2.785414e+15,9.279153e+15,1.258804e+15,2,57
2.458236e+08,4.126924e+15,1.203275e+08,1.064058e+08,-5.651613e+15,1.138770e+15,-3.065232e+14,1.032825e+08,7.027679e+15,7.076185e+08,8.750463e+07,-1.959250e+16,-6.728750e+15,-5.718014e+15,1.637686e+08,2.115370e+16,1.002344e+08,8.115768e+07,6.852083e+15,1.005617e+16,-3.015469e+15,1,37
3.300508e+08,5.190404e+15,1.832352e+08,7.320820e+07,7.326926e+15,5.208717e+15,1.143617e+16,1.427586e+08,1.342815e+16,9.074795e+08,1.054635e+08,-3.197914e+16,-1.201672e+16,-2.727593e+16,2.142111e+08,3.749433e+16,2.968590e+08,1.464814e+08,3.046965e+16,2.269882e+16,3.711413e+16,1,99
2.757916e+08,7.267676e+15,3.027939e+08,1.059572e+08,1.725554e+16,8.688096e+15,2.183009e+16,1.060514e+08,7.286761e+15,6.519971e+08,8.113234e+07,-1.857701e+16,-6.896994e+15,-1.532636e+16,1.906285e+08,2.957981e+16,1.511017e+08,1.546893e+08,2.334761e+16,2.654527e+16,1.080374e+16,2,66
2.711997e+08,3.943481e+15,1.721039e+07,8.137291e+06,9.620415e+13,5.098357e+14,1.097421e+14,1.136681e+08,9.022972e+15,8.190633e+08,9.912764e+07,-2.820019e+16,-9.410339e+15,-2.772007e+16,1.762141e+08,2.584000e+16,7.489844e+06,1.102845e+07,9.149956e+13,1.681345e+15,-2.205639e+13,0,8
2.811352e+08,2.796641e+15,7.195362e+07,3.996226e+07,1.802532e+15,2.008718e+15,2.448971e+15,1.244526e+08,1.082905e+16,7.909475e+08,9.777901e+07,-2.694574e+16,-1.010659e+16,-2.459384e+16,1.770985e+08,2.637977e+16,4.482980e+07,4.647384e+07,2.065927e+15,7.106237e+15,-2.716616e+14,3,68
2.493495e+08,5.048431e+15,8.779512e+07,3.050338e+07,1.017856e+15,1.967954e+15,1.801228e+15,9.946132e+07,6.273977e+15,7.980742e+08,9.942416e+07,-2.680889e+16,-7.638050e+15,-2.372978e+16,1.701425e+08,2.302795e+16,3.121946e+07,4.326125e+07,1.527114e+15,6.498719e+15,4.394483e+13,0,91
3.087802e+08,5.876107e+15,2.634732e+07,2.477013e+07,-4.062178e+14,1.093930e+15,4.791147e+14,1.441638e+08,8.842418e+15,1.071605e+09,9.937227e+07,-3.119787e+16,-9.343506e+15,-2.210366e+16,2.147610e+08,3.595472e+16,2.574905e+08,7.815198e+07,1.104213e+16,1.002256e+16,5.814630e+15,1,80
2.638878e+08,5.011969e+15,1.950430e+07,1.218065e+07,-5.610354e+13,-8.043984e+14,-2.054969e+14,1.086934e+08,7.542195e+15,8.469852e+08,1.129813e+08,-3.370679e+16,-9.541640e+15,-2.213731e+16,1.775362e+08,2.456846e+16,1.216692e+07,8.406723e+06,2.513703e+13,-3.498343e+14,3.176988e+13,3,48
2.601809e+08,3.011270e+15,8.591903e+06,5.785860e+07,-9.871331e+14,1.966203e+15,-1.096012e+14,1.157653e+08,8.054270e+15,9.499626e+08,1.201274e+08,-3.806833e+16,-1.030994e+16,-2.856241e+16,1.705659e+08,2.208633e+16,2.507905e+07,2.385162e+07,5.333392e+14,2.322681e+15,-1.795047e+14,1,59
2.494282e+08,8.008778e+15,1.998517e+08,6.608344e+07,4.116524e+15,5.135041e+15,7.685179e+15,9.305557e+07,4.575395e+15,6.853470e+08,9.050138e+07,-2.227104e+16,-6.055604e+15,-1.520725e+16,1.822500e+08,2.543174e+16,1.806845e+08,1.128234e+08,1.573094e+16,1.679251e+16,1.641333e+16,3,64
2.856883e+08,2.300097e+15,1.343377e+07,1.079539e+07,-8.879293e+13,-1.154162e+14,4.418280e+13,1.280682e+08,1.237393e+16,9.678516e+08,1.241665e+08,-4.261820e+16,-1.372142e+16,-2.977473e+16,1.754492e+08,2.495438e+16,1.433826e+07,3.719234e+06,-1.439584e+13,-1.978255e+13,2.091319e+13,1,74
3.315829e+08,6.884612e+15,1.533731e+07,7.991126e+07,-7.701328e+14,3.046264e+15,1.326048e+15,1.423929e+08,1.209559e+16,9.764714e+08,1.176994e+08,-3.937251e+16,-1.272800e+16,-2.535642e+16,2.221996e+08,3.917240e+16,1.149244e+08,6.876830e+07,5.972676e+15,1.283330e+16,6.545089e+15,2,47
3.264534e+08,5.139857e+15,2.576514e+07,6.315358e+07,-1.334295e+15,2.456474e+15,1.570273e+15,1.492120e+08,1.171544e+16,1.028902e+09,1.225422e+08,-4.225188e+16,-1.285920e+16,-2.832553e+16,2.185034e+08,3.805200e+16,9.071255e+07,6.745400e+07,4.761045e+15,1.286532e+16,4.973774e+15,0,13
3.040188e+08,6.708090e+15,1.080052e+08,5.175985e+06,-8.860718e+13,-3.652365e+14,-1.205672e+14,1.240789e+08,9.758499e+15,9.526169e+08,1.244413e+08,-4.074291e+16,-1.184309e+16,-3.408949e+16,2.052473e+08,3.315958e+16,7.480989e+07,2.102945e+07,8.239792e+14,2.728375e+15,8.355103e+14,2,56
2.424786e+08,3.774717e+15,7.016438e+07,5.517459e+07,-2.945308e+15,-4.698993e+14,-2.470080e+15,1.011728e+08,6.956045e+15,7.242749e+08,9.123438e+07,-2.062671e+16,-6.925631e+15,-8.295575e+15,1.601231e+08,2.049095e+16,5.022689e+07,3.685665e+07,1.419739e+15,4.112846e+15,-7.139720e+14,0,37
3.134081e+08,4.691910e+15,3.140996e+07,1.106626e+07,-2.054457e+14,-2.740150e+14,-2.540638e+14,1.362767e+08,1.211586e+16,1.032845e+09,1.298325e+08,-4.717898e+16,-1.418628e+16,-3.421084e+16,2.039443e+08,3.329683e+16,5.562316e+07,1.672639e+07,4.749854e+14,2.559100e+15,4.653225e+14,0,18
2.892117e+08,5.871138e+15,2.025118e+07,2.024822e+07,-2.629162e+14,2.903266e+14,-3.116869e+14,1.211640e+08,8.598928e+15,7.989231e+08,1.086450e+08,-2.472490e+16,-8.888918e+15,-2.483099e+16,1.964821e+08,3.049131e+16,4.354599e+07,1.782803e+07,4.820225e+14,2.873193e+15,5.304533e+14,0,85
2.391148e+08,3.223714e+15,1.039465e+07,9.855031e+07,-1.512108e+15,4.966811e+15,2.665848e+15,1.093225e+08,5.518672e+15,7.896425e+08,1.017793e+08,-2.885127e+16,-7.554235e+15,-2.211414e+16,1.650823e+08,2.121707e+16,6.858214e+07,5.045886e+07,2.804757e+15,6.435538e+15,-1.821440e+14,3,81
2.668003e+08,3.425333e+15,3.977102e+07,4.688330e+07,-9.002106e+14,3.391090e+14,-5.953550e+14,1.146503e+08,9.235202e+15,8.292888e+08,1.027071e+08,-2.918134e+16,-9.668899e+15,-1.798781e+16,1.715984e+08,2.383769e+16,2.768355e+07,3.634048e+07,1.078187e+15,4.905842e+15,-4.718815e+14,0,71
2.313024e+08,3.871727e+15,2.871181e+07,1.053298e+08,3.985930e+15,6.486685e+15,7.956297e+15,9.440609e+07,5.591787e+15,6.534801e+08,7.963343e+07,-1.791000e+16,-5.903743e+15,-1.562048e+16,1.566151e+08,1.956239e+16,1.356045e+08,7.331783e+07,6.976587e+15,7.602133e+15,-2.142677e+15,2,54
3.002718e+08,3.985801e+15,1.529718e+08,1.540185e+07,-2.257312e+13,4.624341e+14,1.229207e+14,1.284264e+08,1.196103e+16,9.320406e+08,1.141941e+08,-3.668915e+16,-1.234645e+16,-3.025013e+16,1.910823e+08,3.030133e+16,2.785566e+07,4.064701e+07,1.221315e+15,7.059458e+15,6.473646e+14,0,0
2.915880e+08,5.958981e+15,2.614658e+07,2.120253e+07,3.070055e+14,1.446245e+15,5.442405e+14,1.222743e+08,8.651288e+15,8.572511e+08,1.091567e+08,-3.319116e+16,-1.012773e+16,-2.848346e+16,1.989457e+08,3.095302e+16,8.581574e+07,3.316375e+07,1.754133e+15,5.094237e+15,2.002631e+15,3,85
2.828020e+08,6.019861e+15,1.860419e+08,4.716519e+07,1.894704e+15,2.320114e+15,2.385298e+15,1.160453e+08,8.201916e+15,8.222554e+08,1.034191e+08,-2.899252e+16,-9.086955e+15,-2.354315e+16,1.922864e+08,2.886215e+16,8.847826e+07,8.563793e+07,7.123498e+15,1.421316e+16,6.003684e+15,0,10
2.997068e+08,4.974439e+15,1.599555e+07,2.504505e+07,-2.289601e+14,9.780335e+14,3.859273e+14,1.394300e+08,8.796322e+15,1.044744e+09,1.002663e+08,-3.233472e+16,-9.368054e+15,-2.449342e+16,2.059181e+08,3.319969e+16,2.294543e+08,7.698262e+07,1.021831e+16,9.750538e+15,5.975509e+15,0,80
2.625026e+08,4.251131e+15,6.278811e+07,1.850783e+07,6.264866e+14,1.206498e+15,6.133321e+14,1.082804e+08,7.966415e+15,8.230148e+08,1.047797e+08,-3.067472e+16,-9.333489e+15,-3.052179e+16,1.732570e+08,2.423784e+16,1.909959e+07,3.054676e+07,6.899296e+14,4.403846e+15,-2.667310e+14,0,92
2.854489e+08,2.620702e+15,8.228115e+06,1.906049e+07,1.130928e+14,6.876174e+14,1.470223e+14,1.296655e+08,1.105840e+16,9.496974e+08,1.120480e+08,-3.637691e+16,-1.174239e+16,-3.284218e+16,1.803645e+08,2.721288e+16,7.352816e+06,1.830851e+07,1.949010e+14,2.883666e+15,1.421218e+13,1,89
2.714514e+08,5.202172e+15,3.865044e+07,1.564538e+07,-9.835971e+13,3.190881e+14,-7.131747e+13,1.140777e+08,7.419558e+15,9.182517e+08,1.128725e+08,-3.633723e+16,-9.720252e+15,-2.905276e+16,1.856659e+08,2.750134e+16,3.436545e+07,2.799127e+07,6.546669e+14,4.576956e+15,6.467861e+14,1,82
2.872104e+08,4.220366e+15,7.790854e+06,6.931023e+06,-3.064190e+13,1.476228e+14,3.597652e+13,1.262129e+08,9.494590e+15,9.994118e+08,1.249889e+08,-4.395079e+16,-1.207682e+16,-3.549057e+16,1.898584e+08,2.858325e+16,3.742152e+07,5.962300e+05,-2.750493e+12,-9.473507e+13,-2.995469e+10,2,90
3.195412e+08,6.571011e+15,4.120676e+07,4.448901e+07,1.661498e+14,2.124137e+15,1.442067e+15,1.364115e+08,1.116514e+16,9.330438e+08,1.111675e+08,-3.566517e+16,-1.165002e+16,-2.632106e+16,2.141382e+08,3.668933e+16,1.353114e+08,6.272166e+07,5.766432e+15,1.029961e+16,6.683835e+15,3,47
2.863003e+08,3.361442e+15,1.136632e+08,2.213204e+07,-1.089048e+15,-5.377572e+14,-1.221367e+15,1.259063e+08,1.080799e+16,9.244640e+08,1.133348e+08,-3.223175e+16,-1.073404e+16,-2.136560e+16,1.824582e+08,2.749526e+16,1.878127e+07,3.322865e+07,6.621675e+14,5.506562e+15,4.745347e+14,1,62
2.382560e+08,3.806878e+15,1.274455e+08,1.536701e+07,-6.775778e+14,-2.470247e+14,-7.845426e+14,9.880811e+07,6.144833e+15,8.340206e+08,1.132275e+08,-3.219105e+16,-8.427905e+15,-2.035449e+16,1.602934e+08,1.960040e+16,1.148034e+07,2.462357e+07,3.391219e+14,2.879705e+15,-2.409152e+14,3,58
2.712379e+08,5.119318e+15,7.399228e+07,4.089927e+07,5.508601e+14,1.793983e+15,1.393803e+15,1.144827e+08,7.562445e+15,8.793527e+08,1.058647e+08,-3.162822e+16,-9.029845e+15,-2.448457e+16,1.844042e+08,2.740963e+16,6.653209e+07,6.606078e+07,3.949412e+15,1.073370e+16,3.940202e+15,0,82
2.910972e+08,3.886171e+15,2.910556e+07,3.820456e+07,3.706566e+14,1.572241e+15,7.740938e+14,1.252619e+08,1.091717e+16,8.017548e+08,9.992805e+07,-2.786460e+16,-1.032508e+16,-2.240451e+16,1.868524e+08,2.903560e+16,2.969147e+07,3.329044e+07,9.927018e+14,5.259494e+15,-2.579141e+14,1,41
3.014991e+08,3.953741e+15,8.436063e+07,2.040376e+07,-6.900718e+14,5.911978e+13,-5.295811e+14,1.312528e+08,1.177700e+16,1.018269e+09,1.251340e+08,-4.226750e+16,-1.307166e+16,-2.938927e+16,1.933806e+08,3.061993e+16,1.937653e+07,3.131152e+07,5.813674e+14,5.478345e+15,3.801790e+14,1,43
3.732471e+08,1.013109e+16,5.218237e+07,5.424322e+07,-1.361952e+15,4.382048e+15,-1.091901e+15,1.518669e+08,1.499252e+16,8.938681e+08,1.063873e+08,-3.141379e+16,-1.250269e+16,-2.382945e+16,2.508440e+08,5.389567e+16,4.177519e+07,8.108325e+06,1.394199e+14,1.026348e+15,-2.125987e+13,1,79
3.311166e+08,3.681420e+15,9.258652e+06,1.875078e+07,1.945044e+14,-7.419705e+13,2.506743e+14,1.456187e+08,1.582864e+16,1.056504e+09,1.295472e+08,-4.675015e+16,-1.603004e+16,-3.525517e+16,2.057989e+08,3.518916e+16,1.116855e+07,5.802186e+05,7.732096e+11,1.059004e+14,3.771596e+11,1,49
2.767150e+08,4.084489e+15,6.734948e+07,3.388843e+07,-1.430367e+15,-1.473639e+14,-1.192519e+15,1.179549e+08,9.515837e+15,8.718626e+08,1.093969e+08,-3.263629e+16,-1.039716e+16,-1.776448e+16,1.804526e+08,2.606870e+16,2.009225e+07,2.967623e+07,6.414591e+14,3.882347e+15,-3.593054e+14,1,71
3.286475e+08,3.878732e+15,3.678289e+07,1.219692e+07,2.580060e+14,-4.330932e+14,3.033767e+14,1.434472e+08,1.543524e+16,1.031245e+09,1.281145e+08,-4.496323e+16,-1.557973e+16,-3.285058e+16,2.050248e+08,3.470733e+16,5.602220e+06,1.131139e+06,-2.303448e+12,2.032148e+14,-7.787599e+10,0,49
2.896875e+08,3.313400e+15,6.062221e+07,8.278036e+07,4.544525e+15,4.608284e+15,7.621960e+15,1.279016e+08,1.098580e+16,7.517388e+08,8.941833e+07,-2.312011e+16,-9.354302e+15,-1.954231e+16,1.851659e+08,2.883481e+16,6.430257e+07,7.740536e+07,5.401424e+15,1.269111e+16,4.417871e+14,1,68
3.699969e+08,9.567845e+15,7.058206e+07,1.235837e+08,-7.829979e+15,1.078876e+16,-7.027842e+15,1.533624e+08,1.468449e+16,9.670570e+08,1.219471e+08,-3.463066e+16,-1.279797e+16,-2.561947e+16,2.488510e+08,5.244986e+16,4.599093e+07,3.016715e+07,1.086896e+15,6.843775e+15,3.311785e+14,2,79
2.825095e+08,4.643581e+15,1.544867e+07,1.021482e+06,4.051161e+12,-5.543310e+13,3.919900e+12,1.208891e+08,8.899912e+15,9.454261e+08,1.194273e+08,-4.012998e+16,-1.125719e+16,-3.365138e+16,1.883094e+08,2.834237e+16,4.483493e+07,3.745724e+06,4.723909e+13,2.409452e+14,2.143582e+13,0,90
2.846292e+08,1.453842e+15,1.907690e+08,2.867930e+07,8.612995e+14,3.466652e+14,5.587954e+14,1.377623e+08,1.192398e+16,1.212136e+09,1.448440e+08,-6.036598e+16,-1.579958e+16,-4.984275e+16,1.758442e+08,2.309500e+16,1.269476e+07,1.082315e+06,-3.921848e+12,1.332047e+14,1.283177e+12,3,70
2.592916e+08,3.203294e+15,7.412359e+06,3.752648e+06,-1.511324e+13,8.754175e+13,-1.200173e+12,1.110471e+08,8.455044e+15,8.771886e+08,1.106402e+08,-3.445347e+16,-1.016649e+16,-2.990152e+16,1.675056e+08,2.251596e+16,1.703124e+07,6.733500e+06,1.138603e+13,-2.874722e+14,1.976460e+13,0,96
2.993517e+08,3.959933e+15,1.194057e+08,1.238429e+07,-5.348718e+13,-7.715115e+14,-1.989029e+14,1.276351e+08,1.197529e+16,9.519663e+08,1.207879e+08,-3.665110e+16,-1.239227e+16,-2.561185e+16,1.902884e+08,2.989985e+16,1.487199e+07,1.326076e+07,1.307513e+14,2.241401e+15,1.097476e+14,1,0
3.337508e+08,2.017376e+15,7.341089e+06,1.060396e+07,-4.312431e+13,-4.509816e+14,-7.794583e+13,1.552449e+08,1.815273e+16,1.055062e+09,1.312190e+08,-4.773222e+16,-1.741336e+16,-3.648496e+16,1.995152e+08,3.321547e+16,2.411546e+07,7.180142e+06,-1.550808e+13,-8.518239e+14,2.000931e+12,3,86
2.751358e+08,3.673082e+15,1.700867e+07,1.947736e+07,-5.755509e+13,5.390186e+14,8.668168e+13,1.178790e+08,9.568335e+15,8.365608e+08,1.048299e+08,-3.089116e+16,-1.019602e+16,-2.479201e+16,1.775377e+08,2.602034e+16,1.352682e+07,1.655426e+07,2.161537e+14,2.295444e+15,-1.163230e+14,0,41
2.628848e+08,4.537522e+15,6.471239e+07,2.213878e+07,8.062197e+14,1.487997e+15,7.584406e+14,1.077934e+08,7.749885e+15,8.099902e+08,1.040095e+08,-2.881190e+16,-8.909408e+15,-2.796039e+16,1.749957e+08,2.456929e+16,2.153879e+07,3.438771e+07,8.804832e+14,4.994326e+15,-3.251028e+14,3,92
2.886777e+08,3.129500e+15,1.022474e+07,2.849849e+07,7.831999e+13,3.230284e+14,1.086616e+14,1.290154e+08,1.094027e+16,8.754625e+08,1.184184e+08,-3.708147e+16,-1.212311e+16,-2.860816e+16,1.842930e+08,2.765664e+16,1.103408e+07,8.026170e+06,2.095057e+13,1.335905e+14,-3.033970e+13,0,15
2.608049e+08,8.071545e+15,2.833593e+08,2.163334e+07,6.168007e+14,1.309270e+15,1.052585e+15,9.847987e+07,5.454808e+15,7.207794e+08,9.430751e+07,-2.446392e+16,-6.924344e+15,-1.880812e+16,1.872009e+08,2.708568e+16,1.634416e+08,8.101329e+07,9.210592e+15,1.140374e+16,1.046177e+16,1,64
2.911749e+08,6.212848e+15,9.726126e+07,2.762621e+07,2.455930e+14,1.518779e+15,1.062578e+15,1.195493e+08,8.812373e+15,8.928696e+08,1.109049e+08,-3.386428e+16,-1.019152e+16,-2.646593e+16,1.974995e+08,3.035944e+16,3.359206e+07,3.804398e+07,1.289784e+15,6.553400e+15,5.901290e+13,0,24
2.587049e+08,6.625370e+15,9.658965e+07,9.446141e+07,4.650966e+15,6.176440e+15,8.228423e+15,1.024446e+08,5.759452e+15,7.336186e+08,9.610666e+07,-2.482791e+16,-7.118932e+15,-1.779341e+16,1.830284e+08,2.597522e+16,9.495611e+07,1.100179e+08,1.039839e+16,1.771239e+16,6.775146e+15,1,78
3.022489e+08,3.966044e+15,1.132492e+07,1.523135e+08,-5.762554e+15,7.568714e+15,1.649747e+15,1.417762e+08,1.007761e+16,8.538654e+08,1.020480e+08,-3.012116e+16,-1.021851e+16,-2.086032e+16,2.024213e+08,3.306404e+16,8.490019e+07,8.620813e+07,7.115538e+15,1.538385e+16,4.472762e+15,3,76
2.721310e+08,3.963704e+15,1.157526e+08,9.729642e+06,3.236176e+14,5.870075e+14,3.661065e+14,1.139291e+08,9.118293e+15,8.408404e+08,1.064729e+08,-3.178180e+16,-1.014842e+16,-2.996286e+16,1.766598e+08,2.520022e+16,2.546930e+07,3.005306e+07,8.075174e+14,3.401607e+15,1.560102e+13,1,102
2.455983e+08,4.349228e+15,1.628095e+08,2.987338e+07,-1.322958e+15,4.328369e+14,-5.611332e+14,1.004762e+08,6.521304e+15,7.885582e+08,1.058342e+08,-2.806209e+16,-8.063373e+15,-1.579419e+16,1.654922e+08,2.121703e+16,2.353465e+07,4.560410e+07,1.329442e+15,6.178796e+15,-6.534735e+14,1,58
3.101553e+08,3.647598e+15,3.381378e+07,1.712288e+07,-3.721560e+13,6.727935e+14,2.419191e+14,1.363150e+08,1.301619e+16,9.925753e+08,1.211201e+08,-4.171821e+16,-1.374138e+16,-3.415753e+16,1.963412e+08,3.183914e+16,2.458111e+07,2.169142e+07,4.483906e+14,3.845312e+15,3.411132e+14,1,104
2.789840e+08,3.890521e+15,7.320757e+06,9.001170e+07,2.107329e+15,4.594896e+15,1.679844e+15,1.201260e+08,9.338537e+15,7.530563e+08,8.973222e+07,-2.290195e+16,-8.578745e+15,-2.462101e+16,1.825000e+08,2.725065e+16,6.019722e+07,6.459896e+07,3.846653e+15,1.048596e+16,3.540406e+15,0,61
2.453847e+08,5.024958e+15,1.516125e+08,4.960747e+07,3.076595e+15,2.943074e+15,3.773638e+15,9.838818e+07,5.920994e+15,7.236254e+08,9.380897e+07,-2.432000e+16,-7.183677e+15,-2.024213e+16,1.685783e+08,2.197400e+16,6.006782e+07,7.050043e+07,4.403525e+15,1.011620e+16,-9.294022e+14,1,94
2.917177e+08,1.709021e+15,1.554755e+08,1.448196e+07,-6.627672e+14,5.328155e+14,-4.829593e+14,1.393475e+08,1.245577e+16,1.199048e+09,1.438234e+08,-5.965894e+16,-1.601711e+16,-5.447750e+16,1.801303e+08,2.465563e+16,1.402239e+07,6.868892e+05,-1.878736e+12,1.059331e+14,-9.092127e+10,1,70
3.170950e+08,4.249374e+15,1.513949e+08,3.389586e+07,2.413410e+15,2.208269e+15,3.052985e+15,1.385445e+08,1.307197e+16,9.283828e+08,1.094109e+08,-3.476641e+16,-1.250697e+16,-3.130561e+16,2.028229e+08,3.362811e+16,1.857520e+08,8.422235e+07,1.050706e+16,1.207750e+16,1.278982e+16,0,99
3.177404e+08,5.821120e+15,4.056882e+06,4.275018e+07,-5.497409e+14,1.349524e+14,-2.304102e+14,1.373573e+08,1.159556e+16,9.596879e+08,1.156518e+08,-3.773708e+16,-1.219393e+16,-2.404899e+16,2.106977e+08,3.526221e+16,9.475925e+07,3.348009e+07,1.881964e+15,5.073669e+15,2.083161e+15,1,47
2.273101e+08,3.640804e+15,8.299476e+07,8.916192e+05,7.368305e+12,5.330553e+13,7.955832e+12,9.260374e+07,5.646260e+15,7.472524e+08,9.561972e+07,-2.555845e+16,-7.184753e+15,-2.474961e+16,1.521696e+08,1.823669e+16,3.558524e+07,1.817229e+07,3.655240e+14,4.815815e+14,2.959816e+14,2,53
2.383922e+08,5.523205e+15,1.759711e+08,2.687198e+07,-7.933083e+14,5.036825e+14,-5.513310e+14,9.299668e+07,5.129801e+15,6.986328e+08,8.764473e+07,-1.972365e+16,-5.898695e+15,-1.348327e+16,1.669707e+08,2.167111e+16,2.588774e+07,4.811595e+07,1.661238e+15,6.657651e+15,-4.415326e+14,0,38
2.525610e+08,5.283549e+15,1.999558e+07,1.046063e+08,1.421551e+15,7.373050e+15,6.260756e+15,1.061954e+08,5.590894e+15,7.337163e+08,8.726735e+07,-2.208216e+16,-6.499796e+15,-1.850352e+16,1.777913e+08,2.517954e+16,9.881806e+07,8.812212e+07,8.001451e+15,1.387401e+16,7.983609e+15,0,50
3.341933e+08,9.824673e+15,1.102786e+08,3.459918e+07,-1.093694e+15,2.143222e+15,2.767287e+14,1.344579e+08,1.070698e+16,9.473318e+08,1.290226e+08,-4.315296e+16,-1.282078e+16,-2.516655e+16,2.313304e+08,4.176277e+16,3.990261e+07,1.458622e+06,1.082204e+13,1.454340e+14,3.743615e+12,0,30
3.007432e+08,4.012456e+15,1.157657e+07,2.134194e+07,9.002803e+13,1.118024e+15,3.510277e+14,1.310797e+08,1.142826e+16,9.112161e+08,1.098485e+08,-3.472145e+16,-1.172369e+16,-3.012613e+16,1.939649e+08,3.124237e+16,8.867814e+06,2.008045e+07,2.463203e+14,3.294997e+15,-4.734630e+13,3,60
3.075812e+08,3.622821e+15,6.529150e+06,2.459141e+06,-6.250564e+12,4.969540e+12,-1.977776e+12,1.334713e+08,1.328113e+16,9.088453e+08,1.158163e+08,-3.757491e+16,-1.333900e+16,-3.222254e+16,1.924916e+08,3.123636e+16,8.369991e+06,6.804993e+05,1.063439e+12,1.161168e+14,1.045575e+12,2,100
2.878208e+08,2.460912e+15,5.655384e+07,7.584629e+06,-8.336540e+13,-2.442619e+14,-7.784999e+13,1.347399e+08,1.119789e+16,1.082219e+09,1.301178e+08,-4.877213e+16,-1.370200e+16,-3.572160e+16,1.823323e+08,2.603640e+16,4.057664e+07,2.197664e+06,1.863296e+13,1.883616e+14,-5.198970e+12,0,103
2.692208e+08,5.804311e+15,8.484597e+07,8.220055e+07,-1.165982e+15,3.291685e+15,2.579787e+15,1.077619e+08,7.605177e+15,7.128483e+08,9.011918e+07,-2.117542e+16,-7.441844e+15,-1.074457e+16,1.829751e+08,2.682344e+16,1.059434e+08,7.361957e+07,6.360179e+15,1.186287e+16,4.582087e+15,1,51
3.048775e+08,6.134688e+15,1.426995e+08,1.087062e+07,1.547526e+14,6.689666e+14,3.969824e+14,1.268925e+08,1.010903e+16,9.952981e+08,1.289702e+08,-4.552535e+16,-1.281708e+16,-3.825771e+16,2.044426e+08,3.233028e+16,5.608985e+07,3.867747e+07,1.566776e+15,6.546935e+15,1.521524e+15,0,56
2.818139e+08,5.762248e+15,5.805038e+07,4.327470e+07,8.186654e+14,1.802439e+15,8.191935e+14,1.194266e+08,7.793833e+15,9.063674e+08,1.070622e+08,-3.335079e+16,-9.441890e+15,-2.603666e+16,1.938086e+08,3.001825e+16,6.684952e+07,6.631206e+07,3.899378e+15,1.130801e+16,3.926180e+15,2,82
3.505067e+08,4.351449e+15,4.251476e+07,1.254174e+07,2.152659e+14,-1.371024e+14,3.708408e+14,1.541378e+08,1.743609e+16,1.095224e+09,1.339901e+08,-5.017545e+16,-1.743065e+16,-3.650959e+16,2.191848e+08,3.947755e+16,1.002166e+07,4.992092e+05,-7.574018e+11,9.890259e+13,-1.380879e+10,2,49
3.340423e+08,4.929604e+15,4.888411e+07,6.136066e+07,2.050275e+15,3.939093e+15,3.900246e+15,1.442477e+08,1.441230e+16,9.616579e+08,1.157160e+08,-3.828687e+16,-1.380540e+16,-3.226770e+16,2.141994e+08,3.845031e+16,9.348167e+07,7.878064e+07,6.460029e+15,1.471224e+16,6.698419e+15,2,88
2.927635e+08,6.093677e+15,2.831719e+07,9.043491e+07,-9.029239e+14,6.282924e+15,5.027064e+15,1.271380e+08,7.810925e+15,9.126344e+08,1.076211e+08,-3.283607e+16,-9.246751e+15,-2.467535e+16,2.044556e+08,3.230373e+16,1.854783e+08,9.969408e+07,1.344815e+16,1.616697e+16,1.501391e+16,1,55
2.992840e+08,4.774359e+15,1.603150e+08,1.833682e+08,3.082100e+16,1.255586e+16,3.674977e+16,1.280252e+08,1.055514e+16,8.086026e+08,9.597539e+07,-2.672355e+16,-9.859939e+15,-2.467148e+16,1.965648e+08,3.167445e+16,1.837855e+08,2.156564e+08,4.214942e+16,3.816911e+16,3.281018e+16,0,14
2.354740e+08,3.703960e+15,1.225429e+08,1.085370e+07,3.840128e+14,6.583008e+14,4.161416e+14,9.674210e+07,6.223223e+15,7.375732e+08,9.459900e+07,-2.493324e+16,-7.456364e+15,-2.427070e+16,1.565959e+08,1.929815e+16,4.396402e+07,3.940117e+07,1.591330e+15,3.455734e+15,4.901137e+14,3,53
3.275383e+08,3.033493e+15,1.431112e+07,4.464301e+06,-3.369425e+13,-1.398476e+13,-2.101413e+12,1.509554e+08,1.510793e+16,1.081120e+09,1.315810e+08,-4.956137e+16,-1.613918e+16,-4.031793e+16,2.049678e+08,3.467715e+16,2.130544e+07,1.610603e+06,8.692562e+12,1.275670e+14,3.483856e+11,0,101
3.219231e+08,5.412465e+15,1.044524e+08,1.615997e+08,-1.825356e+16,1.044435e+16,-2.247495e+16,1.520887e+08,9.749671e+15,8.929393e+08,1.240251e+08,-4.041897e+16,-1.220818e+16,-3.556335e+16,2.232224e+08,3.886329e+16,9.296414e+07,4.891719e+07,3.102340e+15,9.327472e+15,1.875389e+15,2,67
3.195811e+08,6.374066e+15,5.756052e+07,3.569433e+07,-8.282501e+14,7.739627e+14,-3.961864e+14,1.326556e+08,1.165531e+16,9.680099e+08,1.259327e+08,-4.099250e+16,-1.296685e+16,-2.897880e+16,2.119179e+08,3.636106e+16,1.395521e+08,4.866011e+07,4.009841e+15,7.254374e+15,4.749702e+15,0,6
2.883273e+08,4.223810e+15,5.586787e+07,2.632862e+08,2.526422e+16,1.595023e+16,4.212808e+16,1.294587e+08,9.189170e+15,7.370682e+08,8.754960e+07,-2.222161e+16,-8.348399e+15,-1.784217e+16,1.925288e+08,3.096200e+16,2.181069e+08,1.981448e+08,4.105998e+16,3.416070e+16,1.956939e+16,0,40
2.884357e+08,5.970819e+15,9.827348e+07,5.134156e+07,3.639120e+15,3.960415e+15,4.496132e+15,1.201168e+08,8.652928e+15,8.496394e+08,1.077631e+08,-3.220076e+16,-9.992333e+15,-2.971236e+16,1.954553e+08,3.027916e+16,1.116598e+08,7.722726e+07,6.934358e+15,1.279673e+16,7.226794e+15,0,16
2.554457e+08,5.132571e+15,1.671871e+08,3.644939e+07,1.852740e+15,2.212685e+15,2.563866e+15,1.006967e+08,6.990994e+15,7.477196e+08,9.201197e+07,-2.371864e+16,-7.601299e+15,-1.993369e+16,1.719484e+08,2.422053e+16,5.811886e+07,6.507526e+07,3.878851e+15,1.005187e+16,1.869062e+15,2,77
3.103278e+08,4.348252e+15,1.428896e+08,2.356573e+08,-3.661504e+16,1.318308e+16,-4.503601e+16,1.513943e+08,9.141778e+15,8.315363e+08,1.117890e+08,-3.378777e+16,-1.068713e+16,-2.855749e+16,2.147155e+08,3.590387e+16,1.335062e+08,8.089237e+07,8.163249e+15,1.514712e+16,7.006511e+15,3,67
3.546639e+08,6.923987e+15,5.125320e+07,5.189932e+07,2.632683e+15,4.156972e+15,2.182283e+15,1.518814e+08,1.436338e+16,9.425518e+08,1.052252e+08,-3.299016e+16,-1.258211e+16,-3.121556e+16,2.349210e+08,4.458314e+16,4.480203e+08,1.373672e+08,3.172257e+16,1.565015e+16,3.259128e+16,2,98
2.284672e+08,3.677563e+15,1.335704e+08,2.948842e+06,3.825886e+13,1.492361e+14,5.581165e+13,9.293718e+07,5.720586e+15,7.320241e+08,9.572612e+07,-2.515976e+16,-7.203002e+15,-2.323089e+16,1.528504e+08,1.837331e+16,2.918209e+07,2.827214e+07,7.864849e+14,2.190869e+15,4.228218e+14,1,53
2.761624e+08,5.398164e+15,4.306202e+06,2.357213e+07,-1.006107e+14,7.549106e+14,6.624887e+13,1.160744e+08,7.806763e+15,8.495108e+08,1.056624e+08,-3.164953e+16,-9.308508e+15,-2.456597e+16,1.879870e+08,2.814889e+16,1.202717e+07,1.531574e+07,1.684008e+14,2.392552e+15,-2.953506e+13,0,44
3.175497e+08,3.401499e+15,4.123469e+07,1.533070e+06,1.011839e+13,-6.713053e+13,1.027091e+13,1.390739e+08,1.461842e+16,1.009706e+09,1.237012e+08,-4.363970e+16,-1.493447e+16,-3.940279e+16,1.967541e+08,3.282793e+16,9.553361e+06,3.718375e+06,1.335047e+13,6.396468e+14,1.348507e+13,0,26
3.138743e+08,3.885400e+15,4.533594e+07,3.433478e+07,1.195567e+15,2.077392e+15,1.683672e+15,1.371902e+08,1.319253e+16,9.590308e+08,1.169166e+08,-3.903422e+16,-1.338103e+16,-3.663877e+16,1.990161e+08,3.289961e+16,3.777975e+07,4.221575e+07,1.598567e+15,7.652334e+15,9.168387e+14,3,104
3.172124e+08,6.744865e+15,6.580145e+07,6.423255e+07,-9.950768e+14,3.223866e+15,4.192102e+15,1.476716e+08,8.963639e+15,1.070923e+09,9.727578e+07,-3.119868e+16,-9.149216e+15,-1.882334e+16,2.225911e+08,3.845701e+16,3.055027e+08,1.404745e+08,2.895453e+16,2.313746e+16,2.335193e+16,2,80
2.661308e+08,4.726607e+15,3.667999e+07,2.225837e+07,-6.082946e+14,-8.167896e+14,-8.449419e+14,1.103022e+08,7.895803e+15,8.192052e+08,1.080115e+08,-3.021433e+16,-9.190355e+15,-1.749770e+16,1.780256e+08,2.483497e+16,9.363295e+06,1.553853e+07,1.517055e+14,1.319516e+15,-3.415968e+13,0,48
2.978292e+08,5.297275e+15,5.532156e+07,1.652153e+07,-2.166695e+14,-1.141670e+15,-4.030139e+14,1.247701e+08,1.038477e+16,9.528539e+08,1.250366e+08,-4.098845e+16,-1.232118e+16,-2.645185e+16,1.966440e+08,3.075434e+16,3.001347e+07,1.103902e+07,1.463574e+14,1.829274e+15,1.455087e+14,0,11
3.355952e+08,5.016580e+15,4.783112e+07,3.662019e+07,9.272515e+14,2.067358e+15,1.078887e+15,1.438799e+08,1.473121e+16,9.447555e+08,1.147170e+08,-3.770943e+16,-1.390439e+16,-3.245435e+16,2.144746e+08,3.864661e+16,7.360693e+07,5.571001e+07,3.362681e+15,1.022283e+16,3.532567e+15,0,88
2.691416e+08,4.449815e+15,5.648201e+07,1.904336e+07,-4.180114e+14,-1.020688e+15,-7.681549e+14,1.129056e+08,8.255155e+15,8.714116e+08,1.162718e+08,-3.362863e+16,-9.922832e+15,-1.977273e+16,1.788969e+08,2.501709e+16,1.022760e+07,1.354031e+07,1.224240e+14,8.268588e+14,1.056273e+13,2,48
3.066899e+08,2.508265e+15,1.195109e+06,1.616538e+07,6.956285e+13,-5.142284e+14,8.646865e+13,1.454647e+08,1.262390e+16,1.195410e+09,1.504612e+08,-6.198517e+16,-1.650957e+16,-4.543124e+16,1.946418e+08,3.032571e+16,1.267911e+07,3.597195e+04,-2.347593e+10,2.787214e+12,4.005176e+09,3,95
3.555423e+08,2.377364e+15,5.833255e+07,1.461688e+07,3.167894e+14,6.060309e+14,4.137046e+14,1.643628e+08,2.057793e+16,9.764417e+08,1.201027e+08,-4.102800e+16,-1.721217e+16,-3.683102e+16,2.123794e+08,3.777099e+16,4.083828e+07,2.930111e+07,9.352710e+14,2.894981e+15,1.427287e+14,0,86
3.187248e+08,2.775678e+15,8.503880e+06,9.242026e+06,-4.192339e+13,-3.878808e+14,-4.369784e+13,1.507252e+08,1.359609e+16,1.153865e+09,1.424398e+08,-5.718330e+16,-1.642495e+16,-4.518843e+16,2.022996e+08,3.293538e+16,2.046458e+07,2.001035e+05,3.348276e+11,1.304434e+13,-8.546659e+10,0,95
3.324341e+08,3.232749e+15,1.548581e+07,9.371316e+06,1.123408e+14,-4.545871e+14,4.454069e+13,1.529998e+08,1.524915e+16,1.101690e+09,1.334659e+08,-5.028007e+16,-1.625646e+16,-3.812152e+16,2.093684e+08,3.609257e+16,3.146168e+07,1.615756e+06,3.574894e+12,-7.786346e+13,-5.941699e+11,1,101
2.748697e+08,1.106361e+15,3.235444e+07,4.608801e+06,4.065465e+13,-1.502143e+14,9.675704e+11,1.302970e+08,1.280640e+16,1.026365e+09,1.310807e+08,-4.733757e+16,-1.468181e+16,-3.590934e+16,1.622433e+08,2.101718e+16,1.107473e+07,1.746226e+06,-7.078041e+12,-2.079183e+14,-6.939043e+12,0,74
2.563606e+08,3.093458e+15,3.790555e+07,8.539564e+06,-7.914545e+12,-4.444502e+14,-1.385752e+14,1.087779e+08,8.641758e+15,8.368034e+08,1.059554e+08,-3.041206e+16,-9.610766e+15,-2.003109e+16,1.640848e+08,2.202534e+16,7.762358e+06,7.058078e+06,3.791706e+13,1.007335e+14,3.191009e+13,1,83
2.596927e+08,4.291884e+15,5.400867e+07,1.082129e+07,2.344828e+13,2.869193e+14,-2.169247e+13,1.072083e+08,7.591553e+15,8.384471e+08,1.061361e+08,-3.158613e+16,-9.237151e+15,-2.875015e+16,1.726770e+08,2.382492e+16,1.339120e+07,1.894188e+07,2.819155e+14,2.109737e+15,-7.895427e+13,1,92
3.476440e+08,6.462087e+15,9.892400e+07,6.821030e+07,5.025319e+15,5.179750e+15,5.857262e+15,1.496025e+08,1.407244e+16,9.549464e+08,1.100931e+08,-3.551504e+16,-1.301874e+16,-3.109028e+16,2.295339e+08,4.210020e+16,4.299101e+08,1.566978e+08,3.971950e+16,2.135702e+16,4.519946e+16,3,98
2.721217e+08,3.853912e+15,1.123375e+08,2.643402e+07,-1.327381e+15,-3.324735e+14,-1.398245e+15,1.144471e+08,9.415278e+15,8.034432e+08,1.018890e+08,-2.785838e+16,-9.600234e+15,-1.637810e+16,1.761804e+08,2.517923e+16,2.184050e+07,3.358541e+07,8.633277e+14,4.106938e+15,-2.315582e+14,3,83
3.001377e+08,3.275094e+15,8.063851e+06,2.460704e+07,-3.426470e+14,9.861387e+14,1.957063e+13,1.334984e+08,1.211892e+16,9.987521e+08,1.282790e+08,-4.575016e+16,-1.407337e+16,-3.789983e+16,1.903151e+08,2.940818e+16,8.866296e+06,1.062784e+07,7.202425e+13,1.144625e+15,-6.875142e+13,0,46
2.532163e+08,5.791762e+15,1.114365e+08,2.244561e+08,3.533977e+16,1.704471e+16,3.936864e+16,9.934677e+07,6.086077e+15,6.281448e+08,7.664233e+07,-1.678725e+16,-5.970989e+15,-1.658297e+16,1.752041e+08,2.476751e+16,2.611571e+08,1.818129e+08,3.920278e+16,2.497601e+16,-1.125371e+16,3,54
2.737925e+08,4.685594e+15,6.856832e+07,3.563125e+07,-1.507227e+15,-1.594579e+15,-2.420924e+15,1.138450e+08,8.902569e+15,8.799604e+08,1.126631e+08,-3.186526e+16,-9.898303e+15,-1.320905e+16,1.810394e+08,2.618864e+16,1.012305e+07,1.923769e+07,1.929709e+14,2.708795e+15,-1.664391e+14,2,71
2.782930e+08,4.808227e+15,2.808374e+07,5.467818e+07,1.189750e+15,3.363779e+15,1.817145e+15,1.134604e+08,9.169914e+15,7.961396e+08,1.009123e+08,-2.803512e+16,-9.557986e+15,-2.353620e+16,1.827565e+08,2.777660e+16,4.572775e+07,5.026785e+07,2.268248e+15,8.370304e+15,9.499633e+14,1,57
3.131551e+08,3.102940e+15,9.990770e+06,9.636997e+06,-9.082622e+13,2.269922e+13,-4.825119e+13,1.383551e+08,1.445311e+16,9.377538e+08,1.199098e+08,-3.929960e+16,-1.417351e+16,-3.102118e+16,1.931873e+08,3.133296e+16,4.167372e+06,4.430020e+06,6.995190e+12,6.861245e+14,-1.331005e+13,0,100
2.872470e+08,4.419971e+15,6.399772e+06,1.083248e+08,2.200083e+15,6.381761e+15,2.181263e+15,1.256920e+08,9.052887e+15,9.953938e+08,1.263194e+08,-4.404993e+16,-1.185569e+16,-3.735804e+16,1.921630e+08,2.802936e+16,7.652134e+07,6.917913e+07,4.835686e+15,9.288950e+15,-1.833656e+15,2,59
2.456361e+08,3.555340e+15,2.139657e+07,1.022174e+08,-1.161812e+15,6.011273e+15,3.198559e+15,1.114285e+08,5.747519e+15,7.962480e+08,1.052469e+08,-3.008741e+16,-7.967174e+15,-2.572760e+16,1.699040e+08,2.228334e+16,7.693883e+07,4.610520e+07,2.527512e+15,5.371191e+15,-9.577846e+14,1,81
2.883735e+08,7.094033e+15,9.803858e+06,1.408069e+07,-4.543738e+13,6.512752e+14,1.011613e+14,1.192282e+08,7.636598e+15,8.335589e+08,1.018003e+08,-2.965285e+16,-8.865619e+15,-2.431778e+16,2.010222e+08,3.205390e+16,1.097116e+07,1.459621e+07,1.302991e+14,2.597605e+15,8.138872e+13,2,87
2.591111e+08,5.466489e+15,3.757674e+07,9.618697e+07,5.382763e+14,6.815739e+15,7.074940e+15,1.085571e+08,6.014173e+15,7.287273e+08,8.707228e+07,-2.178882e+16,-6.666975e+15,-1.665268e+16,1.816301e+08,2.635729e+16,9.553848e+07,8.009761e+07,6.831374e+15,1.287852e+16,6.822297e+15,1,50
2.941403e+08,5.946433e+15,4.241457e+07,6.269296e+06,7.945459e+12,-4.662696e+14,-9.361407e+13,1.237592e+08,9.065262e+15,9.436683e+08,1.194207e+08,-3.929572e+16,-1.114086e+16,-2.688181e+16,1.993016e+08,3.131595e+16,1.002249e+08,1.299791e+07,4.123986e+14,8.080124e+14,3.072578e+14,0,65
2.527147e+08,5.167102e+15,7.060139e+07,5.364740e+07,3.144860e+15,3.766700e+15,3.335698e+15,1.014372e+08,6.347673e+15,8.006145e+08,9.792475e+07,-2.741131e+16,-7.801823e+15,-2.867120e+16,1.731542e+08,2.376783e+16,4.926266e+07,6.505701e+07,3.550279e+15,1.002920e+16,1.376358e+15,3,91
2.936067e+08,3.009895e+15,5.359155e+07,9.318609e+07,5.616541e+15,4.667714e+15,6.715081e+15,1.310561e+08,1.172297e+16,7.634134e+08,9.325156e+07,-2.463047e+16,-1.001648e+16,-2.171007e+16,1.853946e+08,2.884073e+16,7.564639e+07,8.331722e+07,6.529325e+15,1.360298e+16,1.727565e+14,2,68
2.922590e+08,3.435763e+15,1.533044e+07,5.869519e+07,-1.468863e+15,2.011040e+15,-2.057434e+14,1.319450e+08,1.062121e+16,8.418474e+08,1.043782e+08,-3.024361e+16,-1.055892e+16,-2.120371e+16,1.896882e+08,2.939647e+16,2.985763e+07,2.340637e+07,5.657819e+14,4.000798e+15,3.611230e+14,0,7
2.342776e+08,3.594299e+15,6.862171e+07,5.367383e+07,-2.744621e+14,1.328510e+15,1.296146e+15,9.759459e+07,6.413139e+15,6.909778e+08,8.258397e+07,-1.898215e+16,-6.415127e+15,-1.158591e+16,1.547939e+08,1.890963e+16,9.123447e+07,5.183899e+07,3.302794e+15,4.875483e+15,-4.819797e+14,0,32
3.302846e+08,5.437466e+15,1.631783e+08,5.414513e+07,2.597792e+15,3.542915e+15,5.976089e+15,1.429055e+08,1.316575e+16,8.798294e+08,1.007403e+08,-2.983769e+16,-1.146681e+16,-2.116312e+16,2.160515e+08,3.802582e+16,2.503404e+08,1.151205e+08,1.950356e+16,1.804749e+16,2.343601e+16,2,99
3.638919e+08,8.562839e+15,6.574225e+07,9.032663e+06,-2.155490e+14,-4.259587e+14,-2.856608e+14,1.551349e+08,1.413449e+16,1.099538e+09,1.382159e+08,-5.361707e+16,-1.631503e+16,-3.830300e+16,2.455666e+08,4.738244e+16,1.859570e+08,3.308216e+07,2.399026e+15,3.442225e+15,2.128103e+15,1,73
3.016005e+08,6.039241e+15,6.237523e+07,5.877213e+07,-1.817560e+15,1.347953e+15,1.102449e+15,1.383519e+08,8.262403e+15,1.077357e+09,1.026599e+08,-3.343089e+16,-8.890963e+15,-1.897309e+16,2.107686e+08,3.451968e+16,2.871541e+08,1.316886e+08,2.548423e+16,2.020154e+16,2.074632e+16,3,80
2.889217e+08,5.076657e+15,7.636449e+07,1.827852e+07,-2.622628e+14,-1.130956e+15,-8.590480e+14,1.247678e+08,9.119192e+15,9.842643e+08,1.244955e+08,-4.062542e+16,-1.127583e+16,-2.110549e+16,1.943642e+08,2.926985e+16,1.236250e+08,2.348598e+07,1.245853e+15,2.426279e+15,1.146610e+15,3,65
3.079258e+08,2.822373e+15,5.134193e+06,1.027871e+07,-3.615373e+13,-3.405770e+14,-2.095706e+13,1.458217e+08,1.213536e+16,1.200391e+09,1.475303e+08,-6.121908e+16,-1.603380e+16,-4.733772e+16,1.979951e+08,3.117923e+16,1.856343e+07,2.153144e+05,2.587138e+11,3.786820e+13,9.255869e+10,1,95
2.791422e+08,3.557479e+15,2.477656e+07,7.031111e+06,9.159946e+13,-2.485792e+14,1.034845e+14,1.208421e+08,1.002414e+16,9.604378e+08,1.207091e+08,-4.108154e+16,-1.207731e+16,-3.137218e+16,1.796879e+08,2.588640e+16,2.836922e+06,2.504197e+06,6.468680e+12,-1.419368e+14,4.648319e+12,0,69
2.655921e+08,5.596993e+15,3.250495e+07,7.408987e+07,-1.468480e+15,3.003486e+15,1.550425e+15,1.079302e+08,7.129657e+15,7.172992e+08,9.004925e+07,-2.145899e+16,-7.231806e+15,-1.174701e+16,1.818399e+08,2.640468e+16,8.515589e+07,5.559881e+07,3.733716e+15,8.879386e+15,3.243072e+15,0,51
2.741162e+08,5.586961e+15,1.438790e+08,7.132390e+07,5.257752e+14,3.035616e+15,2.716861e+15,1.126182e+08,7.688599e+15,8.534119e+08,1.096940e+08,-3.124042e+16,-9.125582e+15,-2.031154e+16,1.867501e+08,2.711705e+16,9.642522e+07,9.023523e+07,8.013277e+15,1.470930e+16,5.789994e+15,1,10
2.577903e+08,3.932358e+15,1.179130e+08,1.754653e+07,-1.898456e+14,4.030812e+14,6.869997e+13,1.064243e+08,8.147057e+15,6.943974e+08,8.685815e+07,-2.034364e+16,-7.635681e+15,-1.509041e+16,1.679536e+08,2.293255e+16,4.157851e+07,2.663797e+07,8.617390e+14,3.990940e+15,2.018720e+14,0,39
2.915325e+08,5.486752e+15,4.159289e+07,7.643051e+07,3.776093e+15,5.244162e+15,3.896444e+15,1.206323e+08,9.400638e+15,7.923319e+08,9.635835e+07,-2.600505e+16,-9.221497e+15,-2.723504e+16,1.946144e+08,3.124690e+16,8.357877e+07,8.272942e+07,6.651950e+15,1.434406e+16,6.056190e+15,1,61
2.650912e+08,5.331903e+15,3.625037e+07,1.046840e+08,-3.485997e+15,3.244001e+15,4.506634e+14,1.081163e+08,7.331764e+15,7.351172e+08,9.413823e+07,-2.131104e+16,-7.301132e+15,-8.773807e+15,1.806222e+08,2.588532e+16,9.950285e+07,6.990023e+07,5.664516e+15,1.113189e+16,4.278105e+15,3,51
2.915147e+08,3.239565e+15,1.690247e+07,5.587628e+07,1.319840e+15,3.089506e+15,2.332977e+15,1.290504e+08,1.126694e+16,8.497146e+08,1.049267e+08,-3.132586e+16,-1.113006e+16,-2.866436e+16,1.854066e+08,2.852053e+16,4.650444e+07,4.137710e+07,1.751726e+15,6.022050e+15,-5.937997e+14,0,68
2.976420e+08,5.660336e+15,6.393053e+07,2.376718e+07,8.943704e+14,1.682933e+15,8.792306e+14,1.263836e+08,9.406398e+15,8.385707e+08,1.044848e+08,-3.091547e+16,-1.013362e+16,-2.969283e+16,2.006583e+08,3.194414e+16,8.415241e+07,4.653354e+07,2.862980e+15,7.687397e+15,3.207993e+15,2,85
2.922507e+08,4.666166e+15,4.359171e+07,4.864860e+07,2.855812e+14,1.984320e+15,1.159381e+15,1.237800e+08,1.030717e+16,9.111051e+08,1.140207e+08,-3.618660e+16,-1.143306e+16,-2.704860e+16,1.911251e+08,2.944937e+16,2.053677e+07,5.086047e+07,1.586487e+15,7.888927e+15,-5.327533e+14,2,69
2.430119e+08,4.558521e+15,1.025833e+08,7.205908e+07,4.733177e+15,4.479482e+15,6.683551e+15,9.693670e+07,6.265895e+15,7.250606e+08,9.082419e+07,-2.327552e+16,-7.179862e+15,-1.886887e+16,1.641731e+08,2.161641e+16,9.168420e+07,8.283856e+07,7.049730e+15,1.206147e+16,3.714899e+15,0,66
3.048084e+08,3.796980e+15,1.509863e+07,1.033682e+07,-1.310032e+13,-3.718587e+14,-1.118623e+14,1.381508e+08,1.149383e+16,1.073111e+09,1.284484e+08,-4.743726e+16,-1.362739e+16,-3.265183e+16,1.980050e+08,3.114273e+16,4.035188e+07,7.273578e+06,1.176349e+14,9.764480e+14,7.788549e+13,1,103
3.272447e+08,3.355118e+15,3.947504e+07,2.292779e+07,1.253737e+14,-1.186270e+15,-6.483165e+13,1.500663e+08,1.475208e+16,1.055718e+09,1.300920e+08,-4.454000e+16,-1.501016e+16,-2.371740e+16,2.071833e+08,3.516706e+16,2.118449e+07,1.843714e+06,1.145492e+13,2.439635e+14,3.691588e+10,2,101
3.091725e+08,4.842321e+15,1.032578e+07,1.325410e+07,1.536073e+14,-7.366673e+14,6.913902e+13,1.338986e+08,1.156462e+16,1.029536e+09,1.258021e+08,-4.481617e+16,-1.338504e+16,-3.161983e+16,2.021774e+08,3.225612e+16,2.165474e+06,1.248195e+06,-8.287333e+11,7.541773e+13,1.204652e+12,2,70
3.074184e+08,3.781569e+15,1.503378e+08,6.906378e+07,2.720757e+14,2.522080e+15,3.670072e+15,1.341993e+08,1.280575e+16,8.580934e+08,1.044787e+08,-2.909871e+16,-1.123170e+16,-1.797939e+16,1.948720e+08,3.148870e+16,5.149846e+07,8.466998e+07,5.426594e+15,1.473366e+16,2.241895e+14,0,1
2.922275e+08,3.272941e+15,8.360169e+07,2.534634e+07,-3.139031e+14,-1.437135e+15,-6.413281e+14,1.301827e+08,1.138628e+16,1.018013e+09,1.242701e+08,-4.056494e+16,-1.251199e+16,-2.280065e+16,1.863880e+08,2.843847e+16,8.652196e+06,1.338582e+07,5.666647e+13,2.244322e+15,4.192230e+13,3,62
4.227923e+08,4.164252e+15,4.283354e+07,1.601160e+08,-9.861643e+15,2.663623e+15,-2.049777e+12,2.064716e+08,2.442497e+16,1.818033e+09,2.293444e+08,-1.411201e+17,-3.464492e+16,-7.223025e+16,2.688080e+08,5.353751e+16,2.978656e+07,6.068251e+07,2.195415e+15,1.078180e+16,-1.299048e+15,2,76
3.151742e+08,5.821372e+15,1.734396e+07,3.881177e+07,-8.265866e+14,6.251629e+14,-2.432577e+14,1.350195e+08,1.117066e+16,9.492855e+08,1.158843e+08,-3.690805e+16,-1.180411e+16,-2.403670e+16,2.098500e+08,3.512276e+16,8.948090e+07,3.583025e+07,2.021091e+15,5.698223e+15,2.315293e+15,0,47
2.959049e+08,3.253116e+15,1.539594e+07,1.731041e+07,-2.273430e+14,4.771174e+14,-3.184516e+12,1.321786e+08,1.162839e+16,9.793141e+08,1.263998e+08,-4.438509e+16,-1.360566e+16,-3.492557e+16,1.886013e+08,2.879558e+16,6.372940e+06,6.181453e+06,1.355993e+13,1.192606e+14,-1.132063e+13,1,46
2.540785e+08,7.062836e+15,3.739986e+08,8.172809e+07,5.942981e+15,5.440815e+15,1.295542e+16,9.559199e+07,5.801645e+15,5.826299e+08,7.453613e+07,-1.465016e+16,-5.443258e+15,-7.442350e+15,1.789068e+08,2.529196e+16,1.127070e+08,1.296594e+08,1.522612e+16,2.059493e+16,9.770851e+14,3,75
2.435829e+08,6.222214e+15,2.193207e+08,6.399559e+07,4.022851e+15,4.469014e+15,8.863657e+15,9.269166e+07,5.379882e+15,6.195257e+08,7.784459e+07,-1.662623e+16,-5.589876e+15,-1.040871e+16,1.708718e+08,2.305570e+16,7.979526e+07,8.924795e+07,7.299474e+15,1.353691e+16,9.461362e+14,1,75
3.023223e+08,4.516224e+15,1.092526e+08,3.369807e+06,6.063843e+13,-7.211347e+13,7.039204e+13,1.273620e+08,1.164156e+16,9.634188e+08,1.253462e+08,-4.270307e+16,-1.336117e+16,-3.804501e+16,1.944901e+08,3.073499e+16,4.082214e+07,7.458505e+06,1.296686e+14,7.899191e+14,1.304610e+14,1,84
2.885851e+08,2.653598e+15,4.131406e+06,2.143637e+07,9.435645e+13,9.274056e+14,2.067678e+14,1.300679e+08,1.156460e+16,9.171564e+08,1.082609e+08,-3.411286e+16,-1.164087e+16,-3.058701e+16,1.811932e+08,2.756891e+16,7.783683e+06,1.825132e+07,2.016925e+14,2.892531e+15,-2.904756e+11,0,89
2.335518e+08,3.876421e+15,3.069910e+07,1.644621e+08,4.722844e+15,1.007265e+16,1.590352e+16,9.721654e+07,5.507011e+15,6.862148e+08,8.628045e+07,-2.040968e+16,-6.275300e+15,-1.628642e+16,1.594698e+08,1.998925e+16,2.105044e+08,9.684799e+07,1.290774e+16,9.607097e+15,-4.942918e+15,0,54
3.034116e+08,7.720787e+15,5.802807e+07,9.417810e+05,-6.962143e+12,-4.586753e+13,-7.345991e+12,1.249724e+08,8.302461e+15,7.298372e+08,9.615532e+07,-2.546830e+16,-8.760247e+15,-2.339012e+16,2.123883e+08,3.529526e+16,4.020961e+07,7.846515e+06,1.392719e+14,1.225437e+15,1.655850e+14,1,85
3.387089e+08,1.909745e+15,6.170279e+06,6.184136e+06,9.387421e+11,5.917104e+12,-6.134554e+12,1.576184e+08,1.904788e+16,9.873442e+08,1.220557e+08,-4.234495e+16,-1.684407e+16,-3.825547e+16,2.008685e+08,3.404980e+16,3.681503e+07,1.041894e+07,2.270547e+13,-8.149428e+14,5.399227e+13,2,86
3.149417e+08,5.417265e+15,2.858707e+08,8.786961e+07,1.055811e+16,5.937563e+15,1.448008e+16,1.318965e+08,1.216821e+16,8.078218e+08,1.004168e+08,-2.845715e+16,-1.103999e+16,-2.182208e+16,2.053007e+08,3.424333e+16,7.920154e+07,1.399133e+08,1.455687e+16,2.478072e+16,-2.989776e+15,3,63
2.757235e+08,5.089576e+15,4.287284e+07,3.464796e+06,-2.301203e+13,1.658565e+14,-6.343359e+12,1.146821e+08,8.199095e+15,8.868053e+08,1.130350e+08,-3.577849e+16,-1.022704e+16,-3.042414e+16,1.853534e+08,2.691358e+16,2.228653e+06,8.430953e+05,-2.133946e+11,1.703516e+13,4.408489e+11,2,93
2.925648e+08,5.598901e+15,3.853196e+07,1.576863e+07,1.373316e+14,-1.151511e+15,-3.365849e+14,1.250269e+08,9.119066e+15,9.778354e+08,1.233171e+08,-4.023144e+16,-1.116359e+16,-2.164728e+16,1.977429e+08,3.056639e+16,1.075840e+08,1.284962e+07,4.145458e+14,7.457932e+14,2.857165e+14,1,65
2.647479e+08,3.203583e+15,5.824252e+07,2.515893e+05,2.775656e+11,-1.339268e+13,6.554908e+11,1.130342e+08,9.062600e+15,8.657133e+08,1.106197e+08,-3.416148e+16,-1.051817e+16,-3.302921e+16,1.695896e+08,2.304505e+16,2.150107e+07,9.780284e+06,8.232186e+13,-1.055007e+14,8.353786e+13,3,102
3.285722e+08,5.363776e+15,1.201630e+08,9.192577e+07,4.587802e+15,5.585034e+15,9.995342e+15,1.388634e+08,1.399616e+16,8.714795e+08,1.084531e+08,-3.316901e+16,-1.276873e+16,-2.288810e+16,2.112956e+08,3.675242e+16,1.036784e+08,1.085764e+08,1.093296e+16,2.053794e+16,7.260716e+15,0,29
2.965058e+08,4.252124e+15,1.614049e+08,9.651263e+06,-3.469791e+14,-4.362340e+14,-4.830299e+14,1.273588e+08,1.118571e+16,9.072035e+08,1.148732e+08,-3.603505e+16,-1.190199e+16,-2.399292e+16,1.914890e+08,2.900021e+16,2.330798e+07,3.070351e+07,8.202573e+14,2.814277e+15,5.329907e+14,0,12
2.537359e+08,3.264374e+15,7.199110e+06,5.317606e+06,-1.841678e+13,-1.325187e+14,-4.019898e+13,1.080440e+08,7.969852e+15,8.701168e+08,1.103035e+08,-3.404792e+16,-9.811237e+15,-2.638242e+16,1.648530e+08,2.165033e+16,2.089672e+07,6.371717e+06,-3.227120e+13,-6.476120e+14,-7.051509e+12,3,96
2.917984e+08,4.301955e+15,4.932294e+07,1.913553e+07,-4.277276e+14,2.915914e+14,-2.335721e+14,1.257466e+08,1.025178e+16,9.334077e+08,1.163749e+08,-3.771039e+16,-1.161184e+16,-2.656069e+16,1.910576e+08,2.924360e+16,1.251895e+07,2.073390e+07,2.709737e+14,3.356534e+15,-5.872371e+13,0,45
2.965727e+08,6.275084e+15,4.065588e+07,9.134333e+07,-5.385370e+15,7.218467e+15,-7.322296e+15,1.242562e+08,8.796469e+15,1.115014e+09,1.423922e+08,-5.557861e+16,-1.309300e+16,-4.961356e+16,2.027855e+08,3.102945e+16,8.750413e+07,2.266635e+07,8.182972e+14,3.823265e+15,7.712292e+14,1,36
3.372658e+08,5.361052e+15,5.003860e+07,2.789169e+07,-3.522556e+12,-2.000360e+15,-7.439476e+14,1.441120e+08,1.482161e+16,8.332908e+08,1.097045e+08,-2.620545e+16,-1.148169e+16,-1.164403e+16,2.163752e+08,3.858754e+16,1.262220e+07,4.114823e+06,2.144799e+13,7.804060e+14,-4.993800e+12,0,72
2.997576e+08,4.207216e+15,2.209023e+08,2.139996e+07,1.425313e+15,1.357587e+15,1.612474e+15,1.272146e+08,1.169391e+16,8.336958e+08,9.818924e+07,-2.803503e+16,-1.059865e+16,-2.669736e+16,1.916262e+08,3.047203e+16,2.821004e+07,6.079038e+07,2.509826e+15,1.021985e+16,-4.031915e+14,0,3
2.479902e+08,4.632561e+15,1.351322e+08,1.162069e+08,4.724508e+14,5.218619e+15,6.484194e+15,9.927540e+07,6.752209e+15,7.015190e+08,8.799763e+07,-2.004831e+16,-6.854444e+15,-9.190348e+15,1.672775e+08,2.227224e+16,1.189183e+08,1.111229e+08,1.241205e+16,1.645632e+16,5.391209e+15,1,66
2.706744e+08,6.357334e+15,1.771784e+07,4.055661e+07,-1.077347e+15,1.218682e+15,2.212863e+14,1.114827e+08,6.878219e+15,7.749714e+08,9.674031e+07,-2.565418e+16,-7.707281e+15,-1.607614e+16,1.879144e+08,2.787408e+16,3.147018e+07,2.082220e+07,4.844455e+14,3.474826e+15,3.600371e+14,1,33
3.371287e+08,2.298792e+15,9.876677e+06,6.737887e+06,-2.708050e+13,-3.137055e+14,-3.153111e+13,1.552989e+08,1.814507e+16,1.043914e+09,1.294189e+08,-4.707017e+16,-1.730764e+16,-3.871271e+16,2.027664e+08,3.439173e+16,2.794930e+07,7.399585e+06,-2.769186e+13,-9.801268e+14,-9.868018e+12,1,86
2.961527e+08,4.161715e+15,8.676780e+07,1.256388e+07,3.947394e+14,-4.878278e+14,4.177896e+14,1.272733e+08,1.120322e+16,8.975921e+08,1.128999e+08,-3.530351e+16,-1.179351e+16,-2.494594e+16,1.909582e+08,2.898515e+16,3.780622e+07,1.218972e+07,1.230995e+14,-8.567790e+14,9.879420e+13,1,12
2.673712e+08,7.352233e+15,1.856459e+08,6.416080e+07,6.972554e+15,5.378395e+15,6.458220e+15,1.025062e+08,6.342606e+15,7.326524e+08,8.900902e+07,-2.265626e+16,-7.076680e+15,-2.198269e+16,1.877564e+08,2.797545e+16,8.936414e+07,9.032459e+07,8.040486e+15,1.505933e+16,1.335716e+15,0,9
2.955904e+08,9.055647e+15,1.083576e+08,5.341944e+07,-1.462465e+15,3.269473e+15,-9.663259e+11,1.189151e+08,6.900100e+15,1.011556e+09,1.314376e+08,-4.467909e+16,-1.021575e+16,-2.849656e+16,2.126246e+08,3.406028e+16,8.901655e+07,3.502664e+06,-2.073024e+13,-3.600798e+14,3.035588e+12,0,97
2.661946e+08,4.207034e+15,9.944527e+07,1.231523e+07,-1.609615e+14,3.259207e+14,5.474463e+13,1.100174e+08,8.618014e+15,7.915581e+08,9.950195e+07,-2.779785e+16,-9.191691e+15,-1.983249e+16,1.739848e+08,2.482356e+16,2.193953e+07,2.678449e+07,6.085377e+14,2.819387e+15,-6.511303e+13,2,83
2.856017e+08,6.618460e+15,1.735517e+07,1.647362e+07,8.154108e+12,-1.217301e+15,-3.165426e+14,1.172107e+08,8.038402e+15,8.593282e+08,1.093331e+08,-3.230052e+16,-9.491962e+15,-1.805369e+16,1.967658e+08,3.034459e+16,1.028955e+08,1.229366e+07,3.825370e+14,7.124767e+14,2.850801e+14,2,65
3.124161e+08,4.436659e+15,4.703358e+06,6.398376e+06,1.630080e+13,-3.931856e+14,-3.221059e+13,1.391287e+08,1.179660e+16,1.083895e+09,1.311648e+08,-4.939688e+16,-1.417894e+16,-3.748457e+16,2.040588e+08,3.328076e+16,5.690258e+07,6.148894e+06,1.109693e+14,4.444472e+14,5.041021e+13,2,103
2.462477e+08,4.469291e+15,9.085499e+07,7.162867e+07,-2.483987e+15,9.575046e+14,-6.761142e+13,1.002803e+08,6.948480e+15,6.886470e+08,8.583930e+07,-1.873196e+16,-6.599827e+15,-8.287736e+15,1.638143e+08,2.170437e+16,7.209763e+07,5.779281e+07,3.537466e+15,7.377545e+15,-1.457873e+15,2,37
2.318045e+08,4.687694e+15,1.327314e+08,4.113753e+07,1.442345e+14,1.617300e+15,1.118795e+15,9.271024e+07,5.131582e+15,7.246204e+08,9.537462e+07,-2.459076e+16,-6.733292e+15,-1.649983e+16,1.607180e+08,1.985788e+16,5.215482e+07,5.193728e+07,2.491629e+15,6.794763e+15,-9.326974e+14,2,94
2.514399e+08,2.740848e+15,3.532697e+07,2.388605e+07,-5.408195e+14,9.795692e+14,-4.271539e+14,1.136523e+08,7.397192e+15,8.975210e+08,1.121944e+08,-3.559692e+16,-9.637141e+15,-3.135013e+16,1.654782e+08,2.081020e+16,1.603122e+07,7.133729e+06,2.892520e+13,-1.754832e+14,1.735203e+13,0,59
2.772689e+08,5.813543e+15,1.023817e+07,3.956303e+07,-6.677840e+14,-1.790630e+14,-5.798706e+14,1.150612e+08,7.745889e+15,8.577055e+08,1.074641e+08,-3.159015e+16,-9.198010e+15,-1.910580e+16,1.899134e+08,2.859864e+16,1.727044e+07,2.033512e+07,3.118294e+14,3.230791e+15,-4.901241e+13,1,44
2.242582e+08,3.322851e+15,7.192722e+07,1.116169e+07,2.841742e+14,5.973828e+14,3.347282e+14,9.229981e+07,5.635962e+15,7.382120e+08,9.362619e+07,-2.456449e+16,-7.016867e+15,-2.342797e+16,1.491907e+08,1.750399e+16,4.964796e+07,3.230201e+07,1.190222e+15,2.099960e+15,5.201343e+14,0,53
3.213569e+08,5.050956e+15,1.537835e+08,2.375318e+08,-3.959217e+16,1.486376e+16,-5.434984e+16,1.534189e+08,1.018305e+16,8.606997e+08,1.155626e+08,-3.528286e+16,-1.163024e+16,-3.303156e+16,2.205462e+08,3.800169e+16,1.288021e+08,7.963873e+07,7.882003e+15,1.537232e+16,6.331296e+15,1,67
2.584724e+08,5.564885e+15,1.605135e+08,4.091370e+07,-1.031718e+15,1.383530e+15,5.266247e+14,1.031002e+08,6.749890e+15,7.680321e+08,1.017667e+08,-2.674464e+16,-8.007501e+15,-1.540387e+16,1.770396e+08,2.439223e+16,3.197088e+07,5.879091e+07,2.300172e+15,8.847443e+15,-7.494286e+14,2,58
3.001473e+08,5.337186e+15,6.282671e+06,8.850516e+07,2.972970e+14,5.856944e+15,2.650079e+15,1.328133e+08,9.141604e+15,9.638294e+08,1.161133e+08,-3.808905e+16,-1.087008e+16,-3.402025e+16,2.045487e+08,3.361688e+16,4.543650e+07,6.756193e+07,3.515010e+15,1.226682e+16,2.168712e+15,0,21
2.929778e+08,4.788485e+15,1.827633e+08,2.778556e+08,6.157884e+16,1.905827e+16,6.884612e+16,1.214047e+08,1.056745e+16,7.301004e+08,9.171078e+07,-2.362818e+16,-9.412774e+15,-2.129428e+16,1.903613e+08,3.002020e+16,2.516887e+08,2.680599e+08,6.898313e+16,4.639698e+16,2.517074e+16,3,57
2.752085e+08,5.542407e+15,4.771665e+07,1.311048e+06,-9.566003e+12,9.316347e+13,-1.002458e+13,1.130803e+08,7.829244e+15,8.571031e+08,1.105694e+08,-3.392986e+16,-9.780420e+15,-3.094938e+16,1.867652e+08,2.729312e+16,1.240484e+06,1.964969e+06,-3.049534e+12,2.001902e+14,-6.616067e+11,3,93
2.861664e+08,7.086424e+15,8.080430e+06,9.624371e+06,1.383572e+13,-7.834146e+14,-7.487246e+13,1.152013e+08,7.869876e+15,8.224621e+08,1.035659e+08,-2.988876e+16,-9.048405e+15,-2.004932e+16,1.978354e+08,3.096956e+16,7.654840e+06,2.204801e+06,-3.838641e+10,3.848305e+14,1.227164e+12,1,87
2.914400e+08,5.161735e+15,1.399724e+08,4.452219e+07,1.702139e+15,2.321678e+15,2.310285e+15,1.217862e+08,9.756108e+15,9.039319e+08,1.118192e+08,-3.533494e+16,-1.099364e+16,-2.836559e+16,1.930140e+08,3.000086e+16,6.707729e+07,7.701239e+07,5.100848e+15,1.318171e+16,3.947445e+15,1,52
3.066907e+08,4.681342e+15,1.079504e+08,5.530152e+07,2.327013e+15,3.010600e+15,3.262234e+15,1.314708e+08,1.152420e+16,9.507826e+08,1.210414e+08,-4.042815e+16,-1.286666e+16,-3.320407e+16,1.996069e+08,3.252747e+16,4.278098e+07,7.238401e+07,3.783025e+15,1.264405e+16,-9.465529e+13,0,31
2.949515e+08,4.375341e+15,1.171635e+08,5.870964e+07,4.001160e+15,3.511149e+15,5.111083e+15,1.261786e+08,1.071616e+16,7.848974e+08,9.543372e+07,-2.606414e+16,-9.852264e+15,-2.240559e+16,1.915601e+08,3.008408e+16,5.624071e+07,7.478107e+07,4.776467e+15,1.235161e+16,-5.939391e+14,0,25
2.145755e+08,3.084702e+15,2.982308e+06,3.682378e+07,9.693339e+13,-1.372751e+15,-2.054394e+14,9.617538e+07,4.315214e+15,6.568487e+08,9.270193e+07,-1.904504e+16,-5.272719e+15,-8.726401e+15,1.491266e+08,1.701106e+16,1.807179e+08,2.153542e+07,-1.200665e+15,-2.681758e+15,-2.300358e+14,0,2
3.152335e+08,4.209474e+15,2.751295e+07,2.276919e+07,5.033427e+14,1.389317e+15,5.924146e+14,1.361174e+08,1.312787e+16,9.481005e+08,1.164145e+08,-3.863027e+16,-1.331766e+16,-3.674914e+16,2.006589e+08,3.350967e+16,2.565523e+07,2.783635e+07,6.859274e+14,5.093502e+15,3.655403e+14,2,104
3.111220e+08,3.547510e+15,1.589989e+06,1.059787e+06,8.852724e+11,-5.250239e+13,5.034747e+11,1.360983e+08,1.365503e+16,9.759705e+08,1.250038e+08,-4.358928e+16,-1.460536e+16,-3.828486e+16,1.944418e+08,3.167424e+16,5.491081e+06,1.353548e+04,-2.185468e+09,-3.276939e+11,-6.990807e+08,1,100
2.974092e+08,4.769974e+15,5.032455e+07,7.924366e+05,1.493977e+12,1.786435e+13,8.267090e+11,1.247588e+08,1.080027e+16,9.916968e+08,1.263804e+08,-4.470957e+16,-1.312474e+16,-4.551037e+16,1.935151e+08,3.027081e+16,1.259407e+07,3.832893e+06,8.265963e+12,6.415832e+14,1.021269e+13,3,84
3.342576e+08,4.185422e+15,1.338560e+08,1.284306e+08,1.380598e+16,8.276074e+15,2.295235e+16,1.457104e+08,1.536292e+16,8.527032e+08,1.040716e+08,-3.000844e+16,-1.261681e+16,-2.578192e+16,2.103671e+08,3.719917e+16,1.193194e+08,1.303403e+08,1.607227e+16,2.513404e+16,6.158652e+15,0,104
2.945230e+08,9.963542e+15,6.983020e+07,6.445080e+07,-1.864647e+15,4.958046e+15,-1.030856e+15,1.179217e+08,6.287281e+15,1.008654e+09,1.287094e+08,-4.288892e+16,-9.451398e+15,-3.051632e+16,2.152309e+08,3.502955e+16,1.029634e+08,6.311318e+06,5.447652e+13,-8.755378e+13,-1.042854e+13,3,97
2.884115e+08,6.968041e+15,1.911292e+07,9.153184e+06,4.891170e+13,-6.419519e+14,-1.124930e+14,1.157203e+08,8.293278e+15,7.952146e+08,1.042265e+08,-2.888093e+16,-9.200727e+15,-1.815734e+16,1.979014e+08,3.075636e+16,4.647725e+07,2.799869e+06,1.326814e+13,-1.660982e+13,1.513631e+13,0,35
2.970027e+08,3.853233e+15,1.099196e+07,1.185566e+08,-3.947922e+15,3.986291e+15,1.837836e+15,1.372966e+08,1.012436e+16,8.572656e+08,1.053052e+08,-2.981554e+16,-1.002567e+16,-1.738633e+16,1.967728e+08,3.147331e+16,6.437873e+07,6.425653e+07,3.953768e+15,1.113918e+16,2.010510e+15,1,76
2.583830e+08,3.274826e+15,8.874602e+07,1.677666e+06,-7.723275e+11,4.966434e+13,5.107569e+12,1.093349e+08,8.536431e+15,8.229469e+08,1.047272e+08,-3.073566e+16,-9.674208e+15,-2.744976e+16,1.661627e+08,2.223498e+16,4.295065e+07,2.042287e+07,4.502935e+14,6.341247e+14,3.600215e+14,0,102
2.719187e+08,4.758635e+15,5.929443e+07,2.511112e+07,3.134347e+14,9.865899e+14,3.687091e+14,1.157823e+08,7.782513e+15,9.387177e+08,1.162344e+08,-3.834655e+16,-1.022563e+16,-3.224093e+16,1.838101e+08,2.692002e+16,4.500982e+07,4.451106e+07,1.657935e+15,7.233970e+15,1.563804e+15,3,82
2.850046e+08,3.015741e+15,6.896351e+07,1.011859e+07,2.181684e+14,-4.473009e+14,1.881203e+14,1.264456e+08,1.116931e+16,9.726014e+08,1.189151e+08,-3.847375e+16,-1.207325e+16,-2.654307e+16,1.795955e+08,2.659365e+16,3.183211e+06,4.726587e+06,-7.074342e+12,7.447584e+14,-3.977484e+11,0,62
3.018079e+08,4.230318e+15,1.228116e+08,2.348781e+06,-1.936708e+13,3.283450e+13,-1.588091e+13,1.272328e+08,1.203593e+16,8.974379e+08,1.160194e+08,-3.687722e+16,-1.260807e+16,-3.405797e+16,1.921204e+08,3.051825e+16,2.961074e+07,1.783731e+07,3.567082e+14,2.890407e+15,3.196361e+14,2,84
2.463636e+08,5.153344e+15,9.275156e+07,6.878567e+07,2.600470e+15,3.888759e+15,3.888122e+15,9.700487e+07,6.110779e+15,7.208850e+08,9.053215e+07,-2.283149e+16,-7.013131e+15,-1.665602e+16,1.686736e+08,2.281964e+16,8.596494e+07,7.633089e+07,5.999027e+15,1.143224e+16,3.552858e+15,3,66
2.843988e+08,3.794350e+15,4.988740e+07,2.492507e+08,2.445484e+16,1.472829e+16,3.546889e+16,1.259567e+08,9.653909e+15,7.625017e+08,9.293282e+07,-2.461075e+16,-9.125175e+15,-2.071329e+16,1.863762e+08,2.883990e+16,2.032159e+08,1.781072e+08,3.368675e+16,2.894464e+16,4.459788e+15,1,40
3.502713e+08,6.274070e+15,9.079710e+07,5.289673e+07,2.301285e+15,3.276425e+15,2.466760e+15,1.524166e+08,1.426036e+16,9.545966e+08,1.053618e+08,-3.332649e+16,-1.255797e+16,-2.780221e+16,2.312335e+08,4.286859e+16,4.239932e+08,1.437330e+08,3.404260e+16,1.825065e+16,3.585227e+16,1,98
2.783461e+08,4.265004e+15,5.473813e+07,4.768627e+06,7.684233e+12,-3.113383e+14,-1.167588e+13,1.161114e+08,9.526261e+15,8.822124e+08,1.123203e+08,-3.526132e+16,-1.093894e+16,-2.730198e+16,1.812972e+08,2.670317e+16,8.894178e+06,8.932288e+06,6.958914e+13,2.125904e+14,6.429516e+13,2,63
2.897996e+08,4.432756e+15,1.089147e+08,1.798727e+08,-2.186083e+16,1.060247e+16,-2.805276e+16,1.375830e+08,7.747132e+15,7.613953e+08,1.011888e+08,-2.718042e+16,-8.867230e+15,-2.403555e+16,2.017865e+08,3.201211e+16,9.756902e+07,6.183550e+07,4.647471e+15,1.091234e+16,3.727525e+15,0,67
3.568744e+08,4.980688e+15,1.164057e+08,3.511261e+07,2.199088e+15,-1.007588e+15,2.652720e+15,1.548415e+08,1.759678e+16,1.084975e+09,1.384855e+08,-4.567505e+16,-1.671998e+16,-2.673477e+16,2.250199e+08,4.162160e+16,6.834838e+06,1.203240e+06,-2.305814e+12,2.411993e+14,-4.324927e+10,3,49
3.068948e+08,4.589816e+15,5.590408e+07,3.117658e+07,3.679159e+13,1.513185e+15,9.905012e+14,1.325909e+08,1.156208e+16,9.780156e+08,1.187422e+08,-4.026582e+16,-1.270537e+16,-3.036165e+16,1.998904e+08,3.279315e+16,2.144717e+07,4.018906e+07,9.945612e+14,7.223359e+15,3.776838e+14,0,28
2.673731e+08,5.120902e+15,1.059311e+07,1.953229e+06,8.329551e+12,-1.253822e+14,5.069756e+12,1.107537e+08,7.445311e+15,8.219087e+08,1.044613e+08,-3.032201e+16,-8.923546e+15,-2.540011e+16,1.811469e+08,2.579123e+16,5.535990e+05,1.196463e+06,6.759140e+11,-2.465996e+13,8.686245e+11,0,93
3.150466e+08,3.884261e+15,5.315100e+06,1.960090e+07,1.549577e+14,1.121939e+15,1.811981e+14,1.376963e+08,1.328562e+16,9.364028e+08,1.129161e+08,-3.644721e+16,-1.297573e+16,-3.287506e+16,2.000146e+08,3.335917e+16,4.683530e+07,2.719206e+07,8.845520e+14,4.446876e+15,9.182939e+14,1,88
2.573775e+08,3.344206e+15,5.005849e+06,2.965239e+05,1.991480e+11,-1.482592e+13,1.444178e+11,1.099383e+08,8.073434e+15,9.033148e+08,1.157744e+08,-3.742499e+16,-1.039566e+16,-3.396353e+16,1.675911e+08,2.244617e+16,2.041348e+07,5.299699e+06,-4.937951e+13,-7.022600e+14,-4.937580e+13,1,96
2.788208e+08,4.353082e+15,3.609048e+06,6.170804e+07,9.097017e+14,3.925088e+15,1.034297e+15,1.191320e+08,8.798703e+15,7.874448e+08,9.442562e+07,-2.495678e+16,-8.711893e+15,-2.531338e+16,1.850197e+08,2.804922e+16,5.837951e+07,5.354866e+07,2.888314e+15,8.767488e+15,2.871089e+15,2,61
2.721792e+08,5.619301e+15,3.112996e+08,1.330580e+08,1.706325e+16,8.496599e+15,2.856487e+16,1.086578e+08,8.147962e+15,7.264567e+08,8.939103e+07,-2.180978e+16,-7.828181e+15,-1.383691e+16,1.825826e+08,2.710333e+16,1.703920e+08,1.728375e+08,2.928135e+16,2.831140e+16,1.278167e+16,3,77
2.808721e+08,4.300360e+15,8.346026e+07,1.135326e+07,-2.550470e+14,-6.169758e+13,-2.473924e+14,1.185071e+08,9.546954e+15,9.163483e+08,1.156433e+08,-3.670259e+16,-1.108933e+16,-2.986651e+16,1.832881e+08,2.710920e+16,3.203686e+07,2.506324e+07,5.941444e+14,3.967819e+15,5.566372e+14,2,52
2.729862e+08,4.297095e+15,2.037639e+07,1.441121e+07,1.203036e+14,-9.321452e+14,-2.615998e+13,1.159828e+08,8.761418e+15,9.148196e+08,1.149114e+08,-3.566742e+16,-1.041096e+16,-2.221165e+16,1.800379e+08,2.596263e+16,4.173989e+06,4.384241e+06,1.585912e+13,-1.506848e+14,1.595470e+13,3,69
2.544011e+08,3.373335e+15,3.794869e+06,1.349341e+07,4.834215e+13,-6.678033e+14,-8.589531e+13,1.081589e+08,7.914408e+15,8.605855e+08,1.098171e+08,-3.266750e+16,-9.553975e+15,-2.142262e+16,1.661293e+08,2.199849e+16,1.450631e+07,5.099608e+06,-2.583567e+13,-6.123230e+14,-1.166231e+13,2,96
3.052058e+08,4.425744e+15,1.083185e+08,1.599779e+06,1.199763e+12,5.219306e+13,-3.083084e+12,1.287847e+08,1.211647e+16,9.306965e+08,1.194899e+08,-3.984661e+16,-1.315280e+16,-3.991090e+16,1.951341e+08,3.122728e+16,3.324434e+07,1.701537e+07,3.547668e+14,2.668351e+15,3.576557e+14,0,84
2.801824e+08,2.023841e+15,2.053816e+08,9.876143e+07,-1.395341e+16,3.502260e+15,-6.441313e+15,1.380614e+08,9.940199e+15,8.315301e+08,1.006810e+08,-2.883737e+16,-9.898899e+15,-1.968516e+16,1.808900e+08,2.591712e+16,1.258455e+07,1.889309e+07,2.503078e+14,2.643748e+15,-1.669318e+13,0,76
3.391930e+08,3.761423e+15,3.266826e+07,2.280056e+07,3.075739e+14,1.176262e+15,7.497694e+14,1.540663e+08,1.577525e+16,1.074759e+09,1.282350e+08,-4.760303e+16,-1.609658e+16,-4.101680e+16,2.136986e+08,3.726228e+16,4.177158e+07,3.582922e+07,1.222364e+15,6.691378e+15,1.237276e+15,0,20
2.984679e+08,1.015007e+16,9.481067e+07,7.329232e+07,-4.538516e+15,6.597628e+15,-4.098269e+15,1.173421e+08,6.776952e+15,9.593647e+08,1.244691e+08,-4.178946e+16,-9.932177e+15,-3.080586e+16,2.162116e+08,3.544843e+16,1.025418e+08,8.215917e+06,1.696627e+14,4.154987e+14,-1.047993e+13,1,97
3.198723e+08,7.649893e+15,1.201294e+08,1.335370e+07,5.824280e+13,5.942217e+14,1.038131e+14,1.303510e+08,1.053073e+16,9.507950e+08,1.229794e+08,-4.134596e+16,-1.245655e+16,-3.682150e+16,2.172726e+08,3.687746e+16,6.656091e+07,4.189602e+07,1.988725e+15,7.382994e+15,2.045705e+15,1,56
2.722393e+08,3.898261e+15,9.166562e+07,5.774509e+07,-3.894857e+15,-7.473882e+14,-4.022377e+15,1.149504e+08,9.400308e+15,8.008705e+08,1.032284e+08,-2.441134e+16,-8.864000e+15,-9.846114e+15,1.765345e+08,2.495378e+16,3.441106e+07,4.138794e+07,1.458022e+15,5.913908e+15,-6.489620e+14,1,5
2.525348e+08,5.110652e+15,3.763595e+06,6.791824e+07,-2.512630e+14,4.746247e+15,-5.186788e+12,1.069943e+08,5.619937e+15,7.253955e+08,9.326607e+07,-2.297147e+16,-6.860262e+15,-2.298568e+16,1.775911e+08,2.482672e+16,4.311452e+07,3.051036e+07,1.036884e+15,3.699085e+15,-4.342144e+14,0,17
2.960308e+08,3.119616e+15,2.091920e+07,8.827564e+06,2.972183e+13,-2.213536e+14,-1.485653e+13,1.359838e+08,1.129369e+16,1.070778e+09,1.284953e+08,-4.762495e+16,-1.361414e+16,-3.424806e+16,1.903139e+08,2.844995e+16,4.868301e+07,5.454881e+06,8.887854e+13,4.816291e+14,4.032291e+13,3,103
3.028773e+08,3.727217e+15,8.298709e+05,2.138110e+07,-3.195728e+13,-2.468393e+14,-4.051688e+13,1.354128e+08,1.159638e+16,1.076648e+09,1.315464e+08,-4.905708e+16,-1.406179e+16,-3.568330e+16,1.958449e+08,3.074157e+16,7.998886e+06,8.842058e+06,6.211060e+13,3.369346e+14,2.180878e+13,2,60
3.534993e+08,8.078123e+15,7.273918e+07,2.238824e+07,-8.321531e+14,-1.313418e+15,-1.186114e+15,1.517168e+08,1.298255e+16,1.126100e+09,1.420190e+08,-5.273687e+16,-1.528984e+16,-3.332036e+16,2.399680e+08,4.508293e+16,1.960473e+08,4.396805e+07,4.009252e+15,5.675104e+15,3.551394e+15,0,73
2.289196e+08,4.229932e+15,8.766403e+07,3.308033e+07,1.709838e+15,2.093615e+15,1.995210e+15,9.309408e+07,5.105862e+15,7.345217e+08,9.609694e+07,-2.546749e+16,-6.862527e+15,-2.349412e+16,1.575182e+08,1.905642e+16,4.104995e+07,4.540515e+07,1.833393e+15,5.935970e+15,-4.858092e+14,3,94
2.496559e+08,4.942810e+15,2.884822e+07,9.742646e+07,1.629698e+15,6.565620e+15,6.917695e+15,1.044690e+08,5.704657e+15,7.655330e+08,9.539474e+07,-2.558494e+16,-7.105963e+15,-2.078337e+16,1.741375e+08,2.402061e+16,8.012509e+07,7.687053e+07,5.820849e+15,1.191146e+16,4.136756e+15,2,50
2.820817e+08,4.734531e+15,3.172715e+07,6.962635e+07,2.711991e+15,4.120446e+15,2.469820e+15,1.179744e+08,9.168097e+15,7.756642e+08,9.501370e+07,-2.518249e+16,-8.992129e+15,-2.679822e+16,1.864951e+08,2.864031e+16,8.088180e+07,6.840517e+07,4.951987e+15,1.122252e+16,4.776828e+15,3,61
2.940402e+08,3.170953e+15,1.187813e+07,1.242333e+07,-1.019124e+14,-5.085935e+14,-2.054775e+14,1.310206e+08,1.173228e+16,1.004273e+09,1.226890e+08,-4.280517e+16,-1.322405e+16,-2.953877e+16,1.867239e+08,2.838305e+16,7.917029e+05,5.274603e+06,5.304373e+12,5.617163e+14,-9.650577e+12,1,60
2.856452e+08,5.108462e+15,6.662494e+07,1.844779e+07,-5.431453e+14,-1.218664e+14,-5.199531e+14,1.196905e+08,9.142554e+15,9.564988e+08,1.195534e+08,-3.907634e+16,-1.114430e+16,-2.818582e+16,1.903592e+08,2.895317e+16,3.029380e+07,2.791609e+07,6.356565e+14,4.676871e+15,5.720131e+14,3,52
2.994719e+08,8.317125e+15,9.246678e+06,1.666087e+07,-9.600676e+13,-1.125374e+15,-2.833719e+14,1.216280e+08,8.192129e+15,7.957137e+08,9.698231e+07,-2.639671e+16,-8.555608e+15,-1.550726e+16,2.095100e+08,3.464096e+16,1.024872e+07,6.332290e+06,1.983040e+13,1.177939e+15,1.984807e+13,3,87
2.948465e+08,5.203563e+15,1.657023e+08,1.462500e+07,-3.672078e+13,4.990891e+14,2.361932e+14,1.226799e+08,1.041140e+16,8.086038e+08,1.004705e+08,-2.843592e+16,-1.018315e+16,-2.126394e+16,1.932847e+08,3.058208e+16,2.015058e+07,3.753866e+07,9.871814e+14,5.874225e+15,-3.694940e+14,0,22
2.886490e+08,4.616471e+15,1.325336e+08,2.391542e+07,-6.935951e+14,-1.378765e+15,-1.519100e+15,1.218988e+08,1.012601e+16,9.255162e+08,1.192495e+08,-3.611660e+16,-1.126820e+16,-1.665585e+16,1.894349e+08,2.842671e+16,2.755826e+07,1.816202e+07,3.019643e+14,3.049824e+15,1.916593e+14,1,34
3.552574e+08,5.492753e+15,9.559318e+07,5.900465e+07,3.382661e+15,3.773262e+15,3.720694e+15,1.553267e+08,1.599010e+16,9.284415e+08,1.053132e+08,-3.284892e+16,-1.329432e+16,-2.836548e+16,2.290841e+08,4.231171e+16,3.631636e+08,1.370865e+08,2.989736e+16,1.821999e+16,3.403490e+16,0,98
2.476379e+08,4.994887e+15,7.531979e+06,7.581424e+07,1.196710e+15,5.267395e+15,2.554230e+15,1.027438e+08,5.602211e+15,7.451425e+08,9.343406e+07,-2.464742e+16,-6.985099e+15,-2.268240e+16,1.727960e+08,2.366114e+16,6.209017e+07,5.963121e+07,3.459461e+15,9.171960e+15,2.594949e+15,3,50
3.275030e+08,3.170785e+15,2.144198e+07,3.354364e+06,-2.414270e+13,-8.969221e+13,-1.684131e+13,1.516687e+08,1.453987e+16,1.137579e+09,1.361690e+08,-5.353812e+16,-1.639301e+16,-4.536349e+16,2.071481e+08,3.517040e+16,3.915531e+07,1.969708e+06,-3.456956e+12,-1.900627e+14,9.115237e+11,3,101
2.535877e+08,6.490023e+15,2.482423e+08,8.646902e+07,4.687744e+13,4.737786e+15,8.768518e+15,9.658002e+07,6.098403e+15,6.116180e+08,7.874264e+07,-1.448427e+16,-5.461126e+15,-5.630191e+15,1.764659e+08,2.483985e+16,9.242263e+07,1.036994e+08,9.857460e+15,1.629309e+16,1.575008e+14,2,75
3.333301e+08,5.066753e+15,5.039464e+07,4.155011e+07,1.900582e+15,2.949188e+15,2.258838e+15,1.444721e+08,1.405171e+16,9.680128e+08,1.192494e+08,-4.024063e+16,-1.410402e+16,-3.912560e+16,2.147955e+08,3.791246e+16,1.238127e+08,6.244591e+07,5.475649e+15,1.060246e+16,6.416176e+15,0,23
2.725379e+08,4.208785e+15,6.840063e+07,2.219996e+07,-6.733517e+14,-1.345501e+13,-6.102616e+14,1.132286e+08,9.050466e+15,7.811714e+08,9.981222e+07,-2.464944e+16,-8.780557e+15,-1.750963e+16,1.775501e+08,2.577659e+16,2.418422e+07,2.233655e+07,4.814405e+14,2.999886e+15,-2.163564e+14,0,5
3.013675e+08,3.591907e+15,4.433847e+07,9.819925e+06,1.442898e+14,-2.910661e+14,2.741054e+14,1.305487e+08,1.275088e+16,9.369592e+08,1.198585e+08,-3.882058e+16,-1.324365e+16,-2.383751e+16,1.897027e+08,2.934378e+16,1.628881e+07,4.967281e+06,-3.198324e+13,-8.353346e+14,-5.333005e+13,2,74
2.992638e+08,1.079030e+16,9.142729e+07,8.248327e+07,-6.927587e+15,8.275702e+15,-7.524556e+15,1.169807e+08,6.340662e+15,9.671492e+08,1.239409e+08,-4.251155e+16,-9.726699e+15,-3.301845e+16,2.196949e+08,3.705339e+16,8.828210e+07,1.222552e+07,3.927766e+14,1.495448e+15,-6.831008e+13,2,97
3.148081e+08,3.155483e+15,5.456162e+06,1.534514e+07,9.141682e+13,-8.619234e+14,1.616472e+13,1.478484e+08,1.255403e+16,1.150576e+09,1.421308e+08,-5.516777e+16,-1.543147e+16,-3.929902e+16,2.030953e+08,3.313771e+16,1.108210e+07,2.623271e+05,-3.824597e+11,4.229077e+13,9.019604e+09,2,95
3.401219e+08,6.907116e+15,2.244704e+07,9.793804e+06,-7.564059e+13,-6.892439e+14,-1.848368e+14,1.420847e+08,1.370430e+16,8.003708e+08,1.015382e+08,-2.725986e+16,-1.138088e+16,-1.899443e+16,2.233882e+08,4.152330e+16,8.616184e+06,2.933138e+06,1.031284e+13,5.681871e+14,-2.411568e+12,2,72
2.662892e+08,5.988294e+15,1.557772e+08,6.572560e+07,9.716658e+14,2.781870e+15,1.786798e+15,1.046302e+08,7.304772e+15,7.628127e+08,9.317400e+07,-2.429600e+16,-7.830090e+15,-1.568607e+16,1.815464e+08,2.680128e+16,7.979258e+07,8.156625e+07,6.376907e+15,1.332857e+16,2.942680e+15,1,77
2.506490e+08,5.065810e+15,1.334981e+08,3.297553e+07,2.112585e+15,2.304327e+15,2.253919e+15,9.982206e+07,6.369204e+15,8.044014e+08,9.921892e+07,-2.764404e+16,-7.862491e+15,-2.713726e+16,1.708616e+08,2.317282e+16,4.342612e+07,5.661269e+07,2.712289e+15,8.613692e+15,5.771145e+14,2,91
2.481397e+08,4.671174e+15,9.785227e+07,3.193771e+07,1.708860e+15,2.156948e+15,1.800153e+15,1.004866e+08,6.356478e+15,8.065325e+08,9.877332e+07,-2.787845e+16,-7.874365e+15,-2.874231e+16,1.684625e+08,2.241060e+16,3.748577e+07,5.055116e+07,2.110534e+15,7.565018e+15,6.197167e+14,1,91
2.282540e+08,4.580758e+15,1.103511e+08,6.148644e+06,6.180720e+13,3.137395e+14,1.242859e+14,9.071563e+07,4.951854e+15,7.363238e+08,9.210483e+07,-2.355067e+16,-6.393153e+15,-2.090934e+16,1.579008e+08,1.928098e+16,1.140220e+07,2.326323e+07,3.709825e+14,2.729360e+15,-1.097393e+14,1,38
2.648100e+08,4.100851e+15,1.026535e+08,6.714803e+07,5.244675e+15,4.123301e+15,6.157062e+15,1.110759e+08,8.203437e+15,8.242101e+08,1.035233e+08,-3.019705e+16,-9.371347e+15,-2.725714e+16,1.743996e+08,2.435730e+16,6.122352e+07,8.097545e+07,5.521887e+15,1.245937e+16,5.202775e+13,2,92
2.398799e+08,5.086713e+15,1.460453e+08,6.507963e+07,5.382605e+15,4.363801e+15,7.238856e+15,9.513723e+07,5.514564e+15,6.862414e+08,8.884154e+07,-2.192504e+16,-6.592364e+15,-1.828288e+16,1.658462e+08,2.150765e+16,7.867506e+07,8.215523e+07,6.381122e+15,1.185501e+16,-2.122276e+14,0,94
2.785232e+08,6.873720e+15,1.098622e+08,1.403830e+08,1.521578e+16,1.127669e+16,2.296833e+16,1.137772e+08,6.950836e+15,7.275542e+08,8.849631e+07,-2.237881e+16,-7.319134e+15,-1.904793e+16,1.951578e+08,3.022306e+16,1.235933e+08,1.434174e+08,1.878068e+16,2.486262e+16,9.631035e+15,0,19
2.561470e+08,7.595491e+15,2.552346e+08,3.060788e+07,-8.394692e+13,1.378521e+15,7.491388e+14,9.719116e+07,5.329015e+15,7.126140e+08,9.465753e+07,-2.378431e+16,-6.736551e+15,-1.573478e+16,1.835762e+08,2.589605e+16,1.695012e+08,8.235363e+07,9.610976e+15,1.140023e+16,1.087352e+16,0,64
3.228942e+08,4.976964e+15,2.840401e+07,6.562067e+06,4.599780e+13,3.707149e+14,7.469421e+13,1.378812e+08,1.323869e+16,1.003615e+09,1.237084e+08,-4.349534e+16,-1.422260e+16,-3.934422e+16,2.080269e+08,3.602232e+16,3.640173e+07,1.881180e+07,4.232276e+14,3.240871e+15,4.298872e+14,3,88
2.869301e+08,4.102113e+15,7.191018e+07,3.244447e+07,1.542994e+15,-1.311871e+15,1.741625e+15,1.232311e+08,1.054876e+16,9.264593e+08,1.176711e+08,-3.742567e+16,-1.179626e+16,-1.723260e+16,1.865922e+08,2.724007e+16,2.766257e+07,9.477122e+06,-8.467832e+12,-1.224729e+15,-7.038706e+13,2,12
3.217052e+08,4.522737e+15,2.489451e+07,5.205361e+06,-5.535533e+13,-3.908522e+13,-5.767676e+13,1.378471e+08,1.377320e+16,7.782867e+08,9.598303e+07,-2.562836e+16,-1.107601e+16,-1.897243e+16,2.048179e+08,3.527635e+16,6.138338e+06,2.458596e+06,5.252268e+12,3.503308e+14,-7.884693e+12,1,72
2.360493e+08,3.684288e+15,5.828848e+07,7.372984e+07,-4.775351e+15,4.386951e+15,-4.038868e+15,1.034563e+08,5.353612e+15,6.073657e+08,8.317031e+07,-1.827096e+16,-6.040620e+15,-1.678025e+16,1.629412e+08,2.094173e+16,4.132651e+07,1.621781e+07,3.249285e+14,1.541809e+15,-2.642261e+14,0,42
2.790446e+08,7.909455e+15,4.504856e+07,1.390143e+07,2.188121e+14,-1.236223e+15,-1.138429e+14,1.105794e+08,6.625130e+15,7.532271e+08,9.623176e+07,-2.361394e+16,-7.251402e+15,-1.148928e+16,1.982340e+08,3.174701e+16,1.481420e+07,2.429021e+06,1.158713e+13,4.239876e+14,1.162439e+13,0,4
2.463358e+08,3.317932e+15,1.648390e+07,2.079415e+08,5.034519e+15,1.187447e+16,1.582097e+16,1.125933e+08,5.913079e+15,7.703382e+08,9.689892e+07,-2.645084e+16,-7.450089e+15,-2.383021e+16,1.694515e+08,2.248124e+16,1.459468e+08,1.288026e+08,1.745231e+16,1.859980e+16,6.849691e+15,0,81
2.829935e+08,4.799980e+15,1.552397e+07,1.836175e+04,9.722643e+09,1.145027e+12,7.424466e+09,1.216074e+08,8.749517e+15,9.312417e+08,1.161012e+08,-3.769667e+16,-1.083568e+16,-3.315967e+16,1.895433e+08,2.849326e+16,2.097574e+07,2.697088e+06,1.175304e+13,4.037459e+14,6.183470e+12,3,90
2.970632e+08,7.042549e+15,1.978228e+07,5.248477e+07,-7.099224e+14,3.269682e+15,1.320765e+15,1.263325e+08,7.611098e+15,9.857555e+08,1.229804e+08,-4.022942e+16,-1.025296e+16,-3.084407e+16,2.098979e+08,3.356936e+16,1.624349e+08,6.534139e+07,6.710510e+15,1.014366e+16,7.226703e+15,3,55
3.207421e+08,4.697900e+15,1.269192e+08,8.193644e+07,4.997005e+15,4.891698e+15,9.785954e+15,1.400556e+08,1.288739e+16,9.391346e+08,1.102367e+08,-3.486218e+16,-1.230901e+16,-2.678754e+16,2.074266e+08,3.479427e+16,2.703751e+08,1.356967e+08,2.597681e+16,2.082738e+16,3.152543e+16,3,99
2.647003e+08,4.997705e+15,1.747758e+07,1.991619e+06,9.975272e+12,-9.712536e+13,1.260158e+13,1.102272e+08,7.232443e+15,8.515261e+08,1.082865e+08,-3.273572e+16,-9.158315e+15,-2.570663e+16,1.798914e+08,2.518067e+16,1.354652e+06,9.310989e+05,1.039150e+12,-1.002772e+14,1.491069e+10,1,93
3.041070e+08,6.304819e+15,1.158290e+08,5.556250e+06,4.673715e+13,2.936598e+14,2.347309e+13,1.254927e+08,9.938286e+15,9.598576e+08,1.219616e+08,-4.141887e+16,-1.212142e+16,-4.124547e+16,2.044160e+08,3.287966e+16,8.033805e+07,3.332112e+07,1.666178e+15,4.871810e+15,1.768154e+15,3,56
2.854815e+08,1.946902e+15,2.163281e+07,1.896655e+07,-3.781446e+14,5.576259e+14,8.168066e+13,1.329337e+08,1.224520e+16,9.749828e+08,1.172057e+08,-3.959956e+16,-1.295575e+16,-3.162420e+16,1.752655e+08,2.486809e+16,2.624608e+06,9.510508e+06,4.673867e+13,9.967577e+14,-4.407442e+12,0,60
2.784412e+08,3.921740e+15,4.655329e+07,1.663194e+07,-3.431669e+14,-8.466337e+14,-5.635513e+14,1.196745e+08,9.579816e+15,9.107670e+08,1.148327e+08,-3.491770e+16,-1.078961e+16,-2.222440e+16,1.811946e+08,2.637141e+16,4.212744e+06,1.256912e+07,8.943593e+13,1.170655e+15,1.466332e+13,1,69
2.957042e+08,5.394412e+15,2.430738e+07,3.752632e+06,1.355918e+13,-1.276651e+13,4.683443e+13,1.270917e+08,9.400855e+15,9.973701e+08,1.246549e+08,-4.378879e+16,-1.198962e+16,-3.483162e+16,1.988361e+08,3.139512e+16,3.694665e+07,2.041350e+06,1.755555e+13,1.322342e+14,4.446144e+12,1,90
2.934603e+08,5.205596e+15,2.789184e+08,8.314315e+07,-7.348833e+14,3.218401e+15,5.127879e+15,1.225288e+08,1.016347e+16,8.291755e+08,1.053844e+08,-2.836008e+16,-9.917253e+15,-1.385414e+16,1.936508e+08,2.995611e+16,9.483095e+07,1.126021e+08,1.112131e+16,1.946119e+16,2.424343e+15,0,34
2.892252e+08,2.817347e+15,4.427812e+06,2.294136e+07,1.565301e+14,9.753209e+14,1.783494e+14,1.293408e+08,1.152867e+16,9.072263e+08,1.072739e+08,-3.346231e+16,-1.151319e+16,-3.019854e+16,1.819365e+08,2.780245e+16,8.347206e+06,1.990722e+07,2.367322e+14,3.203656e+15,1.172574e+13,3,89
3.516016e+08,8.638028e+15,1.204586e+08,1.905869e+07,3.323451e+14,6.132296e+14,6.862784e+14,1.448654e+08,1.369836e+16,9.144945e+08,1.108981e+08,-3.165598e+16,-1.184850e+16,-2.308242e+16,2.345618e+08,4.669981e+16,1.235685e+07,1.101140e+06,4.007370e+12,9.726387e+13,1.639166e+12,3,79
2.790089e+08,4.490558e+15,8.154831e+07,1.351080e+07,-3.014854e+14,1.149984e+14,-2.170242e+14,1.174029e+08,9.142672e+15,9.450136e+08,1.193421e+08,-3.938577e+16,-1.126641e+16,-2.971217e+16,1.837748e+08,2.694336e+16,3.398712e+07,2.804945e+07,6.864328e+14,4.474919e+15,6.279995e+14,0,52
2.551776e+08,4.880029e+15,1.169855e+08,3.829579e+07,8.714196e+14,1.893906e+15,2.073431e+15,1.023329e+08,7.132900e+15,7.655203e+08,9.447254e+07,-2.439654e+16,-7.747581e+15,-1.871705e+16,1.708696e+08,2.379395e+16,5.284105e+07,5.626784e+07,2.952072e+15,8.602930e+15,1.688737e+15,0,77
3.012156e+08,3.981954e+15,3.349857e+07,9.836858e+06,-8.329234e+13,2.817770e+14,-2.014866e+13,1.334201e+08,1.119161e+16,1.058919e+09,1.274164e+08,-4.680082e+16,-1.347481e+16,-3.952038e+16,1.956213e+08,2.998736e+16,2.073646e+06,2.509314e+06,2.578498e+12,1.303549e+14,7.789353e+12,0,70
3.111266e+08,3.161997e+15,7.549564e+05,7.070443e+06,-1.633506e+13,3.377584e+13,-6.194848e+12,1.382978e+08,1.399583e+16,9.726076e+08,1.238810e+08,-4.300073e+16,-1.464713e+16,-3.674544e+16,1.929892e+08,3.110696e+16,8.854596e+06,3.646301e+06,1.061408e+13,6.413131e+14,4.993074e+12,3,100
2.952435e+08,3.830786e+15,1.916673e+07,2.576745e+07,-4.787061e+13,1.046722e+15,5.267192e+14,1.298276e+08,1.126752e+16,8.451064e+08,1.027112e+08,-3.025857e+16,-1.087683e+16,-2.362004e+16,1.893147e+08,2.984735e+16,3.544642e+07,2.500112e+07,6.967723e+14,4.266893e+15,6.361696e+14,0,27
2.500797e+08,4.397395e+15,2.789544e+07,7.127540e+07,-3.177896e+15,4.635476e+15,-3.087523e+15,1.075290e+08,5.978274e+15,6.218248e+08,8.277332e+07,-1.811858e+16,-6.298618e+15,-1.683070e+16,1.728896e+08,2.368011e+16,4.006752e+07,2.134090e+07,5.538252e+14,2.652395e+15,-2.473728e+14,1,42
3.063662e+08,3.659537e+15,6.249046e+07,3.285297e+06,3.514021e+13,-6.470469e+13,6.651209e+13,1.324605e+08,1.332739e+16,9.308536e+08,1.194052e+08,-3.939764e+16,-1.368583e+16,-2.888120e+16,1.916754e+08,3.033879e+16,2.294145e+06,3.274908e+06,6.211712e+12,-1.336891e+14,5.373860e+12,3,74
3.662489e+08,1.093236e+16,1.006503e+08,1.994290e+07,-3.172185e+14,-1.930302e+15,-8.610250e+14,1.511530e+08,1.271953e+16,1.075860e+09,1.376481e+08,-5.009929e+16,-1.489112e+16,-2.788965e+16,2.545245e+08,5.081084e+16,2.053472e+08,3.562916e+07,2.866867e+15,4.069887e+15,2.470500e+15,3,73
3.777409e+08,1.188736e+16,1.187785e+08,1.938612e+07,9.129496e+14,-1.787472e+15,7.406084e+14,1.566471e+08,1.326328e+16,1.062378e+09,1.341697e+08,-4.649733e+16,-1.452223e+16,-2.073529e+16,2.642076e+08,5.472804e+16,1.868358e+08,1.920438e+07,7.948356e+14,6.950622e+14,4.159697e+14,2,73
2.884487e+08,3.731898e+15,4.324096e+07,2.678395e+06,-2.184728e+13,-5.896814e+12,-2.111865e+13,1.231996e+08,1.094388e+16,8.979020e+08,1.139970e+08,-3.641548e+16,-1.190899e+16,-3.241173e+16,1.839590e+08,2.778671e+16,4.841288e+06,1.099439e+07,7.882996e+13,1.011882e+15,3.315833e+13,1,63
2.594252e+08,7.100177e+15,9.793872e+07,7.945684e+07,3.684875e+15,5.153096e+15,5.367671e+15,1.007384e+08,5.668074e+15,7.072500e+08,9.405131e+07,-2.350098e+16,-6.904745e+15,-1.754613e+16,1.843089e+08,2.649999e+16,8.068970e+07,9.294218e+07,7.468065e+15,1.512966e+16,3.850486e+15,3,78
2.900295e+08,6.712401e+15,8.267087e+07,1.344361e+07,-3.291344e+14,9.492843e+14,-2.804475e+14,1.198242e+08,7.996190e+15,9.444093e+08,1.192033e+08,-3.875932e+16,-1.034284e+16,-3.417109e+16,2.006227e+08,3.050686e+16,2.672438e+07,4.353326e+06,-1.159513e+13,-7.402592e+14,-5.084139e+13,0,36
2.727636e+08,3.441400e+15,5.503707e+05,8.898531e+07,2.814796e+14,4.176978e+15,-5.459527e+14,1.209140e+08,8.738764e+15,8.854522e+08,1.111814e+08,-3.395525e+16,-1.015816e+16,-2.899693e+16,1.792933e+08,2.455128e+16,4.543313e+07,4.820742e+07,2.180965e+15,6.227182e+15,-7.933605e+14,3,59
2.693556e+08,4.410713e+15,6.910224e+07,3.720887e+07,-1.446516e+15,-1.595539e+15,-2.662144e+15,1.128266e+08,8.691321e+15,8.751077e+08,1.124455e+08,-3.128775e+16,-9.668135e+15,-1.130756e+16,1.779788e+08,2.509911e+16,9.691502e+06,1.823817e+07,1.686890e+14,2.287252e+15,-1.736592e+14,3,71
2.895007e+08,2.665249e+15,4.035234e+06,6.087838e+06,3.071683e+12,1.391657e+14,1.081559e+12,1.303459e+08,1.164953e+16,9.659543e+08,1.152609e+08,-3.841877e+16,-1.243598e+16,-3.457938e+16,1.817608e+08,2.770279e+16,1.079758e+06,6.377091e+06,1.186301e+13,9.273795e+14,-6.993940e+12,2,89
2.635930e+08,4.554802e+15,3.128809e+07,1.608413e+07,-3.606184e+14,-1.061407e+14,-3.626754e+14,1.098539e+08,7.611362e+15,8.773953e+08,1.145393e+08,-3.538450e+16,-9.804519e+15,-2.304508e+16,1.770437e+08,2.448143e+16,1.465824e+07,1.487911e+07,1.609735e+14,6.803628e+14,2.998057e+13,1,48
2.415828e+08,3.410460e+15,2.239162e+07,1.214902e+08,-8.280835e+14,6.092970e+15,7.105962e+15,1.091475e+08,5.681029e+15,8.169628e+08,1.032892e+08,-2.998333e+16,-7.762499e+15,-2.021799e+16,1.667890e+08,2.162575e+16,8.879500e+07,7.315580e+07,5.646565e+15,9.890580e+15,5.166040e+14,2,81
