1.924659e+04,5.412666e+07,3.005814e+10,5.211036e+04,5.707432e+08,1.375532e+11,1.296180e+05,3.969180e+09,9.735039e+11,1.420075e+05,3.815099e+09,4.006626e+12,2,76,N,N
9.616089e+03,1.509894e+07,5.644117e+09,7.230970e+04,5.991431e+08,1.379878e+11,8.264868e+04,1.473333e+09,1.727754e+11,1.126668e+05,2.859523e+09,1.018425e+12,1,41,N,N
1.311543e+04,2.589628e+07,7.894839e+09,6.935200e+04,6.812705e+08,1.231648e+11,1.035698e+05,2.547384e+09,5.430280e+11,8.955568e+04,1.397603e+09,5.269603e+11,0,46,N,N
1.327891e+04,2.108158e+07,7.321001e+09,3.803558e+04,2.840752e+08,7.085662e+10,9.693809e+04,2.197472e+09,4.166870e+11,7.105294e+04,8.593168e+08,2.515914e+11,2,96,N,N
2.425144e+04,4.354353e+07,1.892940e+10,7.437072e+04,6.492771e+08,1.574195e+11,7.445296e+04,1.237045e+09,2.100743e+11,1.035486e+05,2.446907e+09,1.093031e+12,0,58,N,N
3.273183e+04,9.865468e+07,4.445834e+10,8.843717e+04,9.594062e+08,1.741958e+11,7.997090e+04,1.567790e+09,2.579986e+11,1.262598e+05,3.299789e+09,1.605277e+12,1,103,N,N
2.967928e+04,1.081304e+08,5.144465e+10,7.423594e+04,7.275636e+08,1.758129e+11,7.141959e+04,1.134901e+09,2.505796e+11,1.060091e+05,2.556223e+09,1.004128e+12,2,55,N,N
3.700514e+04,1.068352e+08,5.430977e+10,8.886097e+04,1.077758e+09,2.102900e+11,7.848505e+04,1.467498e+09,1.883955e+11,1.127249e+05,2.426892e+09,9.960975e+11,2,84,N,N
4.350839e+04,2.274086e+08,1.287359e+11,7.500709e+04,8.305271e+08,1.521842e+11,7.837601e+04,1.417016e+09,1.565665e+11,1.238443e+05,3.233011e+09,1.494896e+12,0,29,N,N
2.869367e+04,6.956064e+07,3.366895e+10,7.004119e+04,6.297750e+08,1.371989e+11,8.067506e+04,1.455787e+09,2.223761e+11,1.078911e+05,2.372434e+09,1.138497e+12,0,52,N,N
5.004929e+04,1.155271e+08,4.842398e+10,1.054700e+05,1.441212e+09,3.230673e+11,8.170125e+04,1.645274e+09,3.598497e+11,1.007978e+05,1.887002e+09,9.622617e+11,2,80,N,N
1.638578e+04,3.274228e+07,1.123494e+10,1.098100e+05,1.234622e+09,2.373386e+11,8.004156e+04,1.561830e+09,3.668455e+11,8.482873e+04,1.250099e+09,5.465830e+11,2,65,N,N
3.033667e+04,1.076393e+08,5.255137e+10,6.940827e+04,6.025337e+08,1.400131e+11,7.432375e+04,1.204130e+09,2.915020e+11,1.084625e+05,2.718121e+09,1.150815e+12,3,55,N,N
1.387011e+04,2.319502e+07,9.263457e+09,6.236929e+04,4.881505e+08,7.031695e+10,1.054112e+05,2.615071e+09,4.371021e+11,8.238860e+04,1.211336e+09,3.639075e+11,3,68,N,N
2.189130e+04,4.786421e+07,1.473798e+10,1.083520e+05,1.368427e+09,3.123481e+11,8.665184e+04,1.850580e+09,4.515731e+11,8.731540e+04,1.421427e+09,3.869930e+11,0,47,N,N
2.745827e+04,9.209259e+07,3.619924e+10,5.221858e+04,5.714284e+08,1.083691e+11,6.925258e+04,1.203551e+09,1.649776e+11,1.171923e+05,3.106393e+09,1.288714e+12,0,15,N,N
1.796561e+04,4.574677e+07,1.520658e+10,4.148491e+04,2.904455e+08,6.276833e+10,9.084384e+04,1.817517e+09,3.008224e+11,1.265134e+05,3.777885e+09,1.345978e+12,1,76,N,N
7.068089e+03,1.098111e+07,4.695386e+09,8.843747e+04,4.912605e+08,1.015001e+11,7.703345e+04,1.297608e+09,2.848335e+11,8.045940e+04,1.377696e+09,2.955374e+11,3,91,N,N
1.743928e+04,4.492207e+07,1.521870e+10,3.421530e+04,2.437403e+08,4.946787e+10,9.398949e+04,2.055919e+09,3.083324e+11,1.020551e+05,2.104966e+09,1.026864e+12,0,76,N,N
1.506409e+04,2.224226e+07,7.950874e+09,9.961470e+04,8.677667e+08,1.214726e+11,7.920695e+04,1.526439e+09,1.970165e+11,1.018732e+05,1.836193e+09,7.141981e+11,1,62,N,N
8.668639e+03,1.509133e+07,6.624550e+09,7.121365e+04,6.272585e+08,1.757893e+11,7.337834e+04,1.084903e+09,1.930858e+11,7.954007e+04,1.448127e+09,5.163449e+11,0,75,N,N
3.345196e+04,1.146091e+08,5.939385e+10,7.889817e+04,7.447752e+08,1.518016e+11,7.155319e+04,1.215508e+09,2.700919e+11,1.049412e+05,2.487255e+09,8.516865e+11,1,55,N,N
1.323716e+04,2.058503e+07,7.318331e+09,3.845401e+04,2.668132e+08,5.870058e+10,9.935790e+04,2.248519e+09,4.285664e+11,7.328747e+04,9.482748e+08,2.580059e+11,3,96,N,N
2.727916e+04,6.475789e+07,3.356705e+10,5.597017e+04,4.528054e+08,7.423734e+10,8.527522e+04,1.591818e+09,2.125713e+11,9.844826e+04,2.139257e+09,8.938724e+11,0,57,N,N
2.336316e+04,3.843956e+07,1.283659e+10,9.129170e+04,7.809117e+08,1.279600e+11,8.187583e+04,1.626149e+09,3.170269e+11,9.765581e+04,1.945768e+09,7.870221e+11,1,82,N,N
1.224679e+04,2.130110e+07,8.768833e+09,6.299317e+04,5.643880e+08,1.552955e+11,6.933096e+04,1.043205e+09,1.634065e+11,9.320264e+04,2.026843e+09,4.530305e+11,0,39,N,N
2.024128e+04,5.858876e+07,2.063457e+10,3.880742e+04,3.271345e+08,1.170503e+11,6.292175e+04,8.897989e+08,1.325791e+11,7.883216e+04,1.323385e+09,5.256240e+11,1,66,N,N
3.082890e+04,5.283507e+07,2.163002e+10,7.457843e+04,7.864450e+08,1.756862e+11,7.452387e+04,1.325192e+09,1.327752e+11,1.195550e+05,3.060788e+09,1.366512e+12,0,63,N,N
7.969630e+03,1.207573e+07,4.550616e+09,5.049038e+04,2.827371e+08,7.099580e+10,8.803183e+04,1.710373e+09,4.238320e+11,8.118741e+04,1.372730e+09,3.320781e+11,0,81,N,N
2.671605e+04,7.923580e+07,3.565231e+10,9.941878e+04,1.468548e+09,2.715293e+11,1.006569e+05,2.535882e+09,5.840140e+11,7.443501e+04,7.594869e+08,2.578698e+11,1,98,N,N
2.144827e+04,4.601253e+07,1.137782e+10,3.766220e+04,3.250084e+08,9.056232e+10,9.127475e+04,2.030498e+09,3.331235e+11,7.745933e+04,1.044501e+09,3.258373e+11,2,79,N,N
2.784540e+04,5.907881e+07,2.710848e+10,5.963657e+04,4.752789e+08,1.037564e+11,8.260013e+04,1.548336e+09,2.537961e+11,1.105065e+05,2.785446e+09,1.341872e+12,3,48,N,N
1.161516e+04,2.040387e+07,5.540896e+09,7.765195e+04,9.313716e+08,9.030141e+10,1.112331e+05,2.986578e+09,3.601530e+11,1.293685e+05,3.447563e+09,1.357582e+12,2,86,N,N
2.037374e+04,4.131119e+07,1.292359e+10,4.144469e+04,3.925482e+08,9.717233e+10,9.008665e+04,1.912774e+09,3.115677e+11,7.113618e+04,7.751108e+08,2.755213e+11,0,27,N,N
1.631776e+04,2.974861e+07,9.695976e+09,1.056210e+05,1.003639e+09,1.668146e+11,8.757249e+04,1.790508e+09,2.475450e+11,1.165417e+05,2.980146e+09,9.355014e+11,3,79,N,N
2.980174e+04,5.837078e+07,2.622497e+10,8.731833e+04,9.517474e+08,1.851227e+11,7.566268e+04,1.355583e+09,1.231637e+11,1.329016e+05,3.605361e+09,1.598822e+12,0,26,N,N
2.209420e+04,6.587848e+07,2.587028e+10,4.292776e+04,3.167593e+08,7.260226e+10,8.376472e+04,1.507416e+09,1.752125e+11,9.937633e+04,2.079375e+09,9.319736e+11,1,61,N,N
2.022651e+04,4.319475e+07,1.350168e+10,1.145307e+05,1.364161e+09,2.914808e+11,8.568840e+04,1.808967e+09,4.304327e+11,9.104354e+04,1.571110e+09,3.995706e+11,1,47,N,N
1.926441e+04,3.883302e+07,1.395415e+10,1.047966e+05,9.862421e+08,2.281380e+11,8.556147e+04,1.658721e+09,5.111811e+11,7.908528e+04,1.207147e+09,5.422291e+11,1,97,N,N
1.928697e+04,3.326600e+07,1.146736e+10,6.708673e+04,5.207826e+08,1.088865e+11,9.427927e+04,2.053089e+09,3.288379e+11,8.878627e+04,1.452570e+09,4.491504e+11,0,0,N,N
3.090661e+04,6.166344e+07,2.757132e+10,8.265006e+04,6.720703e+08,1.218978e+11,8.347947e+04,1.647729e+09,2.116947e+11,1.221689e+05,3.306465e+09,9.875326e+11,2,104,N,N
1.142926e+04,2.424587e+07,1.279553e+10,7.276385e+04,6.580972e+08,1.661041e+11,7.287107e+04,1.023767e+09,1.898060e+11,7.930236e+04,1.456173e+09,5.074599e+11,3,75,N,N
9.271530e+03,1.379346e+07,5.428979e+09,9.605138e+04,7.106790e+08,1.525855e+11,7.206888e+04,1.183391e+09,2.125215e+11,9.263225e+04,2.010092e+09,4.215295e+11,2,51,N,N
4.606166e+04,1.895883e+08,9.453559e+10,6.041455e+04,6.436311e+08,1.475801e+11,7.736428e+04,1.372420e+09,2.136939e+11,1.123727e+05,2.715981e+09,1.517780e+12,3,90,N,N
2.453348e+04,4.463385e+07,1.918051e+10,3.278628e+04,1.951381e+08,4.983034e+10,7.991978e+04,1.452300e+09,2.837056e+11,6.990499e+04,9.202848e+08,2.092190e+11,3,77,N,N
3.361710e+04,1.175926e+08,6.324926e+10,6.511183e+04,7.288894e+08,1.395151e+11,7.901958e+04,1.462038e+09,1.686111e+11,1.187890e+05,2.995005e+09,1.581100e+12,0,31,N,N
1.293314e+04,2.185517e+07,8.574539e+09,6.622422e+04,3.537577e+08,7.897816e+10,9.177183e+04,1.916289e+09,3.132727e+11,7.500767e+04,1.015753e+09,3.161939e+11,1,5,N,N
2.630206e+04,6.296148e+07,2.543503e+10,1.028786e+05,1.299008e+09,2.473190e+11,9.405787e+04,2.211509e+09,5.498460e+11,7.767505e+04,9.033447e+08,2.115121e+11,3,99,N,N
1.039480e+04,1.556065e+07,6.081452e+09,7.299421e+04,4.788676e+08,1.191395e+11,8.412614e+04,1.519972e+09,3.554905e+11,7.253417e+04,1.067749e+09,2.479362e+11,0,42,N,N
2.639959e+04,5.811453e+07,2.007327e+10,9.764199e+04,9.293128e+08,1.919508e+11,8.760941e+04,1.838825e+09,3.539842e+11,1.122852e+05,2.709529e+09,7.961557e+11,0,70,N,N
6.206908e+04,1.394798e+08,6.069279e+10,1.062365e+05,1.408244e+09,3.029059e+11,7.629032e+04,1.430135e+09,2.936467e+11,1.013799e+05,1.935268e+09,9.297147e+11,1,80,N,N
1.207220e+04,1.909171e+07,7.239169e+09,9.969354e+04,8.716647e+08,1.496279e+11,8.814153e+04,1.885455e+09,3.771282e+11,8.638647e+04,1.309549e+09,4.663221e+11,1,34,N,N
1.664764e+04,3.008241e+07,1.141816e+10,9.445256e+04,9.557947e+08,2.492449e+11,8.588350e+04,1.605732e+09,3.519372e+11,9.104415e+04,1.775475e+09,7.786108e+11,3,93,N,N
1.636937e+04,3.353823e+07,1.169747e+10,9.526489e+04,9.769273e+08,2.138968e+11,9.297193e+04,1.973652e+09,5.209785e+11,7.485029e+04,1.035762e+09,2.898841e+11,0,93,N,N
1.118980e+04,1.767026e+07,5.643133e+09,1.176599e+05,1.249146e+09,2.616283e+11,8.415628e+04,1.727838e+09,3.075251e+11,9.483621e+04,1.650145e+09,5.993609e+11,0,6,N,N
1.933538e+04,3.221962e+07,9.442400e+09,1.027891e+05,1.124511e+09,1.916381e+11,8.331045e+04,1.717772e+09,3.001254e+11,1.099488e+05,2.306579e+09,9.837870e+11,0,18,N,N
1.812580e+04,4.279465e+07,1.350873e+10,4.245489e+04,2.516396e+08,5.619936e+10,7.568167e+04,1.178727e+09,1.613304e+11,9.346323e+04,1.917587e+09,8.743204e+11,0,50,N,N
3.227729e+04,1.026160e+08,4.070750e+10,7.103122e+04,7.901432e+08,1.698167e+11,8.396627e+04,1.681181e+09,2.419532e+11,1.286783e+05,3.626822e+09,1.200594e+12,2,101,N,N
1.770214e+04,3.048202e+07,1.112795e+10,1.010397e+05,1.018721e+09,1.468391e+11,7.418141e+04,1.355180e+09,1.486335e+11,1.318007e+05,3.583811e+09,1.543128e+12,3,74,N,N
6.838461e+03,9.911185e+06,4.020427e+09,5.041428e+04,2.249955e+08,5.445559e+10,7.596479e+04,1.222666e+09,2.443382e+11,8.649991e+04,1.794094e+09,3.552866e+11,3,54,N,N
2.904842e+04,6.049946e+07,2.743323e+10,3.311491e+04,1.941083e+08,5.137955e+10,8.173775e+04,1.514706e+09,2.854774e+11,7.466039e+04,1.093561e+09,2.212766e+11,1,77,N,N
5.188227e+03,6.713973e+06,2.288585e+09,7.342987e+04,4.398806e+08,1.102471e+11,7.547782e+04,1.083504e+09,2.123444e+11,9.229101e+04,1.991202e+09,5.202890e+11,0,91,N,N
1.119702e+04,1.512631e+07,5.179825e+09,1.060261e+05,1.003542e+09,1.439652e+11,7.501237e+04,1.380095e+09,1.783654e+11,1.102149e+05,2.135171e+09,9.232696e+11,2,62,N,N
2.259365e+04,4.109340e+07,1.529653e+10,4.274376e+04,2.952970e+08,8.038441e+10,8.572009e+04,1.707761e+09,4.074051e+11,7.132322e+04,9.655116e+08,2.430260e+11,2,81,N,N
9.254770e+03,1.499887e+07,5.722494e+09,9.533394e+04,7.170233e+08,1.212317e+11,8.332756e+04,1.663797e+09,3.396606e+11,8.579401e+04,1.516790e+09,3.440522e+11,2,92,N,N
1.105838e+04,1.521735e+07,5.244812e+09,9.083286e+04,7.092350e+08,1.407826e+11,7.251364e+04,1.215466e+09,2.134169e+11,9.859165e+04,2.178550e+09,9.303260e+11,1,58,N,N
2.791299e+04,1.217004e+08,4.952231e+10,5.751656e+04,6.054739e+08,1.295642e+11,7.304034e+04,1.259603e+09,1.804812e+11,1.098212e+05,2.532182e+09,1.449896e+12,0,90,N,N
2.065428e+04,5.747635e+07,1.190627e+10,4.152500e+04,4.347042e+08,1.600293e+11,9.473556e+04,2.198898e+09,5.837125e+11,7.410613e+04,8.894746e+08,3.588457e+11,3,73,N,N
2.031164e+04,4.568712e+07,1.620728e+10,3.750335e+04,3.352728e+08,1.172486e+11,7.416907e+04,1.277162e+09,3.313639e+11,6.051685e+04,6.831583e+08,1.951093e+11,1,78,N,N
5.386954e+04,2.320600e+08,8.659189e+10,8.186083e+04,9.358504e+08,1.763853e+11,8.719643e+04,1.811799e+09,2.307509e+11,1.307848e+05,3.264329e+09,1.524296e+12,2,49,N,N
3.706989e+04,8.882540e+07,3.950654e+10,7.078912e+04,6.566418e+08,1.692586e+11,9.538538e+04,2.271538e+09,5.307223e+11,9.173931e+04,1.691699e+09,5.848926e+11,1,67,N,N
1.101109e+04,1.654009e+07,6.334937e+09,9.798828e+04,1.017830e+09,1.973278e+11,8.031206e+04,1.515049e+09,2.785215e+11,9.363934e+04,1.858248e+09,6.021998e+11,0,34,N,N
1.020234e+04,1.354810e+07,4.758953e+09,7.298710e+04,5.114804e+08,1.085476e+11,8.043380e+04,1.478556e+09,2.092926e+11,1.098359e+05,2.738232e+09,8.386133e+11,0,71,N,N
1.248945e+04,2.149926e+07,8.951703e+09,1.015278e+05,8.079501e+08,1.746869e+11,7.237052e+04,1.152919e+09,3.232084e+11,6.938938e+04,1.040060e+09,2.940108e+11,3,64,N,N
1.626603e+04,2.316851e+07,8.225404e+09,9.468830e+04,6.529454e+08,1.241987e+11,8.332665e+04,1.644546e+09,2.162203e+11,1.227453e+05,3.399794e+09,1.045973e+12,3,104,N,N
8.892542e+03,1.630890e+07,7.870406e+09,7.105503e+04,6.178104e+08,1.513900e+11,7.227522e+04,9.824473e+08,1.733291e+11,8.448135e+04,1.616844e+09,4.648195e+11,2,75,N,N
2.008012e+04,4.610388e+07,1.767089e+10,4.897254e+04,4.056506e+08,1.155132e+11,6.952398e+04,1.000981e+09,1.394860e+11,8.339558e+04,1.501110e+09,5.659144e+11,3,66,N,N
2.176411e+04,6.078441e+07,1.992621e+10,4.936680e+04,4.523104e+08,8.279087e+10,7.309447e+04,1.286838e+09,1.292024e+11,1.106542e+05,2.476483e+09,9.708030e+11,0,89,N,N
6.475887e+03,9.807515e+06,4.327921e+09,7.025966e+04,3.599568e+08,7.959135e+10,7.311939e+04,1.136272e+09,1.937348e+11,8.804700e+04,1.789905e+09,3.886305e+11,0,32,N,N
8.135588e+03,1.262923e+07,4.512207e+09,7.657159e+04,5.033953e+08,8.449545e+10,8.767608e+04,1.766567e+09,3.086684e+11,1.015942e+05,2.294179e+09,6.951068e+11,0,102,N,N
3.365453e+04,1.165933e+08,5.381691e+10,8.627385e+04,9.203202e+08,1.700129e+11,8.017271e+04,1.570075e+09,2.532076e+11,1.252767e+05,3.111878e+09,1.530289e+12,2,103,N,N
1.577569e+04,2.744019e+07,9.556305e+09,3.493371e+04,1.939919e+08,4.706190e+10,8.770580e+04,1.813469e+09,2.544415e+11,6.560591e+04,7.349998e+08,2.189611e+11,0,5,N,N
1.690416e+04,4.363619e+07,1.906695e+10,4.602909e+04,3.109836e+08,9.122239e+10,8.021407e+04,1.333841e+09,2.195851e+11,1.039145e+05,2.440919e+09,1.233409e+12,1,59,N,N
2.092592e+04,4.136926e+07,1.312349e+10,8.026891e+04,6.679610e+08,1.953151e+11,8.945956e+04,1.695763e+09,5.367305e+11,7.381411e+04,1.098436e+09,4.476172e+11,3,97,N,N
1.876782e+04,3.588777e+07,1.256207e+10,1.026010e+05,9.866109e+08,2.448150e+11,8.641808e+04,1.691436e+09,5.177638e+11,7.821891e+04,1.183870e+09,5.266270e+11,0,97,N,N
3.897446e+04,1.344504e+08,7.333869e+10,8.835985e+04,9.601105e+08,1.326029e+11,7.583722e+04,1.398735e+09,1.408062e+11,1.328144e+05,3.662560e+09,1.686650e+12,1,88,N,N
1.978162e+04,5.192550e+07,1.803658e+10,4.037627e+04,3.413043e+08,1.105655e+11,6.377264e+04,8.780776e+08,1.256897e+11,8.018391e+04,1.381838e+09,5.303617e+11,0,66,N,N
1.927834e+04,3.657611e+07,1.365884e+10,3.857652e+04,2.872408e+08,1.100093e+11,8.019000e+04,1.435095e+09,3.696402e+11,5.875645e+04,6.523899e+08,1.752430e+11,0,64,N,N
1.535097e+04,3.033097e+07,1.032700e+10,8.753889e+04,8.436734e+08,1.956362e+11,9.415147e+04,1.986228e+09,5.651202e+11,7.400235e+04,1.033703e+09,3.105541e+11,1,93,N,N
1.353362e+04,2.384133e+07,6.601304e+09,1.090465e+05,1.312031e+09,2.159723e+11,9.261458e+04,2.130806e+09,3.268923e+11,1.161034e+05,2.203972e+09,1.328351e+12,3,95,N,N
1.459468e+04,2.489233e+07,8.390952e+09,4.796659e+04,3.843009e+08,9.884256e+10,9.455238e+04,2.134968e+09,4.174530e+11,7.535074e+04,9.862719e+08,2.963033e+11,1,25,N,N
6.856503e+03,8.641672e+06,3.039819e+09,6.575042e+04,4.254767e+08,9.365431e+10,7.532734e+04,1.221361e+09,1.855817e+11,9.549961e+04,2.081368e+09,8.486069e+11,3,53,N,N
2.802381e+04,5.968084e+07,2.755744e+10,3.190658e+04,1.971584e+08,4.827470e+10,7.924431e+04,1.458842e+09,2.842557e+11,6.860078e+04,8.671344e+08,1.837147e+11,0,77,N,N
2.191470e+04,5.716022e+07,2.342276e+10,6.518923e+04,4.969965e+08,9.801720e+10,8.367908e+04,1.529642e+09,1.752056e+11,1.002251e+05,2.102649e+09,8.751013e+11,0,61,N,N
2.309090e+04,4.171089e+07,1.717290e+10,4.459172e+04,3.663551e+08,6.149534e+10,1.087209e+05,2.758637e+09,4.623148e+11,8.018549e+04,1.207386e+09,3.504432e+11,2,68,N,N
2.176805e+04,4.817185e+07,1.526839e+10,1.125292e+05,1.413643e+09,3.319033e+11,8.826554e+04,1.911977e+09,4.903911e+11,9.222727e+04,1.650628e+09,4.302641e+11,2,47,N,N
1.267736e+04,2.117129e+07,6.838367e+09,4.284623e+04,2.910521e+08,6.331674e+10,9.379105e+04,2.012750e+09,3.102585e+11,8.357160e+04,1.323593e+09,3.945399e+11,0,41,N,N
2.507833e+04,4.379813e+07,1.778273e+10,5.967604e+04,4.798533e+08,1.101062e+11,8.052069e+04,1.457121e+09,1.969625e+11,1.122461e+05,2.808423e+09,1.091609e+12,1,71,N,N
3.871852e+04,7.272666e+07,3.095343e+10,1.015131e+05,1.126592e+09,2.025179e+11,8.302650e+04,1.696804e+09,1.872799e+11,1.287732e+05,3.264836e+09,1.431897e+12,2,88,N,N
1.441464e+04,3.162040e+07,1.191509e+10,1.103625e+05,1.436583e+09,2.314314e+11,9.427386e+04,2.148279e+09,4.780922e+11,8.213000e+04,1.094331e+09,2.629787e+11,0,72,N,N
1.785626e+04,3.868423e+07,1.184792e+10,4.176708e+04,3.476715e+08,1.035724e+11,9.226055e+04,1.895636e+09,4.943260e+11,7.321836e+04,1.044162e+09,2.489151e+11,1,87,N,N
2.150795e+04,3.897956e+07,1.041491e+10,4.274207e+04,3.162507e+08,1.099343e+11,8.639120e+04,1.507888e+09,4.227539e+11,7.419880e+04,1.115390e+09,4.481514e+11,2,97,N,N
2.157933e+04,5.436859e+07,1.588710e+10,4.249931e+04,4.288190e+08,1.770149e+11,8.328156e+04,1.713621e+09,5.107637e+11,5.824792e+04,6.052890e+08,1.168135e+11,2,87,N,N
2.527745e+04,5.819253e+07,2.724891e+10,5.987821e+04,5.455546e+08,1.272932e+11,7.464900e+04,1.205491e+09,2.146919e+11,1.010974e+05,2.346048e+09,7.419416e+11,0,92,N,N
1.353996e+04,2.778852e+07,1.009375e+10,1.008395e+05,1.109249e+09,1.940574e+11,9.857205e+04,2.284324e+09,5.268827e+11,7.745844e+04,1.024688e+09,2.569082e+11,2,72,N,N
2.478354e+04,6.011787e+07,2.343313e+10,9.109253e+04,1.129395e+09,2.417391e+11,1.001505e+05,2.493305e+09,6.461887e+11,7.212246e+04,7.060327e+08,1.794705e+11,0,99,N,N
5.571732e+03,7.573715e+06,2.863602e+09,5.341331e+04,3.486043e+08,8.241763e+10,7.836498e+04,1.199614e+09,1.875606e+11,9.902774e+04,2.365844e+09,6.636708e+11,1,37,N,N
1.183538e+04,1.693505e+07,5.608792e+09,9.863424e+04,7.852293e+08,1.108596e+11,7.950083e+04,1.566199e+09,1.813353e+11,1.180310e+05,3.128286e+09,9.058698e+11,0,1,N,N
2.675454e+04,5.622282e+07,2.382497e+10,3.564438e+04,2.809835e+08,5.692866e+10,1.079228e+05,2.797499e+09,4.287862e+11,6.797244e+04,7.055251e+08,1.648508e+11,1,68,N,N
5.976524e+04,1.455899e+08,6.181048e+10,1.072488e+05,1.462623e+09,3.076431e+11,7.680773e+04,1.447713e+09,2.841059e+11,1.014879e+05,1.882865e+09,9.168496e+11,0,80,N,N
2.287591e+04,6.858348e+07,2.845742e+10,5.682451e+04,4.534358e+08,9.072512e+10,7.853981e+04,1.305870e+09,1.628825e+11,1.038293e+05,2.372447e+09,9.546534e+11,3,61,N,N
1.180974e+04,1.841229e+07,6.632980e+09,9.556179e+04,1.027613e+09,2.680047e+11,8.600546e+04,1.656040e+09,3.544245e+11,9.008767e+04,1.693285e+09,7.319765e+11,2,93,N,N
2.070931e+04,4.434962e+07,1.556591e+10,1.055532e+05,1.222418e+09,2.634019e+11,8.643824e+04,1.822634e+09,5.333669e+11,7.041091e+04,8.794234e+08,2.279729e+11,0,35,N,N
1.210844e+04,1.857534e+07,7.009599e+09,8.403588e+04,5.238965e+08,1.162187e+11,8.698958e+04,1.714443e+09,2.831918e+11,8.441466e+04,1.387503e+09,2.888382e+11,0,8,N,N
3.105636e+04,6.826913e+07,2.835164e+10,8.465995e+04,7.754190e+08,1.840737e+11,9.378598e+04,2.196193e+09,5.346944e+11,9.197895e+04,1.696186e+09,5.576150e+11,2,67,N,N
8.695400e+03,1.409483e+07,4.909526e+09,8.307835e+04,5.910852e+08,9.507332e+10,8.881649e+04,1.825834e+09,3.286810e+11,9.926037e+04,2.176187e+09,6.269042e+11,2,102,N,N
2.073880e+04,3.192671e+07,1.238000e+10,9.450927e+04,8.244865e+08,1.598816e+11,7.783663e+04,1.414014e+09,2.155428e+11,1.123672e+05,2.712967e+09,1.188822e+12,1,52,N,N
2.818953e+04,6.672715e+07,3.262143e+10,9.170807e+04,1.119409e+09,2.077583e+11,7.367489e+04,1.298020e+09,1.766960e+11,1.059492e+05,2.090642e+09,9.426283e+11,3,62,N,N
1.238136e+04,2.004364e+07,7.020545e+09,1.005163e+05,8.901602e+08,1.431590e+11,8.092958e+04,1.539050e+09,2.788083e+11,1.049039e+05,2.425456e+09,6.837412e+11,0,45,N,N
3.210614e+04,1.512607e+08,6.918286e+10,5.516375e+04,5.588393e+08,1.267798e+11,7.535226e+04,1.343457e+09,2.007188e+11,1.118791e+05,2.618979e+09,1.572758e+12,1,90,N,N
3.056532e+04,1.113485e+08,4.864204e+10,7.849517e+04,7.582015e+08,1.344619e+11,8.002335e+04,1.531257e+09,2.486339e+11,1.244579e+05,3.200263e+09,1.664196e+12,3,103,N,N
3.162986e+04,9.250742e+07,4.262489e+10,8.550298e+04,8.480968e+08,1.598005e+11,8.116545e+04,1.606160e+09,2.747213e+11,1.265548e+05,3.323977e+09,1.527346e+12,0,103,N,N
2.065407e+04,5.320596e+07,2.071063e+10,6.223544e+04,4.329636e+08,8.559573e+10,8.370793e+04,1.515434e+09,1.773540e+11,1.033207e+05,2.249889e+09,9.933107e+11,2,61,N,N
1.191038e+04,1.911454e+07,6.153486e+09,1.148438e+05,1.253131e+09,2.021072e+11,8.159910e+04,1.617336e+09,2.565128e+11,1.018481e+05,1.953336e+09,8.060634e+11,0,84,N,N
1.714563e+04,3.578409e+07,1.010863e+10,9.940696e+04,1.157815e+09,1.588551e+11,9.790800e+04,2.373579e+09,3.751959e+11,1.070351e+05,1.881012e+09,1.121717e+12,2,95,N,N
2.277801e+04,4.304521e+07,1.533442e+10,3.850994e+04,3.250747e+08,1.065554e+11,8.204395e+04,1.622951e+09,3.597856e+11,5.979951e+04,6.007844e+08,1.693393e+11,0,4,N,N
5.446533e+03,7.541698e+06,3.030996e+09,6.069797e+04,2.609990e+08,6.468120e+10,6.975203e+04,1.012242e+09,1.620460e+11,9.401134e+04,2.181023e+09,3.775777e+11,2,54,N,N
1.350503e+04,2.506717e+07,6.021695e+09,3.828466e+04,3.656186e+08,6.909424e+10,1.074518e+05,2.734109e+09,3.890153e+11,1.000521e+05,1.680981e+09,6.549361e+11,1,86,N,N
1.424654e+04,2.477832e+07,9.376607e+09,8.410437e+04,5.881324e+08,1.454682e+11,8.997556e+04,1.610130e+09,2.828212e+11,9.530505e+04,2.040025e+09,7.466303e+11,1,44,N,N
1.359260e+04,2.756905e+07,1.279629e+10,5.462310e+04,3.555000e+08,8.817335e+10,8.115332e+04,1.270330e+09,2.079190e+11,1.050996e+05,2.518745e+09,1.081673e+12,0,59,N,N
2.532040e+04,4.785088e+07,1.911471e+10,9.380915e+04,8.789613e+08,1.240499e+11,8.535799e+04,1.788568e+09,2.178352e+11,1.181892e+05,2.688235e+09,1.072153e+12,2,100,N,N
1.700609e+04,3.628137e+07,1.120835e+10,5.429340e+04,5.690442e+08,1.197881e+11,1.051271e+05,2.621185e+09,5.562284e+11,8.551035e+04,1.250319e+09,4.513281e+11,1,46,N,N
1.328189e+04,2.173166e+07,8.943332e+09,7.659769e+04,5.250048e+08,1.315470e+11,8.840653e+04,1.694483e+09,4.331344e+11,6.890534e+04,9.622728e+08,2.251687e+11,1,42,N,N
5.688794e+03,7.765586e+06,2.947317e+09,7.117748e+04,4.267181e+08,8.639316e+10,7.729308e+04,1.219208e+09,1.874548e+11,9.813426e+04,2.304751e+09,5.097333e+11,2,37,N,N
1.622859e+04,4.186895e+07,1.190859e+10,4.113395e+04,3.640216e+08,1.344178e+11,8.034511e+04,1.444051e+09,3.639798e+11,8.599504e+04,1.451177e+09,4.655765e+11,1,36,N,N
3.513041e+04,6.265484e+07,2.656927e+10,7.751192e+04,8.845654e+08,1.832694e+11,7.431219e+04,1.326995e+09,1.314959e+11,1.221141e+05,3.144407e+09,1.439648e+12,1,63,N,N
4.427363e+04,1.544024e+08,7.579475e+10,9.579598e+04,1.271836e+09,3.247484e+11,7.857952e+04,1.434736e+09,2.930501e+11,9.585793e+04,1.666894e+09,8.357094e+11,1,65,N,N
1.215121e+04,1.788996e+07,6.456509e+09,9.128299e+04,6.641527e+08,1.182742e+11,7.522633e+04,1.299718e+09,2.320080e+11,9.176866e+04,1.876159e+09,7.782940e+11,3,58,N,N
4.318524e+04,1.400541e+08,6.692807e+10,9.288337e+04,1.221940e+09,2.936292e+11,7.851742e+04,1.411174e+09,2.897945e+11,9.624915e+04,1.743708e+09,8.992022e+11,0,65,N,N
1.106617e+04,1.520900e+07,5.551433e+09,7.655486e+04,4.008028e+08,6.973275e+10,7.387555e+04,1.224274e+09,2.062063e+11,8.965928e+04,1.793410e+09,6.481121e+11,1,53,N,N
1.442611e+04,2.391396e+07,8.752466e+09,9.809014e+04,7.236684e+08,1.240620e+11,8.361902e+04,1.696335e+09,2.419575e+11,1.032459e+05,2.278897e+09,6.765199e+11,0,7,N,N
3.236151e+04,8.382411e+07,3.725336e+10,6.036569e+04,4.783481e+08,1.153388e+11,8.219782e+04,1.538005e+09,1.728838e+11,1.227115e+05,3.213525e+09,1.340392e+12,1,60,N,N
7.832248e+03,1.210218e+07,5.028307e+09,9.191774e+04,6.620042e+08,1.066653e+11,8.026481e+04,1.482267e+09,2.007472e+11,1.033639e+05,2.378710e+09,5.698981e+11,0,3,N,N
1.638733e+04,3.013453e+07,1.165317e+10,6.131067e+04,4.772044e+08,1.466035e+11,8.218463e+04,1.555937e+09,4.263099e+11,7.019975e+04,9.763189e+08,2.090083e+11,1,33,N,N
3.688907e+04,8.918158e+07,3.557868e+10,9.665761e+04,1.194933e+09,2.101937e+11,8.605072e+04,1.825166e+09,4.362444e+11,9.174181e+04,1.504569e+09,6.554504e+11,3,80,N,N
8.337616e+03,1.053016e+07,3.627442e+09,9.369291e+04,6.096609e+08,7.526385e+10,7.254971e+04,1.230929e+09,1.387690e+11,1.100399e+05,2.611347e+09,9.619309e+11,3,83,N,N
1.140778e+04,1.811903e+07,7.213105e+09,9.014720e+04,7.132830e+08,1.341971e+11,8.001567e+04,1.399306e+09,3.078649e+11,8.521553e+04,1.704069e+09,6.890358e+11,2,78,N,N
2.127608e+04,3.715113e+07,1.510399e+10,5.818807e+04,4.236460e+08,6.781504e+10,1.022865e+05,2.411594e+09,4.407350e+11,1.042814e+05,2.435267e+09,6.796153e+11,0,68,N,N
1.300514e+04,2.314840e+07,1.058109e+10,9.020458e+04,7.296921e+08,1.565907e+11,8.232585e+04,1.423007e+09,2.887969e+11,9.614230e+04,2.196943e+09,6.754489e+11,0,19,N,N
2.058046e+04,4.013571e+07,1.423325e+10,7.506409e+04,6.673783e+08,1.274441e+11,7.261945e+04,1.252913e+09,1.294690e+11,1.217103e+05,3.054542e+09,1.145852e+12,1,89,N,N
2.071698e+04,4.577627e+07,1.414907e+10,6.273443e+04,6.773710e+08,2.423746e+11,9.121329e+04,1.959491e+09,5.503475e+11,6.301948e+04,6.449444e+08,1.862498e+11,1,35,N,N
1.320752e+04,2.181329e+07,7.651010e+09,5.783003e+04,4.259095e+08,1.308373e+11,6.090277e+04,7.896385e+08,1.718996e+11,9.226833e+04,2.093367e+09,6.710692e+11,2,94,N,N
2.086303e+04,4.706822e+07,1.428047e+10,4.144614e+04,3.525551e+08,1.087123e+11,9.232919e+04,1.962774e+09,5.104678e+11,6.834874e+04,8.882162e+08,1.891696e+11,0,87,N,N
1.223572e+04,2.076533e+07,6.322646e+09,5.000119e+04,3.628045e+08,8.613942e+10,9.926995e+04,2.130983e+09,3.773733e+11,8.168699e+04,1.246498e+09,3.965244e+11,0,22,N,N
2.253010e+04,3.852267e+07,1.311258e+10,9.419856e+04,1.003991e+09,1.298485e+11,8.718448e+04,1.863871e+09,2.215513e+11,1.170490e+05,2.687009e+09,1.163154e+12,0,88,N,N
2.237539e+04,6.058096e+07,1.250832e+10,4.233776e+04,4.447446e+08,1.524814e+11,1.020085e+05,2.559952e+09,6.108161e+11,7.720457e+04,9.719844e+08,3.872292e+11,1,73,N,N
1.834876e+04,2.808646e+07,1.044924e+10,6.436503e+04,3.605648e+08,1.055569e+11,8.204349e+04,1.420466e+09,3.326088e+11,6.725205e+04,9.221225e+08,2.252056e+11,0,38,N,N
1.941231e+04,3.966910e+07,1.891498e+10,8.578636e+04,6.029112e+08,1.441630e+11,7.063704e+04,1.087526e+09,1.762434e+11,9.653694e+04,2.213882e+09,4.740357e+11,3,51,N,N
2.868295e+04,5.511226e+07,2.444339e+10,6.550233e+04,5.535912e+08,1.278474e+11,8.040794e+04,1.476256e+09,2.373967e+11,1.133559e+05,2.990684e+09,1.209036e+12,0,48,N,N
2.574178e+04,7.083034e+07,2.943596e+10,1.044607e+05,1.605388e+09,3.096227e+11,9.577952e+04,2.281960e+09,5.424169e+11,7.551165e+04,8.441674e+08,2.795806e+11,3,98,N,N
5.455530e+03,7.308763e+06,2.817831e+09,4.983336e+04,1.996144e+08,5.178496e+10,6.777915e+04,9.213944e+08,1.464196e+11,1.006831e+05,2.521232e+09,5.067167e+11,1,54,N,N
2.296539e+04,4.413823e+07,1.752938e+10,9.700324e+04,9.611111e+08,1.346204e+11,8.602059e+04,1.829905e+09,2.249623e+11,1.145662e+05,2.454468e+09,1.021280e+12,1,100,N,N
1.390826e+04,2.331757e+07,8.620329e+09,1.067738e+05,1.060636e+09,1.519322e+11,8.551207e+04,1.781150e+09,3.350297e+11,9.713667e+04,1.715399e+09,5.331025e+11,1,0,N,N
1.222727e+04,1.996979e+07,6.427217e+09,8.314588e+04,7.984278e+08,1.230978e+11,8.349289e+04,1.583969e+09,1.812939e+11,1.215801e+05,3.265600e+09,1.771461e+12,1,12,N,N
1.419330e+04,2.770496e+07,1.069014e+10,9.965489e+04,1.133603e+09,2.066454e+11,9.205070e+04,1.983290e+09,3.856688e+11,8.736991e+04,1.345139e+09,3.157039e+11,3,72,N,N
2.439521e+04,4.987614e+07,2.117372e+10,8.881169e+04,9.133420e+08,1.795341e+11,8.984225e+04,1.980280e+09,4.622908e+11,7.485806e+04,9.772913e+08,3.200013e+11,2,85,N,N
2.638149e+04,7.063337e+07,3.052802e+10,1.047343e+05,1.549332e+09,2.668232e+11,9.140480e+04,2.083433e+09,4.461419e+11,9.422619e+04,1.751910e+09,5.399654e+11,0,98,N,N
4.104408e+04,1.104824e+08,5.658684e+10,8.773816e+04,1.087196e+09,2.517962e+11,8.145422e+04,1.515546e+09,2.244435e+11,1.132472e+05,2.508676e+09,1.383167e+12,0,11,N,N
1.740698e+04,3.145409e+07,1.093446e+10,5.312177e+04,3.407471e+08,7.794989e+10,7.702694e+04,1.141247e+09,1.717418e+11,1.030527e+05,2.476302e+09,9.710181e+11,2,50,N,N
1.881254e+04,2.954351e+07,1.004447e+10,9.220776e+04,7.250807e+08,1.126058e+11,9.112103e+04,2.036763e+09,3.689133e+11,1.000394e+05,1.993313e+09,5.084367e+11,1,104,N,N
2.561632e+04,4.502708e+07,1.916130e+10,6.824694e+04,5.723785e+08,1.260609e+11,8.648260e+04,1.675195e+09,2.882963e+11,1.106743e+05,2.831424e+09,1.265971e+12,2,48,N,N
5.231245e+04,2.137602e+08,8.464640e+10,7.933590e+04,8.798220e+08,1.648275e+11,8.661611e+04,1.783425e+09,1.967411e+11,1.286654e+05,3.155509e+09,1.498109e+12,0,49,N,N
1.848945e+04,4.756559e+07,1.464771e+10,3.759806e+04,2.270638e+08,5.792981e+10,7.254484e+04,1.135392e+09,1.641330e+11,8.845004e+04,1.671639e+09,7.651896e+11,1,50,N,N
2.247473e+04,5.201209e+07,1.313590e+10,4.535023e+04,4.715717e+08,1.645215e+11,8.824266e+04,1.882351e+09,4.366667e+11,7.131286e+04,8.597110e+08,2.252544e+11,3,47,N,N
2.962075e+04,6.941727e+07,3.415690e+10,8.071137e+04,7.870278e+08,1.526447e+11,7.745942e+04,1.400788e+09,2.000678e+11,1.045029e+05,2.264484e+09,1.021199e+12,2,52,N,N
2.875110e+04,1.328538e+08,5.530091e+10,5.614973e+04,6.066045e+08,1.320125e+11,7.216815e+04,1.249987e+09,1.855049e+11,1.105468e+05,2.526519e+09,1.437622e+12,2,90,N,N
1.092359e+04,1.466783e+07,5.007664e+09,8.905669e+04,7.232385e+08,1.597380e+11,7.048846e+04,1.115217e+09,1.960924e+11,9.865464e+04,2.240644e+09,9.744669e+11,2,58,N,N
1.906887e+04,3.724631e+07,1.038859e+10,3.850999e+04,3.276404e+08,9.810694e+10,8.026351e+04,1.501331e+09,2.621650e+11,8.228526e+04,1.281548e+09,4.128688e+11,3,69,N,N
1.209448e+04,1.558342e+07,4.667892e+09,9.327971e+04,7.464946e+08,1.169973e+11,7.809072e+04,1.440000e+09,1.844694e+11,1.201736e+05,3.085021e+09,1.315360e+12,2,63,N,N
2.682376e+04,7.732427e+07,3.263430e+10,1.022714e+05,1.488674e+09,2.703154e+11,9.691603e+04,2.342077e+09,5.572347e+11,8.427646e+04,1.116038e+09,3.688065e+11,2,98,N,N
6.885320e+03,1.035187e+07,4.173118e+09,7.863807e+04,3.470009e+08,5.599170e+10,8.129713e+04,1.545132e+09,2.275410e+11,1.113703e+05,2.882976e+09,5.839499e+11,1,40,N,N
2.382320e+04,5.172930e+07,2.188480e+10,9.194761e+04,1.010279e+09,2.183749e+11,8.510403e+04,1.777844e+09,4.955973e+11,7.248160e+04,9.226032e+08,2.893823e+11,3,85,N,N
1.563489e+04,2.613866e+07,1.084039e+10,8.904908e+04,6.596511e+08,1.455882e+11,7.908598e+04,1.345026e+09,2.742010e+11,9.127225e+04,1.936557e+09,8.669211e+11,3,78,N,N
4.992654e+04,2.345910e+08,1.021346e+11,7.515192e+04,8.026079e+08,1.420100e+11,8.392261e+04,1.694444e+09,1.956569e+11,1.294706e+05,3.244910e+09,1.361767e+12,1,49,N,N
1.325113e+04,2.610970e+07,1.001458e+10,9.802275e+04,1.049853e+09,1.862757e+11,9.124283e+04,2.028609e+09,3.767028e+11,8.257191e+04,1.116887e+09,2.559165e+11,1,72,N,N
1.047165e+04,1.718420e+07,7.307691e+09,8.969823e+04,7.413564e+08,1.999308e+11,8.783165e+04,1.619454e+09,3.944973e+11,8.850383e+04,1.714791e+09,4.446918e+11,0,24,N,N
3.503387e+04,9.531981e+07,4.780889e+10,7.317680e+04,7.440069e+08,1.702289e+11,7.762562e+04,1.368925e+09,1.932804e+11,1.141139e+05,2.893252e+09,1.147923e+12,1,45,N,N
8.834995e+03,1.260655e+07,4.894215e+09,9.510331e+04,6.974526e+08,1.503562e+11,6.944983e+04,1.111802e+09,1.977717e+11,9.336528e+04,2.052338e+09,3.976218e+11,0,51,N,N
2.594982e+04,4.900638e+07,2.020519e+10,8.611443e+04,8.015241e+08,1.311833e+11,8.432121e+04,1.725143e+09,1.950818e+11,1.278395e+05,3.335478e+09,1.388873e+12,0,100,N,N
1.353316e+04,2.143988e+07,7.472583e+09,3.790161e+04,2.750846e+08,6.438799e+10,9.711508e+04,2.193887e+09,4.388265e+11,7.191749e+04,8.672854e+08,2.564521e+11,1,96,N,N
9.928875e+03,1.304434e+07,4.175906e+09,1.011730e+05,8.792692e+08,1.638069e+11,7.465869e+04,1.359041e+09,2.439472e+11,1.075952e+05,2.457019e+09,1.065134e+12,3,82,N,N
1.736623e+04,3.290099e+07,1.116740e+10,5.127164e+04,3.128898e+08,6.697241e+10,7.543454e+04,1.082991e+09,1.604372e+11,1.014043e+05,2.369133e+09,1.010775e+12,3,50,N,N
2.214947e+04,6.754651e+07,2.222008e+10,4.904293e+04,4.614349e+08,8.772718e+10,7.057190e+04,1.205021e+09,1.281450e+11,1.069377e+05,2.304296e+09,9.387196e+11,3,89,N,N
2.633104e+04,4.806563e+07,1.686564e+10,8.768256e+04,8.001524e+08,1.282784e+11,8.480261e+04,1.738001e+09,3.337538e+11,9.891797e+04,2.046201e+09,8.062779e+11,2,82,N,N
2.851379e+04,9.459190e+07,4.686826e+10,7.432679e+04,6.968391e+08,1.672982e+11,7.062236e+04,1.136307e+09,2.439049e+11,1.056557e+05,2.542095e+09,9.161270e+11,0,55,N,N
4.132906e+04,2.033334e+08,8.615028e+10,7.073873e+04,9.035929e+08,1.854038e+11,7.824904e+04,1.471117e+09,1.809946e+11,1.266067e+05,3.262924e+09,1.508613e+12,0,20,N,N
1.516990e+04,3.472958e+07,9.651373e+09,4.214518e+04,3.069986e+08,8.640099e+10,9.946013e+04,2.019535e+09,6.039315e+11,8.563087e+04,1.511791e+09,5.787193e+11,0,36,N,N
1.862271e+04,3.502211e+07,1.143002e+10,1.122446e+05,1.276301e+09,2.885481e+11,8.188548e+04,1.603084e+09,3.924137e+11,9.650700e+04,1.825123e+09,7.021084e+11,0,56,N,N
1.980770e+04,4.325598e+07,1.799282e+10,6.101156e+04,4.972478e+08,1.601295e+11,6.381400e+04,9.015076e+08,2.195047e+11,9.317251e+04,2.138869e+09,7.457676e+11,1,94,N,N
7.647297e+03,1.244863e+07,5.460840e+09,8.696707e+04,4.762729e+08,1.008256e+11,7.529820e+04,1.259610e+09,2.805719e+11,7.782497e+04,1.267992e+09,2.706060e+11,2,91,N,N
2.356600e+04,4.441209e+07,1.408994e+10,9.570641e+04,8.029592e+08,1.787253e+11,8.862558e+04,1.857250e+09,3.200039e+11,1.242602e+05,3.482787e+09,1.247744e+12,1,70,N,N
1.423276e+04,2.574727e+07,9.924653e+09,9.125136e+04,7.010497e+08,1.635839e+11,8.767009e+04,1.636559e+09,3.239985e+11,9.091185e+04,1.817253e+09,6.205946e+11,0,44,N,N
2.205401e+04,6.490726e+07,2.376756e+10,4.099223e+04,2.942981e+08,8.856248e+10,5.646080e+04,7.313530e+08,1.594816e+11,9.049530e+04,2.021009e+09,8.129768e+11,3,94,N,N
1.559170e+04,2.727635e+07,8.947800e+09,1.140829e+05,1.175895e+09,2.137233e+11,8.361144e+04,1.668948e+09,2.314759e+11,1.231857e+05,3.409184e+09,9.619787e+11,1,79,N,N
2.342750e+04,5.803754e+07,1.913057e+10,8.718049e+04,9.658698e+08,2.035670e+11,9.004793e+04,1.939594e+09,4.983276e+11,8.326060e+04,1.221571e+09,3.978872e+11,3,56,N,N
2.474428e+04,5.508658e+07,1.780243e+10,9.006020e+04,8.835943e+08,1.968620e+11,8.634522e+04,1.815073e+09,3.774525e+11,1.123121e+05,2.766104e+09,7.686619e+11,3,70,N,N
2.023829e+04,3.380717e+07,1.134133e+10,9.567226e+04,1.015021e+09,1.370751e+11,8.869360e+04,1.917417e+09,2.675614e+11,1.155740e+05,2.525876e+09,1.106056e+12,3,88,N,N
2.582386e+04,3.985738e+07,1.538034e+10,6.512769e+04,5.294073e+08,1.157879e+11,8.031633e+04,1.401785e+09,2.009241e+11,1.103453e+05,2.655599e+09,1.046024e+12,3,71,N,N
1.824010e+04,3.145356e+07,9.182697e+09,7.829221e+04,6.985591e+08,1.074721e+11,9.251199e+04,2.038343e+09,2.585605e+11,1.096342e+05,2.383737e+09,9.290880e+11,0,74,N,N
1.393741e+04,2.244432e+07,7.227178e+09,5.662674e+04,2.951494e+08,8.798323e+10,7.336846e+04,1.098191e+09,2.037644e+11,9.814319e+04,2.296373e+09,9.278321e+11,0,17,N,N
1.976631e+04,3.951273e+07,1.926414e+10,8.523039e+04,6.824327e+08,1.636970e+11,6.938690e+04,1.060769e+09,1.773340e+11,9.669162e+04,2.237348e+09,4.702451e+11,1,51,N,N
1.877419e+04,3.473741e+07,1.216934e+10,3.754240e+04,2.773192e+08,1.106064e+11,8.084058e+04,1.443856e+09,3.467642e+11,6.021054e+04,6.772991e+08,1.958188e+11,1,64,N,N
2.669602e+04,5.145406e+07,2.294950e+10,3.351834e+04,2.042514e+08,5.152683e+10,7.895170e+04,1.440189e+09,2.686103e+11,7.018419e+04,9.260375e+08,1.901669e+11,2,77,N,N
2.158976e+04,4.270686e+07,1.972616e+10,8.845295e+04,8.274603e+08,1.800259e+11,8.665353e+04,1.805774e+09,5.062783e+11,6.754645e+04,8.843910e+08,2.764479e+11,1,85,N,N
1.297572e+04,1.834222e+07,6.757473e+09,9.002885e+04,5.487356e+08,1.332139e+11,7.874534e+04,1.379575e+09,3.425640e+11,7.197655e+04,1.080548e+09,2.677359e+11,1,38,N,N
7.845271e+03,1.238333e+07,5.211264e+09,7.275008e+04,3.646839e+08,9.263538e+10,7.922786e+04,1.351028e+09,3.179038e+11,7.538696e+04,1.175009e+09,2.570319e+11,1,91,N,N
1.042531e+04,1.509318e+07,4.891439e+09,9.929687e+04,9.353845e+08,1.191155e+11,8.579735e+04,1.806880e+09,2.261686e+11,1.148572e+05,2.431180e+09,9.640274e+11,3,100,N,N
1.580938e+04,3.038638e+07,1.139125e+10,1.067892e+05,1.147650e+09,2.430352e+11,8.430897e+04,1.706538e+09,4.690782e+11,7.200003e+04,9.991440e+08,2.249892e+11,0,10,N,N
2.713639e+04,7.328414e+07,2.935848e+10,8.797846e+04,1.107789e+09,2.393499e+11,1.017468e+05,2.556458e+09,6.549630e+11,7.443856e+04,7.709767e+08,1.970667e+11,1,99,N,N
7.106036e+03,8.582978e+06,2.867638e+09,9.456011e+04,5.779800e+08,7.292715e+10,6.836909e+04,1.117908e+09,1.128166e+11,1.142548e+05,2.758696e+09,1.025812e+12,1,83,N,N
2.014394e+04,3.332710e+07,1.255086e+10,9.621605e+04,8.085593e+08,1.435441e+11,8.730322e+04,1.858866e+09,2.796875e+11,1.223432e+05,3.281979e+09,1.420831e+12,0,28,N,N
1.809032e+04,5.296298e+07,2.400140e+10,4.354836e+04,3.327901e+08,1.027087e+11,7.230382e+04,1.181722e+09,2.175099e+11,9.328738e+04,1.976635e+09,1.087853e+12,3,59,N,N
3.656244e+04,1.149736e+08,4.583594e+10,7.524383e+04,8.546155e+08,1.824852e+11,7.912442e+04,1.498736e+09,2.152331e+11,1.328893e+05,3.832857e+09,1.309709e+12,0,101,N,N
1.587593e+04,2.580720e+07,9.959767e+09,3.752330e+04,2.371845e+08,6.922527e+10,5.502556e+04,7.500939e+08,2.357432e+11,5.128560e+04,5.051354e+08,1.148215e+11,0,2,N,N
2.768174e+04,6.083290e+07,2.443720e+10,1.053456e+05,1.281037e+09,2.624894e+11,9.426902e+04,2.197628e+09,4.981213e+11,8.201779e+04,1.050562e+09,2.324374e+11,2,99,N,N
2.264182e+04,4.868808e+07,2.357244e+10,9.844970e+04,9.145186e+08,1.754457e+11,7.119523e+04,1.237532e+09,1.712233e+11,1.116549e+05,2.749303e+09,1.028867e+12,0,14,N,N
1.115571e+04,1.697588e+07,5.236758e+09,1.127303e+05,1.257006e+09,2.123924e+11,8.089834e+04,1.567431e+09,2.323211e+11,1.054385e+05,2.000134e+09,8.894879e+11,1,84,N,N
9.122174e+03,1.481490e+07,5.684612e+09,9.252146e+04,6.989016e+08,1.120112e+11,8.138965e+04,1.562084e+09,3.448735e+11,8.723118e+04,1.605946e+09,3.874961e+11,3,92,N,N
5.804282e+04,2.078933e+08,7.115064e+10,9.538145e+04,1.252970e+09,2.347352e+11,8.770029e+04,1.822663e+09,2.426735e+11,1.126251e+05,2.461893e+09,1.063854e+12,3,49,N,N
5.811025e+03,7.925878e+06,2.775881e+09,7.893148e+04,4.078450e+08,7.258321e+10,7.953016e+04,1.419189e+09,1.827198e+11,1.208785e+05,3.523179e+09,7.776438e+11,0,40,N,N
2.354702e+04,4.419847e+07,1.994063e+10,6.108203e+04,3.648948e+08,7.490459e+10,8.231212e+04,1.469399e+09,1.509622e+11,1.155935e+05,2.901146e+09,1.328421e+12,2,57,N,N
4.697606e+04,1.052362e+08,3.568032e+10,1.023876e+05,1.366062e+09,2.304853e+11,8.925977e+04,1.983170e+09,3.073561e+11,1.203948e+05,2.481401e+09,1.530632e+12,0,95,N,N
2.448133e+04,3.864794e+07,1.420068e+10,7.969982e+04,5.223509e+08,1.016122e+11,8.876464e+04,1.765079e+09,2.219138e+11,1.333845e+05,3.873547e+09,1.771603e+12,2,60,N,N
2.087879e+04,5.587941e+07,1.115959e+10,4.047595e+04,4.147865e+08,1.503236e+11,9.388589e+04,2.150818e+09,5.343073e+11,7.590903e+04,9.330921e+08,3.942195e+11,2,73,N,N
3.659537e+04,9.123313e+07,3.849507e+10,7.009232e+04,7.224030e+08,1.972577e+11,9.283413e+04,2.145029e+09,5.597969e+11,8.701542e+04,1.452161e+09,5.050051e+11,3,67,N,N
2.235059e+04,3.964770e+07,1.219174e+10,1.006618e+05,8.451095e+08,1.863678e+11,8.437496e+04,1.679987e+09,2.855213e+11,1.149631e+05,2.889596e+09,9.314590e+11,2,70,N,N
2.286022e+04,3.749236e+07,1.522933e+10,8.942248e+04,7.424333e+08,1.354475e+11,7.996594e+04,1.471892e+09,2.325883e+11,1.106404e+05,2.503599e+09,1.135170e+12,3,52,N,N
1.226165e+04,1.629416e+07,5.119741e+09,1.034475e+05,8.461685e+08,1.352452e+11,7.417599e+04,1.359099e+09,1.653678e+11,1.252445e+05,3.292080e+09,1.306788e+12,1,43,N,N
1.439294e+04,2.818947e+07,7.808187e+09,1.098962e+05,1.378961e+09,2.150353e+11,9.415749e+04,2.201517e+09,3.778241e+11,1.106105e+05,1.936653e+09,1.194698e+12,1,95,N,N
1.006664e+04,1.275718e+07,4.237157e+09,1.032631e+05,1.063818e+09,1.608963e+11,7.095271e+04,1.240205e+09,1.558536e+11,1.131038e+05,2.366991e+09,9.451120e+11,0,62,N,N
6.603073e+03,1.040810e+07,3.930831e+09,7.063920e+04,5.017114e+08,1.267294e+11,8.213851e+04,1.241928e+09,2.724226e+11,8.844613e+04,1.889228e+09,5.143183e+11,0,9,N,N
1.835094e+04,4.121485e+07,1.229345e+10,4.170541e+04,3.708716e+08,1.264765e+11,9.006219e+04,1.886893e+09,5.096282e+11,6.346580e+04,7.354600e+08,1.540732e+11,3,87,N,N
1.201114e+04,2.101992e+07,5.684502e+09,8.379328e+04,9.233108e+08,9.374411e+10,1.091649e+05,2.868419e+09,3.681704e+11,1.262196e+05,3.146101e+09,1.321348e+12,3,86,N,N
1.846012e+04,3.148874e+07,1.151250e+10,4.698685e+04,3.157099e+08,8.232506e+10,8.439977e+04,1.638249e+09,4.212797e+11,7.709991e+04,1.219000e+09,2.954384e+11,1,81,N,N
6.335384e+03,9.574629e+06,3.946787e+09,8.797892e+04,7.131128e+08,1.552736e+11,7.298575e+04,1.140201e+09,1.919323e+11,8.663150e+04,1.721962e+09,5.450867e+11,2,66,N,N
1.682194e+04,3.097880e+07,1.244687e+10,8.234915e+04,6.320242e+08,1.637166e+11,8.364504e+04,1.599526e+09,4.311262e+11,7.654963e+04,1.225302e+09,3.077989e+11,0,33,N,N
1.005738e+04,1.329905e+07,4.708461e+09,6.906897e+04,3.452982e+08,6.527422e+10,7.430355e+04,1.183543e+09,1.879594e+11,9.399264e+04,2.058930e+09,6.753766e+11,0,53,N,N
6.963081e+03,1.149110e+07,5.114909e+09,7.209250e+04,4.731899e+08,1.214779e+11,9.086233e+04,1.613516e+09,3.167352e+11,1.176107e+05,3.295377e+09,1.499957e+12,2,59,N,N
2.399583e+04,6.678125e+07,2.639581e+10,3.748361e+04,3.453267e+08,1.250245e+11,8.533932e+04,1.799129e+09,4.132763e+11,6.202890e+04,5.888568e+08,2.046774e+11,0,16,N,N
1.555757e+04,2.724754e+07,8.471495e+09,1.019750e+05,9.706804e+08,1.195414e+11,8.612177e+04,1.829432e+09,2.388160e+11,1.189980e+05,2.848569e+09,1.085303e+12,2,74,N,N
8.916261e+03,1.463584e+07,5.087064e+09,8.246011e+04,5.588407e+08,9.248534e+10,8.866982e+04,1.820758e+09,3.415363e+11,9.609487e+04,1.968582e+09,6.090367e+11,3,102,N,N
1.332150e+04,1.866374e+07,5.836419e+09,8.990536e+04,8.410581e+08,1.407585e+11,8.465278e+04,1.581513e+09,1.907340e+11,1.083144e+05,2.389263e+09,1.118327e+12,1,69,N,N
1.181626e+04,2.051166e+07,4.863314e+09,4.707828e+04,5.021942e+08,8.743069e+10,1.112952e+05,2.952948e+09,3.887400e+11,9.938263e+04,1.719913e+09,6.554380e+11,0,86,N,N
2.717136e+04,7.651029e+07,2.868969e+10,5.978851e+04,5.207308e+08,1.285539e+11,8.331313e+04,1.591728e+09,1.573854e+11,1.228689e+05,3.374549e+09,1.115916e+12,0,104,N,N
1.792032e+04,3.397960e+07,1.213040e+10,7.220933e+04,7.798490e+08,1.241463e+11,8.926504e+04,1.819495e+09,2.898647e+11,1.065143e+05,2.431346e+09,1.348255e+12,0,12,N,N
6.077155e+03,8.664384e+06,3.511585e+09,5.539058e+04,2.170572e+08,5.437146e+10,7.000692e+04,1.033986e+09,1.833731e+11,9.638001e+04,2.283274e+09,4.129751e+11,0,54,N,N
1.434984e+04,2.304238e+07,7.083193e+09,1.014815e+05,9.561654e+08,1.150636e+11,8.583971e+04,1.814655e+09,2.467517e+11,1.188454e+05,2.782286e+09,1.129567e+12,1,74,N,N
8.785081e+03,1.114469e+07,3.797599e+09,8.958197e+04,5.522246e+08,7.370316e+10,7.597270e+04,1.372546e+09,1.688481e+11,1.073779e+05,2.450503e+09,8.200618e+11,2,83,N,N
1.038398e+04,1.680506e+07,5.478807e+09,5.146068e+04,3.518592e+08,9.196031e+10,9.046500e+04,1.836631e+09,3.782751e+11,7.950031e+04,1.234094e+09,3.216411e+11,1,92,N,N
4.798752e+04,1.011120e+08,3.599478e+10,9.509729e+04,1.013896e+09,1.992544e+11,8.430996e+04,1.739616e+09,2.422212e+11,1.224587e+05,3.152352e+09,1.031525e+12,3,101,N,N
2.472147e+04,6.453599e+07,2.129468e+10,8.567253e+04,9.421884e+08,2.221240e+11,9.332410e+04,2.046376e+09,5.566204e+11,8.213509e+04,1.234575e+09,4.375929e+11,1,56,N,N
1.690710e+04,3.260788e+07,1.079096e+10,3.944537e+04,3.657185e+08,1.273573e+11,8.777120e+04,1.918819e+09,3.862611e+11,5.875394e+04,5.016721e+08,1.525981e+11,0,25,N,N
7.590630e+03,9.832674e+06,3.404326e+09,8.346708e+04,6.270056e+08,1.246905e+11,8.229935e+04,1.563203e+09,2.661197e+11,1.056392e+05,2.459353e+09,8.691963e+11,2,71,N,N
1.860911e+04,4.244106e+07,2.064239e+10,6.460340e+04,5.222430e+08,1.600831e+11,6.866784e+04,9.171660e+08,1.575503e+11,7.891973e+04,1.443367e+09,5.216857e+11,1,75,N,N
3.623626e+04,1.254462e+08,5.017818e+10,7.571326e+04,9.068797e+08,1.844143e+11,8.220240e+04,1.621492e+09,2.276727e+11,1.321851e+05,3.705020e+09,1.332513e+12,1,101,N,N
2.162769e+04,4.405966e+07,1.484707e+10,1.122464e+05,1.277529e+09,2.142307e+11,8.601437e+04,1.853361e+09,3.237818e+11,9.648909e+04,1.760053e+09,5.204721e+11,0,23,N,N
4.993352e+03,6.145379e+06,1.907808e+09,5.305444e+04,3.465785e+08,8.846128e+10,7.326121e+04,1.161905e+09,1.747251e+11,9.516503e+04,2.112827e+09,6.753638e+11,0,37,N,N
2.313975e+04,5.398798e+07,2.267614e+10,8.534707e+04,9.540791e+08,2.187930e+11,8.738784e+04,1.865092e+09,6.171653e+11,6.440310e+04,7.037698e+08,2.539099e+11,0,85,N,N
1.292631e+04,1.943270e+07,6.680129e+09,3.918077e+04,2.698646e+08,6.078347e+10,1.017232e+05,2.352880e+09,4.471660e+11,7.143427e+04,8.657607e+08,2.483459e+11,0,96,N,N
1.212980e+04,2.049343e+07,8.388407e+09,9.180248e+04,7.726494e+08,1.607176e+11,8.114955e+04,1.445554e+09,3.147966e+11,8.520925e+04,1.663782e+09,7.247810e+11,0,78,N,N
2.100166e+04,4.285466e+07,1.378862e+10,1.064848e+05,1.275421e+09,2.570983e+11,8.293184e+04,1.674107e+09,4.266390e+11,8.992593e+04,1.493234e+09,5.283739e+11,2,56,N,N
1.700954e+04,3.155676e+07,8.759282e+09,3.687914e+04,2.917417e+08,8.400123e+10,8.674790e+04,1.764230e+09,2.590367e+11,8.738025e+04,1.390841e+09,6.053760e+11,0,69,N,N
2.664776e+04,6.684351e+07,3.607438e+10,6.409356e+04,5.320746e+08,1.090266e+11,8.451053e+04,1.559571e+09,1.711001e+11,1.184484e+05,3.244802e+09,1.361973e+12,3,57,N,N
2.329392e+04,4.399326e+07,1.818490e+10,5.609147e+04,3.293456e+08,7.538733e+10,7.969546e+04,1.367073e+09,1.435789e+11,1.131323e+05,2.776521e+09,1.212253e+12,1,57,N,N
2.250820e+04,6.437114e+07,2.053004e+10,5.266582e+04,5.132698e+08,1.026472e+11,6.989654e+04,1.179854e+09,1.063943e+11,1.125894e+05,2.547851e+09,9.696683e+11,2,89,N,N
2.337554e+04,7.204937e+07,2.681000e+10,4.257407e+04,3.249577e+08,9.374677e+10,5.635958e+04,7.255437e+08,1.567492e+11,9.065826e+04,2.040591e+09,7.737181e+11,0,94,N,N
2.883162e+04,6.623691e+07,2.124986e+10,4.523252e+04,3.283544e+08,7.127302e+10,9.815351e+04,2.292881e+09,3.165697e+11,1.050245e+05,2.289061e+09,6.106056e+11,0,79,N,N
3.080099e+04,8.327058e+07,3.997091e+10,6.112059e+04,5.351711e+08,1.121837e+11,9.799958e+04,2.013630e+09,4.005194e+11,1.015219e+05,2.105406e+09,1.154749e+12,0,21,N,N
2.450744e+04,5.192923e+07,1.860046e+10,5.446770e+04,4.337405e+08,8.931498e+10,8.986978e+04,1.875328e+09,3.475587e+11,8.723777e+04,1.494634e+09,5.541134e+11,0,82,N,N
6.275649e+03,7.367164e+06,2.411012e+09,9.258332e+04,5.581602e+08,7.859414e+10,7.135417e+04,1.209355e+09,1.252363e+11,1.144898e+05,2.785286e+09,1.076232e+12,0,83,N,N
2.519401e+04,4.916296e+07,2.206477e+10,5.969515e+04,4.657407e+08,1.069238e+11,8.100975e+04,1.480604e+09,2.344166e+11,1.123143e+05,2.909293e+09,1.303917e+12,1,48,N,N
2.063985e+04,3.507985e+07,9.011266e+09,3.694534e+04,2.812655e+08,7.660325e+10,9.176558e+04,1.885844e+09,3.207543e+11,8.706302e+04,1.429595e+09,4.816563e+11,3,84,N,N
3.282594e+04,7.447277e+07,3.347881e+10,7.071264e+04,6.056670e+08,1.446520e+11,8.193578e+04,1.540944e+09,1.780251e+11,1.254114e+05,3.426511e+09,1.348292e+12,0,60,N,N
3.179343e+04,9.329948e+07,4.199526e+10,5.687568e+04,4.527093e+08,1.008009e+11,8.283031e+04,1.568876e+09,1.664113e+11,1.198218e+05,3.111016e+09,1.228801e+12,3,60,N,N
4.657646e+04,1.122416e+08,3.622305e+10,9.998808e+04,1.264221e+09,2.207662e+11,8.837337e+04,1.928500e+09,3.405592e+11,1.171411e+05,2.613817e+09,1.701747e+12,0,13,N,N
1.431847e+04,3.102296e+07,8.731499e+09,1.137545e+05,1.383663e+09,2.491299e+11,8.641934e+04,1.769273e+09,4.309942e+11,9.460996e+04,1.822916e+09,6.874116e+11,0,30,N,N
1.078747e+04,1.703713e+07,6.315241e+09,4.951370e+04,2.795567e+08,6.806679e+10,8.628426e+04,1.628461e+09,3.916449e+11,8.207799e+04,1.422394e+09,3.449524e+11,3,81,N,N
3.686651e+04,1.005852e+08,5.083830e+10,7.983766e+04,9.234209e+08,1.940180e+11,7.594582e+04,1.335575e+09,1.366026e+11,1.178001e+05,3.103466e+09,1.600126e+12,3,63,N,N
1.866773e+04,3.612358e+07,1.521461e+10,8.014696e+04,7.011667e+08,2.068704e+11,8.729958e+04,1.683982e+09,4.772753e+11,5.940637e+04,6.830184e+08,1.775064e+11,2,64,N,N
1.479359e+04,2.305943e+07,7.673895e+09,9.558868e+04,8.534173e+08,1.410247e+11,8.568999e+04,1.663636e+09,2.191659e+11,1.095971e+05,2.476269e+09,1.180405e+12,2,69,N,N
1.146376e+04,1.683892e+07,5.354978e+09,7.811360e+04,8.672978e+08,1.413561e+11,8.258155e+04,1.591202e+09,1.793489e+11,1.205394e+05,3.061200e+09,1.688376e+12,2,12,N,N
1.061075e+04,1.584708e+07,5.617782e+09,1.053994e+05,1.057786e+09,2.504629e+11,7.311485e+04,1.272819e+09,3.165188e+11,8.150849e+04,1.378093e+09,3.285215e+11,1,10,N,N
2.973329e+04,6.052368e+07,2.842609e+10,8.972914e+04,8.034220e+08,1.469171e+11,7.452538e+04,1.352576e+09,1.408548e+11,1.242335e+05,3.152585e+09,1.363918e+12,0,43,N,N
3.195281e+04,7.319738e+07,2.865873e+10,5.241185e+04,4.747297e+08,1.359576e+11,9.503106e+04,2.233343e+09,5.452799e+11,7.782032e+04,1.146807e+09,3.539548e+11,0,67,N,N
8.319181e+03,1.066191e+07,3.726459e+09,6.738418e+04,4.081943e+08,8.101752e+10,7.581128e+04,1.243702e+09,2.003363e+11,9.433895e+04,2.012987e+09,8.149099e+11,2,53,N,N
5.007984e+04,1.756624e+08,8.361942e+10,9.568910e+04,1.215807e+09,2.955366e+11,8.218734e+04,1.571352e+09,3.141937e+11,9.376212e+04,1.574208e+09,7.916981e+11,3,65,N,N
1.717316e+04,3.675045e+07,1.483117e+10,5.580516e+04,3.922809e+08,7.611936e+10,8.909650e+04,1.748822e+09,2.757249e+11,1.327249e+05,4.175514e+09,1.632744e+12,3,76,N,N
8.995739e+03,1.431378e+07,4.737990e+09,5.503504e+04,3.977887e+08,8.498395e+10,9.421347e+04,2.003140e+09,3.594891e+11,8.642083e+04,1.529177e+09,4.607050e+11,1,102,N,N
2.140946e+04,5.653040e+07,1.106478e+10,4.560856e+04,4.909761e+08,1.549134e+11,9.891922e+04,2.359199e+09,5.852053e+11,8.304238e+04,1.198992e+09,5.245263e+11,0,73,N,N
