1.441794e+05,3.005042e+09,1.209822e+13,3.905726e+05,3.201157e+10,5.297792e+13,9.717722e+05,2.229383e+11,3.739562e+14,1.064687e+06,2.132294e+11,1.603688e+15,2,76,N,N
7.199016e+04,8.291588e+08,2.254677e+12,5.420375e+05,3.349670e+10,5.432185e+13,6.195620e+05,8.261265e+10,6.393608e+13,8.446561e+05,1.585493e+11,3.867090e+14,1,41,N,N
9.821018e+04,1.429484e+09,3.033811e+12,5.198678e+05,3.810028e+10,3.749738e+13,7.764532e+05,1.425982e+11,2.130032e+14,6.713663e+05,7.788500e+10,1.987696e+14,0,46,N,N
9.943921e+04,1.133527e+09,2.652663e+12,2.850350e+05,1.590793e+10,2.827739e+13,7.267228e+05,1.234383e+11,1.583085e+14,5.326152e+05,4.819366e+10,1.006374e+14,2,96,N,N
1.817203e+05,2.368501e+09,7.351301e+12,5.574976e+05,3.628453e+10,5.835636e+13,5.581033e+05,6.947104e+10,8.158168e+13,7.762778e+05,1.366428e+11,4.098728e+14,0,58,N,N
2.452884e+05,5.375634e+09,1.718615e+13,6.629911e+05,5.362269e+10,6.645746e+13,5.994780e+05,8.800974e+10,9.933250e+13,9.465824e+05,1.840152e+11,6.352701e+14,1,103,N,N
2.224002e+05,6.019518e+09,2.064300e+13,5.565093e+05,4.076000e+10,6.479358e+13,5.353596e+05,6.371052e+10,9.785575e+13,7.947229e+05,1.434699e+11,3.914143e+14,2,55,N,N
2.773435e+05,5.808614e+09,2.040555e+13,6.661563e+05,6.043654e+10,7.698295e+13,5.883409e+05,8.237072e+10,7.096399e+13,8.450851e+05,1.361358e+11,3.963314e+14,2,84,N,N
3.260853e+05,1.258605e+10,5.071290e+13,5.622686e+05,4.652673e+10,5.939320e+13,5.875233e+05,7.955080e+10,5.796494e+13,9.284631e+05,1.815554e+11,6.067674e+14,0,29,N,N
2.150169e+05,3.802670e+09,1.274466e+13,5.250355e+05,3.508409e+10,4.994056e+13,6.047606e+05,8.175657e+10,8.418286e+13,8.088368e+05,1.330602e+11,4.507390e+14,0,52,N,N
3.751498e+05,6.265047e+09,1.897057e+13,7.907053e+05,8.060606e+10,1.269606e+14,6.124649e+05,9.241766e+10,1.420048e+14,7.556472e+05,1.058151e+11,3.847048e+14,2,80,N,N
1.227267e+05,1.794330e+09,4.229835e+12,8.232542e+05,6.876125e+10,9.102835e+13,6.000203e+05,8.757983e+10,1.446518e+14,6.359090e+05,6.980533e+10,2.155902e+14,2,65,N,N
2.273306e+05,5.998386e+09,2.138608e+13,5.203081e+05,3.349107e+10,5.159109e+13,5.571362e+05,6.756137e+10,1.145833e+14,8.131178e+05,1.526348e+11,4.559626e+14,3,55,N,N
1.038782e+05,1.252590e+09,3.454051e+12,4.675138e+05,2.689008e+10,2.288154e+13,7.902507e+05,1.468542e+11,1.678498e+14,6.176225e+05,6.717042e+10,1.315073e+14,3,68,N,N
1.640048e+05,2.642859e+09,5.632582e+12,8.123257e+05,7.652917e+10,1.039494e+14,6.495881e+05,1.039641e+11,1.800321e+14,6.545601e+05,7.961764e+10,1.535678e+14,0,47,N,N
2.057399e+05,5.034856e+09,1.300877e+13,3.913883e+05,3.205936e+10,4.153589e+13,5.190976e+05,6.759134e+10,6.255426e+13,8.785887e+05,1.743644e+11,5.206272e+14,0,15,N,N
1.345803e+05,2.431166e+09,3.856890e+12,3.109001e+05,1.611571e+10,2.399750e+13,6.810084e+05,1.020466e+11,1.137195e+14,9.484853e+05,2.121796e+11,4.917710e+14,1,76,N,N
5.288037e+04,6.100946e+08,1.930956e+12,6.629924e+05,2.713620e+10,3.531086e+13,5.774580e+05,7.287642e+10,1.127286e+14,6.031415e+05,7.736899e+10,1.165375e+14,3,91,N,N
1.306284e+05,2.435161e+09,5.087195e+12,2.563890e+05,1.362961e+10,1.887014e+13,7.045979e+05,1.154029e+11,1.126762e+14,7.650917e+05,1.171174e+11,3.835911e+14,0,76,N,N
1.128260e+05,1.186739e+09,2.923061e+12,7.467975e+05,4.855551e+10,3.963012e+13,5.937614e+05,8.554438e+10,7.448355e+13,7.637269e+05,1.030273e+11,2.789479e+14,1,62,N,N
6.489133e+04,7.906640e+08,2.424267e+12,5.338198e+05,3.507410e+10,6.360900e+13,5.500503e+05,6.083429e+10,7.541407e+13,5.962468e+05,8.087060e+10,1.991468e+14,0,75,N,N
2.506920e+05,6.354730e+09,2.405180e+13,5.914690e+05,4.168399e+10,5.634890e+13,5.363603e+05,6.826022e+10,1.058962e+14,7.867266e+05,1.394089e+11,2.945345e+14,1,55,N,N
9.912572e+04,1.112288e+09,2.724638e+12,2.881741e+05,1.492766e+10,2.321875e+13,7.448656e+05,1.262988e+11,1.660716e+14,5.493704e+05,5.323150e+10,1.025539e+14,3,96,N,N
2.044149e+05,3.548404e+09,1.289593e+13,4.195227e+05,2.533093e+10,2.671642e+13,6.392515e+05,8.859958e+10,7.725721e+13,7.380685e+05,1.187105e+11,2.730375e+14,0,57,N,N
1.750500e+05,2.076793e+09,4.652095e+12,6.843870e+05,4.330760e+10,4.551042e+13,6.137668e+05,9.117386e+10,1.242322e+14,7.320919e+05,1.091658e+11,3.081374e+14,1,82,N,N
9.172266e+04,1.047142e+09,2.797039e+12,4.721827e+05,3.154839e+10,5.664586e+13,5.196992e+05,5.857712e+10,6.327379e+13,6.986902e+05,1.138467e+11,1.772010e+14,0,39,N,N
1.516331e+05,3.124258e+09,5.088727e+12,2.908306e+05,1.829947e+10,4.368722e+13,4.716367e+05,4.988735e+10,4.664970e+13,5.909355e+05,7.430400e+10,2.093918e+14,1,66,N,N
2.310396e+05,2.871890e+09,8.417511e+12,5.590545e+05,4.405275e+10,6.880113e+13,5.586353e+05,7.443214e+10,4.871696e+13,8.963010e+05,1.719346e+11,5.485758e+14,0,63,N,N
5.963936e+04,6.701423e+08,1.850944e+12,3.784456e+05,1.562270e+10,2.758345e+13,6.599298e+05,9.601900e+10,1.667869e+14,6.086097e+05,7.660628e+10,1.120369e+14,0,81,N,N
2.001764e+05,4.418910e+09,1.469647e+13,7.453289e+05,8.221208e+10,8.610069e+13,7.546048e+05,1.423103e+11,2.269289e+14,5.579795e+05,4.206518e+10,1.007584e+14,1,98,N,N
1.606891e+05,2.543107e+09,4.378770e+12,2.822380e+05,1.815069e+10,3.659005e+13,6.842511e+05,1.135656e+11,9.522623e+13,5.806621e+05,5.800130e+10,1.287052e+14,2,79,N,N
2.086619e+05,3.224620e+09,1.050502e+13,4.470129e+05,2.627876e+10,4.045305e+13,6.191906e+05,8.695520e+10,9.803582e+13,8.284537e+05,1.561449e+11,5.091181e+14,3,48,N,N
8.696459e+04,1.116128e+09,2.070557e+12,5.821022e+05,5.206189e+10,2.792991e+13,8.339178e+05,1.677621e+11,1.331968e+14,9.699149e+05,1.934424e+11,5.395291e+14,2,86,N,N
1.526256e+05,2.250334e+09,4.636471e+12,3.106031e+05,2.202118e+10,3.794452e+13,6.753488e+05,1.050098e+11,1.162104e+14,5.332480e+05,4.322941e+10,1.015082e+14,0,27,N,N
1.222175e+05,1.637168e+09,3.723762e+12,7.918432e+05,5.616678e+10,6.429008e+13,6.564865e+05,1.005812e+11,9.408964e+13,8.737160e+05,1.674095e+11,3.703485e+14,3,79,N,N
2.233481e+05,3.157566e+09,1.008753e+13,6.545901e+05,5.331882e+10,7.139291e+13,5.671739e+05,7.611932e+10,4.428074e+13,9.963833e+05,2.022995e+11,6.475303e+14,0,26,N,N
1.655283e+05,3.555462e+09,7.694198e+12,3.217233e+05,1.722847e+10,2.650942e+13,6.279263e+05,8.450370e+10,6.481636e+13,7.449964e+05,1.165544e+11,3.458628e+14,1,61,N,N
1.515215e+05,2.390724e+09,5.238069e+12,8.586586e+05,7.642164e+10,1.035423e+14,6.423620e+05,1.016149e+11,1.711344e+14,6.825158e+05,8.798129e+10,1.566601e+14,1,47,N,N
1.443130e+05,2.130834e+09,5.290674e+12,7.856562e+05,5.508177e+10,8.261068e+13,6.414142e+05,9.291640e+10,2.037280e+14,5.928286e+05,6.768453e+10,2.125873e+14,1,97,N,N
1.444845e+05,1.778438e+09,3.997298e+12,5.028873e+05,2.827343e+10,3.368126e+13,7.067838e+05,1.152477e+11,1.254688e+14,6.655908e+05,8.151656e+10,1.722056e+14,0,0,N,N
2.316217e+05,3.365421e+09,1.059942e+13,6.195908e+05,3.701281e+10,4.406534e+13,6.257894e+05,9.235704e+10,7.907450e+13,9.159311e+05,1.853333e+11,3.444387e+14,2,104,N,N
8.558732e+04,1.324684e+09,5.097466e+12,5.454436e+05,3.682409e+10,6.030903e+13,5.462461e+05,5.724800e+10,7.406583e+13,5.944584e+05,8.158174e+10,2.009491e+14,3,75,N,N
6.939878e+04,7.624898e+08,2.190880e+12,7.200787e+05,3.972073e+10,5.533964e+13,5.402295e+05,6.639403e+10,8.240673e+13,6.944222e+05,1.126553e+11,1.544796e+14,2,51,N,N
3.452364e+05,1.056018e+10,3.878058e+13,4.528508e+05,3.609439e+10,5.860884e+13,5.799345e+05,7.707288e+10,8.070026e+13,8.424372e+05,1.525212e+11,6.124030e+14,3,90,N,N
1.838250e+05,2.348074e+09,6.776715e+12,2.456850e+05,1.085882e+10,1.965724e+13,5.991082e+05,8.157269e+10,1.112316e+14,5.240082e+05,5.056379e+10,7.359670e+13,3,77,N,N
2.519226e+05,6.495239e+09,2.422547e+13,4.880688e+05,4.087939e+10,5.488288e+13,5.923442e+05,8.209445e+10,6.184384e+13,8.905564e+05,1.678550e+11,6.362909e+14,0,31,N,N
9.684810e+04,1.177054e+09,3.167584e+12,4.964234e+05,1.963667e+10,2.619429e+13,6.879752e+05,1.076049e+11,1.195515e+14,5.622712e+05,5.687228e+10,1.253495e+14,1,5,N,N
1.970756e+05,3.410765e+09,9.439121e+12,7.712730e+05,7.249595e+10,8.174365e+13,7.051207e+05,1.242437e+11,2.187850e+14,5.822693e+05,5.067758e+10,8.019950e+13,3,99,N,N
7.781851e+04,8.576047e+08,2.451267e+12,5.471792e+05,2.673743e+10,4.702202e+13,6.306439e+05,8.535065e+10,1.376089e+14,5.437188e+05,5.892808e+10,9.028014e+13,0,42,N,N
1.978094e+05,3.195630e+09,7.640070e+12,7.320113e+05,5.196806e+10,7.423542e+13,6.567623e+05,1.031193e+11,1.369547e+14,8.418006e+05,1.520890e+11,2.944028e+14,0,70,N,N
4.652958e+05,7.497214e+09,2.353743e+13,7.964583e+05,7.896271e+10,1.186016e+14,5.718863e+05,8.032931e+10,1.153627e+14,7.600106e+05,1.086324e+11,3.745601e+14,1,80,N,N
9.039356e+04,1.038754e+09,2.786981e+12,7.473883e+05,4.879059e+10,5.227203e+13,6.607572e+05,1.059113e+11,1.480916e+14,6.475904e+05,7.335646e+10,1.808195e+14,1,34,N,N
1.247059e+05,1.671123e+09,4.650243e+12,7.080808e+05,5.325918e+10,9.238961e+13,6.438219e+05,9.018356e+10,1.381427e+14,6.825071e+05,9.969116e+10,3.116703e+14,3,93,N,N
1.226050e+05,1.843961e+09,4.440508e+12,7.141811e+05,5.455698e+10,7.465978e+13,6.969822e+05,1.107394e+11,2.080683e+14,5.610840e+05,5.806254e+10,1.157557e+14,0,93,N,N
8.377878e+04,9.616370e+08,2.156227e+12,8.821141e+05,6.940887e+10,1.014104e+14,6.308693e+05,9.704581e+10,1.192915e+14,7.109470e+05,9.259392e+10,2.422710e+14,0,6,N,N
1.448471e+05,1.747368e+09,3.361846e+12,7.706063e+05,6.269252e+10,7.251882e+13,6.245315e+05,9.631388e+10,1.165342e+14,8.242904e+05,1.290986e+11,3.801073e+14,0,18,N,N
1.357764e+05,2.260323e+09,3.251770e+12,3.181784e+05,1.393911e+10,1.863627e+13,5.673175e+05,6.612334e+10,6.104321e+13,7.006471e+05,1.076845e+11,3.471687e+14,0,50,N,N
2.418781e+05,5.672350e+09,1.612961e+13,5.324604e+05,4.423766e+10,6.607360e+13,6.294397e+05,9.439462e+10,9.050524e+13,9.647284e+05,2.026395e+11,4.300204e+14,2,101,N,N
1.326187e+05,1.658723e+09,4.424061e+12,7.574838e+05,5.703145e+10,4.709499e+13,5.560675e+05,7.609665e+10,5.466265e+13,9.881278e+05,2.011461e+11,6.228845e+14,3,74,N,N
5.115912e+04,5.485867e+08,1.633797e+12,3.778752e+05,1.259403e+10,2.198976e+13,5.694396e+05,6.866096e+10,9.625615e+13,6.484457e+05,1.005095e+11,1.185054e+14,3,54,N,N
2.176719e+05,3.223009e+09,9.827468e+12,2.481499e+05,1.081813e+10,2.044388e+13,6.127380e+05,8.502083e+10,1.115297e+14,5.596650e+05,6.068231e+10,8.054024e+13,1,77,N,N
3.879282e+04,3.651811e+08,8.727530e+11,5.504428e+05,2.431375e+10,4.076444e+13,5.657934e+05,6.059000e+10,8.272739e+13,6.918536e+05,1.117076e+11,1.976041e+14,0,91,N,N
8.383533e+04,8.178491e+08,1.990229e+12,7.948755e+05,5.616378e+10,5.385999e+13,5.623063e+05,7.730837e+10,6.752930e+13,8.262755e+05,1.198036e+11,3.597701e+14,2,62,N,N
1.692831e+05,2.213951e+09,5.484511e+12,3.203490e+05,1.649869e+10,3.196823e+13,6.425973e+05,9.557717e+10,1.602303e+14,5.346474e+05,5.306388e+10,6.977736e+13,2,81,N,N
6.927137e+04,8.223825e+08,2.246508e+12,7.146961e+05,3.961129e+10,4.289495e+13,6.246518e+05,9.345265e+10,1.330818e+14,6.431473e+05,8.452595e+10,1.295214e+14,2,92,N,N
8.279354e+04,8.293348e+08,2.042179e+12,6.809431e+05,3.973636e+10,5.430916e+13,5.435649e+05,6.825588e+10,8.341196e+13,7.390970e+05,1.223699e+11,3.769227e+14,1,58,N,N
2.091424e+05,6.742228e+09,1.778395e+13,4.311216e+05,3.397781e+10,5.130363e+13,5.475112e+05,7.071018e+10,6.905441e+13,8.233069e+05,1.422336e+11,5.921482e+14,0,90,N,N
1.547302e+05,3.209164e+09,4.709214e+12,3.111966e+05,2.439611e+10,6.524530e+13,7.102139e+05,1.232274e+11,2.237155e+14,5.555155e+05,4.892732e+10,1.318029e+14,3,73,N,N
1.521605e+05,2.493699e+09,6.092168e+12,2.810442e+05,1.879193e+10,4.730728e+13,5.559917e+05,7.100193e+10,1.299511e+14,4.536135e+05,3.798894e+10,6.642300e+13,1,78,N,N
4.037884e+05,1.296830e+10,3.494635e+13,6.136664e+05,5.243799e+10,6.820824e+13,6.536695e+05,1.016506e+11,8.603810e+13,9.805257e+05,1.828874e+11,5.921203e+14,2,49,N,N
2.778143e+05,4.609880e+09,1.300040e+13,5.306508e+05,3.622915e+10,6.232317e+13,7.150713e+05,1.276113e+11,2.097442e+14,6.877380e+05,9.496730e+10,2.275952e+14,1,67,N,N
8.244063e+04,9.056866e+08,2.510334e+12,7.345983e+05,5.707123e+10,7.488714e+13,6.020430e+05,8.509371e+10,1.087486e+14,7.019699e+05,1.043666e+11,2.410394e+14,0,34,N,N
7.638955e+04,7.463496e+08,1.916793e+12,5.471248e+05,2.848955e+10,3.811859e+13,6.029489e+05,8.303633e+10,7.787573e+13,8.234198e+05,1.534649e+11,3.006589e+14,0,71,N,N
9.352113e+04,1.168006e+09,3.415312e+12,7.611465e+05,4.522531e+10,6.746961e+13,5.424911e+05,6.474491e+10,1.299402e+14,5.201310e+05,5.833705e+10,1.154924e+14,3,64,N,N
1.218498e+05,1.275013e+09,3.301283e+12,7.098580e+05,3.631008e+10,4.287295e+13,6.246430e+05,9.224232e+10,7.966683e+13,9.202268e+05,1.907951e+11,4.122752e+14,3,104,N,N
6.656758e+04,9.070668e+08,3.222132e+12,5.326300e+05,3.459683e+10,5.657592e+13,5.417797e+05,5.462935e+10,6.648585e+13,6.332966e+05,8.994682e+10,1.753615e+14,2,75,N,N
1.504316e+05,2.381943e+09,4.299186e+12,3.670480e+05,2.267158e+10,4.027919e+13,5.211453e+05,5.615738e+10,5.320643e+13,6.251491e+05,8.422690e+10,2.256336e+14,3,66,N,N
1.630520e+05,3.221510e+09,5.052774e+12,3.700057e+05,2.524305e+10,3.043283e+13,5.479168e+05,7.202886e+10,4.537154e+13,8.295693e+05,1.376520e+11,3.492037e+14,0,89,N,N
4.844574e+04,5.464550e+08,1.793697e+12,5.266765e+05,1.993538e+10,2.833354e+13,5.481060e+05,6.354928e+10,7.521384e+13,6.600356e+05,1.005135e+11,1.452725e+14,0,32,N,N
6.088212e+04,6.970952e+08,1.804079e+12,5.740051e+05,2.798975e+10,3.185433e+13,6.572581e+05,9.922283e+10,1.188083e+14,7.616225e+05,1.288780e+11,2.788994e+14,0,102,N,N
2.522034e+05,6.422828e+09,2.058580e+13,6.467707e+05,5.148017e+10,6.580401e+13,6.009915e+05,8.818818e+10,9.743847e+13,9.392081e+05,1.740458e+11,6.094801e+14,2,103,N,N
1.181555e+05,1.468923e+09,3.316755e+12,2.617892e+05,1.085441e+10,1.839388e+13,6.574853e+05,1.018420e+11,9.482751e+13,4.917734e+05,4.111232e+10,8.784879e+13,0,5,N,N
1.266236e+05,2.300732e+09,5.677005e+12,3.449753e+05,1.735851e+10,3.526614e+13,6.013005e+05,7.475308e+10,8.431114e+13,7.790176e+05,1.366793e+11,4.870593e+14,1,59,N,N
1.567711e+05,2.265059e+09,4.820156e+12,6.017324e+05,3.715935e+10,6.664691e+13,6.706486e+05,9.507483e+10,2.163902e+14,5.533061e+05,6.156977e+10,1.779808e+14,3,97,N,N
1.405903e+05,1.967402e+09,4.748481e+12,7.691934e+05,5.497205e+10,8.708083e+13,6.478389e+05,9.468523e+10,2.075943e+14,5.863323e+05,6.626628e+10,2.071399e+14,0,97,N,N
2.921006e+05,7.471482e+09,2.924939e+13,6.624072e+05,5.380261e+10,4.971000e+13,5.684836e+05,7.856660e+10,5.162410e+13,9.957304e+05,2.057166e+11,6.845869e+14,1,88,N,N
1.481891e+05,2.739401e+09,4.446269e+12,3.025930e+05,1.910116e+10,4.080357e+13,4.780179e+05,4.925629e+10,4.602045e+13,6.010706e+05,7.756051e+10,2.116329e+14,0,66,N,N
1.444134e+05,1.974884e+09,4.894273e+12,2.890951e+05,1.610316e+10,4.449225e+13,6.011381e+05,8.058530e+10,1.480221e+14,4.404044e+05,3.659977e+10,6.880332e+13,0,64,N,N
1.149710e+05,1.666756e+09,3.906077e+12,6.562467e+05,4.718752e+10,6.667848e+13,7.058291e+05,1.115615e+11,2.267689e+14,5.547264e+05,5.791943e+10,1.203191e+14,1,93,N,N
1.013459e+05,1.313813e+09,2.519499e+12,8.175252e+05,7.312449e+10,8.126256e+13,6.942999e+05,1.196735e+11,1.254848e+14,8.704231e+05,1.236335e+11,5.421253e+14,3,95,N,N
1.093021e+05,1.360884e+09,3.188748e+12,3.595062e+05,2.153513e+10,3.820436e+13,7.088340e+05,1.196652e+11,1.633611e+14,5.648476e+05,5.520011e+10,1.122019e+14,1,25,N,N
5.129875e+04,4.759391e+08,1.229165e+12,4.928575e+05,2.371370e+10,3.691483e+13,5.646612e+05,6.854670e+10,7.109198e+13,7.159231e+05,1.161706e+11,3.040064e+14,3,53,N,N
2.099890e+05,3.171256e+09,1.011538e+13,2.390883e+05,1.098101e+10,1.895819e+13,5.940423e+05,8.192128e+10,1.114220e+14,5.142313e+05,4.618578e+10,5.567435e+13,0,77,N,N
1.641843e+05,3.066270e+09,7.278013e+12,4.886599e+05,2.737396e+10,3.465581e+13,6.272868e+05,8.566009e+10,6.426085e+13,7.513713e+05,1.167274e+11,2.773498e+14,0,61,N,N
1.730162e+05,2.211641e+09,6.004047e+12,3.342047e+05,2.053232e+10,2.311634e+13,8.150705e+05,1.549210e+11,1.769982e+14,6.011021e+05,6.647854e+10,1.279814e+14,2,68,N,N
1.630802e+05,2.657758e+09,5.834829e+12,8.436504e+05,7.902931e+10,1.110173e+14,6.616894e+05,1.074107e+11,1.956251e+14,6.913930e+05,9.251275e+10,1.689670e+14,2,47,N,N
9.492699e+04,1.147507e+09,2.521170e+12,3.211113e+05,1.629261e+10,2.525119e+13,7.031221e+05,1.129262e+11,1.187240e+14,6.264873e+05,7.431081e+10,1.589747e+14,0,41,N,N
1.879206e+05,2.302484e+09,6.156107e+12,4.473060e+05,2.687414e+10,4.258111e+13,6.036006e+05,8.182903e+10,7.431449e+13,8.414889e+05,1.577132e+11,4.207435e+14,1,71,N,N
2.902094e+05,3.942866e+09,1.209454e+13,7.610373e+05,6.320763e+10,7.799722e+13,6.223959e+05,9.530964e+10,6.933654e+13,9.654370e+05,1.833993e+11,5.785470e+14,2,88,N,N
1.079500e+05,1.729415e+09,4.366557e+12,8.273929e+05,8.050803e+10,7.964533e+13,7.067399e+05,1.201206e+11,1.851105e+14,6.156755e+05,6.140165e+10,1.004298e+14,0,72,N,N
1.337529e+05,2.123168e+09,4.315513e+12,3.130129e+05,1.950220e+10,4.192194e+13,6.916515e+05,1.059015e+11,1.956134e+14,5.488537e+05,5.860349e+10,9.744968e+13,1,87,N,N
1.611357e+05,2.128878e+09,3.771545e+12,3.203323e+05,1.772934e+10,4.452590e+13,6.476416e+05,8.467560e+10,1.699567e+14,5.561935e+05,6.258006e+10,1.748773e+14,2,97,N,N
1.616650e+05,3.013940e+09,6.091310e+12,3.185011e+05,2.405916e+10,7.170876e+13,6.243169e+05,9.596138e+10,1.761598e+14,4.366041e+05,3.386055e+10,4.274380e+13,2,87,N,N
1.894115e+05,3.004854e+09,9.399408e+12,4.488205e+05,3.054311e+10,4.734576e+13,5.595727e+05,6.767249e+10,8.245105e+13,7.579063e+05,1.311806e+11,2.614630e+14,0,92,N,N
1.013938e+05,1.515635e+09,3.708559e+12,7.559881e+05,6.218043e+10,7.040396e+13,7.389706e+05,1.273219e+11,2.060490e+14,5.806585e+05,5.579712e+10,7.330025e+13,2,72,N,N
1.856893e+05,3.303509e+09,8.829578e+12,6.828913e+05,6.297560e+10,7.739580e+13,7.508096e+05,1.400046e+11,2.552451e+14,5.406426e+05,3.718751e+10,4.785626e+13,0,99,N,N
4.166766e+04,4.209922e+08,1.176554e+12,4.003422e+05,1.941935e+10,3.256183e+13,5.874378e+05,6.599837e+10,7.019531e+13,7.423662e+05,1.322330e+11,2.505810e+14,1,37,N,N
8.861751e+04,9.270288e+08,2.181756e+12,7.394463e+05,4.355698e+10,3.814943e+13,5.959603e+05,8.797844e+10,6.742308e+13,8.848868e+05,1.756358e+11,3.542427e+14,0,1,N,N
2.004734e+05,3.022104e+09,8.595062e+12,2.671089e+05,1.575121e+10,2.214756e+13,8.090840e+05,1.569304e+11,1.505560e+14,5.095165e+05,3.930227e+10,6.343541e+13,1,68,N,N
4.480171e+05,8.026650e+09,2.454580e+13,8.040481e+05,8.203767e+10,1.201345e+14,5.757667e+05,8.127183e+10,1.113845e+14,7.608242e+05,1.056732e+11,3.613192e+14,0,80,N,N
1.713885e+05,3.687667e+09,8.344718e+12,4.259327e+05,2.521205e+10,3.173260e+13,5.887500e+05,7.330620e+10,5.986553e+13,7.783771e+05,1.323241e+11,3.659145e+14,3,61,N,N
8.843017e+04,1.006929e+09,2.651646e+12,7.164002e+05,5.755672e+10,1.019617e+14,6.447370e+05,9.301527e+10,1.388173e+14,6.753343e+05,9.507582e+10,2.947809e+14,2,93,N,N
1.551438e+05,2.411841e+09,5.588191e+12,7.913326e+05,6.845712e+10,9.374198e+13,6.479835e+05,1.023717e+11,2.142554e+14,5.277972e+05,4.920488e+10,9.057819e+13,0,35,N,N
9.066605e+04,1.002754e+09,2.637850e+12,6.299887e+05,2.922229e+10,4.000171e+13,6.521175e+05,9.628724e+10,1.094938e+14,6.328069e+05,7.775387e+10,1.102337e+14,0,8,N,N
2.327256e+05,3.641934e+09,9.887090e+12,6.346670e+05,4.306153e+10,6.641104e+13,7.030781e+05,1.233766e+11,2.114095e+14,6.895330e+05,9.495729e+10,2.184980e+14,2,67,N,N
6.507759e+04,7.739405e+08,1.921757e+12,6.227991e+05,3.286782e+10,3.417445e+13,6.658110e+05,1.025516e+11,1.279023e+14,7.441273e+05,1.222364e+11,2.510316e+14,2,102,N,N
1.553858e+05,1.752250e+09,4.929971e+12,7.085136e+05,4.615114e+10,5.800906e+13,5.834751e+05,7.941580e+10,8.239645e+13,8.423968e+05,1.523840e+11,4.734389e+14,1,52,N,N
2.112343e+05,3.390806e+09,1.108426e+13,6.875071e+05,6.244945e+10,7.418966e+13,5.522751e+05,7.189541e+10,6.634808e+13,7.943088e+05,1.165394e+11,3.216903e+14,3,62,N,N
9.270994e+04,1.102446e+09,2.747167e+12,7.535572e+05,4.978694e+10,5.488403e+13,6.066736e+05,8.639351e+10,1.084906e+14,7.864465e+05,1.361392e+11,2.499067e+14,0,45,N,N
2.405860e+05,8.418729e+09,2.760663e+13,4.134801e+05,3.135259e+10,5.076773e+13,5.648456e+05,7.543245e+10,7.709514e+13,8.387381e+05,1.470203e+11,6.398324e+14,1,90,N,N
2.290381e+05,6.180265e+09,1.882849e+13,5.884390e+05,4.251899e+10,5.095401e+13,5.998714e+05,8.600551e+10,9.496672e+13,9.330634e+05,1.797628e+11,6.734667e+14,3,103,N,N
2.370282e+05,5.128446e+09,1.683456e+13,6.409886e+05,4.735099e+10,6.197994e+13,6.084345e+05,9.020479e+10,1.059664e+14,9.487913e+05,1.866227e+11,6.069686e+14,0,103,N,N
1.547322e+05,2.851477e+09,6.069229e+12,4.665124e+05,2.380166e+10,3.048594e+13,6.275020e+05,8.498730e+10,6.565067e+13,7.745815e+05,1.257071e+11,3.337615e+14,2,61,N,N
8.917854e+04,1.038052e+09,2.279905e+12,8.609987e+05,7.011087e+10,7.243553e+13,6.116958e+05,9.069128e+10,9.842576e+13,7.635268e+05,1.097041e+11,3.275438e+14,0,84,N,N
1.284244e+05,1.968083e+09,3.739904e+12,7.452429e+05,6.460632e+10,5.537933e+13,7.339970e+05,1.333501e+11,1.440881e+14,8.024362e+05,1.051514e+11,4.401882e+14,2,95,N,N
1.706563e+05,2.330581e+09,5.547627e+12,2.885944e+05,1.823669e+10,4.326432e+13,6.150354e+05,9.089325e+10,1.289688e+14,4.482316e+05,3.370358e+10,6.672898e+13,0,4,N,N
4.072706e+04,4.206934e+08,1.256868e+12,4.549794e+05,1.451308e+10,2.585963e+13,5.228512e+05,5.683758e+10,6.284917e+13,7.047607e+05,1.224892e+11,1.378615e+14,2,54,N,N
1.011320e+05,1.375519e+09,2.242215e+12,2.868957e+05,2.050772e+10,2.650888e+13,8.055760e+05,1.531541e+11,1.435233e+14,7.500847e+05,9.374562e+10,2.586932e+14,1,86,N,N
1.066913e+05,1.362835e+09,3.670574e+12,6.304922e+05,3.289146e+10,5.788568e+13,6.745069e+05,9.034208e+10,1.065778e+14,7.144672e+05,1.145084e+11,2.810638e+14,1,44,N,N
1.018018e+05,1.426364e+09,4.405479e+12,4.094173e+05,1.985140e+10,3.239897e+13,6.083466e+05,7.104410e+10,7.904094e+13,7.879034e+05,1.402274e+11,3.979808e+14,0,59,N,N
1.897432e+05,2.622668e+09,7.397880e+12,7.032644e+05,4.783038e+10,4.098833e+13,6.398763e+05,1.004408e+11,8.081210e+13,8.860976e+05,1.499051e+11,3.887324e+14,2,100,N,N
1.273809e+05,1.991947e+09,4.082756e+12,4.069421e+05,3.189122e+10,4.285709e+13,7.881339e+05,1.463202e+11,2.173596e+14,6.410327e+05,6.938923e+10,1.694160e+14,1,46,N,N
9.946188e+04,1.185183e+09,3.515270e+12,5.742014e+05,2.928868e+10,5.105900e+13,6.627420e+05,9.509277e+10,1.689954e+14,5.165106e+05,5.286890e+10,8.164190e+13,1,42,N,N
4.254441e+04,4.324035e+08,1.217968e+12,5.335562e+05,2.343726e+10,3.307488e+13,5.793993e+05,6.817022e+10,7.121567e+13,7.356682e+05,1.294249e+11,1.905748e+14,2,37,N,N
1.215456e+05,2.333829e+09,4.830254e+12,3.082643e+05,2.039798e+10,5.435858e+13,6.023086e+05,8.108420e+10,1.399414e+14,6.446502e+05,8.133322e+10,1.761771e+14,1,36,N,N
2.632902e+05,3.365921e+09,1.019068e+13,5.810533e+05,4.954938e+10,7.130355e+13,5.570486e+05,7.453344e+10,4.815414e+13,9.154901e+05,1.765918e+11,5.816848e+14,1,63,N,N
3.318330e+05,8.276572e+09,2.912705e+13,7.181634e+05,7.129279e+10,1.250630e+14,5.890531e+05,8.058510e+10,1.149806e+14,7.186058e+05,9.330777e+10,3.290699e+14,1,65,N,N
9.098514e+04,9.687534e+08,2.487646e+12,6.843207e+05,3.717829e+10,4.570351e+13,5.639065e+05,7.287526e+10,9.055866e+13,6.879429e+05,1.052286e+11,3.063897e+14,3,58,N,N
3.236739e+05,7.622701e+09,2.612496e+13,6.963207e+05,6.856442e+10,1.135741e+14,5.885871e+05,7.925416e+10,1.131655e+14,7.215395e+05,9.767491e+10,3.616341e+14,0,65,N,N
8.285393e+04,8.113982e+08,2.084772e+12,5.738836e+05,2.227298e+10,2.512433e+13,5.537780e+05,6.873431e+10,8.024200e+13,6.721238e+05,1.007058e+11,2.554908e+14,1,53,N,N
1.080387e+05,1.311226e+09,3.400975e+12,7.353715e+05,4.052992e+10,4.724225e+13,6.268379e+05,9.528915e+10,9.208388e+13,7.740124e+05,1.279644e+11,2.534079e+14,0,7,N,N
2.425202e+05,4.609632e+09,1.432861e+13,4.524802e+05,2.677555e+10,4.606480e+13,6.161797e+05,8.637119e+10,6.394083e+13,9.199718e+05,1.803114e+11,5.284496e+14,1,60,N,N
5.860852e+04,6.716522e+08,2.050969e+12,6.890831e+05,3.684747e+10,3.963813e+13,6.016884e+05,8.288668e+10,7.413403e+13,7.748969e+05,1.329141e+11,2.073850e+14,0,3,N,N
1.227412e+05,1.640534e+09,4.387363e+12,4.595772e+05,2.654728e+10,5.487894e+13,6.160891e+05,8.737599e+10,1.709148e+14,5.262155e+05,5.447589e+10,6.903658e+13,1,33,N,N
2.764579e+05,4.931253e+09,1.419338e+13,7.246227e+05,6.699777e+10,7.628722e+13,6.450836e+05,1.025358e+11,1.738284e+14,6.877440e+05,8.437900e+10,2.502120e+14,3,80,N,N
6.239962e+04,5.756154e+08,1.441706e+12,7.023978e+05,3.404485e+10,2.696916e+13,5.438361e+05,6.909602e+10,5.114225e+13,8.249498e+05,1.466750e+11,3.819422e+14,3,83,N,N
8.541155e+04,1.002078e+09,2.920712e+12,6.758022e+05,3.982952e+10,4.939962e+13,5.998167e+05,7.856974e+10,1.187461e+14,6.388028e+05,9.567667e+10,2.724189e+14,2,78,N,N
1.594133e+05,1.964035e+09,5.270276e+12,4.361605e+05,2.371433e+10,2.444241e+13,7.668165e+05,1.354049e+11,1.677818e+14,7.817840e+05,1.367379e+11,2.682591e+14,0,68,N,N
9.738794e+04,1.262784e+09,4.142329e+12,6.762373e+05,4.072911e+10,6.103832e+13,6.171399e+05,7.990565e+10,1.128804e+14,7.207393e+05,1.233826e+11,2.624634e+14,0,19,N,N
1.541832e+05,1.966010e+09,3.433756e+12,5.627030e+05,3.714240e+10,4.503360e+13,5.443555e+05,7.033163e+10,4.707285e+13,9.124676e+05,1.704431e+11,4.352417e+14,1,89,N,N
1.552005e+05,2.491767e+09,5.301915e+12,4.702477e+05,3.789157e+10,8.665919e+13,6.837966e+05,1.100024e+11,2.204231e+14,4.723747e+05,3.583913e+10,7.204575e+13,1,35,N,N
9.891878e+04,1.097435e+09,2.145938e+12,4.334628e+05,2.377687e+10,4.683396e+13,4.564956e+05,4.431881e+10,6.801650e+13,6.916806e+05,1.175905e+11,2.686329e+14,2,94,N,N
1.562962e+05,2.590755e+09,5.252544e+12,3.106065e+05,1.977483e+10,4.382424e+13,6.921633e+05,1.098354e+11,1.903488e+14,5.123416e+05,4.981096e+10,7.270790e+13,0,87,N,N
9.161663e+04,1.143012e+09,2.450957e+12,3.747658e+05,2.032723e+10,3.379426e+13,7.442136e+05,1.196887e+11,1.467488e+14,6.123530e+05,6.987436e+10,1.596876e+14,0,22,N,N
1.687984e+05,2.064364e+09,4.581825e+12,7.061871e+05,5.631482e+10,4.759898e+13,6.535783e+05,1.046989e+11,8.250047e+13,8.775210e+05,1.509364e+11,4.730254e+14,0,88,N,N
1.676350e+05,3.379874e+09,4.968127e+12,3.172917e+05,2.493975e+10,6.170780e+13,7.647481e+05,1.436166e+11,2.323506e+14,5.787500e+05,5.453197e+10,1.508444e+14,1,73,N,N
1.374511e+05,1.440321e+09,3.533075e+12,4.824810e+05,2.001869e+10,3.650146e+13,6.150310e+05,7.968015e+10,1.309878e+14,5.041082e+05,5.146181e+10,8.865891e+13,0,38,N,N
1.454390e+05,2.006934e+09,6.244187e+12,6.431044e+05,3.350819e+10,4.977289e+13,5.294920e+05,6.106417e+10,6.747503e+13,7.236980e+05,1.241494e+11,1.688751e+14,3,51,N,N
2.149456e+05,2.956974e+09,9.257115e+12,4.909964e+05,3.101900e+10,5.036566e+13,6.027520e+05,8.248825e+10,9.084601e+13,8.498144e+05,1.673962e+11,4.801724e+14,0,48,N,N
1.928739e+05,3.954679e+09,1.207731e+13,7.831356e+05,9.006026e+10,1.119151e+14,7.180316e+05,1.277267e+11,2.119587e+14,5.660563e+05,4.447119e+10,9.230215e+13,3,98,N,N
4.079488e+04,4.072873e+08,1.163863e+12,3.735079e+05,1.116330e+10,2.092795e+13,5.080572e+05,5.169340e+10,5.656133e+13,7.547851e+05,1.416230e+11,1.957448e+14,1,54,N,N
1.720817e+05,2.446008e+09,6.929663e+12,7.272152e+05,5.290131e+10,4.651957e+13,6.448467e+05,1.027935e+11,8.353647e+13,8.589387e+05,1.370415e+11,3.707203e+14,1,100,N,N
1.041581e+05,1.271550e+09,3.273574e+12,8.004834e+05,5.906013e+10,4.438170e+13,6.410390e+05,1.000588e+11,1.310999e+14,7.282044e+05,9.626601e+10,2.058394e+14,1,0,N,N
9.155538e+04,1.101210e+09,2.538157e+12,6.233014e+05,4.425900e+10,4.596419e+13,6.258992e+05,8.896191e+10,6.697777e+13,9.114878e+05,1.823369e+11,7.147623e+14,1,12,N,N
1.062923e+05,1.508430e+09,3.963088e+12,7.470980e+05,6.356821e+10,7.985430e+13,6.900670e+05,1.112748e+11,1.487202e+14,6.549643e+05,7.536637e+10,1.237769e+14,3,72,N,N
1.827781e+05,2.705390e+09,7.826092e+12,6.657910e+05,5.100180e+10,5.763745e+13,6.735072e+05,1.110318e+11,1.813882e+14,5.611452e+05,5.483627e+10,1.216744e+14,2,85,N,N
1.976707e+05,3.929617e+09,1.239352e+13,7.851898e+05,8.681321e+10,9.625631e+13,6.852233e+05,1.169946e+11,1.747429e+14,7.063868e+05,9.823300e+10,1.956889e+14,0,98,N,N
3.076219e+05,5.944223e+09,2.103942e+13,6.577355e+05,6.089095e+10,9.605419e+13,6.106081e+05,8.498733e+10,8.524961e+13,8.489975e+05,1.405423e+11,5.652043e+14,0,11,N,N
1.303938e+05,1.592156e+09,2.659171e+12,3.981614e+05,1.899613e+10,2.765582e+13,5.774060e+05,6.383510e+10,6.122502e+13,7.725510e+05,1.386192e+11,3.759796e+14,2,50,N,N
1.409312e+05,1.592650e+09,3.651048e+12,6.912619e+05,4.053996e+10,3.948143e+13,6.830923e+05,1.142389e+11,1.428548e+14,7.499822e+05,1.117089e+11,1.900415e+14,1,104,N,N
1.919554e+05,2.468495e+09,7.620599e+12,5.115764e+05,3.152757e+10,4.817858e+13,6.483052e+05,9.404986e+10,1.113312e+14,8.297094e+05,1.589660e+11,4.827195e+14,2,48,N,N
3.921140e+05,1.188547e+10,3.415798e+13,5.947333e+05,4.936783e+10,6.401597e+13,6.493174e+05,1.000334e+11,7.153277e+13,9.646383e+05,1.767218e+11,5.614029e+14,0,49,N,N
1.385022e+05,2.541048e+09,3.673778e+12,2.817611e+05,1.266357e+10,2.064835e+13,5.437945e+05,6.371467e+10,6.174035e+13,6.630567e+05,9.384901e+10,3.074526e+14,1,50,N,N
1.683786e+05,2.887114e+09,5.113193e+12,3.398825e+05,2.646216e+10,6.636242e+13,6.615201e+05,1.057140e+11,1.730517e+14,5.345661e+05,4.825247e+10,8.798585e+13,3,47,N,N
2.219712e+05,3.777583e+09,1.294369e+13,6.050487e+05,4.370145e+10,5.275334e+13,5.806475e+05,7.860084e+10,7.624747e+13,7.834501e+05,1.262545e+11,3.707913e+14,2,52,N,N
2.154283e+05,7.361096e+09,2.027895e+13,4.208733e+05,3.404595e+10,5.265548e+13,5.409693e+05,7.017259e+10,7.107226e+13,8.287485e+05,1.418930e+11,5.869720e+14,2,90,N,N
8.178318e+04,7.987757e+08,1.956294e+12,6.676237e+05,4.049087e+10,5.993365e+13,5.283795e+05,6.253158e+10,7.664980e+13,7.395720e+05,1.258249e+11,3.846160e+14,2,58,N,N
1.428435e+05,2.040107e+09,3.859966e+12,2.885937e+05,1.837335e+10,3.948178e+13,6.016902e+05,8.256687e+10,7.914828e+13,6.168475e+05,7.174169e+10,1.622807e+14,3,69,N,N
9.056174e+04,8.506428e+08,1.801895e+12,6.992950e+05,4.179665e+10,4.488082e+13,5.853839e+05,8.088182e+10,6.952649e+13,9.009472e+05,1.727525e+11,5.219659e+14,2,63,N,N
2.009854e+05,4.317329e+09,1.339351e+13,7.667194e+05,8.344179e+10,9.964694e+13,7.265521e+05,1.313034e+11,2.179892e+14,6.317761e+05,6.188326e+10,1.384330e+14,2,98,N,N
5.151187e+04,5.759184e+08,1.715246e+12,5.895158e+05,1.938962e+10,2.181909e+13,6.094236e+05,8.678923e+10,8.707797e+13,8.349351e+05,1.618679e+11,2.186976e+14,1,40,N,N
1.784895e+05,2.813509e+09,8.051301e+12,6.893086e+05,5.588250e+10,7.227881e+13,6.379778e+05,9.974152e+10,1.980123e+14,5.433292e+05,5.135213e+10,1.058085e+14,3,85,N,N
1.171152e+05,1.450868e+09,4.430262e+12,6.675699e+05,3.628787e+10,4.680999e+13,5.928466e+05,7.550863e+10,1.050116e+14,6.842158e+05,1.087076e+11,3.473318e+14,3,78,N,N
3.742147e+05,1.301460e+10,4.105372e+13,5.633593e+05,4.502494e+10,5.506467e+13,6.291188e+05,9.502712e+10,7.197244e+13,9.706695e+05,1.819903e+11,5.141163e+14,1,49,N,N
9.922946e+04,1.425047e+09,3.700158e+12,7.348646e+05,5.878340e+10,6.480856e+13,6.840072e+05,1.135449e+11,1.461490e+14,6.189930e+05,6.249186e+10,9.314395e+13,1,72,N,N
7.839395e+04,9.538552e+08,2.990568e+12,6.724323e+05,4.150424e+10,7.733957e+13,6.584300e+05,9.088033e+10,1.567137e+14,6.634654e+05,9.621911e+10,1.625432e+14,0,24,N,N
2.625558e+05,5.092808e+09,1.759516e+13,5.485446e+05,4.171777e+10,6.524519e+13,5.818963e+05,7.669834e+10,7.375226e+13,8.555042e+05,1.615007e+11,4.392667e+14,1,45,N,N
6.612572e+04,6.960641e+08,1.985393e+12,7.129695e+05,3.901014e+10,5.547556e+13,5.205895e+05,6.238007e+10,7.697023e+13,6.999196e+05,1.150687e+11,1.428222e+14,0,51,N,N
1.944621e+05,2.566300e+09,7.337652e+12,6.455609e+05,4.442776e+10,4.676872e+13,6.321013e+05,9.684947e+10,7.210922e+13,9.584406e+05,1.868250e+11,5.391447e+14,0,100,N,N
1.013445e+05,1.163800e+09,2.785032e+12,2.840313e+05,1.541075e+10,2.554413e+13,7.280492e+05,1.231962e+11,1.649062e+14,5.390978e+05,4.846072e+10,1.016977e+14,1,96,N,N
7.432777e+04,7.120799e+08,1.651206e+12,7.584836e+05,4.888696e+10,6.285048e+13,5.596454e+05,7.624839e+10,9.439613e+13,8.066193e+05,1.379066e+11,4.229513e+14,3,82,N,N
1.300881e+05,1.662735e+09,2.583314e+12,3.842901e+05,1.720938e+10,2.286343e+13,5.654663e+05,6.073150e+10,6.072804e+13,7.601963e+05,1.323886e+11,3.806232e+14,3,50,N,N
1.659395e+05,3.619429e+09,6.101498e+12,3.675783e+05,2.580725e+10,3.287543e+13,5.290018e+05,6.720554e+10,4.471725e+13,8.017034e+05,1.277314e+11,3.344129e+14,3,89,N,N
1.972974e+05,2.618043e+09,6.387886e+12,6.573251e+05,4.481005e+10,4.476132e+13,6.357134e+05,9.754321e+10,1.306130e+14,7.415557e+05,1.149323e+11,3.271403e+14,2,82,N,N
2.136619e+05,5.250269e+09,1.850048e+13,5.571854e+05,3.890255e+10,6.249398e+13,5.293803e+05,6.380610e+10,9.508477e+13,7.920779e+05,1.426687e+11,3.369161e+14,0,55,N,N
3.097411e+05,1.128092e+10,3.440488e+13,5.302650e+05,5.071988e+10,7.231537e+13,5.865717e+05,8.256739e+10,6.788530e+13,9.491789e+05,1.831328e+11,6.095482e+14,0,20,N,N
1.136100e+05,1.932687e+09,3.861332e+12,3.158506e+05,1.716890e+10,3.482998e+13,7.456436e+05,1.134146e+11,2.393275e+14,6.419165e+05,8.484647e+10,2.204759e+14,0,36,N,N
1.395028e+05,1.902113e+09,4.181231e+12,8.415082e+05,7.078798e+10,1.121815e+14,6.138423e+05,8.992636e+10,1.538418e+14,7.234723e+05,1.024827e+11,2.773346e+14,0,56,N,N
1.483961e+05,2.161697e+09,4.527519e+12,4.573205e+05,2.763274e+10,5.792270e+13,4.783265e+05,5.060240e+10,8.763408e+13,6.984660e+05,1.200142e+11,2.676824e+14,1,94,N,N
5.722055e+04,6.909392e+08,2.234511e+12,6.519639e+05,2.630671e+10,3.421805e+13,5.644467e+05,7.074300e+10,1.114501e+14,5.833900e+05,7.114192e+10,1.028222e+14,2,91,N,N
1.765689e+05,2.364686e+09,5.011835e+12,7.174939e+05,4.432022e+10,6.950238e+13,6.643822e+05,1.042574e+11,1.219511e+14,9.315906e+05,1.955971e+11,4.849447e+14,1,70,N,N
1.065870e+05,1.421675e+09,3.931421e+12,6.840852e+05,3.925299e+10,6.479817e+13,6.572209e+05,9.148736e+10,1.229831e+14,6.815368e+05,1.018713e+11,2.171930e+14,0,44,N,N
1.652282e+05,3.442452e+09,5.691338e+12,3.072085e+05,1.646429e+10,3.396951e+13,4.231843e+05,4.099188e+10,6.167680e+13,6.783863e+05,1.132260e+11,3.162379e+14,3,94,N,N
1.167759e+05,1.475966e+09,3.307943e+12,8.552995e+05,6.436042e+10,8.092481e+13,6.267823e+05,9.345606e+10,8.770766e+13,9.235352e+05,1.905811e+11,3.775033e+14,1,79,N,N
1.755215e+05,3.207878e+09,7.329850e+12,6.535590e+05,5.383194e+10,6.468740e+13,6.750569e+05,1.089010e+11,1.979511e+14,6.241482e+05,6.858099e+10,1.602178e+14,3,56,N,N
1.853979e+05,3.010401e+09,6.616031e+12,6.751558e+05,4.945844e+10,7.296329e+13,6.472822e+05,1.019533e+11,1.482237e+14,8.420026e+05,1.553768e+11,3.026508e+14,3,70,N,N
1.516162e+05,1.811078e+09,3.985002e+12,7.172391e+05,5.691674e+10,4.974672e+13,6.648983e+05,1.076853e+11,1.008874e+14,8.664555e+05,1.416815e+11,4.402263e+14,3,88,N,N
1.935175e+05,2.140318e+09,5.806683e+12,4.881877e+05,2.961047e+10,4.402629e+13,6.020698e+05,7.839969e+10,7.509888e+13,8.272353e+05,1.482621e+11,4.147231e+14,3,71,N,N
1.366377e+05,1.698077e+09,3.141381e+12,5.869126e+05,3.902722e+10,3.119518e+13,6.935307e+05,1.145110e+11,9.659935e+13,8.219199e+05,1.338684e+11,3.761269e+14,0,74,N,N
1.043863e+05,1.162737e+09,2.087242e+12,4.244448e+05,1.646773e+10,3.328394e+13,5.499711e+05,6.160475e+10,7.906059e+13,7.357343e+05,1.286191e+11,3.660762e+14,0,17,N,N
1.480935e+05,2.071309e+09,6.968785e+12,6.389345e+05,3.786506e+10,5.359710e+13,5.201178e+05,5.954303e+10,6.859038e+13,7.248566e+05,1.256202e+11,1.696509e+14,1,51,N,N
1.406339e+05,1.873406e+09,4.267038e+12,2.813409e+05,1.553573e+10,4.484785e+13,6.060178e+05,8.098410e+10,1.383204e+14,4.513079e+05,3.798962e+10,7.562585e+13,1,64,N,N
2.000385e+05,2.735690e+09,8.441044e+12,2.511735e+05,1.137934e+10,2.030347e+13,5.918474e+05,8.088306e+10,1.037096e+14,5.261020e+05,5.102611e+10,6.718833e+13,2,77,N,N
1.617458e+05,2.297117e+09,7.257111e+12,6.631102e+05,4.609188e+10,5.964398e+13,6.495930e+05,1.011687e+11,2.007476e+14,5.063236e+05,4.951222e+10,9.732894e+13,1,85,N,N
9.716992e+04,9.568682e+08,2.438184e+12,6.749180e+05,3.028375e+10,4.716822e+13,5.902994e+05,7.730836e+10,1.365783e+14,5.395308e+05,6.054580e+10,1.040734e+14,1,38,N,N
5.870532e+04,6.844224e+08,2.107232e+12,5.453612e+05,1.993516e+10,3.145851e+13,5.939156e+05,7.579027e+10,1.258290e+14,5.651069e+05,6.592768e+10,9.887612e+13,1,91,N,N
7.804877e+04,8.070595e+08,1.811457e+12,7.444148e+05,5.146650e+10,4.346994e+13,6.431740e+05,1.013096e+11,8.392355e+13,8.611074e+05,1.354980e+11,3.627306e+14,3,100,N,N
1.184080e+05,1.621934e+09,4.223314e+12,8.005951e+05,6.298859e+10,7.962241e+13,6.320197e+05,9.549721e+10,1.865173e+14,5.397147e+05,5.528798e+10,8.334034e+13,0,10,N,N
2.033287e+05,4.044160e+09,1.139122e+13,6.595401e+05,6.177204e+10,7.674165e+13,7.627800e+05,1.434550e+11,2.590565e+14,5.580043e+05,4.291987e+10,7.131233e+13,1,99,N,N
5.317090e+04,4.733321e+08,1.162906e+12,7.088981e+05,3.236539e+10,2.741945e+13,5.124873e+05,6.270119e+10,4.136987e+13,8.565598e+05,1.545162e+11,4.048161e+14,1,83,N,N
1.509186e+05,1.856608e+09,5.110566e+12,7.213167e+05,4.510421e+10,5.165409e+13,6.544615e+05,1.044173e+11,1.060273e+14,9.172339e+05,1.840727e+11,4.771055e+14,0,28,N,N
1.355102e+05,2.858792e+09,7.806988e+12,3.263717e+05,1.858278e+10,4.030582e+13,5.419823e+05,6.624581e+10,7.977750e+13,6.993352e+05,1.109736e+11,4.322068e+14,3,59,N,N
2.740087e+05,6.364838e+09,1.814793e+13,5.640485e+05,4.790436e+10,7.171145e+13,5.931319e+05,8.410712e+10,8.067687e+13,9.962941e+05,2.151471e+11,5.064929e+14,0,101,N,N
1.189084e+05,1.370538e+09,3.521921e+12,2.812046e+05,1.328458e+10,2.759432e+13,4.124230e+05,4.207375e+10,9.046915e+13,3.843982e+05,2.798608e+10,3.203528e+13,0,2,N,N
2.074257e+05,3.334197e+09,9.254028e+12,7.897689e+05,7.169830e+10,9.959193e+13,7.067026e+05,1.227988e+11,1.954573e+14,6.148364e+05,5.853119e+10,8.094864e+13,2,99,N,N
1.696472e+05,2.677336e+09,9.277188e+12,7.380685e+05,5.122511e+10,6.421618e+13,5.336754e+05,6.949397e+10,6.494027e+13,8.370609e+05,1.541671e+11,4.094351e+14,0,14,N,N
8.352145e+04,9.233580e+08,1.939371e+12,8.451495e+05,7.008407e+10,8.046235e+13,6.064418e+05,8.803212e+10,8.742390e+13,7.904484e+05,1.119068e+11,3.593902e+14,1,84,N,N
6.827772e+04,8.137446e+08,2.229591e+12,6.936051e+05,3.915102e+10,4.216588e+13,6.101210e+05,8.755099e+10,1.361347e+14,6.539289e+05,8.920446e+10,1.303838e+14,3,92,N,N
4.350951e+05,1.157487e+10,2.842062e+13,7.150539e+05,7.024342e+10,9.000516e+13,6.574553e+05,1.022710e+11,9.044045e+13,8.443923e+05,1.366895e+11,3.348935e+14,3,49,N,N
4.345967e+04,4.363363e+08,1.093203e+12,5.917110e+05,2.278495e+10,2.692140e+13,5.961733e+05,7.970595e+10,6.857184e+13,9.062281e+05,1.979213e+11,2.950006e+14,0,40,N,N
1.764392e+05,2.378407e+09,7.524521e+12,4.578551e+05,2.038503e+10,2.785359e+13,6.170356e+05,8.252484e+10,5.484211e+13,8.665958e+05,1.625817e+11,5.206723e+14,2,57,N,N
3.521128e+05,5.644575e+09,1.349947e+13,7.675931e+05,7.605376e+10,8.705176e+13,6.691406e+05,1.114089e+11,1.181718e+14,9.026036e+05,1.388527e+11,6.155008e+14,0,95,N,N
1.834449e+05,2.142619e+09,5.774629e+12,5.974654e+05,2.916606e+10,3.640688e+13,6.654227e+05,9.911806e+10,8.225595e+13,1.000007e+06,2.174882e+11,6.833687e+14,2,60,N,N
1.564142e+05,3.109084e+09,4.414271e+12,3.033307e+05,2.327909e+10,6.140719e+13,7.038442e+05,1.205531e+11,2.039425e+14,5.690337e+05,5.208444e+10,1.500718e+14,2,73,N,N
2.742547e+05,4.907085e+09,1.341154e+13,5.254253e+05,4.032986e+10,7.373012e+13,6.959438e+05,1.203013e+11,2.214094e+14,6.523143e+05,8.012644e+10,1.791969e+14,3,67,N,N
1.674568e+05,2.141166e+09,4.349885e+12,7.546547e+05,4.708830e+10,7.218946e+13,6.325086e+05,9.428862e+10,1.084089e+14,8.618734e+05,1.622432e+11,3.607790e+14,2,70,N,N
1.712917e+05,2.047655e+09,5.974793e+12,6.703712e+05,4.132789e+10,4.780871e+13,5.994430e+05,8.267028e+10,8.920571e+13,8.294591e+05,1.403455e+11,4.373762e+14,3,52,N,N
9.181449e+04,8.840070e+08,1.940892e+12,7.755426e+05,4.737219e+10,5.200970e+13,5.560287e+05,7.633560e+10,6.172284e+13,9.389652e+05,1.848493e+11,5.191036e+14,1,43,N,N
1.077878e+05,1.557445e+09,3.013112e+12,8.238982e+05,7.682664e+10,8.136502e+13,7.058743e+05,1.236841e+11,1.466941e+14,8.292409e+05,1.084769e+11,4.758627e+14,1,95,N,N
7.536297e+04,6.934182e+08,1.656640e+12,7.741568e+05,5.959666e+10,6.136549e+13,5.318625e+05,6.937466e+10,5.888027e+13,8.479304e+05,1.329034e+11,3.756355e+14,0,62,N,N
4.939806e+04,5.674765e+08,1.482179e+12,5.295120e+05,2.771047e+10,4.117782e+13,6.157382e+05,6.969322e+10,1.064553e+14,6.630198e+05,1.060942e+11,2.022081e+14,0,9,N,N
1.374621e+05,2.274293e+09,4.596463e+12,3.125492e+05,2.080147e+10,5.091775e+13,6.751654e+05,1.056083e+11,1.949903e+14,4.757268e+05,4.126633e+10,6.050632e+13,3,87,N,N
8.993274e+04,1.145759e+09,2.133421e+12,6.281552e+05,5.151088e+10,3.118750e+13,8.184095e+05,1.611670e+11,1.376254e+14,9.463052e+05,1.764409e+11,5.251044e+14,3,86,N,N
1.382890e+05,1.706448e+09,4.262507e+12,3.521673e+05,1.759329e+10,3.251886e+13,6.326961e+05,9.166908e+10,1.666962e+14,5.779637e+05,6.759119e+10,8.183185e+13,1,81,N,N
4.739469e+04,5.284625e+08,1.582466e+12,6.595408e+05,3.977491e+10,5.024205e+13,5.471046e+05,6.398274e+10,7.321220e+13,6.494112e+05,9.662246e+10,2.167559e+14,2,66,N,N
1.259996e+05,1.694181e+09,4.778543e+12,6.173416e+05,3.533446e+10,5.992879e+13,6.270386e+05,8.929823e+10,1.707880e+14,5.738276e+05,6.848198e+10,1.064346e+14,0,33,N,N
7.529134e+04,6.949039e+08,1.708295e+12,5.177505e+05,1.899803e+10,2.454277e+13,5.569863e+05,6.645793e+10,7.211427e+13,7.046236e+05,1.155860e+11,2.507651e+14,0,53,N,N
5.209237e+04,6.364672e+08,2.090425e+12,5.404164e+05,2.602117e+10,4.296491e+13,6.811515e+05,9.035047e+10,1.219892e+14,8.817175e+05,1.849016e+11,5.854828e+14,2,59,N,N
1.797807e+05,3.714363e+09,1.061797e+13,2.808966e+05,1.937121e+10,5.103984e+13,6.397517e+05,1.009669e+11,1.452084e+14,4.649484e+05,3.303236e+10,8.236414e+13,0,16,N,N
1.165265e+05,1.476822e+09,2.985928e+12,7.644992e+05,5.434088e+10,3.924507e+13,6.456072e+05,1.027557e+11,9.016697e+13,8.921413e+05,1.599406e+11,4.233704e+14,2,74,N,N
6.673309e+04,8.018456e+08,1.982023e+12,6.181637e+05,3.063001e+10,3.190141e+13,6.647122e+05,1.022167e+11,1.332950e+14,7.203900e+05,1.103808e+11,2.441092e+14,3,102,N,N
9.975967e+04,1.010273e+09,2.197624e+12,6.739855e+05,4.692748e+10,5.356061e+13,6.345960e+05,8.883207e+10,7.115664e+13,8.120091e+05,1.339959e+11,4.532062e+14,1,69,N,N
8.847184e+04,1.125801e+09,1.825593e+12,3.528411e+05,2.815203e+10,3.106501e+13,8.343937e+05,1.657561e+11,1.446558e+14,7.450693e+05,9.461101e+10,2.508157e+14,0,86,N,N
2.035968e+05,4.130353e+09,9.149635e+12,4.481531e+05,2.919632e+10,5.038391e+13,6.245418e+05,8.940461e+10,5.671345e+13,9.211530e+05,1.887254e+11,4.283807e+14,0,104,N,N
1.342452e+05,1.869480e+09,4.744659e+12,5.412972e+05,4.371695e+10,4.811029e+13,6.691755e+05,1.008509e+11,1.057491e+14,7.985537e+05,1.341992e+11,4.453180e+14,0,12,N,N
4.545340e+04,4.814230e+08,1.439471e+12,4.151877e+05,1.212427e+10,2.190501e+13,5.247624e+05,5.803563e+10,7.162902e+13,7.225236e+05,1.282353e+11,1.509408e+14,0,54,N,N
1.074746e+05,1.245555e+09,2.518748e+12,7.607981e+05,5.351709e+10,3.473962e+13,6.434939e+05,1.019340e+11,9.365223e+13,8.909898e+05,1.562695e+11,4.560999e+14,1,74,N,N
6.575319e+04,6.040763e+08,1.474716e+12,6.715735e+05,3.083454e+10,2.328810e+13,5.695060e+05,7.704632e+10,6.360625e+13,8.050026e+05,1.375517e+11,3.141577e+14,2,83,N,N
7.773737e+04,9.186221e+08,2.056465e+12,3.857074e+05,1.967973e+10,3.429128e+13,6.781809e+05,1.030900e+11,1.468179e+14,5.959557e+05,6.927730e+10,1.231117e+14,1,92,N,N
3.596995e+05,5.591388e+09,1.434188e+13,7.129256e+05,5.685394e+10,7.602038e+13,6.320192e+05,9.740831e+10,9.172560e+13,9.180812e+05,1.769790e+11,4.125096e+14,3,101,N,N
1.852231e+05,3.560349e+09,8.044164e+12,6.422518e+05,5.261613e+10,7.011047e+13,6.996241e+05,1.148145e+11,2.218555e+14,6.157093e+05,6.905630e+10,1.759457e+14,1,56,N,N
1.266369e+05,1.794636e+09,4.139114e+12,2.956027e+05,2.050071e+10,5.091032e+13,6.579865e+05,1.075009e+11,1.285933e+14,4.403941e+05,2.810327e+10,6.075231e+13,0,25,N,N
5.679962e+04,5.449435e+08,1.390199e+12,6.257114e+05,3.494550e+10,4.722887e+13,6.169397e+05,8.774480e+10,1.012220e+14,7.919545e+05,1.379828e+11,3.222610e+14,2,71,N,N
1.394190e+05,1.911596e+09,5.598540e+12,4.842519e+05,2.900647e+10,5.901289e+13,5.147309e+05,5.131990e+10,6.112718e+13,5.916094e+05,7.931189e+10,1.729756e+14,1,75,N,N
2.715608e+05,6.981193e+09,2.007789e+13,5.675690e+05,5.082015e+10,7.186026e+13,6.162139e+05,9.090344e+10,8.571278e+13,9.910207e+05,2.077227e+11,5.109331e+14,1,101,N,N
1.620339e+05,2.390128e+09,5.293341e+12,8.415222e+05,7.117389e+10,7.754599e+13,6.447998e+05,1.040379e+11,1.253033e+14,7.233543e+05,9.858793e+10,1.993345e+14,0,23,N,N
3.733278e+04,3.360423e+08,7.313657e+11,3.976532e+05,1.925756e+10,3.172440e+13,5.491659e+05,6.498954e+10,6.696338e+13,7.134047e+05,1.182105e+11,2.641225e+14,0,37,N,N
1.733652e+05,2.924669e+09,8.182048e+12,6.398157e+05,5.269214e+10,7.530914e+13,6.551044e+05,1.045767e+11,2.485239e+14,4.827698e+05,3.563754e+10,5.914991e+13,0,85,N,N
9.679566e+04,1.044253e+09,2.422570e+12,2.936253e+05,1.511273e+10,2.403673e+13,7.626019e+05,1.320368e+11,1.734683e+14,5.354761e+05,4.836896e+10,9.685953e+13,0,96,N,N
9.082825e+04,1.139254e+09,3.432970e+12,6.882146e+05,4.310387e+10,5.784842e+13,6.083196e+05,8.109878e+10,1.202314e+14,6.387548e+05,9.336412e+10,2.837886e+14,0,78,N,N
1.573372e+05,2.330850e+09,5.008297e+12,7.983174e+05,7.078754e+10,9.565552e+13,6.216899e+05,9.396807e+10,1.699261e+14,6.741251e+05,8.362498e+10,2.094110e+14,2,56,N,N
1.274033e+05,1.738272e+09,3.306808e+12,2.763651e+05,1.636013e+10,3.359539e+13,6.503153e+05,9.853919e+10,8.530618e+13,6.550496e+05,7.802817e+10,2.435478e+14,0,69,N,N
1.996871e+05,3.659807e+09,1.400939e+13,4.804335e+05,2.980308e+10,4.125890e+13,6.335214e+05,8.758615e+10,6.270919e+13,8.879991e+05,1.822996e+11,5.509152e+14,3,57,N,N
1.745385e+05,2.306498e+09,5.953336e+12,4.204312e+05,1.842295e+10,2.898471e+13,5.974148e+05,7.676244e+10,5.281276e+13,8.481354e+05,1.559468e+11,4.865304e+14,1,57,N,N
1.686300e+05,3.428101e+09,5.031314e+12,3.947434e+05,2.870482e+10,3.870261e+13,5.239361e+05,6.623064e+10,3.733953e+13,8.440748e+05,1.427588e+11,3.769978e+14,2,89,N,N
1.751335e+05,3.821782e+09,6.389630e+12,3.190704e+05,1.818265e+10,3.488333e+13,4.224255e+05,4.072310e+10,6.144258e+13,6.796073e+05,1.145030e+11,3.032076e+14,0,94,N,N
2.160470e+05,3.599231e+09,7.487882e+12,3.390061e+05,1.813291e+10,2.760023e+13,7.358301e+05,1.287596e+11,1.181697e+14,7.873590e+05,1.278285e+11,2.320508e+14,0,79,N,N
2.308178e+05,4.641881e+09,1.637169e+13,4.581382e+05,2.980410e+10,4.246925e+13,7.346713e+05,1.098681e+11,1.451224e+14,7.611079e+05,1.169320e+11,3.685910e+14,0,21,N,N
1.836208e+05,2.841439e+09,7.116508e+12,4.082583e+05,2.423288e+10,3.132531e+13,6.737142e+05,1.050464e+11,1.349527e+14,6.539786e+05,8.387897e+10,2.151647e+14,0,82,N,N
4.694642e+04,4.082463e+08,9.857463e+11,6.940758e+05,3.125537e+10,2.986442e+13,5.348697e+05,6.791198e+10,4.583908e+13,8.583156e+05,1.564341e+11,4.252331e+14,0,83,N,N
1.887841e+05,2.610768e+09,8.220897e+12,4.474508e+05,2.599087e+10,4.222166e+13,6.072645e+05,8.276755e+10,8.952749e+13,8.420053e+05,1.615115e+11,5.027244e+14,1,48,N,N
1.546257e+05,1.873017e+09,2.983989e+12,2.768619e+05,1.573756e+10,3.077766e+13,6.879416e+05,1.059236e+11,1.245651e+14,6.526659e+05,8.025417e+10,1.932168e+14,3,84,N,N
2.460064e+05,4.095014e+09,1.311522e+13,5.300700e+05,3.395590e+10,5.624169e+13,6.142142e+05,8.655193e+10,6.593969e+13,9.402251e+05,1.915384e+11,5.058022e+14,0,60,N,N
2.382539e+05,5.157204e+09,1.620573e+13,4.263100e+05,2.538932e+10,3.972050e+13,6.209213e+05,8.807863e+10,6.068112e+13,8.983074e+05,1.743940e+11,4.688264e+14,3,60,N,N
3.491137e+05,6.144033e+09,1.362067e+13,7.495989e+05,7.060609e+10,8.523280e+13,6.624932e+05,1.082489e+11,1.324074e+14,8.782020e+05,1.466875e+11,6.993510e+14,0,13,N,N
1.072334e+05,1.711799e+09,3.256471e+12,8.528288e+05,7.747882e+10,9.145764e+13,6.478413e+05,9.902611e+10,1.701410e+14,7.092549e+05,1.022584e+11,2.751799e+14,0,30,N,N
8.076130e+04,9.336169e+08,2.457015e+12,3.711191e+05,1.555545e+10,2.697952e+13,6.468262e+05,9.144080e+10,1.538847e+14,6.152849e+05,7.963262e+10,1.178582e+14,3,81,N,N
2.763107e+05,5.521925e+09,2.006862e+13,5.984908e+05,5.171051e+10,7.538273e+13,5.693016e+05,7.500922e+10,5.000162e+13,8.831381e+05,1.742307e+11,6.484499e+14,3,63,N,N
1.398359e+05,1.947197e+09,5.543967e+12,6.008203e+05,3.887403e+10,6.232471e+13,6.544459e+05,9.452967e+10,1.889224e+14,4.452790e+05,3.809766e+10,6.693855e+13,2,64,N,N
1.107932e+05,1.257282e+09,2.902721e+12,7.166086e+05,4.755934e+10,5.342185e+13,6.423762e+05,9.344873e+10,8.240750e+13,8.216372e+05,1.388476e+11,4.738129e+14,2,69,N,N
8.583111e+04,9.243231e+08,2.087600e+12,5.855670e+05,4.849591e+10,5.424760e+13,6.190610e+05,8.936107e+10,6.499860e+13,9.036831e+05,1.717588e+11,6.876447e+14,2,12,N,N
7.943852e+04,8.602520e+08,2.158903e+12,7.901721e+05,5.776220e+10,9.536801e+13,5.480750e+05,7.136713e+10,1.263874e+14,6.110078e+05,7.674039e+10,1.279240e+14,1,10,N,N
2.228184e+05,3.316850e+09,1.118273e+13,6.726759e+05,4.494084e+10,5.462344e+13,5.586482e+05,7.597207e+10,5.192944e+13,9.313829e+05,1.770572e+11,5.416717e+14,0,43,N,N
2.394442e+05,3.922934e+09,9.998271e+12,3.928393e+05,2.644631e+10,5.360784e+13,7.124173e+05,1.254487e+11,2.163890e+14,5.833640e+05,6.432437e+10,1.334178e+14,0,67,N,N
6.226293e+04,5.785825e+08,1.461712e+12,5.051098e+05,2.274532e+10,3.162366e+13,5.682897e+05,6.984362e+10,7.730707e+13,7.072240e+05,1.123526e+11,2.897089e+14,2,53,N,N
3.753733e+05,9.306146e+09,3.189353e+13,7.173616e+05,6.820041e+10,1.142964e+14,6.161081e+05,8.825165e+10,1.216279e+14,7.028953e+05,8.814360e+10,3.136109e+14,3,65,N,N
1.286422e+05,1.960410e+09,5.133134e+12,4.182891e+05,2.193996e+10,2.731077e+13,6.679052e+05,9.768601e+10,1.032084e+14,9.950604e+05,2.335797e+11,6.040893e+14,3,76,N,N
6.732848e+04,7.869928e+08,1.833825e+12,4.125114e+05,2.218372e+10,3.122689e+13,7.062898e+05,1.125030e+11,1.391214e+14,6.478543e+05,8.585913e+10,1.812463e+14,1,102,N,N
1.603924e+05,3.157464e+09,4.454978e+12,3.418182e+05,2.755130e+10,6.240543e+13,7.415854e+05,1.324721e+11,2.309611e+14,6.225242e+05,6.639961e+10,1.968262e+14,0,73,N,N
