8.711661e-02,1.109718e-03,2.803376e-06,1.219028e-01,3.122197e-03,1.715757e-06,2.052384e-01,9.950413e-03,3.658955e-06,4.403118e-01,3.675054e-02,1.197258e-04,2,76,N,N
9.752826e-02,1.559838e-03,5.938918e-06,2.290832e-01,6.010220e-03,4.178254e-06,1.747526e-01,6.588593e-03,1.454337e-06,3.730846e-01,3.154305e-02,3.644710e-05,1,41,N,N
6.619498e-02,6.608922e-04,1.030190e-06,2.132225e-01,6.440970e-03,3.713686e-06,2.983971e-01,2.117620e-02,1.215834e-05,2.866212e-01,1.435677e-02,1.727117e-05,0,46,N,N
8.095238e-02,7.928798e-04,1.733498e-06,1.473044e-01,4.259443e-03,3.981500e-06,3.139508e-01,2.304246e-02,1.331460e-05,2.340497e-01,9.318623e-03,8.661236e-06,2,96,N,N
1.785247e-01,2.373355e-03,7.685463e-06,2.404357e-01,6.785443e-03,5.229988e-06,2.004497e-01,8.962241e-03,3.795734e-06,4.377547e-01,4.384104e-02,8.300374e-05,0,58,N,N
1.642813e-01,2.505378e-03,5.704690e-06,2.601785e-01,8.307609e-03,4.183069e-06,1.998682e-01,9.792405e-03,3.713676e-06,5.146577e-01,5.499769e-02,1.066942e-04,1,103,N,N
1.379554e-01,2.335612e-03,5.164136e-06,2.271229e-01,6.806133e-03,4.993585e-06,2.177722e-01,1.054822e-02,6.761412e-06,3.174980e-01,2.293064e-02,2.643679e-05,2,55,N,N
2.496079e-01,4.903831e-03,1.718968e-05,2.718721e-01,1.007973e-02,5.804567e-06,1.776849e-01,7.521103e-03,1.969063e-06,4.812100e-01,4.422709e-02,7.535272e-05,2,84,N,N
2.423525e-01,7.080661e-03,2.243157e-05,2.458166e-01,8.916551e-03,5.010590e-06,1.427408e-01,4.699105e-03,8.357157e-07,4.421239e-01,4.119340e-02,6.576548e-05,0,29,N,N
1.949441e-01,3.228093e-03,1.085104e-05,2.596401e-01,8.668876e-03,6.890268e-06,1.768259e-01,6.990733e-03,2.155801e-06,4.819238e-01,4.734397e-02,9.978278e-05,0,52,N,N
2.375117e-01,2.617590e-03,5.188334e-06,2.202978e-01,6.290699e-03,2.768116e-06,2.395748e-01,1.414282e-02,8.564143e-06,3.591906e-01,2.396245e-02,4.282122e-05,2,80,N,N
8.236989e-02,8.309261e-04,1.462470e-06,2.728465e-01,7.636072e-03,3.404412e-06,2.570286e-01,1.611338e-02,1.155569e-05,3.280249e-01,1.872576e-02,3.118446e-05,2,65,N,N
1.413009e-01,2.332875e-03,5.276104e-06,2.130507e-01,5.693378e-03,4.012999e-06,2.315612e-01,1.168702e-02,8.420038e-06,3.318501e-01,2.544033e-02,3.217388e-05,3,55,N,N
9.923811e-02,1.200178e-03,3.518513e-06,1.765471e-01,3.938147e-03,1.592647e-06,2.878227e-01,1.949419e-02,8.126227e-06,2.761106e-01,1.367608e-02,1.378615e-05,3,68,N,N
8.382063e-02,7.019199e-04,8.361954e-07,3.527255e-01,1.450606e-02,1.091638e-05,2.740774e-01,1.850796e-02,1.352796e-05,2.471813e-01,1.139709e-02,8.394275e-06,0,47,N,N
1.363494e-01,2.288681e-03,4.623076e-06,1.853825e-01,7.198439e-03,4.650092e-06,1.660645e-01,6.918324e-03,2.065254e-06,4.213720e-01,4.016253e-02,5.783915e-05,0,15,N,N
1.325527e-01,2.542938e-03,7.135296e-06,1.504501e-01,3.834062e-03,2.922018e-06,2.089196e-01,9.610048e-03,3.381061e-06,4.398249e-01,4.565542e-02,5.647439e-05,1,76,N,N
5.978448e-02,7.855110e-04,2.840175e-06,2.688043e-01,4.550990e-03,2.835823e-06,2.622131e-01,1.502679e-02,1.059835e-05,2.668654e-01,1.514773e-02,1.013263e-05,3,91,N,N
1.086084e-01,1.762891e-03,3.947709e-06,1.448624e-01,4.371098e-03,3.664342e-06,1.963075e-01,8.968374e-03,2.595498e-06,4.074043e-01,3.368175e-02,6.614856e-05,0,76,N,N
1.094371e-01,1.190492e-03,3.170129e-06,2.921210e-01,7.452353e-03,2.953139e-06,1.891207e-01,8.709051e-03,2.422053e-06,3.896108e-01,2.684910e-02,3.926020e-05,1,62,N,N
1.027743e-01,2.181509e-03,1.166581e-05,1.806609e-01,4.035692e-03,2.882171e-06,1.867143e-01,7.024430e-03,2.961648e-06,2.927255e-01,1.965905e-02,2.539198e-05,0,75,N,N
1.613571e-01,2.668999e-03,6.645746e-06,2.386274e-01,6.810143e-03,4.087479e-06,2.118530e-01,1.065143e-02,6.660611e-06,3.597374e-01,2.924928e-02,3.517479e-05,1,55,N,N
7.830763e-02,7.271444e-04,1.566550e-06,1.503185e-01,4.076328e-03,3.378097e-06,3.196153e-01,2.326011e-02,1.327349e-05,2.310175e-01,9.414135e-03,7.760598e-06,3,96,N,N
2.126229e-01,3.951775e-03,1.627808e-05,1.983559e-01,5.685534e-03,3.211441e-06,1.823006e-01,7.302911e-03,1.898560e-06,4.740730e-01,4.988393e-02,1.086382e-04,0,57,N,N
1.289496e-01,1.179598e-03,2.239772e-06,2.806997e-01,7.405584e-03,3.559891e-06,2.806501e-01,1.911702e-02,1.192170e-05,3.883674e-01,3.077334e-02,4.866084e-05,1,82,N,N
1.486310e-01,3.311602e-03,1.747930e-05,2.114560e-01,6.361167e-03,5.896514e-06,2.207525e-01,1.057038e-02,4.864337e-06,2.851498e-01,1.896496e-02,1.218737e-05,0,39,N,N
1.478295e-01,3.186986e-03,9.444321e-06,2.592004e-01,1.460436e-02,3.548466e-05,1.363744e-01,4.180550e-03,1.295322e-06,3.036985e-01,1.963161e-02,2.938662e-05,1,66,N,N
2.441591e-01,3.328539e-03,1.087448e-05,2.569767e-01,9.332729e-03,6.846296e-06,1.482768e-01,5.243903e-03,9.111311e-07,4.873196e-01,5.083382e-02,8.988284e-05,0,63,N,N
6.893156e-02,9.028666e-04,2.947474e-06,1.580809e-01,2.783614e-03,2.134672e-06,2.680030e-01,1.584895e-02,1.138168e-05,2.867397e-01,1.716603e-02,1.487468e-05,0,81,N,N
8.979942e-02,8.929252e-04,1.334413e-06,2.748773e-01,1.123017e-02,5.799782e-06,2.580878e-01,1.667657e-02,9.325425e-06,2.410522e-01,8.003426e-03,8.604375e-06,1,98,N,N
6.461770e-02,4.176230e-04,3.111365e-07,1.206972e-01,3.343302e-03,2.887822e-06,2.087188e-01,1.063695e-02,4.117054e-06,1.738823e-01,5.286692e-03,3.584525e-06,2,79,N,N
1.759647e-01,2.371301e-03,6.956166e-06,1.914853e-01,4.925108e-03,3.296669e-06,1.940965e-01,8.545956e-03,3.021109e-06,4.897003e-01,5.473691e-02,1.170762e-04,3,48,N,N
6.335803e-02,6.105492e-04,9.219973e-07,2.180855e-01,7.352682e-03,1.872086e-06,2.407940e-01,1.399352e-02,3.215034e-06,4.388921e-01,3.968782e-02,5.145109e-05,2,86,N,N
9.783131e-02,9.584359e-04,1.487274e-06,1.721368e-01,6.768870e-03,6.799337e-06,2.013822e-01,9.660352e-03,3.256201e-06,2.246138e-01,7.742047e-03,8.778907e-06,0,27,N,N
8.202812e-02,7.526894e-04,1.249438e-06,3.092417e-01,8.594035e-03,3.845520e-06,1.982656e-01,9.174081e-03,2.593400e-06,3.222265e-01,2.277430e-02,1.894543e-05,3,79,N,N
3.007691e-01,6.000094e-03,2.757036e-05,2.556397e-01,8.151772e-03,4.376931e-06,1.468092e-01,5.101993e-03,7.719519e-07,5.662588e-01,6.545926e-02,1.192387e-04,0,26,N,N
1.647185e-01,3.713448e-03,1.198240e-05,1.983538e-01,6.853569e-03,7.160774e-06,1.472624e-01,4.660719e-03,8.431885e-07,3.929928e-01,3.253600e-02,5.829652e-05,1,61,N,N
8.815901e-02,8.199164e-04,1.123951e-06,3.375102e-01,1.183668e-02,7.299021e-06,2.674283e-01,1.761488e-02,1.237573e-05,2.708991e-01,1.391956e-02,1.005252e-05,1,47,N,N
7.241358e-02,5.504210e-04,7.572527e-07,2.554260e-01,5.857749e-03,3.235160e-06,2.554156e-01,1.479482e-02,1.311798e-05,2.569788e-01,1.274460e-02,1.841954e-05,1,97,N,N
1.133585e-01,1.164950e-03,2.460742e-06,2.687948e-01,8.473645e-03,7.372062e-06,2.488196e-01,1.430025e-02,5.558891e-06,2.443193e-01,1.099458e-02,9.174623e-06,0,0,N,N
2.126042e-01,2.930484e-03,9.150428e-06,2.358432e-01,5.507733e-03,2.744228e-06,1.922544e-01,8.744979e-03,2.325979e-06,4.392815e-01,4.278386e-02,4.640891e-05,2,104,N,N
1.267553e-01,3.009070e-03,1.773757e-05,1.876829e-01,4.375800e-03,2.835376e-06,2.008253e-01,7.784910e-03,3.717990e-06,2.746912e-01,1.748484e-02,2.051343e-05,3,75,N,N
8.271804e-02,1.098127e-03,3.871244e-06,2.647342e-01,5.390433e-03,3.116218e-06,2.470245e-01,1.390324e-02,8.004159e-06,2.843452e-01,1.895431e-02,1.175710e-05,2,51,N,N
2.351800e-01,4.936477e-03,1.240065e-05,2.397816e-01,1.013283e-02,8.819544e-06,1.734193e-01,6.893313e-03,2.229384e-06,4.469044e-01,4.294402e-02,9.357866e-05,3,90,N,N
1.602966e-01,1.945192e-03,5.653993e-06,1.191052e-01,2.581015e-03,2.339173e-06,2.155104e-01,1.055594e-02,5.216352e-06,1.932542e-01,7.100539e-03,4.419814e-06,3,77,N,N
1.745769e-01,3.179751e-03,9.055234e-06,2.126507e-01,7.769503e-03,4.575039e-06,1.533244e-01,5.502868e-03,1.098233e-06,4.294121e-01,3.916460e-02,7.307607e-05,0,31,N,N
9.000613e-02,1.071424e-03,3.008373e-06,2.322351e-01,4.355017e-03,3.506997e-06,2.025687e-01,9.334389e-03,3.103023e-06,2.153952e-01,8.380162e-03,7.263009e-06,1,5,N,N
9.998306e-02,9.184023e-04,1.440819e-06,2.894159e-01,1.029389e-02,5.490747e-06,3.061753e-01,2.342723e-02,1.793597e-05,2.469147e-01,9.118772e-03,6.576700e-06,3,99,N,N
8.267570e-02,9.853124e-04,3.070901e-06,2.351874e-01,4.966377e-03,3.822672e-06,2.939864e-01,1.855450e-02,1.450654e-05,2.503655e-01,1.281878e-02,1.004889e-05,0,42,N,N
1.217096e-01,1.237157e-03,1.996321e-06,3.047512e-01,9.047828e-03,5.513545e-06,2.684808e-01,1.727718e-02,9.534874e-06,3.255919e-01,2.278170e-02,1.912634e-05,0,70,N,N
3.323660e-01,4.037728e-03,9.383985e-06,2.522100e-01,7.930523e-03,3.806946e-06,2.307268e-01,1.307643e-02,7.646068e-06,4.009129e-01,3.025142e-02,5.615476e-05,1,80,N,N
7.140938e-02,6.726387e-04,1.531799e-06,2.480713e-01,5.389034e-03,2.223202e-06,2.605646e-01,1.647249e-02,9.104633e-06,2.836021e-01,1.411797e-02,1.622931e-05,1,34,N,N
1.231424e-01,1.641722e-03,4.595616e-06,2.357252e-01,5.961203e-03,3.801187e-06,2.450666e-01,1.306842e-02,7.715024e-06,3.083027e-01,2.035181e-02,2.955485e-05,3,93,N,N
7.498102e-02,7.058267e-04,1.148760e-06,3.054149e-01,1.004517e-02,7.001046e-06,3.516596e-01,2.824192e-02,2.679260e-05,2.328143e-01,1.001963e-02,8.360107e-06,0,93,N,N
7.048348e-02,7.061815e-04,1.441390e-06,2.536538e-01,5.820007e-03,2.451159e-06,2.635210e-01,1.693737e-02,8.764001e-06,2.896740e-01,1.538986e-02,1.644296e-05,0,6,N,N
8.752001e-02,6.644043e-04,9.123746e-07,2.859905e-01,8.716869e-03,3.841087e-06,2.188561e-01,1.186177e-02,5.048586e-06,4.181902e-01,3.340731e-02,5.368872e-05,0,18,N,N
1.361621e-01,2.470703e-03,6.757694e-06,2.418290e-01,8.195011e-03,1.079002e-05,1.622336e-01,5.415658e-03,1.444977e-06,3.882999e-01,3.308648e-02,6.160827e-05,0,50,N,N
1.735328e-01,2.971229e-03,6.319204e-06,2.562842e-01,1.028665e-02,7.618143e-06,1.840419e-01,8.075412e-03,2.332476e-06,4.395939e-01,4.242570e-02,4.797361e-05,2,101,N,N
1.412721e-01,1.954771e-03,5.686275e-06,2.806788e-01,7.853518e-03,3.066041e-06,1.641893e-01,6.637422e-03,1.430079e-06,5.934714e-01,7.266242e-02,1.358439e-04,3,74,N,N
6.149672e-02,8.023938e-04,2.937437e-06,2.050605e-01,3.710331e-03,3.515953e-06,2.271247e-01,1.092338e-02,6.111162e-06,2.820457e-01,1.909299e-02,1.232882e-05,3,54,N,N
1.954247e-01,2.780804e-03,8.768592e-06,1.277677e-01,2.893689e-03,2.883888e-06,2.496590e-01,1.412964e-02,7.597334e-06,2.276591e-01,1.021874e-02,6.106796e-06,1,77,N,N
5.727230e-02,8.265751e-04,3.184350e-06,2.486465e-01,5.060224e-03,4.228569e-06,2.391232e-01,1.088823e-02,6.353499e-06,2.706288e-01,1.712550e-02,1.267925e-05,0,91,N,N
9.273307e-02,1.046374e-03,3.008347e-06,2.863749e-01,7.312322e-03,2.578612e-06,1.838936e-01,8.302330e-03,2.378047e-06,5.104626e-01,4.578946e-02,9.054547e-05,2,62,N,N
1.387798e-01,1.566495e-03,3.710736e-06,1.592852e-01,4.102080e-03,4.054328e-06,2.657524e-01,1.643679e-02,1.153646e-05,2.890351e-01,1.600708e-02,1.748250e-05,2,81,N,N
6.389954e-02,7.186244e-04,1.914696e-06,2.664970e-01,5.626193e-03,2.541313e-06,2.932573e-01,2.060038e-02,1.387951e-05,3.068060e-01,1.945900e-02,1.516307e-05,2,92,N,N
8.657333e-02,9.372261e-04,2.555881e-06,2.720421e-01,6.347013e-03,3.563063e-06,1.995270e-01,9.198870e-03,4.131240e-06,3.876966e-01,3.367334e-02,5.476069e-05,1,58,N,N
1.582438e-01,3.923646e-03,9.407693e-06,2.240469e-01,9.179434e-03,7.303182e-06,1.587541e-01,5.949425e-03,1.691028e-06,4.633763e-01,4.505916e-02,1.063143e-04,0,90,N,N
5.609283e-02,4.228491e-04,2.330959e-07,1.479247e-01,5.514310e-03,7.056373e-06,1.928462e-01,9.120260e-03,4.776855e-06,1.964683e-01,6.305993e-03,6.802589e-06,3,73,N,N
8.580558e-02,8.205518e-04,1.252070e-06,1.551582e-01,5.738412e-03,8.137406e-06,2.254219e-01,1.185124e-02,8.981960e-06,1.800449e-01,6.068837e-03,5.316001e-06,1,78,N,N
2.330943e-01,4.332595e-03,6.886518e-06,2.508635e-01,8.784172e-03,4.773950e-06,1.588112e-01,6.011509e-03,1.255049e-06,4.920095e-01,4.623369e-02,8.021315e-05,2,49,N,N
1.658586e-01,1.827420e-03,3.829784e-06,2.072372e-01,5.664284e-03,4.227146e-06,2.662170e-01,1.768951e-02,1.086707e-05,2.931160e-01,1.726422e-02,1.870675e-05,1,67,N,N
7.474444e-02,7.651214e-04,2.002503e-06,2.153902e-01,4.910044e-03,1.976777e-06,2.321123e-01,1.265035e-02,6.258250e-06,2.893449e-01,1.773387e-02,1.705660e-05,0,34,N,N
1.050611e-01,1.437751e-03,5.214558e-06,2.221920e-01,4.742629e-03,3.051846e-06,2.010254e-01,9.231797e-03,2.995084e-06,3.977527e-01,3.593697e-02,3.976003e-05,0,71,N,N
8.520900e-02,1.009174e-03,2.923292e-06,2.929834e-01,6.714885e-03,3.976205e-06,3.168818e-01,2.209233e-02,2.595601e-05,2.530624e-01,1.383259e-02,1.380067e-05,3,64,N,N
1.340531e-01,1.572778e-03,4.608198e-06,2.741188e-01,5.475268e-03,2.966152e-06,1.972287e-01,9.216230e-03,2.605850e-06,3.393796e-01,2.599527e-02,2.111952e-05,3,104,N,N
9.983789e-02,2.056110e-03,1.117125e-05,1.958194e-01,4.687198e-03,3.108241e-06,1.961011e-01,7.260404e-03,3.252160e-06,2.989001e-01,2.032410e-02,2.018135e-05,2,75,N,N
1.705400e-01,3.434024e-03,1.280886e-05,2.453108e-01,1.018393e-02,1.494955e-05,1.585138e-01,5.202167e-03,1.509867e-06,3.457938e-01,2.580574e-02,3.923409e-05,3,66,N,N
1.585575e-01,3.297497e-03,8.981843e-06,2.328178e-01,1.007624e-02,8.474066e-06,1.526547e-01,5.619814e-03,1.048306e-06,4.459291e-01,4.040383e-02,6.448591e-05,0,89,N,N
8.868677e-02,1.837454e-03,1.109180e-05,2.240932e-01,3.667442e-03,2.574294e-06,2.270515e-01,1.097148e-02,5.384363e-06,3.188301e-01,2.346365e-02,1.772414e-05,0,32,N,N
5.630040e-02,6.060915e-04,1.506816e-06,2.704361e-01,6.284994e-03,3.508756e-06,2.750026e-01,1.737304e-02,8.818582e-06,3.262535e-01,2.364884e-02,2.192270e-05,0,102,N,N
1.707114e-01,3.011573e-03,7.157401e-06,2.596597e-01,8.337207e-03,4.357886e-06,1.959659e-01,9.377439e-03,3.400948e-06,5.185156e-01,5.339518e-02,1.062225e-04,2,103,N,N
1.079196e-01,1.302276e-03,3.245685e-06,1.345409e-01,2.874875e-03,2.635199e-06,1.985673e-01,9.293158e-03,2.695687e-06,1.848274e-01,5.837219e-03,4.726280e-06,0,5,N,N
1.225085e-01,2.349653e-03,8.176743e-06,1.619567e-01,3.851603e-03,3.927103e-06,1.540198e-01,4.919466e-03,1.434498e-06,3.568352e-01,2.881649e-02,4.932856e-05,1,59,N,N
7.282477e-02,5.028335e-04,5.699503e-07,2.948850e-01,9.031024e-03,9.979129e-06,2.843925e-01,1.714439e-02,1.656565e-05,1.971980e-01,7.840751e-03,8.372987e-06,3,97,N,N
7.402387e-02,5.600492e-04,7.882730e-07,2.745632e-01,7.072951e-03,4.662826e-06,2.583948e-01,1.514112e-02,1.330781e-05,2.420813e-01,1.134810e-02,1.543145e-05,0,97,N,N
2.469137e-01,5.392801e-03,1.871812e-05,2.712360e-01,9.039494e-03,3.513767e-06,1.510917e-01,5.549901e-03,9.701644e-07,5.647878e-01,6.620924e-02,1.252118e-04,1,88,N,N
1.493817e-01,3.032591e-03,9.139497e-06,2.521783e-01,1.331929e-02,2.739277e-05,1.441616e-01,4.486333e-03,1.361880e-06,3.280505e-01,2.312269e-02,3.539984e-05,0,66,N,N
9.922043e-02,9.784358e-04,1.949088e-06,1.830295e-01,6.460610e-03,1.155031e-05,2.511020e-01,1.406689e-02,1.081066e-05,1.773895e-01,5.942256e-03,4.675184e-06,0,64,N,N
7.190048e-02,6.675755e-04,1.086204e-06,2.888719e-01,9.183628e-03,7.106269e-06,3.440305e-01,2.651069e-02,2.629599e-05,2.191073e-01,9.063576e-03,7.878654e-06,1,93,N,N
7.933163e-02,8.202686e-04,1.348394e-06,2.448123e-01,6.624030e-03,2.258430e-06,2.240725e-01,1.247103e-02,4.221490e-06,4.814642e-01,3.788869e-02,9.268186e-05,3,95,N,N
7.656461e-02,6.880578e-04,1.238425e-06,1.917950e-01,6.139217e-03,6.195097e-06,2.104760e-01,1.058751e-02,4.292222e-06,2.191753e-01,8.349411e-03,7.209178e-06,1,25,N,N
7.229351e-02,9.626502e-04,3.579260e-06,1.959399e-01,3.778649e-03,2.360712e-06,1.891050e-01,7.695419e-03,2.696924e-06,3.848394e-01,3.389078e-02,5.672330e-05,3,53,N,N
1.822320e-01,2.566961e-03,7.892232e-06,1.319953e-01,3.381126e-03,3.346513e-06,2.432426e-01,1.374130e-02,7.707758e-06,2.397185e-01,1.084318e-02,8.243719e-06,0,77,N,N
1.721340e-01,3.583013e-03,1.254673e-05,2.820879e-01,9.368710e-03,7.889302e-06,1.547558e-01,5.236584e-03,9.844197e-07,4.337428e-01,3.958596e-02,7.594812e-05,0,61,N,N
1.519685e-01,1.839031e-03,5.192223e-06,1.282322e-01,3.027854e-03,1.408954e-06,2.721531e-01,1.728366e-02,6.624890e-06,2.317496e-01,1.017323e-02,8.464842e-06,2,68,N,N
8.412267e-02,7.199802e-04,8.916831e-07,3.165751e-01,1.119261e-02,7.481946e-06,2.634894e-01,1.703309e-02,1.239299e-05,2.518170e-01,1.230991e-02,8.372417e-06,2,47,N,N
9.068678e-02,1.093089e-03,2.593119e-06,1.800308e-01,5.134611e-03,4.496731e-06,2.719538e-01,1.692594e-02,6.907776e-06,2.595207e-01,1.275591e-02,1.130511e-05,0,41,N,N
2.084309e-01,3.089871e-03,1.086942e-05,2.081529e-01,5.832039e-03,4.514767e-06,1.688584e-01,6.405361e-03,1.642105e-06,4.261315e-01,4.046739e-02,5.869471e-05,1,71,N,N
2.829297e-01,3.908025e-03,1.220392e-05,2.389062e-01,6.229715e-03,2.453494e-06,1.729335e-01,7.359165e-03,1.488667e-06,5.140864e-01,5.200838e-02,8.811142e-05,2,88,N,N
6.123029e-02,5.744521e-04,9.506239e-07,2.491735e-01,7.317776e-03,2.549180e-06,2.554128e-01,1.579956e-02,9.014058e-06,2.317613e-01,8.707409e-03,5.703697e-06,0,72,N,N
8.017175e-02,7.829898e-04,1.109094e-06,1.514725e-01,4.568407e-03,4.785800e-06,2.962803e-01,1.959316e-02,1.563196e-05,1.953100e-01,7.425962e-03,4.525417e-06,1,87,N,N
6.856091e-02,3.975232e-04,3.473328e-07,1.904816e-01,6.274212e-03,9.509600e-06,2.262625e-01,1.033813e-02,7.255487e-06,1.810915e-01,6.641990e-03,6.444014e-06,2,97,N,N
7.457229e-02,6.491645e-04,6.603133e-07,1.563671e-01,5.802583e-03,8.663453e-06,2.874784e-01,2.044362e-02,2.153673e-05,1.597646e-01,4.556375e-03,2.358220e-06,2,87,N,N
1.991088e-01,3.727540e-03,1.430656e-05,2.164141e-01,7.123680e-03,5.913925e-06,2.116470e-01,9.686671e-03,4.579172e-06,3.768491e-01,3.266017e-02,3.892919e-05,0,92,N,N
5.739984e-02,5.033292e-04,7.997639e-07,2.066633e-01,4.653357e-03,1.591749e-06,2.391903e-01,1.349709e-02,7.115521e-06,2.361988e-01,9.658765e-03,7.904213e-06,2,72,N,N
9.300523e-02,8.492237e-04,1.267852e-06,3.074084e-01,1.288647e-02,9.533258e-06,2.903984e-01,2.096319e-02,1.497825e-05,2.400360e-01,8.041571e-03,7.319079e-06,0,99,N,N
6.620780e-02,1.069250e-03,4.806896e-06,2.088281e-01,5.332744e-03,4.732975e-06,2.068045e-01,8.430359e-03,3.206240e-06,3.353423e-01,2.718755e-02,2.504211e-05,1,37,N,N
7.936608e-02,7.636867e-04,1.714753e-06,2.846305e-01,6.554728e-03,2.522561e-06,1.797310e-01,8.002152e-03,1.865382e-06,3.495149e-01,2.743039e-02,2.252873e-05,0,1,N,N
1.419586e-01,1.601668e-03,3.720648e-06,1.146141e-01,2.903991e-03,1.830718e-06,3.040850e-01,2.221901e-02,8.991774e-06,2.093230e-01,6.705971e-03,4.651663e-06,1,68,N,N
2.925921e-01,3.484689e-03,7.220414e-06,2.696784e-01,9.239505e-03,4.585900e-06,2.311537e-01,1.311133e-02,7.262456e-06,4.105284e-01,3.079620e-02,5.995022e-05,0,80,N,N
1.709900e-01,3.892358e-03,1.335806e-05,2.463605e-01,8.545352e-03,7.401448e-06,1.681304e-01,5.982058e-03,1.447611e-06,3.540626e-01,2.767073e-02,3.746301e-05,3,61,N,N
9.345164e-02,1.158394e-03,3.300692e-06,2.245687e-01,5.669795e-03,3.372899e-06,2.588432e-01,1.499362e-02,9.105263e-06,3.040066e-01,1.927410e-02,2.740132e-05,2,93,N,N
8.532368e-02,7.585506e-04,1.136202e-06,3.229591e-01,1.143623e-02,7.396080e-06,3.192797e-01,2.486128e-02,2.570156e-05,2.319325e-01,9.548249e-03,7.800738e-06,0,35,N,N
9.307705e-02,1.108966e-03,3.288305e-06,3.243692e-01,7.797791e-03,6.734543e-06,2.670227e-01,1.614853e-02,7.537840e-06,2.574116e-01,1.290641e-02,7.792342e-06,0,8,N,N
1.394962e-01,1.398076e-03,2.716068e-06,2.322408e-01,5.852759e-03,3.774345e-06,2.584840e-01,1.667820e-02,1.058871e-05,2.973796e-01,1.774800e-02,1.834885e-05,2,67,N,N
5.633984e-02,5.944733e-04,1.357048e-06,3.057613e-01,8.015590e-03,4.527813e-06,2.852111e-01,1.882146e-02,1.006105e-05,2.939174e-01,1.907319e-02,1.548494e-05,2,102,N,N
1.612003e-01,1.930031e-03,5.837551e-06,2.505789e-01,5.787825e-03,2.876089e-06,1.772199e-01,7.327155e-03,2.333676e-06,4.361549e-01,4.085737e-02,6.775898e-05,1,52,N,N
1.910447e-01,3.183435e-03,1.098704e-05,2.616951e-01,9.129666e-03,4.673096e-06,1.642195e-01,6.489748e-03,1.792324e-06,4.937152e-01,4.553882e-02,1.000347e-04,3,62,N,N
7.529863e-02,7.426838e-04,1.598193e-06,2.698137e-01,6.406874e-03,2.537628e-06,2.380777e-01,1.331794e-02,6.604354e-06,3.307111e-01,2.410473e-02,2.117150e-05,0,45,N,N
1.792066e-01,4.717292e-03,1.201735e-05,2.044738e-01,7.672248e-03,6.161589e-06,1.580166e-01,5.906375e-03,1.691866e-06,4.908949e-01,5.041204e-02,1.301358e-04,1,90,N,N
1.614832e-01,3.110857e-03,7.262948e-06,2.603601e-01,8.330341e-03,4.654327e-06,1.864201e-01,8.306958e-03,2.904133e-06,5.323436e-01,5.852465e-02,1.268382e-04,3,103,N,N
1.707995e-01,2.697058e-03,6.749706e-06,2.531794e-01,7.441335e-03,3.904902e-06,2.043750e-01,1.018079e-02,4.056160e-06,5.444979e-01,6.152069e-02,1.187689e-04,0,103,N,N
1.693104e-01,3.634592e-03,1.282164e-05,2.752096e-01,8.528642e-03,7.350498e-06,1.634968e-01,5.782375e-03,1.172796e-06,4.506708e-01,4.289778e-02,8.664030e-05,2,61,N,N
7.484895e-02,7.609091e-04,1.579772e-06,3.308886e-01,1.039619e-02,4.540741e-06,2.339548e-01,1.330189e-02,5.571413e-06,3.491291e-01,2.293776e-02,3.135461e-05,0,84,N,N
7.713190e-02,7.262423e-04,9.433112e-07,2.783260e-01,9.087348e-03,3.265882e-06,2.450826e-01,1.486896e-02,5.379240e-06,4.170131e-01,2.859128e-02,6.626520e-05,2,95,N,N
9.296289e-02,7.226277e-04,1.083962e-06,1.469536e-01,4.730304e-03,5.768700e-06,2.254091e-01,1.226411e-02,7.364825e-06,1.990071e-01,6.647019e-03,6.065211e-06,0,4,N,N
5.687104e-02,8.209330e-04,3.441204e-06,2.560730e-01,4.640016e-03,4.658506e-06,2.239719e-01,1.042964e-02,4.944202e-06,2.734651e-01,1.845159e-02,8.762624e-06,2,54,N,N
6.415959e-02,5.679947e-04,6.582017e-07,1.452845e-01,5.263835e-03,3.636024e-06,2.223149e-01,1.171747e-02,3.159602e-06,2.859702e-01,1.376789e-02,1.499511e-05,1,86,N,N
9.170414e-02,1.028550e-03,2.531744e-06,2.944345e-01,7.195313e-03,5.938392e-06,2.370934e-01,1.117859e-02,4.848061e-06,3.065716e-01,2.110790e-02,2.474966e-05,1,44,N,N
1.144638e-01,2.019557e-03,8.251637e-06,1.596337e-01,3.034994e-03,2.192958e-06,1.667527e-01,5.370131e-03,1.672527e-06,3.474205e-01,2.763197e-02,3.945103e-05,0,59,N,N
2.053950e-01,3.158349e-03,1.038654e-05,2.299918e-01,5.348762e-03,1.768633e-06,2.114415e-01,1.097286e-02,2.955771e-06,5.530172e-01,5.903694e-02,1.116413e-04,2,100,N,N
7.885427e-02,7.832321e-04,1.157180e-06,1.764009e-01,6.005728e-03,4.086994e-06,3.143524e-01,2.350299e-02,1.394385e-05,2.713772e-01,1.265302e-02,1.443593e-05,1,46,N,N
8.407550e-02,8.757222e-04,2.301189e-06,2.362881e-01,4.993701e-03,3.730941e-06,2.927332e-01,1.857750e-02,1.507511e-05,2.186615e-01,9.784809e-03,7.124913e-06,1,42,N,N
6.183721e-02,9.165144e-04,3.775671e-06,2.692036e-01,6.143421e-03,4.473404e-06,2.603695e-01,1.385483e-02,6.603646e-06,3.062736e-01,2.244544e-02,1.480791e-05,2,37,N,N
6.671804e-02,7.066067e-04,8.140498e-07,1.481086e-01,4.718592e-03,6.146366e-06,2.470354e-01,1.364790e-02,1.027483e-05,1.986169e-01,7.743325e-03,5.661731e-06,1,36,N,N
2.547337e-01,3.325711e-03,1.031939e-05,2.620190e-01,1.010481e-02,6.711729e-06,1.430586e-01,4.915904e-03,8.166120e-07,5.192747e-01,5.684196e-02,1.072683e-04,1,63,N,N
2.050022e-01,3.363305e-03,7.652738e-06,3.076371e-01,1.310967e-02,1.037265e-05,2.039222e-01,9.658366e-03,4.817564e-06,4.290167e-01,3.341489e-02,7.422355e-05,1,65,N,N
8.648394e-02,9.136723e-04,2.376960e-06,3.033045e-01,7.315894e-03,4.036773e-06,2.312849e-01,1.229026e-02,6.272142e-06,3.555248e-01,2.816663e-02,4.447191e-05,3,58,N,N
2.083317e-01,3.286702e-03,7.585158e-06,2.908608e-01,1.197062e-02,8.638174e-06,1.980044e-01,8.970663e-03,4.383441e-06,4.214682e-01,3.345378e-02,7.414735e-05,0,65,N,N
8.992992e-02,1.019584e-03,3.081659e-06,2.694230e-01,4.963420e-03,2.939627e-06,2.205183e-01,1.090489e-02,5.079055e-06,3.422486e-01,2.612343e-02,3.513750e-05,1,53,N,N
8.961556e-02,9.253352e-04,2.129064e-06,3.021102e-01,6.847372e-03,3.375768e-06,2.137433e-01,1.107984e-02,3.668780e-06,3.401280e-01,2.472532e-02,2.374973e-05,0,7,N,N
2.358350e-01,4.464096e-03,1.466949e-05,2.441510e-01,7.818377e-03,7.293373e-06,1.568048e-01,5.594964e-03,1.059468e-06,4.658753e-01,4.632557e-02,7.152544e-05,1,60,N,N
5.757788e-02,6.538190e-04,2.001487e-06,2.389140e-01,4.474500e-03,1.754347e-06,1.830121e-01,7.719350e-03,2.181650e-06,2.686668e-01,1.610555e-02,9.765114e-06,0,3,N,N
9.413414e-02,1.000953e-03,2.272679e-06,2.188456e-01,6.093235e-03,6.684247e-06,2.872014e-01,1.899569e-02,1.736179e-05,2.227700e-01,9.854480e-03,6.806019e-06,1,33,N,N
1.399988e-01,1.282303e-03,1.933637e-06,2.626904e-01,8.818125e-03,4.021019e-06,2.888856e-01,2.056405e-02,1.561965e-05,3.257525e-01,1.896575e-02,2.932220e-05,3,80,N,N
7.522135e-02,8.607312e-04,2.689153e-06,2.610872e-01,4.726158e-03,1.489732e-06,1.572509e-01,5.781950e-03,1.264657e-06,4.035451e-01,3.510564e-02,4.588480e-05,3,83,N,N
6.904920e-02,6.634354e-04,1.600454e-06,2.106228e-01,3.891397e-03,1.638702e-06,2.565077e-01,1.437442e-02,9.664109e-06,2.598506e-01,1.584214e-02,1.916237e-05,2,78,N,N
1.558115e-01,2.031501e-03,6.303714e-06,1.665519e-01,3.467262e-03,1.541654e-06,3.381224e-01,2.634918e-02,1.478225e-05,2.924343e-01,1.914822e-02,1.431589e-05,0,68,N,N
9.691146e-02,1.294049e-03,4.460312e-06,2.268106e-01,4.612193e-03,2.357134e-06,2.449506e-01,1.259145e-02,7.137604e-06,2.691746e-01,1.721724e-02,1.436801e-05,0,19,N,N
1.802012e-01,3.244149e-03,1.141789e-05,2.946171e-01,1.030148e-02,7.583617e-06,1.466242e-01,5.106892e-03,9.410750e-07,5.056913e-01,5.287799e-02,8.102561e-05,1,89,N,N
7.430137e-02,5.931952e-04,6.667775e-07,2.342446e-01,9.449712e-03,1.296905e-05,2.378037e-01,1.331861e-02,9.310344e-06,1.596261e-01,4.152478e-03,2.965041e-06,1,35,N,N
1.336078e-01,2.330272e-03,9.102338e-06,1.964855e-01,4.917507e-03,5.230357e-06,2.154545e-01,9.877305e-03,7.218849e-06,3.097530e-01,2.358512e-02,2.432065e-05,2,94,N,N
7.799795e-02,6.594316e-04,7.667812e-07,1.489672e-01,4.550868e-03,4.909583e-06,2.857762e-01,1.883189e-02,1.483664e-05,1.795411e-01,6.127439e-03,3.290874e-06,0,87,N,N
6.616273e-02,6.083744e-04,1.011717e-06,2.076959e-01,6.252333e-03,5.978591e-06,2.556908e-01,1.413258e-02,5.953726e-06,2.084897e-01,8.120440e-03,6.338099e-06,0,22,N,N
1.237951e-01,1.176460e-03,2.291058e-06,2.812087e-01,8.933872e-03,3.146426e-06,1.921714e-01,9.052966e-03,2.108607e-06,4.186113e-01,3.434963e-02,5.138653e-05,0,88,N,N
6.557291e-02,5.188873e-04,3.066356e-07,1.532677e-01,5.828398e-03,7.057552e-06,2.073749e-01,1.058439e-02,4.934605e-06,2.234901e-01,8.138972e-03,9.315045e-06,1,73,N,N
1.175794e-01,1.189639e-03,2.959050e-06,2.583751e-01,5.817830e-03,7.045888e-06,2.730631e-01,1.573590e-02,1.165536e-05,1.918855e-01,7.523586e-03,5.010286e-06,0,38,N,N
1.709344e-01,3.204161e-03,1.414781e-05,2.708873e-01,6.018963e-03,4.578797e-06,2.379422e-01,1.233382e-02,6.265472e-06,2.715636e-01,1.752784e-02,1.029631e-05,3,51,N,N
2.017644e-01,2.760117e-03,8.750741e-06,2.023837e-01,5.278155e-03,3.606012e-06,2.202182e-01,1.109564e-02,4.488292e-06,4.233184e-01,4.176859e-02,6.117919e-05,0,48,N,N
9.151799e-02,8.921087e-04,1.304586e-06,2.630576e-01,1.017429e-02,4.753638e-06,2.673191e-01,1.780273e-02,1.119813e-05,2.487449e-01,9.421835e-03,1.048354e-05,3,98,N,N
6.118407e-02,9.178925e-04,3.968372e-06,2.350215e-01,4.422592e-03,5.219010e-06,2.129311e-01,9.089969e-03,4.193099e-06,3.050171e-01,2.313417e-02,1.311829e-05,1,54,N,N
1.677651e-01,2.351118e-03,6.885164e-06,2.266464e-01,5.284369e-03,1.622450e-06,2.146741e-01,1.139336e-02,3.126867e-06,5.360672e-01,5.386888e-02,1.067607e-04,1,100,N,N
8.538975e-02,8.839962e-04,2.046527e-06,3.056719e-01,8.705071e-03,3.578086e-06,2.624864e-01,1.677695e-02,9.018627e-06,3.167373e-01,1.823185e-02,1.800948e-05,1,0,N,N
6.413328e-02,5.498236e-04,9.325611e-07,2.674532e-01,8.294200e-03,3.818505e-06,1.484529e-01,5.005654e-03,9.070988e-07,4.317297e-01,4.128460e-02,7.758340e-05,1,12,N,N
7.287299e-02,7.361676e-04,1.500542e-06,2.369235e-01,6.399025e-03,2.578363e-06,2.756872e-01,1.779365e-02,9.705456e-06,2.629492e-01,1.218634e-02,8.163661e-06,3,72,N,N
9.788011e-02,8.088731e-04,1.415016e-06,2.308384e-01,6.174119e-03,3.208786e-06,2.269117e-01,1.264015e-02,7.058445e-06,2.570370e-01,1.151424e-02,1.283902e-05,2,85,N,N
1.029177e-01,1.072652e-03,1.798294e-06,2.571639e-01,9.339452e-03,3.752083e-06,2.445901e-01,1.491715e-02,8.032636e-06,2.975430e-01,1.747276e-02,1.706045e-05,0,98,N,N
2.510161e-01,4.183624e-03,1.338599e-05,2.779810e-01,1.091129e-02,7.705743e-06,1.627205e-01,6.050318e-03,1.640347e-06,4.843812e-01,4.592618e-02,1.053932e-04,0,11,N,N
1.486398e-01,2.385547e-03,8.053160e-06,2.227979e-01,5.996412e-03,5.790391e-06,1.891109e-01,6.886662e-03,2.407157e-06,3.912212e-01,3.573675e-02,5.222584e-05,2,50,N,N
1.103183e-01,1.025044e-03,2.105775e-06,2.686592e-01,6.148044e-03,2.667545e-06,2.815637e-01,1.945605e-02,1.008215e-05,2.914809e-01,1.693145e-02,1.226610e-05,1,104,N,N
1.757597e-01,2.123118e-03,6.217910e-06,1.972337e-01,4.813219e-03,2.936750e-06,2.113935e-01,1.000654e-02,3.881732e-06,4.193954e-01,4.065772e-02,6.865983e-05,2,48,N,N
2.688297e-01,5.641552e-03,1.131291e-05,2.547638e-01,9.061276e-03,5.126411e-06,1.628954e-01,6.310045e-03,1.160444e-06,5.418708e-01,5.602153e-02,1.126000e-04,0,49,N,N
1.326501e-01,2.493461e-03,6.311727e-06,2.246439e-01,8.112816e-03,1.260810e-05,1.494623e-01,4.818268e-03,1.321897e-06,3.632657e-01,2.818714e-02,5.187571e-05,1,50,N,N
8.932316e-02,8.200815e-04,8.193089e-07,2.066072e-01,9.782802e-03,1.520331e-05,2.290093e-01,1.267570e-02,7.216037e-06,1.914032e-01,6.187279e-03,4.211258e-06,3,47,N,N
1.885271e-01,2.832302e-03,9.054939e-06,2.574394e-01,8.033551e-03,4.918454e-06,1.852135e-01,8.009162e-03,2.490523e-06,4.259625e-01,3.774187e-02,7.063021e-05,2,52,N,N
1.637346e-01,4.323185e-03,1.056857e-05,2.111864e-01,8.574299e-03,6.690326e-06,1.546990e-01,5.742596e-03,1.674311e-06,5.017559e-01,5.202735e-02,1.312001e-04,2,90,N,N
8.924722e-02,9.839943e-04,2.770046e-06,2.505220e-01,5.713393e-03,3.431740e-06,1.843152e-01,7.626994e-03,3.262674e-06,3.684033e-01,3.123792e-02,4.980158e-05,2,58,N,N
9.062196e-02,8.441663e-04,1.138580e-06,1.779283e-01,6.990744e-03,9.423355e-06,2.443515e-01,1.405056e-02,7.652896e-06,2.513333e-01,1.196569e-02,1.146591e-05,3,69,N,N
9.105434e-02,8.856184e-04,2.020520e-06,3.147926e-01,8.485538e-03,4.127490e-06,1.834992e-01,7.947986e-03,2.155100e-06,5.002678e-01,5.352348e-02,9.251658e-05,2,63,N,N
1.001170e-01,1.073607e-03,1.673044e-06,2.489028e-01,8.814747e-03,3.693071e-06,2.585441e-01,1.668038e-02,1.003270e-05,2.904041e-01,1.331670e-02,1.502347e-05,2,98,N,N
6.558124e-02,9.382531e-04,3.602606e-06,2.649156e-01,3.922506e-03,1.987107e-06,2.135618e-01,1.065806e-02,3.752931e-06,3.458696e-01,2.780452e-02,1.651537e-05,1,40,N,N
9.380277e-02,8.075720e-04,1.385122e-06,2.619634e-01,8.244507e-03,5.127360e-06,2.612329e-01,1.675653e-02,1.369581e-05,2.624551e-01,1.213563e-02,1.381957e-05,3,85,N,N
1.183643e-01,1.494145e-03,4.683180e-06,2.569636e-01,5.527368e-03,3.598070e-06,2.451775e-01,1.292230e-02,7.759232e-06,3.535987e-01,2.906297e-02,4.928712e-05,3,78,N,N
2.576585e-01,6.256445e-03,1.389076e-05,2.527238e-01,9.065910e-03,5.056329e-06,1.748015e-01,7.354468e-03,1.576327e-06,5.389824e-01,5.625080e-02,9.779736e-05,1,49,N,N
6.716644e-02,6.757050e-04,1.355049e-06,2.472130e-01,6.672784e-03,2.905686e-06,2.233641e-01,1.217470e-02,5.132406e-06,2.620468e-01,1.125590e-02,8.034477e-06,1,72,N,N
7.546249e-02,8.911102e-04,2.728936e-06,2.138666e-01,4.207474e-03,2.621162e-06,2.534454e-01,1.348280e-02,8.970744e-06,2.269165e-01,1.127254e-02,7.394125e-06,0,24,N,N
2.064659e-01,3.364984e-03,1.018810e-05,2.365746e-01,7.767696e-03,5.549633e-06,1.694303e-01,6.526225e-03,1.828002e-06,3.988092e-01,3.543380e-02,4.839701e-05,1,45,N,N
8.202182e-02,1.087063e-03,3.923423e-06,2.654345e-01,5.422657e-03,3.167034e-06,2.414041e-01,1.343278e-02,7.755558e-06,2.918768e-01,2.006899e-02,1.171665e-05,0,51,N,N
2.235180e-01,3.724298e-03,1.355738e-05,2.184775e-01,5.178686e-03,2.051795e-06,1.861171e-01,8.404196e-03,1.849937e-06,5.027543e-01,5.163882e-02,8.307697e-05,0,100,N,N
7.719975e-02,7.027716e-04,1.432181e-06,1.454328e-01,4.047752e-03,3.515370e-06,3.097743e-01,2.231865e-02,1.353967e-05,2.317139e-01,9.013812e-03,8.297434e-06,1,96,N,N
8.221644e-02,8.982265e-04,2.390694e-06,2.326875e-01,4.658689e-03,1.861661e-06,2.322174e-01,1.315029e-02,6.851089e-06,4.638142e-01,4.565377e-02,8.340158e-05,3,82,N,N
1.503566e-01,2.568361e-03,8.679530e-06,2.192502e-01,5.760275e-03,5.341737e-06,1.916588e-01,6.989852e-03,2.423451e-06,3.821510e-01,3.372045e-02,5.414961e-05,3,50,N,N
1.457528e-01,2.976262e-03,7.217481e-06,2.451475e-01,1.153754e-02,1.064578e-05,1.442227e-01,5.047715e-03,9.913774e-07,4.400660e-01,3.925211e-02,6.686448e-05,3,89,N,N
1.196917e-01,9.970625e-04,1.613270e-06,2.979607e-01,9.228566e-03,4.854410e-06,2.746339e-01,1.822949e-02,1.055676e-05,3.456900e-01,2.497751e-02,3.319947e-05,2,82,N,N
1.467982e-01,2.508764e-03,6.451326e-06,2.350904e-01,6.977312e-03,5.209708e-06,2.229846e-01,1.132334e-02,7.294229e-06,3.510647e-01,2.806862e-02,3.365983e-05,0,55,N,N
1.661844e-01,3.294313e-03,5.561910e-06,2.322213e-01,9.730196e-03,6.228627e-06,1.224270e-01,3.601174e-03,6.214172e-07,4.086656e-01,3.399467e-02,4.914546e-05,0,20,N,N
6.072489e-02,5.557268e-04,6.131889e-07,1.441735e-01,3.592611e-03,3.348037e-06,2.500895e-01,1.276368e-02,9.244179e-06,2.133806e-01,9.384674e-03,8.902726e-06,0,36,N,N
9.148822e-02,8.515581e-04,1.403033e-06,2.653180e-01,7.157964e-03,3.597431e-06,2.629495e-01,1.653533e-02,1.241288e-05,3.125465e-01,1.913239e-02,2.326850e-05,0,56,N,N
1.663976e-01,3.197058e-03,1.262903e-05,2.013070e-01,5.428064e-03,5.847743e-06,2.024965e-01,9.073898e-03,6.678775e-06,3.177132e-01,2.487650e-02,2.991928e-05,1,94,N,N
6.398672e-02,8.717850e-04,3.203825e-06,2.816543e-01,5.008949e-03,3.449195e-06,2.626641e-01,1.531962e-02,1.124256e-05,2.639873e-01,1.458750e-02,1.011554e-05,2,91,N,N
1.286392e-01,1.344241e-03,2.395483e-06,2.815671e-01,6.985744e-03,4.319535e-06,2.393612e-01,1.354710e-02,5.860695e-06,3.563046e-01,2.863106e-02,2.861774e-05,1,70,N,N
8.576935e-02,9.353459e-04,2.187866e-06,3.006109e-01,7.592555e-03,5.533377e-06,2.268313e-01,1.097498e-02,5.322768e-06,3.121833e-01,2.144042e-02,2.578290e-05,0,44,N,N
1.520379e-01,3.153360e-03,9.222061e-06,2.199221e-01,8.469706e-03,1.361370e-05,1.773602e-01,7.218589e-03,4.746801e-06,3.312514e-01,2.710538e-02,3.928159e-05,3,94,N,N
8.815823e-02,8.799923e-04,1.670403e-06,2.728213e-01,6.790138e-03,2.729473e-06,1.842926e-01,8.117518e-03,2.246703e-06,3.332442e-01,2.500076e-02,1.811923e-05,1,79,N,N
8.555150e-02,7.744988e-04,9.419091e-07,3.208628e-01,1.310758e-02,1.044950e-05,3.065310e-01,2.247422e-02,1.871237e-05,2.312725e-01,9.417209e-03,8.198810e-06,3,56,N,N
1.035424e-01,9.693271e-04,1.335726e-06,2.764562e-01,8.320048e-03,5.539968e-06,2.663614e-01,1.726763e-02,1.038829e-05,2.849593e-01,1.780063e-02,1.196635e-05,3,70,N,N
1.139486e-01,1.084608e-03,2.130672e-06,2.874802e-01,9.151783e-03,3.425814e-06,2.184112e-01,1.162529e-02,3.632739e-06,4.363659e-01,3.600973e-02,5.810935e-05,3,88,N,N
2.230492e-01,3.003599e-03,1.017732e-05,2.279795e-01,6.483673e-03,4.808684e-06,1.945923e-01,8.240834e-03,2.621489e-06,4.212321e-01,3.879745e-02,5.651641e-05,3,71,N,N
1.038504e-01,1.029372e-03,1.795577e-06,3.178933e-01,1.151817e-02,7.438660e-06,2.364847e-01,1.331489e-02,3.869226e-06,3.526786e-01,2.465662e-02,2.981001e-05,0,74,N,N
1.251250e-01,1.862978e-03,5.914313e-06,2.234794e-01,4.590843e-03,5.384300e-06,1.836361e-01,6.878464e-03,2.992162e-06,3.346656e-01,2.673097e-02,3.594973e-05,0,17,N,N
1.790305e-01,3.323874e-03,1.513493e-05,2.876209e-01,7.792523e-03,6.478385e-06,2.313211e-01,1.178549e-02,6.109668e-06,2.711400e-01,1.759162e-02,1.003702e-05,1,51,N,N
1.002375e-01,1.000421e-03,1.951920e-06,1.845080e-01,6.695192e-03,1.291605e-05,2.444971e-01,1.321014e-02,9.104849e-06,1.860245e-01,6.461233e-03,5.665129e-06,1,64,N,N
1.845260e-01,2.498240e-03,7.884036e-06,1.310181e-01,3.126141e-03,3.011061e-06,2.591904e-01,1.551599e-02,8.932255e-06,2.360101e-01,1.055744e-02,7.154601e-06,2,77,N,N
9.656426e-02,8.643484e-04,1.836541e-06,1.802985e-01,3.443268e-03,1.553268e-06,1.973019e-01,9.370422e-03,5.724397e-06,2.295128e-01,1.021685e-02,1.110558e-05,1,85,N,N
9.923399e-02,1.099473e-03,3.183196e-06,3.032935e-01,6.250091e-03,5.088871e-06,3.050633e-01,2.071805e-02,1.893907e-05,2.379024e-01,1.180938e-02,9.298621e-06,1,38,N,N
6.371894e-02,8.184087e-04,2.809286e-06,2.524470e-01,4.425176e-03,3.984838e-06,2.808112e-01,1.697263e-02,1.343581e-05,2.356579e-01,1.147919e-02,7.499359e-06,1,91,N,N
8.033428e-02,9.096516e-04,2.324794e-06,2.283714e-01,4.982620e-03,1.312195e-06,2.274704e-01,1.270839e-02,3.786532e-06,4.753980e-01,4.178394e-02,6.838010e-05,3,100,N,N
7.125857e-02,6.275450e-04,1.081153e-06,3.141786e-01,1.001928e-02,6.256252e-06,3.182989e-01,2.436103e-02,2.417876e-05,2.131780e-01,8.813556e-03,5.702341e-06,0,10,N,N
9.512056e-02,9.019067e-04,1.277199e-06,2.849272e-01,1.164230e-02,8.353417e-06,2.748116e-01,1.865550e-02,1.224407e-05,2.222012e-01,6.886227e-03,5.221061e-06,1,99,N,N
8.559660e-02,1.246226e-03,5.019998e-06,2.850682e-01,5.234418e-03,1.790094e-06,1.658821e-01,6.582394e-03,1.420090e-06,5.013256e-01,5.316381e-02,8.406345e-05,1,83,N,N
1.381853e-01,1.558836e-03,4.019286e-06,2.535473e-01,5.615354e-03,2.522292e-06,2.072447e-01,1.047171e-02,3.417486e-06,5.347222e-01,6.272556e-02,1.243803e-04,0,28,N,N
1.043987e-01,1.789828e-03,5.039364e-06,1.518764e-01,4.051180e-03,4.290625e-06,1.366741e-01,4.223926e-03,1.408432e-06,2.830736e-01,1.819754e-02,3.013046e-05,3,59,N,N
1.907010e-01,3.129180e-03,6.489655e-06,2.804584e-01,1.186639e-02,8.959616e-06,1.661566e-01,6.609370e-03,1.828020e-06,4.196572e-01,3.822555e-02,3.996279e-05,0,101,N,N
9.436828e-02,9.273235e-04,2.208856e-06,1.322519e-01,2.943554e-03,2.968065e-06,2.290056e-01,1.299302e-02,1.681605e-05,2.267680e-01,9.928759e-03,1.087440e-05,0,2,N,N
1.258361e-01,1.260900e-03,2.346028e-06,2.221512e-01,5.695218e-03,2.328856e-06,2.651862e-01,1.743109e-02,1.046173e-05,2.576832e-01,1.039627e-02,7.182638e-06,2,99,N,N
1.538099e-01,2.252894e-03,7.488178e-06,2.486631e-01,5.825763e-03,2.716489e-06,1.566970e-01,5.993045e-03,1.666303e-06,3.710020e-01,3.036847e-02,3.649198e-05,0,14,N,N
7.647458e-02,8.033281e-04,1.744395e-06,2.939173e-01,8.554857e-03,3.473802e-06,2.077270e-01,1.033161e-02,3.626924e-06,4.240967e-01,3.239395e-02,5.621793e-05,1,84,N,N
6.267173e-02,7.022770e-04,1.875328e-06,2.415825e-01,4.753254e-03,1.849972e-06,2.879618e-01,1.956701e-02,1.439696e-05,3.193090e-01,2.162245e-02,1.930648e-05,3,92,N,N
2.256917e-01,3.135855e-03,4.116223e-06,2.568204e-01,9.078429e-03,4.295557e-06,1.747387e-01,7.237302e-03,1.748123e-06,4.198520e-01,3.439143e-02,5.939967e-05,3,49,N,N
6.258173e-02,9.231323e-04,3.529750e-06,2.837852e-01,5.257265e-03,3.232129e-06,2.032871e-01,9.268079e-03,2.745788e-06,3.444010e-01,2.859404e-02,1.694723e-05,0,40,N,N
2.176005e-01,3.818487e-03,1.623840e-05,2.456515e-01,5.894106e-03,4.754493e-06,1.520318e-01,5.010236e-03,8.301017e-07,4.821206e-01,5.050635e-02,9.488001e-05,2,57,N,N
2.271066e-01,2.488195e-03,4.083039e-06,2.582231e-01,8.712264e-03,3.436822e-06,2.109724e-01,1.107588e-02,3.706561e-06,5.159710e-01,4.562266e-02,1.187387e-04,0,95,N,N
1.655048e-01,1.757534e-03,4.347819e-06,2.780293e-01,6.349128e-03,4.222246e-06,1.821514e-01,7.430398e-03,1.718883e-06,5.304937e-01,6.126726e-02,1.101508e-04,2,60,N,N
5.626511e-02,4.053244e-04,2.130232e-07,1.275546e-01,4.117610e-03,4.583306e-06,1.798155e-01,7.896330e-03,3.632133e-06,1.958001e-01,6.218505e-03,6.791965e-06,2,73,N,N
1.561667e-01,1.680913e-03,3.157063e-06,2.119821e-01,6.615727e-03,5.413382e-06,2.644850e-01,1.742040e-02,1.233235e-05,3.030191e-01,1.774787e-02,2.174952e-05,3,67,N,N
1.201401e-01,1.155538e-03,1.973394e-06,2.624460e-01,5.747779e-03,3.133136e-06,2.423018e-01,1.385494e-02,6.302456e-06,3.203657e-01,2.243634e-02,1.953931e-05,2,70,N,N
1.704536e-01,2.091172e-03,6.384643e-06,2.507592e-01,5.845216e-03,2.907349e-06,1.862870e-01,7.984409e-03,2.704064e-06,4.883538e-01,4.879994e-02,9.694540e-05,3,52,N,N
1.010097e-01,1.112328e-03,2.929945e-06,2.684823e-01,5.688447e-03,2.162522e-06,1.688835e-01,7.042962e-03,1.755478e-06,5.203763e-01,5.682010e-02,9.075683e-05,1,43,N,N
7.517860e-02,7.697761e-04,1.121969e-06,2.631887e-01,7.924877e-03,2.700399e-06,2.428859e-01,1.464533e-02,5.978738e-06,4.694401e-01,3.489464e-02,9.061775e-05,1,95,N,N
9.539013e-02,1.152283e-03,3.659312e-06,2.608216e-01,6.778160e-03,2.358298e-06,1.696522e-01,7.101930e-03,1.925229e-06,5.346357e-01,5.286165e-02,9.701070e-05,0,62,N,N
6.752920e-02,1.099172e-03,4.366273e-06,2.002771e-01,4.051585e-03,3.004202e-06,2.451913e-01,1.106101e-02,6.860936e-06,2.388704e-01,1.377683e-02,9.679367e-06,0,9,N,N
7.170353e-02,6.303316e-04,7.492395e-07,1.421701e-01,4.307013e-03,4.898979e-06,2.719484e-01,1.722864e-02,1.365404e-05,1.537575e-01,4.313654e-03,2.083992e-06,3,87,N,N
6.299664e-02,5.823353e-04,8.388209e-07,2.449206e-01,7.899188e-03,2.136682e-06,2.399643e-01,1.385606e-02,3.472681e-06,4.514241e-01,4.025729e-02,5.896435e-05,3,86,N,N
1.174532e-01,1.284551e-03,3.067340e-06,1.577099e-01,3.561227e-03,3.031849e-06,2.809061e-01,1.817386e-02,1.481738e-05,3.118599e-01,2.005484e-02,2.126534e-05,1,81,N,N
6.638408e-02,1.055206e-03,4.598699e-06,1.952893e-01,3.513959e-03,1.737909e-06,1.797174e-01,6.911759e-03,2.678939e-06,2.607198e-01,1.559677e-02,1.428771e-05,2,66,N,N
9.885577e-02,1.074498e-03,2.579058e-06,2.888026e-01,7.766494e-03,7.028338e-06,3.157903e-01,2.285657e-02,2.222169e-05,2.500157e-01,1.309283e-02,1.084984e-05,0,33,N,N
8.630205e-02,1.003538e-03,3.129843e-06,2.602734e-01,4.926030e-03,3.357649e-06,2.225204e-01,1.060915e-02,4.668753e-06,3.581375e-01,2.988997e-02,3.717590e-05,0,53,N,N
5.549140e-02,7.313081e-04,2.597863e-06,1.801768e-01,2.974308e-03,1.914471e-06,1.874686e-01,6.873781e-03,2.607845e-06,3.366919e-01,2.701583e-02,3.465282e-05,2,59,N,N
9.887314e-02,1.132239e-03,1.836370e-06,1.624713e-01,6.485722e-03,9.937983e-06,2.308451e-01,1.316720e-02,8.166417e-06,2.111246e-01,6.813289e-03,7.854026e-06,0,16,N,N
9.269099e-02,9.757018e-04,1.884344e-06,2.961687e-01,8.177832e-03,2.756568e-06,2.300941e-01,1.305551e-02,4.088050e-06,4.526132e-01,4.119995e-02,5.841878e-05,2,74,N,N
5.708529e-02,6.033647e-04,1.359083e-06,3.130392e-01,8.116573e-03,4.941534e-06,2.852222e-01,1.883726e-02,1.055012e-05,3.044609e-01,1.976852e-02,1.853648e-05,3,102,N,N
9.134274e-02,8.838094e-04,1.929790e-06,2.946578e-01,9.038990e-03,4.603043e-06,1.772872e-01,6.933274e-03,1.565226e-06,4.275405e-01,3.723410e-02,6.679666e-05,1,69,N,N
5.167848e-02,3.938289e-04,4.139533e-07,1.409628e-01,4.502377e-03,2.313045e-06,1.894736e-01,8.560137e-03,1.721650e-06,2.349119e-01,9.697951e-03,8.611143e-06,0,86,N,N
1.729212e-01,3.138285e-03,8.063846e-06,2.498057e-01,9.079314e-03,9.062859e-06,1.283758e-01,3.777638e-03,4.994744e-07,3.747043e-01,3.144176e-02,3.076392e-05,0,104,N,N
9.911053e-02,1.041528e-03,2.071730e-06,1.623236e-01,3.938171e-03,1.308627e-06,1.897860e-01,8.273949e-03,2.610639e-06,5.097542e-01,5.614099e-02,1.581996e-04,0,12,N,N
5.906644e-02,8.183859e-04,3.229963e-06,2.392052e-01,4.033499e-03,4.204011e-06,2.263178e-01,1.080145e-02,5.760640e-06,3.095049e-01,2.354223e-02,1.295421e-05,0,54,N,N
9.215664e-02,9.594964e-04,1.968834e-06,2.966387e-01,8.160458e-03,2.781344e-06,2.293409e-01,1.294960e-02,4.247237e-06,4.700057e-01,4.349513e-02,6.741723e-05,1,74,N,N
8.519496e-02,1.056445e-03,3.531032e-06,2.678615e-01,4.928450e-03,1.929868e-06,1.898754e-01,8.572493e-03,2.367614e-06,4.121863e-01,3.610604e-02,4.547781e-05,2,83,N,N
6.746181e-02,7.134456e-04,1.548725e-06,1.971298e-01,5.159425e-03,5.148359e-06,2.678697e-01,1.610217e-02,9.250464e-06,2.618837e-01,1.338415e-02,1.116821e-05,1,92,N,N
2.514209e-01,2.765603e-03,5.127986e-06,2.933742e-01,9.635903e-03,5.532140e-06,2.367870e-01,1.373855e-02,4.863063e-06,3.585419e-01,2.701969e-02,2.469941e-05,3,101,N,N
8.029033e-02,6.820134e-04,7.416569e-07,2.916348e-01,1.092764e-02,9.132092e-06,2.822624e-01,1.872499e-02,1.468736e-05,2.137993e-01,8.373782e-03,7.468893e-06,1,56,N,N
7.058889e-02,5.693948e-04,7.973456e-07,1.464470e-01,5.040479e-03,6.406006e-06,2.230175e-01,1.240124e-02,6.376294e-06,1.809256e-01,4.753081e-03,4.333495e-06,0,25,N,N
6.866519e-02,8.034097e-04,2.514683e-06,2.304010e-01,4.778832e-03,2.502506e-06,2.359604e-01,1.284852e-02,5.837752e-06,3.685343e-01,2.993684e-02,3.679606e-05,2,71,N,N
2.026419e-01,5.495710e-03,3.168716e-05,2.117087e-01,5.624002e-03,5.661852e-06,1.925403e-01,7.217169e-03,3.243477e-06,2.990423e-01,2.093439e-02,2.985136e-05,1,75,N,N
1.830356e-01,3.196476e-03,6.419744e-06,2.746567e-01,1.193071e-02,8.341166e-06,1.719171e-01,7.096326e-03,1.896672e-06,4.422758e-01,4.150255e-02,4.879554e-05,1,101,N,N
1.106154e-01,1.162061e-03,2.077084e-06,3.013098e-01,9.220699e-03,3.903108e-06,2.510056e-01,1.578382e-02,7.444123e-06,3.052012e-01,1.762044e-02,1.607093e-05,0,23,N,N
6.445799e-02,1.031674e-03,4.226214e-06,2.039875e-01,5.134025e-03,5.074738e-06,1.847428e-01,7.398548e-03,2.570080e-06,3.680000e-01,3.164325e-02,3.780876e-05,0,37,N,N
8.270188e-02,6.963405e-04,1.083093e-06,2.404674e-01,7.621836e-03,4.939060e-06,2.558405e-01,1.599542e-02,1.490955e-05,2.551440e-01,1.156059e-02,1.852596e-05,0,85,N,N
7.972626e-02,7.478823e-04,1.636925e-06,1.431169e-01,3.598133e-03,2.859633e-06,3.031792e-01,2.090379e-02,1.099080e-05,2.251748e-01,8.613530e-03,7.572050e-06,0,96,N,N
8.295979e-02,9.562607e-04,2.672961e-06,2.214585e-01,4.496811e-03,2.203392e-06,2.553786e-01,1.431674e-02,9.378854e-06,3.091048e-01,2.189487e-02,3.420456e-05,0,78,N,N
9.011725e-02,7.945879e-04,1.128548e-06,2.867255e-01,9.281879e-03,4.791064e-06,3.024745e-01,2.227079e-02,1.968780e-05,2.834785e-01,1.484687e-02,1.607535e-05,2,56,N,N
9.160432e-02,9.159570e-04,1.389250e-06,1.760534e-01,6.644076e-03,8.913723e-06,2.194268e-01,1.131524e-02,4.092699e-06,2.754570e-01,1.381743e-02,1.854754e-05,0,69,N,N
2.121510e-01,4.261141e-03,1.858178e-05,2.283701e-01,6.747500e-03,4.760579e-06,1.506394e-01,4.952925e-03,8.527611e-07,4.053371e-01,3.798486e-02,5.261023e-05,3,57,N,N
2.437246e-01,4.930807e-03,2.264634e-05,2.294617e-01,5.501556e-03,5.013939e-06,1.492947e-01,4.795297e-03,8.252975e-07,4.673394e-01,4.736286e-02,8.296920e-05,1,57,N,N
1.639817e-01,3.484672e-03,9.312793e-06,2.671939e-01,1.322028e-02,1.301555e-05,1.409352e-01,4.796088e-03,7.608339e-07,4.329921e-01,3.770867e-02,5.400574e-05,2,89,N,N
1.553281e-01,3.251950e-03,9.321801e-06,2.284138e-01,9.353365e-03,1.456425e-05,1.721165e-01,6.763638e-03,4.256466e-06,2.996681e-01,2.230072e-02,2.734625e-05,0,94,N,N
1.428797e-01,1.638745e-03,2.701688e-06,1.723059e-01,4.793190e-03,3.821337e-06,1.767422e-01,7.433471e-03,1.670087e-06,2.578743e-01,1.383311e-02,8.762165e-06,0,79,N,N
1.536143e-01,2.064483e-03,4.912229e-06,1.830298e-01,4.808611e-03,2.915667e-06,2.225092e-01,1.051928e-02,4.505082e-06,4.692500e-01,4.520644e-02,1.234283e-04,0,21,N,N
1.169723e-01,1.187455e-03,2.052767e-06,2.595385e-01,9.851916e-03,9.705327e-06,2.536091e-01,1.494891e-02,7.262735e-06,3.021947e-01,1.792964e-02,2.270552e-05,0,82,N,N
7.811428e-02,1.140053e-03,4.642936e-06,2.772887e-01,4.989203e-03,1.920298e-06,1.523231e-01,5.509291e-03,1.075967e-06,5.023532e-01,5.360363e-02,8.827549e-05,0,83,N,N
1.808074e-01,2.576811e-03,8.461912e-06,1.897441e-01,4.708131e-03,3.286730e-06,2.045938e-01,9.460822e-03,3.469353e-06,4.433342e-01,4.557418e-02,7.944973e-05,1,48,N,N
1.064646e-01,9.460688e-04,1.317360e-06,1.910372e-01,7.522258e-03,1.027673e-05,2.533155e-01,1.436543e-02,6.229530e-06,2.294161e-01,9.920902e-03,8.505724e-06,3,84,N,N
2.208633e-01,3.376652e-03,1.030000e-05,2.669548e-01,8.618340e-03,7.500822e-06,1.638999e-01,6.163197e-03,1.263728e-06,4.574533e-01,4.568420e-02,6.503568e-05,0,60,N,N
2.087645e-01,4.027752e-03,1.207294e-05,2.394731e-01,8.012596e-03,7.204454e-06,1.478294e-01,4.996206e-03,8.294925e-07,4.418202e-01,4.232580e-02,6.085721e-05,3,60,N,N
1.934795e-01,1.942226e-03,2.628475e-06,2.102756e-01,5.596941e-03,1.898579e-06,1.902379e-01,8.937406e-03,3.141157e-06,4.406654e-01,3.698264e-02,8.856569e-05,0,13,N,N
4.547296e-02,3.137400e-04,2.865678e-07,2.290982e-01,5.608819e-03,1.919976e-06,2.430988e-01,1.401991e-02,9.117172e-06,2.571192e-01,1.346414e-02,1.338610e-05,0,30,N,N
8.183498e-02,9.845126e-04,2.806442e-06,1.673517e-01,3.196904e-03,2.544309e-06,2.729121e-01,1.628582e-02,1.178295e-05,2.924706e-01,1.807827e-02,1.578462e-05,3,81,N,N
2.223441e-01,3.673306e-03,1.125944e-05,2.097306e-01,6.371268e-03,3.334923e-06,1.215310e-01,3.418656e-03,4.910610e-07,4.088035e-01,3.737330e-02,6.513016e-05,3,63,N,N
7.809659e-02,6.392167e-04,1.162617e-06,2.912706e-01,9.294665e-03,1.070976e-05,2.623117e-01,1.520147e-02,1.244519e-05,1.579659e-01,4.839986e-03,3.286336e-06,2,64,N,N
8.874247e-02,8.334525e-04,1.695526e-06,3.074905e-01,8.838393e-03,4.359401e-06,1.867798e-01,7.900852e-03,2.052801e-06,4.246172e-01,3.718445e-02,6.711102e-05,2,69,N,N
7.743718e-02,7.698909e-04,1.670251e-06,2.324189e-01,7.681764e-03,3.462952e-06,1.746113e-01,7.111645e-03,1.515197e-06,5.165881e-01,5.623204e-02,1.295179e-04,2,12,N,N
6.960619e-02,6.874932e-04,1.622256e-06,2.431037e-01,5.687766e-03,2.946389e-06,2.795973e-01,1.862117e-02,1.684155e-05,2.469151e-01,1.269053e-02,8.714331e-06,1,10,N,N
2.263686e-01,3.516755e-03,1.267263e-05,2.945880e-01,8.653368e-03,4.956965e-06,1.670540e-01,6.793663e-03,1.392138e-06,5.560473e-01,6.313242e-02,1.190616e-04,0,43,N,N
1.476258e-01,1.582888e-03,2.979643e-06,1.793159e-01,5.569680e-03,5.314433e-06,2.496542e-01,1.541038e-02,9.340366e-06,2.719460e-01,1.400157e-02,1.497709e-05,0,67,N,N
8.334543e-02,1.078766e-03,3.811236e-06,2.027869e-01,3.695797e-03,2.092823e-06,2.125746e-01,9.773182e-03,4.072524e-06,4.122922e-01,3.855184e-02,6.974561e-05,2,53,N,N
2.259017e-01,3.649734e-03,7.817887e-06,2.815151e-01,1.051264e-02,7.212901e-06,2.075733e-01,1.001984e-02,4.775232e-06,4.138379e-01,3.068582e-02,6.732748e-05,3,65,N,N
1.257356e-01,2.005802e-03,6.216710e-06,1.825588e-01,4.195063e-03,2.637085e-06,2.177845e-01,1.047198e-02,3.716509e-06,4.320720e-01,4.433247e-02,5.617645e-05,3,76,N,N
5.842880e-02,6.060264e-04,1.322967e-06,2.209054e-01,6.414072e-03,5.426959e-06,2.727409e-01,1.678238e-02,8.084226e-06,2.400566e-01,1.179395e-02,9.558392e-06,1,102,N,N
6.801534e-02,5.686596e-04,3.424636e-07,1.813311e-01,7.757677e-03,9.469043e-06,2.114840e-01,1.078318e-02,5.434992e-06,2.256776e-01,8.906233e-03,1.063227e-05,0,73,N,N
