1.157892e+03,1.262865e+05,8.509750e-03,8.052813e-04,-2.107752e-06,2.851265e-01,-2.394951e-06,5.527954e+02,6.640876e+04,8.694605e-03,1.592861e-03,-4.880314e-06,-3.766572e-01,-4.845356e-06,9.002454e+02,4.681887e+05,2.336227e-03,4.969985e-04,4.693561e-07,1.890406e-01,-2.080700e-07,0,42
1.364401e+03,1.076451e+05,3.724792e-04,1.247166e-03,-2.231864e-08,3.229783e-01,9.180536e-07,6.031763e+02,1.970230e+05,1.167339e-02,9.739103e-04,-3.262328e-06,-4.296471e-01,-2.167783e-06,9.248067e+02,6.186790e+05,3.778409e-03,6.242687e-04,8.518926e-07,2.421400e-01,-7.725414e-08,0,83
1.249706e+03,1.908130e+05,2.707701e-03,1.110548e-04,-3.907056e-08,6.824795e-03,-4.040571e-08,5.262373e+02,8.345567e+04,8.709474e-03,1.097383e-03,-3.385022e-06,-3.156632e-01,-2.785399e-06,9.612002e+02,6.102224e+05,2.251706e-03,1.132569e-03,1.789012e-06,6.661334e-01,1.334396e-06,2,78
1.216560e+03,1.907339e+05,3.005946e-03,2.022222e-04,9.206148e-08,1.004559e-03,9.149743e-08,5.074074e+02,7.579593e+04,1.207386e-02,1.172930e-03,-4.383264e-06,-3.201131e-01,-3.491904e-06,9.416801e+02,5.311997e+05,2.427028e-03,3.553822e-04,2.974055e-07,5.761632e-02,1.374618e-07,1,94
1.490274e+03,1.360607e+05,3.077598e-04,5.981110e-05,4.345832e-09,2.206058e-02,1.105401e-08,6.320013e+02,2.427599e+05,1.090124e-02,1.063022e-03,-3.586105e-06,-5.208739e-01,-3.074586e-06,1.000512e+03,7.643015e+05,1.254972e-04,5.396403e-05,3.839223e-09,4.647612e-02,5.002209e-11,2,84
1.350323e+03,1.026538e+05,1.039719e-04,3.783165e-04,-7.481805e-08,2.965392e-02,-1.637357e-08,5.982732e+02,1.978938e+05,1.183575e-02,1.013309e-03,-3.491022e-06,-4.500919e-01,-2.143786e-06,9.147511e+02,5.993979e+05,2.691499e-03,1.920836e-04,-6.322418e-08,-9.396621e-02,4.402865e-09,2,83
1.414021e+03,2.069125e+05,2.104591e-04,2.612703e-04,-5.646027e-08,8.656799e-02,2.471629e-08,6.069101e+02,1.331310e+05,1.009857e-02,1.063739e-03,-3.407245e-06,-3.864945e-01,-2.494485e-06,1.051732e+03,7.888740e+05,1.116605e-03,2.834896e-04,1.284196e-07,1.408755e-01,1.490139e-07,2,65
1.460890e+03,6.719515e+04,2.123965e-04,5.519924e-04,-1.847343e-07,1.170992e-01,-3.176077e-08,7.077866e+02,2.573651e+05,8.288056e-03,1.017787e-03,-2.934953e-06,-5.057640e-01,-2.487052e-06,9.539739e+02,6.970344e+05,2.483993e-03,2.127308e-04,-1.214777e-07,-1.506578e-01,7.571806e-10,0,79
1.394586e+03,1.111100e+05,8.214709e-04,2.719743e-03,3.094104e-06,8.828970e-01,5.035602e-06,6.109989e+02,2.042072e+05,9.502906e-03,8.816201e-04,-2.458343e-06,-3.905385e-01,-1.944717e-06,9.442814e+02,6.631801e+05,4.908793e-03,1.647308e-03,4.654994e-06,1.058952e+00,-1.136818e-06,3,57
1.388760e+03,2.023873e+05,3.731057e-03,8.214016e-04,-1.411401e-06,3.599509e-01,-1.542549e-06,6.045713e+02,1.154096e+05,8.479521e-03,1.218514e-03,-3.752149e-06,-4.086681e-01,-3.561283e-06,1.049054e+03,7.691851e+05,9.487066e-04,3.645910e-05,-1.210843e-09,4.654919e-03,2.780030e-09,0,55
1.494742e+03,1.030815e+05,1.161183e-03,2.386059e-04,-5.496143e-08,-7.137091e-02,-1.197680e-07,6.697501e+02,2.639342e+05,1.157898e-02,1.132222e-03,-3.770146e-06,-5.478141e-01,-1.988422e-06,9.856668e+02,7.548011e+05,7.644157e-04,1.662869e-04,5.006819e-08,1.714778e-02,2.842389e-08,2,12
1.301294e+03,1.314928e+05,1.321481e-03,4.749388e-04,-3.751512e-07,1.714009e-01,-2.759214e-07,5.766267e+02,1.321160e+05,1.225494e-02,1.126282e-03,-4.171673e-06,-4.082652e-01,-3.745160e-06,9.392389e+02,5.935466e+05,4.106317e-03,2.298107e-04,-1.621810e-07,-1.563107e-01,-7.380360e-08,0,8
1.548036e+03,1.564507e+05,5.479836e-05,9.564933e-04,-1.911263e-07,3.607284e-01,-2.545317e-07,6.812127e+02,2.251436e+05,7.072866e-03,9.076078e-04,-2.296673e-06,-4.306284e-01,-2.128218e-06,1.073694e+03,8.576515e+05,1.886963e-03,4.911263e-04,4.362179e-07,3.907836e-01,6.429595e-07,3,98
1.339700e+03,1.836445e+05,2.234838e-03,2.552504e-04,-1.144912e-07,7.861453e-02,-1.308994e-07,5.898579e+02,1.087603e+05,8.643717e-03,1.163724e-03,-3.525508e-06,-3.782087e-01,-2.998653e-06,1.011013e+03,6.963533e+05,5.482393e-04,1.078143e-04,2.597230e-08,3.389528e-02,-5.503197e-09,1,93
1.351504e+03,6.231204e+04,4.057590e-03,2.652764e-03,-8.694584e-06,6.348565e-01,-9.602447e-06,7.092599e+02,1.652874e+05,8.866702e-03,1.683866e-03,-6.162024e-06,-6.742056e-01,-6.075585e-06,9.451302e+02,5.923406e+05,3.255283e-03,1.739731e-04,-8.169695e-09,1.811826e-03,-1.505599e-07,0,67
1.429677e+03,1.047326e+05,8.392479e-04,1.114664e-04,3.393499e-09,1.036434e-02,3.610091e-09,6.488502e+02,2.154992e+05,1.116094e-02,1.246190e-03,-4.574687e-06,-5.744593e-01,-3.817219e-06,9.682924e+02,7.157679e+05,1.447645e-03,1.826467e-04,3.604279e-08,-2.758950e-02,-3.148942e-09,1,60
1.509289e+03,1.209402e+05,2.653905e-04,1.032407e-03,-4.956918e-07,2.990773e-01,1.634361e-08,6.978109e+02,2.348021e+05,1.048481e-02,1.238572e-03,-4.283619e-06,-5.946887e-01,-3.200374e-06,1.027888e+03,8.191189e+05,8.908461e-04,3.491691e-04,1.922015e-07,2.966432e-01,3.928535e-08,1,103
1.452721e+03,1.225886e+05,4.201565e-04,5.018895e-04,-8.512283e-09,1.400690e-01,4.087499e-08,6.709951e+02,1.929721e+05,8.105987e-03,1.051277e-03,-2.892960e-06,-4.332294e-01,-2.088582e-06,1.013436e+03,7.902649e+05,1.913597e-03,1.044687e-03,1.475146e-06,7.594475e-01,1.407046e-06,2,79
1.401235e+03,1.206938e+05,8.936155e-05,4.790804e-04,-5.601394e-08,7.753232e-02,3.185853e-08,6.316259e+02,1.858051e+05,1.169952e-02,1.241463e-03,-4.726600e-06,-5.333759e-01,-3.348075e-06,9.726510e+02,7.090726e+05,8.902722e-04,1.946570e-04,6.908669e-08,7.217673e-02,-2.833978e-08,3,69
1.345903e+03,9.889046e+04,4.684923e-05,3.359929e-03,-1.168488e-06,8.095254e-01,-8.286587e-07,6.170452e+02,1.719368e+05,9.898762e-03,1.187687e-03,-2.034697e-06,-3.200072e-01,-1.376412e-06,9.312560e+02,6.283739e+05,4.211524e-03,9.988125e-04,2.014107e-06,6.065487e-01,-6.230253e-07,0,61
1.255473e+03,1.072056e+05,2.125617e-03,9.661916e-04,-1.276170e-06,3.123039e-01,-1.275847e-06,5.836705e+02,1.198481e+05,1.007081e-02,1.361594e-03,-4.688403e-06,-4.577910e-01,-4.655508e-06,9.092837e+02,5.154931e+05,4.192420e-03,2.273503e-04,-5.589995e-09,-1.222862e-01,5.728594e-08,0,59
1.501926e+03,1.035314e+05,2.669688e-04,7.333187e-04,2.147629e-07,1.709950e-01,1.512749e-07,6.743734e+02,2.590118e+05,9.383775e-03,9.312710e-04,-2.743266e-06,-4.719686e-01,-2.179318e-06,9.945052e+02,7.828410e+05,7.165460e-04,4.903542e-04,2.864165e-07,4.122278e-01,1.728387e-08,0,31
1.314583e+03,1.109974e+05,6.855866e-04,3.444497e-04,-1.591133e-07,9.691194e-02,-6.803023e-08,5.969604e+02,1.490686e+05,1.223050e-02,1.268858e-03,-4.945845e-06,-4.849620e-01,-4.188523e-06,9.287553e+02,5.823725e+05,2.519584e-03,1.472362e-04,-6.745606e-08,-1.040131e-01,-1.605819e-08,1,96
1.148844e+03,6.721930e+04,1.336779e-03,1.423216e-03,-8.172999e-07,1.746746e-01,-4.913503e-07,5.582465e+02,1.159394e+05,1.603553e-02,1.465651e-03,-7.033717e-06,-4.924641e-01,-4.411692e-06,8.108152e+02,3.697235e+05,9.790357e-03,6.409152e-04,-1.600806e-06,-3.879343e-01,-4.064559e-07,2,37
1.445801e+03,2.040775e+05,4.977455e-04,2.163801e-04,-6.474623e-08,5.746594e-02,2.991425e-08,6.205904e+02,1.473480e+05,1.043840e-02,1.025769e-03,-3.355505e-06,-3.925935e-01,-2.150125e-06,1.064019e+03,8.144158e+05,1.563974e-03,3.853548e-04,2.187585e-07,1.419335e-01,2.063879e-07,1,65
1.473628e+03,9.365426e+04,4.118393e-04,3.928259e-04,-1.580017e-07,1.200352e-01,-1.626036e-07,6.814246e+02,2.411479e+05,1.075588e-02,1.333912e-03,-4.640858e-06,-6.188539e-01,-4.324772e-06,9.865433e+02,7.525303e+05,2.001440e-03,1.655944e-04,-9.422777e-08,-1.436482e-01,-1.354743e-09,0,28
1.457787e+03,1.013044e+05,1.322848e-04,6.315323e-04,-1.451600e-07,1.044547e-01,9.765087e-08,6.642079e+02,2.416549e+05,8.288459e-03,8.447456e-04,-2.175466e-06,-4.038126e-01,-1.384833e-06,9.684277e+02,7.217994e+05,1.605586e-03,2.475394e-04,1.014313e-07,3.771026e-02,-2.434539e-08,0,1
1.419538e+03,1.207926e+05,3.073805e-04,1.567891e-03,-3.734995e-07,2.698530e-01,5.252659e-07,6.460530e+02,1.959391e+05,1.014996e-02,1.075459e-03,-3.412358e-06,-4.597995e-01,-1.585588e-06,9.837622e+02,7.283957e+05,1.639958e-03,7.703998e-04,8.538960e-07,5.147578e-01,-2.387549e-07,2,69
1.446181e+03,7.881040e+04,3.205742e-03,2.394724e-03,-6.289393e-06,6.390573e-01,-7.540000e-06,7.391387e+02,1.870664e+05,9.348259e-03,1.760262e-03,-7.045058e-06,-7.595674e-01,-6.807109e-06,1.013721e+03,6.953033e+05,3.314882e-03,1.650795e-04,-4.989181e-09,1.022249e-02,-1.424821e-07,2,67
1.465491e+03,1.164660e+05,8.590415e-04,1.511184e-04,-3.004379e-08,2.977301e-02,-1.916311e-08,6.774194e+02,2.067587e+05,1.000873e-02,1.094251e-03,-3.586153e-06,-4.968220e-01,-2.950998e-06,1.012083e+03,7.815428e+05,1.854299e-04,2.019589e-05,-8.756457e-10,-8.733054e-03,-8.583315e-10,1,90
1.309659e+03,7.662156e+04,1.906806e-04,2.944132e-05,-2.191305e-09,8.147244e-03,-2.588370e-09,6.025421e+02,1.865049e+05,1.271494e-02,1.183090e-03,-4.397128e-06,-4.987478e-01,-4.242759e-06,8.784811e+02,5.290989e+05,5.464299e-03,4.517657e-04,-4.414001e-07,-2.548703e-01,-4.149863e-07,0,102
1.392622e+03,1.151216e+05,1.940191e-04,2.512351e-03,1.753309e-06,8.497642e-01,2.038176e-06,6.216947e+02,1.879073e+05,9.048128e-03,9.498668e-04,-2.557526e-06,-3.937578e-01,-2.525090e-06,9.594802e+02,6.873409e+05,2.485971e-03,1.445820e-03,2.721030e-06,1.167494e+00,6.619995e-07,0,14
1.480939e+03,9.837462e+04,4.929496e-04,5.980870e-04,1.149795e-07,1.158131e-01,2.005870e-07,6.674801e+02,2.608517e+05,1.063260e-02,1.012408e-03,-3.319089e-06,-5.169951e-01,-2.463177e-06,9.730168e+02,7.407810e+05,7.996894e-04,4.605478e-04,2.764111e-07,3.559924e-01,-3.161929e-08,1,63
1.468469e+03,2.030094e+05,1.499157e-04,6.678438e-04,7.626724e-08,2.950503e-01,2.064628e-07,6.178053e+02,1.601946e+05,7.453225e-03,9.231346e-04,-2.416089e-06,-3.694361e-01,-2.301425e-06,1.068227e+03,8.117984e+05,1.273373e-03,3.218036e-04,1.944258e-07,2.707762e-01,2.524086e-07,2,99
1.470407e+03,8.166738e+04,8.895996e-04,4.046793e-04,-2.403935e-07,1.128479e-01,-2.199909e-07,6.870766e+02,2.510597e+05,9.535509e-03,1.148927e-03,-3.719949e-06,-5.670636e-01,-3.374662e-06,9.719564e+02,7.229675e+05,1.129132e-03,9.487728e-05,-3.098053e-08,-8.045243e-02,-2.271075e-10,1,46
1.291305e+03,4.817509e+04,1.119487e-03,3.573370e-03,-7.138786e-06,7.470679e-01,-5.528384e-06,6.474630e+02,1.834686e+05,1.151464e-02,1.556880e-03,-6.568317e-06,-6.665495e-01,-5.427094e-06,8.644180e+02,4.812124e+05,8.288029e-03,6.530847e-04,2.496525e-08,-4.476798e-02,-7.960142e-07,0,40
1.490543e+03,1.086872e+05,3.091566e-03,7.039428e-04,-1.014414e-06,2.319590e-01,-1.020478e-06,6.812539e+02,2.322571e+05,8.235263e-03,1.089793e-03,-3.162211e-06,-5.175284e-01,-3.124482e-06,1.008660e+03,7.687275e+05,7.946835e-04,4.290525e-05,-1.001037e-09,-3.121271e-02,3.803390e-09,0,23
1.526047e+03,9.819040e+04,2.122338e-04,3.298625e-04,-2.587861e-08,1.020489e-01,5.923670e-08,6.649484e+02,3.062920e+05,9.736552e-03,9.880033e-04,-3.052530e-06,-5.457845e-01,-2.634459e-06,9.748384e+02,7.659361e+05,8.670134e-04,1.570618e-04,4.283139e-08,4.030812e-02,9.442227e-09,2,74
1.330734e+03,1.146784e+05,1.023255e-03,2.075839e-03,-2.981523e-06,6.612351e-01,-2.407528e-06,6.172422e+02,1.427380e+05,1.138379e-02,1.445255e-03,-5.804020e-06,-5.394140e-01,-5.116839e-06,9.529285e+02,5.646452e+05,5.410651e-03,3.152485e-04,-1.542614e-07,-7.821537e-02,-1.404500e-07,2,59
1.427359e+03,7.051894e+04,3.261830e-04,1.754202e-03,-1.326884e-06,4.644424e-01,-1.020228e-06,6.667437e+02,2.460794e+05,1.053094e-02,1.098915e-03,-3.733627e-06,-5.448953e-01,-3.431437e-06,9.319764e+02,6.706036e+05,2.517908e-03,4.605797e-04,4.552825e-07,2.244630e-01,-1.837643e-07,0,89
1.294327e+03,1.408872e+05,2.025946e-03,6.664010e-04,-6.764240e-07,2.384712e-01,-8.868358e-07,5.596319e+02,1.327554e+05,1.176456e-02,1.312270e-03,-4.479893e-06,-4.425258e-01,-4.175250e-06,9.325166e+02,5.785616e+05,3.080372e-03,2.247028e-04,-1.570473e-07,-1.664782e-01,-4.252092e-08,2,92
1.604603e+03,5.793972e+04,3.515281e-04,1.205004e-04,-3.044980e-09,1.198706e-02,5.063897e-09,7.505394e+02,3.843204e+05,8.145687e-03,8.682532e-04,-2.283388e-06,-5.343745e-01,-1.905868e-06,9.860792e+02,8.107795e+05,3.065115e-04,1.223560e-04,2.343820e-08,7.838880e-02,-5.196827e-09,1,86
1.570338e+03,9.468313e+04,6.222781e-04,4.561686e-04,2.273961e-07,1.402664e-01,3.271532e-07,7.368140e+02,2.798853e+05,8.422455e-03,8.083653e-04,-2.109221e-06,-4.271157e-01,-1.943692e-06,1.041297e+03,8.625997e+05,1.111632e-03,7.393073e-04,6.545464e-07,6.024932e-01,8.522956e-07,0,20
1.369925e+03,1.018191e+05,4.814097e-05,1.799798e-03,-3.765782e-07,5.626604e-01,-7.067202e-07,6.054625e+02,2.005488e+05,1.119517e-02,1.065683e-03,-3.604570e-06,-4.702945e-01,-3.294948e-06,9.242569e+02,6.286277e+05,4.465849e-03,6.509900e-04,8.397844e-07,1.916567e-01,-1.773577e-07,2,57
1.177030e+03,1.607416e+05,4.211743e-03,9.747834e-04,-1.973329e-06,3.901924e-01,-2.202863e-06,5.050521e+02,7.501803e+04,1.173947e-02,1.199218e-03,-3.900335e-06,-3.074914e-01,-3.803532e-06,9.034037e+02,4.857957e+05,3.628339e-03,2.091492e-04,-8.569801e-08,-1.229969e-01,-3.497743e-08,3,94
1.552532e+03,1.726647e+05,4.350768e-05,1.248283e-03,9.083729e-08,4.840499e-01,3.874992e-07,6.817817e+02,2.150054e+05,6.879670e-03,8.979990e-04,-2.193350e-06,-4.141642e-01,-1.765804e-06,1.091496e+03,8.900286e+05,2.315038e-03,7.806025e-04,1.035022e-06,7.026360e-01,1.280195e-06,1,98
1.410397e+03,5.338717e+04,5.479351e-04,3.610371e-03,-4.761871e-06,7.876800e-01,-6.504662e-06,7.104838e+02,2.335071e+05,9.223328e-03,1.461802e-03,-4.787215e-06,-6.638931e-01,-4.563477e-06,9.290015e+02,6.373372e+05,4.862374e-03,9.255505e-04,1.540770e-06,4.090319e-01,-1.226496e-06,0,76
1.509157e+03,8.628962e+04,1.004141e-04,1.722737e-04,-2.199135e-08,4.304765e-02,1.432370e-09,6.824621e+02,2.884999e+05,9.727825e-03,1.014617e-03,-3.184143e-06,-5.449594e-01,-2.744145e-06,9.726419e+02,7.592813e+05,5.266974e-04,4.113862e-05,7.676988e-10,-6.636060e-03,-5.429171e-10,3,100
1.225049e+03,1.663114e+05,2.479851e-04,2.370201e-03,-1.546743e-06,9.604116e-01,-4.198246e-07,5.124492e+02,9.391819e+04,1.251450e-02,9.011939e-04,-3.022012e-06,-2.761376e-01,-2.762090e-06,9.193299e+02,5.200270e+05,5.404387e-03,6.705967e-04,1.240469e-06,3.566389e-01,-1.981352e-07,0,66
1.632551e+03,1.482208e+05,5.818145e-04,3.299712e-04,1.432245e-07,-8.156740e-02,1.604848e-07,7.038456e+02,3.077976e+05,9.578034e-03,1.085479e-03,-2.405886e-06,-4.794328e-01,-1.103388e-06,1.079462e+03,9.483282e+05,1.160092e-04,2.077761e-05,-8.304431e-11,-7.439843e-03,-1.999501e-10,3,49
1.475973e+03,6.298092e+04,1.573746e-04,8.695197e-04,-3.126440e-07,2.054967e-01,-3.007552e-07,6.989691e+02,2.810764e+05,8.543736e-03,9.670921e-04,-2.758075e-06,-5.114641e-01,-2.492281e-06,9.465254e+02,7.056232e+05,1.138676e-03,2.486165e-04,1.123664e-07,1.052676e-01,-5.501031e-08,0,15
1.320819e+03,5.641130e+04,2.075859e-04,1.208483e-03,-5.632858e-07,2.803523e-01,-1.538953e-07,6.373863e+02,1.993928e+05,9.777198e-03,1.029359e-03,-3.188476e-06,-4.530054e-01,-2.910364e-06,8.743803e+02,5.390023e+05,3.973604e-03,3.660424e-04,5.943861e-08,-5.903751e-02,-4.955309e-08,3,68
1.555964e+03,1.397101e+05,4.279659e-04,6.531970e-04,2.492494e-07,2.193158e-01,3.885675e-07,6.667219e+02,2.714764e+05,8.298254e-03,7.987631e-04,-2.054860e-06,-4.157305e-01,-1.718536e-06,1.036346e+03,8.700400e+05,6.255507e-04,5.793857e-04,3.388047e-07,5.403345e-01,1.985911e-07,0,29
1.484159e+03,1.560451e+05,1.950191e-04,8.618090e-05,1.051794e-08,3.404166e-02,1.502305e-08,6.195579e+02,2.238660e+05,1.132826e-02,1.133038e-03,-4.057890e-06,-5.360903e-01,-3.874729e-06,1.011041e+03,7.763311e+05,1.311792e-04,9.192788e-05,8.716024e-09,8.088398e-02,3.028145e-09,1,84
1.385159e+03,1.283801e+05,4.628094e-04,7.470940e-04,-1.382262e-07,1.435028e-01,-1.897246e-07,6.082931e+02,1.835800e+05,1.067290e-02,1.164685e-03,-4.089904e-06,-4.939461e-01,-3.130262e-06,9.571033e+02,6.646117e+05,1.876479e-03,1.676931e-04,-3.710258e-08,-7.406614e-02,-4.365230e-10,0,48
1.238724e+03,2.183794e+05,3.155767e-04,1.945282e-04,-1.762277e-08,8.706347e-02,-4.918477e-09,4.914987e+02,7.918072e+04,8.907012e-03,6.610385e-04,-1.602079e-06,-1.852474e-01,-1.523208e-06,9.584901e+02,5.755207e+05,3.447494e-03,1.160861e-04,-4.049260e-08,-7.946425e-02,-1.956498e-08,2,66
1.310115e+03,8.471077e+04,6.730224e-04,8.102708e-04,-3.756476e-07,1.366395e-01,-2.753485e-07,6.068134e+02,1.801233e+05,1.227806e-02,1.229364e-03,-4.745477e-06,-5.173146e-01,-3.618451e-06,8.867890e+02,5.427530e+05,4.506032e-03,3.351461e-04,-3.767563e-07,-2.308426e-01,-6.388539e-08,0,71
1.354497e+03,1.238965e+05,1.004693e-04,1.439923e-04,1.349906e-08,-4.468231e-02,9.502962e-09,5.874239e+02,1.840354e+05,1.090794e-02,9.019029e-04,-2.827353e-06,-3.868547e-01,-1.759767e-06,9.315556e+02,6.233323e+05,2.429538e-03,1.673111e-04,-2.262064e-08,-8.076762e-02,-3.406657e-08,3,83
1.423864e+03,1.497101e+05,2.701543e-03,2.619386e-04,-2.490766e-08,-1.007984e-01,3.944125e-08,6.260156e+02,1.757589e+05,7.672919e-03,9.495715e-04,-2.553405e-06,-3.903337e-01,-1.649426e-06,1.005050e+03,7.138579e+05,6.017471e-04,4.721006e-04,2.122993e-07,3.254225e-01,1.246317e-07,0,72
1.174806e+03,2.099264e+05,8.791446e-04,4.173405e-04,-2.499124e-07,1.808664e-01,-2.256357e-07,4.829861e+02,5.884251e+04,1.082717e-02,7.627581e-04,-1.869271e-06,-1.721131e-01,-1.663065e-06,9.340479e+02,5.015768e+05,3.158916e-03,8.083357e-05,-3.705048e-08,-5.679925e-02,-1.223120e-08,0,75
1.345830e+03,2.459693e+05,4.847484e-04,3.693592e-04,-1.282240e-07,1.668701e-01,-1.715415e-07,5.491210e+02,9.588301e+04,8.556761e-03,1.057068e-03,-3.079653e-06,-3.159648e-01,-3.237746e-06,1.038593e+03,7.087321e+05,6.273817e-04,2.900693e-05,2.125302e-09,1.879801e-02,5.357724e-09,0,10
1.382460e+03,1.362068e+05,1.985364e-04,7.170202e-04,-1.699779e-07,2.550331e-01,-3.719242e-07,5.998358e+02,1.738264e+05,1.247620e-02,1.320629e-03,-5.122408e-06,-5.392567e-01,-4.920811e-06,9.658442e+02,6.783158e+05,1.706183e-03,1.963137e-04,6.232361e-08,2.711401e-02,-2.353663e-08,0,52
1.462618e+03,1.108592e+05,8.120391e-04,5.935613e-05,-1.161721e-08,-1.272517e-02,-1.207116e-08,6.695556e+02,2.206987e+05,7.896355e-03,9.513912e-04,-2.596981e-06,-4.416541e-01,-2.214523e-06,9.928624e+02,7.640301e+05,1.606488e-03,4.441319e-04,3.522422e-07,1.961484e-01,2.018180e-07,1,79
1.260339e+03,1.925148e+05,1.647400e-03,5.176725e-04,-4.768425e-07,2.227263e-01,-3.454088e-07,5.275895e+02,8.835666e+04,8.675296e-03,1.064990e-03,-3.217141e-06,-3.152893e-01,-2.765167e-06,9.647850e+02,6.220068e+05,2.223877e-03,1.704431e-04,-4.292681e-08,-1.094275e-01,3.701149e-10,0,78
1.566724e+03,1.855293e+05,2.250119e-03,1.941331e-04,-1.238231e-07,-4.290650e-02,-1.337949e-07,6.968940e+02,2.075275e+05,6.911385e-03,1.014691e-03,-2.677872e-06,-4.575383e-01,-1.821493e-06,1.112668e+03,9.404679e+05,5.211624e-05,4.479282e-04,6.743474e-08,4.237064e-01,7.577122e-08,3,73
1.370349e+03,1.996125e+05,4.896718e-05,5.693102e-04,7.278312e-08,-1.266681e-01,5.223178e-08,5.690581e+02,1.349489e+05,9.359728e-03,9.632413e-04,-2.638593e-06,-3.211527e-01,-1.135177e-06,1.004792e+03,7.011324e+05,5.413568e-04,3.925935e-05,1.313419e-09,1.929498e-03,-2.301392e-09,0,34
1.357817e+03,2.677849e+05,3.311374e-04,4.592410e-04,1.114330e-07,2.145824e-01,1.069661e-07,5.727218e+02,7.894617e+04,9.016899e-03,1.136479e-03,-3.540317e-06,-3.031908e-01,-3.134188e-06,1.078401e+03,7.656109e+05,2.339157e-04,4.887303e-04,1.638976e-07,4.263293e-01,1.184459e-07,3,97
1.233322e+03,1.308842e+05,4.262655e-03,9.731000e-04,9.793273e-07,-1.652794e-02,1.023348e-06,5.551944e+02,1.059827e+05,1.133124e-02,1.278734e-03,-4.508621e-06,-3.899691e-01,-1.900557e-06,9.118876e+02,5.108597e+05,3.176886e-03,3.650955e-04,3.288589e-07,-8.256445e-03,7.097500e-09,2,51
1.258653e+03,1.053866e+05,2.298292e-03,6.179840e-04,-1.355237e-07,9.473826e-02,-2.689824e-07,6.055432e+02,1.148556e+05,1.142744e-02,1.508451e-03,-6.259997e-06,-5.095711e-01,-5.160623e-06,9.200299e+02,5.424738e+05,3.133110e-03,3.282337e-04,5.372670e-08,-1.022743e-01,-8.554386e-09,0,44
1.325240e+03,1.796412e+05,3.559719e-04,4.844343e-04,-1.868359e-07,1.443776e-01,-3.188937e-08,5.517039e+02,1.261097e+05,1.001195e-02,9.488077e-04,-2.905536e-06,-3.332515e-01,-2.116542e-06,9.710002e+02,6.570740e+05,1.137273e-03,9.075831e-05,1.038421e-08,-3.528558e-03,-7.308927e-10,2,58
1.111435e+03,6.210553e+04,5.335677e-04,3.063328e-03,-3.862615e-06,7.469052e-01,-2.473062e-06,5.529158e+02,9.692852e+04,1.547202e-02,1.410188e-03,-6.513770e-06,-4.378604e-01,-5.670014e-06,8.006809e+02,3.233687e+05,1.340445e-02,7.220453e-04,-7.290978e-07,-1.330138e-01,-2.054279e-07,0,54
1.275610e+03,5.343513e+04,8.068623e-04,2.797022e-03,-4.122453e-06,6.440960e-01,-3.546300e-06,6.313424e+02,1.721150e+05,1.207339e-02,1.462483e-03,-6.080349e-06,-6.045218e-01,-5.818227e-06,8.608263e+02,4.699830e+05,8.482084e-03,6.084943e-04,-3.626638e-07,-1.495548e-01,-3.179373e-07,1,40
1.539401e+03,9.652189e+04,5.113046e-04,2.618779e-04,-6.069482e-08,5.980972e-02,-7.029620e-08,7.306545e+02,2.557897e+05,9.145041e-03,1.104964e-03,-3.498188e-06,-5.578806e-01,-3.097243e-06,1.034998e+03,8.450523e+05,1.936899e-04,1.304815e-05,3.672347e-10,5.776539e-03,-5.515453e-10,0,101
1.345017e+03,1.034857e+05,9.602578e-04,7.902371e-04,-3.922698e-07,1.502345e-01,-3.315486e-07,6.168716e+02,1.745895e+05,1.214533e-02,1.375274e-03,-5.616420e-06,-5.726872e-01,-4.287647e-06,9.283500e+02,6.096799e+05,3.861303e-03,2.864406e-04,-2.938704e-07,-2.234186e-01,-2.976662e-08,0,41
1.463640e+03,1.122186e+05,4.461774e-04,2.036705e-04,-1.962970e-08,-6.637967e-02,-4.777914e-08,6.510053e+02,2.364581e+05,9.528347e-03,9.678167e-04,-2.610358e-06,-4.304718e-01,-1.514194e-06,9.789375e+02,7.457880e+05,1.401304e-03,1.382607e-04,-2.940212e-08,-9.820450e-02,-5.158613e-09,1,12
1.387720e+03,1.861913e+05,6.564097e-04,1.051002e-04,-1.202509e-08,2.310517e-02,-6.035075e-09,6.055422e+02,1.279339e+05,9.552343e-03,1.099453e-03,-3.494522e-06,-3.922983e-01,-2.853189e-06,1.030705e+03,7.374632e+05,1.016639e-04,4.714115e-06,-7.115158e-11,3.150046e-03,5.079892e-11,2,93
1.386726e+03,1.356029e+05,2.051211e-04,8.785835e-04,1.689350e-08,2.698341e-01,-4.187106e-07,5.989579e+02,1.805980e+05,1.146008e-02,1.135723e-03,-4.013927e-06,-4.798212e-01,-3.672827e-06,9.620360e+02,6.739859e+05,1.672740e-03,2.714525e-04,1.591730e-07,1.121179e-01,-3.814872e-08,2,52
1.235983e+03,2.875284e+05,9.438236e-04,2.907944e-04,1.523432e-07,-6.522171e-02,1.836927e-07,4.785254e+02,5.258901e+04,9.974331e-03,9.249577e-04,-2.543377e-06,-1.917413e-01,-2.075037e-06,1.007199e+03,6.218856e+05,1.546282e-03,1.060220e-04,4.115034e-08,4.004292e-02,2.037849e-09,0,38
1.525484e+03,1.003789e+05,6.090983e-04,4.604698e-04,-2.315377e-07,1.382839e-01,-2.423783e-07,7.279830e+02,2.350963e+05,9.367713e-03,1.106913e-03,-3.499303e-06,-5.313478e-01,-3.216758e-06,1.041911e+03,8.557267e+05,2.930970e-04,8.413731e-05,1.306091e-08,7.776745e-02,1.409181e-08,3,101
1.269350e+03,1.034655e+05,1.924999e-03,1.651976e-04,2.915234e-08,1.139003e-02,9.424631e-09,6.138393e+02,1.183980e+05,1.037190e-02,1.587478e-03,-6.301457e-06,-5.445276e-01,-5.536398e-06,9.253786e+02,5.486947e+05,4.522703e-03,8.606250e-04,1.329625e-06,8.279486e-02,8.417694e-08,0,87
1.445633e+03,1.323350e+05,8.666379e-05,4.109104e-04,1.453407e-08,1.494636e-01,7.478640e-08,6.300753e+02,2.078543e+05,1.093886e-02,1.064806e-03,-3.630308e-06,-4.854559e-01,-3.453227e-06,9.897247e+02,7.333932e+05,6.892586e-04,1.681240e-04,5.722965e-08,1.114680e-01,-9.875437e-09,1,0
1.397716e+03,1.404485e+05,1.705143e-05,5.246641e-04,-4.962159e-08,1.609240e-01,-1.081164e-08,6.161798e+02,1.740516e+05,1.094760e-02,1.261418e-03,-4.598561e-06,-5.235125e-01,-3.868167e-06,9.818561e+02,7.184498e+05,6.393677e-04,1.693216e-04,5.310960e-08,1.151117e-01,-1.866455e-08,1,82
1.193483e+03,2.446371e+05,1.026350e-03,1.422781e-04,5.405201e-08,-5.252387e-02,4.880365e-08,4.724957e+02,5.595775e+04,9.544842e-03,7.150840e-04,-1.867958e-06,-1.683135e-01,-1.227683e-06,9.580224e+02,5.498082e+05,1.817592e-03,1.950304e-04,1.152933e-07,7.566128e-02,5.401782e-08,3,75
1.249772e+03,1.240652e+05,3.812509e-03,2.066526e-03,-5.589452e-06,6.955782e-01,-6.220059e-06,5.699322e+02,1.111516e+05,1.079140e-02,1.365848e-03,-5.206238e-06,-4.546173e-01,-4.976580e-06,9.163918e+02,5.456206e+05,3.588669e-03,1.478714e-04,-9.236313e-08,-8.103100e-02,-7.550778e-09,3,50
1.263432e+03,1.426834e+05,2.416132e-03,3.123163e-04,1.775631e-07,-1.132599e-01,1.687131e-07,5.792091e+02,9.830325e+04,9.489997e-03,1.259219e-03,-4.166301e-06,-3.740877e-01,-2.235176e-06,9.510678e+02,5.889578e+05,2.722507e-03,8.197994e-04,1.224053e-06,3.717618e-01,3.087534e-07,0,4
1.548517e+03,5.420276e+04,3.615107e-05,2.003865e-04,-1.399104e-08,1.139953e-02,-1.488902e-09,7.774312e+02,2.968212e+05,1.052210e-02,1.022707e-03,-3.334859e-06,-5.494496e-01,-2.618404e-06,1.003831e+03,8.107951e+05,7.835159e-04,3.276076e-04,1.577129e-07,2.093793e-01,1.361553e-07,2,95
1.602360e+03,1.279075e+05,1.366873e-04,7.504704e-05,-6.584234e-09,-2.663701e-02,-1.052802e-09,6.938265e+02,3.115634e+05,1.034801e-02,1.063277e-03,-3.510809e-06,-5.904174e-01,-3.003208e-06,1.044686e+03,8.924251e+05,1.097456e-04,4.056980e-05,1.597591e-09,8.576177e-03,1.888779e-09,1,49
1.328675e+03,9.081164e+04,2.500961e-03,1.131492e-03,-5.451835e-07,2.136126e-01,-1.165592e-06,6.456148e+02,1.520613e+05,9.348708e-03,1.297438e-03,-4.480997e-06,-5.051458e-01,-3.495919e-06,9.409251e+02,6.054006e+05,2.336894e-03,1.657166e-04,-8.245787e-08,-1.251473e-01,3.254988e-08,0,7
1.199738e+03,1.049468e+05,1.944704e-03,2.454282e-03,-5.356445e-06,7.858439e-01,-5.926050e-06,5.908078e+02,8.835240e+04,1.129776e-02,2.210495e-03,-9.418396e-06,-6.111101e-01,-9.070911e-06,9.030040e+02,4.754066e+05,6.028397e-03,3.058136e-04,-4.022273e-07,-1.704311e-01,-3.711207e-08,1,81
1.388501e+03,2.330049e+05,1.473505e-03,1.313914e-04,-3.874384e-08,5.165567e-02,-5.578097e-08,5.785061e+02,1.137279e+05,8.527761e-03,1.071941e-03,-3.040376e-06,-3.551484e-01,-2.849444e-06,1.051276e+03,7.756266e+05,1.097772e-04,2.109055e-05,-1.012768e-09,1.845660e-02,-5.553501e-10,3,93
1.494575e+03,1.129198e+05,6.736248e-04,1.222514e-03,-1.102404e-06,3.517887e-01,-4.398686e-07,6.949747e+02,2.208479e+05,1.183134e-02,1.511492e-03,-6.377329e-06,-7.074315e-01,-4.891633e-06,1.026220e+03,7.763429e+05,1.438917e-03,2.323592e-04,7.954816e-08,7.592841e-02,-9.538321e-08,3,70
1.242260e+03,1.392387e+05,3.188182e-03,1.092669e-03,8.510892e-08,1.280252e-01,2.069547e-07,5.501721e+02,1.050412e+05,1.084293e-02,1.189842e-03,-3.986138e-06,-3.621782e-01,-2.085776e-06,9.201061e+02,5.303991e+05,3.247923e-03,2.036117e-04,4.881734e-08,-7.914907e-02,5.711869e-09,3,51
1.384146e+03,1.346274e+05,5.870887e-05,9.297798e-04,-1.523763e-07,3.352779e-01,-3.032810e-07,6.034249e+02,1.735417e+05,1.076504e-02,1.138835e-03,-3.825097e-06,-4.643852e-01,-3.641206e-06,9.682170e+02,6.821921e+05,2.199605e-03,3.023582e-04,1.690928e-07,7.376367e-02,-6.593571e-08,1,52
1.385289e+03,1.764780e+05,3.845823e-03,8.268958e-04,-1.380538e-06,3.294118e-01,-1.523706e-06,6.209111e+02,1.214603e+05,8.342489e-03,1.219061e-03,-3.677258e-06,-4.174223e-01,-3.330525e-06,1.037129e+03,7.501096e+05,8.772388e-04,2.596857e-05,-3.254133e-10,5.654938e-03,2.238553e-09,1,55
1.511607e+03,8.947482e+04,5.105673e-04,2.067337e-04,-3.769988e-08,2.776093e-02,-6.947160e-09,6.785287e+02,2.921758e+05,9.753826e-03,1.013788e-03,-3.151150e-06,-5.417562e-01,-2.437199e-06,9.723475e+02,7.611534e+05,4.424280e-04,2.193412e-05,-2.143123e-09,-1.846103e-02,-1.231098e-10,2,100
1.395066e+03,1.261529e+05,1.003844e-04,1.283074e-03,3.919647e-07,4.056921e-01,4.873046e-07,6.246988e+02,1.792367e+05,1.067362e-02,1.202392e-03,-4.268022e-06,-5.088073e-01,-3.625990e-06,9.720246e+02,7.032801e+05,1.552981e-03,6.598567e-04,6.658847e-07,4.938019e-01,-6.117751e-08,0,82
1.455192e+03,8.147874e+04,4.184992e-04,1.026832e-03,-6.715283e-07,2.906713e-01,-4.857154e-07,6.688042e+02,2.522232e+05,1.034490e-02,1.051314e-03,-3.461250e-06,-5.273802e-01,-3.133631e-06,9.542203e+02,7.091864e+05,1.554174e-03,2.178215e-04,1.088760e-07,8.944438e-02,-4.271070e-08,2,89
1.446859e+03,1.627999e+05,2.603901e-03,6.352355e-04,1.120217e-07,5.530128e-02,9.909036e-08,6.583634e+02,1.565713e+05,9.605167e-03,1.274754e-03,-4.423598e-06,-4.924821e-01,-2.907665e-06,1.051542e+03,8.016063e+05,3.445935e-04,2.196381e-05,1.751921e-09,-4.984501e-03,5.888896e-10,0,47
1.366023e+03,8.690562e+04,1.100609e-03,8.786823e-04,-3.428480e-07,1.911078e-01,-7.395763e-07,6.723289e+02,1.637113e+05,1.270901e-02,1.791198e-03,-8.363562e-06,-7.083101e-01,-8.043700e-06,9.620143e+02,6.505911e+05,2.058585e-03,1.697717e-04,-9.988165e-08,-1.332077e-01,1.535104e-08,0,21
1.032852e+03,7.235095e+04,4.251092e-03,3.248147e-04,3.679109e-07,-4.197102e-02,3.780989e-07,5.320670e+02,5.587591e+04,1.251459e-02,1.806986e-03,-8.440049e-06,-4.123130e-01,-6.025838e-06,7.964744e+02,2.967774e+05,5.000855e-03,1.295420e-03,2.275327e-06,5.231504e-01,-7.519123e-07,0,2
1.198014e+03,1.248798e+05,2.443938e-03,8.347808e-04,-1.191233e-06,2.841936e-01,-1.237488e-06,5.774822e+02,8.230105e+04,1.143058e-02,1.646745e-03,-6.704869e-06,-4.692416e-01,-6.387023e-06,9.119415e+02,5.003142e+05,4.137720e-03,3.393363e-04,4.526014e-08,-1.276969e-01,5.503036e-08,1,33
1.291445e+03,1.163761e+05,1.350017e-03,1.613352e-03,-1.713535e-06,4.451123e-01,-1.819475e-06,5.917366e+02,1.309275e+05,1.113817e-02,1.361270e-03,-5.049344e-06,-4.741742e-01,-4.224001e-06,9.296262e+02,5.317381e+05,5.382059e-03,2.523159e-04,-2.897844e-07,-1.615906e-01,3.497225e-08,3,59
1.455609e+03,1.244727e+05,5.975455e-04,4.248986e-05,1.843600e-09,-1.488450e-02,4.974369e-10,6.571356e+02,2.038926e+05,8.604923e-03,9.917587e-04,-2.802849e-06,-4.300546e-01,-2.317709e-06,1.004217e+03,7.750503e+05,1.385311e-03,2.860965e-04,1.483705e-07,8.784644e-02,7.353129e-08,3,79
1.158107e+03,1.327153e+05,1.932857e-03,2.860369e-04,-1.596204e-07,9.702101e-02,-1.596807e-07,5.220849e+02,7.616031e+04,1.426560e-02,1.231457e-03,-4.109915e-06,-2.965704e-01,-4.011162e-06,8.841811e+02,4.327248e+05,5.478324e-03,3.661893e-04,1.241886e-07,-9.174312e-02,-4.771565e-08,2,91
1.442410e+03,9.250750e+04,1.595543e-04,8.726673e-04,-3.188434e-07,2.654137e-01,-2.922842e-07,6.603241e+02,2.294958e+05,8.538094e-03,9.462159e-04,-2.644473e-06,-4.499239e-01,-2.580853e-06,9.634368e+02,7.044298e+05,2.723624e-03,2.658197e-04,5.909962e-09,-6.459465e-02,-2.263792e-08,0,104
1.147499e+03,1.864013e+05,2.050358e-03,3.355908e-04,-2.171110e-07,1.094929e-01,-1.537219e-07,4.847297e+02,5.768071e+04,1.267722e-02,9.998028e-04,-2.755580e-06,-2.180531e-01,-2.144706e-06,9.112780e+02,4.596670e+05,3.272794e-03,1.939802e-04,1.160406e-07,-1.851797e-02,1.048182e-08,1,75
1.225802e+03,1.406399e+05,1.467203e-04,1.027670e-03,-2.884279e-07,3.151175e-01,-3.431219e-07,5.276900e+02,1.079603e+05,1.306500e-02,1.070112e-03,-3.932259e-06,-3.467794e-01,-3.464250e-06,8.973021e+02,5.168607e+05,5.295512e-03,2.736103e-04,-5.602718e-08,-7.354793e-02,1.059393e-08,0,77
1.244213e+03,1.552390e+05,2.297411e-03,9.897906e-04,-1.265600e-06,3.521609e-01,-1.448483e-06,5.400328e+02,9.845029e+04,1.065193e-02,1.325498e-03,-4.979875e-06,-4.158744e-01,-4.568219e-06,9.305850e+02,5.656345e+05,3.201998e-03,2.216601e-04,-1.565325e-07,-1.637011e-01,1.133196e-08,3,78
1.161584e+03,1.321543e+05,3.016125e-03,6.661473e-04,-8.089033e-07,2.237577e-01,-7.807881e-07,5.291392e+02,7.557289e+04,1.379958e-02,1.301337e-03,-4.465840e-06,-3.235455e-01,-4.509093e-06,8.869933e+02,4.358691e+05,5.746284e-03,3.427431e-04,-9.480630e-09,-1.309973e-01,-8.386406e-08,3,91
1.436888e+03,1.158380e+05,4.230423e-04,4.002385e-04,-3.657642e-08,8.918339e-02,1.001626e-07,6.453557e+02,2.111213e+05,1.157409e-02,1.152561e-03,-4.206782e-06,-5.294801e-01,-2.931880e-06,9.837132e+02,7.357340e+05,4.348054e-04,2.961366e-04,1.057200e-07,2.263279e-01,-9.198597e-09,0,69
1.312829e+03,1.386407e+05,2.583054e-03,2.873143e-04,-2.894237e-08,4.054391e-02,-7.241410e-08,6.193374e+02,1.148796e+05,9.320947e-03,1.355277e-03,-4.680487e-06,-4.580941e-01,-3.907238e-06,9.740473e+02,6.372679e+05,2.927109e-03,5.296543e-04,4.782770e-07,3.983574e-02,1.715741e-08,1,87
1.582501e+03,6.562620e+04,7.805959e-05,2.677984e-04,-2.828294e-08,1.467990e-02,-1.643007e-09,7.761038e+02,3.092353e+05,9.959652e-03,9.399927e-04,-2.816186e-06,-5.087392e-01,-2.006976e-06,1.027044e+03,8.541402e+05,1.244599e-03,3.921597e-04,2.368282e-07,1.910240e-01,1.632395e-07,0,95
1.324834e+03,5.226331e+04,1.734856e-04,1.844202e-03,-1.002801e-06,3.715646e-01,-7.723548e-07,6.501524e+02,2.037393e+05,8.818940e-03,9.888820e-04,-2.907971e-06,-4.443952e-01,-2.391646e-06,8.744231e+02,5.304215e+05,5.284250e-03,5.275392e-04,1.686746e-07,-5.149639e-02,-2.101389e-07,2,68
1.453698e+03,1.631853e+05,2.716464e-03,5.290163e-04,-3.863012e-07,1.326246e-01,-2.648823e-07,6.585227e+02,1.614571e+05,1.001586e-02,1.361485e-03,-4.997820e-06,-5.469746e-01,-3.533855e-06,1.054692e+03,7.971581e+05,5.346355e-04,5.493579e-05,7.756824e-09,-1.274424e-02,1.989417e-09,2,47
1.376325e+03,4.945748e+04,5.470156e-04,3.455141e-03,-4.156226e-06,6.554912e-01,-4.228778e-06,6.882476e+02,2.234809e+05,9.613452e-03,1.474524e-03,-5.545301e-06,-6.949271e-01,-4.223699e-06,9.053000e+02,5.905911e+05,5.979574e-03,8.356289e-04,7.100668e-07,8.195663e-02,-1.247265e-06,1,76
1.487032e+03,1.161794e+05,7.139266e-04,1.399841e-03,-1.273906e-06,4.169563e-01,-1.167762e-06,6.921101e+02,2.125062e+05,1.149722e-02,1.435611e-03,-5.809304e-06,-6.616391e-01,-4.830015e-06,1.027100e+03,7.894085e+05,1.292614e-03,2.674257e-04,1.360318e-07,1.585935e-01,-8.079336e-08,0,70
1.193337e+03,1.011970e+05,1.510425e-03,4.000142e-03,-9.820858e-06,1.272145e+00,-1.137563e-05,5.888349e+02,8.662610e+04,1.083715e-02,2.051370e-03,-7.830733e-06,-5.339706e-01,-7.810599e-06,8.998036e+02,4.753176e+05,7.488469e-03,6.238127e-04,1.398236e-07,1.128690e-02,-1.210586e-06,0,81
1.410835e+03,1.461491e+05,8.379909e-05,2.634131e-05,-4.243189e-10,5.067067e-03,5.536167e-10,6.125277e+02,1.804962e+05,1.002839e-02,1.051080e-03,-3.411648e-06,-4.465036e-01,-3.063305e-06,9.862410e+02,7.160089e+05,1.560129e-03,1.155327e-04,-4.693610e-08,-9.581922e-02,-1.897096e-08,0,22
1.444187e+03,8.661549e+04,1.429221e-03,1.320301e-04,-5.611215e-08,-1.290302e-02,-6.029859e-08,6.606958e+02,2.501793e+05,1.229660e-02,1.098628e-03,-3.769220e-06,-5.215737e-01,-2.605199e-06,9.450412e+02,6.836245e+05,1.665595e-04,2.325058e-04,3.452075e-08,1.896057e-01,3.134735e-08,0,62
1.530631e+03,8.335226e+04,4.728136e-04,8.680160e-05,-7.601346e-10,2.399955e-02,1.191643e-09,6.888634e+02,3.106915e+05,9.402987e-03,9.577949e-04,-2.858659e-06,-5.333087e-01,-2.561427e-06,9.738073e+02,7.658166e+05,4.363878e-04,2.173116e-05,-2.042201e-09,-1.897135e-02,-5.907429e-10,0,100
1.463968e+03,2.329532e+05,4.107143e-04,2.471524e-04,-5.636310e-08,3.024598e-02,-1.560674e-08,6.168634e+02,1.403635e+05,1.004154e-02,9.891287e-04,-3.104459e-06,-3.704953e-01,-1.956380e-06,1.092335e+03,8.669580e+05,2.291492e-03,6.051668e-04,5.770342e-07,2.909979e-01,5.906483e-07,3,65
1.369787e+03,1.407369e+05,4.366008e-03,2.511136e-04,-2.295731e-07,8.474214e-02,-2.181414e-07,6.069745e+02,1.519080e+05,8.291373e-03,1.087908e-03,-3.252851e-06,-4.236633e-01,-2.885415e-06,9.805563e+02,6.623797e+05,1.314798e-03,3.457264e-04,2.320511e-07,1.326435e-01,2.956236e-08,3,72
1.217058e+03,1.141097e+05,1.496170e-05,1.660186e-03,1.477283e-07,5.330463e-01,3.642516e-07,5.413869e+02,1.187053e+05,1.379489e-02,1.127979e-03,-4.372310e-06,-3.837299e-01,-4.242925e-06,8.725796e+02,4.815564e+05,6.775226e-03,7.587840e-04,1.122893e-06,1.088894e-01,1.295058e-07,0,53
1.359425e+03,9.301917e+04,3.501348e-03,1.902505e-04,-1.422352e-07,5.393439e-02,-1.246864e-07,6.311622e+02,1.806300e+05,8.714510e-03,1.085098e-03,-3.292920e-06,-4.589195e-01,-2.853851e-06,9.358175e+02,5.982242e+05,2.005629e-03,4.173274e-04,3.745972e-07,1.077750e-01,7.176846e-08,1,72
1.309062e+03,1.001618e+05,8.794117e-04,6.459660e-04,-3.472711e-07,1.590263e-01,-2.148871e-07,5.980616e+02,1.562248e+05,1.259695e-02,1.244940e-03,-4.823116e-06,-4.834152e-01,-3.841526e-06,9.143986e+02,5.617426e+05,2.601376e-03,1.421601e-04,-8.299736e-08,-1.011999e-01,-7.617749e-09,2,96
1.189639e+03,2.386797e+05,2.960071e-03,4.373648e-04,-4.474303e-07,1.904177e-01,-3.892539e-07,4.822919e+02,5.011233e+04,1.054036e-02,1.234376e-03,-4.234215e-06,-2.700946e-01,-3.475503e-06,9.677827e+02,5.526141e+05,2.165079e-03,2.340168e-04,1.109056e-07,-3.522556e-02,1.682984e-10,3,64
1.426995e+03,6.764477e+04,3.896521e-03,3.968416e-03,-1.455065e-05,9.454982e-01,-1.522514e-05,7.402651e+02,1.860153e+05,9.040241e-03,1.678415e-03,-6.523447e-06,-7.172100e-01,-5.611054e-06,9.957296e+02,6.688008e+05,4.221640e-03,4.671304e-04,5.382545e-07,2.822679e-01,-2.075077e-07,3,67
1.372302e+03,1.724624e+05,1.393694e-04,5.257569e-05,3.229475e-09,2.176093e-02,1.886351e-09,6.163871e+02,1.181805e+05,1.046564e-02,1.433751e-03,-5.553322e-06,-4.913517e-01,-5.258807e-06,1.028757e+03,7.369258e+05,1.557394e-03,4.805316e-04,3.274850e-07,1.518894e-01,1.581717e-07,0,36
1.459694e+03,2.027515e+05,1.198967e-04,4.637878e-04,3.233197e-08,1.642775e-01,3.804729e-08,6.090602e+02,1.632691e+05,1.071072e-02,1.243677e-03,-4.343163e-06,-4.911837e-01,-4.606000e-06,1.056296e+03,8.093680e+05,1.063911e-03,4.051838e-04,2.538999e-07,3.069863e-01,3.545869e-07,3,56
1.617043e+03,5.159454e+04,1.947227e-04,1.826350e-04,-1.536960e-08,1.536871e-02,4.255342e-09,7.642665e+02,4.014270e+05,8.944424e-03,9.489314e-04,-2.754368e-06,-5.991171e-01,-2.104240e-06,9.866996e+02,8.065765e+05,2.854420e-04,1.225801e-04,2.267042e-08,8.189574e-02,-5.858132e-09,3,86
1.366022e+03,1.100651e+05,1.751529e-04,6.634293e-04,-1.875900e-07,8.303072e-02,2.244956e-08,6.004333e+02,2.025783e+05,1.236068e-02,1.015812e-03,-3.593456e-06,-4.571357e-01,-2.016407e-06,9.265132e+02,6.174449e+05,2.623838e-03,3.132219e-04,1.563134e-07,1.976790e-02,4.617503e-08,1,83
1.395363e+03,2.660436e+05,2.498702e-03,8.189853e-05,1.307159e-08,-4.216973e-02,1.224482e-08,5.768044e+02,1.052733e+05,7.347605e-03,9.615280e-04,-2.481370e-06,-2.947015e-01,-1.893205e-06,1.071418e+03,7.714523e+05,1.415833e-04,2.486491e-04,1.130564e-08,1.864512e-01,1.246251e-08,1,35
1.433417e+03,1.564818e+05,3.361160e-03,5.337112e-04,-1.548269e-07,6.572832e-02,-4.340123e-08,6.548985e+02,1.579371e+05,9.917873e-03,1.299885e-03,-4.663438e-06,-5.118860e-01,-2.904319e-06,1.037681e+03,7.754006e+05,2.557700e-04,3.642334e-05,2.767148e-09,1.361893e-02,-2.185894e-09,1,47
1.429254e+03,7.790007e+04,6.075897e-04,1.750740e-03,-1.803690e-06,4.855502e-01,-1.332519e-06,6.646695e+02,2.361811e+05,1.000347e-02,1.037156e-03,-3.336658e-06,-5.035222e-01,-3.010799e-06,9.437682e+02,6.861380e+05,2.125587e-03,4.000825e-04,3.501796e-07,2.164433e-01,-1.332158e-07,3,89
1.466079e+03,1.473265e+05,1.027140e-03,2.690799e-04,1.047224e-07,8.726786e-02,1.511673e-07,6.345265e+02,2.126129e+05,8.590066e-03,8.154564e-04,-2.025871e-06,-3.684701e-01,-1.633603e-06,1.007711e+03,7.859014e+05,6.611352e-04,3.499458e-04,1.668604e-07,2.678179e-01,-2.354181e-08,3,63
1.413075e+03,1.324293e+05,4.679918e-04,1.179507e-03,2.340868e-07,3.369944e-01,8.162939e-07,6.277074e+02,1.850781e+05,9.803328e-03,9.958016e-04,-3.111329e-06,-4.282041e-01,-1.996532e-06,9.886786e+02,7.455813e+05,1.438053e-03,7.381667e-04,7.593827e-07,5.266657e-01,-1.497601e-07,1,69
1.428002e+03,1.055388e+05,6.569786e-04,3.190163e-04,-1.341762e-07,9.822907e-02,-1.432828e-07,6.457682e+02,2.116934e+05,1.061315e-02,1.218229e-03,-4.222704e-06,-5.503443e-01,-3.843076e-06,9.694304e+02,7.060471e+05,2.051300e-03,1.483020e-04,-5.314708e-08,-1.107071e-01,-8.736411e-09,1,104
1.319916e+03,1.698768e+05,6.841701e-04,4.721357e-04,-2.591368e-07,1.537079e-01,-7.297465e-08,5.561198e+02,1.270245e+05,1.109757e-02,1.083297e-03,-3.749597e-06,-3.834386e-01,-2.835133e-06,9.640592e+02,6.389199e+05,1.486216e-03,8.227735e-05,-1.861851e-08,-4.682792e-02,6.671079e-11,3,58
1.094395e+03,5.933614e+04,1.031071e-03,2.298146e-03,-3.158578e-06,5.104211e-01,-3.064937e-06,5.484871e+02,9.356387e+04,1.527365e-02,1.367578e-03,-6.204318e-06,-4.167170e-01,-5.042304e-06,7.908916e+02,3.095981e+05,1.198647e-02,5.123285e-04,-1.156658e-06,-2.265397e-01,3.186652e-08,3,54
1.461980e+03,1.706429e+05,4.480232e-04,4.430499e-04,-1.743718e-07,1.385313e-01,-9.102410e-08,6.224211e+02,1.881380e+05,9.663039e-03,1.098336e-03,-3.545981e-06,-4.710834e-01,-2.930686e-06,1.028470e+03,7.769396e+05,4.045702e-04,5.087201e-05,6.362157e-09,3.276732e-02,-3.765390e-09,0,6
1.318207e+03,1.762199e+05,6.677674e-03,2.281224e-04,-2.378564e-07,-8.183455e-02,-2.552805e-07,5.802688e+02,1.050570e+05,7.778982e-03,1.307288e-03,-1.593695e-06,-2.673461e-01,-1.497409e-06,9.950259e+02,6.527666e+05,6.904133e-04,1.294058e-03,9.668602e-07,1.001761e+00,8.942380e-07,0,85
1.373448e+03,1.622069e+05,1.343426e-03,5.517241e-04,-4.142495e-07,2.129450e-01,-3.964204e-07,6.065511e+02,1.447296e+05,9.452930e-03,1.157369e-03,-3.031237e-06,-3.886631e-01,-3.052159e-06,9.930158e+02,6.789622e+05,1.609780e-03,8.771429e-05,-2.720974e-08,-7.090762e-02,3.751403e-09,0,16
1.372882e+03,1.244069e+05,6.427065e-04,3.877677e-04,-4.263632e-08,8.402529e-02,-1.153554e-07,6.039161e+02,1.791823e+05,1.081762e-02,1.216003e-03,-4.409150e-06,-5.146192e-01,-3.917322e-06,9.498116e+02,6.490727e+05,2.452201e-03,1.933667e-04,-1.210016e-07,-1.532262e-01,-3.183465e-08,3,48
1.626358e+03,3.536815e+04,5.266984e-04,5.489644e-05,1.556439e-09,9.734420e-04,-1.189886e-09,7.827866e+02,4.414074e+05,8.181510e-03,8.763092e-04,-2.219491e-06,-5.655696e-01,-2.027930e-06,9.647568e+02,7.745038e+05,4.468590e-04,9.313759e-05,1.423500e-08,1.908877e-02,1.632946e-09,2,86
1.210245e+03,2.339128e+05,1.843710e-03,4.164947e-04,1.210420e-07,4.960722e-02,5.472852e-08,4.976195e+02,5.655019e+04,1.176873e-02,1.075819e-03,-3.728465e-06,-2.505929e-01,-3.162606e-06,9.725275e+02,5.550293e+05,1.791892e-03,8.960345e-05,3.588111e-08,2.088049e-02,-8.815724e-11,1,38
1.142407e+03,1.259815e+05,2.804169e-03,2.733598e-04,-1.908005e-07,8.509079e-02,-1.720358e-07,5.255346e+02,7.059382e+04,1.440315e-02,1.286820e-03,-4.701230e-06,-3.167961e-01,-4.793052e-06,8.769117e+02,4.142708e+05,5.759360e-03,4.684759e-04,4.597944e-07,-3.156721e-02,6.975064e-08,1,91
1.168839e+03,7.724744e+04,1.620093e-03,1.751341e-03,-1.227743e-06,2.788800e-01,-1.643224e-06,5.590585e+02,1.180333e+05,1.472502e-02,1.274559e-03,-5.519787e-06,-4.373410e-01,-3.862796e-06,8.270434e+02,3.930167e+05,9.420239e-03,6.033306e-04,-1.329773e-06,-3.450139e-01,-2.142185e-07,0,37
1.294392e+03,1.082072e+05,1.699983e-03,2.109203e-03,-3.616013e-06,6.338581e-01,-3.577523e-06,6.005081e+02,1.349777e+05,1.146407e-02,1.449481e-03,-5.850199e-06,-5.263825e-01,-5.092244e-06,9.270265e+02,5.335364e+05,5.272294e-03,2.657240e-04,-2.119615e-07,-1.074560e-01,-5.464818e-08,1,59
1.238746e+03,1.398581e+05,1.245870e-04,1.235231e-03,-3.950340e-07,3.598112e-01,-3.058398e-07,5.383404e+02,1.108975e+05,1.309975e-02,1.118943e-03,-4.253169e-06,-3.696792e-01,-3.412676e-06,9.063401e+02,5.238217e+05,5.493380e-03,2.982908e-04,-2.532825e-08,-5.732552e-02,-1.692402e-08,1,77
1.471608e+03,1.697490e+05,1.396798e-04,1.353583e-03,-4.636764e-07,5.146689e-01,1.096896e-07,6.810609e+02,1.512228e+05,9.353607e-03,1.011607e-03,-3.084454e-06,-3.933809e-01,-2.498709e-06,1.082870e+03,8.778907e+05,2.661094e-03,1.114876e-03,1.853297e-06,9.384566e-01,2.405028e-06,1,80
1.222558e+03,1.023824e+05,2.896885e-03,9.335104e-04,-1.530684e-06,2.919518e-01,-1.664745e-06,5.880451e+02,1.039033e+05,1.099760e-02,1.515843e-03,-6.139280e-06,-4.869606e-01,-6.146583e-06,9.002193e+02,4.777289e+05,4.473450e-03,3.162879e-04,1.146722e-07,-1.127404e-01,5.159095e-08,0,19
1.441377e+03,1.048348e+05,1.413620e-03,4.735121e-04,-1.118213e-07,7.296550e-02,1.303759e-07,6.403594e+02,2.336947e+05,1.042699e-02,9.580696e-04,-2.448173e-06,-3.988350e-01,-1.547524e-06,9.581426e+02,7.095437e+05,4.792519e-04,5.746065e-04,2.749534e-07,4.794647e-01,2.305890e-07,1,62
1.238885e+03,2.507545e+05,1.237426e-03,1.651190e-04,1.558150e-08,1.388867e-02,2.362747e-08,5.041429e+02,5.582179e+04,1.005850e-02,1.058942e-03,-3.430429e-06,-2.483667e-01,-2.515914e-06,1.003801e+03,6.084120e+05,6.577646e-04,8.596838e-05,2.003891e-08,3.267030e-02,1.259044e-09,0,64
1.453743e+03,2.140176e+05,3.832012e-05,5.830540e-04,-3.033007e-09,2.672480e-01,-4.631274e-08,6.023062e+02,1.542680e+05,1.078448e-02,1.315944e-03,-4.588228e-06,-4.989520e-01,-4.614035e-06,1.060974e+03,8.057769e+05,9.331856e-04,3.260454e-04,1.764710e-07,2.793072e-01,2.050007e-07,0,56
1.492481e+03,2.383942e+05,4.052078e-05,4.598712e-04,-5.796402e-08,1.903715e-01,1.882232e-08,6.051390e+02,1.619322e+05,9.394177e-03,1.118457e-03,-3.520848e-06,-4.402563e-01,-3.109938e-06,1.090096e+03,8.630671e+05,8.585207e-04,2.467043e-04,1.041681e-07,1.891094e-01,1.547946e-07,1,56
1.346027e+03,9.005235e+04,4.368891e-06,2.573049e-04,3.212407e-09,6.398355e-02,-8.364657e-09,6.143708e+02,1.910223e+05,1.200508e-02,1.136255e-03,-4.045143e-06,-4.859435e-01,-3.598282e-06,9.117079e+02,5.818129e+05,3.758237e-03,3.005015e-04,-2.297286e-07,-1.993377e-01,-5.534279e-08,1,102
1.499047e+03,1.649295e+05,6.126190e-05,3.893293e-04,3.501309e-08,1.167008e-01,4.856002e-08,6.440117e+02,2.111177e+05,1.021520e-02,9.792751e-04,-3.077835e-06,-4.494583e-01,-2.588074e-06,1.040827e+03,8.161805e+05,4.593694e-04,3.265835e-04,1.156131e-07,2.618611e-01,1.674574e-07,0,11
1.518644e+03,7.962311e+04,6.095333e-05,2.514372e-04,-1.106824e-10,6.885738e-02,3.187628e-08,6.807152e+02,3.193875e+05,1.017821e-02,1.045639e-03,-3.305959e-06,-5.819462e-01,-2.944627e-06,9.558063e+02,7.334673e+05,1.005593e-03,1.473897e-04,2.876016e-08,6.150586e-03,1.075888e-08,0,74
1.306404e+03,2.095474e+05,1.543450e-03,6.226892e-04,-5.935331e-07,2.849360e-01,-5.450203e-07,5.681607e+02,7.970010e+04,9.701876e-03,1.126222e-03,-3.572510e-06,-3.105356e-01,-3.362747e-06,1.024891e+03,6.422892e+05,1.657089e-03,7.045091e-05,-1.788468e-08,-5.484552e-02,6.172863e-09,0,24
1.372943e+03,1.304070e+05,1.435309e-04,1.438219e-03,-5.963660e-07,4.472310e-01,-4.321019e-07,6.003052e+02,1.723082e+05,1.192239e-02,1.265687e-03,-4.868637e-06,-5.204059e-01,-4.033544e-06,9.583083e+02,6.607182e+05,2.704952e-03,4.266063e-04,3.366684e-07,1.268433e-01,-1.311044e-07,3,52
1.549150e+03,9.573061e+04,2.413450e-05,8.482414e-04,-2.511704e-09,2.556532e-01,5.411751e-08,6.982381e+02,2.945141e+05,8.052686e-03,8.193270e-04,-1.941058e-06,-4.249628e-01,-1.902129e-06,1.007294e+03,8.359981e+05,7.102630e-04,3.815684e-04,1.965655e-07,3.162326e-01,-1.347771e-08,2,88
1.422117e+03,7.479151e+04,1.979200e-04,1.461019e-03,-7.563681e-07,3.985469e-01,-4.533562e-07,6.676385e+02,2.316548e+05,1.068479e-02,1.138930e-03,-3.968672e-06,-5.479264e-01,-3.752677e-06,9.411004e+02,6.810211e+05,2.163795e-03,3.970840e-04,3.429878e-07,2.018509e-01,-1.428712e-07,1,89
1.296954e+03,1.003290e+05,7.992016e-04,4.613762e-04,-2.129571e-07,1.198646e-01,-1.545013e-07,5.916243e+02,1.522741e+05,1.213184e-02,1.215696e-03,-4.668737e-06,-4.743266e-01,-3.846996e-06,9.081368e+02,5.536917e+05,2.757608e-03,1.589532e-04,-9.507161e-08,-1.160911e-01,-2.105032e-08,3,96
1.348586e+03,1.108594e+05,1.114937e-03,3.519735e-04,2.132382e-07,-5.644566e-02,2.239354e-07,6.083820e+02,1.742735e+05,1.203409e-02,1.184135e-03,-4.454044e-06,-4.910599e-01,-2.867549e-06,9.344916e+02,6.126679e+05,2.198000e-03,2.158747e-04,7.347928e-09,-6.860358e-02,-2.703068e-08,2,71
1.333327e+03,9.154825e+04,1.722337e-04,2.703790e-03,-1.840975e-06,7.269478e-01,-1.961444e-06,6.129459e+02,1.745694e+05,1.036477e-02,1.187877e-03,-3.017824e-06,-4.100392e-01,-2.927959e-06,9.155124e+02,5.924862e+05,5.352849e-03,7.321526e-04,1.124076e-06,2.463587e-01,-6.048093e-07,1,61
1.357398e+03,1.102261e+05,2.448827e-04,1.129906e-03,-5.860391e-07,3.639080e-01,-4.703869e-07,5.908132e+02,1.911585e+05,1.078130e-02,9.848709e-04,-3.197021e-06,-4.290101e-01,-2.807265e-06,9.226604e+02,6.303913e+05,3.677249e-03,3.439111e-04,1.273564e-07,-1.599957e-02,1.377790e-08,0,57
1.529149e+03,9.503597e+04,4.603523e-05,1.061937e-04,7.385034e-09,3.066299e-02,2.935549e-09,6.805975e+02,2.938227e+05,1.032502e-02,9.991606e-04,-3.208658e-06,-5.415974e-01,-3.177107e-06,9.871138e+02,7.906952e+05,7.995309e-04,8.528693e-05,1.207946e-08,-5.523343e-03,6.422286e-09,0,26
1.432849e+03,1.746487e+05,2.607939e-03,3.930786e-04,-1.043022e-07,7.521852e-02,-1.141923e-07,6.509538e+02,1.415750e+05,9.748884e-03,1.301665e-03,-4.582876e-06,-4.897567e-01,-3.517421e-06,1.057073e+03,8.070320e+05,2.148190e-04,2.280891e-05,3.299484e-10,1.414698e-02,-1.729819e-09,3,47
1.346710e+03,1.690661e+05,2.837595e-03,1.811704e-04,-5.245090e-08,4.559218e-02,-6.941386e-08,5.989945e+02,1.192515e+05,8.906342e-03,1.169893e-03,-3.694692e-06,-4.027606e-01,-3.266686e-06,1.001469e+03,6.873547e+05,3.127013e-04,1.379043e-04,1.949154e-08,8.786066e-02,-7.082573e-09,0,93
1.434972e+03,1.655558e+05,2.733383e-04,4.399314e-04,1.217087e-07,1.181762e-01,1.508830e-08,6.214613e+02,1.660147e+05,9.820467e-03,1.169634e-03,-3.664638e-06,-4.578531e-01,-3.653394e-06,1.027639e+03,7.338362e+05,6.009730e-04,9.256850e-05,1.996052e-08,7.640529e-02,2.268607e-08,0,99
1.492679e+03,2.119670e+05,2.141192e-03,1.135351e-03,1.205222e-06,4.431160e-01,7.839526e-07,6.313802e+02,1.738300e+05,6.923254e-03,9.771470e-04,-2.540287e-06,-4.067786e-01,-1.952961e-06,1.076455e+03,8.601679e+05,8.309256e-04,1.692470e-03,2.002586e-06,1.538047e+00,2.147088e-06,0,30
1.601028e+03,1.362452e+05,1.743167e-04,1.176492e-04,-1.570319e-08,-1.966597e-02,-1.587619e-08,6.874567e+02,3.057184e+05,9.862748e-03,1.018293e-03,-3.189189e-06,-5.556651e-01,-2.532202e-06,1.048757e+03,9.004385e+05,1.776099e-04,1.059065e-04,1.347874e-08,7.529922e-02,1.938508e-08,0,49
1.317770e+03,1.416274e+05,1.690978e-03,6.724989e-04,-7.124625e-07,2.530608e-01,-8.599778e-07,5.686059e+02,1.414702e+05,1.212714e-02,1.312883e-03,-4.526190e-06,-4.520341e-01,-4.436013e-06,9.431698e+02,6.013914e+05,2.707343e-03,1.814179e-04,-1.270136e-07,-1.396738e-01,-2.528219e-08,0,92
1.157359e+03,1.213876e+05,1.195081e-03,1.191910e-03,-1.037884e-06,2.659070e-01,-6.039164e-07,5.290881e+02,8.466725e+04,1.435076e-02,9.884557e-04,-3.722768e-06,-2.871993e-01,-2.491059e-06,8.686188e+02,4.201037e+05,6.139057e-03,1.854705e-04,-1.867542e-07,-1.085473e-01,-1.190170e-08,0,32
1.405736e+03,5.374086e+04,2.001159e-04,3.771009e-03,-3.226903e-06,8.111797e-01,-3.422685e-06,7.064600e+02,2.313400e+05,9.947089e-03,1.563720e-03,-5.735758e-06,-7.268985e-01,-5.019507e-06,9.277581e+02,6.244933e+05,5.368653e-03,1.100537e-03,2.113503e-06,5.013831e-01,-1.653931e-06,3,76
1.335183e+03,9.644716e+04,1.014924e-03,5.103724e-04,-2.226541e-08,6.045172e-02,-5.720082e-08,6.178827e+02,1.762868e+05,1.080422e-02,1.237782e-03,-4.475140e-06,-5.174499e-01,-3.286421e-06,9.203543e+02,5.924333e+05,4.007244e-03,3.605601e-04,-2.235196e-07,-2.211469e-01,-9.641984e-08,1,41
1.436685e+03,1.062470e+05,5.913684e-04,7.193689e-04,-4.649527e-07,2.271513e-01,-4.446915e-07,6.506415e+02,2.145890e+05,9.675346e-03,1.085955e-03,-3.492311e-06,-5.021786e-01,-3.247260e-06,9.735846e+02,7.170203e+05,2.351122e-03,1.727078e-04,-7.562743e-08,-1.108899e-01,-3.919767e-10,3,104
1.647972e+03,6.980989e+04,2.524520e-03,1.440987e-05,-1.432616e-10,-3.802037e-03,-7.242232e-10,7.564378e+02,4.015898e+05,6.360514e-03,6.717759e-04,-1.364333e-06,-4.195363e-01,-1.107784e-06,1.015101e+03,8.701100e+05,3.444148e-04,1.460256e-04,3.241473e-08,9.486363e-02,-5.526211e-09,0,86
1.453269e+03,1.791978e+05,2.885746e-05,1.288418e-03,-2.467285e-07,4.035604e-01,-7.681465e-08,6.755746e+02,1.411379e+05,9.071711e-03,1.030120e-03,-3.135875e-06,-3.857700e-01,-2.362043e-06,1.077595e+03,8.605927e+05,2.286729e-03,9.684006e-04,1.419858e-06,8.460008e-01,1.825057e-06,3,80
1.391104e+03,1.296086e+05,5.213235e-04,1.662934e-04,-3.802482e-09,2.193523e-02,-8.554368e-09,6.107809e+02,1.867714e+05,1.054905e-02,1.158800e-03,-4.051239e-06,-5.000973e-01,-3.530972e-06,9.589969e+02,6.679617e+05,1.552082e-03,1.360963e-04,-2.022264e-08,-7.942973e-02,-1.686091e-08,2,48
1.172772e+03,1.624278e+05,3.266880e-03,7.678496e-04,-9.031788e-07,2.547328e-01,-8.277438e-07,5.032074e+02,7.288108e+04,1.182914e-02,1.208320e-03,-4.510478e-06,-3.249003e-01,-3.535684e-06,9.047606e+02,4.807241e+05,4.103304e-03,3.078246e-04,-9.948075e-08,-1.596263e-01,-7.507633e-08,2,94
1.510983e+03,1.264363e+05,6.798169e-05,1.502515e-04,-4.488177e-09,7.320695e-03,1.159771e-09,6.772597e+02,2.377833e+05,9.534674e-03,1.065040e-03,-3.389836e-06,-5.193212e-01,-2.557816e-06,1.026865e+03,8.353923e+05,1.149245e-04,1.719982e-05,7.128018e-10,1.309523e-02,-2.079650e-10,0,18
1.155829e+03,7.670384e+04,6.259494e-04,2.134637e-03,-1.187485e-06,3.348967e-01,-9.627160e-07,5.494578e+02,1.139976e+05,1.425765e-02,1.227086e-03,-5.035117e-06,-4.043051e-01,-2.957191e-06,8.203095e+02,3.843458e+05,1.046268e-02,7.685535e-04,-1.243685e-06,-3.103348e-01,1.571348e-08,1,37
1.348826e+03,9.504547e+04,3.105866e-04,2.787338e-03,-1.569393e-06,7.251759e-01,-1.586023e-06,6.249497e+02,1.728269e+05,1.029043e-02,1.241284e-03,-3.124521e-06,-4.176257e-01,-3.041675e-06,9.332434e+02,6.285325e+05,3.800751e-03,6.369856e-04,9.383606e-07,3.562090e-01,-3.911582e-07,2,61
1.579880e+03,1.736858e+05,2.511958e-03,1.536639e-04,-5.330264e-08,-5.505332e-02,-4.873699e-08,7.028597e+02,2.211057e+05,7.384378e-03,1.054725e-03,-2.897230e-06,-4.828862e-01,-2.075523e-06,1.109900e+03,9.443046e+05,2.414430e-05,3.058061e-04,1.174392e-08,2.967399e-01,5.397528e-09,0,73
1.441834e+03,9.712907e+04,4.161267e-04,5.040501e-04,-1.920724e-07,1.295320e-01,-2.091406e-07,6.631592e+02,2.281090e+05,1.104214e-02,1.249857e-03,-4.561395e-06,-5.930145e-01,-4.021828e-06,9.654825e+02,7.131831e+05,1.926033e-03,1.498153e-04,-6.936844e-08,-1.128438e-01,-5.174793e-10,0,60
1.252335e+03,1.052148e+05,1.578210e-03,9.060692e-04,-7.737825e-08,1.180863e-01,-1.612892e-07,6.040002e+02,1.108860e+05,1.137865e-02,1.524485e-03,-6.328643e-06,-5.051380e-01,-4.366822e-06,9.216745e+02,5.401281e+05,2.925544e-03,2.522289e-04,-1.287735e-07,-1.599732e-01,2.749855e-08,1,44
1.464943e+03,1.104924e+05,6.466946e-04,5.991857e-05,4.693888e-09,-4.299844e-03,4.671693e-09,6.818663e+02,2.115880e+05,1.053388e-02,1.100885e-03,-3.745431e-06,-5.062781e-01,-2.883547e-06,1.006603e+03,7.699870e+05,2.133219e-04,2.785840e-05,-1.880608e-09,-2.443899e-02,-1.180923e-09,2,90
1.241389e+03,1.470895e+05,3.461774e-03,2.159400e-04,1.856854e-07,-3.293765e-02,2.149182e-07,5.358984e+02,1.071901e+05,1.301796e-02,9.320493e-04,-3.233631e-06,-3.051142e-01,-2.778470e-06,9.143348e+02,5.041837e+05,3.645841e-03,3.119808e-04,2.467129e-07,1.382046e-02,1.875287e-07,0,39
1.330742e+03,1.765049e+05,4.893412e-03,9.211911e-05,-2.041731e-08,2.894389e-02,-1.738592e-08,5.893553e+02,1.063372e+05,7.652670e-03,1.141278e-03,-2.752528e-06,-3.356926e-01,-2.723882e-06,1.005156e+03,6.748397e+05,4.242466e-04,4.472457e-04,1.154493e-07,3.303030e-01,1.928899e-08,3,85
1.556927e+03,6.222469e+04,3.825074e-05,6.008293e-05,-1.545814e-09,3.713336e-03,4.843690e-11,7.698115e+02,2.954542e+05,1.042212e-02,1.015498e-03,-3.267701e-06,-5.514290e-01,-2.749492e-06,1.014060e+03,8.282272e+05,7.929841e-04,1.770205e-04,4.253750e-08,3.925667e-02,1.474533e-08,3,95
1.242062e+03,1.436737e+05,6.523675e-05,8.702392e-04,-2.016800e-07,3.190499e-01,-1.224433e-07,5.276671e+02,1.165823e+05,1.238923e-02,1.053847e-03,-3.807541e-06,-3.595404e-01,-3.624536e-06,9.006777e+02,5.388777e+05,4.636818e-03,3.599156e-04,5.275999e-08,-6.527892e-02,6.316097e-08,2,53
1.156485e+03,1.700027e+05,1.928499e-03,4.447139e-04,5.253960e-08,3.940441e-02,2.476150e-08,4.974278e+02,6.846167e+04,1.218879e-02,8.849991e-04,-2.900753e-06,-2.305434e-01,-2.154219e-06,8.948593e+02,4.516394e+05,3.705024e-03,1.748193e-04,7.052138e-08,-3.736604e-02,2.376736e-10,2,75
1.393420e+03,1.724476e+05,1.083965e-04,3.295393e-04,-1.859384e-09,-1.142122e-01,-7.607224e-08,5.976048e+02,1.559580e+05,1.124594e-02,1.113668e-03,-3.858707e-06,-4.291717e-01,-1.787472e-06,1.004547e+03,6.890456e+05,1.996702e-04,1.794353e-05,7.420844e-10,7.342140e-03,-5.943530e-10,1,34
1.419571e+03,1.664115e+05,5.011149e-04,6.215022e-04,-2.569911e-07,2.527807e-01,-1.223449e-07,6.160714e+02,1.571268e+05,9.142013e-03,1.113471e-03,-3.550497e-06,-4.405044e-01,-3.405004e-06,1.023221e+03,7.208195e+05,7.340685e-04,1.148418e-04,3.217290e-08,9.617746e-02,3.030702e-08,3,99
1.358280e+03,1.055874e+05,3.148106e-04,1.138882e-03,-6.757025e-07,3.548146e-01,-4.619867e-07,5.970220e+02,1.919758e+05,1.149298e-02,1.067439e-03,-3.738557e-06,-4.676986e-01,-3.238945e-06,9.217594e+02,6.222186e+05,3.869037e-03,3.429190e-04,7.460360e-08,-4.496494e-02,1.924773e-08,1,57
1.261543e+03,1.898100e+05,9.754566e-03,1.193263e-03,4.060312e-06,5.167986e-01,4.432506e-06,5.483338e+02,8.038484e+04,6.981940e-03,1.013028e-03,-2.203187e-06,-2.542222e-01,-2.107984e-06,9.807325e+02,6.015081e+05,2.453378e-03,4.251909e-03,1.287030e-05,3.232773e+00,1.357116e-05,1,85
1.444398e+03,1.605478e+05,6.308244e-04,7.948846e-04,-3.577183e-07,3.180991e-01,8.842703e-09,6.346394e+02,1.690426e+05,8.483462e-03,1.012302e-03,-2.955847e-06,-4.154951e-01,-2.492929e-06,1.035314e+03,7.476457e+05,9.769577e-04,2.444919e-04,1.120942e-07,1.971826e-01,1.497108e-07,1,99
1.418846e+03,1.194908e+05,1.224954e-04,2.984555e-04,-5.410307e-08,7.374972e-02,-7.540943e-09,6.232657e+02,2.057548e+05,1.055844e-02,1.034027e-03,-3.334970e-06,-4.603173e-01,-2.833705e-06,9.654468e+02,6.938449e+05,9.080360e-04,7.519833e-05,7.297647e-09,-5.392908e-03,1.456835e-09,0,0
1.266264e+03,1.140816e+05,2.135558e-03,2.133031e-04,-6.333887e-08,5.396441e-02,-7.979541e-08,5.707449e+02,1.301953e+05,1.212789e-02,1.400359e-03,-5.541618e-06,-4.934594e-01,-4.823604e-06,9.082817e+02,5.366282e+05,3.197672e-03,4.214045e-04,1.783945e-07,-7.805122e-02,-1.749972e-08,1,92
1.468752e+03,1.106396e+05,7.660120e-05,6.440165e-04,4.321102e-08,1.595808e-01,1.366292e-07,6.522906e+02,2.443508e+05,1.026969e-02,9.963562e-04,-3.158791e-06,-4.915006e-01,-2.440434e-06,9.777644e+02,7.426841e+05,1.129068e-03,3.445702e-04,2.107778e-07,1.934571e-01,-3.890543e-08,0,63
1.557494e+03,9.073004e+04,6.221704e-04,3.751517e-04,-9.048850e-08,7.223043e-02,-8.245208e-08,7.473859e+02,2.648403e+05,9.504167e-03,1.117867e-03,-3.643463e-06,-5.752258e-01,-2.954965e-06,1.044906e+03,8.636398e+05,2.820772e-04,5.036008e-05,5.436446e-09,4.332280e-02,8.215821e-09,1,101
1.480747e+03,1.320705e+05,2.159841e-04,5.939543e-05,6.210543e-09,2.052069e-02,7.567254e-09,6.312397e+02,2.381204e+05,1.132692e-02,1.112725e-03,-3.948015e-06,-5.428281e-01,-3.747403e-06,9.929991e+02,7.520120e+05,1.365761e-04,4.854404e-05,3.374445e-09,4.081684e-02,-6.381077e-11,0,84
1.222455e+03,1.146553e+05,4.287949e-03,9.136613e-04,1.016070e-06,-3.580404e-02,1.038473e-06,5.602273e+02,1.104055e+05,1.181212e-02,1.271057e-03,-4.357059e-06,-3.839002e-01,-1.942544e-06,8.929748e+02,4.854415e+05,3.205831e-03,3.564646e-04,3.323284e-07,1.195511e-02,2.202858e-08,1,51
1.400463e+03,2.955370e+05,3.428267e-04,1.051345e-03,5.918500e-07,5.712800e-01,5.959348e-07,5.720596e+02,8.891823e+04,8.485736e-03,1.025025e-03,-2.991600e-06,-2.983755e-01,-2.790097e-06,1.103340e+03,8.213806e+05,7.596805e-04,8.534453e-04,6.813474e-07,7.365675e-01,1.136230e-07,1,97
1.427929e+03,9.996649e+04,7.118088e-04,8.246067e-05,-1.031323e-08,1.791349e-02,-1.321454e-08,6.492277e+02,2.205539e+05,1.132904e-02,1.276841e-03,-4.716256e-06,-5.920621e-01,-4.307633e-06,9.592859e+02,7.014456e+05,1.848939e-03,2.180518e-04,4.385960e-08,-4.472440e-02,-9.050917e-09,3,60
1.447125e+03,1.261676e+05,2.714597e-04,3.005187e-04,-8.523101e-08,1.053361e-01,-7.612030e-08,6.645475e+02,1.890386e+05,1.002297e-02,1.099870e-03,-3.206193e-06,-4.500823e-01,-2.918884e-06,1.014628e+03,7.793838e+05,3.443325e-04,1.170712e-04,2.007418e-08,8.343597e-02,3.123061e-08,3,90
1.460982e+03,1.552634e+05,9.313739e-05,8.118096e-04,-4.108537e-08,3.168011e-01,1.156594e-07,6.800965e+02,1.620402e+05,9.565618e-03,1.063726e-03,-3.071313e-06,-4.178565e-01,-2.783432e-06,1.058484e+03,8.380407e+05,1.899110e-03,7.334668e-04,8.232259e-07,5.805520e-01,1.065439e-06,0,80
1.365248e+03,2.369649e+05,8.695789e-03,2.567495e-05,-7.406403e-09,-1.045646e-02,-7.070980e-09,5.699971e+02,1.016450e+05,8.022716e-03,1.181306e-03,-3.497882e-06,-3.722859e-01,-3.101279e-06,1.046889e+03,7.323231e+05,4.985014e-05,1.061338e-03,1.577447e-07,9.066427e-01,1.557135e-07,0,35
1.262227e+03,2.603941e+05,1.159279e-03,9.987999e-05,-8.929751e-09,1.799480e-02,1.942647e-09,5.101706e+02,5.981576e+04,1.019380e-02,1.071292e-03,-3.466719e-06,-2.575890e-01,-2.737972e-06,1.018079e+03,6.333992e+05,4.838733e-04,6.965516e-05,1.217015e-08,3.209312e-02,1.926450e-09,1,64
1.507725e+03,8.501973e+04,5.447216e-05,1.620306e-04,-1.481125e-08,3.674258e-02,2.093003e-09,6.686071e+02,3.091895e+05,1.042759e-02,1.049396e-03,-3.469052e-06,-5.835046e-01,-3.036994e-06,9.526371e+02,7.272730e+05,1.069582e-03,1.059656e-04,-5.341634e-09,-4.296825e-02,4.916620e-09,1,74
1.403493e+03,2.195703e+05,4.399779e-03,3.714259e-04,-4.445011e-07,1.676905e-01,-5.587917e-07,6.103122e+02,1.100572e+05,8.017680e-03,1.195112e-03,-3.377761e-06,-3.848978e-01,-3.326155e-06,1.071814e+03,8.025536e+05,8.459514e-04,3.838446e-05,1.705465e-09,-2.714275e-02,1.104551e-09,2,55
1.343241e+03,9.535829e+04,1.141320e-03,6.292875e-04,-1.468633e-07,8.165748e-02,-1.516019e-07,6.173333e+02,1.874085e+05,1.180197e-02,1.192976e-03,-4.403298e-06,-5.149281e-01,-3.150889e-06,9.140502e+02,5.828663e+05,3.001892e-03,2.394910e-04,-2.023853e-07,-1.828195e-01,-6.506671e-08,1,71
1.249858e+03,1.416967e+05,8.161411e-05,1.734937e-03,3.116483e-07,5.903731e-01,8.598425e-07,5.361443e+02,1.189046e+05,1.222431e-02,9.612187e-04,-3.251935e-06,-3.275437e-01,-2.791370e-06,9.051850e+02,5.366332e+05,5.160502e-03,8.617526e-04,1.671489e-06,3.239661e-01,4.383629e-08,3,53
1.078826e+03,5.214131e+04,1.759553e-03,2.096953e-03,-3.994580e-06,4.778117e-01,-4.224441e-06,5.489480e+02,9.133881e+04,1.606165e-02,1.311409e-03,-5.530024e-06,-3.796702e-01,-5.483305e-06,7.767400e+02,2.948731e+05,1.256087e-02,5.485748e-04,-1.381519e-06,-2.696389e-01,-9.178993e-08,2,54
1.477668e+03,1.053881e+05,2.624756e-04,6.183494e-04,3.277191e-08,1.714798e-01,2.720900e-07,6.609261e+02,2.470030e+05,1.088964e-02,1.102484e-03,-3.819182e-06,-5.479206e-01,-2.888158e-06,9.842966e+02,7.531243e+05,1.001975e-03,3.524095e-04,2.078349e-07,2.341305e-01,-5.522844e-08,1,43
1.383161e+03,2.524652e+05,1.237162e-04,7.928698e-04,6.182363e-08,2.929875e-01,3.495175e-08,5.874034e+02,9.333321e+04,9.335175e-03,1.102114e-03,-3.368460e-06,-3.115104e-01,-2.344845e-06,1.077917e+03,7.695963e+05,3.900251e-04,4.879596e-04,2.099748e-07,4.066018e-01,3.733790e-08,0,97
1.277802e+03,1.183049e+05,2.801742e-04,4.654720e-04,8.697773e-08,3.626231e-02,4.836565e-08,5.662575e+02,1.376620e+05,1.051765e-02,9.581254e-04,-2.620839e-06,-3.236126e-01,-2.139721e-06,9.067758e+02,5.431358e+05,3.408368e-03,1.589946e-04,-1.153207e-07,-1.171663e-01,-3.004708e-08,0,5
1.162297e+03,1.249843e+05,2.213467e-03,8.676060e-04,-1.202135e-06,3.054913e-01,-1.325557e-06,5.302439e+02,7.996033e+04,1.470753e-02,1.184808e-03,-4.715610e-06,-3.298467e-01,-4.666644e-06,8.795718e+02,4.242633e+05,7.091104e-03,3.308774e-04,-4.354465e-07,-2.085429e-01,-1.875933e-07,0,91
1.437006e+03,1.116749e+05,1.471221e-04,3.127767e-04,5.334581e-08,2.355622e-02,2.512496e-08,6.353417e+02,2.239390e+05,1.176736e-02,1.189701e-03,-4.433626e-06,-5.620477e-01,-3.541120e-06,9.672779e+02,7.140231e+05,1.361376e-03,1.048006e-04,-2.825925e-08,-7.390755e-02,-2.394516e-09,2,63
1.473827e+03,1.304316e+05,4.380172e-04,1.922555e-04,-4.364282e-08,4.903737e-02,-2.626317e-08,6.616350e+02,2.104085e+05,1.036249e-02,1.074475e-03,-3.578833e-06,-4.927737e-01,-3.038436e-06,1.016338e+03,7.873867e+05,3.742896e-04,8.274592e-05,3.632074e-09,1.121290e-02,6.315873e-09,0,90
1.432083e+03,7.382055e+04,7.612797e-04,1.019636e-03,-7.510461e-07,2.163424e-01,-6.382105e-07,6.904581e+02,2.300298e+05,1.269394e-02,1.618535e-03,-7.293276e-06,-7.750976e-01,-5.851135e-06,9.551389e+02,6.738866e+05,2.825479e-03,2.450770e-04,-1.706444e-07,-1.690293e-01,2.122397e-09,2,60
1.541554e+03,1.357600e+05,4.536842e-05,1.423327e-03,1.870241e-07,5.064974e-01,4.979054e-07,6.858605e+02,2.408799e+05,7.351523e-03,9.031630e-04,-2.319874e-06,-4.429707e-01,-1.982451e-06,1.052154e+03,8.202741e+05,2.063378e-03,8.535559e-04,1.121351e-06,7.486273e-01,1.232044e-06,0,98
1.239337e+03,1.519827e+05,4.063518e-04,2.015239e-04,1.089809e-08,1.218401e-02,1.502272e-08,5.259654e+02,1.084641e+05,1.128537e-02,8.393370e-04,-2.518484e-06,-2.702937e-01,-2.009128e-06,9.102642e+02,5.374592e+05,4.002898e-03,1.823101e-04,-3.900724e-08,-9.073645e-02,-4.839707e-08,3,77
1.403507e+03,2.157009e+05,4.637464e-03,4.851205e-04,-4.396848e-07,1.719589e-01,-5.000261e-07,6.051201e+02,1.141193e+05,8.504619e-03,1.283886e-03,-4.234479e-06,-4.336203e-01,-3.635148e-06,1.065809e+03,7.871637e+05,5.155520e-04,2.340073e-05,1.428368e-09,9.068467e-03,2.849998e-09,3,55
1.331101e+03,1.168649e+05,5.798774e-04,1.941309e-03,-1.208938e-06,5.572612e-01,-1.215693e-06,5.895798e+02,1.600551e+05,1.019410e-02,1.082979e-03,-2.958687e-06,-3.832374e-01,-2.980889e-06,9.311041e+02,6.197889e+05,3.652481e-03,3.672253e-04,2.484292e-07,6.523749e-02,-1.376447e-07,3,61
1.313655e+03,6.431241e+04,2.546705e-04,1.258816e-03,-6.552732e-07,3.131637e-01,-6.195770e-07,6.256887e+02,1.900888e+05,9.059722e-03,9.935679e-04,-2.787330e-06,-4.111597e-01,-2.770964e-06,8.792314e+02,5.344716e+05,5.279848e-03,3.954931e-04,-2.525737e-07,-1.674203e-01,-1.460522e-08,1,68
1.381866e+03,1.381057e+05,9.052476e-05,7.492286e-04,-1.806259e-07,1.865362e-01,-2.317797e-08,6.177680e+02,1.620415e+05,9.435378e-03,1.023931e-03,-3.172572e-06,-4.119809e-01,-2.151172e-06,9.845979e+02,6.825667e+05,1.808673e-03,2.014368e-04,2.654310e-08,-1.724626e-02,-3.350198e-08,1,25
1.462093e+03,7.625559e+04,5.353216e-04,4.605598e-04,-7.305575e-08,6.915327e-02,-5.628954e-08,6.898495e+02,2.518372e+05,1.050440e-02,1.234729e-03,-4.440041e-06,-6.189463e-01,-3.396900e-06,9.638171e+02,7.008944e+05,9.294975e-04,8.370272e-05,-1.999952e-08,-6.032350e-02,3.914248e-10,0,46
1.331446e+03,7.094159e+04,2.033005e-04,1.701080e-04,-2.735678e-08,4.221754e-02,-3.457800e-08,6.216186e+02,1.993876e+05,1.334277e-02,1.291627e-03,-5.148875e-06,-5.675115e-01,-4.814677e-06,8.853513e+02,5.391411e+05,5.587872e-03,4.413983e-04,-6.574380e-07,-3.139879e-01,-4.267245e-07,2,102
1.185665e+03,9.740341e+04,2.321953e-03,1.931916e-03,-4.087854e-06,5.937235e-01,-3.994074e-06,5.849268e+02,8.690194e+04,1.185598e-02,2.072917e-03,-9.383984e-06,-5.904038e-01,-8.526839e-06,8.914886e+02,4.596757e+05,6.301666e-03,3.937293e-04,-4.963478e-07,-2.647557e-01,2.864182e-07,2,81
1.323465e+03,1.510017e+05,1.005671e-03,6.665093e-04,-5.302398e-07,2.227188e-01,-2.422444e-07,5.683451e+02,1.368777e+05,1.194991e-02,1.188723e-03,-4.478262e-06,-4.391744e-01,-3.431759e-06,9.542184e+02,6.217629e+05,2.726545e-03,1.641449e-04,-1.039916e-07,-1.196674e-01,-7.083602e-09,0,58
1.490382e+03,1.144935e+05,6.167930e-04,7.286477e-04,-3.620644e-07,1.621865e-01,-2.829173e-07,6.874370e+02,2.299060e+05,1.059837e-02,1.254990e-03,-4.564300e-06,-6.016752e-01,-3.521927e-06,1.012105e+03,7.942561e+05,5.492091e-04,1.026315e-04,2.005791e-08,5.786068e-02,-1.406562e-08,0,103
1.525171e+03,8.972644e+04,1.149357e-03,5.163599e-04,-3.014064e-07,1.240470e-01,-2.968563e-07,7.272773e+02,2.533486e+05,8.693678e-03,1.088740e-03,-3.347289e-06,-5.480024e-01,-2.832753e-06,1.022959e+03,8.271664e+05,3.516268e-04,2.930269e-05,-5.738413e-11,-1.749899e-03,-2.594319e-09,2,101
1.332552e+03,1.764206e+05,4.135636e-04,4.953234e-04,-1.306401e-07,9.450081e-02,-1.182848e-08,5.562095e+02,1.310505e+05,1.079258e-02,1.064812e-03,-3.437387e-06,-3.724820e-01,-2.336941e-06,9.722128e+02,6.598181e+05,1.144233e-03,7.593416e-05,-2.636879e-09,-2.319184e-02,2.352177e-10,1,58
1.496181e+03,1.239231e+05,5.630557e-04,5.660822e-04,-2.313990e-07,1.463742e-01,-2.044897e-07,6.819492e+02,2.239119e+05,1.067660e-02,1.283678e-03,-4.596145e-06,-5.998223e-01,-3.619320e-06,1.027053e+03,8.186072e+05,4.052631e-04,7.178754e-05,1.066284e-08,5.105312e-02,-4.552433e-09,3,103
1.442805e+03,8.590101e+04,1.133161e-03,4.935969e-04,-3.559688e-07,1.430259e-01,-4.669889e-07,6.724098e+02,2.328478e+05,1.024152e-02,1.198217e-03,-3.958389e-06,-5.644812e-01,-3.964266e-06,9.602836e+02,7.001656e+05,1.779426e-03,1.153366e-04,-4.956973e-08,-9.609545e-02,-7.631176e-11,2,104
1.238941e+03,1.371333e+05,2.947983e-03,5.517441e-04,-1.912587e-07,8.286309e-02,-2.155763e-07,5.812166e+02,9.349043e+04,1.337977e-02,1.819946e-03,-8.959034e-06,-5.420850e-01,-7.300252e-06,9.341151e+02,5.346467e+05,2.940832e-03,3.731762e-04,3.198088e-07,9.524541e-05,-3.855263e-09,0,33
1.442807e+03,1.521868e+05,1.497373e-04,1.075868e-03,4.314000e-07,2.690302e-01,-5.360704e-08,6.387303e+02,1.803778e+05,1.032571e-02,1.184340e-03,-4.100642e-06,-5.022836e-01,-3.240199e-06,1.019876e+03,7.862391e+05,1.016211e-03,5.519518e-04,4.130206e-07,4.754900e-01,1.525379e-07,2,82
1.361502e+03,5.409621e+04,6.652425e-04,2.901542e-03,-3.655486e-06,6.721678e-01,-1.895814e-06,6.607042e+02,2.204789e+05,9.469141e-03,1.122402e-03,-3.658521e-06,-5.269203e-01,-3.316905e-06,8.925117e+02,5.555271e+05,6.477202e-03,7.204760e-04,6.022447e-07,5.360364e-02,-5.913706e-07,0,68
1.184833e+03,1.979579e+05,2.298245e-03,7.171089e-04,-6.534528e-07,2.824063e-01,-8.363390e-07,5.070099e+02,5.488160e+04,1.175284e-02,9.677052e-04,-3.260647e-06,-2.264636e-01,-2.981471e-06,9.511871e+02,4.802427e+05,5.719394e-03,2.608770e-04,-3.930859e-08,-1.312493e-01,-4.921658e-08,0,9
1.310060e+03,1.478873e+05,2.641282e-03,1.483728e-04,7.974622e-08,-2.441428e-02,7.331837e-08,6.161824e+02,1.032622e+05,8.467375e-03,1.249345e-03,-4.029811e-06,-4.009216e-01,-2.532765e-06,9.938862e+02,6.592071e+05,2.998489e-03,8.353958e-04,1.204013e-06,2.752706e-01,2.422590e-07,3,87
1.384296e+03,1.399935e+05,1.781012e-03,4.612138e-05,5.054449e-09,-1.715367e-02,4.195023e-09,6.129405e+02,1.598671e+05,1.034809e-02,1.286929e-03,-4.615695e-06,-5.052741e-01,-3.943590e-06,9.844815e+02,7.009736e+05,1.333259e-03,4.830337e-04,3.867781e-07,2.448703e-01,2.156317e-07,0,45
1.247088e+03,1.295871e+05,3.395535e-03,1.745931e-03,-4.244983e-06,6.184693e-01,-4.010283e-06,5.628110e+02,1.089558e+05,1.102701e-02,1.346693e-03,-5.040604e-06,-4.407749e-01,-4.671264e-06,9.171215e+02,5.462772e+05,3.379765e-03,1.283385e-04,-8.226209e-08,-8.258053e-02,8.510070e-09,2,50
1.262417e+03,1.348747e+05,2.995113e-03,2.319333e-03,-6.105631e-06,8.296043e-01,-5.779124e-06,5.674763e+02,1.110136e+05,1.030921e-02,1.260861e-03,-4.414166e-06,-4.157934e-01,-3.955196e-06,9.298338e+02,5.721762e+05,3.442801e-03,1.822689e-04,1.255894e-08,-2.857747e-03,-9.417261e-08,1,50
1.371822e+03,1.341419e+05,6.077337e-03,8.318617e-05,-5.907738e-08,-1.295786e-02,-5.977384e-08,6.145087e+02,1.583379e+05,7.388016e-03,1.033043e-03,-2.812166e-06,-4.092497e-01,-2.077920e-06,9.779028e+02,6.520838e+05,1.683036e-03,1.430484e-03,2.091948e-06,9.425077e-01,1.653860e-06,2,72
1.469666e+03,2.065030e+05,2.118384e-04,9.780417e-06,-4.422495e-10,3.643417e-03,-2.896470e-10,6.422279e+02,1.414026e+05,1.177726e-02,1.329524e-03,-5.256402e-06,-4.964568e-01,-4.692377e-06,1.093767e+03,8.592657e+05,3.689322e-05,5.899306e-06,-8.629126e-11,-4.929603e-03,-9.528163e-11,1,36
1.528242e+03,9.416716e+04,4.328387e-04,3.484132e-04,-1.328728e-07,1.056190e-01,-1.443117e-07,6.863694e+02,2.873643e+05,8.746271e-03,9.048325e-04,-2.537372e-06,-4.843631e-01,-2.480672e-06,9.922448e+02,8.078739e+05,7.313284e-04,6.310471e-05,9.593672e-10,-1.898535e-02,6.384345e-10,1,88
1.325086e+03,2.226742e+05,7.101375e-04,6.363329e-04,-4.271795e-07,2.751478e-01,-2.933559e-07,5.468121e+02,1.007736e+05,8.923372e-03,1.063556e-03,-3.239016e-06,-3.294987e-01,-2.949243e-06,1.008408e+03,6.611509e+05,8.176488e-04,4.902458e-05,9.372857e-09,3.578588e-02,-2.500398e-09,1,10
1.307348e+03,1.012102e+05,3.679715e-04,5.797160e-04,-2.457344e-07,1.844242e-01,-1.803728e-07,5.954152e+02,1.558419e+05,1.175601e-02,1.158455e-03,-4.261179e-06,-4.568244e-01,-4.113325e-06,9.126358e+02,5.611224e+05,3.162749e-03,1.827743e-04,-1.125843e-07,-1.152571e-01,-3.853858e-09,0,96
1.530201e+03,9.624154e+04,1.094636e-04,1.998415e-04,-2.948737e-08,1.089223e-02,-1.672789e-09,7.423193e+02,2.427118e+05,7.848744e-03,7.848543e-04,-1.911655e-06,-3.748672e-01,-1.316060e-06,1.037873e+03,8.617453e+05,6.446340e-04,2.390938e-04,8.698734e-08,1.609166e-01,8.459348e-08,0,13
1.758786e+03,3.969253e+04,5.488875e-04,3.007293e-03,-3.447810e-06,4.275841e-01,-2.910968e-06,9.123275e+02,4.530498e+05,1.346885e-02,1.782704e-03,-8.630347e-06,-1.192683e+00,-6.226426e-06,1.096082e+03,8.588623e+05,2.897228e-03,8.136961e-04,1.098056e-06,5.534002e-01,-5.928607e-07,2,76
1.470694e+03,1.296108e+05,1.074558e-04,4.485797e-04,-4.753041e-08,1.418700e-01,7.776929e-08,6.624723e+02,2.125822e+05,8.590118e-03,8.902697e-04,-2.426884e-06,-4.100804e-01,-1.960525e-06,1.010347e+03,7.781678e+05,5.332363e-04,2.099141e-04,6.491476e-08,1.817363e-01,7.546743e-08,0,27
1.459061e+03,1.345072e+05,1.079117e-03,6.772036e-04,-5.503426e-07,2.145104e-01,-4.231727e-07,6.633077e+02,1.911558e+05,1.023574e-02,1.288763e-03,-4.671494e-06,-5.633248e-01,-3.933535e-06,1.022091e+03,7.837782e+05,7.149344e-04,6.085267e-05,-1.458840e-09,-9.108638e-03,-8.650844e-09,2,70
1.500273e+03,1.219858e+05,3.847327e-04,1.607004e-03,-1.133630e-06,4.755168e-01,-8.912756e-07,6.921995e+02,2.160690e+05,1.135503e-02,1.435173e-03,-5.792859e-06,-6.661909e-01,-4.576529e-06,1.036851e+03,8.087236e+05,1.549675e-03,3.957778e-04,2.824049e-07,2.645605e-01,-1.266292e-07,1,70
1.543791e+03,6.105169e+04,5.846100e-05,9.280002e-05,1.937723e-12,-4.955090e-03,9.538904e-10,7.769034e+02,2.846971e+05,1.120140e-02,1.053374e-03,-3.617933e-06,-5.603920e-01,-2.895138e-06,1.010459e+03,8.129128e+05,1.168955e-03,2.545647e-04,9.061289e-08,5.578559e-02,2.413985e-08,1,95
1.556063e+03,1.570431e+05,6.478358e-05,1.291131e-03,3.531438e-07,5.116056e-01,4.988330e-07,6.872529e+02,2.262572e+05,7.239031e-03,9.331706e-04,-2.360665e-06,-4.382831e-01,-2.274654e-06,1.080677e+03,8.759930e+05,2.593996e-03,9.196418e-04,1.382426e-06,7.952146e-01,1.823222e-06,2,98
1.191350e+03,1.260464e+05,1.597146e-03,2.095491e-03,-3.706389e-06,7.427705e-01,-3.525912e-06,5.719563e+02,7.349324e+04,1.025624e-02,1.741417e-03,-6.879807e-06,-4.563672e-01,-6.594509e-06,9.206825e+02,4.975991e+05,4.897073e-03,2.069788e-04,-1.637331e-07,-9.058053e-02,-8.998485e-08,0,17
1.438467e+03,1.564759e+05,3.432555e-04,6.302930e-05,-9.127049e-09,2.486965e-02,-9.847482e-09,6.221915e+02,1.795786e+05,1.017804e-02,1.109565e-03,-3.655736e-06,-4.671786e-01,-3.608402e-06,1.014714e+03,7.607116e+05,3.950667e-04,2.877644e-05,1.307503e-09,-7.752869e-03,-1.157596e-10,1,45
1.118885e+03,6.456139e+04,1.099874e-03,3.800195e-03,-7.727487e-06,8.921941e-01,-4.084188e-06,5.528148e+02,9.935681e+04,1.500803e-02,1.322639e-03,-5.887533e-06,-4.167657e-01,-4.054751e-06,8.059870e+02,3.326115e+05,1.270838e-02,8.000006e-04,-1.468514e-07,-6.325759e-02,-3.842454e-07,1,54
1.208332e+03,1.272091e+05,5.857276e-04,5.157269e-04,-2.737059e-07,1.729031e-01,-2.460236e-07,5.274700e+02,1.069467e+05,1.345835e-02,1.043062e-03,-3.907934e-06,-3.411053e-01,-3.634961e-06,8.814915e+02,4.865451e+05,5.577403e-03,2.293014e-04,-2.540211e-07,-1.599407e-01,-8.376921e-08,2,77
1.332865e+03,9.512722e+04,5.169174e-04,1.703257e-04,4.173163e-08,5.252942e-02,3.044458e-08,6.079829e+02,1.784241e+05,1.053863e-02,8.790802e-04,-2.345641e-06,-3.492408e-01,-2.310633e-06,9.106786e+02,5.665351e+05,3.831986e-03,2.713399e-04,-3.223121e-08,-1.035976e-01,4.062402e-08,0,3
1.389409e+03,1.457049e+05,5.995331e-04,1.163571e-04,-1.248040e-08,2.117318e-02,-5.570162e-09,6.239785e+02,1.525392e+05,9.209431e-03,1.105906e-03,-3.527447e-06,-4.313132e-01,-2.977153e-06,9.995255e+02,7.150362e+05,1.637480e-03,1.903187e-04,6.138024e-08,-1.948290e-02,-9.441101e-10,0,25
1.230318e+03,1.260460e+05,3.265094e-03,1.112982e-03,-8.142218e-07,2.126465e-01,-8.098000e-07,5.576623e+02,1.076085e+05,1.132037e-02,1.261688e-03,-4.767365e-06,-4.131461e-01,-3.166344e-06,9.043756e+02,5.030883e+05,3.631650e-03,2.138463e-04,1.128188e-08,-1.027443e-01,1.735314e-08,0,51
1.275031e+03,3.017332e+05,6.541906e-04,6.787965e-05,1.429485e-08,-2.927744e-02,3.254513e-09,4.982952e+02,5.442407e+04,8.450793e-03,8.598045e-04,-2.317604e-06,-2.005704e-01,-1.411901e-06,1.047255e+03,6.746239e+05,4.343094e-04,1.085813e-04,1.971069e-08,6.362465e-02,3.773205e-09,2,64
1.566803e+03,1.502204e+05,2.398020e-03,9.861334e-06,-6.645642e-10,8.273166e-04,-1.386304e-09,7.077927e+02,2.316274e+05,7.488237e-03,1.130175e-03,-3.031862e-06,-5.283324e-01,-2.976501e-06,1.085533e+03,9.026224e+05,2.375893e-04,4.405847e-04,1.328361e-07,3.666731e-01,1.071478e-07,1,73
1.436989e+03,1.301187e+05,6.095408e-04,2.551338e-05,-4.835759e-10,8.064520e-03,-5.131355e-10,6.200843e+02,2.087979e+05,1.295326e-02,1.349538e-03,-5.637122e-06,-6.164285e-01,-5.171661e-06,9.806585e+02,7.093149e+05,6.589159e-04,6.976696e-05,6.469129e-09,-1.116600e-02,1.237324e-09,3,84
1.532045e+03,8.831027e+04,1.250399e-04,1.377738e-04,-1.264273e-08,1.226943e-02,-3.214942e-11,6.918813e+02,3.014717e+05,9.980418e-03,1.042102e-03,-3.317919e-06,-5.644181e-01,-2.643116e-06,9.836150e+02,7.828495e+05,2.482987e-04,1.628481e-05,3.623949e-10,2.988707e-04,-2.133703e-10,1,100
1.470152e+03,1.105595e+05,1.118647e-04,9.914812e-04,-3.248781e-07,2.351670e-01,9.015912e-08,6.546431e+02,2.395919e+05,1.182258e-02,1.223546e-03,-4.610632e-06,-5.927220e-01,-3.193173e-06,9.833680e+02,7.506590e+05,1.186292e-03,3.394323e-04,2.078750e-07,2.044130e-01,-6.868693e-08,0,43
1.606786e+03,1.298961e+05,8.545302e-04,2.432768e-05,-3.427019e-09,-4.300331e-03,-4.567570e-09,7.063926e+02,3.013568e+05,9.919645e-03,1.011724e-03,-3.205013e-06,-5.552305e-01,-2.450295e-06,1.060873e+03,9.093377e+05,2.747662e-04,1.371181e-04,2.509038e-08,9.430491e-02,3.245109e-08,2,49
1.454442e+03,1.182613e+05,1.290343e-03,3.247832e-04,-5.108280e-09,-1.068527e-01,-1.943871e-07,6.435262e+02,2.294115e+05,1.228782e-02,1.138986e-03,-3.518603e-06,-4.786752e-01,-1.255584e-06,9.817283e+02,7.343166e+05,8.512229e-05,1.286464e-04,1.183776e-08,1.046449e-01,1.500320e-08,2,62
1.258485e+03,1.396033e+05,3.535394e-03,2.386608e-03,-6.931464e-06,8.727910e-01,-6.788132e-06,5.654158e+02,1.060370e+05,9.705622e-03,1.253186e-03,-4.318512e-06,-4.077243e-01,-4.068264e-06,9.329107e+02,5.817467e+05,3.310046e-03,1.526826e-04,4.691918e-09,-2.912040e-03,-8.094214e-08,0,50
1.145675e+03,1.298818e+05,6.693037e-03,3.551167e-04,-4.946773e-07,1.244428e-01,-5.171649e-07,5.526499e+02,5.737138e+04,8.313713e-03,1.642067e-03,-4.409772e-06,-3.276209e-01,-4.390762e-06,9.074696e+02,4.720491e+05,1.992089e-03,7.187446e-04,6.317626e-07,3.634698e-01,-3.378999e-07,1,42
1.335995e+03,8.381051e+04,2.555765e-04,6.593323e-05,-8.541187e-09,1.908760e-02,-8.371720e-09,6.106726e+02,1.909133e+05,1.286527e-02,1.249865e-03,-4.833034e-06,-5.349271e-01,-4.586107e-06,9.000225e+02,5.646848e+05,4.478210e-03,3.712633e-04,-3.266598e-07,-2.266467e-01,-2.802466e-07,3,102
1.357225e+03,2.773839e+05,7.152845e-04,1.038970e-03,7.494812e-07,5.131742e-01,7.599264e-07,5.660335e+02,7.253069e+04,8.760686e-03,1.155894e-03,-3.673146e-06,-3.110570e-01,-3.001408e-06,1.088082e+03,7.868125e+05,6.469057e-04,1.235341e-03,1.104117e-06,1.094295e+00,1.099971e-06,2,97
1.340310e+03,1.080454e+05,9.473255e-04,4.646128e-04,6.772339e-08,3.044226e-02,3.630804e-08,6.093261e+02,1.728661e+05,1.276816e-02,1.304327e-03,-5.248809e-06,-5.410491e-01,-3.835915e-06,9.276531e+02,6.012642e+05,2.190056e-03,1.673652e-04,-8.662495e-08,-1.223221e-01,-3.414993e-08,3,71
1.474601e+03,9.434490e+04,1.348804e-03,4.286033e-04,-3.249705e-07,-5.158571e-02,-3.964305e-07,6.705147e+02,2.546448e+05,1.161964e-02,1.095306e-03,-2.758601e-06,-4.359646e-01,-1.176228e-06,9.710783e+02,7.286923e+05,2.455781e-04,3.802348e-04,1.054820e-07,3.160746e-01,1.163046e-07,3,62
1.444365e+03,6.697715e+04,3.547682e-03,3.308404e-03,-1.098578e-05,8.241992e-01,-1.269519e-05,7.543304e+02,1.908202e+05,8.889256e-03,1.706087e-03,-6.562646e-06,-7.447932e-01,-6.358776e-06,1.007982e+03,6.845596e+05,4.045834e-03,3.221210e-04,2.353771e-07,1.527084e-01,-2.475278e-07,1,67
1.530076e+03,9.484832e+04,2.623814e-05,3.278826e-04,-1.130591e-08,8.067144e-02,-1.257753e-08,6.892490e+02,2.850513e+05,9.543232e-03,9.963008e-04,-2.802940e-06,-5.071838e-01,-2.862021e-06,9.961778e+02,8.093187e+05,5.567936e-04,9.735108e-05,2.039998e-08,3.778569e-02,-2.751544e-09,3,88
1.403169e+03,1.363875e+05,2.536949e-04,7.991749e-04,-1.707425e-07,2.167016e-01,-2.956743e-07,6.202413e+02,1.777306e+05,1.069293e-02,1.206053e-03,-4.325276e-06,-5.084477e-01,-3.604605e-06,9.826090e+02,7.188804e+05,6.654219e-04,1.837639e-04,6.271964e-08,1.288248e-01,-1.758112e-08,3,82
1.524530e+03,1.211762e+05,5.316775e-04,4.184554e-04,-1.935895e-07,1.216619e-01,-1.338945e-07,7.039003e+02,2.414340e+05,1.085716e-02,1.286981e-03,-4.334374e-06,-6.086300e-01,-3.569811e-06,1.036679e+03,8.310422e+05,3.019172e-04,5.491939e-05,6.857203e-09,4.690181e-02,1.284215e-09,2,103
1.186700e+03,9.946736e+04,1.471961e-03,2.419763e-03,-4.565173e-06,7.509126e-01,-5.061545e-06,5.815544e+02,9.005579e+04,1.164349e-02,2.008510e-03,-8.460590e-06,-5.622685e-01,-8.026053e-06,8.877144e+02,4.565929e+05,6.192809e-03,3.534704e-04,-4.379889e-07,-1.662296e-01,-1.184062e-07,3,81
1.195644e+03,1.688913e+05,4.272153e-03,7.171429e-04,-1.250489e-06,2.939431e-01,-1.206655e-06,5.074422e+02,7.847491e+04,1.148537e-02,1.089870e-03,-3.552068e-06,-2.948024e-01,-3.292791e-06,9.160917e+02,5.042038e+05,3.465630e-03,2.246652e-04,1.127767e-08,-9.059938e-02,-3.089709e-08,0,94
1.303865e+03,1.782205e+05,1.304239e-03,6.259599e-04,-5.400610e-07,2.162014e-01,-2.061369e-07,5.625968e+02,1.042360e+05,9.206631e-03,1.091379e-03,-3.288984e-06,-3.393046e-01,-2.457883e-06,9.815158e+02,6.430449e+05,1.260347e-03,6.918987e-05,-1.962542e-08,-4.975408e-02,1.736214e-09,1,78
1.289906e+03,1.612786e+05,2.230098e-03,2.721961e-04,-2.104737e-07,1.091588e-01,-2.588717e-07,5.432444e+02,1.211052e+05,1.076503e-02,1.223595e-03,-3.545892e-06,-3.704803e-01,-3.485995e-06,9.443446e+02,5.981331e+05,2.728503e-03,2.757508e-04,4.083898e-08,-9.621756e-02,-3.086431e-08,3,92
1.540431e+03,1.021756e+05,7.846429e-05,1.629304e-04,-8.773563e-09,4.776701e-02,-8.182433e-09,6.813953e+02,2.919732e+05,7.983213e-03,8.107071e-04,-1.970120e-06,-4.283159e-01,-1.939950e-06,1.000259e+03,8.293493e+05,4.061520e-04,3.949195e-05,2.784516e-09,6.117512e-04,3.923459e-10,0,88
1.341707e+03,1.769600e+05,2.517026e-04,5.689160e-04,3.351189e-08,1.887923e-01,1.999973e-07,5.576660e+02,1.337422e+05,9.251612e-03,7.732130e-04,-1.903004e-06,-2.653440e-01,-1.508506e-06,9.760111e+02,6.584823e+05,1.863929e-03,3.118337e-04,2.337523e-07,1.608475e-01,-9.976269e-09,1,5
1.445862e+03,1.954695e+05,2.722215e-05,1.927048e-04,1.262789e-08,-5.120878e-02,5.445372e-09,6.089290e+02,1.577547e+05,1.112743e-02,1.331863e-03,-4.929956e-06,-5.125527e-01,-3.520720e-06,1.049715e+03,7.909240e+05,4.738039e-04,3.890817e-05,-1.343300e-09,-5.650575e-03,1.426470e-10,2,56
1.499225e+03,1.833831e+05,1.908333e-04,1.434266e-03,-4.373282e-07,5.318924e-01,4.473145e-07,7.042972e+02,1.518033e+05,8.438766e-03,8.510958e-04,-2.218335e-06,-3.315982e-01,-1.622498e-06,1.109625e+03,9.241904e+05,3.129729e-03,1.391530e-03,2.838652e-06,1.204011e+00,3.447739e-06,2,80
1.262330e+03,8.804121e+04,2.256264e-03,1.887072e-04,-1.197128e-07,5.283127e-02,-1.281477e-07,6.270269e+02,1.197083e+05,1.137481e-02,1.784516e-03,-7.665862e-06,-6.064942e-01,-7.153757e-06,9.166253e+02,5.320339e+05,4.574686e-03,8.500736e-04,1.350037e-06,9.270088e-02,5.025791e-08,2,87
1.526952e+03,9.661082e+04,1.653039e-04,2.017788e-04,-2.624664e-08,6.011277e-02,9.393834e-09,6.663211e+02,3.086977e+05,9.970802e-03,1.005084e-03,-3.165496e-06,-5.573148e-01,-2.755975e-06,9.731117e+02,7.658899e+05,8.019160e-04,9.659830e-05,7.980911e-09,-1.317497e-02,7.242387e-09,3,74
1.240758e+03,1.577548e+05,3.559670e-04,2.193987e-03,-1.877618e-06,7.917585e-01,-1.131451e-06,5.242073e+02,1.032669e+05,1.306264e-02,8.732482e-04,-2.898135e-06,-2.768532e-01,-2.243495e-06,9.203297e+02,5.205665e+05,4.655511e-03,5.661018e-04,9.099563e-07,3.161450e-01,-7.174213e-08,1,66
1.598223e+03,2.260586e+05,2.485836e-03,3.838327e-04,1.393791e-08,1.170366e-01,-3.634558e-08,6.872237e+02,2.033216e+05,6.232640e-03,9.299247e-04,-2.204780e-06,-4.189251e-01,-1.534172e-06,1.150096e+03,1.016283e+06,2.061574e-04,9.287308e-04,4.019591e-07,9.320533e-01,4.113518e-07,2,73
1.489512e+03,1.304724e+05,9.193335e-04,1.000611e-04,2.135807e-08,3.585250e-02,4.288830e-08,6.462839e+02,2.385007e+05,9.577042e-03,9.056548e-04,-2.657058e-06,-4.420252e-01,-2.098067e-06,1.003803e+03,7.902220e+05,5.140548e-04,1.931217e-04,6.081235e-08,9.372892e-02,1.840637e-08,0,12
1.235370e+03,1.693679e+05,3.006667e-04,1.781396e-03,-1.239556e-06,7.183886e-01,-5.381007e-07,5.171110e+02,9.553611e+04,1.232044e-02,8.856736e-04,-2.920057e-06,-2.736019e-01,-2.601432e-06,9.270744e+02,5.285271e+05,4.449293e-03,4.669757e-04,6.331565e-07,2.204353e-01,-5.680329e-08,3,66
1.456310e+03,2.255354e+05,4.065367e-04,9.049809e-05,-6.052279e-09,2.672539e-02,1.275144e-08,6.112665e+02,1.458108e+05,1.033266e-02,1.061114e-03,-3.512157e-06,-4.041201e-01,-2.718364e-06,1.074762e+03,8.405126e+05,1.464076e-03,3.535387e-04,1.733815e-07,1.182952e-01,1.728014e-07,0,65
1.342825e+03,1.827434e+05,2.873022e-03,3.363265e-05,-9.969920e-09,1.417848e-02,-9.798407e-09,5.821663e+02,1.130361e+05,7.049285e-03,9.256625e-04,-2.105353e-06,-2.906495e-01,-1.932652e-06,1.009555e+03,6.919205e+05,2.384961e-04,2.762199e-04,3.509550e-08,2.133223e-01,9.999754e-09,2,85
1.374211e+03,1.099845e+05,4.914834e-04,7.256271e-04,-3.047456e-07,1.931710e-01,-3.768059e-07,6.186989e+02,1.863690e+05,1.073127e-02,1.228108e-03,-4.355455e-06,-5.260562e-01,-3.657990e-06,9.443186e+02,6.358100e+05,2.991582e-03,2.519956e-04,-1.866997e-07,-1.729261e-01,-3.790281e-09,1,48
1.248003e+03,1.384246e+05,2.022251e-04,1.330439e-03,6.561134e-07,4.613966e-01,6.905505e-07,5.376696e+02,1.188966e+05,1.211151e-02,9.685860e-04,-3.304772e-06,-3.321284e-01,-3.095671e-06,9.032066e+02,5.426435e+05,4.013544e-03,7.408179e-04,1.237944e-06,3.224682e-01,-4.394856e-08,1,53
