4.471016e+05,1.419878e+10,-4.733800e+13,8.381051e+05,2.164205e+10,-7.927701e+13,8.259173e+05,2.142483e+10,-6.521681e+13,4.494944e+05,1.393436e+10,2.848028e+12,2,76,N,N
4.174351e+05,1.048732e+10,-2.097837e+13,6.540123e+05,1.636925e+10,5.470114e+13,6.493071e+05,1.497801e+10,4.184717e+13,3.941371e+05,9.549365e+09,1.700422e+11,1,41,N,N
3.953468e+05,1.009681e+10,-2.015905e+13,6.691828e+05,1.568254e+10,3.326380e+13,6.724568e+05,1.493245e+10,2.426852e+13,3.733059e+05,9.156108e+09,-1.123811e+13,0,46,N,N
3.541518e+05,8.437869e+09,-5.992577e+12,6.092473e+05,1.775222e+10,7.146436e+13,6.413055e+05,1.649501e+10,5.109188e+13,3.395361e+05,7.800451e+09,-1.315600e+12,2,96,N,N
3.896326e+05,9.669325e+09,-7.030236e+12,6.511179e+05,1.865741e+10,6.760948e+13,6.349619e+05,1.578364e+10,4.542901e+13,3.562958e+05,8.124874e+09,2.515077e+11,0,58,N,N
4.315893e+05,1.055144e+10,-5.603935e+13,7.008448e+05,1.008680e+10,-6.268381e+13,7.110755e+05,1.390905e+10,-2.125709e+13,3.695369e+05,9.238672e+09,-2.420046e+12,1,103,N,N
4.625275e+05,1.114111e+10,-7.406931e+13,7.046247e+05,8.473658e+09,-7.406057e+13,6.813875e+05,1.204676e+10,-4.104103e+13,4.170203e+05,1.112228e+10,-7.346365e+12,2,55,N,N
4.105971e+05,1.133084e+10,-1.584174e+13,6.799826e+05,1.689530e+10,4.986756e+13,6.833508e+05,1.653822e+10,5.138436e+13,3.814823e+05,9.623208e+09,-4.854953e+12,2,84,N,N
4.219661e+05,1.175153e+10,-1.753961e+13,7.221387e+05,1.601201e+10,2.702062e+13,7.122684e+05,1.688269e+10,3.859787e+13,3.988696e+05,1.055463e+10,-5.171470e+12,0,29,N,N
3.962711e+05,9.913336e+09,-1.903412e+13,6.898705e+05,1.477883e+10,1.196163e+13,6.721943e+05,1.541297e+10,2.140737e+13,3.855620e+05,9.663717e+09,-4.320218e+12,0,52,N,N
5.127313e+05,9.655734e+09,-1.833327e+14,7.412649e+05,-2.262918e+09,-2.216417e+14,7.367531e+05,6.507916e+09,-1.518663e+14,4.164231e+05,1.078775e+10,-1.939402e+13,2,80,N,N
4.465269e+05,1.158508e+10,-4.785917e+13,6.674305e+05,1.146370e+10,-1.145711e+13,6.563277e+05,1.229462e+10,5.936099e+12,4.076245e+05,1.076158e+10,-6.613967e+12,2,65,N,N
4.658431e+05,1.193558e+10,-5.756892e+13,7.021918e+05,1.105830e+10,-3.835975e+13,7.005361e+05,1.306270e+10,-2.764529e+13,4.171932e+05,1.081721e+10,-1.368425e+13,3,55,N,N
3.816456e+05,8.614173e+09,-6.822745e+12,6.363673e+05,1.364959e+10,1.841750e+13,6.365873e+05,1.544517e+10,2.951793e+13,3.486123e+05,7.732483e+09,-1.555734e+12,3,68,N,N
4.566932e+05,1.298800e+10,-4.342426e+13,6.920589e+05,1.454839e+10,8.849642e+12,7.046640e+05,1.549097e+10,9.837803e+12,4.241044e+05,1.222807e+10,-8.716604e+11,0,47,N,N
3.652183e+05,8.221845e+09,-2.060441e+13,6.689934e+05,1.341126e+10,-7.719001e+12,6.609899e+05,1.478550e+10,1.945472e+13,3.570474e+05,8.507616e+09,-8.650537e+12,0,15,N,N
4.193664e+05,7.922932e+09,-7.576357e+13,7.302938e+05,9.689560e+09,-9.466091e+13,7.169091e+05,1.107775e+10,-8.265314e+13,3.808091e+05,8.218554e+09,-1.133568e+13,1,76,N,N
4.113352e+05,9.787232e+09,-1.475274e+13,6.329970e+05,1.571006e+10,5.016138e+13,5.980141e+05,1.634463e+10,4.227237e+13,3.779906e+05,8.946390e+09,2.918438e+12,3,91,N,N
3.995607e+05,7.163110e+09,-7.275600e+13,6.595660e+05,5.618239e+09,-1.329361e+14,6.151061e+05,8.975960e+09,-7.281091e+13,3.879929e+05,8.031748e+09,-1.843665e+13,0,76,N,N
4.026723e+05,1.003485e+10,-2.875048e+13,6.509311e+05,1.106857e+10,-1.069594e+13,6.563273e+05,1.417818e+10,1.240117e+13,3.589035e+05,8.522306e+09,-3.399093e+12,1,62,N,N
4.263068e+05,1.103161e+10,-1.662659e+12,6.114588e+05,1.976719e+10,9.765180e+13,6.008786e+05,1.636721e+10,6.945610e+13,3.610769e+05,7.742647e+09,7.508249e+11,0,75,N,N
4.374252e+05,9.906246e+09,-6.120192e+13,7.278056e+05,9.005364e+09,-8.533883e+13,6.890927e+05,1.111169e+10,-5.242903e+13,4.123808e+05,1.041589e+10,-1.090827e+13,1,55,N,N
3.530360e+05,8.266537e+09,-5.876100e+12,6.026977e+05,1.690397e+10,6.336797e+13,6.336579e+05,1.698595e+10,5.965078e+13,3.491584e+05,8.146278e+09,9.232291e+11,3,96,N,N
4.020709e+05,1.008888e+10,-1.347397e+13,6.811080e+05,1.675750e+10,4.450481e+13,6.669281e+05,1.529068e+10,2.994723e+13,3.797887e+05,8.873538e+09,-6.868266e+12,0,57,N,N
4.078863e+05,9.490586e+09,-4.024771e+13,7.067244e+05,1.076935e+10,-4.230379e+13,6.902655e+05,1.165250e+10,-2.319753e+13,3.617273e+05,8.431267e+09,-5.804649e+12,1,82,N,N
3.837852e+05,9.781225e+09,7.944396e+12,6.169660e+05,2.046067e+10,1.037409e+14,6.190898e+05,1.695393e+10,7.216583e+13,3.819801e+05,9.129597e+09,3.833468e+12,0,39,N,N
4.036741e+05,9.749431e+09,-7.253927e+12,6.169475e+05,1.740092e+10,6.941507e+13,6.541093e+05,1.717600e+10,5.312015e+13,3.644033e+05,7.820916e+09,-2.063978e+12,1,66,N,N
3.772694e+05,9.178988e+09,-4.286022e+12,6.579980e+05,1.648152e+10,4.111980e+13,6.734138e+05,1.628252e+10,4.205945e+13,3.626494e+05,8.734254e+09,7.420894e+11,0,63,N,N
3.978653e+05,6.289924e+09,-7.112640e+13,6.328417e+05,1.097944e+10,-1.206824e+13,6.242364e+05,1.265840e+10,-1.901989e+12,3.683427e+05,6.871424e+09,-2.782950e+13,0,81,N,N
4.451727e+05,1.390681e+10,1.835710e+12,7.542004e+05,1.553285e+10,-1.670008e+13,7.459582e+05,1.450025e+10,-3.062397e+13,4.216142e+05,1.218944e+10,7.075671e+12,1,98,N,N
4.947871e+05,1.213593e+10,-7.272738e+13,7.337338e+05,9.094493e+09,-3.497482e+13,7.505593e+05,1.370249e+10,-1.910372e+13,4.507277e+05,1.255918e+10,-1.323401e+13,2,79,N,N
3.705995e+05,9.392555e+09,-2.909670e+11,6.443875e+05,1.647723e+10,5.461403e+13,6.382739e+05,1.800908e+10,7.382841e+13,3.560852e+05,8.666867e+09,4.785309e+12,3,48,N,N
3.628999e+05,1.003897e+10,1.191931e+13,7.044236e+05,1.821385e+10,4.415606e+13,7.024786e+05,1.855914e+10,6.313935e+13,3.570973e+05,9.141122e+09,8.566963e+12,2,86,N,N
4.317736e+05,1.108160e+10,-4.351709e+13,6.822395e+05,1.406840e+10,1.093306e+13,6.548197e+05,1.341782e+10,1.658683e+13,3.763469e+05,9.256820e+09,-8.900695e+12,0,27,N,N
4.660674e+05,1.201368e+10,-4.625475e+13,7.639781e+05,1.307840e+10,-9.935679e+12,7.588646e+05,1.714472e+10,1.656828e+13,4.160779e+05,1.121490e+10,-7.861556e+12,3,79,N,N
4.053514e+05,1.089832e+10,-2.002833e+13,7.195426e+05,1.502567e+10,1.986137e+13,6.932977e+05,1.573722e+10,1.974350e+13,3.967033e+05,1.035125e+10,-8.698942e+12,0,26,N,N
4.090966e+05,9.604573e+09,-2.627710e+13,7.364984e+05,1.467788e+10,1.452492e+13,6.581502e+05,1.532926e+10,1.450928e+13,3.946311e+05,9.339915e+09,-1.083828e+12,1,61,N,N
4.657433e+05,1.354765e+10,-4.893682e+13,6.969906e+05,1.497897e+10,8.439391e+12,7.099809e+05,1.546500e+10,9.589558e+12,4.225044e+05,1.138899e+10,5.175274e+12,1,47,N,N
4.429302e+05,1.197540e+10,-3.168004e+13,7.039079e+05,1.238427e+10,5.541712e+12,6.653953e+05,1.463696e+10,2.132874e+13,4.153843e+05,1.177984e+10,-2.011806e+12,1,97,N,N
4.096925e+05,1.070000e+10,-1.148877e+13,6.747292e+05,1.547347e+10,3.710203e+13,6.679722e+05,1.556868e+10,2.979068e+13,3.944024e+05,1.016438e+10,-4.902313e+12,0,0,N,N
4.078430e+05,9.631654e+09,-2.270487e+13,7.125762e+05,1.408858e+10,-1.352182e+13,7.020533e+05,1.693794e+10,1.110761e+13,3.826452e+05,9.501894e+09,-7.153546e+11,2,104,N,N
4.344509e+05,1.185316e+10,-1.011686e+12,6.027196e+05,1.907566e+10,9.601753e+13,6.143389e+05,1.562441e+10,6.337487e+13,3.738143e+05,8.315345e+09,1.011574e+12,3,75,N,N
4.446204e+05,1.217731e+10,-1.865333e+13,6.329168e+05,1.752155e+10,6.652581e+13,6.694178e+05,1.601914e+10,3.697041e+13,3.904885e+05,9.444923e+09,6.213774e+12,2,51,N,N
4.201947e+05,1.070658e+10,-3.928721e+13,6.736294e+05,1.090177e+10,-2.451247e+13,6.591263e+05,1.217668e+10,-2.819802e+12,3.781305e+05,9.444650e+09,-5.097797e+12,3,90,N,N
4.027170e+05,9.697281e+09,-1.525606e+13,6.357108e+05,1.694832e+10,5.640093e+13,6.492966e+05,1.666233e+10,4.087929e+13,3.455033e+05,7.617396e+09,1.280357e+12,3,77,N,N
3.974119e+05,9.276516e+09,-1.627504e+13,6.720975e+05,1.376227e+10,2.489801e+12,7.049751e+05,1.337937e+10,-2.582544e+12,3.747261e+05,9.503784e+09,-9.986695e+12,0,31,N,N
3.695515e+05,8.974673e+09,-4.258669e+12,6.103647e+05,1.697903e+10,7.880673e+13,6.130498e+05,1.641265e+10,6.132994e+13,3.558375e+05,8.330331e+09,1.526484e+11,1,5,N,N
4.428593e+05,1.289157e+10,-4.834177e+12,6.764056e+05,1.449652e+10,2.450127e+13,6.835285e+05,1.654742e+10,1.956796e+13,4.032228e+05,1.145790e+10,1.069974e+13,3,99,N,N
3.914696e+05,6.975967e+09,-6.227962e+13,6.087121e+05,1.368005e+10,2.661040e+13,5.772460e+05,1.298390e+10,1.480207e+13,3.781538e+05,7.417906e+09,-1.755083e+13,0,42,N,N
4.082370e+05,1.103333e+10,-2.678231e+13,6.882282e+05,1.738467e+10,4.213252e+13,6.762434e+05,1.768227e+10,3.209621e+13,3.969298e+05,1.055388e+10,-2.114817e+12,0,70,N,N
4.980490e+05,1.050614e+10,-1.547772e+14,7.277792e+05,-8.700055e+07,-1.995424e+14,7.228142e+05,6.768681e+09,-1.362779e+14,4.224627e+05,1.091558e+10,-2.521179e+13,1,80,N,N
4.106367e+05,1.095071e+10,-1.495646e+13,6.355361e+05,1.708224e+10,5.261441e+13,6.357864e+05,1.465671e+10,3.587013e+13,3.720322e+05,8.994563e+09,-3.051742e+10,1,34,N,N
4.212582e+05,1.137303e+10,-2.687046e+13,6.604998e+05,1.648064e+10,6.274281e+13,6.370170e+05,1.587581e+10,5.957843e+13,3.971756e+05,1.043629e+10,2.327262e+11,3,93,N,N
4.011476e+05,1.040633e+10,-2.739438e+13,6.506888e+05,1.598493e+10,5.515677e+13,6.392403e+05,1.598292e+10,5.563713e+13,3.874751e+05,1.002885e+10,2.492448e+11,0,93,N,N
4.405302e+05,1.211137e+10,-3.040908e+13,6.870621e+05,1.460272e+10,2.609937e+13,6.996206e+05,1.482499e+10,1.898410e+13,4.265635e+05,1.200741e+10,-9.454510e+12,0,6,N,N
4.265451e+05,1.173506e+10,-3.697187e+13,7.039556e+05,1.303393e+10,-8.746079e+12,6.987595e+05,1.344253e+10,-6.610506e+12,3.861902e+05,9.978479e+09,-7.696996e+12,0,18,N,N
4.297203e+05,7.678902e+09,-7.650025e+13,6.682349e+05,8.690749e+09,-4.970827e+13,6.714548e+05,1.237719e+10,-2.693498e+13,3.750351e+05,7.930825e+09,-1.174266e+13,0,50,N,N
4.141814e+05,1.017122e+10,-3.914486e+13,7.244722e+05,1.101105e+10,-8.181785e+13,7.148585e+05,1.358649e+10,-3.732956e+13,4.019996e+05,1.023565e+10,-1.484180e+13,2,101,N,N
3.946375e+05,1.050696e+10,-1.139058e+13,6.921328e+05,1.754099e+10,5.961956e+13,6.650263e+05,1.712869e+10,6.424198e+13,3.649641e+05,9.168872e+09,-2.699640e+12,3,74,N,N
3.858811e+05,8.727605e+09,-8.627528e+12,6.358735e+05,2.227406e+10,1.148077e+14,6.158300e+05,1.929586e+10,8.032666e+13,3.824298e+05,8.141166e+09,6.616380e+12,3,54,N,N
3.963864e+05,9.407083e+09,-1.987207e+13,6.575680e+05,1.664168e+10,5.385584e+13,6.658937e+05,1.617992e+10,3.321424e+13,3.703908e+05,8.480110e+09,9.741786e+10,1,77,N,N
4.101652e+05,9.996964e+09,-9.124979e+12,6.414814e+05,1.832176e+10,7.897566e+13,6.174729e+05,1.804938e+10,5.335201e+13,3.613726e+05,8.137705e+09,2.661953e+12,0,91,N,N
4.124376e+05,1.068895e+10,-3.137307e+13,6.574090e+05,1.207275e+10,-4.498014e+12,6.854160e+05,1.282739e+10,-1.387920e+12,3.757000e+05,8.945245e+09,-4.423382e+12,2,62,N,N
3.972360e+05,6.622058e+09,-6.003637e+13,6.427174e+05,1.351936e+10,2.291303e+13,6.205533e+05,1.198150e+10,-4.053602e+12,3.721743e+05,7.435041e+09,-2.483516e+13,2,81,N,N
3.731683e+05,8.994847e+09,-3.329461e+12,6.396778e+05,1.826878e+10,6.414919e+13,6.448558e+05,1.572933e+10,5.267485e+13,3.662242e+05,8.815374e+09,6.153096e+12,2,92,N,N
3.729447e+05,8.939864e+09,-7.869129e+12,6.118859e+05,1.546822e+10,4.897483e+13,6.173815e+05,1.570705e+10,4.866458e+13,3.569911e+05,8.152698e+09,6.478136e+10,1,58,N,N
4.173563e+05,1.074629e+10,-3.516809e+13,6.890922e+05,1.234142e+10,-1.476397e+13,6.823402e+05,1.374399e+10,1.800314e+12,3.905011e+05,9.763227e+09,-7.969141e+12,0,90,N,N
4.988075e+05,1.635705e+10,-4.601002e+13,7.722453e+05,1.233713e+10,-2.120862e+13,7.742686e+05,1.484534e+10,-1.847416e+13,4.358100e+05,1.354129e+10,4.004430e+12,3,73,N,N
3.978804e+05,9.994163e+09,-2.397476e+13,6.364036e+05,1.465968e+10,3.789272e+13,6.637270e+05,1.584450e+10,3.513698e+13,3.710740e+05,8.640813e+09,-3.104108e+12,1,78,N,N
4.207671e+05,1.197512e+10,-2.846359e+13,7.066851e+05,1.691811e+10,3.645962e+13,7.152673e+05,1.669416e+10,4.562864e+13,4.005763e+05,1.073521e+10,-4.523140e+12,2,49,N,N
4.243224e+05,5.554878e+09,-1.793271e+14,7.689104e+05,5.942877e+09,-1.746181e+14,7.415742e+05,1.202263e+10,-1.075823e+14,4.273368e+05,8.470102e+09,-6.739067e+13,1,67,N,N
4.204071e+05,1.114057e+10,-8.471184e+12,6.132786e+05,1.653634e+10,5.711653e+13,6.274414e+05,1.462218e+10,3.616396e+13,3.707668e+05,8.764029e+09,1.606663e+12,0,34,N,N
3.715548e+05,8.617850e+09,-7.469500e+12,6.397644e+05,1.612103e+10,3.773015e+13,6.376499e+05,1.656223e+10,4.187247e+13,3.433666e+05,7.730438e+09,6.879785e+12,0,71,N,N
4.554058e+05,1.281441e+10,-1.181793e+13,6.591397e+05,1.687979e+10,5.650248e+13,6.343190e+05,1.504280e+10,3.654968e+13,3.956372e+05,9.935426e+09,8.969737e+12,3,64,N,N
4.026681e+05,9.979869e+09,-2.191895e+13,7.003393e+05,1.471023e+10,-3.605717e+12,6.990864e+05,1.675655e+10,1.371451e+13,3.740916e+05,9.237374e+09,9.272515e+11,3,104,N,N
4.439873e+05,1.192859e+10,-4.749996e+12,6.109192e+05,1.966793e+10,1.014382e+14,6.117454e+05,1.598444e+10,5.611666e+13,3.606096e+05,7.773649e+09,-9.533912e+11,2,75,N,N
4.003709e+05,9.942406e+09,-1.006112e+13,6.104130e+05,1.607590e+10,6.360934e+13,6.431035e+05,1.697337e+10,5.500758e+13,3.675025e+05,8.050769e+09,-3.393556e+12,3,66,N,N
3.692580e+05,8.548290e+09,-1.661954e+13,6.947981e+05,1.265941e+10,-3.635710e+13,6.836040e+05,1.388088e+10,-1.848583e+13,3.642090e+05,8.671676e+09,-7.523264e+12,0,89,N,N
3.682990e+05,8.228410e+09,-5.578176e+12,5.973633e+05,2.138104e+10,1.109824e+14,5.966220e+05,1.790444e+10,8.539092e+13,3.306674e+05,6.987284e+09,7.246260e+12,0,32,N,N
3.595787e+05,8.539508e+09,-2.580175e+12,6.055639e+05,1.774006e+10,8.483331e+13,6.070497e+05,1.788833e+10,8.728921e+13,3.349272e+05,7.635345e+09,6.795796e+11,0,102,N,N
4.352297e+05,1.111094e+10,-5.695649e+13,7.182430e+05,1.079853e+10,-7.201223e+13,7.178660e+05,1.410183e+10,-2.085904e+13,3.796931e+05,9.455380e+09,-5.318626e+12,2,103,N,N
3.632022e+05,8.444351e+09,-1.331287e+12,6.181533e+05,1.665752e+10,7.468693e+13,6.192144e+05,1.677240e+10,6.234774e+13,3.528998e+05,8.065620e+09,6.837183e+10,0,5,N,N
3.837113e+05,8.918360e+09,-2.463498e+13,5.539256e+05,1.248070e+10,3.093037e+13,5.840906e+05,1.522043e+10,3.300509e+13,3.709928e+05,8.629065e+09,-1.053207e+11,1,59,N,N
4.596218e+05,1.248742e+10,-4.465003e+13,7.092893e+05,1.160293e+10,-5.483114e+12,6.924597e+05,1.408349e+10,5.330488e+12,4.095937e+05,1.161202e+10,-4.790662e+12,3,97,N,N
4.607801e+05,1.328344e+10,-3.872232e+13,6.961916e+05,1.312514e+10,6.144177e+12,6.939663e+05,1.438091e+10,7.000239e+12,3.962079e+05,1.088342e+10,-7.023927e+11,0,97,N,N
4.224021e+05,1.134034e+10,-1.939232e+13,7.076028e+05,1.294217e+10,-1.094414e+13,7.071587e+05,1.409408e+10,-1.598755e+13,4.054649e+05,1.065536e+10,-1.126125e+13,1,88,N,N
3.919316e+05,9.292753e+09,-7.265246e+12,6.203300e+05,1.643798e+10,6.302082e+13,6.378852e+05,1.695580e+10,5.679988e+13,3.643012e+05,7.980287e+09,-1.679905e+12,0,66,N,N
4.376583e+05,1.225074e+10,-7.951927e+12,6.395044e+05,1.679452e+10,5.970209e+13,6.573335e+05,1.640265e+10,4.150033e+13,4.042501e+05,1.020796e+10,7.651113e+12,0,64,N,N
4.124196e+05,1.058353e+10,-2.872561e+13,6.346614e+05,1.589091e+10,5.603152e+13,6.322737e+05,1.546637e+10,5.372333e+13,3.831955e+05,9.724543e+09,9.500528e+11,1,93,N,N
4.010198e+05,9.261413e+09,-5.536452e+13,6.804815e+05,8.585269e+09,-9.080914e+13,6.617185e+05,1.032234e+10,-4.544293e+13,3.853251e+05,9.748431e+09,-2.612216e+13,3,95,N,N
3.839137e+05,9.637474e+09,-2.999174e+12,6.309207e+05,1.880725e+10,6.980176e+13,6.287770e+05,1.547772e+10,4.808784e+13,3.652397e+05,8.758575e+09,7.682715e+12,1,25,N,N
3.508007e+05,8.243609e+09,-4.891216e+12,5.822430e+05,1.722405e+10,7.552411e+13,5.844530e+05,1.722578e+10,6.520189e+13,3.146732e+05,6.382884e+09,-2.969447e+11,3,53,N,N
3.971033e+05,9.560047e+09,-1.923275e+13,6.401641e+05,1.539247e+10,4.039679e+13,6.395715e+05,1.643462e+10,3.898763e+13,3.591819e+05,8.066192e+09,-3.815182e+11,0,77,N,N
3.967201e+05,8.857531e+09,-2.150402e+13,6.809682e+05,1.278153e+10,-5.230723e+12,6.242495e+05,1.417334e+10,1.132187e+13,3.875277e+05,8.829809e+09,-5.512305e+12,0,61,N,N
3.821700e+05,8.960463e+09,-8.328986e+12,6.443377e+05,1.413120e+10,1.468341e+13,6.341148e+05,1.460066e+10,2.020121e+13,3.555970e+05,8.052236e+09,2.769051e+12,2,68,N,N
4.700441e+05,1.432929e+10,-5.101976e+13,7.115489e+05,1.592871e+10,1.944015e+13,7.186301e+05,1.636648e+10,1.705048e+13,4.415251e+05,1.260600e+10,7.088575e+12,2,47,N,N
4.049526e+05,9.981726e+09,-2.353743e+13,6.407977e+05,1.539099e+10,5.139598e+13,6.698208e+05,1.610358e+10,4.946637e+13,3.883854e+05,9.521278e+09,-1.606931e+12,0,41,N,N
3.733941e+05,8.910626e+09,-6.817780e+12,6.564357e+05,1.856663e+10,5.197727e+13,6.564176e+05,1.575731e+10,4.051327e+13,3.392038e+05,7.754992e+09,4.111982e+12,1,71,N,N
4.212264e+05,1.128309e+10,-2.311703e+13,7.257644e+05,1.411892e+10,-1.428594e+13,7.278254e+05,1.369486e+10,-2.849944e+13,4.005808e+05,9.805269e+09,-1.180261e+13,2,88,N,N
4.272344e+05,1.167027e+10,3.042196e+12,6.755798e+05,1.989258e+10,9.494031e+13,6.722336e+05,1.695108e+10,6.407346e+13,4.175281e+05,1.163863e+10,1.122991e+13,0,72,N,N
4.388280e+05,1.090698e+10,-5.463490e+13,6.871061e+05,1.507795e+10,4.900369e+13,6.636745e+05,1.546105e+10,4.554364e+13,4.060065e+05,1.092638e+10,2.383373e+12,1,87,N,N
4.620661e+05,1.252772e+10,-4.828311e+13,7.139589e+05,1.117875e+10,-1.535123e+13,7.081772e+05,1.265439e+10,-1.004190e+13,4.210895e+05,1.144683e+10,-7.151912e+12,2,97,N,N
4.376666e+05,1.049010e+10,-5.235396e+13,7.287584e+05,1.441077e+10,3.197658e+13,6.843648e+05,1.694719e+10,5.197787e+13,3.940366e+05,1.002238e+10,3.699073e+12,2,87,N,N
3.916150e+05,9.728077e+09,-2.283189e+12,6.429125e+05,1.792832e+10,6.918358e+13,6.401180e+05,1.648286e+10,6.223742e+13,3.753932e+05,9.228262e+09,3.708418e+12,0,92,N,N
4.344781e+05,1.221791e+10,-8.235947e+12,6.975364e+05,1.874977e+10,6.775761e+13,6.634080e+05,1.678940e+10,5.991277e+13,4.160509e+05,1.136004e+10,1.282538e+13,2,72,N,N
4.380204e+05,1.280241e+10,-4.119524e+12,7.086756e+05,1.635972e+10,2.214061e+13,6.562419e+05,1.592498e+10,2.276161e+13,3.893458e+05,1.079582e+10,1.185110e+13,0,99,N,N
3.939323e+05,9.232203e+09,-1.211677e+13,5.997812e+05,1.976780e+10,1.068600e+14,6.006959e+05,1.529315e+10,5.646636e+13,3.504220e+05,7.220165e+09,7.007509e+12,1,37,N,N
3.890039e+05,9.364053e+09,-1.507182e+13,6.599714e+05,1.387308e+10,-1.187151e+12,6.766629e+05,1.563028e+10,2.104974e+13,3.504970e+05,8.705139e+09,1.053546e+13,0,1,N,N
3.845012e+05,9.171164e+09,-5.661394e+12,6.477592e+05,1.330006e+10,2.238787e+11,6.396418e+05,1.599056e+10,3.800062e+13,3.585894e+05,8.005178e+09,1.503705e+12,1,68,N,N
4.953379e+05,9.796528e+09,-1.568026e+14,7.421794e+05,-1.172908e+09,-2.236831e+14,7.118207e+05,6.523208e+09,-1.243630e+14,4.018318e+05,1.007664e+10,-2.189596e+13,0,80,N,N
4.155118e+05,1.005372e+10,-2.254926e+13,7.120642e+05,1.490698e+10,3.292438e+13,6.696300e+05,1.622094e+10,2.633456e+13,3.872867e+05,9.147555e+09,-1.186846e+09,3,61,N,N
4.216666e+05,1.136743e+10,-3.037887e+13,6.552874e+05,1.645524e+10,5.861551e+13,6.326528e+05,1.549242e+10,5.447806e+13,3.972406e+05,1.061404e+10,-2.445935e+11,2,93,N,N
4.472688e+05,1.303396e+10,-2.341117e+13,6.894614e+05,1.793144e+10,6.759115e+13,6.771744e+05,1.836559e+10,6.521302e+13,4.063745e+05,1.139800e+10,1.280784e+13,0,35,N,N
3.949317e+05,1.006482e+10,-1.310156e+13,6.535089e+05,1.745946e+10,5.935775e+13,6.374284e+05,1.577850e+10,4.040862e+13,3.774361e+05,9.135264e+09,-5.783665e+11,0,8,N,N
4.197120e+05,6.417078e+09,-1.459777e+14,7.786881e+05,9.526488e+09,-1.145289e+14,7.389104e+05,1.423858e+10,-6.800670e+13,4.587324e+05,1.043808e+10,-6.063778e+13,2,67,N,N
3.768544e+05,9.148567e+09,-1.853554e+12,6.339632e+05,1.934746e+10,9.876477e+13,6.108473e+05,1.768267e+10,7.781661e+13,3.315417e+05,7.382383e+09,2.017456e+12,2,102,N,N
3.955069e+05,1.001472e+10,-1.636897e+13,6.880517e+05,1.523963e+10,1.209657e+13,6.660440e+05,1.561674e+10,1.448511e+13,3.797109e+05,9.469437e+09,-3.071421e+12,1,52,N,N
3.980482e+05,1.001646e+10,-3.087720e+13,6.496455e+05,1.118842e+10,-1.548371e+13,6.938183e+05,1.357066e+10,-3.843378e+12,3.729774e+05,9.187507e+09,-5.687723e+12,3,62,N,N
4.115868e+05,1.018970e+10,-2.335395e+13,6.679112e+05,1.426689e+10,2.715899e+13,6.566977e+05,1.588831e+10,3.102694e+13,3.737404e+05,9.309954e+09,-4.045829e+10,0,45,N,N
4.234981e+05,1.040790e+10,-4.448119e+13,7.084072e+05,1.147118e+10,-3.266639e+13,7.197392e+05,1.407240e+10,2.292096e+12,3.756434e+05,9.474084e+09,-5.053596e+12,1,90,N,N
4.238725e+05,1.045451e+10,-4.252647e+13,6.662478e+05,1.003500e+10,-5.910558e+13,6.850310e+05,1.279062e+10,-2.940284e+13,3.912965e+05,9.994900e+09,-6.878933e+12,3,103,N,N
4.126792e+05,9.835536e+09,-4.453253e+13,6.119917e+05,8.577503e+09,-6.420748e+13,6.584365e+05,1.283160e+10,-2.872439e+13,3.899087e+05,9.575978e+09,-3.361899e+12,0,103,N,N
4.069476e+05,9.465277e+09,-2.904267e+13,7.223945e+05,1.444679e+10,5.163107e+12,6.645451e+05,1.418680e+10,3.831163e+12,4.016391e+05,9.447301e+09,-9.907916e+12,2,61,N,N
4.228125e+05,1.180060e+10,-1.582750e+13,6.739527e+05,1.589205e+10,4.571599e+13,6.881713e+05,1.748037e+10,5.585477e+13,3.956699e+05,9.729336e+09,-9.364294e+12,0,84,N,N
4.006137e+05,9.146230e+09,-5.586584e+13,6.956630e+05,7.543509e+09,-9.781224e+13,7.007297e+05,1.094527e+10,-5.658490e+13,3.904636e+05,9.976296e+09,-2.630811e+13,2,95,N,N
4.258629e+05,9.944335e+09,-3.376228e+13,6.705493e+05,1.399386e+10,2.021537e+13,6.890202e+05,1.208017e+10,-1.286914e+13,3.970309e+05,9.217479e+09,-7.076460e+12,0,4,N,N
3.716618e+05,7.973169e+09,-5.582310e+12,6.252465e+05,2.074579e+10,1.135246e+14,5.811309e+05,1.973715e+10,9.105435e+13,3.443632e+05,7.464630e+09,7.957423e+12,2,54,N,N
3.743444e+05,1.039190e+10,3.864027e+12,6.911053e+05,1.724207e+10,4.114180e+13,7.038297e+05,1.783150e+10,5.676993e+13,3.726496e+05,9.756725e+09,5.179449e+12,1,86,N,N
4.173636e+05,9.806685e+09,-4.533853e+13,6.678737e+05,1.474735e+10,3.250085e+13,6.618486e+05,1.313592e+10,1.028920e+13,4.148365e+05,9.714290e+09,-1.252070e+13,1,44,N,N
3.892285e+05,9.026133e+09,-3.297382e+13,5.656240e+05,1.113939e+10,1.381887e+13,5.324448e+05,1.308791e+10,2.189043e+13,3.730100e+05,8.537827e+09,-2.506837e+12,0,59,N,N
4.250352e+05,1.088956e+10,-3.285122e+13,6.740188e+05,1.383026e+10,1.374785e+13,7.094023e+05,1.600122e+10,3.347201e+13,3.921138e+05,1.004639e+10,-7.889874e+12,2,100,N,N
3.750054e+05,9.359896e+09,-1.774083e+13,6.896832e+05,1.600377e+10,2.479393e+13,6.753488e+05,1.533228e+10,2.456025e+13,3.720048e+05,8.908782e+09,-1.079962e+13,1,46,N,N
3.939222e+05,7.259235e+09,-5.892216e+13,6.201188e+05,1.371216e+10,2.477979e+13,5.730499e+05,1.281210e+10,1.806604e+13,3.894754e+05,7.970930e+09,-1.783402e+13,1,42,N,N
3.908906e+05,8.679569e+09,-1.795109e+13,6.161989e+05,1.866388e+10,9.165262e+13,6.321407e+05,1.631451e+10,5.734291e+13,3.517859e+05,7.359382e+09,5.625131e+12,2,37,N,N
4.164189e+05,1.174698e+10,-1.824144e+13,6.848530e+05,1.732573e+10,6.537860e+13,6.769331e+05,1.833768e+10,7.022741e+13,3.917647e+05,1.038809e+10,-7.092995e+12,1,36,N,N
3.869320e+05,9.720606e+09,-7.920500e+12,6.599053e+05,1.592824e+10,3.579535e+13,6.815369e+05,1.602171e+10,3.736337e+13,3.702774e+05,8.893372e+09,-3.776805e+10,1,63,N,N
4.508258e+05,1.232315e+10,-4.781154e+13,6.901623e+05,1.222643e+10,-1.900323e+13,7.043705e+05,1.235682e+10,-9.781546e+12,3.994037e+05,1.005354e+10,-1.223476e+13,1,65,N,N
3.811211e+05,9.652412e+09,-9.760546e+12,6.038328e+05,1.613625e+10,5.663108e+13,5.908905e+05,1.508120e+10,4.282728e+13,3.343904e+05,7.403090e+09,-1.493027e+12,3,58,N,N
4.499362e+05,1.210769e+10,-4.642073e+13,6.899101e+05,1.207285e+10,-1.089097e+13,6.844969e+05,1.311174e+10,7.807534e+12,4.094410e+05,1.101534e+10,-8.243085e+12,0,65,N,N
3.523317e+05,8.170201e+09,-7.592869e+12,5.767056e+05,1.523702e+10,5.906451e+13,5.972353e+05,1.754519e+10,6.595017e+13,3.114568e+05,6.501850e+09,-2.137301e+12,1,53,N,N
4.033589e+05,8.763207e+09,-4.129391e+13,6.522531e+05,1.204583e+10,-2.149278e+13,6.536582e+05,1.141290e+10,-3.001568e+13,3.972953e+05,9.080993e+09,-1.153331e+13,0,7,N,N
3.886174e+05,9.567773e+09,-1.948265e+13,6.795241e+05,1.474424e+10,-1.135249e+12,6.701683e+05,1.430659e+10,5.048519e+12,3.741358e+05,8.827307e+09,-7.218688e+12,1,60,N,N
3.694523e+05,9.326633e+09,-7.657228e+11,6.649393e+05,1.753779e+10,6.158673e+13,6.190263e+05,1.658796e+10,4.332401e+13,3.492844e+05,8.145310e+09,3.679740e+12,0,3,N,N
4.536951e+05,9.347536e+09,-7.677114e+13,6.888276e+05,1.457344e+10,3.066615e+13,6.442481e+05,1.596163e+10,3.320276e+13,3.954562e+05,9.425723e+09,5.977159e+12,1,33,N,N
4.850933e+05,8.948307e+09,-1.389689e+14,7.078325e+05,-1.352365e+09,-1.923857e+14,7.275014e+05,5.142524e+09,-1.556060e+14,4.238759e+05,1.112646e+10,-2.973006e+13,3,80,N,N
4.085757e+05,1.058890e+10,-1.482568e+13,5.882596e+05,1.545559e+10,5.167000e+13,6.297540e+05,1.464663e+10,4.191429e+13,3.544789e+05,8.039515e+09,5.786453e+11,3,83,N,N
4.374697e+05,1.157350e+10,-1.809590e+13,6.136848e+05,1.477038e+10,4.910252e+13,6.276991e+05,1.575824e+10,3.700876e+13,3.871162e+05,9.222776e+09,2.752140e+12,2,78,N,N
3.858620e+05,9.379573e+09,-1.346886e+13,6.762972e+05,1.416780e+10,1.325780e+13,6.533236e+05,1.740775e+10,4.054135e+13,3.653567e+05,8.507947e+09,3.260729e+12,0,68,N,N
4.466133e+05,1.064341e+10,-3.642907e+13,6.860778e+05,1.260628e+10,7.799168e+12,6.583109e+05,1.877049e+10,5.535015e+13,3.808999e+05,8.909701e+09,1.032536e+13,0,19,N,N
3.806891e+05,9.001611e+09,-2.350184e+13,6.896683e+05,1.191757e+10,-4.436325e+13,6.841241e+05,1.298787e+10,-3.282481e+13,3.690133e+05,8.600981e+09,-1.337975e+13,1,89,N,N
4.425995e+05,1.239608e+10,-1.901825e+13,6.572854e+05,1.601488e+10,5.838826e+13,6.522699e+05,1.781865e+10,5.912527e+13,4.099504e+05,1.131668e+10,6.480437e+12,1,35,N,N
3.709872e+05,8.810657e+09,-1.302830e+12,5.992225e+05,1.876791e+10,8.533255e+13,6.061978e+05,1.644699e+10,6.884024e+13,3.559017e+05,8.112637e+09,7.528382e+12,2,94,N,N
4.330043e+05,1.055285e+10,-5.588511e+13,7.050097e+05,1.499773e+10,5.008907e+13,6.585448e+05,1.642617e+10,4.987504e+13,4.003612e+05,1.070144e+10,3.917461e+12,0,87,N,N
4.267435e+05,1.156103e+10,-1.964695e+13,6.548185e+05,1.605749e+10,6.096096e+13,6.509809e+05,1.724411e+10,6.836527e+13,3.737944e+05,8.884686e+09,3.361546e+11,0,22,N,N
4.372951e+05,1.225770e+10,-1.885787e+13,7.422916e+05,1.484622e+10,-3.143227e+12,7.004679e+05,1.304412e+10,-1.668007e+13,4.110619e+05,1.055701e+10,-1.072632e+13,0,88,N,N
4.794076e+05,1.469042e+10,-4.381918e+13,8.013969e+05,1.346685e+10,-2.809710e+13,7.469521e+05,1.545943e+10,-1.206933e+13,4.457833e+05,1.390241e+10,6.278408e+12,1,73,N,N
3.841553e+05,9.067805e+09,-3.893710e+12,5.919687e+05,1.794281e+10,7.557238e+13,6.159332e+05,1.855232e+10,7.394663e+13,3.649773e+05,8.129745e+09,-2.654247e+12,0,38,N,N
4.415865e+05,1.192540e+10,-2.072610e+13,6.316482e+05,1.756926e+10,6.873175e+13,6.607093e+05,1.612036e+10,3.890646e+13,3.968889e+05,9.798800e+09,6.042583e+12,3,51,N,N
3.611586e+05,8.889619e+09,3.269649e+12,6.570697e+05,1.833248e+10,6.243519e+13,6.567370e+05,1.741656e+10,6.147189e+13,3.391930e+05,8.011555e+09,3.581099e+12,0,48,N,N
4.421864e+05,1.340284e+10,4.129374e+12,7.384157e+05,1.536645e+10,-9.368813e+11,7.560160e+05,1.554120e+10,-1.906619e+13,4.434377e+05,1.321914e+10,6.516186e+12,3,98,N,N
3.819027e+05,8.476725e+09,-1.438924e+13,6.345336e+05,2.317929e+10,1.285616e+14,6.089539e+05,1.801593e+10,6.796523e+13,3.411557e+05,7.205661e+09,5.236893e+12,1,54,N,N
4.114614e+05,1.061981e+10,-3.411764e+13,6.771898e+05,1.332566e+10,1.123348e+13,7.013459e+05,1.543833e+10,2.889572e+13,3.877847e+05,9.882643e+09,-1.160605e+13,1,100,N,N
4.109657e+05,1.085549e+10,-1.564966e+13,6.808016e+05,1.559696e+10,3.946245e+13,6.591650e+05,1.581238e+10,3.558509e+13,3.838747e+05,9.788094e+09,-4.001472e+12,1,0,N,N
3.711121e+05,9.505151e+09,-4.696621e+12,6.320223e+05,1.791905e+10,8.351342e+13,6.478855e+05,1.798775e+10,8.243267e+13,3.713238e+05,9.082219e+09,2.495649e+12,1,12,N,N
4.341472e+05,1.224331e+10,-9.715199e+12,6.681743e+05,1.760536e+10,6.055256e+13,6.529556e+05,1.734519e+10,6.436131e+13,4.056290e+05,1.060112e+10,1.023110e+13,3,72,N,N
4.133543e+05,1.061414e+10,-1.977067e+13,6.604550e+05,1.325170e+10,1.033674e+13,6.415849e+05,1.531235e+10,2.967087e+13,3.932353e+05,1.056202e+10,2.550806e+13,2,85,N,N
4.379833e+05,1.395584e+10,1.729668e+13,7.434389e+05,1.626607e+10,-1.139024e+12,7.441577e+05,1.552839e+10,-1.532399e+13,4.257894e+05,1.255610e+10,1.665967e+13,0,98,N,N
4.197454e+05,1.139038e+10,-2.219789e+13,6.852720e+05,1.594998e+10,3.914708e+13,6.839656e+05,1.648299e+10,4.958693e+13,4.029279e+05,1.062841e+10,-4.983975e+12,0,11,N,N
4.390168e+05,8.930627e+09,-6.146491e+13,6.713241e+05,1.054503e+10,-1.964514e+13,6.481381e+05,1.304379e+10,-7.100975e+12,3.800211e+05,8.324497e+09,-8.158712e+12,2,50,N,N
4.060575e+05,9.893963e+09,-1.707477e+13,6.997154e+05,1.552297e+10,1.976855e+12,6.920586e+05,1.601797e+10,1.712768e+13,3.826776e+05,9.540073e+09,2.269605e+11,1,104,N,N
3.718729e+05,9.121565e+09,8.456445e+10,6.473373e+05,1.700816e+10,5.456043e+13,6.606589e+05,1.870906e+10,7.724103e+13,3.522724e+05,8.499835e+09,2.607355e+12,2,48,N,N
4.057856e+05,1.124386e+10,-1.495648e+13,7.153954e+05,1.823939e+10,6.406598e+13,7.090871e+05,1.733644e+10,5.527162e+13,4.020189e+05,1.072230e+10,-1.009094e+13,0,49,N,N
4.246610e+05,8.017337e+09,-5.858902e+13,6.834391e+05,1.008045e+10,-3.844677e+13,6.558961e+05,1.226853e+10,-1.927306e+13,3.784004e+05,7.955037e+09,-1.036055e+13,1,50,N,N
4.601957e+05,1.310431e+10,-4.951249e+13,7.021705e+05,1.444603e+10,7.800813e+12,6.967344e+05,1.540134e+10,8.823009e+12,4.372507e+05,1.247396e+10,3.529389e+12,3,47,N,N
4.057288e+05,1.043159e+10,-1.726567e+13,6.789455e+05,1.553005e+10,2.434083e+13,6.793490e+05,1.585175e+10,2.323579e+13,3.748305e+05,9.001944e+09,-2.536313e+12,2,52,N,N
4.164048e+05,9.996374e+09,-4.130995e+13,6.732302e+05,1.038340e+10,-3.741513e+13,6.816207e+05,1.277832e+10,-1.372558e+13,3.700294e+05,8.938546e+09,-9.263434e+12,2,90,N,N
3.867344e+05,9.778330e+09,-7.447646e+12,6.322527e+05,1.647734e+10,5.420448e+13,6.233442e+05,1.540839e+10,4.326025e+13,3.543056e+05,8.204138e+09,-2.078947e+11,2,58,N,N
3.962450e+05,1.035587e+10,-2.183188e+13,6.545249e+05,1.453006e+10,3.257648e+13,6.620729e+05,1.440126e+10,2.879300e+13,3.789507e+05,9.396694e+09,-6.773131e+12,3,69,N,N
3.815490e+05,9.895224e+09,-4.527089e+12,6.810408e+05,1.780044e+10,5.021173e+13,6.711487e+05,1.617170e+10,4.405708e+13,3.712658e+05,9.069872e+09,-2.259305e+12,2,63,N,N
4.542522e+05,1.390603e+10,-7.469996e+12,7.648785e+05,1.454611e+10,-2.964339e+13,7.677708e+05,1.440429e+10,-4.303059e+13,4.319202e+05,1.301817e+10,4.206217e+12,2,98,N,N
4.060698e+05,8.100378e+09,-4.001452e+13,6.766466e+05,1.553189e+10,1.632450e+13,6.635371e+05,1.643197e+10,1.210803e+13,3.635138e+05,7.684096e+09,-1.010843e+13,1,40,N,N
4.249259e+05,1.089561e+10,-2.334444e+13,6.834728e+05,1.369811e+10,4.698851e+12,6.346385e+05,1.511673e+10,2.471889e+13,3.967754e+05,1.115063e+10,2.353242e+13,3,85,N,N
4.202633e+05,1.054024e+10,-2.129385e+13,6.435992e+05,1.510158e+10,4.832395e+13,6.335532e+05,1.619250e+10,3.855922e+13,3.911643e+05,9.113805e+09,3.189417e+12,3,78,N,N
4.067439e+05,1.127739e+10,-1.774833e+13,7.093089e+05,1.746535e+10,4.941585e+13,7.123072e+05,1.735245e+10,5.218682e+13,4.032701e+05,1.061176e+10,-9.895915e+12,1,49,N,N
4.115769e+05,1.049171e+10,-5.437812e+12,6.841788e+05,1.828077e+10,6.184903e+13,6.381668e+05,1.663141e+10,5.519870e+13,3.916620e+05,9.762617e+09,7.883497e+12,1,72,N,N
4.062440e+05,1.047415e+10,-1.449993e+13,6.594718e+05,2.144291e+10,1.052897e+14,6.347232e+05,2.029075e+10,8.591309e+13,3.949899e+05,1.040340e+10,5.634506e+12,0,24,N,N
4.141641e+05,1.091313e+10,-1.660005e+13,6.609476e+05,1.590029e+10,4.614453e+13,6.524347e+05,1.711458e+10,5.263836e+13,3.755161e+05,9.463939e+09,-6.241976e+11,1,45,N,N
4.324689e+05,1.117621e+10,-2.230027e+13,6.581479e+05,1.840342e+10,6.594527e+13,6.606016e+05,1.551982e+10,3.353724e+13,3.852480e+05,9.373303e+09,6.685485e+12,0,51,N,N
4.064856e+05,1.041830e+10,-2.335021e+13,6.844660e+05,1.480244e+10,2.256999e+13,6.759745e+05,1.592333e+10,4.276114e+13,3.954105e+05,1.025671e+10,-5.729506e+12,0,100,N,N
3.593095e+05,8.666750e+09,-8.604066e+12,6.203977e+05,1.698941e+10,6.188712e+13,6.228952e+05,1.648291e+10,5.319373e+13,3.466869e+05,8.024709e+09,3.703824e+11,1,96,N,N
4.008380e+05,9.338887e+09,-3.768340e+13,6.855023e+05,1.032894e+10,-3.790207e+13,6.775387e+05,1.247999e+10,-1.968889e+13,3.737536e+05,8.838419e+09,-7.017796e+12,3,82,N,N
4.356488e+05,8.599577e+09,-6.267310e+13,6.558814e+05,1.054002e+10,-2.259481e+13,6.577845e+05,1.345294e+10,-1.457603e+12,3.802531e+05,8.504861e+09,-8.361550e+12,3,50,N,N
3.681623e+05,8.486121e+09,-1.850725e+13,6.854883e+05,1.277687e+10,-2.855362e+13,6.917161e+05,1.410438e+10,-2.348839e+13,3.685433e+05,8.499986e+09,-9.814710e+12,3,89,N,N
3.926848e+05,8.879530e+09,-3.564599e+13,7.047627e+05,1.024795e+10,-5.686371e+13,7.051297e+05,1.053905e+10,-4.823593e+13,3.865905e+05,9.238059e+09,-1.013847e+13,2,82,N,N
4.478198e+05,1.036858e+10,-5.786488e+13,7.089934e+05,9.692451e+09,-6.616051e+13,6.916320e+05,1.216866e+10,-3.370752e+13,4.128355e+05,1.081726e+10,-1.059586e+13,0,55,N,N
4.316519e+05,1.130015e+10,-5.103423e+13,6.897341e+05,1.085453e+10,-4.526724e+13,6.750852e+05,1.351179e+10,-1.127101e+13,3.773602e+05,9.393330e+09,-6.565852e+12,0,20,N,N
4.075907e+05,1.096207e+10,-1.714149e+13,6.620168e+05,1.630163e+10,6.786457e+13,6.558388e+05,1.866634e+10,8.066107e+13,3.839399e+05,9.854289e+09,1.536357e+12,0,36,N,N
4.417762e+05,1.284274e+10,-2.697710e+13,6.886699e+05,1.764751e+10,7.272155e+13,6.668423e+05,1.733978e+10,5.109976e+13,3.980399e+05,1.055671e+10,-3.609824e+12,0,56,N,N
3.796120e+05,9.527760e+09,-1.154346e+12,6.097072e+05,1.999114e+10,1.016512e+14,6.290562e+05,1.834078e+10,8.413629e+13,3.522799e+05,8.303607e+09,7.083139e+12,1,94,N,N
4.045730e+05,1.030151e+10,-1.062303e+13,6.312858e+05,1.812164e+10,7.077077e+13,6.166879e+05,1.643557e+10,5.544721e+13,3.760675e+05,8.660452e+09,2.923854e+12,2,91,N,N
3.845017e+05,1.012386e+10,-2.755105e+13,6.044422e+05,1.130052e+10,-1.866511e+13,5.906257e+05,1.301595e+10,-3.775360e+12,3.919851e+05,1.026862e+10,-2.167011e+12,1,70,N,N
4.298538e+05,9.709500e+09,-4.973270e+13,6.652514e+05,1.443955e+10,3.650474e+13,6.704942e+05,1.521003e+10,2.641678e+13,3.877956e+05,8.974870e+09,-6.170986e+12,0,44,N,N
3.656806e+05,8.629291e+09,-3.956460e+12,6.001203e+05,1.818683e+10,7.687362e+13,6.063754e+05,1.716594e+10,7.097461e+13,3.455663e+05,7.989328e+09,7.223141e+12,3,94,N,N
4.856857e+05,1.228524e+10,-6.768976e+13,7.738302e+05,1.184626e+10,-3.319403e+13,7.815581e+05,1.482395e+10,-2.609875e+13,4.479818e+05,1.212516e+10,-1.154396e+13,1,79,N,N
4.308555e+05,1.189927e+10,-2.714071e+13,7.089247e+05,1.588296e+10,4.907791e+13,6.798810e+05,1.676682e+10,4.463622e+13,4.003087e+05,1.054740e+10,-2.636385e+12,3,56,N,N
3.766992e+05,1.020704e+10,-3.036704e+13,5.422654e+05,1.024116e+10,-1.542521e+13,6.150190e+05,1.396921e+10,3.630043e+12,3.915495e+05,9.953555e+09,-2.743080e+12,3,70,N,N
4.137828e+05,1.121949e+10,-2.469195e+13,7.440863e+05,1.435250e+10,-9.539827e+12,7.150023e+05,1.474236e+10,-4.202015e+12,4.018023e+05,1.049694e+10,-1.127013e+13,3,88,N,N
3.758044e+05,9.030467e+09,-1.337319e+13,6.644343e+05,1.720770e+10,4.484619e+13,6.521740e+05,1.600582e+10,4.286181e+13,3.546956e+05,8.465936e+09,7.172127e+11,3,71,N,N
3.744923e+05,9.688980e+09,-9.130320e+12,5.513453e+05,1.194163e+10,1.596228e+13,5.736288e+05,1.326548e+10,3.502811e+13,3.555316e+05,8.717535e+09,-7.397693e+11,0,74,N,N
4.059493e+05,7.723554e+09,-6.684342e+13,6.537105e+05,1.246843e+10,1.156537e+13,6.290043e+05,1.597540e+10,4.216999e+13,3.815257e+05,7.970149e+09,-1.658023e+13,0,17,N,N
4.363541e+05,1.127243e+10,-1.439834e+13,6.226857e+05,1.730461e+10,6.988830e+13,6.657605e+05,1.635099e+10,4.362361e+13,3.883622e+05,9.226019e+09,7.814650e+12,1,51,N,N
4.365890e+05,1.203753e+10,-1.098005e+13,6.605104e+05,1.627550e+10,5.618130e+13,6.585002e+05,1.710930e+10,4.441808e+13,3.929933e+05,1.006142e+10,3.409692e+12,1,64,N,N
4.108753e+05,1.003180e+10,-1.422271e+13,6.477815e+05,1.605613e+10,5.012876e+13,6.349512e+05,1.641369e+10,4.130072e+13,3.579719e+05,8.014556e+09,-4.413958e+11,2,77,N,N
4.124476e+05,1.024555e+10,1.242524e+12,6.531416e+05,1.583475e+10,4.010847e+13,6.183200e+05,1.560190e+10,4.143208e+13,4.031186e+05,1.125248e+10,4.305076e+13,1,85,N,N
3.874324e+05,9.239031e+09,-1.014945e+13,5.798279e+05,1.693423e+10,6.438274e+13,6.151356e+05,1.879012e+10,7.872203e+13,3.636886e+05,8.086588e+09,-1.860262e+12,1,38,N,N
3.995848e+05,9.363993e+09,-1.095452e+13,6.362561e+05,1.721848e+10,6.595866e+13,6.088182e+05,1.723064e+10,5.474429e+13,3.714812e+05,8.812256e+09,2.690809e+12,1,91,N,N
4.161856e+05,1.088321e+10,-3.586758e+13,6.723422e+05,1.310681e+10,1.190211e+13,6.884906e+05,1.548720e+10,3.166598e+13,3.855103e+05,1.004976e+10,-7.967359e+12,3,100,N,N
4.204437e+05,1.141227e+10,-5.956117e+12,6.356134e+05,1.600489e+10,5.516500e+13,6.535032e+05,1.894532e+10,5.824210e+13,3.808883e+05,9.880391e+09,2.503767e+12,0,10,N,N
4.441101e+05,1.360039e+10,-1.156185e+13,7.066100e+05,1.460059e+10,1.329770e+11,6.861663e+05,1.444694e+10,-8.300422e+11,4.003481e+05,1.092699e+10,1.000170e+13,1,99,N,N
3.818412e+05,9.449772e+09,-1.502298e+13,6.247120e+05,1.646286e+10,4.835337e+13,6.327410e+05,1.408114e+10,3.487945e+13,3.550625e+05,8.123709e+09,1.121195e+12,1,83,N,N
4.047346e+05,1.042542e+10,-2.472550e+13,7.392498e+05,1.303479e+10,-3.588441e+13,7.100162e+05,1.417062e+10,-7.924422e+12,3.913171e+05,9.676083e+09,-2.419664e+12,0,28,N,N
3.979437e+05,9.351181e+09,-2.220491e+13,5.657986e+05,1.401098e+10,4.368509e+13,5.766151e+05,1.675401e+10,4.095563e+13,3.762604e+05,8.978966e+09,6.695329e+12,3,59,N,N
4.118841e+05,1.020186e+10,-3.869173e+13,7.068513e+05,1.097444e+10,-7.602776e+13,7.172111e+05,1.433771e+10,-3.483546e+13,4.047743e+05,1.049099e+10,-1.341847e+13,0,101,N,N
3.321003e+05,5.050288e+09,-3.342649e+13,5.744486e+05,1.775995e+10,7.777497e+13,5.461278e+05,1.572784e+10,4.479526e+13,3.343497e+05,6.215326e+09,-1.279752e+13,0,2,N,N
4.520853e+05,1.311863e+10,-1.092281e+13,7.054385e+05,1.465589e+10,1.080921e+13,6.832470e+05,1.620861e+10,1.022790e+13,4.027999e+05,1.145182e+10,1.136303e+13,2,99,N,N
4.112338e+05,9.611219e+09,-2.466052e+13,6.591208e+05,1.174727e+10,-1.677090e+13,6.514655e+05,1.387108e+10,2.894462e+12,3.586716e+05,8.308060e+09,-6.502518e+12,0,14,N,N
4.140485e+05,1.133316e+10,-1.703181e+13,6.908624e+05,1.737626e+10,6.197313e+13,6.752798e+05,1.714911e+10,5.734155e+13,4.028184e+05,1.068584e+10,-1.841676e+13,1,84,N,N
3.856766e+05,9.645511e+09,-1.389436e+11,6.291590e+05,1.791008e+10,6.819885e+13,6.085853e+05,1.546843e+10,5.559191e+13,3.725492e+05,9.220959e+09,4.360196e+12,3,92,N,N
4.181232e+05,1.185882e+10,-1.995475e+13,6.953957e+05,1.677531e+10,4.517680e+13,7.355987e+05,1.849011e+10,5.908513e+13,4.149021e+05,1.157020e+10,-9.620794e+12,3,49,N,N
4.211187e+05,8.132504e+09,-7.022605e+13,7.235350e+05,1.439810e+10,-1.789291e+13,6.949620e+05,1.363946e+10,-3.159237e+13,3.782264e+05,7.524852e+09,-1.690984e+13,0,40,N,N
3.960629e+05,9.980257e+09,-1.531951e+13,6.893896e+05,1.747760e+10,4.499558e+13,6.753462e+05,1.533848e+10,2.717039e+13,3.781804e+05,8.662663e+09,-8.413138e+12,2,57,N,N
4.170309e+05,1.006597e+10,-5.774094e+13,7.120309e+05,8.425121e+09,-9.142348e+13,7.083536e+05,1.069289e+10,-6.084055e+13,3.923886e+05,9.864254e+09,-2.691866e+13,0,95,N,N
3.928568e+05,9.639908e+09,-2.554912e+13,6.959111e+05,1.448970e+10,-3.222385e+12,6.943357e+05,1.546356e+10,7.394296e+12,3.912991e+05,1.005685e+10,-6.099978e+12,2,60,N,N
5.081350e+05,1.644682e+10,-4.689512e+13,8.018347e+05,1.353781e+10,-2.901187e+13,7.579963e+05,1.431779e+10,-1.356085e+13,4.447369e+05,1.411264e+10,7.025817e+12,2,73,N,N
4.254457e+05,5.891555e+09,-1.617702e+14,7.412822e+05,7.440348e+09,-1.196807e+14,7.556969e+05,1.143324e+10,-1.098120e+14,4.322052e+05,8.715233e+09,-6.418370e+13,3,67,N,N
4.289045e+05,1.165993e+10,-4.050839e+13,6.700753e+05,1.567110e+10,3.427568e+13,6.897948e+05,1.790225e+10,4.592520e+13,4.039049e+05,1.059974e+10,-2.359382e+12,2,70,N,N
4.078263e+05,1.054791e+10,-2.110152e+13,6.787978e+05,1.494237e+10,2.117623e+13,6.754587e+05,1.566376e+10,1.774034e+13,3.831142e+05,9.608347e+09,-4.538396e+12,3,52,N,N
4.206671e+05,1.121220e+10,-2.403005e+13,6.914041e+05,1.312297e+10,-1.350169e+13,7.077925e+05,1.448403e+10,-1.624177e+12,3.715836e+05,8.923414e+09,-3.028669e+12,1,43,N,N
4.034411e+05,9.339325e+09,-5.985658e+13,7.229994e+05,8.406706e+09,-1.017572e+14,6.880825e+05,1.032547e+10,-5.363232e+13,4.008234e+05,1.028233e+10,-2.996011e+13,1,95,N,N
4.078044e+05,1.015127e+10,-2.949301e+13,6.548879e+05,1.122354e+10,-1.891418e+13,6.623626e+05,1.423629e+10,1.294023e+13,3.601754e+05,8.715213e+09,-2.635245e+12,0,62,N,N
3.876207e+05,9.305521e+09,-2.926716e+12,6.620193e+05,2.310438e+10,1.221694e+14,6.649533e+05,2.033657e+10,8.720607e+13,3.921011e+05,9.157255e+09,6.463045e+12,0,9,N,N
4.534360e+05,1.258188e+10,-5.182614e+13,6.892452e+05,1.543045e+10,4.858951e+13,6.870097e+05,1.470340e+10,3.925894e+13,4.079617e+05,1.076323e+10,1.701141e+12,3,87,N,N
3.750492e+05,1.040175e+10,1.070792e+12,7.090197e+05,1.787918e+10,4.490936e+13,7.058456e+05,1.815937e+10,5.867282e+13,3.680822e+05,9.575860e+09,4.936972e+12,3,86,N,N
4.091579e+05,6.401458e+09,-7.866728e+13,6.391409e+05,1.399666e+10,2.283918e+13,6.126760e+05,1.185402e+10,-2.866937e+12,3.768443e+05,7.299646e+09,-2.857560e+13,1,81,N,N
4.236746e+05,1.094352e+10,-9.444067e+12,6.242148e+05,1.639760e+10,6.393828e+13,6.205835e+05,1.677441e+10,5.583905e+13,3.920193e+05,8.793317e+09,-1.265855e+12,2,66,N,N
4.533538e+05,9.811611e+09,-6.315559e+13,6.887133e+05,1.683495e+10,4.644885e+13,6.594374e+05,1.560170e+10,2.236639e+13,4.209137e+05,1.063529e+10,7.190690e+12,0,33,N,N
3.456354e+05,7.736461e+09,-5.505414e+12,5.783486e+05,1.594670e+10,6.772355e+13,5.964240e+05,1.940134e+10,8.084750e+13,3.163757e+05,6.518235e+09,-3.740972e+11,0,53,N,N
4.166853e+05,1.073499e+10,-2.227573e+13,6.208068e+05,1.613423e+10,5.234638e+13,6.313610e+05,1.813170e+10,5.212318e+13,3.897520e+05,9.494204e+09,5.449437e+12,2,59,N,N
4.103669e+05,1.071221e+10,-2.072992e+13,7.045275e+05,1.392244e+10,7.881574e+12,6.590112e+05,1.754107e+10,5.277958e+13,3.829658e+05,9.735481e+09,4.380986e+12,0,16,N,N
3.949729e+05,1.080445e+10,-5.015947e+12,6.730011e+05,1.875793e+10,8.894644e+13,6.780890e+05,1.841280e+10,8.432672e+13,3.634143e+05,8.882385e+09,-9.688165e+11,2,74,N,N
3.679268e+05,8.853299e+09,-4.000984e+12,6.416806e+05,1.891013e+10,9.002702e+13,6.275453e+05,1.773678e+10,7.944164e+13,3.576261e+05,8.347425e+09,2.244262e+09,3,102,N,N
3.835276e+05,1.016442e+10,-2.106944e+13,6.380771e+05,1.420490e+10,2.728977e+13,6.572267e+05,1.401504e+10,2.887892e+13,3.650631e+05,8.809157e+09,-4.293298e+12,1,69,N,N
3.707042e+05,1.031959e+10,7.331617e+12,6.645238e+05,1.707241e+10,4.536348e+13,6.869645e+05,1.794772e+10,6.047790e+13,3.658050e+05,9.666427e+09,8.523792e+12,0,86,N,N
4.333781e+05,1.091575e+10,-1.495677e+13,7.029059e+05,1.531659e+10,5.765213e+12,6.689990e+05,1.762496e+10,2.620534e+13,3.764124e+05,9.275490e+09,5.208398e+12,0,104,N,N
3.920225e+05,1.086126e+10,-1.075651e+13,6.815571e+05,1.906202e+10,9.078367e+13,6.264513e+05,1.694917e+10,8.112339e+13,3.588469e+05,8.583263e+09,-3.517074e+11,0,12,N,N
3.863344e+05,8.535711e+09,-1.844639e+13,6.209730e+05,2.092710e+10,1.127394e+14,5.874033e+05,1.893746e+10,7.202916e+13,3.446318e+05,7.494397e+09,7.391076e+12,0,54,N,N
3.988241e+05,1.072713e+10,-7.256621e+12,6.173343e+05,1.449907e+10,3.794452e+13,6.242382e+05,1.520220e+10,4.506297e+13,3.671622e+05,8.958451e+09,-3.333444e+12,1,74,N,N
3.944102e+05,1.015355e+10,-1.612230e+13,6.338831e+05,1.653166e+10,5.506921e+13,6.464278e+05,1.541634e+10,4.775879e+13,3.515152e+05,7.631788e+09,2.777337e+12,2,83,N,N
3.575908e+05,8.666664e+09,-1.372383e+12,6.227557e+05,1.854794e+10,7.857054e+13,6.252504e+05,1.553077e+10,5.374928e+13,3.644260e+05,8.638866e+09,3.301847e+12,1,92,N,N
4.189850e+05,1.045425e+10,-4.738861e+13,7.238714e+05,1.040677e+10,-9.290313e+13,7.114810e+05,1.276030e+10,-4.653546e+13,4.086139e+05,1.050365e+10,-1.966444e+13,3,101,N,N
4.369546e+05,1.275798e+10,-2.273693e+13,6.978482e+05,1.797415e+10,7.898461e+13,7.181761e+05,1.865582e+10,6.881233e+13,4.038516e+05,1.097380e+10,-5.038432e+12,1,56,N,N
4.093250e+05,1.082618e+10,-9.943552e+12,6.533899e+05,1.648686e+10,4.699437e+13,6.489945e+05,1.640424e+10,4.524595e+13,3.763167e+05,9.120535e+09,8.480931e+12,0,25,N,N
3.691567e+05,8.910739e+09,-9.839977e+12,6.662525e+05,1.759294e+10,4.250124e+13,6.624747e+05,1.600329e+10,3.935904e+13,3.569140e+05,8.393551e+09,7.453598e+11,2,71,N,N
4.336756e+05,1.132975e+10,-2.088136e+12,6.413500e+05,2.251275e+10,1.152086e+14,6.022012e+05,1.490900e+10,5.653921e+13,3.789708e+05,8.542784e+09,1.681227e+12,1,75,N,N
4.188095e+05,1.048867e+10,-4.310933e+13,7.174063e+05,1.182593e+10,-7.927082e+13,7.154874e+05,1.279077e+10,-4.486667e+13,3.955822e+05,9.970344e+09,-1.912416e+13,1,101,N,N
4.340899e+05,1.223121e+10,-1.294301e+13,7.432258e+05,1.565838e+10,7.653036e+12,7.112493e+05,1.568000e+10,7.294736e+12,4.227006e+05,1.193194e+10,8.230438e+12,0,23,N,N
3.919141e+05,9.204523e+09,-1.908584e+13,6.147912e+05,1.936082e+10,9.999002e+13,6.094953e+05,1.601151e+10,6.310012e+13,3.490620e+05,7.306862e+09,6.227477e+12,0,37,N,N
4.060588e+05,1.010405e+10,-1.974607e+13,7.049236e+05,1.568595e+10,1.856059e+13,6.286167e+05,1.495555e+10,3.871324e+13,3.839055e+05,1.034190e+10,2.403677e+13,0,85,N,N
3.599116e+05,8.714104e+09,-4.874487e+12,6.296202e+05,1.764648e+10,6.831245e+13,6.096852e+05,1.703826e+10,5.799559e+13,3.454817e+05,7.919363e+09,1.661379e+12,0,96,N,N
4.259435e+05,1.143459e+10,-1.951319e+13,6.255175e+05,1.488987e+10,4.526044e+13,6.203091e+05,1.536385e+10,4.138626e+13,3.758124e+05,8.554023e+09,-2.121370e+11,0,78,N,N
4.517767e+05,1.363252e+10,-2.710183e+13,6.711831e+05,1.593868e+10,5.066523e+13,6.876557e+05,1.536143e+10,3.120072e+13,4.062067e+05,1.085224e+10,-4.730795e+12,2,56,N,N
3.914431e+05,1.064986e+10,-2.057046e+13,6.440753e+05,1.386957e+10,2.535700e+13,6.639307e+05,1.446907e+10,3.146028e+13,3.772097e+05,9.451265e+09,-6.450534e+12,0,69,N,N
3.863821e+05,9.722032e+09,-8.406683e+12,6.740572e+05,1.754794e+10,4.492090e+13,6.674323e+05,1.609090e+10,3.382276e+13,3.627029e+05,8.224133e+09,5.283083e+11,3,57,N,N
3.928151e+05,1.006437e+10,-1.544801e+13,6.902584e+05,1.709311e+10,4.337340e+13,6.766098e+05,1.557533e+10,2.839546e+13,3.854402e+05,9.035418e+09,-8.325583e+12,1,57,N,N
3.663306e+05,8.571879e+09,-1.536175e+13,6.881812e+05,1.347126e+10,-2.703634e+13,6.919723e+05,1.381390e+10,-2.118717e+13,3.726358e+05,8.788127e+09,-9.161991e+12,2,89,N,N
3.734225e+05,8.929068e+09,-1.955142e+12,6.295304e+05,1.927707e+10,9.011399e+13,6.051479e+05,1.657981e+10,6.856095e+13,3.668519e+05,8.652355e+09,8.525237e+12,0,94,N,N
4.735390e+05,1.132105e+10,-8.315766e+13,7.800310e+05,9.485618e+09,-7.397155e+13,7.771969e+05,1.521386e+10,-3.572288e+13,4.152507e+05,1.062265e+10,-2.819045e+12,0,79,N,N
4.223684e+05,8.475134e+09,-7.791834e+13,7.185091e+05,7.800594e+09,-7.982193e+13,7.222122e+05,1.314576e+10,-5.103833e+13,4.139141e+05,9.590808e+09,-2.207731e+13,0,21,N,N
4.014437e+05,8.881143e+09,-4.126548e+13,6.891057e+05,1.027433e+10,-4.408125e+13,6.896215e+05,1.155759e+10,-2.715619e+13,3.612695e+05,8.495302e+09,-4.740528e+12,0,82,N,N
4.012748e+05,9.889117e+09,-1.602713e+13,6.154383e+05,1.537351e+10,4.174478e+13,6.375238e+05,1.573196e+10,4.310903e+13,3.474964e+05,7.898883e+09,6.436706e+11,0,83,N,N
3.681850e+05,9.182018e+09,1.170746e+12,6.716421e+05,1.794032e+10,5.330569e+13,6.634006e+05,1.757956e+10,5.834568e+13,3.442010e+05,8.226241e+09,5.244337e+12,1,48,N,N
4.208135e+05,1.170469e+10,-1.774341e+13,6.746689e+05,1.650654e+10,5.318336e+13,6.789224e+05,1.766527e+10,5.607658e+13,3.932801e+05,9.840600e+09,-8.164774e+12,3,84,N,N
3.915974e+05,9.341781e+09,-1.825607e+13,6.191419e+05,1.228970e+10,-1.851038e+13,6.178497e+05,1.329290e+10,-1.450437e+12,3.756118e+05,8.899786e+09,-4.133905e+12,0,60,N,N
4.061351e+05,1.022178e+10,-1.912112e+13,7.035550e+05,1.555980e+10,1.341545e+13,6.861954e+05,1.571108e+10,1.710470e+13,3.664187e+05,8.877803e+09,-1.815987e+12,3,60,N,N
4.439489e+05,1.001162e+10,-9.838135e+13,6.947080e+05,4.469984e+09,-1.273688e+14,7.125989e+05,9.986186e+09,-8.022861e+13,3.829561e+05,9.146927e+09,-2.426435e+13,0,13,N,N
4.577980e+05,1.435606e+10,-3.102403e+13,7.242262e+05,1.493781e+10,3.581519e+13,6.733809e+05,1.582850e+10,4.945212e+13,4.116715e+05,1.222540e+10,7.031718e+12,0,30,N,N
4.105055e+05,7.499411e+09,-6.699488e+13,6.293975e+05,1.336170e+10,2.016072e+13,6.140429e+05,1.206523e+10,6.565324e+12,3.715082e+05,7.387407e+09,-2.233962e+13,3,81,N,N
4.147424e+05,1.093542e+10,-6.136878e+12,6.442820e+05,1.725376e+10,5.133919e+13,6.584560e+05,1.578072e+10,4.081172e+13,3.643925e+05,8.250588e+09,9.949657e+11,3,63,N,N
4.428387e+05,1.242807e+10,-1.604505e+11,6.457215e+05,1.920078e+10,7.465468e+13,6.478698e+05,1.514240e+10,4.070337e+13,4.060443e+05,1.011804e+10,1.210559e+13,2,64,N,N
3.986870e+05,1.071586e+10,-2.263919e+13,6.659578e+05,1.497581e+10,2.725318e+13,6.548105e+05,1.279978e+10,1.563646e+13,3.800959e+05,9.448233e+09,-6.982223e+12,2,69,N,N
3.903629e+05,1.056615e+10,-1.016209e+13,6.542085e+05,1.849938e+10,8.550671e+13,6.748195e+05,1.890236e+10,8.890123e+13,3.557380e+05,8.617857e+09,-5.591431e+11,2,12,N,N
4.155784e+05,1.110312e+10,-8.408372e+12,6.502013e+05,1.653991e+10,5.796400e+13,6.297059e+05,1.670725e+10,4.895434e+13,3.840934e+05,9.899510e+09,3.829191e+12,1,10,N,N
4.134705e+05,1.026088e+10,-2.695348e+13,7.233248e+05,1.307092e+10,-2.184748e+13,7.185949e+05,1.535344e+10,7.079571e+10,3.826766e+05,9.421506e+09,-3.474690e+12,0,43,N,N
3.980247e+05,4.756185e+09,-1.322804e+14,7.254745e+05,5.507893e+09,-1.422484e+14,7.156614e+05,1.153999e+10,-8.335487e+13,4.052138e+05,7.740084e+09,-4.159955e+13,0,67,N,N
3.503099e+05,8.065331e+09,-5.666053e+12,5.933422e+05,1.665196e+10,7.265482e+13,5.960045e+05,1.740599e+10,6.876826e+13,3.193145e+05,6.796453e+09,-1.261194e+12,2,53,N,N
4.496434e+05,1.246180e+10,-5.223369e+13,6.711302e+05,1.174402e+10,-1.233853e+13,6.425315e+05,1.164922e+10,1.582419e+12,4.127383e+05,1.105643e+10,-8.627417e+12,3,65,N,N
4.158946e+05,7.635577e+09,-8.970206e+13,7.426991e+05,6.534192e+09,-1.423678e+14,7.064208e+05,1.148008e+10,-7.857686e+13,3.940520e+05,8.403268e+09,-1.443754e+13,3,76,N,N
3.844516e+05,9.732643e+09,-6.289496e+12,6.537252e+05,1.903247e+10,8.805289e+13,6.368129e+05,1.774234e+10,7.866012e+13,3.498030e+05,7.921146e+09,1.519406e+12,1,102,N,N
4.784430e+05,1.526592e+10,-3.631259e+13,7.651051e+05,1.285424e+10,-2.998385e+13,7.511882e+05,1.479800e+10,-1.575588e+13,4.438612e+05,1.405634e+10,-3.872644e+12,0,73,N,N
