6.502147e+08,1.059979e+17,1.687367e+24,3,72
5.750540e+08,8.274334e+16,1.522167e+24,3,93
6.534087e+08,1.080541e+17,1.515067e+24,0,26
5.266329e+08,7.034736e+16,1.063808e+24,3,96
6.243570e+08,9.746826e+16,2.031872e+24,1,55
5.941442e+08,8.875758e+16,1.582113e+24,3,90
5.637242e+08,8.023992e+16,1.221187e+24,1,5
6.143933e+08,9.492068e+16,1.377722e+24,0,27
6.393029e+08,1.027589e+17,1.664524e+24,0,28
6.288775e+08,9.936146e+16,1.944004e+24,0,67
5.273060e+08,6.885397e+16,1.119745e+24,3,91
6.040079e+08,9.092300e+16,1.673561e+24,0,16
6.682242e+08,1.131373e+17,2.055127e+24,3,99
5.444726e+08,7.215120e+16,1.297874e+24,3,78
5.451214e+08,7.582483e+16,1.184316e+24,2,102
6.108015e+08,9.314481e+16,1.470779e+24,0,22
6.241744e+08,9.855350e+16,1.662316e+24,1,84
5.950491e+08,8.766922e+16,1.527335e+24,2,82
5.826863e+08,8.588387e+16,1.135499e+24,3,68
6.507209e+08,1.057062e+17,2.210203e+24,3,80
5.734844e+08,8.230551e+16,1.525264e+24,1,10
6.361870e+08,1.022678e+17,2.137668e+24,0,56
6.951940e+08,1.240521e+17,1.906241e+24,1,86
7.645933e+08,1.467073e+17,3.430394e+24,1,73
5.967317e+08,8.919572e+16,1.291042e+24,1,40
5.833308e+08,8.745160e+16,1.382278e+24,2,76
5.985408e+08,9.225440e+16,1.561158e+24,0,76
4.720834e+08,5.587716e+16,8.233708e+23,2,53
6.153346e+08,9.504378e+16,1.800548e+24,1,65
4.866585e+08,5.945331e+16,8.555268e+23,0,32
7.267804e+08,1.332883e+17,2.769096e+24,3,98
5.911297e+08,8.733266e+16,1.664333e+24,0,10
6.892416e+08,1.195591e+17,2.164473e+24,2,99
5.865513e+08,8.572555e+16,1.302339e+24,3,61
6.467964e+08,1.076463e+17,1.908751e+24,3,95
6.079926e+08,9.222041e+16,1.881109e+24,0,55
5.724715e+08,7.951289e+16,1.274399e+24,2,66
6.340157e+08,1.008926e+17,2.003587e+24,3,56
6.211612e+08,9.740198e+16,1.512245e+24,2,84
5.502855e+08,7.621583e+16,1.206284e+24,2,92
5.916804e+08,8.860334e+16,1.308271e+24,2,62
5.387903e+08,7.317997e+16,1.007977e+24,0,83
5.745099e+08,8.196545e+16,1.161115e+24,1,57
5.729708e+08,8.443480e+16,1.625970e+24,3,59
6.193001e+08,9.652130e+16,1.723697e+24,0,11
6.944370e+08,1.217563e+17,2.432371e+24,0,13
5.464857e+08,7.214966e+16,1.346845e+24,1,64
6.302201e+08,9.825841e+16,1.902336e+24,1,35
5.610456e+08,7.870550e+16,1.086083e+24,0,8
7.322892e+08,1.378059e+17,2.215335e+24,0,86
5.956073e+08,8.975923e+16,1.367315e+24,1,63
5.629878e+08,7.810714e+16,1.277919e+24,2,51
5.501174e+08,7.584752e+16,1.314401e+24,3,48
6.238127e+08,9.757903e+16,1.601388e+24,0,14
4.881487e+08,5.957812e+16,9.300899e+23,1,54
6.062402e+08,9.210483e+16,1.565006e+24,1,52
5.914830e+08,8.836415e+16,1.347202e+24,0,63
6.863198e+08,1.202909e+17,2.072354e+24,3,101
5.213327e+08,6.737521e+16,1.079676e+24,2,91
7.367358e+08,1.377701e+17,2.486189e+24,3,49
5.338865e+08,7.228143e+16,1.072252e+24,0,102
6.172751e+08,9.627674e+16,1.461603e+24,1,0
6.104306e+08,9.349729e+16,2.033342e+24,0,36
6.535919e+08,1.082745e+17,1.973878e+24,0,18
6.359394e+08,9.732481e+16,2.185132e+24,2,97
7.722102e+08,1.456423e+17,2.592211e+24,2,79
7.310288e+08,1.305927e+17,2.161671e+24,3,79
6.885109e+08,1.219113e+17,1.849788e+24,3,86
5.123512e+08,6.539257e+16,1.118303e+24,1,94
5.504906e+08,7.624601e+16,1.303039e+24,1,48
7.396842e+08,1.390253e+17,2.824791e+24,0,98
6.067793e+08,9.128384e+16,1.439735e+24,1,61
5.378446e+08,7.344749e+16,1.113229e+24,0,96
5.103423e+08,6.440704e+16,8.720009e+23,2,37
6.291251e+08,1.000440e+17,1.635567e+24,0,84
6.271133e+08,9.670268e+16,2.226997e+24,0,97
5.674100e+08,8.392375e+16,1.247830e+24,0,74
6.428115e+08,1.048250e+17,1.650153e+24,1,104
6.527574e+08,1.076914e+17,1.659158e+24,1,88
6.449329e+08,1.046710e+17,2.120402e+24,0,80
6.096128e+08,9.330015e+16,1.590989e+24,0,34
5.395779e+08,7.304288e+16,1.156800e+24,1,92
6.126885e+08,9.443662e+16,1.501798e+24,0,25
6.301717e+08,1.016146e+17,1.954572e+24,0,70
6.186015e+08,9.638650e+16,1.468438e+24,0,3
5.304958e+08,7.255737e+16,1.306334e+24,0,59
5.175192e+08,6.737673e+16,1.098909e+24,2,81
5.829724e+08,8.496472e+16,1.316174e+24,2,61
5.847207e+08,8.281290e+16,1.658229e+24,2,64
6.719696e+08,1.159898e+17,2.107423e+24,0,95
6.197810e+08,9.692093e+16,1.457991e+24,0,0
6.825342e+08,1.184970e+17,1.886408e+24,1,49
6.087982e+08,9.398724e+16,1.406903e+24,3,62
4.657477e+08,5.460606e+16,7.937785e+23,0,53
5.700715e+08,7.989520e+16,1.407543e+24,1,33
7.595023e+08,1.425998e+17,2.362746e+24,0,79
5.440324e+08,7.419310e+16,1.140307e+24,0,92
5.711950e+08,8.104835e+16,1.363090e+24,1,82
6.216320e+08,9.693868e+16,1.802162e+24,1,90
5.386122e+08,7.207363e+16,1.237691e+24,2,58
5.321779e+08,7.098067e+16,1.009544e+24,0,39
6.100574e+08,9.417815e+16,1.314693e+24,2,68
5.686769e+08,8.092146e+16,1.243963e+24,2,71
5.367212e+08,7.111565e+16,1.217413e+24,0,17
5.349068e+08,7.255256e+16,1.121604e+24,1,96
5.634196e+08,7.835386e+16,1.185913e+24,3,77
5.266336e+08,6.734635e+16,1.038538e+24,2,75
6.521389e+08,1.069045e+17,1.848053e+24,3,63
6.972342e+08,1.225683e+17,2.717479e+24,2,67
6.276756e+08,9.569330e+16,2.207837e+24,3,97
7.451845e+08,1.394217e+17,3.242145e+24,0,73
4.852327e+08,5.848160e+16,9.502633e+23,2,94
5.992031e+08,8.837552e+16,1.619870e+24,1,87
6.019836e+08,9.221877e+16,1.449919e+24,0,15
4.983582e+08,6.103412e+16,1.008870e+24,0,38
7.055949e+08,1.236386e+17,2.113868e+24,2,72
5.544436e+08,7.722413e+16,1.306598e+24,0,48
6.584633e+08,1.099321e+17,1.886906e+24,0,99
6.447359e+08,1.056529e+17,1.518777e+24,0,100
6.341350e+08,1.023614e+17,1.782063e+24,2,60
6.925602e+08,1.210762e+17,2.158074e+24,0,23
6.771997e+08,1.166258e+17,1.891787e+24,0,49
5.009138e+08,6.200114e+16,9.999840e+23,0,94
4.768704e+08,5.644826e+16,9.078010e+23,1,38
5.456740e+08,7.449465e+16,1.174837e+24,3,92
5.135196e+08,6.642002e+16,1.082652e+24,3,81
6.939787e+08,1.209406e+17,1.919243e+24,0,88
5.269686e+08,7.003457e+16,1.218398e+24,1,81
5.793104e+08,8.481003e+16,1.347613e+24,1,69
4.901031e+08,6.002984e+16,9.262622e+23,0,54
6.674959e+08,1.114589e+17,2.400888e+24,1,56
6.068061e+08,9.195456e+16,1.730023e+24,0,85
6.700909e+08,1.121443e+17,2.158792e+24,3,47
5.282725e+08,6.975196e+16,1.189678e+24,0,58
4.823236e+08,5.791568e+16,8.353936e+23,2,54
6.332936e+08,1.000405e+17,2.227981e+24,3,55
5.115667e+08,6.571410e+16,1.076593e+24,1,58
4.598718e+08,5.311980e+16,8.175214e+23,0,2
6.166848e+08,9.692424e+16,1.572488e+24,1,46
6.834691e+08,1.192675e+17,1.959108e+24,0,101
6.244213e+08,9.784434e+16,1.541311e+24,0,43
5.023915e+08,6.298318e+16,9.788914e+23,0,42
5.757590e+08,8.332908e+16,1.509077e+24,2,93
6.047959e+08,9.451908e+16,1.689967e+24,0,103
6.246838e+08,9.781642e+16,1.852977e+24,2,85
5.524658e+08,7.472215e+16,1.117446e+24,1,77
5.170887e+08,6.661221e+16,1.072806e+24,1,91
6.086239e+08,9.100002e+16,1.705016e+24,2,87
6.261325e+08,9.917439e+16,1.580732e+24,1,43
6.688022e+08,1.123091e+17,1.810247e+24,3,88
6.140044e+08,9.550590e+16,1.645898e+24,1,45
5.473717e+08,7.631759e+16,1.187380e+24,3,102
5.801343e+08,8.481544e+16,1.420502e+24,0,52
4.742548e+08,5.642636e+16,8.387059e+23,1,53
5.999827e+08,9.089397e+16,1.541117e+24,1,34
6.416621e+08,1.042505e+17,1.527600e+24,1,100
5.548189e+08,7.716636e+16,1.377872e+24,1,93
7.985956e+08,1.571535e+17,3.826014e+24,2,73
5.322204e+08,6.942523e+16,1.132857e+24,0,75
5.501968e+08,7.558550e+16,1.056630e+24,2,83
5.292233e+08,7.071667e+16,9.426526e+23,1,83
6.599774e+08,1.094683e+17,2.091697e+24,0,47
6.236144e+08,9.841592e+16,2.197641e+24,1,36
6.364451e+08,1.024010e+17,1.537800e+24,0,1
6.412529e+08,1.023638e+17,2.238265e+24,2,55
6.464463e+08,1.053216e+17,1.827676e+24,3,76
6.174825e+08,9.530674e+16,1.793783e+24,0,65
6.902696e+08,1.204453e+17,1.895138e+24,0,104
6.641434e+08,1.102443e+17,2.020616e+24,0,6
5.553481e+08,7.612189e+16,1.224656e+24,0,51
7.339215e+08,1.359867e+17,2.827539e+24,1,98
6.677050e+08,1.115775e+17,2.366507e+24,1,80
5.530721e+08,7.728324e+16,1.108579e+24,0,71
5.441779e+08,7.256249e+16,1.320493e+24,1,78
5.918669e+08,8.804469e+16,1.515419e+24,0,90
6.047438e+08,9.143640e+16,1.376957e+24,3,57
7.072897e+08,1.277744e+17,2.328363e+24,0,20
5.851103e+08,8.534451e+16,1.253323e+24,2,57
6.556035e+08,1.090866e+17,2.028537e+24,2,103
6.924893e+08,1.204808e+17,1.937195e+24,2,88
5.701172e+08,8.058814e+16,1.306076e+24,0,82
5.231777e+08,6.748103e+16,1.098746e+24,3,50
6.020188e+08,8.971706e+16,1.682173e+24,0,35
6.407723e+08,1.014670e+17,2.105923e+24,1,85
5.998451e+08,9.124472e+16,1.234459e+24,0,89
6.333450e+08,1.003233e+17,1.993207e+24,2,56
7.759580e+08,1.462804e+17,2.453169e+24,1,79
5.796720e+08,8.534284e+16,1.356765e+24,0,69
5.286894e+08,7.073101e+16,1.059629e+24,2,96
6.158104e+08,9.316857e+16,1.748734e+24,0,87
6.367985e+08,1.012782e+17,1.869882e+24,0,21
6.239375e+08,9.931823e+16,1.631308e+24,0,46
5.954790e+08,8.993361e+16,1.238958e+24,1,89
6.117847e+08,9.520556e+16,1.457800e+24,1,60
5.128746e+08,6.560835e+16,9.285293e+23,1,37
6.310720e+08,1.003296e+17,1.657245e+24,1,76
6.764376e+08,1.159324e+17,2.501253e+24,3,67
5.801448e+08,8.370615e+16,1.442314e+24,0,44
6.948023e+08,1.231820e+17,2.085896e+24,1,101
5.892058e+08,8.917332e+16,1.311866e+24,1,74
6.216190e+08,9.816591e+16,1.501594e+24,2,74
5.974587e+08,9.020143e+16,1.415637e+24,1,25
4.795319e+08,5.749047e+16,9.415613e+23,3,94
6.027550e+08,9.143005e+16,1.240386e+24,1,68
4.973576e+08,6.267084e+16,1.055587e+24,3,58
6.379080e+08,1.024938e+17,1.719718e+24,0,31
5.956948e+08,8.895142e+16,1.534096e+24,3,52
5.893939e+08,8.452863e+16,1.524500e+24,0,33
6.032817e+08,9.216750e+16,1.651961e+24,2,90
5.304983e+08,6.993739e+16,1.131335e+24,1,42
5.492982e+08,7.407471e+16,1.221778e+24,1,50
5.627199e+08,7.996161e+16,1.256200e+24,1,102
7.719264e+08,1.473055e+17,3.519158e+24,3,73
5.280908e+08,6.861449e+16,9.763384e+23,2,77
6.080537e+08,9.335449e+16,1.775411e+24,3,65
5.712109e+08,8.121936e+16,1.132308e+24,0,57
5.599578e+08,7.733941e+16,1.222147e+24,1,51
5.538298e+08,7.603790e+16,1.221096e+24,3,51
5.041617e+08,6.297700e+16,9.205978e+23,0,66
5.936053e+08,9.080945e+16,1.376665e+24,0,60
5.967533e+08,9.044048e+16,1.514741e+24,2,12
5.145431e+08,6.567951e+16,9.512847e+23,1,66
6.657518e+08,1.133638e+17,2.061116e+24,2,95
5.822435e+08,8.402615e+16,1.450560e+24,1,44
6.306098e+08,9.722097e+16,1.874174e+24,3,87
5.751225e+08,8.337867e+16,1.290352e+24,1,71
6.971959e+08,1.249081e+17,1.838768e+24,2,86
5.037696e+08,6.345201e+16,8.765818e+23,0,37
6.032115e+08,9.150301e+16,1.324098e+24,1,41
5.715111e+08,8.167030e+16,1.384650e+24,3,82
6.016074e+08,9.182014e+16,1.252378e+24,2,89
5.363302e+08,7.057403e+16,1.157190e+24,0,50
6.844943e+08,1.192597e+17,1.941436e+24,2,101
6.787484e+08,1.157863e+17,1.912909e+24,0,29
5.281892e+08,7.031849e+16,1.175203e+24,0,81
6.320217e+08,9.722429e+16,2.231248e+24,1,97
6.953220e+08,1.222126e+17,2.688992e+24,1,67
5.437997e+08,7.246445e+16,1.328614e+24,0,78
5.790753e+08,8.109109e+16,1.567173e+24,2,78
6.961754e+08,1.214430e+17,2.467129e+24,2,47
5.757548e+08,8.333269e+16,1.275304e+24,2,63
6.977486e+08,1.225633e+17,2.080966e+24,0,72
5.576841e+08,7.558825e+16,1.320940e+24,0,9
6.128080e+08,9.399066e+16,1.819159e+24,3,85
6.452485e+08,1.057291e+17,2.016153e+24,2,70
6.051020e+08,9.373371e+16,1.959655e+24,2,59
6.143842e+08,9.601988e+16,1.681872e+24,1,12
5.627492e+08,7.973948e+16,1.158464e+24,3,83
5.910499e+08,8.869336e+16,1.280798e+24,0,62
5.247337e+08,6.607290e+16,1.221009e+24,3,64
6.071558e+08,9.283807e+16,1.553476e+24,2,69
6.657954e+08,1.115406e+17,2.138803e+24,1,47
5.071463e+08,6.246374e+16,9.802693e+23,1,75
5.465121e+08,7.703658e+16,1.430417e+24,1,59
6.153671e+08,9.637044e+16,1.716293e+24,0,12
6.099566e+08,9.249235e+16,1.353814e+24,0,40
5.369157e+08,6.993738e+16,1.295603e+24,0,64
5.120420e+08,6.447197e+16,9.579238e+23,3,66
6.643701e+08,1.108741e+17,1.651390e+24,1,72
5.878788e+08,8.311420e+16,1.386549e+24,0,4
5.282623e+08,6.889760e+16,1.130102e+24,2,50
5.814649e+08,8.504671e+16,1.301621e+24,0,61
6.257878e+08,9.856765e+16,1.502545e+24,3,60
5.285772e+08,6.754489e+16,1.089841e+24,3,75
5.946648e+08,8.944654e+16,1.314090e+24,1,62
6.874751e+08,1.178119e+17,2.601402e+24,2,80
5.189705e+08,6.666964e+16,1.056559e+24,0,91
6.517425e+08,1.091473e+17,2.020058e+24,1,95
6.409642e+08,1.047662e+17,1.920890e+24,1,103
6.059410e+08,9.297628e+16,1.370588e+24,0,68
6.520098e+08,1.073171e+17,1.691747e+24,2,104
5.826673e+08,8.557109e+16,1.388101e+24,2,52
6.005025e+08,9.133270e+16,1.243708e+24,3,89
6.999688e+08,1.209832e+17,2.700082e+24,0,30
6.500807e+08,1.069681e+17,1.689000e+24,3,104
6.085459e+08,9.364875e+16,1.601090e+24,0,45
6.111956e+08,9.814349e+16,1.951475e+24,1,70
6.870204e+08,1.190870e+17,2.161381e+24,1,99
7.414662e+08,1.381718e+17,2.865498e+24,2,98
5.872647e+08,8.451300e+16,1.539845e+24,0,19
5.690068e+08,8.136596e+16,1.291068e+24,3,69
6.082452e+08,9.270219e+16,1.822310e+24,0,24
5.982358e+08,9.444063e+16,1.899036e+24,3,70
6.335441e+08,1.013335e+17,1.425939e+24,2,100
6.223285e+08,9.948195e+16,1.816619e+24,3,103
5.592646e+08,7.820970e+16,1.372829e+24,0,93
5.601610e+08,7.875761e+16,1.213651e+24,3,71
4.888121e+08,6.010400e+16,9.146674e+23,3,53
5.277672e+08,6.803941e+16,1.050868e+24,3,54
6.424136e+08,1.049061e+17,1.550351e+24,3,100
5.283807e+08,6.897730e+16,9.941006e+23,0,77
5.609442e+08,7.946694e+16,1.374985e+24,2,48
6.305021e+08,1.008198e+17,1.512633e+24,3,74
5.705580e+08,8.185421e+16,1.163273e+24,0,41
6.156831e+08,9.562402e+16,1.638619e+24,3,84
6.137489e+08,9.531515e+16,1.493316e+24,0,7
5.995782e+08,8.902201e+16,1.644948e+24,2,65
5.633231e+08,7.958767e+16,1.184313e+24,0,5
7.238294e+08,1.333903e+17,2.353662e+24,2,49
