4.818704e+02,4.483689e+04,1.311528e+05,3,72,N,N
4.858921e+02,5.769634e+04,3.062837e+05,3,93,N,N
8.051810e+02,1.651683e+05,2.583670e+06,0,26,N,N
3.964527e+02,2.753366e+04,1.335477e+05,3,96,N,N
6.601824e+02,1.127001e+05,1.263830e+06,1,55,N,N
6.388138e+02,1.041324e+05,6.922520e+05,3,90,N,N
4.785349e+02,4.172029e+04,1.808672e+05,1,5,N,N
5.884808e+02,7.034533e+04,8.188213e+05,0,27,N,N
5.802647e+02,8.360126e+04,5.639644e+05,0,28,N,N
1.009831e+03,2.206732e+05,2.801784e+06,0,67,N,N
9.408032e+02,2.205036e+05,5.205502e+06,3,91,N,N
6.680613e+02,8.749262e+04,3.800944e+05,0,16,N,N
9.820996e+02,2.274716e+05,6.140443e+06,3,99,N,N
5.243960e+02,6.293070e+04,1.679773e+05,3,78,N,N
4.337698e+02,2.979724e+04,2.092498e+05,2,102,N,N
4.809120e+02,5.169962e+04,1.517894e+05,0,22,N,N
4.152104e+02,3.917297e+04,1.390898e+05,1,84,N,N
5.289209e+02,6.828876e+04,5.760808e+05,2,82,N,N
8.343077e+02,1.686822e+05,3.351127e+06,3,68,N,N
5.604866e+02,6.472762e+04,2.592987e+05,3,80,N,N
9.260582e+02,1.934158e+05,6.020245e+06,1,10,N,N
9.764299e+02,2.145632e+05,3.487040e+06,0,56,N,N
3.996009e+02,2.532777e+04,1.323963e+05,1,86,N,N
4.464741e+02,4.188900e+04,2.310059e+05,1,73,N,N
5.628359e+02,7.366198e+04,6.336852e+05,1,40,N,N
7.272891e+02,1.169477e+05,1.733268e+06,2,76,N,N
8.471868e+02,1.788778e+05,1.725818e+06,0,76,N,N
5.353288e+02,6.017899e+04,2.676974e+05,2,53,N,N
5.570668e+02,7.275895e+04,3.340285e+05,1,65,N,N
6.409186e+02,9.430790e+04,4.859522e+05,0,32,N,N
6.600321e+02,9.906587e+04,2.032166e+06,3,98,N,N
1.082121e+03,2.604101e+05,8.475807e+06,0,10,N,N
9.019791e+02,1.973486e+05,3.820740e+06,2,99,N,N
8.685959e+02,1.624929e+05,1.059070e+06,3,61,N,N
5.121175e+02,5.880375e+04,3.198636e+05,3,95,N,N
8.929112e+02,1.833708e+05,4.837041e+06,0,55,N,N
9.110008e+02,1.885123e+05,1.631850e+06,2,66,N,N
9.454266e+02,2.137493e+05,4.501137e+06,3,56,N,N
6.657381e+02,1.134904e+05,9.879586e+05,2,84,N,N
5.877599e+02,8.354013e+04,3.452208e+05,2,92,N,N
1.028041e+03,2.333210e+05,3.188349e+06,2,62,N,N
9.183259e+02,2.083744e+05,3.659269e+06,0,83,N,N
6.279564e+02,9.265150e+04,5.719035e+05,1,57,N,N
4.818854e+02,5.010822e+04,1.862370e+05,3,59,N,N
9.841397e+02,2.200611e+05,5.241897e+06,0,11,N,N
5.165779e+02,5.584088e+04,3.163464e+05,0,13,N,N
4.885889e+02,5.167286e+04,3.008215e+05,1,64,N,N
4.727770e+02,5.233130e+04,1.754789e+05,1,35,N,N
6.415531e+02,9.256179e+04,9.576958e+05,0,8,N,N
4.219260e+02,3.618637e+04,2.459031e+05,0,86,N,N
3.831975e+02,3.440558e+04,1.370852e+05,1,63,N,N
6.577070e+02,1.074736e+05,4.659900e+05,2,51,N,N
6.060591e+02,8.952912e+04,7.172863e+05,3,48,N,N
6.873646e+02,1.212156e+05,1.373454e+06,0,14,N,N
8.625278e+02,1.719147e+05,4.447097e+06,1,54,N,N
8.453254e+02,1.805028e+05,4.608449e+06,1,52,N,N
6.082484e+02,9.734881e+04,1.785260e+06,0,63,N,N
4.541198e+02,4.988502e+04,3.429610e+05,3,101,N,N
9.077816e+02,1.840335e+05,4.694817e+06,2,91,N,N
7.175612e+02,1.071413e+05,1.673557e+06,3,49,N,N
5.431869e+02,6.873297e+04,3.779664e+05,0,102,N,N
5.096949e+02,6.486946e+04,2.466582e+05,1,0,N,N
7.437801e+02,1.409092e+05,1.396815e+06,0,36,N,N
9.047886e+02,1.921921e+05,4.610968e+06,0,18,N,N
1.007448e+03,2.449560e+05,3.634750e+06,2,97,N,N
5.721789e+02,1.720329e+04,1.830254e+04,2,79,N,N
6.010045e+02,8.303652e+04,2.859869e+05,3,79,N,N
5.378427e+02,5.977090e+04,4.313677e+05,3,86,N,N
6.965615e+02,1.225508e+05,4.718629e+05,1,94,N,N
6.132302e+02,9.845373e+04,1.382043e+06,1,48,N,N
6.520893e+02,1.037284e+05,9.207244e+05,0,98,N,N
8.132369e+02,1.483587e+05,8.900186e+05,1,61,N,N
4.025145e+02,3.492042e+04,1.372442e+05,0,96,N,N
1.026527e+03,2.482198e+05,4.265370e+06,2,37,N,N
4.416540e+02,4.744124e+04,2.385419e+05,0,84,N,N
5.012220e+02,4.760535e+04,1.996556e+05,0,97,N,N
3.909715e+02,3.170672e+04,1.135238e+05,0,74,N,N
4.427700e+02,4.034478e+04,2.557075e+05,1,104,N,N
4.671814e+02,4.572911e+04,2.921510e+05,1,88,N,N
5.021437e+02,5.652196e+04,2.478798e+05,0,80,N,N
5.588282e+02,6.806073e+04,2.333371e+05,0,34,N,N
3.338371e+02,2.393965e+04,5.538045e+04,1,92,N,N
9.600467e+02,2.203605e+05,7.028035e+06,0,25,N,N
4.701190e+02,4.681660e+04,2.003916e+05,0,70,N,N
5.527905e+02,7.791708e+04,4.287666e+05,0,3,N,N
5.586491e+02,6.445604e+04,3.474530e+05,0,59,N,N
1.034275e+03,2.425027e+05,4.678656e+06,2,81,N,N
7.310317e+02,1.231433e+05,6.105566e+05,2,61,N,N
9.198483e+02,2.073666e+05,4.576760e+06,2,64,N,N
1.190113e+03,3.058514e+05,5.790592e+06,0,95,N,N
4.745978e+02,5.199054e+04,1.673259e+05,0,0,N,N
7.919786e+02,1.574835e+05,2.553381e+06,1,49,N,N
8.118990e+02,1.627262e+05,2.133244e+06,3,62,N,N
4.280658e+02,4.016372e+04,9.041561e+04,0,53,N,N
4.304185e+02,3.759910e+04,7.597847e+04,1,33,N,N
5.741835e+02,7.401129e+04,6.240412e+05,0,79,N,N
1.116387e+03,2.729936e+05,4.365364e+06,0,92,N,N
6.053140e+02,7.894608e+04,5.363861e+05,1,82,N,N
7.477161e+02,1.428268e+05,1.401325e+06,1,90,N,N
4.678246e+02,5.451452e+04,3.563985e+05,2,58,N,N
4.672114e+02,5.317807e+04,4.612281e+05,0,39,N,N
1.052925e+03,2.519448e+05,6.962273e+06,2,68,N,N
9.953535e+02,2.314798e+05,4.664347e+06,2,71,N,N
9.364047e+02,2.053589e+05,1.415594e+06,0,17,N,N
3.695378e+02,2.116357e+04,9.602748e+04,1,96,N,N
4.341516e+02,4.390453e+04,2.109638e+05,3,77,N,N
6.115871e+02,4.374393e+04,6.871403e+04,2,75,N,N
7.094295e+02,1.246842e+05,1.479882e+06,3,63,N,N
8.973624e+02,1.713084e+05,1.638733e+06,2,67,N,N
5.292043e+02,5.260445e+04,1.998028e+05,3,97,N,N
4.855670e+02,5.079965e+04,1.806003e+05,0,73,N,N
6.949643e+02,1.003115e+05,6.597508e+05,2,94,N,N
7.258222e+02,1.145633e+05,1.367183e+06,1,87,N,N
7.129334e+02,1.320518e+05,1.857027e+06,0,15,N,N
4.933150e+02,5.906883e+04,1.062903e+05,0,38,N,N
8.715291e+02,1.466161e+05,1.501299e+06,2,72,N,N
6.358755e+02,1.046930e+05,1.251676e+06,0,48,N,N
5.409240e+02,7.149869e+04,3.898533e+05,0,99,N,N
1.133410e+03,2.832409e+05,5.775330e+06,0,100,N,N
5.904442e+02,8.663425e+04,8.037306e+05,2,60,N,N
5.831368e+02,1.374651e+04,2.472465e+04,0,23,N,N
8.751332e+02,1.849953e+05,3.598913e+06,0,49,N,N
6.158654e+02,9.419527e+04,4.748534e+05,0,94,N,N
5.276697e+02,6.647935e+04,1.040346e+05,1,38,N,N
5.459661e+02,6.684631e+04,2.517033e+05,3,92,N,N
7.358228e+02,1.368856e+05,6.149430e+05,3,81,N,N
9.537928e+02,2.125176e+05,3.916916e+06,0,88,N,N
5.762893e+02,6.995824e+04,1.764760e+05,1,81,N,N
4.877989e+02,5.954745e+04,2.291774e+05,1,69,N,N
9.343715e+02,2.074383e+05,5.533064e+06,0,54,N,N
6.296637e+02,8.601398e+04,9.139045e+05,1,56,N,N
1.007109e+03,2.297940e+05,5.768565e+06,0,85,N,N
8.951059e+02,1.757796e+05,2.030855e+06,3,47,N,N
4.675941e+02,5.354934e+04,2.640149e+05,0,58,N,N
3.529028e+02,2.977457e+04,1.012670e+05,2,54,N,N
8.732826e+02,1.806016e+05,4.267213e+06,3,55,N,N
5.218938e+02,6.430644e+04,4.158011e+05,1,58,N,N
4.265257e+02,2.778701e+04,6.168467e+04,0,2,N,N
3.676758e+02,2.028183e+04,1.083169e+05,1,46,N,N
5.084017e+02,6.098738e+04,3.626945e+05,0,101,N,N
9.181214e+02,1.958492e+05,5.285197e+06,0,43,N,N
3.769213e+02,3.530343e+04,1.459140e+05,0,42,N,N
9.655712e+02,2.276669e+05,2.328555e+06,2,93,N,N
4.652305e+02,5.050860e+04,3.678375e+05,0,103,N,N
1.091779e+03,2.577247e+05,6.531765e+06,2,85,N,N
1.025908e+03,2.341860e+05,5.220374e+06,1,77,N,N
9.753659e+02,2.403160e+05,5.498961e+06,1,91,N,N
7.965152e+02,1.368923e+05,2.879086e+06,2,87,N,N
9.666227e+02,2.053567e+05,4.235151e+06,1,43,N,N
5.066075e+02,5.403212e+04,3.313363e+05,3,88,N,N
5.489464e+02,7.347305e+04,3.624440e+05,1,45,N,N
4.023024e+02,3.348909e+04,1.186848e+05,3,102,N,N
6.233933e+02,1.008244e+05,1.194415e+06,0,52,N,N
6.312906e+02,9.721019e+04,4.850586e+05,1,53,N,N
4.524089e+02,4.489989e+04,2.083499e+05,1,34,N,N
9.716929e+02,2.214476e+05,4.250090e+06,1,100,N,N
9.485339e+02,2.128284e+05,4.305837e+06,1,93,N,N
5.033322e+02,4.768095e+04,1.919371e+05,2,73,N,N
4.750415e+02,5.763005e+04,3.619155e+05,0,75,N,N
8.989765e+02,2.040654e+05,3.645129e+06,2,83,N,N
4.035908e+02,3.578439e+04,2.488215e+05,1,83,N,N
5.245805e+02,6.225714e+04,2.863452e+05,0,47,N,N
9.898995e+02,2.135103e+05,4.144495e+06,1,36,N,N
6.915344e+02,1.186401e+05,9.394128e+05,0,1,N,N
6.186193e+02,9.171626e+04,8.388262e+05,2,55,N,N
6.525528e+02,1.045016e+05,3.387887e+05,3,76,N,N
5.236184e+02,5.998800e+04,4.739050e+05,0,65,N,N
6.421744e+02,1.065101e+05,1.260918e+06,0,104,N,N
4.693914e+02,4.022332e+04,2.165082e+05,0,6,N,N
4.696774e+02,5.044528e+04,2.206807e+05,0,51,N,N
5.460558e+02,6.787389e+04,3.127288e+05,1,98,N,N
5.632534e+02,6.752181e+04,4.907442e+05,1,80,N,N
9.137714e+02,1.990397e+05,5.021031e+06,0,71,N,N
4.344610e+02,4.010946e+04,8.913244e+04,1,78,N,N
5.849702e+02,8.556279e+04,5.531552e+05,0,90,N,N
6.944851e+02,1.201597e+05,7.494591e+05,3,57,N,N
1.108319e+03,2.572448e+05,5.138573e+06,0,20,N,N
7.197293e+02,1.295770e+05,8.058514e+05,2,57,N,N
7.429357e+02,1.404936e+05,1.465962e+06,2,103,N,N
5.778749e+02,8.316375e+04,1.118410e+06,2,88,N,N
5.802475e+02,7.434170e+04,5.007938e+05,0,82,N,N
7.401441e+02,1.369230e+05,8.383306e+05,3,50,N,N
5.496197e+02,6.204266e+04,4.085646e+05,0,35,N,N
5.543358e+02,7.123212e+04,4.185292e+05,1,85,N,N
6.559074e+02,1.110782e+05,1.454897e+06,0,89,N,N
4.404854e+02,4.036684e+04,1.368693e+05,2,56,N,N
7.140760e+02,1.046759e+05,6.493048e+05,1,79,N,N
4.579987e+02,4.784857e+04,1.540723e+05,0,69,N,N
8.967756e+02,1.992856e+05,3.358411e+06,2,96,N,N
9.124859e+02,1.973153e+05,2.419742e+06,0,87,N,N
6.581181e+02,1.051886e+05,5.599089e+05,0,21,N,N
4.321298e+02,2.460735e+04,1.460989e+05,0,46,N,N
9.879201e+02,2.259818e+05,6.056405e+06,1,89,N,N
8.597856e+02,1.697921e+05,3.380376e+06,1,60,N,N
6.808793e+02,1.184152e+05,9.622990e+05,1,37,N,N
7.500666e+02,1.218351e+05,1.174606e+06,1,76,N,N
9.653076e+02,2.101707e+05,2.787146e+06,3,67,N,N
5.922148e+02,8.317677e+04,4.244333e+05,0,44,N,N
8.978112e+02,1.918113e+05,5.277093e+06,1,101,N,N
4.104570e+02,2.949737e+04,1.150668e+05,1,74,N,N
4.407376e+02,3.821149e+04,1.528563e+05,2,74,N,N
8.101825e+02,1.573728e+05,4.154230e+06,1,25,N,N
6.569818e+02,1.020284e+05,4.069283e+05,3,94,N,N
9.469423e+02,2.149193e+05,5.080532e+06,1,68,N,N
4.153145e+02,4.163054e+04,2.076613e+05,3,58,N,N
7.875290e+02,1.497276e+05,2.711912e+06,0,31,N,N
4.065308e+02,4.052087e+04,1.828015e+05,3,52,N,N
4.522827e+02,4.907162e+04,1.210272e+05,0,33,N,N
4.646243e+02,5.218274e+04,2.515236e+05,2,90,N,N
2.706268e+02,1.705263e+04,6.658668e+04,1,42,N,N
7.516562e+02,9.833979e+04,2.241143e+05,1,50,N,N
4.941226e+02,5.945452e+04,2.316683e+05,1,102,N,N
5.419471e+02,7.039274e+04,4.840278e+05,3,73,N,N
4.172860e+02,4.171605e+04,2.530562e+05,2,77,N,N
4.322611e+02,4.020361e+04,1.792420e+05,3,65,N,N
6.068637e+02,8.952131e+04,3.659772e+05,0,57,N,N
6.550180e+02,1.080310e+05,6.147047e+05,1,51,N,N
6.572030e+02,1.091604e+05,8.194449e+05,3,51,N,N
7.755893e+02,1.522572e+05,1.422707e+06,0,66,N,N
5.940546e+02,9.078072e+04,1.106467e+06,0,60,N,N
4.093133e+02,4.074733e+04,1.290408e+05,2,12,N,N
7.069606e+02,1.278549e+05,1.215889e+06,1,66,N,N
1.006332e+03,2.410078e+05,5.291256e+06,2,95,N,N
3.913899e+02,3.319997e+04,8.974000e+04,1,44,N,N
5.281652e+02,7.031972e+04,4.098202e+05,3,87,N,N
9.620763e+02,1.707013e+05,6.479264e+06,1,71,N,N
4.714827e+02,4.825824e+04,4.681087e+05,2,86,N,N
8.909648e+02,1.865470e+05,2.599285e+06,0,37,N,N
7.165040e+02,1.282725e+05,9.251825e+05,1,41,N,N
5.223319e+02,6.985587e+04,5.366650e+05,3,82,N,N
8.642714e+02,1.896279e+05,2.586383e+06,2,89,N,N
4.562589e+02,4.795241e+04,3.079587e+05,0,50,N,N
6.804976e+02,1.200770e+05,1.893354e+06,2,101,N,N
4.187115e+02,4.427848e+04,1.853184e+05,0,29,N,N
5.766431e+02,7.181233e+04,3.459227e+05,0,81,N,N
9.813325e+02,2.354978e+05,1.632612e+06,1,97,N,N
1.005750e+03,2.117989e+05,2.689724e+06,1,67,N,N
3.823890e+02,2.982120e+04,2.321057e+04,0,78,N,N
9.541056e+02,2.158614e+05,2.013143e+06,2,78,N,N
8.478632e+02,1.711944e+05,1.497501e+06,2,47,N,N
3.619317e+02,3.302483e+04,1.564208e+05,2,63,N,N
5.756685e+02,6.025476e+04,1.806288e+05,0,72,N,N
9.781220e+02,2.081997e+05,1.292930e+06,0,9,N,N
9.662673e+02,2.133731e+05,5.561554e+06,3,85,N,N
5.326182e+02,4.762666e+04,1.836969e+05,2,70,N,N
1.115697e+03,2.558238e+05,4.221473e+06,2,59,N,N
3.408425e+02,2.943217e+04,8.899158e+04,1,12,N,N
9.956646e+02,2.392597e+05,5.220080e+06,3,83,N,N
3.540430e+02,2.848923e+04,1.045746e+05,0,62,N,N
7.427961e+02,1.250687e+05,1.055256e+06,3,64,N,N
5.915597e+02,8.904946e+04,8.935914e+05,2,69,N,N
9.534287e+02,2.097510e+05,2.605356e+06,1,47,N,N
1.208267e+03,2.912521e+05,3.489500e+06,1,75,N,N
5.223035e+02,5.250500e+04,2.282342e+05,1,59,N,N
4.913018e+02,5.574712e+04,1.758627e+05,0,12,N,N
6.147245e+02,9.407714e+04,9.234956e+05,0,40,N,N
9.215651e+02,1.985579e+05,5.851062e+06,0,64,N,N
6.529329e+02,1.087209e+05,7.692400e+05,3,66,N,N
7.981020e+02,1.579791e+05,1.146928e+06,1,72,N,N
5.182163e+02,4.804171e+04,1.537591e+05,0,4,N,N
9.541482e+02,2.146292e+05,4.705958e+06,2,50,N,N
7.682737e+02,1.515335e+05,1.609557e+06,0,61,N,N
6.262477e+02,1.004019e+05,1.011057e+06,3,60,N,N
4.920144e+02,4.906748e+04,1.026365e+05,3,75,N,N
6.346458e+02,8.973170e+04,3.745485e+05,1,62,N,N
5.036933e+02,5.391677e+04,2.150470e+05,2,80,N,N
8.623922e+02,1.826115e+05,4.760382e+06,0,91,N,N
3.722984e+02,3.042214e+04,8.042572e+04,1,95,N,N
7.177473e+02,1.275671e+05,9.764601e+05,1,103,N,N
3.302537e+02,2.053758e+04,1.192190e+05,0,68,N,N
5.031330e+02,6.125063e+04,2.952778e+05,2,104,N,N
4.686839e+02,5.452929e+04,2.690693e+05,2,52,N,N
8.530364e+02,1.845005e+05,3.590613e+06,3,89,N,N
6.163813e+02,7.639855e+04,2.825527e+05,0,30,N,N
7.071007e+02,1.289600e+05,1.422004e+06,3,104,N,N
5.130239e+02,6.532334e+04,3.591976e+05,0,45,N,N
4.855365e+02,4.195953e+04,1.227334e+05,1,70,N,N
9.020331e+02,1.875708e+05,4.060008e+06,1,99,N,N
1.129743e+03,2.949599e+05,8.015195e+06,2,98,N,N
3.877373e+02,3.757906e+04,1.216619e+05,0,19,N,N
3.833679e+02,3.242088e+04,1.147875e+05,3,69,N,N
5.949628e+02,8.634880e+04,5.278224e+05,0,24,N,N
4.502054e+02,2.380055e+04,4.501335e+04,3,70,N,N
9.660580e+02,2.182703e+05,4.286701e+06,2,100,N,N
5.892138e+02,8.406915e+04,5.536422e+05,3,103,N,N
1.094627e+03,2.843081e+05,5.639531e+06,0,93,N,N
9.215068e+02,1.928953e+05,5.425282e+06,3,71,N,N
4.419549e+02,4.621976e+04,7.769681e+04,3,53,N,N
9.265560e+02,2.022843e+05,5.300459e+06,3,54,N,N
1.012983e+03,2.502874e+05,5.367570e+06,3,100,N,N
4.661157e+02,4.762834e+04,1.968300e+05,0,77,N,N
5.989303e+02,9.058832e+04,6.439215e+05,2,48,N,N
4.343027e+02,4.132001e+04,2.134298e+05,3,74,N,N
1.091775e+03,2.533526e+05,2.821557e+06,0,41,N,N
3.792724e+02,2.966509e+04,7.605550e+04,3,84,N,N
6.881711e+02,1.209139e+05,1.509832e+06,0,7,N,N
4.902451e+02,5.522665e+04,2.185168e+05,2,65,N,N
3.455358e+02,2.411841e+04,4.797077e+04,0,5,N,N
6.749450e+02,1.139197e+05,1.033444e+06,2,49,N,N
