7.757882e+07,5.107683e+14,5.702019e+07,2.508074e+06,-2.993290e+13,5.622695e+13,-2.712537e+13,3.156079e+07,5.489759e+14,1.262846e+08,1.717757e+07,-7.993206e+14,-4.020996e+14,-7.611971e+14,5.415111e+07,2.186352e+15,1.564184e+07,4.739811e+06,3.640774e+13,2.235854e+13,1.239067e+13,3,72
7.767843e+07,8.365516e+14,7.322099e+06,9.400601e+05,-1.168212e+12,1.743807e+13,-4.146013e+11,2.824659e+07,4.256004e+14,1.219532e+08,1.612656e+07,-6.951138e+14,-3.273685e+14,-7.352782e+14,5.706409e+07,2.451085e+15,1.488248e+06,2.288186e+05,2.629832e+10,4.127259e+12,-1.405173e+11,3,93
8.714619e+07,3.545203e+14,4.615572e+06,2.747989e+04,-7.483619e+09,-1.301460e+11,-6.905363e+09,3.631392e+07,1.028653e+15,1.353638e+08,1.505292e+07,-6.794875e+14,-4.827861e+14,-6.789049e+14,5.507359e+07,2.584206e+15,1.003799e+07,1.578003e+06,3.329946e+11,-3.118089e+13,9.345455e+11,0,26
6.467348e+07,2.518252e+14,1.350416e+07,8.305360e+06,-8.771975e+13,1.313877e+14,-9.047197e+13,2.863378e+07,4.077373e+14,1.242321e+08,1.754000e+07,-8.183666e+14,-3.541765e+14,-8.107292e+14,4.448301e+07,1.473263e+15,2.906902e+07,3.264176e+06,-3.165245e+13,-1.246661e+14,-4.815170e+11,3,96
7.690067e+07,6.691778e+14,1.094157e+07,1.027129e+07,-8.381763e+13,2.078844e+14,-3.292658e+13,2.948933e+07,4.734048e+14,1.495234e+08,1.878347e+07,-9.836255e+14,-4.059672e+14,-6.923730e+14,5.535174e+07,2.260665e+15,1.285406e+07,7.026238e+05,2.072247e+12,3.303304e+13,2.949674e+11,1,55
8.375549e+07,5.182293e+14,4.046479e+06,2.566469e+06,5.740678e+11,3.810644e+13,1.311399e+12,3.355877e+07,7.554438e+14,1.407781e+08,1.688398e+07,-7.675862e+14,-4.437958e+14,-7.897504e+14,5.627301e+07,2.535157e+15,5.419267e+06,1.894299e+06,6.066213e+12,9.150624e+13,2.379863e+12,3,90
7.285140e+07,5.406562e+14,1.723319e+06,9.334923e+06,3.530569e+13,2.167098e+14,4.669476e+13,2.897673e+07,4.288982e+14,1.145394e+08,1.431997e+07,-5.549691e+14,-2.869128e+14,-5.841640e+14,5.221985e+07,2.081044e+15,2.304535e+07,5.891573e+06,4.644473e+13,8.941123e+13,-1.737559e+13,1,5
8.397415e+07,4.230806e+14,2.157940e+06,7.698888e+06,-3.044434e+13,1.228491e+14,3.019884e+12,3.720217e+07,7.272248e+14,1.195839e+08,1.477058e+07,-6.205911e+14,-3.975028e+14,-4.778877e+14,5.704475e+07,2.618746e+15,7.623691e+06,2.865141e+06,1.328196e+13,1.462760e+14,9.389431e+12,0,27
8.261452e+07,3.675108e+14,9.971119e+05,1.185469e+06,-2.261600e+11,1.035798e+13,1.544006e+11,3.453001e+07,8.667151e+14,1.535689e+08,1.794442e+07,-9.246049e+14,-5.202630e+14,-7.528793e+14,5.359580e+07,2.320940e+15,2.393344e+07,3.130445e+06,-2.697681e+13,-1.488006e+14,-1.863632e+13,0,28
7.465466e+07,2.505575e+14,3.592436e+07,3.346420e+07,-1.146243e+15,5.290666e+14,-1.196645e+15,3.437811e+07,6.125946e+14,1.481587e+08,2.168739e+07,-1.212598e+15,-5.337767e+14,-1.257303e+15,4.992009e+07,1.766983e+15,3.863162e+07,4.146393e+06,9.575717e+12,3.655918e+13,-3.996139e+13,0,67
5.233901e+07,3.034023e+14,2.686148e+07,4.547849e+06,-4.916247e+13,7.817325e+13,-5.477041e+13,2.139430e+07,1.878639e+14,1.274363e+08,1.679911e+07,-6.978100e+14,-2.166878e+14,-7.059099e+14,3.863679e+07,9.751726e+14,4.691841e+07,5.958301e+06,-6.308041e+13,-1.656656e+14,-4.877446e+13,3,91
7.019261e+07,3.811003e+14,3.310443e+07,1.437372e+07,-2.790169e+14,2.714802e+14,-2.828808e+14,3.191932e+07,3.548280e+14,9.505709e+07,1.710316e+07,-6.455611e+14,-3.062116e+14,-6.614524e+14,5.137686e+07,1.968989e+15,1.731837e+07,1.907372e+06,-1.086562e+13,-8.267754e+13,3.044726e+12,0,16
8.082642e+07,5.915330e+14,7.935061e+06,1.022357e+07,-7.451116e+13,2.485532e+14,-2.198462e+13,3.297181e+07,5.546701e+14,1.265781e+08,1.831861e+07,-8.760097e+14,-4.287533e+14,-8.039996e+14,5.727714e+07,2.433270e+15,1.187973e+07,2.022824e+06,8.892449e+12,9.742271e+13,5.474958e+11,3,99
5.925376e+07,4.033863e+14,1.503977e+07,4.143430e+06,-3.267836e+13,8.320233e+13,-3.671978e+13,2.287301e+07,2.701214e+14,1.197069e+08,1.551316e+07,-6.683123e+14,-2.548474e+14,-7.063061e+14,4.282471e+07,1.325548e+15,2.858807e+07,3.851810e+06,-3.962900e+13,-1.398407e+14,-2.278312e+13,3,78
6.690705e+07,1.883042e+14,3.014629e+06,2.459255e+06,-6.484132e+12,3.279593e+13,-6.464194e+12,2.997527e+07,5.406394e+14,1.452153e+08,1.771231e+07,-8.884568e+14,-4.092623e+14,-8.769975e+14,4.366160e+07,1.434333e+15,6.056382e+07,7.072466e+06,-1.453885e+14,-2.667705e+14,-9.172287e+13,2,102
7.869565e+07,4.625356e+14,3.194937e+05,9.680601e+05,1.937294e+10,1.047245e+13,-4.947025e+10,3.304022e+07,5.857280e+14,1.340163e+08,1.732499e+07,-8.298938e+14,-4.179714e+14,-8.741223e+14,5.450988e+07,2.336356e+15,1.976042e+07,2.532492e+06,-1.787975e+13,-1.224010e+14,-5.310936e+12,0,22
8.251009e+07,5.181239e+14,3.608058e+06,9.854560e+05,1.470441e+12,2.178551e+13,2.409403e+12,3.297103e+07,7.228698e+14,1.457891e+08,1.736690e+07,-8.736821e+14,-4.668018e+14,-8.195066e+14,5.563496e+07,2.490413e+15,1.793805e+06,1.287433e+06,1.795068e+12,5.777684e+13,-8.475605e+11,1,84
8.081898e+07,5.445129e+14,7.708269e+06,1.119234e+07,1.032845e+14,2.222878e+14,-1.036960e+13,3.206690e+07,6.473890e+14,1.350361e+08,1.714086e+07,-8.236359e+14,-4.358885e+14,-7.922365e+14,5.538355e+07,2.458974e+15,1.180231e+07,7.239746e+06,6.394340e+13,3.333984e+14,-1.950523e+13,2,82
6.949385e+07,1.873620e+14,1.377894e+06,1.250333e+07,-2.220807e+13,1.560158e+14,-7.037208e+12,3.106440e+07,6.212004e+14,1.203468e+08,1.478077e+07,-6.089531e+14,-3.644080e+14,-6.863125e+14,4.464779e+07,1.538812e+15,4.489418e+07,6.836287e+06,-4.630558e+12,-7.664600e+13,9.563834e+12,3,68
8.808504e+07,8.310511e+14,9.037524e+06,2.009020e+07,2.120714e+14,5.790032e+14,8.735866e+13,3.371787e+07,6.608192e+14,1.379552e+08,1.830418e+07,-9.197519e+14,-4.704781e+14,-1.026866e+15,6.250245e+07,3.047158e+15,3.391439e+07,1.519912e+07,3.447871e+14,8.135858e+14,2.861704e+14,3,80
7.017729e+07,6.893402e+14,5.067340e+06,7.908393e+06,-4.877326e+13,1.996301e+14,-3.085477e+13,2.640578e+07,3.282640e+14,1.110640e+08,1.588922e+07,-6.543110e+14,-2.820878e+14,-6.415060e+14,5.208924e+07,1.938728e+15,1.029929e+07,1.315068e+06,1.202878e+12,3.073525e+13,-4.561431e+12,1,10
8.363490e+07,7.875539e+14,1.927200e+06,8.452427e+06,2.058137e+13,2.334916e+14,1.215127e+13,3.207302e+07,5.589478e+14,1.499273e+08,2.035761e+07,-1.064792e+15,-4.668849e+14,-1.080964e+15,5.999417e+07,2.723382e+15,1.412407e+07,5.061090e+06,4.193701e+13,2.629353e+14,2.163114e+13,0,56
9.977185e+07,2.159146e+14,3.431327e+06,2.215698e+06,1.890933e+12,2.618783e+13,2.352795e+12,4.636759e+07,1.512948e+15,1.345536e+08,1.569319e+07,-7.209218e+14,-6.102961e+14,-8.035499e+14,6.103102e+07,3.199321e+15,4.814302e+06,2.093911e+06,5.807863e+12,6.250928e+13,-2.174087e+12,1,86
9.876437e+07,5.267053e+14,6.734977e+07,1.524562e+05,-3.180443e+11,2.952923e+12,-4.834247e+11,4.619714e+07,8.941537e+14,1.255891e+08,2.118403e+07,-1.034290e+15,-6.203382e+14,-1.044560e+15,6.887164e+07,3.726575e+15,3.425959e+06,7.934459e+06,4.040281e+13,4.164681e+14,2.985689e+13,1,73
6.241050e+07,1.518377e+14,3.875112e+06,1.560018e+07,-1.164757e+14,1.919071e+14,-6.085242e+13,2.821872e+07,4.788585e+14,1.563428e+08,1.700741e+07,-8.751649e+14,-3.714641e+14,-8.117259e+14,4.053424e+07,1.169084e+15,8.591055e+07,1.056572e+07,-7.864859e+13,-1.246655e+14,3.144257e+13,1,40
1.280115e+08,2.072974e+14,7.718189e+06,1.798620e+07,1.740848e+14,2.171544e+14,9.176343e+13,6.317388e+07,2.554376e+15,3.920391e+08,4.529922e+07,-6.030385e+15,-2.288141e+15,-5.351919e+15,7.757012e+07,4.645649e+15,6.418221e+07,2.275454e+07,7.352150e+14,1.011751e+15,4.832392e+14,2,76
7.502191e+07,1.660928e+14,1.789958e+06,7.856722e+06,2.945266e+13,9.207136e+13,4.320762e+11,3.511717e+07,7.383046e+14,1.702032e+08,1.939672e+07,-1.106617e+15,-5.248894e+14,-9.934257e+14,4.793716e+07,1.815577e+15,5.615106e+07,1.352688e+07,2.388233e+14,2.233859e+14,2.341342e+14,0,76
5.823602e+07,3.505502e+14,4.636126e+03,5.876999e+06,-5.962428e+11,5.119789e+13,2.992374e+11,2.273117e+07,2.931248e+14,1.197060e+08,1.380444e+07,-5.579014e+14,-2.356009e+14,-6.403490e+14,4.134576e+07,1.260954e+15,3.897049e+07,6.327414e+06,-2.182856e+13,-1.023698e+14,6.332591e+12,2,53
8.246651e+07,7.722861e+14,2.022809e+07,3.390702e+06,1.355894e+13,8.538468e+13,3.409981e+13,3.107037e+07,5.667256e+14,1.284156e+08,1.641304e+07,-7.340925e+14,-3.833360e+14,-5.798624e+14,5.870633e+07,2.642574e+15,2.473781e+07,5.690814e+06,6.117495e+13,1.695851e+14,9.262141e+13,1,65
5.016476e+07,2.466331e+14,8.185030e+06,7.257945e+06,-5.594103e+13,1.097085e+14,-3.194019e+13,2.053139e+07,1.944932e+14,1.200616e+08,1.364474e+07,-5.404561e+14,-1.869127e+14,-4.883239e+14,3.621868e+07,8.857025e+14,4.618902e+07,4.601678e+06,-5.885123e+13,-1.151445e+14,-1.468854e+13,0,32
9.548281e+07,6.565061e+14,3.583615e+06,1.844267e+07,-1.211118e+14,4.486216e+14,-1.626139e+14,3.979844e+07,9.272315e+14,1.137269e+08,1.639095e+07,-6.920886e+14,-4.938690e+14,-7.693587e+14,6.536960e+07,3.309218e+15,3.379661e+07,8.330094e+06,1.387713e+14,4.409408e+14,1.640826e+14,3,98
7.080871e+07,7.260494e+14,7.915653e+06,5.634327e+06,-3.603964e+13,1.501006e+14,-4.740445e+13,2.714512e+07,2.979614e+14,9.857753e+07,1.557506e+07,-6.049495e+14,-2.653825e+14,-6.702737e+14,5.372118e+07,2.063370e+15,9.133518e+06,4.910658e+05,7.511534e+11,2.108144e+13,-1.174956e+11,0,10
9.024647e+07,8.555994e+14,4.775149e+06,1.235465e+07,3.940422e+13,3.613803e+14,1.288713e+14,3.505009e+07,6.787857e+14,1.202438e+08,1.690413e+07,-7.585880e+14,-4.389772e+14,-6.493103e+14,6.424600e+07,3.131399e+15,2.424433e+07,6.284769e+06,7.730199e+13,3.478878e+14,4.822238e+13,2,99
6.580472e+07,3.151396e+14,6.675833e+05,6.860351e+06,1.043818e+13,5.541390e+13,2.464383e+11,2.688411e+07,4.484595e+14,1.312545e+08,1.457508e+07,-5.663481e+14,-2.821195e+14,-5.866915e+14,4.463142e+07,1.563215e+15,3.661232e+07,6.004436e+06,1.936634e+13,-1.010437e+13,2.891950e+13,3,61
9.857176e+07,3.669885e+14,7.822852e+06,4.063281e+05,7.237311e+11,7.781589e+12,7.753275e+11,4.253742e+07,1.361419e+15,1.548720e+08,1.867296e+07,-1.004140e+15,-6.889793e+14,-9.947458e+14,6.167535e+07,3.170421e+15,1.379398e+07,2.608358e+06,1.147143e+13,4.291479e+13,1.690275e+13,3,95
7.564990e+07,7.166046e+14,9.090914e+06,9.875065e+06,-8.402061e+13,2.274577e+14,-3.642450e+13,2.837983e+07,4.256789e+14,1.462534e+08,1.825528e+07,-9.324333e+14,-3.742814e+14,-7.128070e+14,5.514646e+07,2.257105e+15,1.358753e+07,8.494290e+05,2.885651e+12,3.853818e+13,1.077203e+12,0,55
6.290621e+07,5.979277e+14,2.295597e+06,8.090310e+05,1.022182e+12,-1.492158e+12,-3.305301e+11,2.283775e+07,2.440552e+14,1.011181e+08,1.124908e+07,-3.791375e+14,-1.751857e+14,-3.929583e+14,4.729020e+07,1.612408e+15,3.396318e+07,3.604487e+06,-3.772677e+13,-1.447358e+14,-2.982815e+13,2,66
8.188164e+07,6.707544e+14,3.730717e+05,6.290295e+06,9.161283e+12,1.541500e+14,9.900252e+12,3.304660e+07,5.277276e+14,1.440233e+08,1.919095e+07,-9.752884e+14,-4.303129e+14,-9.790958e+14,5.893052e+07,2.653495e+15,1.637786e+07,5.031820e+06,4.562822e+13,2.329961e+14,5.610821e+13,3,56
8.322776e+07,4.569487e+14,7.495353e+06,2.585888e+05,2.733165e+11,3.592163e+12,1.510994e+11,3.364852e+07,7.986087e+14,1.387394e+08,1.608765e+07,-7.579925e+14,-4.537474e+14,-7.048322e+14,5.501929e+07,2.458908e+15,1.596972e+06,9.172923e+05,9.925049e+11,3.478587e+13,-2.376225e+11,2,84
6.287809e+07,3.602588e+14,2.168337e+07,6.573534e+06,-7.537418e+13,1.241569e+14,-7.415184e+13,2.534257e+07,3.506145e+14,1.213246e+08,1.616856e+07,-7.088801e+14,-3.003651e+14,-6.463384e+14,4.423303e+07,1.440673e+15,2.950280e+07,3.911683e+06,-4.091871e+13,-1.484500e+14,-1.734971e+13,2,92
7.906157e+07,3.923234e+14,2.575220e+07,1.373316e+04,-2.769321e+09,1.796640e+11,-1.629650e+09,3.215992e+07,7.467930e+14,1.355892e+08,1.592300e+07,-6.396721e+14,-3.980523e+14,-7.071085e+14,5.190002e+07,2.209017e+15,8.686191e+05,1.629583e+06,1.861330e+12,7.658433e+13,2.953163e+11,2,62
6.943717e+07,2.978325e+14,5.367797e+06,8.505739e+06,5.732779e+13,1.437392e+14,6.709784e+13,2.845865e+07,5.649006e+14,1.291136e+08,1.389659e+07,-5.862444e+14,-3.294222e+14,-6.162649e+14,4.569362e+07,1.682298e+15,3.943763e+07,9.297615e+06,1.259147e+14,1.235255e+14,5.516820e+13,0,83
6.804457e+07,2.891535e+14,5.606558e+05,4.046418e+06,-6.064261e+12,6.778381e+13,-3.475645e+12,2.790459e+07,5.357744e+14,1.342339e+08,1.466668e+07,-6.503472e+14,-3.394164e+14,-6.215231e+14,4.490905e+07,1.619988e+15,3.941166e+07,5.649718e+06,-8.767901e+12,-8.037584e+13,8.240883e+12,1,57
6.728069e+07,3.116827e+14,3.047217e+06,7.392259e+05,7.962899e+11,-2.157168e+12,7.925002e+11,3.011580e+07,3.863045e+14,1.876321e+08,2.084213e+07,-1.210836e+15,-3.953842e+14,-1.191609e+15,4.762625e+07,1.569928e+15,6.676239e+07,7.215200e+06,-1.483290e+14,-2.457449e+14,-1.647857e+14,3,59
8.761932e+07,6.313616e+14,1.055353e+07,3.945720e+06,2.537190e+13,9.741788e+13,1.096259e+13,3.438042e+07,7.927844e+14,1.399525e+08,1.613296e+07,-7.609334e+14,-4.521414e+14,-7.693385e+14,5.946354e+07,2.834452e+15,7.412653e+06,4.431655e+06,2.539973e+13,2.301273e+14,1.088111e+13,0,11
1.054545e+08,6.320553e+14,1.631725e+07,2.298855e+06,8.356214e+12,4.812354e+13,1.252679e+13,4.333273e+07,1.377758e+15,1.362413e+08,1.675652e+07,-7.558841e+14,-6.020756e+14,-7.188211e+14,6.833695e+07,3.872187e+15,1.349291e+07,4.703615e+06,3.664140e+13,2.277304e+14,4.708697e+13,0,13
5.883381e+07,5.659567e+14,2.098585e+07,2.362407e+06,-1.204258e+13,5.178291e+13,-1.035976e+13,2.352358e+07,1.338726e+14,8.845469e+07,1.557726e+07,-5.669546e+14,-1.788392e+14,-5.857264e+14,4.726423e+07,1.543338e+15,2.674708e+06,1.269890e+06,1.734501e+12,-1.377750e+13,3.652183e+11,1,64
7.795783e+07,8.289440e+14,5.660355e+07,8.933950e+04,-1.193949e+11,1.930443e+12,-1.257727e+11,3.173950e+07,3.213702e+14,9.444144e+07,1.611099e+07,-6.071419e+14,-2.746110e+14,-6.580676e+14,6.034361e+07,2.629739e+15,4.123313e+06,3.877592e+06,2.553013e+12,1.901304e+14,-1.887456e+12,1,35
6.351572e+07,3.373993e+14,1.393116e+07,5.217771e+06,-4.243114e+13,9.546165e+13,-3.433939e+13,2.615726e+07,3.616106e+14,1.274148e+08,1.597696e+07,-7.204580e+14,-3.035649e+14,-6.888798e+14,4.452115e+07,1.488975e+15,3.944372e+07,4.388576e+06,-5.428596e+13,-1.670898e+14,-2.415846e+13,0,8
1.155315e+08,3.375001e+14,4.774085e+07,4.553420e+05,-9.534895e+11,-7.767145e+12,-9.303069e+11,5.265625e+07,2.012329e+15,1.336920e+08,1.538200e+07,-6.969127e+14,-6.889752e+14,-7.791559e+14,7.096076e+07,4.352177e+15,6.632564e+06,3.192141e+06,1.354944e+13,1.194614e+14,-3.308417e+12,0,86
8.410353e+07,3.555590e+14,2.102552e+07,2.601219e+06,1.895297e+13,4.733233e+13,1.737476e+13,3.504990e+07,9.182151e+14,1.349333e+08,1.517772e+07,-6.866685e+14,-4.598447e+14,-6.874380e+14,5.380156e+07,2.408519e+15,9.812099e+06,6.675733e+06,5.374469e+13,2.682611e+14,4.704194e+12,1,63
5.793571e+07,3.195223e+14,3.273415e+07,1.937355e+06,-1.533200e+13,3.429558e+13,-1.285114e+13,2.341684e+07,2.805567e+14,1.286168e+08,1.597931e+07,-6.432408e+14,-2.471976e+14,-6.936035e+14,4.128690e+07,1.193693e+15,2.811924e+07,4.535025e+06,9.976008e+12,-8.100178e+13,-3.205953e+12,2,51
7.362699e+07,4.038868e+14,3.239956e+06,7.594384e+05,8.019192e+11,-3.942519e+12,1.625331e+12,2.993751e+07,5.705978e+14,1.446700e+08,1.706964e+07,-8.470963e+14,-4.072645e+14,-9.627011e+14,4.988561e+07,1.911995e+15,2.785968e+07,3.755095e+06,-3.751273e+13,-1.638558e+14,-3.566420e+13,3,48
7.913088e+07,4.365495e+14,1.345591e+07,2.728558e+07,5.228042e+14,5.692592e+14,5.501548e+14,3.193463e+07,6.953621e+14,1.307394e+08,1.508729e+07,-6.524277e+14,-3.906107e+14,-6.257207e+14,5.282714e+07,2.227496e+15,3.512612e+07,2.204924e+07,6.077209e+14,9.742333e+14,-1.678362e+14,0,14
4.717976e+07,1.216306e+14,5.637619e+06,1.704428e+07,-1.637150e+14,1.861574e+14,-9.196365e+13,2.162219e+07,2.111666e+14,1.450049e+08,1.512707e+07,-7.051902e+14,-2.184980e+14,-6.414509e+14,3.264848e+07,6.608092e+14,9.895505e+07,1.249621e+07,-7.537934e+13,-7.872992e+13,5.477147e+13,1,54
7.551629e+07,4.521361e+14,9.535923e+05,5.347261e+06,5.883996e+12,1.125685e+14,-2.261636e+12,3.004760e+07,5.871328e+14,1.435201e+08,1.657683e+07,-7.945597e+14,-3.969480e+14,-8.080728e+14,5.128814e+07,2.067415e+15,2.585099e+07,5.309435e+06,2.511491e+13,2.000256e+13,1.973901e+13,1,52
8.236832e+07,3.843439e+14,7.322540e+06,2.427736e+06,8.827561e+12,4.669199e+13,8.346975e+12,3.383793e+07,8.419670e+14,1.335882e+08,1.508221e+07,-6.743166e+14,-4.366074e+14,-6.967023e+14,5.335545e+07,2.359217e+15,1.375870e+07,5.155253e+06,3.902144e+13,1.275411e+14,2.259132e+13,0,63
9.466827e+07,5.211799e+14,1.114996e+05,4.022796e+06,-1.574249e+12,9.183052e+13,-3.778131e+12,3.889887e+07,1.086736e+15,1.595597e+08,1.901761e+07,-1.043231e+15,-6.243415e+14,-1.031410e+15,6.172659e+07,3.124876e+15,4.768490e+06,1.476533e+06,3.745122e+12,8.075548e+13,-8.841075e+11,3,101
5.163682e+07,2.914812e+14,1.867305e+07,2.839436e+06,-1.699432e+13,4.615868e+13,-1.699915e+13,2.122915e+07,1.817296e+14,1.223381e+08,1.621731e+07,-6.471039e+14,-2.036238e+14,-6.262711e+14,3.822649e+07,9.537554e+14,4.397990e+07,5.965069e+06,-4.399469e+13,-1.453589e+14,-4.120494e+13,2,91
1.069456e+08,7.339946e+14,2.677557e+07,1.691258e+06,-1.127815e+13,4.541243e+13,-9.443238e+12,4.325019e+07,1.406440e+15,1.538938e+08,1.881502e+07,-8.173844e+14,-6.282550e+14,-1.102168e+15,7.015489e+07,4.065501e+15,2.542104e+06,2.036628e+05,1.308530e+11,3.998828e+12,1.466572e+11,3,49
6.604634e+07,2.066048e+14,2.616637e+06,4.261409e+05,-1.139703e+11,3.295889e+12,-1.156556e+11,2.906369e+07,5.175539e+14,1.384932e+08,1.660783e+07,-7.797515e+14,-3.718281e+14,-7.790839e+14,4.331677e+07,1.414031e+15,5.884251e+07,7.232017e+06,-1.193256e+14,-2.400191e+14,-1.071246e+14,0,102
7.960642e+07,4.369758e+14,1.528201e+06,5.210960e+06,-2.071609e+11,1.059596e+14,1.741864e+13,3.270914e+07,6.784973e+14,1.415909e+08,1.698172e+07,-8.303050e+14,-4.415531e+14,-7.372843e+14,5.359846e+07,2.300002e+15,8.592576e+06,2.889207e+06,1.116577e+13,7.043801e+13,-4.357938e+12,1,0
8.035865e+07,6.563873e+14,2.172028e+06,1.216677e+06,1.788731e+12,2.553143e+13,6.925275e+11,3.359059e+07,4.494611e+14,1.523554e+08,2.229189e+07,-1.299074e+15,-4.724000e+14,-1.321362e+15,5.918098e+07,2.571536e+15,2.336098e+07,7.945777e+06,6.245934e+13,7.149846e+13,3.974059e+13,0,36
9.071830e+07,5.237663e+14,3.315646e+05,1.581084e+06,-9.899862e+11,-5.297778e+12,-1.129355e+12,3.727320e+07,9.499134e+14,1.431753e+08,1.735964e+07,-8.592925e+14,-5.329606e+14,-6.727988e+14,6.007509e+07,2.980816e+15,1.402318e+06,3.390933e+05,8.447086e+10,9.471152e+12,-2.120913e+11,0,18
7.928086e+07,1.017474e+15,1.442369e+07,1.727917e+07,2.662234e+14,5.401502e+14,2.835770e+14,3.066958e+07,2.797176e+14,1.249276e+08,1.945133e+07,-9.585574e+14,-3.253170e+14,-8.907675e+14,6.256465e+07,2.794628e+15,1.199075e+07,2.132969e+07,3.264432e+14,1.110000e+15,3.610177e+14,2,97
9.125364e+07,4.543017e+14,9.617602e+06,5.459584e+06,3.610108e+13,1.158750e+14,2.819719e+13,4.201854e+07,7.848021e+14,1.438674e+08,2.074491e+07,-1.099445e+15,-5.638517e+14,-1.095170e+15,6.332709e+07,3.192443e+15,3.259903e+07,1.779859e+07,4.179597e+14,7.551614e+14,3.883776e+14,2,79
8.849963e+07,5.463824e+14,5.696845e+06,2.292422e+06,-8.039634e+12,5.677647e+12,-8.571432e+11,3.589661e+07,8.569307e+14,1.404857e+08,1.674985e+07,-7.307148e+14,-4.581613e+14,-5.377325e+14,5.926507e+07,2.830834e+15,1.905969e+07,4.776834e+06,2.695590e+13,3.582473e+13,3.587164e+13,3,79
1.008647e+08,2.219773e+14,4.235523e+06,1.722917e+06,1.434553e+12,1.931923e+13,1.578313e+12,4.573959e+07,1.632613e+15,1.436252e+08,1.647868e+07,-8.015196e+14,-6.656894e+14,-8.799227e+14,6.058637e+07,3.151341e+15,4.057035e+06,2.118371e+06,5.747876e+12,7.445871e+13,-8.969305e+11,3,86
5.521281e+07,4.334013e+14,1.751032e+07,6.697512e+05,-2.284879e+12,-6.199854e+12,-2.412401e+12,2.099359e+07,1.827939e+14,1.209881e+08,1.541254e+07,-6.640810e+14,-2.081073e+14,-7.666789e+14,4.179543e+07,1.194392e+15,1.860385e+07,5.279298e+06,2.004269e+13,-4.643688e+13,3.573379e+13,1,94
7.394767e+07,3.572358e+14,1.507430e+06,1.978914e+06,6.961341e+11,1.591355e+13,-3.695466e+11,3.068708e+07,6.067673e+14,1.467669e+08,1.718834e+07,-8.607384e+14,-4.228153e+14,-7.517089e+14,4.939734e+07,1.876237e+15,3.466310e+07,4.567184e+06,-4.825669e+13,-1.693003e+14,-3.483817e+13,1,48
9.457559e+07,5.583618e+14,1.152647e+06,2.560747e+07,1.228518e+14,6.042580e+14,6.872398e+13,3.969464e+07,9.774447e+14,1.164907e+08,1.618501e+07,-7.021754e+14,-5.058220e+14,-7.276434e+14,6.332255e+07,3.144718e+15,3.641905e+07,1.452252e+07,3.337906e+14,8.013538e+14,2.547202e+14,0,98
6.649511e+07,2.566958e+14,6.232014e+05,7.092084e+06,1.386014e+13,1.099805e+14,9.589492e+12,2.854982e+07,5.015911e+14,1.387571e+08,1.516649e+07,-6.404798e+14,-3.222162e+14,-6.087926e+14,4.421790e+07,1.510715e+15,5.531428e+07,1.104812e+07,1.381057e+14,8.744812e+13,1.398950e+14,1,61
6.651756e+07,2.682568e+14,7.599916e+06,1.111527e+07,-1.021082e+14,1.764967e+14,-6.761098e+13,2.935857e+07,4.353623e+14,1.260021e+08,1.762797e+07,-8.307575e+14,-3.677448e+14,-7.381629e+14,4.568281e+07,1.555483e+15,3.478951e+07,4.163689e+06,-3.942070e+13,-1.297448e+14,2.496244e+11,0,96
4.902666e+07,1.347078e+14,8.544308e+06,2.526493e+06,-1.091505e+13,2.926178e+13,-1.052481e+13,2.188682e+07,2.466576e+14,1.430318e+08,1.639726e+07,-7.887966e+14,-2.558657e+14,-8.323855e+14,3.336087e+07,7.376969e+14,7.775098e+07,8.894194e+06,-2.336433e+14,-2.382834e+14,-1.945961e+14,2,37
8.208318e+07,4.295273e+14,2.308548e+06,8.878294e+05,1.187954e+12,1.294417e+13,5.859914e+11,3.374509e+07,7.631900e+14,1.458547e+08,1.720376e+07,-8.616704e+14,-4.752677e+14,-8.634856e+14,5.445787e+07,2.400939e+15,1.586721e+06,7.769208e+05,6.985794e+11,2.318397e+13,-3.098451e+11,0,84
8.265135e+07,1.024175e+15,7.313808e+05,1.426861e+07,4.570477e+13,4.224826e+14,4.692488e+13,3.103500e+07,3.953818e+14,1.286297e+08,1.857536e+07,-8.642389e+14,-3.515056e+14,-8.012883e+14,6.281389e+07,2.817700e+15,8.013148e+06,8.689720e+06,6.255557e+13,4.590722e+14,9.390967e+12,0,97
8.496305e+07,2.477821e+14,2.946948e+05,4.486072e+06,1.156692e+12,6.761632e+13,3.418813e+12,3.736091e+07,1.016207e+15,1.358801e+08,1.600765e+07,-7.373434e+14,-5.061198e+14,-7.298945e+14,5.310030e+07,2.383618e+15,1.245466e+07,2.692704e+06,6.799316e+12,2.628584e+12,1.712604e+12,0,74
7.792347e+07,3.518758e+14,7.036720e+06,3.170854e+06,-1.242007e+13,5.396164e+13,-1.104172e+13,3.283025e+07,6.988847e+14,1.405354e+08,1.747394e+07,-8.621096e+14,-4.605391e+14,-7.674191e+14,5.158837e+07,2.132585e+15,2.391841e+07,2.744759e+06,-1.972459e+13,-1.246411e+14,-7.873349e+12,1,104
8.860231e+07,3.741396e+14,5.802036e+05,9.570783e+05,-7.103531e+11,1.840788e+13,-8.708416e+11,3.669620e+07,1.060958e+15,1.310583e+08,1.461447e+07,-6.387580e+14,-4.755862e+14,-6.475627e+14,5.602998e+07,2.696884e+15,9.451950e+06,1.322234e+06,-1.294900e+12,-3.619977e+13,-3.516765e+11,1,88
8.736367e+07,7.210355e+14,1.973432e+07,1.343263e+07,2.097081e+14,3.594363e+14,2.410840e+14,3.371652e+07,7.247986e+14,1.397984e+08,1.738691e+07,-8.496312e+14,-4.651862e+14,-7.607231e+14,6.056035e+07,2.878017e+15,3.092390e+07,1.285553e+07,2.560638e+14,6.410736e+14,1.877734e+14,0,80
7.680236e+07,6.834312e+14,2.888770e+05,3.420742e+06,1.097079e+12,-2.367432e+13,2.617427e+12,2.889599e+07,4.755247e+14,1.241413e+08,1.581779e+07,-6.185400e+14,-3.126990e+14,-4.984427e+14,5.500381e+07,2.307375e+15,6.698317e+06,1.018937e+06,-1.293393e+12,-1.994276e+13,1.213515e+10,0,34
6.137440e+07,2.815293e+14,2.793026e+07,3.477099e+06,-3.229136e+13,5.762003e+13,-3.819251e+13,2.638581e+07,3.326167e+14,1.198586e+08,1.788845e+07,-8.062175e+14,-3.210946e+14,-7.819371e+14,4.315798e+07,1.342589e+15,3.090871e+07,5.465677e+06,-9.744943e+12,-1.182856e+14,-1.758457e+13,1,92
7.469385e+07,3.770879e+14,1.684303e+07,4.569663e+06,-3.963876e+13,8.448543e+13,-3.086837e+13,3.427049e+07,4.451135e+14,1.098507e+08,1.853089e+07,-8.296481e+14,-3.890611e+14,-7.725877e+14,5.360182e+07,2.213368e+15,2.001909e+07,3.132418e+06,5.818893e+11,-8.049070e+13,3.388356e+12,0,25
8.544482e+07,4.492334e+14,4.377275e+06,1.708560e+07,-1.336753e+14,3.200124e+14,-1.049715e+14,3.622185e+07,7.944268e+14,1.736560e+08,2.167955e+07,-1.324903e+15,-6.089194e+14,-1.123798e+15,5.731140e+07,2.573622e+15,1.667192e+07,4.860820e+06,3.396255e+13,1.491004e+14,-2.297225e+13,0,70
7.477286e+07,3.329687e+14,9.471841e+06,8.871443e+05,2.368205e+12,1.300287e+13,1.163718e+12,3.168044e+07,6.302816e+14,1.375249e+08,1.531907e+07,-6.520155e+14,-3.697303e+14,-6.179811e+14,4.973417e+07,1.878005e+15,4.955040e+07,6.215193e+06,-5.001423e+13,-1.799079e+14,-1.045131e+13,0,3
6.556921e+07,3.318390e+14,1.052399e+07,8.403241e+05,-2.349649e+12,1.376850e+13,-1.388189e+12,2.781487e+07,3.849409e+14,1.645913e+08,1.736691e+07,-9.229628e+14,-3.395735e+14,-8.177453e+14,4.602043e+07,1.469581e+15,4.836711e+07,5.105331e+06,-6.196622e+13,-1.916800e+14,-5.897548e+13,0,59
5.457083e+07,2.493784e+14,1.755993e+07,1.712393e+07,-2.790184e+14,2.428356e+14,-2.406203e+14,2.387084e+07,2.311396e+14,1.257738e+08,1.976868e+07,-9.645787e+14,-2.985108e+14,-7.663310e+14,3.946574e+07,1.006893e+15,5.435700e+07,5.948348e+06,-1.066841e+14,-1.744018e+14,9.773726e+12,2,81
6.697817e+07,2.887896e+14,1.776009e+06,1.086979e+07,2.825524e+13,1.823696e+14,6.614396e+13,2.801184e+07,5.059992e+14,1.377993e+08,1.476652e+07,-6.097937e+14,-3.119089e+14,-5.313104e+14,4.486474e+07,1.553864e+15,3.914642e+07,9.886217e+06,1.411012e+14,1.844922e+14,7.816160e+13,2,61
6.538044e+07,8.192324e+14,1.157256e+07,7.576559e+05,-3.423186e+11,9.759153e+12,2.598840e+11,2.418958e+07,1.617853e+14,8.853695e+07,1.495218e+07,-5.417723e+14,-1.897725e+14,-4.286424e+14,5.273596e+07,1.946763e+15,3.019183e+06,1.850331e+06,4.281520e+12,7.956428e+12,-4.536972e+11,2,64
1.017182e+08,3.952700e+14,1.208578e+07,3.235931e+06,1.700540e+13,5.955195e+13,2.105174e+13,4.372243e+07,1.464548e+15,1.519823e+08,1.856436e+07,-9.314429e+14,-6.860720e+14,-9.432699e+14,6.348935e+07,3.369183e+15,2.115395e+07,6.392597e+06,6.922535e+13,2.187297e+14,9.951341e+13,0,95
7.710429e+07,3.657836e+14,2.496825e+06,5.034162e+06,-1.498540e+13,6.583619e+13,-4.711140e+12,3.279118e+07,6.454666e+14,1.315107e+08,1.638001e+07,-7.361783e+14,-4.059365e+14,-6.186386e+14,5.170680e+07,2.136640e+15,1.067156e+07,1.699808e+06,-1.507612e+12,-3.197460e+13,-7.913763e+10,0,0
9.481137e+07,4.995823e+14,1.528685e+07,1.226444e+05,-1.662902e+11,2.407614e+12,-7.280595e+10,3.883589e+07,1.149501e+15,1.416289e+08,1.632913e+07,-7.833425e+14,-5.532593e+14,-8.784489e+14,6.100481e+07,3.138686e+15,1.778371e+06,5.066128e+05,4.749176e+11,1.796911e+13,6.151384e+11,1,49
8.310393e+07,3.638446e+14,4.639139e+07,4.910823e+05,1.338011e+12,7.922466e+12,1.308272e+12,3.489100e+07,8.868328e+14,1.319714e+08,1.564344e+07,-5.769193e+14,-4.130389e+14,-7.523083e+14,5.385683e+07,2.339720e+15,3.350890e+06,5.403414e+06,2.254639e+13,2.611393e+14,-4.257273e+12,3,62
5.582573e+07,2.622609e+14,4.487812e+05,1.375317e+07,2.610371e+13,2.107332e+14,2.606315e+13,2.296297e+07,2.869922e+14,1.258245e+08,1.467867e+07,-6.294776e+14,-2.484298e+14,-7.316790e+14,3.901678e+07,1.092588e+15,5.723759e+07,1.136243e+07,9.766520e+13,-9.235455e+12,7.032388e+13,0,53
5.628203e+07,3.131128e+14,2.507400e+07,9.263604e+06,-1.406504e+14,1.536070e+14,-1.039737e+14,2.420853e+07,2.133028e+14,1.173020e+08,1.907163e+07,-9.017953e+14,-2.781527e+14,-7.676275e+14,4.168044e+07,1.176912e+15,3.541578e+07,4.609397e+06,-3.737880e+13,-1.451643e+14,2.514312e+12,1,33
8.774635e+07,2.811309e+14,2.352003e+06,5.883253e+06,-1.678177e+13,8.992066e+13,8.396412e+12,3.938082e+07,1.014092e+15,1.371077e+08,1.686227e+07,-7.799541e+14,-5.185484e+14,-7.040987e+14,5.591550e+07,2.513838e+15,3.494932e+07,4.369184e+06,-3.042729e+13,-1.551949e+14,6.235077e+10,0,79
6.419112e+07,3.765810e+14,9.341882e+06,2.164575e+06,1.883505e+12,1.931871e+13,4.067251e+11,2.568977e+07,3.754303e+14,1.403874e+08,1.699285e+07,-8.011802e+14,-3.209405e+14,-6.657645e+14,4.509103e+07,1.494559e+15,2.474713e+07,3.543829e+06,-3.318245e+13,-1.352981e+14,-2.889346e+13,0,92
7.435740e+07,4.540066e+14,5.351085e+05,4.573760e+06,5.024661e+12,8.160635e+13,5.972954e+12,2.965541e+07,5.566670e+14,1.310967e+08,1.663443e+07,-7.758467e+14,-3.922797e+14,-6.829782e+14,5.082705e+07,2.047261e+15,6.905780e+06,2.533325e+06,7.700505e+12,7.387902e+13,-5.962005e+12,1,82
8.418893e+07,4.631733e+14,1.745430e+06,3.990656e+05,3.175391e+11,7.834041e+12,3.196764e+11,3.462558e+07,7.920080e+14,1.446786e+08,1.675466e+07,-8.233718e+14,-4.714507e+14,-8.307509e+14,5.605076e+07,2.517540e+15,3.209894e+06,2.986661e+05,2.133843e+11,7.751045e+12,3.884822e+11,1,90
6.953995e+07,5.453945e+14,6.758039e+05,2.876088e+06,-2.554306e+11,5.487888e+13,-8.269280e+11,2.631925e+07,3.999214e+14,1.198473e+08,1.424255e+07,-5.868558e+14,-2.838459e+14,-6.457621e+14,4.964798e+07,1.873684e+15,1.155806e+07,2.066818e+06,-1.283255e+12,-3.082714e+13,1.489649e+12,2,58
5.644615e+07,3.263210e+14,3.094424e+07,3.734678e+05,1.070328e+12,-4.894107e+12,1.432413e+12,2.255954e+07,2.515106e+14,1.206506e+08,1.393832e+07,-5.684984e+14,-2.200224e+14,-5.662542e+14,4.059192e+07,1.151448e+15,3.006382e+07,5.457534e+06,1.499674e+13,-6.577063e+13,2.407792e+13,0,39
7.156866e+07,1.791741e+14,1.805305e+06,2.060586e+07,-1.230244e+14,2.700985e+14,-1.306841e+14,3.241171e+07,6.700120e+14,1.169926e+08,1.464077e+07,-6.033666e+14,-3.780007e+14,-6.763801e+14,4.579711e+07,1.604734e+15,6.419198e+07,9.942803e+06,1.734675e+13,-7.567068e+13,9.556251e+12,2,68
7.014130e+07,3.362175e+14,8.947982e+06,8.372965e+04,7.021717e+10,-7.101195e+11,9.085042e+10,2.887231e+07,5.339257e+14,1.447948e+08,1.693186e+07,-8.369296e+14,-3.905441e+14,-9.297277e+14,4.714876e+07,1.711404e+15,2.452287e+07,3.839991e+06,-1.027138e+13,-9.516702e+13,-1.035383e+13,2,71
5.729304e+07,3.504530e+14,1.832213e+06,5.713827e+06,8.416190e+12,7.102356e+13,-2.992396e+11,2.338414e+07,2.308702e+14,1.542704e+08,1.704248e+07,-8.618666e+14,-2.547853e+14,-9.156190e+14,4.209972e+07,1.183347e+15,4.555939e+07,5.101714e+06,-4.948833e+13,-9.045729e+13,-1.119437e+13,0,17
6.605743e+07,2.820537e+14,1.289798e+07,7.449583e+06,-7.164668e+13,1.144703e+14,-4.340441e+13,2.926458e+07,4.028998e+14,1.273239e+08,1.877177e+07,-9.010373e+14,-3.709655e+14,-7.900252e+14,4.598770e+07,1.578303e+15,2.653198e+07,3.124409e+06,-2.702822e+13,-1.239527e+14,1.151871e+12,1,96
5.863009e+07,3.408298e+14,6.456368e+06,4.361586e+06,-2.085872e+13,7.734493e+13,-2.167586e+13,2.405961e+07,2.663632e+14,1.011385e+08,1.368365e+07,-5.070169e+14,-2.221757e+14,-5.700917e+14,4.244357e+07,1.328588e+15,3.561053e+07,3.934734e+06,-3.926331e+13,-1.377599e+14,-1.024604e+13,3,77
5.181499e+07,3.729303e+14,1.374828e+07,1.854150e+06,6.486473e+12,-5.729598e+12,6.323645e+12,1.981465e+07,1.631429e+14,1.117787e+08,1.302488e+07,-4.784185e+14,-1.594094e+14,-3.639704e+14,3.904268e+07,1.024457e+15,2.899042e+07,3.836560e+06,-1.929645e+13,-1.022211e+14,-2.045911e+13,2,75
9.169144e+07,6.385590e+14,3.484560e+07,1.349680e+06,1.537748e+12,2.344747e+13,1.460114e+12,3.610622e+07,9.319780e+14,1.248657e+08,1.421553e+07,-5.709181e+14,-4.234590e+14,-5.800643e+14,6.116313e+07,3.089719e+15,9.942020e+06,6.224788e+06,4.849367e+13,2.667444e+14,6.675396e+12,3,63
8.759692e+07,3.926229e+14,2.515789e+07,3.240114e+07,-9.211095e+14,6.412739e+14,-1.054355e+15,3.891449e+07,8.390963e+14,1.919348e+08,2.587520e+07,-1.822915e+15,-7.494544e+14,-1.911065e+15,5.865008e+07,2.469413e+15,4.763823e+07,4.771406e+06,1.321191e+13,5.640221e+13,-4.650434e+13,2,67
7.873721e+07,1.001233e+15,4.613363e+06,8.121795e+06,4.952191e+13,2.564182e+14,5.505810e+13,2.988150e+07,3.035774e+14,1.234256e+08,1.859762e+07,-8.766218e+14,-3.180458e+14,-9.041195e+14,6.138517e+07,2.672877e+15,4.524335e+06,8.573875e+06,4.430462e+13,4.386261e+14,3.919399e+13,3,97
1.012574e+08,7.161681e+14,6.116302e+07,8.277440e+04,-1.076325e+11,2.362715e+10,-1.374390e+11,4.435141e+07,9.222671e+14,1.317788e+08,1.990226e+07,-9.890025e+14,-5.892821e+14,-1.089719e+15,7.110338e+07,3.965267e+15,1.257226e+06,6.242767e+06,1.005281e+13,3.930272e+14,6.496271e+12,0,73
5.125920e+07,3.404573e+14,1.904455e+07,6.286819e+05,-2.155216e+12,1.145491e+13,-1.904157e+12,1.990591e+07,1.665097e+14,1.180592e+08,1.492922e+07,-6.267635e+14,-1.926322e+14,-6.005476e+14,3.835728e+07,1.001744e+15,3.142385e+07,4.855176e+06,-3.974478e+13,-1.391285e+14,-3.963161e+13,2,94
6.930800e+07,3.957269e+14,3.908864e+07,4.833591e+06,-6.444749e+13,9.274656e+13,-5.785043e+13,3.081613e+07,3.469990e+14,1.150442e+08,1.943050e+07,-9.181101e+14,-3.614735e+14,-8.482585e+14,5.068314e+07,1.870209e+15,3.413236e+07,6.872664e+06,3.269161e+13,-7.852937e+13,-6.832304e+12,1,87
8.606871e+07,2.488704e+14,1.404209e+06,2.411718e+06,4.133531e+12,3.745798e+13,5.113975e+12,3.804806e+07,1.042227e+15,1.367691e+08,1.561880e+07,-7.213617e+14,-5.042036e+14,-7.039190e+14,5.379992e+07,2.393058e+15,1.563464e+07,4.113718e+06,2.196495e+13,6.997721e+13,1.860459e+13,0,15
5.731530e+07,6.528031e+14,1.349287e+07,2.564874e+06,6.081502e+11,4.076471e+13,-8.755289e+12,2.063605e+07,1.344202e+14,8.683992e+07,1.302357e+07,-4.173512e+14,-1.428812e+14,-4.603636e+14,4.590568e+07,1.463478e+15,1.232575e+07,1.879451e+06,2.498678e+12,-4.074113e+13,2.994970e+11,0,38
8.151758e+07,5.297497e+14,9.703478e+07,2.320146e+06,-3.455554e+13,-2.527749e+13,-2.923174e+13,3.391793e+07,6.199515e+14,1.229542e+08,1.745264e+07,-7.907736e+14,-4.274431e+14,-4.651393e+14,5.693258e+07,2.373837e+15,2.303847e+07,2.065453e+07,4.501532e+14,7.092300e+14,4.597375e+14,2,72
7.358801e+07,4.043770e+14,1.490905e+06,3.991346e+06,2.810285e+12,2.090422e+13,2.307817e+12,2.971602e+07,5.713904e+14,1.388824e+08,1.655668e+07,-7.643923e+14,-3.848183e+14,-6.205107e+14,4.970215e+07,1.924804e+15,2.046462e+07,3.009729e+06,-1.262134e+13,-8.214279e+13,-3.313436e+12,0,48
8.036278e+07,5.653937e+14,9.243541e+06,6.529793e+06,-2.134930e+13,1.550518e+14,3.224904e+13,3.336632e+07,5.574996e+14,1.313840e+08,1.873445e+07,-9.235481e+14,-4.401606e+14,-6.826709e+14,5.713585e+07,2.411607e+15,1.016465e+07,1.823172e+06,6.302894e+12,8.461283e+13,-6.308942e+11,0,99
8.860770e+07,3.185318e+14,2.309013e+06,2.083848e+06,-2.802789e+12,-3.161890e+13,-2.478910e+12,3.762867e+07,1.108786e+15,1.356183e+08,1.531367e+07,-6.936131e+14,-5.081557e+14,-7.662535e+14,5.543863e+07,2.599280e+15,4.528484e+06,5.667856e+05,-9.013354e+11,-2.813711e+13,-6.204551e+11,0,100
7.924052e+07,2.817884e+14,9.988113e+05,2.300412e+06,-1.949789e+12,3.055117e+13,-1.852718e+12,3.407658e+07,8.073961e+14,1.880907e+08,2.138347e+07,-1.354159e+15,-6.069198e+14,-1.442692e+15,5.084737e+07,2.040105e+15,3.477455e+07,4.346920e+06,-3.947782e+13,-1.557866e+14,-2.302914e+13,2,60
8.674629e+07,4.188784e+14,3.941981e+07,9.872456e+06,-1.463335e+14,1.828776e+14,-1.316588e+14,3.689504e+07,8.690026e+14,1.305448e+08,1.723765e+07,-8.161026e+14,-5.078954e+14,-8.490566e+14,5.727119e+07,2.607822e+15,1.057048e+07,9.310572e+05,-2.543199e+12,-4.735727e+13,7.001160e+11,0,23
9.654778e+07,5.548110e+14,1.593797e+07,2.285377e+05,-3.204582e+11,1.624999e+12,-1.454732e+11,3.918931e+07,1.172278e+15,1.416635e+08,1.635530e+07,-7.838064e+14,-5.585131e+14,-8.980097e+14,6.253034e+07,3.290154e+15,2.703678e+06,1.644351e+06,3.420237e+12,8.584617e+13,2.889537e+12,0,49
5.197813e+07,3.333824e+14,2.066271e+07,2.308393e+05,4.353769e+11,-2.868438e+12,3.899725e+11,2.083435e+07,1.661660e+14,1.255446e+08,1.520096e+07,-6.559968e+14,-1.945901e+14,-6.560813e+14,3.908881e+07,1.052957e+15,2.653664e+07,4.044348e+06,-2.023939e+13,-1.081763e+14,-1.226035e+13,0,94
5.489996e+07,5.242551e+14,1.747930e+07,2.767154e+06,-1.727103e+13,6.193019e+13,-2.495141e+13,2.020819e+07,1.478217e+14,1.042150e+08,1.410239e+07,-5.389457e+14,-1.710239e+14,-6.026850e+14,4.280393e+07,1.242854e+15,1.344441e+07,1.944985e+06,-7.059716e+11,-5.081204e+13,-1.144204e+12,1,38
6.354130e+07,4.335832e+14,2.305836e+07,2.583714e+06,-5.730674e+12,4.000781e+13,-9.790791e+12,2.479600e+07,3.310488e+14,1.152755e+08,1.563820e+07,-6.195314e+14,-2.714867e+14,-5.314811e+14,4.561515e+07,1.527994e+15,2.492079e+07,4.364351e+06,-1.594514e+13,-1.274418e+14,-1.810010e+13,3,92
5.570611e+07,2.665056e+14,7.175511e+06,1.799359e+07,-1.992322e+14,2.855986e+14,-2.186947e+14,2.379997e+07,2.509727e+14,1.361643e+08,1.900727e+07,-9.120731e+14,-2.909849e+14,-8.277703e+14,3.996260e+07,1.038998e+15,5.610240e+07,6.434524e+06,-7.269049e+13,-1.011790e+14,-3.469726e+12,3,81
9.159831e+07,4.037014e+14,2.617769e+05,1.951778e+06,3.934715e+11,1.738420e+13,1.244424e+11,3.817833e+07,1.111417e+15,1.186957e+08,1.362537e+07,-5.239766e+14,-4.430945e+14,-5.464633e+14,5.826980e+07,2.940487e+15,5.529120e+06,8.720253e+05,3.557056e+09,-1.528842e+13,3.322146e+11,0,88
5.638789e+07,2.847959e+14,1.067129e+07,2.109950e+07,-2.964078e+14,3.268621e+14,-3.143565e+14,2.425392e+07,2.476063e+14,1.321398e+08,2.005073e+07,-9.700186e+14,-3.057630e+14,-8.195512e+14,4.079851e+07,1.072475e+15,5.382146e+07,5.693461e+06,-6.865147e+13,-9.491307e+13,-9.475485e+12,1,81
8.067988e+07,5.027988e+14,1.508724e+07,9.185274e+06,9.448744e+13,1.981279e+14,1.140986e+14,3.185408e+07,6.987029e+14,1.289468e+08,1.492682e+07,-6.512754e+14,-3.930697e+14,-5.884483e+14,5.426571e+07,2.411332e+15,1.830972e+07,1.103102e+07,1.530352e+14,4.136832e+14,-1.922617e+13,1,69
4.710855e+07,1.208896e+14,2.657441e+06,1.712888e+07,-1.103406e+14,1.864494e+14,-5.882990e+13,2.168594e+07,2.090453e+14,1.419347e+08,1.536854e+07,-7.176812e+14,-2.221962e+14,-6.607025e+14,3.265680e+07,6.473867e+14,1.038724e+08,1.223234e+07,-1.376462e+14,-1.065480e+14,3.199701e+13,0,54
8.857451e+07,8.628656e+14,1.806662e+06,7.485652e+06,-2.718499e+13,2.161097e+14,-2.773950e+13,3.527238e+07,5.807675e+14,1.390473e+08,1.889808e+07,-9.546298e+14,-4.495642e+14,-9.807308e+14,6.452248e+07,3.180057e+15,1.373178e+07,3.461147e+06,2.384495e+13,1.776360e+14,2.912704e+13,1,56
6.924689e+07,5.832191e+14,9.320615e+07,2.686199e+05,-9.855140e+10,4.383666e+12,1.907840e+11,2.786350e+07,3.378432e+14,9.832379e+07,1.640001e+07,-5.559916e+14,-2.721992e+14,-3.336624e+14,5.193955e+07,1.871684e+15,5.218668e+06,1.520645e+07,1.353454e+14,5.237448e+14,1.478340e+14,0,85
7.810217e+07,5.011090e+14,4.911561e+07,5.767038e+06,-9.518337e+13,1.274991e+14,-9.783619e+13,3.491008e+07,4.346307e+14,1.269052e+08,1.893555e+07,-9.279935e+14,-3.938798e+14,-9.186811e+14,5.727581e+07,2.483065e+15,1.949931e+06,3.342624e+05,1.680771e+11,5.988014e+12,-1.815479e+11,3,47
6.641937e+07,4.217340e+14,6.056251e+06,2.890594e+06,-5.496715e+12,1.791263e+13,9.606568e+10,2.610585e+07,3.948430e+14,1.403324e+08,1.634387e+07,-7.578450e+14,-3.163076e+14,-5.146411e+14,4.663753e+07,1.626009e+15,2.646939e+07,3.524912e+06,-2.987609e+13,-1.251398e+14,-2.001179e+13,0,58
4.456189e+07,9.965527e+13,1.185234e+07,9.591312e+06,-1.016351e+14,9.528514e+13,-9.100220e+13,2.072848e+07,1.927552e+14,1.376180e+08,1.532977e+07,-6.994399e+14,-2.121397e+14,-6.394506e+14,3.070528e+07,5.680689e+14,9.035916e+07,9.663347e+06,-2.542520e+14,-1.951834e+14,-1.141047e+14,2,54
7.880679e+07,7.987539e+14,1.492846e+07,4.266734e+06,-3.152063e+13,1.158740e+14,-3.492123e+13,2.954590e+07,4.442743e+14,1.543035e+08,1.970120e+07,-1.080816e+15,-4.144153e+14,-1.088868e+15,5.772900e+07,2.456354e+15,7.526340e+06,7.888240e+03,1.292781e+07,3.003304e+11,2.324707e+09,3,55
6.819425e+07,5.043231e+14,1.452237e+06,2.354217e+06,-4.326180e+12,4.554388e+13,-4.415303e+11,2.596137e+07,3.911095e+14,1.229840e+08,1.512755e+07,-6.109997e+14,-2.881293e+14,-5.782508e+14,4.841838e+07,1.793452e+15,1.085186e+07,1.760672e+06,-3.247498e+12,-4.067737e+13,1.058122e+11,1,58
4.271795e+07,1.338435e+14,3.809410e+07,2.703477e+06,-1.185272e+13,2.164005e+13,-8.291406e+12,2.036802e+07,1.165905e+14,9.492429e+07,1.749396e+07,-6.750279e+14,-1.786020e+14,-5.925632e+14,3.193647e+07,5.655898e+14,3.380717e+07,8.687735e+06,1.484568e+14,6.553830e+13,-1.644903e+13,0,2
8.385682e+07,2.811673e+14,1.563460e+07,7.013665e+06,-6.816999e+13,1.091039e+14,-5.627792e+13,3.788570e+07,8.650522e+14,1.331136e+08,1.786747e+07,-8.695056e+14,-5.242490e+14,-7.479389e+14,5.463392e+07,2.393456e+15,1.509290e+07,1.974726e+06,-1.071719e+13,-9.396510e+13,-1.806646e+11,1,46
9.570653e+07,4.840761e+14,2.909584e+05,8.190764e+05,1.944009e+11,8.510015e+12,5.592436e+09,3.979142e+07,1.156651e+15,1.576880e+08,1.816634e+07,-9.722870e+14,-6.177497e+14,-9.068097e+14,6.176179e+07,3.135610e+15,2.989581e+06,4.056476e+05,1.699592e+10,4.266811e+12,-8.637392e+10,0,101
7.907480e+07,3.632534e+14,3.062033e+06,4.197884e+06,1.373701e+13,7.910256e+13,1.753976e+13,3.238620e+07,7.640184e+14,1.494958e+08,1.703313e+07,-8.418748e+14,-4.647848e+14,-8.444992e+14,5.144367e+07,2.184683e+15,1.315636e+07,4.969879e+06,3.553238e+13,1.362742e+14,1.208916e+13,0,43
5.366027e+07,3.335540e+14,6.204830e+07,3.661746e+06,-5.193985e+13,6.405523e+13,-4.302702e+13,2.150745e+07,1.950296e+14,1.134645e+08,1.575483e+07,-6.638111e+14,-2.196441e+14,-5.590402e+14,3.976762e+07,1.041671e+15,1.785841e+07,4.849104e+06,4.053847e+13,-8.483642e+12,8.327745e+12,0,42
7.849611e+07,6.970335e+14,8.197843e+05,3.681762e+05,-8.361812e+10,8.936281e+12,-3.634567e+10,2.990466e+07,4.951475e+14,1.326610e+08,1.708480e+07,-8.131846e+14,-3.801477e+14,-7.964034e+14,5.624539e+07,2.373509e+15,1.622380e+06,4.208550e+04,9.690273e+09,-1.649312e+12,8.777387e+09,2,93
8.538734e+07,4.566326e+14,2.720610e+04,3.259075e+06,7.512231e+11,6.821180e+13,6.496080e+11,3.478384e+07,8.627259e+14,1.613772e+08,1.897861e+07,-1.047772e+15,-5.568448e+14,-1.119234e+15,5.604530e+07,2.563937e+15,6.312280e+06,1.944259e+06,4.636360e+12,5.340234e+13,-5.592986e+11,0,103
7.618808e+07,6.528459e+14,3.877830e+07,4.835507e+05,2.592128e+11,5.206001e+12,-1.061518e+11,3.005341e+07,4.370329e+14,1.023848e+08,1.536874e+07,-5.994033e+14,-3.161266e+14,-5.661613e+14,5.538481e+07,2.277183e+15,1.437295e+06,3.500316e+06,6.156956e+12,1.247238e+14,2.278246e+12,2,85
5.660060e+07,2.914201e+14,2.459425e+06,1.776570e+07,-1.160429e+14,3.032410e+14,-1.448358e+14,2.379311e+07,2.527815e+14,1.118335e+08,1.524496e+07,-6.287996e+14,-2.418669e+14,-6.793420e+14,4.076597e+07,1.197339e+15,4.777383e+07,6.040317e+06,-9.149768e+12,-5.248406e+13,-2.171932e+13,1,77
5.058709e+07,2.748239e+14,2.757131e+07,3.015943e+06,-2.435788e+13,4.790729e+13,-3.195274e+13,2.119453e+07,1.677158e+14,1.211540e+08,1.688844e+07,-7.163955e+14,-2.116993e+14,-6.931623e+14,3.765196e+07,9.064956e+14,4.484919e+07,6.846630e+06,-1.685834e+13,-1.287168e+14,-3.248135e+13,1,91
6.101119e+07,1.720981e+14,3.802211e+07,9.246495e+06,-1.721279e+14,1.210916e+14,-1.614187e+14,3.141674e+07,2.739678e+14,1.097629e+08,2.410272e+07,-1.221394e+15,-3.964055e+14,-1.143464e+15,4.447605e+07,1.339253e+15,4.739837e+07,8.270591e+06,5.487787e+13,-9.205770e+13,2.385437e+13,2,87
8.398046e+07,3.868281e+14,8.331465e+06,4.522290e+06,2.245712e+13,8.666386e+13,3.204071e+13,3.470858e+07,8.780479e+14,1.456955e+08,1.658308e+07,-8.134873e+14,-4.907157e+14,-7.407165e+14,5.437538e+07,2.442654e+15,1.280600e+07,5.504239e+06,4.271226e+13,1.801528e+14,-1.432769e+12,1,43
8.864440e+07,3.623957e+14,4.463181e+04,3.199164e+06,8.502891e+11,4.933645e+13,6.914318e+11,3.746588e+07,1.035880e+15,1.349807e+08,1.573315e+07,-6.881158e+14,-4.895960e+14,-6.901816e+14,5.648695e+07,2.721967e+15,7.585295e+06,1.822538e+06,3.921736e+12,1.545246e+13,7.338143e+11,3,88
8.269280e+07,5.988254e+14,2.453035e+05,3.330328e+05,4.205834e+10,-7.196125e+12,2.991500e+10,3.240879e+07,6.725593e+14,1.464963e+08,1.720167e+07,-8.633761e+14,-4.460684e+14,-7.329133e+14,5.686782e+07,2.530605e+15,4.427871e+06,8.070349e+05,-4.122608e+11,-3.067163e+13,-5.387561e+11,1,45
6.748203e+07,2.240174e+14,3.768640e+06,1.298774e+06,-1.869632e+12,1.585439e+13,-1.743197e+12,2.979240e+07,5.302437e+14,1.403322e+08,1.732040e+07,-8.443646e+14,-3.946877e+14,-8.296413e+14,4.449360e+07,1.503423e+15,4.857991e+07,5.971765e+06,-8.882462e+13,-2.146956e+14,-6.689555e+13,3,102
7.164371e+07,4.109542e+14,1.975157e+06,2.457837e+06,-3.831455e+12,3.362148e+13,-5.155584e+11,2.855849e+07,5.223875e+14,1.511239e+08,1.766691e+07,-8.837846e+14,-3.949741e+14,-9.494265e+14,4.881237e+07,1.869183e+15,1.781368e+07,3.474252e+06,4.674585e+12,-1.527991e+13,8.165827e+12,0,52
5.990614e+07,3.448263e+14,3.196207e+06,1.258139e+07,6.873631e+13,2.324087e+14,5.677879e+13,2.380352e+07,3.128878e+14,1.169958e+08,1.381198e+07,-5.549088e+14,-2.441739e+14,-6.112756e+14,4.228163e+07,1.337842e+15,3.778355e+07,1.042732e+07,1.467024e+14,1.197023e+14,1.961529e+13,1,53
7.864836e+07,5.824574e+14,7.387512e+05,2.084801e+06,-2.486132e+12,-3.113163e+13,-2.880761e+12,3.126986e+07,5.428329e+14,1.472206e+08,1.883019e+07,-9.511997e+14,-4.248425e+14,-7.315014e+14,5.537805e+07,2.321510e+15,2.371407e+06,4.605681e+05,-2.230296e+11,-5.138336e+12,-1.749197e+11,1,34
8.827930e+07,3.482787e+14,3.375411e+05,1.381876e+06,-8.944363e+11,-1.332041e+13,-7.841335e+11,3.728604e+07,1.078726e+15,1.397792e+08,1.595768e+07,-7.521579e+14,-5.233494e+14,-8.897833e+14,5.585450e+07,2.609676e+15,2.353157e+06,5.055457e+05,-1.243665e+11,-8.500879e+12,5.236150e+10,1,100
7.200318e+07,5.790264e+14,2.965326e+07,3.572484e+06,-1.997053e+13,6.462786e+13,-1.836186e+13,2.893215e+07,3.626156e+14,1.098046e+08,1.683901e+07,-7.056336e+14,-3.161543e+14,-7.556136e+14,5.299347e+07,2.075289e+15,5.348369e+06,1.581848e+06,3.841315e+12,-1.047246e+13,-5.970651e+10,1,93
1.065805e+08,8.940145e+14,7.921836e+07,4.513152e+06,2.866077e+13,9.851998e+13,2.994178e+13,4.756494e+07,8.542895e+14,1.184784e+08,1.959195e+07,-9.418744e+14,-5.709211e+14,-7.627398e+14,7.742911e+07,4.750359e+15,6.347497e+06,2.018844e+07,2.224075e+14,1.387267e+15,2.581972e+14,2,73
5.404830e+07,4.826836e+14,4.999344e+06,1.552671e+06,-4.279455e+12,3.236723e+13,-2.259128e+12,1.965615e+07,1.558728e+14,1.021798e+08,1.192138e+07,-4.114851e+14,-1.480217e+14,-3.536778e+14,4.162491e+07,1.184022e+15,2.486651e+07,3.013288e+06,-2.608219e+13,-1.019120e+14,-1.861100e+13,0,75
6.869148e+07,2.738178e+14,7.190832e+05,2.444339e+06,-4.102134e+11,3.131555e+13,2.374329e+12,2.863046e+07,5.564309e+14,1.286459e+08,1.435349e+07,-6.167203e+14,-3.385130e+14,-5.220125e+14,4.517779e+07,1.634575e+15,2.803413e+07,3.489972e+06,-1.578997e+13,-8.802236e+13,-3.551956e+11,2,83
6.863987e+07,2.870871e+14,2.225957e+06,3.168159e+06,4.227897e+12,4.642469e+13,7.747015e+12,2.813514e+07,5.572282e+14,1.305671e+08,1.413440e+07,-6.066973e+14,-3.333643e+14,-5.341664e+14,4.507109e+07,1.644414e+15,2.703193e+07,4.707846e+06,1.724211e+13,-1.492690e+13,1.860020e+13,1,83
8.333448e+07,5.917636e+14,3.557632e+07,6.552886e+06,-6.801583e+13,1.346852e+14,-7.611984e+13,3.493324e+07,5.844288e+14,1.455589e+08,2.013142e+07,-1.048592e+15,-4.688251e+14,-1.018743e+15,5.922432e+07,2.667105e+15,3.742487e+06,4.096591e+05,1.535651e+11,-1.542920e+13,2.831233e+11,0,47
8.446821e+07,6.609714e+14,1.059341e+06,2.430780e+04,3.353336e+09,1.587549e+11,7.427486e+08,3.756961e+07,4.552132e+14,1.767468e+08,2.321510e+07,-1.486911e+15,-4.925670e+14,-1.430597e+15,6.318699e+07,3.013069e+15,7.086270e+05,4.745831e+05,-2.239069e+11,-1.274453e+13,-2.248116e+11,1,36
8.560187e+07,3.855671e+14,2.499275e+06,5.597771e+06,-7.491297e+12,6.530849e+13,1.062150e+13,3.589022e+07,9.180530e+14,1.232061e+08,1.440232e+07,-5.661062e+14,-4.173509e+14,-4.299469e+14,5.535445e+07,2.522694e+15,2.124281e+07,4.682528e+06,2.313101e+13,1.955989e+13,1.057252e+13,0,1
7.934599e+07,8.386342e+14,9.989933e+06,5.209714e+06,-3.199177e+13,1.377853e+14,-3.174561e+13,2.946519e+07,4.422963e+14,1.481032e+08,1.867217e+07,-9.818141e+14,-3.923732e+14,-8.967579e+14,5.839098e+07,2.522517e+15,1.396694e+07,2.092646e+05,-3.552482e+11,-8.624235e+12,-2.308080e+11,2,55
7.722869e+07,1.984029e+14,2.820779e+06,1.612255e+07,8.444054e+13,2.227269e+14,4.681379e+13,3.488111e+07,8.003334e+14,1.774896e+08,1.963441e+07,-1.146602e+15,-5.520105e+14,-1.195614e+15,4.894571e+07,1.869250e+15,6.501635e+07,1.695742e+07,4.111633e+14,3.668084e+14,2.513262e+14,3,76
8.391321e+07,8.658523e+14,2.964882e+07,1.663346e+06,6.237285e+12,4.134349e+13,1.055972e+13,3.095767e+07,5.592544e+14,1.257123e+08,1.618355e+07,-7.253239e+14,-3.809365e+14,-6.141626e+14,6.031143e+07,2.805079e+15,2.449651e+07,5.344096e+06,5.495645e+13,1.621364e+14,8.410673e+13,0,65
8.385715e+07,3.637833e+14,3.475303e+05,2.312811e+06,-1.575572e+11,4.366578e+13,2.307530e+12,3.527556e+07,8.735383e+14,1.391947e+08,1.513869e+07,-6.948812e+14,-4.474134e+14,-6.529546e+14,5.434715e+07,2.382897e+15,3.756116e+07,5.131515e+06,-1.482383e+13,-1.040858e+14,-2.261043e+11,0,104
8.569796e+07,6.512000e+14,2.381193e+06,4.961913e+06,-1.702052e+13,1.214704e+14,-1.164925e+13,3.383144e+07,7.098113e+14,1.453875e+08,1.842487e+07,-9.416758e+14,-4.860220e+14,-9.289979e+14,5.906579e+07,2.723766e+15,5.986656e+06,1.178146e+06,1.174660e+12,2.711846e+13,-1.988919e+12,0,6
5.716925e+07,2.997596e+14,2.347126e+07,5.112880e+06,-3.084469e+13,6.330232e+13,-1.862959e+13,2.321603e+07,2.770211e+14,1.264421e+08,1.521316e+07,-6.366875e+14,-2.436256e+14,-5.094144e+14,4.052939e+07,1.153899e+15,3.129273e+07,3.502381e+06,-2.536604e+13,-1.138977e+14,-1.742454e+13,0,51
9.617372e+07,6.957689e+14,6.678250e+05,2.344923e+07,1.958295e+13,6.160787e+14,-4.850049e+13,4.005366e+07,8.873443e+14,1.100031e+08,1.602726e+07,-6.639935e+14,-4.744778e+14,-6.986250e+14,6.641429e+07,3.476917e+15,4.052383e+07,1.329748e+07,3.082225e+14,7.553624e+14,3.349056e+14,1,98
8.906960e+07,8.080793e+14,1.706393e+07,2.349190e+07,4.353415e+14,6.612350e+14,5.503193e+14,3.382475e+07,7.206903e+14,1.453879e+08,1.821077e+07,-9.220949e+14,-4.853721e+14,-8.555425e+14,6.224390e+07,3.053870e+15,4.277103e+07,1.890075e+07,5.364948e+14,9.819834e+14,3.866904e+14,1,80
6.481725e+07,2.325029e+14,3.109868e+06,1.404970e+06,-1.240113e+12,1.802924e+13,-1.364625e+12,2.754799e+07,4.906193e+14,1.405956e+08,1.627103e+07,-7.687406e+14,-3.575055e+14,-8.459555e+14,4.274749e+07,1.390070e+15,4.466083e+07,5.474968e+06,-8.076093e+13,-1.940551e+14,-7.018684e+13,0,71
6.450445e+07,4.144184e+14,2.427638e+07,1.337697e+07,-1.386558e+14,2.254013e+14,-1.401868e+14,2.852182e+07,2.523546e+14,8.825860e+07,1.585338e+07,-5.871744e+14,-2.499057e+14,-7.027440e+14,4.885283e+07,1.728050e+15,1.186781e+07,1.805478e+06,-7.681607e+12,-5.817944e+13,-1.647849e+12,1,78
8.323743e+07,4.767322e+14,4.446253e+06,1.210806e+06,2.100020e+12,2.430600e+13,2.103337e+12,3.401334e+07,7.557498e+14,1.423554e+08,1.627003e+07,-7.830051e+14,-4.471613e+14,-8.198096e+14,5.574716e+07,2.499096e+15,6.308635e+06,1.237829e+06,3.078064e+12,4.084151e+13,4.021279e+12,0,90
7.423764e+07,3.465653e+14,1.709224e+07,2.100926e+07,3.864854e+14,3.911127e+14,4.373153e+14,3.031533e+07,6.437465e+14,1.174000e+08,1.286851e+07,-4.838872e+14,-3.206334e+14,-4.778645e+14,4.886753e+07,1.932121e+15,5.870133e+07,2.295150e+07,7.865583e+14,6.974776e+14,1.340708e+14,3,57
1.084053e+08,5.738958e+14,6.360153e+07,8.583771e+06,1.966177e+14,1.997534e+14,2.199264e+14,4.566402e+07,1.508164e+15,1.457405e+08,1.639382e+07,-7.948998e+14,-6.345892e+14,-7.850160e+14,6.957266e+07,3.983536e+15,2.464437e+07,1.570498e+07,3.082616e+14,9.142834e+14,1.667609e+14,0,20
6.975200e+07,2.901250e+14,4.399791e+05,9.651631e+06,1.844154e+13,1.588962e+14,1.371989e+12,2.877903e+07,5.769190e+14,1.346569e+08,1.460071e+07,-6.419308e+14,-3.483504e+14,-5.969980e+14,4.580617e+07,1.684858e+15,4.753224e+07,9.738608e+06,1.104319e+14,7.143432e+13,8.937456e+13,2,57
9.034376e+07,5.103982e+14,7.383316e+05,2.314500e+06,2.804413e+12,5.218460e+13,4.087285e+12,3.682875e+07,9.701590e+14,1.696062e+08,1.999912e+07,-1.138230e+15,-6.142286e+14,-1.078836e+15,5.926289e+07,2.868273e+15,4.389970e+06,1.223540e+06,2.363547e+12,5.707305e+13,-1.524242e+12,2,103
9.315162e+07,4.110674e+14,1.133648e+06,1.002278e+07,1.221382e+13,1.443823e+14,1.306528e+13,3.867460e+07,1.172640e+15,1.246259e+08,1.420827e+07,-5.440912e+14,-4.608202e+14,-5.692452e+14,5.894763e+07,2.989941e+15,1.069723e+07,6.084712e+06,4.833366e+13,2.748131e+14,-9.225795e+12,2,88
7.361534e+07,3.808670e+14,1.491799e+06,1.607999e+07,7.447578e+13,2.847795e+14,4.548233e+13,3.082215e+07,5.445433e+14,1.269639e+08,1.663233e+07,-7.634460e+14,-3.876423e+14,-6.559904e+14,5.032666e+07,2.008317e+15,1.725680e+07,8.856653e+06,1.017605e+14,3.267142e+14,-4.422107e+13,0,82
5.847106e+07,3.115373e+14,1.366424e+07,5.238946e+06,-2.650142e+13,7.713019e+13,-2.409214e+13,2.387333e+07,2.934199e+14,1.528147e+08,1.691629e+07,-8.572730e+14,-2.885562e+14,-9.560729e+14,4.137975e+07,1.243699e+15,3.116287e+07,3.672918e+06,-3.246143e+13,-9.553118e+13,-2.028980e+13,3,50
7.177191e+07,6.969083e+14,1.166510e+08,1.039556e+05,9.649433e+10,-2.673265e+12,9.841886e+10,2.778262e+07,3.107620e+14,9.758305e+07,1.617054e+07,-6.410650e+14,-2.849087e+14,-6.666531e+14,5.415720e+07,2.120511e+15,4.081920e+05,1.227425e+07,2.730161e+13,5.547998e+14,2.583447e+13,0,35
6.938107e+07,6.408922e+14,1.367808e+08,1.983722e+07,1.032226e+15,5.007979e+14,1.010506e+15,2.684338e+07,3.023950e+14,9.691482e+07,1.544119e+07,-5.528861e+14,-2.547289e+14,-5.096398e+14,5.214721e+07,1.910068e+15,3.033946e+07,5.651232e+07,2.335855e+15,2.333817e+15,2.462351e+15,1,85
7.388998e+07,2.145423e+14,6.274075e+05,4.980083e+06,5.592803e+12,5.447718e+13,5.587045e+12,3.242209e+07,7.333657e+14,1.438766e+08,1.551279e+07,-7.319691e+14,-4.197753e+14,-8.217325e+14,4.693365e+07,1.810520e+15,2.729403e+07,6.683861e+06,6.466410e+13,1.100926e+14,5.681501e+13,0,89
8.227005e+07,6.999907e+14,3.704799e+05,1.079390e+06,4.283242e+11,-9.888152e+11,3.138229e+11,3.232453e+07,5.618374e+14,1.476206e+08,2.001828e+07,-1.048994e+15,-4.599637e+14,-1.023215e+15,5.860396e+07,2.607182e+15,6.904938e+06,3.831778e+05,3.604246e+11,6.941123e+12,6.936361e+11,2,56
9.042153e+07,5.112604e+14,6.427306e+06,3.931868e+06,-1.416828e+11,5.498190e+13,-1.160720e+12,3.713456e+07,9.645968e+14,1.331438e+08,1.547947e+07,-6.801772e+14,-4.688561e+14,-5.651119e+14,5.937810e+07,2.866988e+15,2.387884e+07,7.445610e+06,7.943016e+13,1.373143e+14,1.102067e+14,1,79
7.741108e+07,3.197424e+14,1.951037e+06,5.297388e+06,1.397769e+13,9.371399e+13,2.152075e+13,3.444147e+07,6.310152e+14,1.460944e+08,1.719604e+07,-8.618958e+14,-4.319602e+14,-8.038685e+14,5.232229e+07,2.222230e+15,5.143279e+06,3.982585e+06,1.763206e+13,1.474730e+14,-5.358025e+12,0,69
6.447221e+07,2.404823e+14,1.604610e+07,1.155701e+07,-1.532841e+14,1.755990e+14,-1.564287e+14,2.890149e+07,4.044109e+14,1.240936e+08,1.788001e+07,-8.361066e+14,-3.565456e+14,-8.273474e+14,4.438096e+07,1.468015e+15,2.714034e+07,3.182005e+06,-2.737875e+13,-1.093180e+14,1.104884e+12,2,96
6.528418e+07,2.669842e+14,3.040696e+07,4.574494e+06,-4.885410e+13,7.116713e+13,-4.658271e+13,3.086520e+07,3.273031e+14,1.195392e+08,2.203408e+07,-1.130676e+15,-3.986235e+14,-1.034664e+15,4.720481e+07,1.539084e+15,5.114934e+07,9.843934e+06,8.793031e+13,-8.655518e+13,-6.693435e+12,0,87
7.480253e+07,3.716898e+14,3.600795e+06,1.764898e+06,4.438377e+12,-3.322068e+13,7.900057e+11,3.171424e+07,5.991866e+14,1.894479e+08,2.243942e+07,-1.461594e+15,-5.491575e+14,-1.784292e+15,5.087940e+07,1.893739e+15,2.397238e+07,4.048047e+06,-3.947168e+13,-1.722259e+14,-4.104726e+13,0,21
8.359683e+07,2.678949e+14,9.074338e+06,7.254476e+06,-1.565505e+13,6.633972e+13,-1.196623e+13,3.782505e+07,8.758532e+14,1.475923e+08,1.942989e+07,-1.021253e+15,-5.690481e+14,-7.913032e+14,5.414633e+07,2.335049e+15,1.250612e+07,1.767311e+06,-7.202581e+12,-7.238171e+13,6.026169e+10,0,46
7.582776e+07,2.637592e+14,9.875545e+05,6.048036e+06,1.184614e+13,8.407545e+13,1.182900e+13,3.223915e+07,7.581190e+14,1.445014e+08,1.557859e+07,-7.389709e+14,-4.288785e+14,-8.085171e+14,4.836366e+07,1.920679e+15,2.489916e+07,6.144941e+06,5.485702e+13,1.098666e+14,3.335265e+13,1,89
7.808304e+07,3.616073e+14,1.554856e+06,1.065771e+06,3.558119e+11,1.440240e+13,5.464334e+11,3.211020e+07,7.270042e+14,1.496223e+08,1.695899e+07,-8.468643e+14,-4.546290e+14,-8.804007e+14,5.112230e+07,2.126603e+15,1.738375e+07,2.896362e+06,8.515450e+11,-5.160514e+13,7.657880e+12,1,60
4.999083e+07,1.523202e+14,4.041727e+06,4.915365e+06,-1.284005e+13,4.441076e+13,-1.300596e+13,2.204739e+07,2.464688e+14,1.321142e+08,1.485956e+07,-6.366579e+14,-2.266124e+14,-5.797571e+14,3.429547e+07,7.893107e+14,8.663941e+07,1.049425e+07,-2.204690e+14,-2.193642e+14,-1.579588e+14,1,37
7.253406e+07,1.664612e+14,1.252790e+05,7.534387e+06,-3.161381e+12,9.676760e+13,-9.761549e+12,3.309643e+07,7.087805e+14,1.644490e+08,1.860247e+07,-1.021022e+15,-4.930014e+14,-1.075986e+15,4.593942e+07,1.641217e+15,6.868246e+07,1.236158e+07,8.946618e+13,-5.590688e+11,1.216654e+14,1,76
8.357561e+07,3.257208e+14,2.968157e+07,5.484761e+07,-2.212387e+15,9.886856e+14,-2.285382e+15,3.780973e+07,7.789099e+14,1.792710e+08,2.499342e+07,-1.619622e+15,-6.811893e+14,-1.815328e+15,5.585656e+07,2.217325e+15,5.632933e+07,1.032633e+07,1.944453e+14,3.517069e+14,-1.555553e+14,3,67
6.432596e+07,3.428819e+14,1.955347e+07,2.688551e+06,7.373037e+12,7.856165e+12,1.158530e+13,2.687431e+07,3.672712e+14,1.458788e+08,1.860520e+07,-9.692754e+14,-3.565518e+14,-1.137242e+15,4.539136e+07,1.441408e+15,3.257164e+07,5.449143e+06,-2.220654e+13,-1.420546e+14,-2.763272e+13,0,44
9.795426e+07,4.827008e+14,7.212143e+05,2.963036e+06,-3.396283e+11,3.156210e+13,-1.527128e+11,4.098768e+07,1.230903e+15,1.683603e+08,1.931031e+07,-1.091523e+15,-6.742732e+14,-9.300114e+14,6.295784e+07,3.256835e+15,5.004549e+06,1.043956e+06,2.365102e+12,5.953658e+13,-8.966925e+10,1,101
8.271988e+07,2.647467e+14,6.431229e+05,2.231007e+06,-2.537954e+12,3.234235e+13,5.533477e+11,3.565405e+07,9.509956e+14,1.341923e+08,1.561830e+07,-7.124421e+14,-4.805866e+14,-6.438175e+14,5.191420e+07,2.271504e+15,1.246567e+07,1.950445e+06,-2.209747e+12,-4.707702e+13,9.805704e+11,1,74
8.528518e+07,3.163163e+14,2.791524e+06,4.807746e+06,-7.124371e+12,8.406251e+13,1.478590e+13,3.627479e+07,9.828423e+14,1.305397e+08,1.515409e+07,-6.717313e+14,-4.744015e+14,-5.671044e+14,5.405742e+07,2.463505e+15,1.054238e+07,2.908803e+06,1.036462e+13,3.536297e+13,2.012020e+12,2,74
7.518234e+07,4.040330e+14,2.134947e+06,1.226739e+07,-5.984518e+13,2.292864e+14,-4.666768e+13,3.240529e+07,5.179828e+14,1.172756e+08,1.659680e+07,-7.314615e+14,-3.773016e+14,-6.380536e+14,5.246023e+07,2.123407e+15,2.356742e+07,3.991670e+06,1.375379e+12,-3.016872e+13,-1.396260e+13,1,25
5.020498e+07,3.103845e+14,1.869636e+07,9.755527e+05,4.158146e+12,-8.088305e+12,4.275696e+12,2.016122e+07,1.547072e+14,1.255858e+08,1.568450e+07,-6.725672e+14,-1.910623e+14,-7.155343e+14,3.777807e+07,9.757388e+14,2.646205e+07,3.930066e+06,-3.094806e+13,-1.165249e+14,-2.965700e+13,3,94
6.895318e+07,1.860587e+14,3.984751e+06,1.968443e+07,-1.341098e+14,2.300533e+14,-1.328088e+14,3.143137e+07,5.740322e+14,1.065556e+08,1.466359e+07,-5.474255e+14,-3.355558e+14,-5.769968e+14,4.499462e+07,1.540870e+15,6.046512e+07,7.705835e+06,-5.105076e+13,-1.405968e+14,-3.896525e+12,1,68
6.651585e+07,4.732921e+14,3.777449e+06,4.034683e+06,1.271422e+12,6.235275e+13,-2.606456e+12,2.576804e+07,3.675641e+14,1.227746e+08,1.511399e+07,-6.507407e+14,-2.892711e+14,-7.234492e+14,4.748183e+07,1.692655e+15,1.325874e+07,2.002866e+06,-6.863435e+12,-5.890327e+13,-7.487053e+11,3,58
9.136500e+07,4.427792e+14,2.320983e+07,3.699058e+06,3.378000e+13,7.495326e+13,1.892384e+13,3.791359e+07,1.054378e+15,1.377675e+08,1.570047e+07,-7.288798e+14,-5.092742e+14,-7.677693e+14,5.892127e+07,2.892208e+15,1.067960e+07,7.699522e+06,6.930953e+13,3.645304e+14,5.744288e+10,0,31
7.230016e+07,4.107480e+14,1.112485e+05,8.155756e+06,1.764961e+12,1.609972e+14,-1.597370e+12,2.894620e+07,5.376210e+14,1.524254e+08,1.773427e+07,-9.138400e+14,-4.093120e+14,-1.024776e+15,4.919942e+07,1.879882e+15,2.974820e+07,7.005778e+06,5.031153e+13,5.242669e+13,3.379734e+13,3,52
5.811056e+07,3.464418e+14,2.710466e+07,5.050148e+06,-8.671720e+12,3.310290e+13,2.532856e+12,2.423334e+07,2.376110e+14,1.357415e+08,2.061507e+07,-1.018853e+15,-2.962576e+14,-7.527258e+14,4.269641e+07,1.249273e+15,2.455776e+07,4.447432e+06,8.949890e+12,-8.021987e+13,-4.000827e+12,0,33
8.362067e+07,4.286826e+14,5.440932e+06,4.810799e+04,-8.632016e+08,-9.927712e+11,8.953624e+09,3.486183e+07,7.944333e+14,1.417610e+08,1.618793e+07,-7.725532e+14,-4.557469e+14,-7.858985e+14,5.543498e+07,2.464017e+15,3.757218e+06,2.306562e+05,-1.282519e+11,-6.625374e+12,4.316795e+10,2,90
5.471428e+07,3.687209e+14,5.128985e+07,1.168553e+06,-9.044841e+12,2.243551e+13,-7.408359e+12,2.191614e+07,1.924324e+14,1.090704e+08,1.603489e+07,-6.440544e+14,-2.153169e+14,-5.449859e+14,4.106136e+07,1.097756e+15,1.520301e+07,6.610641e+06,6.621596e+13,6.079336e+13,1.941914e+13,1,42
5.828600e+07,3.008868e+14,4.995986e+06,3.282548e+06,-1.167989e+13,5.670652e+13,-8.010357e+12,2.441909e+07,2.730991e+14,1.532375e+08,1.670621e+07,-8.450727e+14,-2.760658e+14,-8.254396e+14,4.176317e+07,1.292096e+15,3.078354e+07,4.119041e+06,-1.073510e+13,-4.014554e+13,-5.795877e+12,1,50
6.914778e+07,2.337762e+14,8.734038e+05,5.962213e+06,-1.353810e+13,7.527387e+13,-1.232422e+13,3.080559e+07,5.316773e+14,1.339694e+08,1.701573e+07,-7.829055e+14,-3.818179e+14,-8.310173e+14,4.609348e+07,1.629979e+15,4.406210e+07,5.508258e+06,-6.491576e+13,-1.925969e+14,-8.564608e+12,1,102
1.007527e+08,6.643984e+14,7.344960e+07,4.858312e+04,5.635155e+10,1.102717e+12,9.109474e+10,4.674584e+07,8.245492e+14,1.216424e+08,2.007643e+07,-9.919568e+14,-5.755800e+14,-1.115326e+15,7.245853e+07,4.090939e+15,1.725082e+06,9.196248e+06,3.624259e+13,5.666514e+14,4.667260e+13,3,73
5.322298e+07,2.443217e+14,8.407186e+06,1.137576e+07,-9.464017e+13,1.657771e+14,-9.672119e+13,2.267994e+07,2.265484e+14,1.025559e+08,1.453879e+07,-5.560970e+14,-2.179717e+14,-6.136195e+14,3.825469e+07,1.046342e+15,4.444930e+07,4.659029e+06,-6.453053e+13,-1.402930e+14,1.846267e+11,2,77
8.585329e+07,9.305782e+14,3.436805e+07,4.515340e+06,1.617483e+13,9.738731e+13,2.833576e+13,3.144467e+07,5.770099e+14,1.232435e+08,1.593989e+07,-6.965077e+14,-3.791596e+14,-5.414919e+14,6.192439e+07,2.960737e+15,3.716085e+07,9.400560e+06,1.616814e+14,3.179640e+14,2.394372e+14,3,65
6.724300e+07,3.101010e+14,7.199230e+05,7.277105e+06,-6.172039e+12,3.026809e+13,-2.945012e+12,2.747403e+07,5.238660e+14,1.242141e+08,1.344699e+07,-5.330308e+14,-3.029480e+14,-2.644992e+14,4.493616e+07,1.590009e+15,3.464592e+07,5.929088e+06,-2.823032e+12,-7.102010e+13,1.324686e+13,0,57
5.641219e+07,2.723167e+14,2.948716e+07,7.736560e+05,-3.328468e+12,1.180958e+13,-2.850936e+12,2.324578e+07,2.820003e+14,1.328578e+08,1.587848e+07,-6.423714e+14,-2.447841e+14,-7.030264e+14,3.974163e+07,1.100840e+15,2.764574e+07,4.791780e+06,1.476349e+13,-7.090097e+13,6.249521e+12,1,51
5.877040e+07,3.482228e+14,2.128055e+07,2.685072e+06,-2.029441e+13,5.009362e+13,-1.756497e+13,2.341374e+07,2.842486e+14,1.278563e+08,1.529137e+07,-6.063183e+14,-2.385633e+14,-6.671325e+14,4.205124e+07,1.250404e+15,2.869551e+07,3.489463e+06,-1.785061e+13,-1.103884e+14,-1.682479e+13,3,51
5.365276e+07,3.153723e+14,9.828044e+05,6.491585e+06,1.547714e+13,1.053335e+14,1.774902e+13,2.192607e+07,1.953571e+14,1.247561e+08,1.355399e+07,-5.561298e+14,-1.894284e+14,-5.969988e+14,3.967803e+07,1.119362e+15,4.391356e+07,9.568015e+06,1.204031e+14,1.154774e+14,1.167221e+14,0,66
7.970614e+07,3.504195e+14,5.361019e+05,1.218645e+06,4.952378e+11,-7.684223e+12,1.369164e+12,3.311709e+07,7.842280e+14,1.548792e+08,1.752160e+07,-8.953729e+14,-4.845226e+14,-9.785857e+14,5.177818e+07,2.176551e+15,2.318865e+07,2.855553e+06,-2.033813e+13,-1.205550e+14,-1.790450e+13,0,60
8.638154e+07,3.832749e+14,2.642646e+07,1.396226e+06,8.475443e+12,-1.378372e+13,9.654333e+12,3.603915e+07,9.510353e+14,1.455759e+08,1.717457e+07,-7.718736e+14,-4.960271e+14,-6.179692e+14,5.555727e+07,2.547387e+15,1.024777e+07,2.535384e+06,8.338091e+12,-1.339542e+13,8.369277e+12,2,12
5.485454e+07,2.956644e+14,5.920428e+04,5.155614e+06,9.144035e+11,8.859010e+13,3.529163e+12,2.306578e+07,2.142850e+14,1.330463e+08,1.455942e+07,-6.323314e+14,-2.115890e+14,-6.550142e+14,4.022394e+07,1.151972e+15,3.923445e+07,8.343277e+06,9.326791e+13,9.935483e+13,9.324949e+13,1,66
9.806432e+07,3.262753e+14,1.086906e+07,1.700086e+06,4.731071e+12,2.835028e+13,4.446794e+12,4.330268e+07,1.362457e+15,1.587171e+08,1.894879e+07,-1.032809e+15,-6.961075e+14,-1.155620e+15,6.134998e+07,3.112118e+15,1.301355e+07,4.748602e+06,3.706840e+13,2.000567e+14,4.633677e+13,2,95
6.458584e+07,3.471490e+14,1.239693e+07,2.753512e+06,-1.221976e+13,4.048916e+13,-1.046946e+13,2.684607e+07,3.703624e+14,1.484386e+08,1.864700e+07,-9.809109e+14,-3.588541e+14,-1.110697e+15,4.547181e+07,1.449298e+15,3.320561e+07,4.510532e+06,-4.514885e+13,-1.633549e+14,-3.234567e+13,1,44
7.033857e+07,3.991856e+14,4.399855e+07,2.952303e+06,-3.193757e+13,5.860319e+13,-2.702995e+13,3.248944e+07,3.198988e+14,1.054635e+08,1.976106e+07,-9.021092e+14,-3.534406e+14,-8.425041e+14,5.246639e+07,2.000197e+15,3.727559e+07,9.886161e+06,1.318164e+14,5.330055e+13,4.680124e+12,3,87
6.940201e+07,2.793879e+14,6.720040e+06,5.826224e+05,-4.751595e+11,7.214121e+12,-4.358367e+11,2.921967e+07,5.539427e+14,1.484287e+08,1.705690e+07,-8.567038e+14,-4.013607e+14,-8.940378e+14,4.589719e+07,1.619841e+15,3.411164e+07,4.083422e+06,-4.766528e+13,-1.640765e+14,-4.856925e+13,1,71
1.029513e+08,1.519474e+14,1.267801e+07,5.260284e+05,-1.260988e+12,1.813268e+12,-1.674282e+11,4.800047e+07,1.831589e+15,1.347463e+08,1.572798e+07,-6.695830e+14,-6.443708e+14,-7.038090e+14,6.021001e+07,3.132587e+15,7.560780e+06,1.777781e+06,3.239088e+12,2.486739e+11,1.846934e+12,2,86
5.032507e+07,1.513027e+14,1.010088e+07,1.440412e+06,-3.094771e+12,1.305968e+13,-3.365019e+12,2.232932e+07,2.491859e+14,1.422064e+08,1.601119e+07,-7.560621e+14,-2.502276e+14,-7.329106e+14,3.454546e+07,8.042607e+14,7.731444e+07,8.743766e+06,-2.198728e+14,-2.366894e+14,-2.315960e+14,0,37
7.024769e+07,3.049508e+14,6.653463e+06,9.683417e+05,1.816335e+12,-1.453935e+13,2.294805e+12,2.935575e+07,5.597996e+14,1.443643e+08,1.625053e+07,-7.870763e+14,-3.844861e+14,-6.496864e+14,4.670887e+07,1.672247e+15,4.591967e+07,5.766132e+06,-6.727120e+13,-2.079743e+14,-6.715061e+13,1,41
7.594228e+07,4.658628e+14,1.247963e+06,5.202629e+06,-2.446701e+12,1.113064e+14,-9.922987e+12,3.009039e+07,5.977911e+14,1.382421e+08,1.693448e+07,-8.186888e+14,-4.136995e+14,-8.950415e+14,5.153754e+07,2.106072e+15,7.479957e+06,2.899308e+06,1.027622e+13,8.472264e+13,-4.196573e+12,3,82
7.747094e+07,2.559482e+14,3.793816e+05,2.138826e+06,1.603265e+12,2.866208e+13,1.629166e+12,3.355350e+07,7.884677e+14,1.428282e+08,1.538974e+07,-7.208717e+14,-4.320722e+14,-7.519579e+14,4.941678e+07,2.027543e+15,1.832301e+07,3.639938e+06,1.695515e+13,3.780534e+13,1.683164e+13,2,89
5.772397e+07,3.216373e+14,7.132451e+06,4.632791e+06,-1.915323e+13,8.067371e+13,-1.543492e+13,2.358772e+07,2.639156e+14,1.470438e+08,1.570238e+07,-7.503095e+14,-2.543314e+14,-7.793939e+14,4.148624e+07,1.278098e+15,2.850902e+07,3.632501e+06,-9.169685e+12,-3.279641e+13,-1.443574e+12,0,50
9.245365e+07,4.387918e+14,1.195890e+06,2.865889e+06,-4.813962e+11,1.169740e+13,7.502666e+11,3.865818e+07,1.091463e+15,1.562120e+08,1.804953e+07,-9.399151e+14,-5.902610e+14,-7.212605e+14,5.960406e+07,2.908002e+15,4.847336e+06,7.711509e+05,-3.375570e+11,-6.431568e+12,9.927882e+10,2,101
9.515189e+07,5.773926e+14,2.151815e+07,6.629985e+06,7.898106e+13,1.592981e+14,8.419877e+13,3.810480e+07,1.100627e+15,1.234401e+08,1.376206e+07,-5.659059e+14,-4.561638e+14,-5.770432e+14,6.197755e+07,3.260389e+15,1.033220e+07,9.486208e+06,9.390528e+13,5.377755e+14,-1.694027e+13,0,29
5.583118e+07,2.802526e+14,5.661699e+06,3.054466e+07,-3.867532e+14,5.019054e+14,-4.730643e+14,2.360274e+07,2.507797e+14,1.345613e+08,1.910568e+07,-8.721754e+14,-2.821575e+14,-8.017005e+14,4.016754e+07,1.057319e+15,6.735494e+07,1.040485e+07,2.900096e+13,2.047495e+13,-6.310784e+13,0,81
8.524219e+07,1.237255e+15,2.317173e+06,2.114433e+07,1.412667e+14,7.436213e+14,1.119479e+14,3.060730e+07,3.824924e+14,1.210229e+08,1.762993e+07,-8.107727e+14,-3.436101e+14,-7.915740e+14,6.568517e+07,3.126266e+15,1.442467e+07,1.517196e+07,2.047827e+14,8.385806e+14,1.315464e+13,1,97
8.727725e+07,3.484955e+14,2.635229e+07,4.699337e+07,-1.621242e+15,8.590595e+14,-1.879386e+15,3.942730e+07,8.682708e+14,1.883132e+08,2.527466e+07,-1.740048e+15,-7.446089e+14,-1.749028e+15,5.782159e+07,2.393530e+15,5.866151e+07,8.238226e+06,1.158362e+14,2.350135e+14,-1.206685e+14,1,67
6.391783e+07,5.594134e+14,1.294931e+07,2.722547e+06,-1.486708e+13,6.438441e+13,-1.112443e+13,2.360249e+07,2.807039e+14,1.040865e+08,1.397032e+07,-5.324794e+14,-2.338691e+14,-4.983537e+14,4.719540e+07,1.640848e+15,2.172639e+07,3.118393e+06,-2.012353e+13,-1.220152e+14,-1.247310e+13,0,78
6.633849e+07,6.082672e+14,2.731748e+07,3.356583e+06,3.214030e+13,8.275894e+13,3.228427e+13,2.457015e+07,2.934048e+14,1.107433e+08,1.513653e+07,-6.163379e+14,-2.583302e+14,-6.350904e+14,4.921959e+07,1.769007e+15,2.389776e+07,1.448072e+07,2.595396e+14,3.409957e+14,3.168295e+14,2,78
8.467750e+07,6.011727e+14,3.438742e+07,6.604086e+06,-8.533696e+13,1.550115e+14,-8.086597e+13,3.540390e+07,6.140002e+14,1.554408e+08,2.131792e+07,-1.226967e+15,-5.280006e+14,-1.273529e+15,5.992258e+07,2.716240e+15,6.406421e+06,7.584169e+05,6.015925e+10,-3.075148e+13,6.063102e+11,2,47
7.685880e+07,3.555243e+14,9.512831e+05,1.648951e+06,1.331634e+12,-8.689888e+12,2.405663e+12,3.157891e+07,7.034719e+14,1.439620e+08,1.641439e+07,-7.973388e+14,-4.352443e+14,-6.846193e+14,5.043094e+07,2.068220e+15,1.532533e+07,1.979289e+06,-8.770286e+12,-7.995659e+13,-5.416033e+12,2,63
8.573740e+07,5.900186e+14,4.771910e+07,2.185151e+06,1.221739e+10,-5.298186e+13,4.597510e+12,3.534112e+07,6.843985e+14,1.219925e+08,1.710175e+07,-7.469611e+14,-4.251236e+14,-6.118941e+14,5.958952e+07,2.696062e+15,8.756509e+06,7.751397e+06,6.236114e+13,2.764999e+14,4.751836e+13,0,72
5.443171e+07,4.592185e+14,1.711045e+07,1.525373e+06,-6.231212e+12,3.065219e+13,-8.467987e+12,2.089052e+07,1.481846e+14,1.244011e+08,1.455353e+07,-6.188899e+14,-1.767528e+14,-6.284398e+14,4.226582e+07,1.137062e+15,5.003028e+07,6.120345e+06,-8.112998e+13,-1.986617e+14,-7.636989e+13,0,9
7.226410e+07,5.973616e+14,6.436615e+07,9.628547e+05,-6.860792e+12,2.132072e+13,-5.522979e+12,2.873787e+07,3.748185e+14,1.044894e+08,1.659675e+07,-6.709801e+14,-3.151318e+14,-5.550558e+14,5.313651e+07,2.047853e+15,3.002385e+06,5.465044e+06,1.919465e+13,1.711957e+14,6.505225e+12,3,85
8.575745e+07,5.509808e+14,6.057215e+06,6.217115e+06,-3.721516e+13,1.451170e+14,-2.886216e+13,3.483367e+07,7.610726e+14,1.633942e+08,2.027674e+07,-1.165839e+15,-5.583921e+14,-1.142451e+15,5.817335e+07,2.669759e+15,9.261640e+06,1.463532e+06,-5.216942e+11,-9.813327e+12,-8.912180e+11,2,70
7.385250e+07,3.984273e+14,3.808102e+06,1.142724e+07,-7.500992e+13,2.082681e+14,-4.258254e+13,3.149409e+07,5.097793e+14,1.947298e+08,2.109256e+07,-1.319537e+15,-4.694902e+14,-1.222514e+15,5.127717e+07,1.814740e+15,7.071720e+07,8.471444e+06,-6.777065e+13,-1.228221e+14,1.044543e+13,2,59
8.844409e+07,4.578766e+14,1.102842e+07,2.172749e+06,1.037194e+13,-2.830669e+13,1.132819e+13,3.653485e+07,9.423506e+14,1.372789e+08,1.629946e+07,-6.602853e+14,-4.529720e+14,-4.905456e+14,5.775804e+07,2.744916e+15,2.099269e+07,2.786264e+06,-1.393694e+13,-1.311979e+14,-1.313633e+13,1,12
7.279617e+07,3.716641e+14,2.127930e+06,5.316165e+05,-3.530327e+11,6.825196e+12,-1.291228e+11,2.939430e+07,5.835216e+14,1.285280e+08,1.422743e+07,-6.036376e+14,-3.425995e+14,-6.306398e+14,4.866021e+07,1.906049e+15,2.860158e+07,3.297252e+06,-1.966580e+13,-1.171337e+14,-1.955334e+13,3,83
7.863640e+07,2.968631e+14,3.483571e+07,7.221308e+04,-2.901404e+10,5.020210e+11,-4.206675e+10,3.314746e+07,8.091503e+14,1.363124e+08,1.544421e+07,-6.853402e+14,-4.310565e+14,-7.367975e+14,5.024926e+07,2.071398e+15,1.865525e+06,2.991504e+06,7.063807e+12,1.343995e+14,-1.115517e+12,0,62
5.279933e+07,5.184373e+14,2.471111e+07,3.230046e+06,-2.885723e+13,7.302215e+13,-2.225170e+13,1.891478e+07,1.244274e+14,9.175266e+07,1.415526e+07,-5.095045e+14,-1.577768e+14,-4.481685e+14,4.168178e+07,1.177044e+15,1.513670e+07,3.140993e+06,-3.601228e+12,-8.019839e+13,-4.798918e+12,3,64
8.121205e+07,4.544514e+14,9.535531e+06,1.381305e+07,4.573194e+13,1.963709e+14,8.775391e+13,3.295092e+07,7.374211e+14,1.381788e+08,1.633132e+07,-7.125942e+14,-4.197558e+14,-5.146273e+14,5.411508e+07,2.374440e+15,2.140004e+07,1.165984e+07,1.769150e+14,4.136370e+14,-2.945390e+13,2,69
8.117339e+07,5.564260e+14,3.671098e+07,4.780041e+06,-6.140957e+13,1.126159e+14,-5.042491e+13,3.363075e+07,5.760268e+14,1.481522e+08,2.001462e+07,-1.049532e+15,-4.672345e+14,-1.068003e+15,5.721838e+07,2.491895e+15,2.573908e+06,3.899471e+05,3.790148e+11,-3.907153e+12,-4.849881e+09,1,47
4.923540e+07,3.733055e+14,1.118277e+07,8.441838e+05,1.692305e+12,-2.876675e+12,1.337929e+12,1.852965e+07,1.324323e+14,1.091764e+08,1.243667e+07,-4.492819e+14,-1.425915e+14,-3.078323e+14,3.784978e+07,9.492644e+14,2.306599e+07,3.557989e+06,-1.366925e+13,-9.042897e+13,-1.483589e+13,1,75
6.683550e+07,3.055382e+14,4.590537e+06,4.296527e+06,-1.158688e+13,5.470654e+13,-1.017274e+13,2.932194e+07,4.055782e+14,1.910464e+08,2.035124e+07,-1.236716e+15,-4.041164e+14,-1.144370e+15,4.670152e+07,1.512933e+15,6.172003e+07,6.950020e+06,-9.140623e+13,-1.571870e+14,-6.352023e+13,1,59
8.905340e+07,5.472159e+14,2.447434e+07,1.438622e+06,-3.683858e+12,-2.616992e+13,-9.450504e+12,3.597759e+07,9.307953e+14,1.333788e+08,1.529536e+07,-6.883195e+14,-4.655740e+14,-3.631435e+14,5.934620e+07,2.833491e+15,6.706427e+06,3.893290e+06,1.803598e+13,6.140779e+13,1.480626e+13,0,12
6.271659e+07,1.346813e+14,3.202940e+06,1.457525e+07,-9.919026e+13,1.618098e+14,-4.849843e+13,2.872501e+07,5.021133e+14,1.665628e+08,1.704261e+07,-9.008129e+14,-3.791266e+14,-7.738519e+14,4.032741e+07,1.170604e+15,8.322655e+07,1.080553e+07,-1.458304e+13,-5.927178e+13,5.998080e+13,0,40
5.711234e+07,5.343587e+14,2.190842e+07,2.854560e+06,-2.248360e+13,6.590030e+13,-1.889717e+13,2.288258e+07,1.257466e+14,8.445200e+07,1.526304e+07,-5.404546e+14,-1.703677e+14,-5.328170e+14,4.590155e+07,1.446251e+15,3.998182e+06,1.450204e+06,2.377531e+12,-1.818466e+13,6.664221e+11,0,64
5.627270e+07,3.632741e+14,4.058070e+05,6.802912e+06,6.050270e+12,1.207908e+14,8.563705e+12,2.230562e+07,2.229921e+14,1.250797e+08,1.356560e+07,-5.579431e+14,-2.025637e+14,-6.015842e+14,4.134514e+07,1.215261e+15,3.794918e+07,7.548223e+06,6.210685e+13,6.131639e+13,6.146447e+13,3,66
7.720834e+07,3.373157e+14,5.001952e+07,2.414651e+06,-2.402365e+13,4.116978e+13,-1.753075e+13,3.351278e+07,6.449687e+14,1.298391e+08,1.742802e+07,-8.281465e+14,-4.420861e+14,-7.049830e+14,5.187108e+07,1.996701e+15,2.489020e+07,5.870604e+06,5.207861e+13,-1.177686e+13,1.394826e+13,1,72
6.331572e+07,3.490090e+14,3.828423e+07,2.038313e+06,-1.611351e+12,1.997944e+13,-4.780113e+11,2.827843e+07,2.682498e+14,9.844962e+07,1.835117e+07,-7.268125e+14,-2.831881e+14,-6.611550e+14,4.695931e+07,1.584643e+15,2.890807e+07,9.207909e+06,1.378610e+14,1.082637e+14,1.169124e+13,0,4
5.819046e+07,3.185112e+14,1.213722e+07,3.795946e+06,-2.575571e+13,6.570227e+13,-1.678482e+13,2.353450e+07,2.852221e+14,1.487974e+08,1.642508e+07,-8.116893e+14,-2.773710e+14,-7.351090e+14,4.133464e+07,1.243822e+15,2.939503e+07,3.270845e+06,-2.852483e+13,-9.149098e+13,-1.832006e+13,2,50
6.719712e+07,3.054671e+14,2.729146e+06,1.452641e+07,9.116404e+13,2.435053e+14,1.139575e+14,2.783559e+07,5.058914e+14,1.284933e+08,1.453088e+07,-4.800942e+14,-2.686442e+14,-4.544567e+14,4.528750e+07,1.578695e+15,4.550877e+07,1.392777e+07,2.895068e+14,3.143786e+14,1.319228e+14,0,61
7.756051e+07,3.381569e+14,1.224553e+06,2.117591e+06,-2.048249e+12,1.332380e+13,-6.563716e+11,3.229156e+07,7.270626e+14,1.510014e+08,1.717289e+07,-8.487528e+14,-4.542825e+14,-9.075714e+14,5.062243e+07,2.075930e+15,2.207635e+07,3.569000e+06,-7.312081e+11,-7.141886e+13,1.069127e+13,3,60
5.580007e+07,5.782356e+14,6.094071e+06,2.680190e+05,-3.221947e+11,-3.697374e+12,-2.709931e+11,1.942172e+07,1.522332e+14,9.025503e+07,1.080782e+07,-3.327569e+14,-1.314651e+14,-2.912295e+14,4.346253e+07,1.323755e+15,1.452676e+07,3.167324e+06,1.026479e+13,-2.768258e+13,8.789418e+12,3,75
8.019706e+07,3.692299e+14,2.720387e+07,3.594450e+06,3.519163e+13,6.897442e+13,4.049767e+13,3.313493e+07,7.869828e+14,1.281090e+08,1.484879e+07,-5.707897e+14,-3.853342e+14,-6.341004e+14,5.231652e+07,2.248526e+15,6.205545e+06,7.799186e+06,5.411420e+13,3.686585e+14,3.961757e+12,1,62
9.665685e+07,9.914531e+14,2.199520e+07,2.987241e+07,7.583666e+14,9.385871e+14,7.988806e+14,3.650474e+07,8.287387e+14,1.437066e+08,1.839930e+07,-9.430428e+14,-5.287537e+14,-1.010843e+15,6.790902e+07,3.638359e+15,5.568060e+07,2.651983e+07,1.017584e+15,1.481470e+15,9.092642e+14,2,80
5.177617e+07,2.795105e+14,1.573554e+07,2.277025e+06,-9.983504e+12,3.181126e+13,-1.174790e+13,2.128007e+07,1.951338e+14,1.418294e+08,1.627710e+07,-7.743741e+14,-2.263314e+14,-7.203171e+14,3.782583e+07,9.315496e+14,5.816436e+07,6.774186e+06,-1.287381e+14,-2.061871e+14,-1.155757e+14,0,91
9.622648e+07,3.517339e+14,7.083108e+06,6.895702e+05,1.046935e+11,9.784557e+12,3.210964e+11,4.199154e+07,1.282652e+15,1.601079e+08,1.935142e+07,-1.076838e+15,-6.926932e+14,-1.175522e+15,6.053461e+07,3.008782e+15,1.894894e+07,3.487934e+06,2.082851e+13,5.252122e+13,2.679977e+13,1,95
8.880609e+07,5.020505e+14,5.627763e+06,8.071526e+06,4.380558e+13,1.767043e+14,7.341744e+13,3.609229e+07,9.343594e+14,1.620500e+08,1.901953e+07,-1.055568e+15,-5.812506e+14,-9.485636e+14,5.830805e+07,2.782270e+15,1.251076e+07,6.160580e+06,5.152975e+13,2.987445e+14,-1.971992e+13,1,103
7.318446e+07,1.827969e+14,5.991063e+06,3.050904e+07,-3.091703e+14,4.106683e+14,-8.915413e+13,3.297019e+07,7.129746e+14,1.340734e+08,1.596731e+07,-7.284732e+14,-4.234005e+14,-7.136494e+14,4.648324e+07,1.647314e+15,7.683095e+07,1.311789e+07,1.531007e+14,5.314645e+13,1.230440e+13,0,68
8.067049e+07,3.329808e+14,7.282717e+06,3.024671e+06,4.788076e+12,1.317589e+12,1.537373e+13,3.399697e+07,8.246117e+14,1.532832e+08,1.761802e+07,-8.588307e+14,-4.871506e+14,-9.179062e+14,5.214837e+07,2.180287e+15,2.138627e+07,2.553566e+06,-1.866843e+13,-1.191677e+14,-1.376204e+13,2,104
7.350367e+07,4.300026e+14,5.108670e+06,4.891787e+06,-2.185339e+13,6.762093e+13,-2.875526e+12,2.938999e+07,5.619473e+14,1.449099e+08,1.671335e+07,-7.942590e+14,-3.882282e+14,-8.718189e+14,5.004456e+07,1.953006e+15,1.869144e+07,4.682867e+06,2.099526e+13,3.136370e+13,1.747766e+13,2,52
7.485222e+07,2.429446e+14,1.350781e+05,5.501581e+06,2.968973e+12,5.927036e+13,2.561889e+12,3.260972e+07,7.237233e+14,1.450720e+08,1.567077e+07,-7.470250e+14,-4.213844e+14,-8.473594e+14,4.814937e+07,1.896359e+15,2.368979e+07,6.093198e+06,5.437579e+13,1.144342e+14,4.681969e+13,3,89
1.002392e+08,1.037586e+15,4.325355e+07,2.350015e+07,7.085361e+14,7.172786e+14,7.561679e+14,3.917990e+07,8.411037e+14,1.322409e+08,1.886454e+07,-9.420696e+14,-5.465246e+14,-8.772452e+14,7.123845e+07,3.948462e+15,1.834515e+07,3.469921e+07,8.744362e+14,2.115148e+15,8.166484e+14,0,30
8.092473e+07,3.966485e+14,2.690080e+06,3.409041e+06,-9.053966e+12,6.685674e+13,-7.872693e+12,3.323196e+07,7.724037e+14,1.453548e+08,1.638617e+07,-7.997058e+14,-4.554010e+14,-8.136467e+14,5.313346e+07,2.277945e+15,2.960984e+07,3.477263e+06,-2.518028e+13,-1.258359e+14,-9.180070e+12,3,104
7.611383e+07,4.948017e+14,1.646358e+07,2.054644e+06,-1.194997e+13,-1.459602e+13,-8.938219e+12,3.033676e+07,5.580598e+14,1.417775e+08,1.821738e+07,-8.706431e+14,-4.130070e+14,-6.397869e+14,5.254612e+07,2.131476e+15,1.458477e+07,6.634532e+06,5.848491e+13,1.166326e+14,6.403062e+13,0,45
8.865767e+07,5.092844e+14,4.474515e+05,1.788066e+07,-4.923681e+13,3.825046e+14,-4.679432e+13,3.686510e+07,8.679043e+14,1.803091e+08,2.207837e+07,-1.389012e+15,-6.486933e+14,-1.319777e+15,5.919823e+07,2.762845e+15,2.165399e+07,7.309964e+06,7.879926e+13,2.655119e+14,-3.862550e+13,1,70
8.499108e+07,6.009222e+14,1.086521e+07,1.377879e+07,-1.242950e+14,3.377692e+14,-8.088791e+12,3.541906e+07,6.321464e+14,1.241984e+08,1.765342e+07,-8.261802e+14,-4.436021e+14,-6.922461e+14,5.993236e+07,2.686988e+15,1.663488e+07,3.925349e+06,3.151630e+13,2.014356e+14,2.741273e+13,1,99
9.660136e+07,6.724384e+14,2.396864e+06,2.474361e+07,1.708025e+14,6.324528e+14,1.616064e+14,3.988414e+07,9.535387e+14,1.170298e+08,1.663624e+07,-7.124476e+14,-5.053992e+14,-7.442351e+14,6.573288e+07,3.396928e+15,4.631540e+07,1.583642e+07,4.273203e+14,8.710117e+14,4.573499e+14,2,98
6.133990e+07,3.081924e+14,2.045085e+07,3.870934e+06,-1.141865e+13,5.165056e+13,-1.208226e+13,2.590279e+07,3.230069e+14,1.505812e+08,1.830063e+07,-9.595964e+14,-3.281652e+14,-1.052076e+15,4.338410e+07,1.257797e+15,4.324903e+07,5.308043e+06,-4.206764e+13,-1.677150e+14,-3.635740e+13,0,19
7.309694e+07,3.010718e+14,5.884926e+04,7.593992e+06,-4.822909e+12,1.031820e+14,1.362538e+12,3.338438e+07,5.138692e+14,1.392469e+08,1.760101e+07,-8.679717e+14,-3.955444e+14,-7.513002e+14,5.042836e+07,2.018716e+15,1.087063e+07,3.102525e+06,1.219051e+13,3.752309e+13,-9.216126e+12,3,69
7.235920e+07,7.465927e+14,1.289701e+07,5.065457e+06,-4.035887e+13,1.313689e+14,-2.577975e+13,2.733059e+07,3.180196e+14,1.415657e+08,1.865544e+07,-9.565658e+14,-3.319217e+14,-8.153789e+14,5.464447e+07,2.045739e+15,1.992373e+07,2.527706e+06,-1.711638e+13,-1.133278e+14,-3.371945e+12,0,24
8.893222e+07,4.471770e+14,5.506095e+06,1.664329e+07,-1.533800e+14,3.471820e+14,-9.724617e+13,3.854737e+07,8.642667e+14,1.877411e+08,2.410598e+07,-1.615542e+15,-7.055386e+14,-1.556149e+15,5.953675e+07,2.742259e+15,2.060687e+07,4.740606e+06,2.750554e+13,9.390522e+13,-2.334117e+13,3,70
8.438310e+07,3.226476e+14,1.106377e+06,1.395931e+06,1.683683e+12,-3.006339e+12,1.234422e+12,3.552276e+07,9.790662e+14,1.328323e+08,1.504547e+07,-6.699208e+14,-4.697145e+14,-7.837411e+14,5.337545e+07,2.390880e+15,4.360859e+06,6.138368e+05,-9.485078e+11,-2.765784e+13,-5.037666e+11,2,100
8.629639e+07,4.939966e+14,5.673789e+05,2.423786e+06,1.143135e+12,5.031465e+13,4.943752e+11,3.480889e+07,8.566445e+14,1.623419e+08,1.898167e+07,-1.045690e+15,-5.526940e+14,-1.081661e+15,5.702889e+07,2.666719e+15,5.182935e+06,1.434125e+06,2.860939e+12,5.221223e+13,-1.252384e+12,3,103
7.222730e+07,5.393395e+14,3.487337e+07,1.839615e+06,-1.471208e+13,4.272262e+13,-1.546307e+13,2.927237e+07,3.922018e+14,1.143923e+08,1.679483e+07,-7.345566e+14,-3.325087e+14,-7.448673e+14,5.243197e+07,2.030592e+15,2.589517e+06,1.810308e+06,3.831754e+12,3.336142e+13,-1.840460e+11,0,93
6.802366e+07,3.117267e+14,4.232644e+06,2.699201e+05,1.251188e+11,1.339191e+12,8.372633e+10,2.803391e+07,5.009369e+14,1.505887e+08,1.743651e+07,-8.934649e+14,-3.902445e+14,-8.653221e+14,4.564281e+07,1.599537e+15,2.286707e+07,2.894362e+06,-2.093305e+13,-1.107589e+14,-2.081935e+13,3,71
6.034448e+07,3.624698e+14,2.112943e+06,1.177402e+07,4.017863e+13,2.032396e+14,4.012208e+13,2.371431e+07,3.197042e+14,1.230626e+08,1.406480e+07,-5.845922e+14,-2.513936e+14,-6.814472e+14,4.261794e+07,1.341826e+15,4.801900e+07,1.235595e+07,1.852303e+14,9.922798e+13,1.215213e+14,3,53
4.614999e+07,1.144994e+14,7.069138e+06,1.589287e+07,-1.472550e+14,1.572535e+14,-1.426989e+14,2.135514e+07,2.001734e+14,1.321866e+08,1.505253e+07,-6.710977e+14,-2.128794e+14,-5.698563e+14,3.204731e+07,6.154278e+14,9.153150e+07,9.216145e+06,-1.967649e+14,-1.509184e+14,-1.907193e+13,3,54
8.650283e+07,3.315181e+14,9.264887e+04,2.364105e+06,-8.676792e+11,-8.389012e+12,-1.261480e+12,3.664057e+07,1.022931e+15,1.360019e+08,1.566395e+07,-7.186845e+14,-4.996550e+14,-8.125159e+14,5.480967e+07,2.513612e+15,5.599198e+06,9.994767e+05,-4.126957e+11,-1.791613e+13,2.751998e+11,3,100
5.413554e+07,2.750247e+14,3.339553e+06,1.592236e+07,-1.159742e+14,2.542875e+14,-1.358945e+14,2.270472e+07,2.273007e+14,1.024613e+08,1.429620e+07,-5.471291e+14,-2.154536e+14,-6.356801e+14,3.925132e+07,1.111414e+15,4.224918e+07,5.569493e+06,-2.230610e+13,-7.258066e+13,-1.317325e+13,0,77
7.623230e+07,4.386799e+14,2.404908e+06,5.349026e+05,5.472984e+11,-8.818541e+12,5.309079e+11,3.090090e+07,6.178216e+14,1.418907e+08,1.691380e+07,-8.280289e+14,-4.203135e+14,-9.320278e+14,5.152715e+07,2.055384e+15,1.764801e+07,2.666387e+06,-1.216706e+13,-1.046598e+14,-1.212331e+13,2,48
8.518804e+07,3.195858e+14,1.306857e+06,1.129720e+06,8.317706e+11,1.927807e+13,1.416620e+12,3.576659e+07,9.960256e+14,1.332867e+08,1.515818e+07,-6.813321e+14,-4.783901e+14,-6.535081e+14,5.364190e+07,2.442483e+15,9.469915e+06,1.756959e+06,1.279596e+12,-1.849194e+13,2.177284e+12,3,74
6.698870e+07,2.642747e+14,1.194126e+07,9.655582e+06,-1.015727e+14,1.509168e+14,-1.051315e+14,2.933783e+07,4.677643e+14,1.309057e+08,1.776087e+07,-8.542544e+14,-3.825192e+14,-8.463546e+14,4.537704e+07,1.580301e+15,4.076363e+07,4.541362e+06,-6.089292e+13,-1.751367e+14,-5.611499e+12,0,41
7.586768e+07,3.471400e+14,1.302494e+07,2.121248e+06,4.960745e+12,1.584265e+13,1.059939e+12,3.320039e+07,5.783421e+14,1.529162e+08,1.951875e+07,-1.061217e+15,-4.683470e+14,-1.105320e+15,5.183066e+07,2.098434e+15,7.357281e+06,1.312678e+06,-5.526469e+11,-3.261747e+13,-9.696664e+11,3,84
7.375397e+07,3.492976e+14,2.404603e+07,6.276510e+06,-6.346426e+13,1.147314e+14,-8.659408e+13,3.114831e+07,5.729983e+14,1.485908e+08,1.840517e+07,-9.617420e+14,-4.402564e+14,-9.845044e+14,4.982511e+07,1.854104e+15,2.905433e+07,3.322543e+06,-3.042873e+13,-1.426925e+14,-1.379681e+13,0,7
8.015104e+07,7.558844e+14,2.474022e+06,3.300282e+06,3.311016e+12,8.477529e+13,1.230120e+13,3.053696e+07,4.978358e+14,1.302605e+08,1.712810e+07,-8.089455e+14,-3.821625e+14,-6.985376e+14,5.789066e+07,2.559081e+15,1.739511e+07,3.684377e+06,2.795228e+13,1.259653e+14,3.794004e+13,2,65
6.499323e+07,2.907210e+14,7.434651e+06,1.025037e+07,-4.363778e+13,1.439205e+14,-8.075418e+13,2.875710e+07,3.729416e+14,1.105960e+08,1.604998e+07,-6.121003e+14,-2.902125e+14,-6.203768e+14,4.573202e+07,1.533355e+15,3.774663e+07,3.809300e+06,-4.417232e+13,-1.403727e+14,1.691759e+12,0,5
1.030013e+08,6.089447e+14,3.942046e+07,1.037065e+06,1.071849e+12,-2.554317e+13,7.744034e+11,4.199686e+07,1.329133e+15,1.498644e+08,1.742316e+07,-8.797833e+14,-6.299663e+14,-9.720065e+14,6.666875e+07,3.721680e+15,5.611737e+06,2.626682e+06,1.007994e+13,1.310618e+14,1.121395e+13,2,49
