8.093378e+09,4.867141e+18,4.851622e+19,6.625406e+20,3.380988e+09,6.314440e+18,2.385111e+22,3.682951e+21,5.581059e+09,2.253729e+19,2.022809e+21,7.901479e+20,3,72
3.535524e+09,9.951292e+17,1.362539e+21,3.904468e+19,1.507865e+09,1.075082e+18,3.763187e+21,6.509422e+20,2.499105e+09,4.114528e+18,2.575375e+19,7.085761e+19,3,93
2.828674e+09,5.661806e+17,3.997321e+20,7.232762e+19,1.184038e+09,8.389269e+17,1.540979e+21,2.463580e+20,1.913587e+09,2.779142e+18,3.259765e+19,1.409470e+19,0,26
2.400741e+09,2.124045e+17,2.197147e+19,9.310050e+18,1.143478e+09,6.364118e+17,2.008072e+21,3.111847e+20,1.604343e+09,1.670690e+18,1.801239e+19,1.686160e+19,3,96
2.113876e+09,1.368441e+17,1.111045e+21,2.004274e+19,1.036451e+09,5.030139e+17,1.641306e+21,2.931979e+20,1.405368e+09,1.165847e+18,2.428817e+20,1.074761e+20,1,55
1.802577e+09,8.345247e+16,7.784066e+19,2.782221e+19,9.244384e+08,3.567750e+17,1.072853e+21,2.196446e+20,1.211403e+09,8.456952e+17,3.285540e+19,7.966927e+18,3,90
3.884038e+09,1.232616e+18,1.848670e+20,7.260714e+18,1.634499e+09,1.328444e+18,4.239441e+21,6.434682e+20,2.731478e+09,5.376026e+18,2.991386e+20,1.040419e+20,1,5
3.803827e+09,5.765831e+17,2.257844e+20,2.062237e+19,1.798761e+09,1.579202e+18,5.214939e+21,8.268060e+20,2.547314e+09,4.289235e+18,3.270869e+20,1.078428e+20,0,27
1.957627e+09,1.207446e+17,3.162088e+20,5.169265e+18,9.104195e+08,4.919792e+17,9.817274e+20,1.541475e+20,1.257484e+09,1.105145e+18,9.327388e+18,1.873230e+19,0,28
3.177018e+09,2.912225e+17,1.795245e+20,7.621441e+19,1.613047e+09,1.110684e+18,4.578819e+21,8.077620e+20,2.127560e+09,2.717702e+18,7.114178e+19,8.533987e+19,0,67
2.445380e+09,2.631520e+17,4.700305e+20,7.225651e+17,1.143234e+09,6.625002e+17,2.043107e+21,3.346444e+20,1.637517e+09,1.725990e+18,2.523811e+19,2.654867e+19,3,91
3.428795e+09,6.958062e+17,1.703103e+21,1.347466e+20,1.619335e+09,9.622584e+17,4.563054e+21,7.497901e+20,2.450895e+09,3.381314e+18,1.885459e+21,2.388661e+20,0,16
2.834663e+09,3.620172e+15,2.375499e+20,4.450379e+18,1.635700e+09,1.510683e+18,4.834870e+21,7.389131e+20,1.606106e+09,1.463971e+18,8.084865e+19,4.376576e+19,3,99
2.578807e+09,4.235389e+17,9.222883e+19,2.600247e+19,1.163851e+09,5.904898e+17,2.030883e+21,3.738199e+20,1.810471e+09,2.016215e+18,7.009100e+19,9.515604e+18,3,78
1.529309e+09,2.733808e+16,8.689400e+18,5.291506e+18,7.787846e+08,3.429688e+17,7.456285e+20,1.106761e+20,9.440015e+08,5.632872e+17,1.840946e+19,4.655854e+18,2,102
2.798955e+09,4.149712e+17,2.595514e+20,1.687799e+18,1.269455e+09,7.955158e+17,2.569245e+21,4.135497e+20,1.907319e+09,2.373472e+18,1.509182e+20,8.608206e+19,0,22
2.115153e+09,7.187148e+16,9.316135e+19,3.168786e+19,1.053706e+09,6.298593e+17,1.483992e+21,2.417067e+20,1.321604e+09,1.135293e+18,5.580027e+19,4.172734e+18,1,84
1.840665e+09,2.407551e+17,4.158397e+19,3.103536e+17,8.004890e+08,3.031620e+17,8.186064e+20,1.442537e+20,1.290225e+09,1.119146e+18,1.496211e+18,1.200609e+19,2,82
2.298347e+09,1.777124e+17,2.801040e+20,1.073848e+18,1.073464e+09,6.833991e+17,1.492338e+21,2.311199e+20,1.471707e+09,1.513516e+18,1.631890e+19,2.882168e+19,3,68
1.821305e+09,9.632416e+16,4.521067e+19,4.190067e+17,8.938854e+08,3.920469e+17,1.135582e+21,1.820000e+20,1.195492e+09,8.682172e+17,4.268555e+19,9.791683e+18,3,80
2.324219e+09,1.866115e+17,7.320758e+20,9.010608e+18,1.116890e+09,6.248147e+17,1.825581e+21,3.050314e+20,1.535458e+09,1.459057e+18,3.635339e+19,9.351800e+19,1,10
2.113480e+09,4.041597e+16,6.397205e+19,6.256307e+18,1.136851e+09,6.209170e+17,2.090908e+21,3.653340e+20,1.326442e+09,9.574052e+17,3.429286e+19,5.566259e+18,0,56
2.145519e+09,5.160553e+16,4.687710e+19,1.416517e+18,1.084646e+09,7.116162e+17,1.437939e+21,2.055972e+20,1.302608e+09,1.161946e+18,1.037723e+20,2.511154e+19,1,86
2.994274e+09,7.503951e+17,6.658621e+19,2.769595e+19,1.322361e+09,6.665502e+17,2.624131e+21,3.847661e+20,2.178281e+09,3.359820e+18,1.630368e+20,3.130811e+17,1,73
2.117857e+09,3.260098e+16,1.700891e+20,4.190748e+18,1.104181e+09,7.484573e+17,1.742856e+21,2.482250e+20,1.252797e+09,1.027888e+18,1.167576e+19,2.916735e+19,1,40
3.000228e+09,7.763975e+16,1.081208e+21,1.665303e+19,1.602402e+09,1.256916e+18,3.524853e+21,6.549136e+20,1.880496e+09,2.179606e+18,4.378560e+18,8.093569e+19,2,76
2.370926e+09,3.161216e+16,4.160207e+20,2.074707e+19,1.333386e+09,8.963058e+17,2.254161e+21,3.993361e+20,1.433661e+09,1.262777e+18,8.880496e+18,2.740134e+19,0,76
1.206794e+09,2.776168e+15,1.014490e+20,3.043604e+18,7.090207e+08,2.307407e+17,7.176927e+20,1.249480e+20,7.267597e+08,2.594185e+17,2.015576e+16,6.857792e+18,2,53
1.891199e+09,4.390918e+16,3.980587e+20,2.127249e+18,1.005272e+09,4.666463e+17,1.676485e+21,3.078658e+20,1.208773e+09,7.918474e+17,2.359501e+20,2.182938e+19,1,65
3.732405e+09,7.804756e+17,3.895312e+20,3.635123e+18,1.733898e+09,1.250516e+18,5.631514e+21,1.067517e+21,2.614160e+09,4.028801e+18,4.405537e+20,2.696246e+20,0,32
3.305023e+09,5.430213e+17,5.953386e+20,1.407361e+17,1.518109e+09,1.174951e+18,3.717408e+21,5.924118e+20,2.222549e+09,3.317099e+18,4.062296e+19,5.110702e+19,3,98
2.271666e+09,1.780328e+17,1.763344e+20,8.924332e+18,1.116213e+09,6.045343e+17,1.939277e+21,3.018519e+20,1.494598e+09,1.343283e+18,3.706760e+18,5.423506e+19,0,10
3.292181e+09,6.368805e+16,7.804126e+20,6.518612e+18,1.779025e+09,1.760569e+18,5.768373e+21,9.157306e+20,1.967648e+09,2.292183e+18,5.740235e+19,9.869116e+19,2,99
2.695165e+09,5.700184e+16,9.040399e+20,1.460998e+19,1.468451e+09,1.009729e+18,3.466674e+21,6.429844e+20,1.691308e+09,1.581566e+18,8.233105e+19,3.003164e+19,3,61
1.491262e+09,1.135026e+15,1.562216e+20,8.096852e+18,8.381070e+08,3.884614e+17,9.695137e+20,1.606274e+20,8.680865e+08,4.283953e+17,2.818556e+18,4.551431e+18,3,95
1.867650e+09,7.645067e+16,3.697787e+20,3.369143e+18,9.415986e+08,4.325424e+17,1.257980e+21,2.134895e+20,1.209989e+09,8.692396e+17,6.893829e+19,3.138127e+19,0,55
3.422244e+09,5.437464e+17,1.586438e+21,1.320680e+19,1.607302e+09,1.195844e+18,4.340254e+21,7.905029e+20,2.341897e+09,3.365235e+18,9.030228e+19,1.557517e+20,2,66
2.518745e+09,1.973800e+17,1.287309e+20,2.594712e+19,1.235279e+09,7.131009e+17,2.419414e+21,4.013037e+20,1.676405e+09,1.649748e+18,7.651849e+19,3.584446e+19,3,56
2.393779e+09,1.987051e+17,3.850041e+20,3.491243e+19,1.119663e+09,6.912776e+17,1.470805e+21,2.419919e+20,1.563252e+09,1.699789e+18,3.722317e+18,7.764609e+18,2,84
2.022030e+09,3.070960e+15,2.842227e+19,2.884908e+18,1.218273e+09,6.924456e+17,2.751776e+21,4.942609e+20,1.191590e+09,6.476105e+17,4.366118e+19,1.521560e+19,2,92
1.804324e+09,1.338240e+17,3.799311e+20,1.405152e+18,8.249796e+08,3.803447e+17,8.074130e+20,1.305691e+20,1.190614e+09,9.593748e+17,2.031305e+19,1.808510e+19,2,62
1.935852e+09,1.420384e+17,2.910354e+20,3.159430e+18,8.942934e+08,4.461603e+17,1.052143e+21,1.642598e+20,1.268567e+09,1.095925e+18,2.427187e+19,1.689340e+19,0,83
3.091417e+09,5.820487e+17,1.100187e+21,1.048862e+19,1.358406e+09,9.478871e+17,2.495182e+21,4.142469e+20,2.119918e+09,3.091231e+18,4.893790e+19,6.889030e+19,1,57
2.076604e+09,5.296191e+16,2.005110e+20,2.172727e+19,1.110715e+09,5.816077e+17,1.558027e+21,2.668650e+20,1.314665e+09,1.046820e+18,2.856070e+19,2.233231e+19,3,59
2.197089e+09,3.741441e+17,2.441504e+20,1.681306e+19,9.207553e+08,4.422326e+17,9.927463e+20,1.701401e+20,1.532416e+09,1.644187e+18,2.324468e+18,4.728460e+18,0,11
1.455790e+09,7.187858e+16,2.349186e+19,8.123363e+17,6.884015e+08,2.700420e+17,5.334860e+20,8.895331e+19,9.387346e+08,5.960994e+17,2.313146e+19,9.510051e+17,0,13
3.102200e+09,1.051030e+18,5.479977e+20,1.028299e+18,1.300947e+09,6.216287e+17,2.865606e+21,4.666792e+20,2.315789e+09,3.406619e+18,9.344045e+18,6.005735e+19,1,64
3.415446e+09,6.582513e+17,2.046473e+20,8.069632e+17,1.568993e+09,1.076067e+18,4.401201e+21,6.944541e+20,2.380083e+09,3.686069e+18,6.821241e+18,4.339604e+19,1,35
3.550174e+09,9.400679e+17,4.481862e+20,2.532206e+19,1.472446e+09,1.255719e+18,3.218935e+21,4.620909e+20,2.429607e+09,4.368009e+18,1.283830e+20,4.571182e+19,0,8
2.255991e+09,9.196086e+16,2.741384e+19,2.786320e+18,1.102951e+09,7.328743e+17,1.502172e+21,2.223526e+20,1.401178e+09,1.368502e+18,9.893028e+19,2.664773e+19,0,86
1.437733e+09,7.642788e+16,1.656513e+20,1.395296e+18,6.657891e+08,2.477157e+17,4.441684e+20,7.230977e+19,9.412647e+08,6.117236e+17,6.922455e+18,1.042267e+19,1,63
3.341926e+09,7.724664e+17,9.632044e+20,1.822731e+19,1.447243e+09,1.069194e+18,3.149038e+21,5.280184e+20,2.309819e+09,3.595460e+18,4.825824e+19,8.048571e+19,2,51
1.373629e+09,2.964801e+16,2.357237e+20,8.180093e+18,7.290701e+08,2.501991e+17,7.150395e+20,1.355288e+20,8.801985e+08,4.231706e+17,1.428279e+19,5.970532e+18,3,48
1.901324e+09,1.680990e+17,4.275672e+19,4.056091e+18,8.516173e+08,4.196688e+17,8.177896e+20,1.303616e+20,1.255528e+09,1.106195e+18,2.347617e+17,1.517120e+19,0,14
3.027656e+09,8.671627e+17,7.716994e+20,3.981249e+18,1.204884e+09,8.010535e+17,1.977853e+21,2.687831e+20,2.133878e+09,3.353674e+18,3.914537e+20,1.020291e+20,1,54
2.165566e+09,3.375646e+17,5.042826e+20,9.976061e+17,9.179626e+08,4.456260e+17,1.030068e+21,1.770244e+20,1.498216e+09,1.562120e+18,4.492298e+19,2.433747e+19,1,52
1.408663e+09,6.513424e+16,6.531916e+19,4.501331e+18,6.629651e+08,2.416585e+17,4.516614e+20,7.709869e+19,9.173469e+08,5.732018e+17,2.473147e+17,3.308822e+18,0,63
2.311189e+09,2.739288e+17,1.004331e+20,3.238445e+19,1.008616e+09,6.112007e+17,1.141696e+21,1.756543e+20,1.530048e+09,1.727153e+18,8.410703e+18,4.704799e+18,3,101
2.450395e+09,4.077007e+17,5.336534e+20,3.374513e+17,1.051627e+09,5.824676e+17,1.600702e+21,2.364365e+20,1.687357e+09,1.984670e+18,1.857965e+19,3.317472e+19,2,91
2.976956e+09,4.146877e+17,1.861599e+21,1.423061e+19,1.338925e+09,1.014757e+18,2.402565e+21,3.924392e+20,1.970657e+09,2.683570e+18,2.971496e+20,1.427627e+20,3,49
1.620337e+09,3.063452e+16,1.052971e+19,1.343771e+19,8.310102e+08,3.782741e+17,8.809595e+20,1.369605e+20,1.006032e+09,6.249302e+17,3.871826e+19,9.251161e+18,0,102
2.040434e+09,3.242063e+16,3.729050e+20,5.821339e+18,1.063569e+09,6.540363e+17,1.618503e+21,2.511595e+20,1.240701e+09,9.542985e+17,1.366623e+19,3.031723e+19,1,0
2.765054e+09,4.654950e+17,1.421224e+20,8.589017e+19,1.300972e+09,6.963544e+17,2.929207e+21,5.906771e+20,1.972575e+09,2.164868e+18,6.125723e+19,7.122009e+19,0,36
1.445595e+09,8.376469e+16,1.460570e+20,2.876461e+18,6.519098e+08,2.558526e+17,4.369180e+20,6.678451e+19,9.403915e+08,6.317176e+17,7.728661e+18,2.008021e+18,0,18
2.878337e+09,5.410467e+17,8.528852e+20,1.355029e+20,1.355227e+09,6.270038e+17,3.797029e+21,6.654077e+20,2.086957e+09,2.604924e+18,2.380137e+20,3.312464e+17,2,97
3.681360e+09,7.410790e+17,5.702646e+20,1.099520e+21,1.731444e+09,1.186535e+18,5.687164e+21,8.215720e+20,2.592281e+09,4.079643e+18,2.717757e+21,5.908336e+20,2,79
3.726725e+09,1.213907e+18,1.183937e+20,8.501421e+20,1.593387e+09,1.207284e+18,3.274191e+21,6.802871e+20,2.649228e+09,4.678897e+18,1.773499e+21,2.931818e+20,3,79
1.993984e+09,3.938196e+16,2.645232e+18,8.881309e+18,1.012418e+09,6.532306e+17,1.246518e+21,1.814066e+20,1.188581e+09,9.677708e+17,5.856202e+19,1.748046e+19,3,86
2.889526e+09,3.211662e+17,5.337609e+20,2.581485e+19,1.426999e+09,8.533278e+17,3.166575e+21,5.913885e+20,1.966932e+09,2.254431e+18,4.667101e+19,6.525219e+19,1,94
1.390348e+09,3.961463e+16,2.392600e+20,3.621201e+18,7.041353e+08,2.426764e+17,6.458147e+20,1.139733e+20,9.009499e+08,4.739777e+17,1.696044e+19,9.133189e+18,1,48
3.666004e+09,6.100033e+17,3.065106e+20,6.329408e+17,1.701942e+09,1.440729e+18,4.820114e+21,8.073480e+20,2.466194e+09,3.925067e+18,7.159008e+18,5.621249e+19,0,98
3.016731e+09,1.810667e+17,1.752244e+21,7.962621e+18,1.585184e+09,1.099509e+18,3.952359e+21,7.523968e+20,1.968177e+09,2.207049e+18,1.160863e+20,9.596048e+19,1,61
2.115317e+09,1.209494e+17,5.177982e+18,5.900546e+18,1.033303e+09,5.392740e+17,1.587539e+21,2.386888e+20,1.381028e+09,1.225355e+18,1.936228e+19,1.198136e+19,0,96
2.590968e+09,1.412337e+17,1.170668e+21,7.543191e+18,1.288172e+09,8.783556e+17,2.612890e+21,4.139181e+20,1.654773e+09,1.700136e+18,1.170259e+20,9.193977e+19,2,37
2.317664e+09,1.021014e+17,1.238058e+20,2.430029e+19,1.142322e+09,7.399689e+17,1.864546e+21,2.981913e+20,1.457471e+09,1.381684e+18,3.003524e+19,2.579350e+18,0,84
2.373782e+09,3.151001e+17,1.641281e+20,1.113521e+20,1.097310e+09,5.139940e+17,1.963246e+21,3.340265e+20,1.658626e+09,1.637535e+18,1.889961e+20,7.371005e+18,0,97
1.683267e+09,2.035101e+16,9.879763e+19,1.036238e+19,8.756327e+08,4.468668e+17,9.632303e+20,1.489765e+20,1.017190e+09,6.599410e+17,7.013566e+19,1.808385e+19,0,74
2.665450e+09,2.876787e+17,3.372810e+19,4.255140e+19,1.201905e+09,8.622239e+17,1.879082e+21,2.820627e+20,1.737491e+09,2.150397e+18,1.297879e+20,2.151851e+19,1,104
1.315839e+09,1.660448e+16,4.559063e+19,3.984008e+17,6.646092e+08,2.792760e+17,4.291689e+20,6.548245e+19,7.897477e+08,4.355351e+17,8.301208e+18,2.507949e+18,1,88
1.916268e+09,9.541218e+16,1.764159e+20,3.868149e+17,9.633609e+08,4.449417e+17,1.379657e+21,2.564930e+20,1.269862e+09,9.115092e+17,1.022238e+20,1.566955e+19,0,80
3.479386e+09,4.212534e+17,4.263888e+20,2.222575e+19,1.684543e+09,1.315505e+18,4.944506e+21,9.583952e+20,2.333506e+09,3.265066e+18,5.609868e+19,4.669414e+19,0,34
1.789420e+09,1.512809e+16,1.126418e+20,4.035121e+18,9.643733e+08,4.932628e+17,1.448869e+21,2.140509e+20,1.087105e+09,6.980925e+17,2.262577e+18,5.935445e+18,1,92
2.575102e+09,4.390665e+17,9.293033e+20,8.577964e+19,1.165041e+09,5.798623e+17,1.924132e+21,3.136191e+20,1.819761e+09,2.328809e+18,2.571237e+20,2.067122e+20,0,25
2.491698e+09,5.046756e+16,1.457884e+20,1.200720e+19,1.312016e+09,9.333005e+17,2.837203e+21,4.536758e+20,1.525637e+09,1.401241e+18,4.752463e+19,6.163906e+18,0,70
3.196137e+09,4.400090e+17,3.513616e+20,3.838856e+19,1.468225e+09,1.139425e+18,3.313536e+21,5.500668e+20,2.128699e+09,2.986537e+18,1.024846e+20,5.545058e+19,0,3
1.949121e+09,3.732162e+16,3.311843e+19,1.840021e+19,1.019751e+09,5.481231e+17,1.487762e+21,2.368427e+20,1.208802e+09,8.889387e+17,4.178503e+19,1.297522e+19,0,59
3.094775e+09,9.410823e+16,9.840136e+19,1.370893e+19,1.679058e+09,1.321034e+18,5.607350e+21,9.125887e+20,1.945629e+09,2.006235e+18,1.631909e+20,8.726742e+19,2,81
2.700853e+09,6.626844e+16,9.308019e+20,1.811352e+19,1.453153e+09,1.017443e+18,3.370366e+21,6.233502e+20,1.695884e+09,1.622152e+18,7.028062e+19,2.460967e+19,2,61
2.815269e+09,4.474109e+17,3.124962e+20,1.009085e+19,1.346241e+09,6.531265e+17,3.294213e+21,6.127672e+20,2.007663e+09,2.209843e+18,1.130448e+20,8.561033e+19,2,64
1.516912e+09,1.605990e+16,1.474576e+20,6.616970e+18,7.959753e+08,3.551741e+17,7.699472e+20,1.260880e+20,9.226285e+08,5.318817e+17,3.619258e+17,5.104110e+18,0,95
2.414090e+09,8.596846e+16,7.603102e+19,4.460170e+18,1.215611e+09,8.305873e+17,2.200269e+21,3.332486e+20,1.505584e+09,1.469931e+18,1.489909e+19,2.002828e+19,0,0
2.665207e+09,4.113697e+17,2.089576e+21,4.142071e+18,1.163358e+09,7.827149e+17,1.521606e+21,2.527956e+20,1.782330e+09,2.276853e+18,4.398099e+20,1.737809e+20,1,49
1.699108e+09,6.624827e+16,7.481172e+20,1.281000e+18,8.288545e+08,3.796650e+17,8.270381e+20,1.407790e+20,1.086066e+09,7.662336e+17,8.247735e+19,5.191568e+19,3,62
1.339592e+09,8.316455e+15,1.615192e+19,1.966252e+18,7.429082e+08,2.628294e+17,8.001378e+20,1.316877e+20,8.270260e+08,3.602926e+17,8.398122e+18,6.082604e+18,0,53
3.819452e+09,8.048306e+17,9.423069e+19,6.893706e+19,1.715205e+09,1.495685e+18,5.003586e+21,7.461492e+20,2.596684e+09,4.491159e+18,3.311370e+20,5.248882e+17,1,33
2.643721e+09,1.662044e+17,5.579302e+19,3.118924e+19,1.272900e+09,9.540333e+17,2.288787e+21,3.418071e+20,1.674375e+09,1.928897e+18,5.229014e+19,6.003778e+18,0,79
2.132602e+09,6.999421e+16,6.203253e+20,2.244263e+19,1.120421e+09,6.319705e+17,1.734271e+21,2.913193e+20,1.341495e+09,1.075206e+18,1.554977e+18,2.194146e+19,0,92
1.984521e+09,2.797939e+17,4.350733e+19,1.798361e+18,8.751776e+08,3.379361e+17,1.034049e+21,2.155966e+20,1.403342e+09,1.245741e+18,2.044777e+19,1.066136e+19,1,82
1.742734e+09,9.792914e+16,1.046898e+20,3.276868e+19,8.736929e+08,3.093548e+17,8.301779e+20,1.663940e+20,1.186550e+09,8.527187e+17,3.384123e+19,5.399673e+18,1,90
1.138277e+09,3.390178e+16,1.480782e+20,2.960752e+18,5.791728e+08,1.417138e+17,3.823660e+20,7.347425e+19,7.625035e+08,3.287012e+17,7.401203e+18,3.060305e+19,2,58
2.346208e+09,8.151163e+16,3.430477e+20,1.476984e+19,1.190752e+09,7.734274e+17,1.930475e+21,2.855673e+20,1.466861e+09,1.410717e+18,6.261208e+18,8.700885e+18,0,39
2.519842e+09,3.662121e+17,3.469518e+20,1.727775e+18,1.082173e+09,7.021438e+17,1.301087e+21,1.877298e+20,1.681970e+09,2.074636e+18,1.860498e+20,7.720692e+19,2,68
2.210292e+09,1.161563e+17,1.546665e+20,1.442089e+19,1.105165e+09,5.863005e+17,1.876083e+21,3.448108e+20,1.444774e+09,1.225045e+18,1.298846e+18,1.422498e+19,2,71
4.701146e+09,2.752362e+18,5.183066e+21,2.879272e+19,1.849352e+09,1.501363e+18,5.069546e+21,9.108721e+20,3.476243e+09,8.353254e+18,8.161676e+20,4.478479e+20,0,17
2.572141e+09,3.414955e+17,7.524067e+19,6.357700e+18,1.185775e+09,6.575577e+17,2.225508e+21,3.525432e+20,1.764291e+09,2.029848e+18,4.160585e+19,2.822935e+19,1,96
2.165436e+09,1.124599e+17,3.648445e+19,2.781186e+17,1.068227e+09,6.077348e+17,1.653463e+21,2.355665e+20,1.386468e+09,1.248378e+18,4.104089e+19,1.815816e+18,3,77
3.103481e+09,3.338266e+17,6.360426e+20,1.237837e+19,1.548197e+09,9.838014e+17,4.219832e+21,8.448587e+20,2.115141e+09,2.502300e+18,1.067619e+19,1.456758e+20,2,75
1.505474e+09,6.978308e+16,2.680611e+20,5.309633e+18,7.241009e+08,2.694574e+17,5.818827e+20,1.137684e+20,9.880418e+08,6.241368e+17,2.300534e+19,4.311029e+19,3,63
3.504858e+09,4.172012e+17,1.388018e+20,3.972976e+19,1.759293e+09,1.371001e+18,5.909433e+21,1.063914e+21,2.337571e+09,3.194606e+18,6.181936e+19,8.833166e+19,2,67
2.576510e+09,5.523461e+17,6.092721e+20,9.080886e+19,1.126595e+09,5.065941e+17,2.243915e+21,3.711499e+20,1.866216e+09,2.204844e+18,1.517711e+20,6.036688e+17,3,97
2.607521e+09,1.534098e+17,3.601057e+20,2.352452e+17,1.349360e+09,7.614512e+17,3.266704e+21,5.446466e+20,1.740417e+09,1.816672e+18,2.760450e+20,4.965999e+19,0,73
3.030594e+09,5.116114e+17,5.518122e+20,4.209377e+19,1.409748e+09,8.263702e+17,2.896906e+21,5.289653e+20,2.122658e+09,2.764160e+18,1.684682e+20,8.912694e+19,2,94
3.538872e+09,8.502553e+17,5.748065e+20,6.046985e+19,1.598246e+09,1.045340e+18,4.636415e+21,7.943480e+20,2.517525e+09,4.009575e+18,3.093688e+19,3.163037e+19,1,87
1.490793e+09,1.002855e+17,1.042296e+20,4.073526e+18,6.941818e+08,2.653985e+17,4.857096e+20,7.718444e+19,9.872992e+08,6.698780e+17,9.143983e+18,8.588833e+18,0,15
2.938675e+09,9.249947e+17,6.540435e+20,2.413957e+18,1.205843e+09,5.992076e+17,2.377338e+21,3.895207e+20,2.165995e+09,3.014609e+18,1.883415e+20,1.105399e+20,0,38
1.059705e+10,1.357358e+19,1.987788e+21,4.850291e+21,4.164005e+09,8.024082e+18,3.625692e+22,6.402355e+21,7.783113e+09,4.140355e+19,2.182408e+22,4.418033e+21,2,72
1.381166e+09,4.410765e+16,1.767980e+20,2.037259e+18,6.946292e+08,2.340707e+17,5.886547e+20,1.032988e+20,9.005398e+08,4.809626e+17,5.560009e+18,9.169640e+18,0,48
3.305226e+09,1.554481e+16,2.657316e+20,9.276425e+18,1.864837e+09,1.865255e+18,6.746967e+21,1.090659e+21,1.941047e+09,2.127204e+18,1.448330e+20,6.120440e+19,0,99
2.056268e+09,2.549035e+17,6.798506e+19,1.966341e+18,8.657050e+08,4.861013e+17,7.752045e+20,1.130828e+20,1.361895e+09,1.417556e+18,3.147355e+19,1.172248e+19,0,100
2.129174e+09,2.081961e+17,4.278830e+19,2.527231e+19,9.541159e+08,5.278534e+17,1.107166e+21,1.808287e+20,1.404706e+09,1.392345e+18,3.721070e+19,1.015179e+19,2,60
3.626083e+09,3.688155e+17,2.333453e+18,3.871400e+17,1.787153e+09,1.635486e+18,5.359203e+21,9.352487e+20,2.351962e+09,3.384201e+18,1.849773e+20,8.427282e+19,0,23
2.297869e+09,1.209972e+17,9.771974e+20,7.651116e+18,1.110788e+09,7.237902e+17,1.507632e+21,2.419135e+20,1.447287e+09,1.420498e+18,7.870266e+19,5.364172e+19,0,49
2.805113e+09,2.923927e+17,7.532800e+20,3.137405e+19,1.379629e+09,7.829629e+17,2.552872e+21,4.641268e+20,1.920267e+09,2.255543e+18,2.542994e+19,5.787686e+19,0,94
2.431627e+09,5.680024e+17,4.187626e+20,2.035663e+18,1.017545e+09,4.685157e+17,1.520306e+21,2.390672e+20,1.749313e+09,1.999839e+18,7.876428e+19,5.544246e+19,1,38
1.897583e+09,3.992063e+15,1.643372e+20,6.622342e+18,1.124526e+09,6.151766e+17,2.262088e+21,3.920572e+20,1.115681e+09,5.981469e+17,1.225845e+19,1.323740e+19,3,92
3.021846e+09,1.685152e+16,4.322242e+20,4.873618e+18,1.759530e+09,1.406524e+18,6.954596e+21,1.224520e+21,1.840969e+09,1.593631e+18,8.390302e+18,7.353408e+19,3,81
1.774640e+09,6.945084e+16,5.820340e+19,1.471795e+18,8.512514e+08,4.423844e+17,8.556704e+20,1.334090e+20,1.109639e+09,8.540582e+17,8.966743e+18,1.090032e+19,0,88
3.114128e+09,1.717721e+16,1.126028e+20,5.258798e+18,1.826722e+09,1.483048e+18,7.603989e+21,1.327939e+21,1.899106e+09,1.659981e+18,1.789976e+19,7.290612e+19,1,81
2.578043e+09,6.503723e+17,1.335220e+20,7.612534e+19,1.033713e+09,5.605466e+17,1.237200e+21,2.068671e+20,1.830583e+09,2.425175e+18,2.413920e+20,4.642726e+19,1,69
2.860791e+09,7.149019e+17,3.685722e+20,4.170560e+17,1.158884e+09,7.369244e+17,1.801728e+21,2.376097e+20,2.003954e+09,2.949629e+18,2.871166e+20,6.996599e+19,0,54
2.415385e+09,1.796402e+17,1.281911e+20,1.685733e+19,1.190881e+09,6.624783e+17,2.283607e+21,3.875745e+20,1.611647e+09,1.509349e+18,3.812944e+19,2.855063e+19,1,56
2.309853e+09,3.035465e+16,2.061329e+20,8.502590e+18,1.245596e+09,8.001719e+17,2.722115e+21,4.190125e+20,1.418640e+09,1.148189e+18,4.243347e+19,1.918599e+19,0,85
3.950902e+09,7.107513e+17,3.459606e+20,2.120019e+18,1.853581e+09,1.613974e+18,6.493415e+21,1.016395e+21,2.682854e+09,4.779069e+18,1.629249e+20,3.675091e+19,3,47
9.358433e+08,1.733241e+16,7.252250e+19,4.450769e+17,4.777418e+08,1.120545e+17,2.373050e+20,3.778205e+19,6.077475e+08,2.197958e+17,2.611748e+17,5.127718e+18,0,58
2.977271e+09,7.986331e+17,7.336133e+20,1.170874e+18,1.205483e+09,7.929814e+17,2.054614e+21,2.819865e+20,2.088507e+09,3.180275e+18,3.225478e+20,8.652733e+19,2,54
1.781059e+09,4.686946e+16,5.908661e+20,2.166831e+18,9.299530e+08,4.123557e+17,1.293807e+21,2.232284e+20,1.142242e+09,7.300182e+17,1.237525e+20,4.241140e+19,3,55
1.040106e+09,1.569502e+16,5.580359e+19,4.014811e+17,5.499039e+08,1.372390e+17,3.673276e+20,6.673110e+19,6.712589e+08,2.470444e+17,1.584543e+18,7.810624e+18,1,58
4.977996e+09,2.916944e+18,3.689334e+20,1.826912e+20,2.118696e+09,1.361999e+18,6.745377e+21,1.242309e+21,3.810980e+09,1.054828e+19,2.980324e+21,7.797392e+20,0,2
1.675935e+09,2.150269e+15,3.606372e+19,2.995627e+18,9.413394e+08,4.783385e+17,1.309797e+21,2.103353e+20,9.845244e+08,5.722755e+17,9.788008e+18,7.542709e+18,1,46
2.385011e+09,3.036546e+17,2.731387e+19,4.572934e+19,1.033971e+09,6.447267e+17,1.127114e+21,1.698420e+20,1.584644e+09,1.892113e+18,2.571881e+19,1.574147e+19,0,101
2.268604e+09,4.564387e+17,5.537078e+20,2.314683e+18,8.934838e+08,4.914565e+17,8.513590e+20,1.280821e+20,1.567691e+09,1.894211e+18,7.459910e+19,4.713907e+19,0,43
2.651496e+09,2.229118e+17,4.758127e+20,1.629727e+17,1.257631e+09,8.516084e+17,2.520530e+21,3.802596e+20,1.729129e+09,1.944300e+18,5.158349e+19,5.865744e+19,0,42
3.109432e+09,4.263320e+17,8.464153e+20,5.373431e+19,1.453472e+09,1.006368e+18,3.735214e+21,6.416231e+20,2.106274e+09,2.743166e+18,1.072841e+18,3.290895e+19,2,93
2.016308e+09,1.694770e+17,2.879559e+19,3.856391e+19,9.190057e+08,4.700905e+17,1.000143e+21,1.687882e+20,1.330678e+09,1.232970e+18,1.117126e+20,2.323748e+19,0,103
2.466174e+09,6.046045e+16,4.507943e+20,4.616221e+17,1.323258e+09,8.877351e+17,3.295362e+21,5.300966e+20,1.524722e+09,1.310109e+18,5.857594e+19,4.266755e+19,2,85
2.254583e+09,1.654484e+17,1.148740e+19,8.052206e+18,1.084083e+09,6.134619e+17,1.721306e+21,2.413712e+20,1.471495e+09,1.438175e+18,5.487034e+19,1.017322e+18,1,77
2.514160e+09,2.840767e+17,4.778497e+20,1.023252e+18,1.183118e+09,6.759193e+17,2.255191e+21,3.730298e+20,1.695961e+09,1.834135e+18,2.272080e+19,2.198476e+19,1,91
3.566935e+09,1.001188e+18,5.720518e+19,4.605264e+19,1.625756e+09,8.856859e+17,4.172251e+21,6.125245e+20,2.626263e+09,4.513987e+18,3.894683e+20,7.351153e+19,2,87
2.306291e+09,4.171635e+17,3.080774e+20,2.940312e+17,9.459433e+08,5.133450e+17,1.065560e+21,1.714592e+20,1.589875e+09,1.879687e+18,2.780245e+19,2.494676e+19,1,43
1.840821e+09,1.113067e+17,1.593226e+19,1.361929e+18,8.497981e+08,4.390211e+17,8.433964e+20,1.267043e+20,1.178493e+09,9.851297e+17,1.173160e+19,8.282379e+17,3,88
2.524850e+09,1.438447e+17,1.669266e+21,3.067077e+19,1.270561e+09,7.864320e+17,2.277362e+21,4.094697e+20,1.643821e+09,1.635602e+18,5.997529e+19,4.877283e+19,1,45
1.662974e+09,4.176190e+16,5.634743e+19,9.343607e+18,8.391783e+08,3.888766e+17,9.241218e+20,1.421870e+20,1.039683e+09,6.791826e+17,1.041110e+19,5.788456e+18,3,102
1.931946e+09,1.957980e+17,2.951709e+20,1.066521e+19,8.778877e+08,3.755194e+17,9.147398e+20,1.700582e+20,1.319644e+09,1.144242e+18,3.753776e+19,3.785395e+18,0,52
1.270097e+09,6.692641e+15,8.368559e+19,5.056007e+17,7.139155e+08,2.386159e+17,7.413763e+20,1.229396e+20,7.818259e+08,3.126317e+17,1.389307e+18,1.149216e+19,1,53
3.215070e+09,4.127235e+17,5.228270e+20,2.289263e+19,1.511292e+09,1.136651e+18,4.066670e+21,7.023541e+20,2.150514e+09,2.906505e+18,1.883849e+19,2.284726e+19,1,34
2.061058e+09,2.685602e+17,5.754020e+19,2.790289e+18,8.603836e+08,4.824841e+17,7.609256e+20,1.095158e+20,1.368421e+09,1.443303e+18,1.823414e+19,7.661878e+18,1,100
3.139614e+09,6.022253e+17,8.086964e+19,4.386825e+19,1.427827e+09,9.030826e+17,3.473390e+21,5.411768e+20,2.189495e+09,3.098614e+18,1.175829e+20,4.524375e+19,1,93
3.802459e+09,1.634746e+18,1.959773e+21,1.338604e+19,1.609768e+09,8.688127e+17,4.647850e+21,7.797118e+20,2.884505e+09,5.868586e+18,1.416427e+20,1.206873e+20,2,73
2.466588e+09,1.337326e+17,1.213954e+20,1.125875e+19,1.274668e+09,6.922503e+17,2.689814e+21,5.016271e+20,1.637444e+09,1.512771e+18,8.521705e+18,6.121038e+19,0,75
2.151738e+09,1.584240e+17,4.515514e+20,1.901559e+18,1.026880e+09,5.324940e+17,1.544376e+21,2.545937e+20,1.423581e+09,1.316071e+18,5.260635e+19,3.354537e+19,2,83
1.952861e+09,1.517741e+17,1.485613e+20,6.513696e+18,8.993885e+08,4.410113e+17,1.071584e+21,1.697439e+20,1.288779e+09,1.121003e+18,1.294323e+19,1.205713e+19,1,83
3.616801e+09,6.862786e+17,3.053663e+20,1.382350e+19,1.612694e+09,1.386362e+18,4.523687e+21,7.167696e+20,2.439848e+09,4.097276e+18,2.077978e+20,9.091798e+18,0,47
3.445749e+09,1.296270e+18,2.460464e+20,2.599467e+20,1.456454e+09,7.429725e+17,3.258256e+21,5.012968e+20,2.594779e+09,4.325047e+18,1.204197e+21,3.727204e+20,1,36
1.877216e+09,1.022937e+17,5.862752e+18,2.233111e+18,8.961494e+08,4.494952e+17,9.359215e+20,1.648186e+20,1.207087e+09,9.668775e+17,3.902229e+19,1.366879e+19,0,1
2.069100e+09,8.998937e+16,7.898099e+20,1.029792e+19,1.059244e+09,5.149843e+17,1.702137e+21,2.974938e+20,1.355357e+09,1.034353e+18,1.691417e+20,7.011917e+19,2,55
2.602814e+09,1.484171e+16,2.981521e+20,4.195031e+18,1.434220e+09,1.113893e+18,3.174254e+21,5.612660e+20,1.548533e+09,1.422789e+18,3.367461e+19,2.513076e+19,3,76
2.042237e+09,9.495406e+16,4.291649e+20,2.304695e+17,1.034672e+09,4.894068e+17,1.744339e+21,3.158246e+20,1.342694e+09,1.026285e+18,2.659292e+20,2.102497e+19,0,65
2.931387e+09,3.816602e+17,1.293391e+20,2.897041e+19,1.327887e+09,9.718787e+17,2.008859e+21,3.442532e+20,1.945590e+09,2.737283e+18,3.373545e+19,6.037486e+18,0,104
3.277864e+09,6.778928e+17,1.931690e+20,4.443713e+18,1.437312e+09,1.106431e+18,3.084267e+21,4.830400e+20,2.230333e+09,3.481287e+18,9.891550e+18,3.442353e+19,0,6
3.018058e+09,4.685245e+17,2.529840e+20,5.925337e+18,1.363360e+09,9.679989e+17,2.823718e+21,4.746628e+20,2.043263e+09,2.741983e+18,5.550536e+18,3.018887e+19,0,51
3.147731e+09,2.156417e+17,1.441112e+20,2.268093e+18,1.588662e+09,1.207923e+18,4.299052e+21,6.991399e+20,2.049673e+09,2.588884e+18,9.565604e+19,2.713127e+19,1,98
1.672695e+09,7.668994e+16,1.393060e+20,1.339752e+18,8.126465e+08,3.452777e+17,8.427687e+20,1.372807e+20,1.086085e+09,7.408003e+17,3.910551e+19,1.608396e+19,1,80
1.925910e+09,9.506290e+16,2.093953e+19,6.642986e+18,9.330288e+08,4.709785e+17,1.104713e+21,1.817003e+20,1.240672e+09,1.001085e+18,1.548829e+19,1.140336e+19,0,71
2.781207e+09,6.855362e+17,1.050962e+20,1.971810e+19,1.238844e+09,5.337577e+17,2.316694e+21,3.388979e+20,2.051329e+09,2.657054e+18,2.979379e+20,5.676053e+19,1,78
1.660824e+09,5.870711e+16,1.177430e+20,1.877439e+19,8.633929e+08,3.147168e+17,8.853141e+20,1.738940e+20,1.100464e+09,7.080924e+17,3.166570e+19,2.436948e+18,0,90
3.187138e+09,5.300129e+17,1.534378e+21,4.201127e+19,1.438953e+09,1.044191e+18,2.995903e+21,5.194333e+20,2.166961e+09,3.127559e+18,1.604013e+20,2.355025e+20,3,57
2.181416e+09,4.745198e+17,5.227552e+18,4.004886e+19,8.504067e+08,4.413578e+17,6.289907e+20,9.690892e+19,1.517972e+09,1.834858e+18,6.759761e+19,2.135618e+19,0,20
3.243081e+09,5.826554e+17,5.788566e+20,2.343218e+19,1.471845e+09,1.034082e+18,2.996022e+21,5.379444e+20,2.226378e+09,3.302937e+18,1.020277e+19,5.364199e+19,2,57
2.330167e+09,2.812567e+17,1.815103e+18,5.874032e+19,1.039321e+09,5.786063e+17,1.316766e+21,2.308629e+20,1.569615e+09,1.701489e+18,1.161659e+20,2.277421e+19,2,103
1.367297e+09,5.110867e+15,8.344492e+19,4.366849e+18,7.282806e+08,3.317771e+17,5.949225e+20,9.266077e+19,7.914180e+08,4.090140e+17,1.904874e+19,1.433859e+19,2,88
2.011587e+09,3.778843e+17,1.504144e+20,5.194913e+18,8.433313e+08,3.095384e+17,9.069661e+20,1.580817e+20,1.456864e+09,1.486366e+18,7.605374e+18,2.781288e+19,0,82
2.147718e+09,2.959424e+17,4.710126e+20,1.867088e+18,9.958892e+08,4.585721e+17,1.392607e+21,2.422939e+20,1.482164e+09,1.366396e+18,2.939390e+19,4.111853e+19,3,50
2.875502e+09,3.147168e+17,7.229180e+20,8.610008e+17,1.370404e+09,9.097788e+17,3.444980e+21,5.728031e+20,1.926634e+09,2.307899e+18,5.656909e+19,4.904158e+19,0,35
2.945972e+09,1.183048e+17,8.082214e+20,2.678588e+18,1.544606e+09,1.166136e+18,4.715743e+21,7.624380e+20,1.866166e+09,1.966195e+18,1.009168e+20,7.492422e+19,1,85
2.291342e+09,2.219933e+17,5.564302e+20,3.098805e+19,1.054818e+09,6.245317e+17,1.201024e+21,1.892317e+20,1.502506e+09,1.605473e+18,3.356245e+19,1.824002e+19,0,89
2.174977e+09,8.151660e+16,3.745730e+19,2.601989e+19,1.126614e+09,6.064703e+17,2.038018e+21,3.487925e+20,1.396252e+09,1.103698e+18,4.631003e+19,8.845209e+18,2,56
3.356563e+09,3.828394e+17,1.289354e+20,6.704673e+20,1.640281e+09,1.282605e+18,4.165643e+21,8.985046e+20,2.235308e+09,3.015708e+18,1.596793e+21,3.192567e+20,1,79
2.360059e+09,3.637413e+17,5.645067e+19,2.406082e+19,1.039126e+09,5.284138e+17,1.529956e+21,2.349394e+20,1.633140e+09,1.819286e+18,8.350608e+19,2.347904e+19,0,69
2.484262e+09,2.765798e+17,2.038227e+20,7.885945e+17,1.168298e+09,6.245971e+17,2.128219e+21,3.458384e+20,1.694028e+09,1.895330e+18,3.391247e+19,2.495670e+19,2,96
3.620599e+09,8.675866e+17,2.807468e+20,5.659174e+19,1.658094e+09,1.063620e+18,5.048288e+21,8.487108e+20,2.589334e+09,4.217605e+18,6.200711e+19,4.302651e+19,0,87
3.087723e+09,1.246443e+18,6.506299e+20,1.513131e+18,1.227864e+09,7.744802e+17,1.890421e+21,3.325901e+20,2.220515e+09,3.543351e+18,1.596514e+20,9.571855e+19,0,21
2.089207e+09,1.220213e+17,2.648050e+20,3.711695e+18,1.004310e+09,5.463798e+17,1.366962e+21,2.150854e+20,1.351193e+09,1.178963e+18,1.065378e+20,4.397615e+19,0,46
2.327254e+09,2.892216e+17,1.298383e+20,2.254326e+19,1.039507e+09,6.134602e+17,1.233567e+21,1.999310e+20,1.547792e+09,1.701146e+18,3.257843e+19,1.811034e+19,1,89
2.115631e+09,1.268430e+17,4.767227e+19,2.689937e+19,1.005775e+09,5.772654e+17,1.228552e+21,2.014648e+20,1.355905e+09,1.263436e+18,2.000007e+19,8.397811e+18,1,60
2.172640e+09,6.040777e+16,3.927473e+20,4.262248e+18,1.104960e+09,6.763123e+17,1.713109e+21,2.596354e+20,1.350712e+09,1.150395e+18,2.934913e+19,3.934436e+19,1,37
3.175654e+09,9.737926e+16,2.461762e+20,3.877620e+19,1.710259e+09,1.361330e+18,4.302200e+21,8.545620e+20,2.018176e+09,2.403943e+18,1.249337e+20,7.152157e+19,1,76
3.269284e+09,3.931142e+17,8.373794e+20,9.660769e+19,1.601234e+09,1.098160e+18,4.602743e+21,8.229927e+20,2.221679e+09,3.015047e+18,7.863528e+19,1.534056e+20,3,67
3.826168e+09,1.758875e+18,5.147775e+20,1.824077e+19,1.456274e+09,1.097782e+18,3.042479e+21,4.761653e+20,2.778858e+09,5.635759e+18,6.009360e+20,1.226499e+20,0,44
2.148520e+09,1.692450e+17,1.156995e+20,2.933041e+19,9.809417e+08,5.745561e+17,1.006414e+21,1.506371e+20,1.391399e+09,1.422006e+18,9.395461e+18,4.009346e+18,1,101
2.017573e+09,9.519840e+16,1.134986e+19,1.469938e+19,1.000161e+09,5.632541e+17,1.336145e+21,2.127276e+20,1.267173e+09,1.049500e+18,3.648742e+19,1.480382e+19,1,74
2.185994e+09,1.044298e+17,3.443369e+18,2.216966e+19,1.076735e+09,6.397105e+17,1.613900e+21,2.663478e+20,1.386698e+09,1.235186e+18,3.351552e+19,1.817521e+19,2,74
2.496373e+09,3.441309e+17,3.390684e+20,2.998583e+19,1.118031e+09,6.316034e+17,1.700452e+21,2.719928e+20,1.702352e+09,2.018959e+18,6.082035e+19,8.637377e+19,1,25
2.964935e+09,2.904860e+17,3.691286e+20,1.028122e+20,1.515943e+09,8.393066e+17,3.140548e+21,6.561215e+20,2.051408e+09,2.437758e+18,1.703934e+20,6.723543e+19,3,94
2.644158e+09,2.306786e+17,9.033324e+19,4.538957e+18,1.255374e+09,8.676298e+17,2.073786e+21,3.048217e+20,1.712808e+09,2.043500e+18,6.319871e+19,3.881976e+19,1,68
1.006241e+09,6.807046e+15,3.786277e+19,4.111540e+17,5.566629e+08,1.356400e+17,4.168563e+20,7.565337e+19,6.391063e+08,2.044372e+17,4.917073e+18,4.760085e+18,3,58
1.561462e+09,3.002398e+17,7.021518e+19,6.415527e+17,5.670314e+08,2.010208e+17,2.483075e+20,3.652292e+19,1.114969e+09,1.004053e+18,2.449112e+19,1.197390e+19,0,31
1.988671e+09,1.715320e+17,4.100690e+20,3.045344e+18,9.266985e+08,4.213707e+17,1.177678e+21,2.240715e+20,1.340299e+09,1.131782e+18,8.372491e+19,1.575921e+19,3,52
4.188692e+09,1.427153e+18,6.169539e+20,4.644298e+19,1.740716e+09,1.583911e+18,4.989487e+21,7.476763e+20,2.930246e+09,6.048197e+18,1.663464e+20,1.467758e+19,0,33
1.633889e+09,7.073371e+16,6.781886e+19,3.733923e+19,8.272765e+08,2.924588e+17,7.235740e+20,1.349735e+20,1.093231e+09,7.447454e+17,2.630880e+19,7.663797e+18,2,90
2.486231e+09,2.044916e+17,2.358297e+20,1.774261e+18,1.171428e+09,7.670819e+17,2.082004e+21,3.010942e+20,1.613007e+09,1.728864e+18,1.543298e+19,2.526091e+19,1,42
2.585544e+09,4.738812e+17,5.594798e+20,3.715217e+18,1.259582e+09,5.222513e+17,1.999611e+21,5.144445e+20,1.903519e+09,2.126633e+18,6.853747e+19,1.705610e+20,1,50
1.933115e+09,1.494410e+17,3.220206e+19,4.099193e+18,8.900499e+08,4.316540e+17,1.004203e+21,1.530025e+20,1.276562e+09,1.088553e+18,5.701520e+19,1.362480e+19,1,102
3.259823e+09,1.037153e+18,8.349542e+19,7.446920e+19,1.417574e+09,7.180447e+17,3.121111e+21,4.552167e+20,2.413642e+09,4.072103e+18,2.293695e+20,5.073535e+18,3,73
2.345108e+09,1.866003e+17,3.367130e+19,9.109372e+18,1.128014e+09,6.498081e+17,1.900978e+21,2.694407e+20,1.539056e+09,1.542026e+18,8.449916e+19,6.075235e+18,2,77
2.099289e+09,9.067796e+16,7.258888e+20,6.087540e+18,1.078284e+09,5.184462e+17,1.954288e+21,3.709725e+20,1.379265e+09,1.047473e+18,3.953710e+20,4.901934e+19,3,65
2.489004e+09,1.720042e+17,2.381408e+20,6.493731e+18,1.208343e+09,7.737342e+17,2.032328e+21,3.509595e+20,1.610024e+09,1.688503e+18,1.001697e+19,1.469261e+19,0,57
3.445195e+09,9.039393e+17,1.719469e+21,2.159814e+19,1.473177e+09,1.099993e+18,3.136095e+21,5.265011e+20,2.405195e+09,3.937203e+18,1.132219e+20,1.264741e+20,1,51
3.012854e+09,4.519646e+17,1.141386e+21,1.154265e+19,1.357296e+09,9.728020e+17,2.753116e+21,4.590125e+20,2.029350e+09,2.747261e+18,5.378677e+19,5.509561e+19,3,51
2.569817e+09,1.415703e+17,6.063905e+20,1.945131e+19,1.320733e+09,7.990557e+17,2.337766e+21,3.863802e+20,1.676487e+09,1.768023e+18,1.937500e+18,2.465718e+19,0,66
1.894917e+09,1.180560e+17,2.425859e+19,1.201046e+19,8.823270e+08,4.739439e+17,8.634782e+20,1.346756e+20,1.207594e+09,1.043899e+18,1.673532e+19,5.460601e+18,0,60
1.942484e+09,2.467646e+17,1.138637e+19,5.888137e+19,8.456841e+08,3.750622e+17,8.177027e+20,1.443782e+20,1.332676e+09,1.221528e+18,7.320646e+19,2.045660e+19,2,12
2.853838e+09,2.236823e+17,2.155717e+21,1.325251e+19,1.447831e+09,9.368024e+17,2.745483e+21,4.475971e+20,1.887016e+09,2.236907e+18,1.437398e+20,1.193422e+20,1,66
1.674252e+09,3.540575e+16,2.436457e+20,9.583811e+18,8.530930e+08,4.009912e+17,9.476547e+20,1.538113e+20,1.041014e+09,6.756405e+17,1.346640e+19,1.451369e+19,2,95
3.436604e+09,1.123846e+18,1.119710e+19,2.448399e+19,1.377424e+09,1.025854e+18,2.693246e+21,4.022740e+20,2.433969e+09,4.267917e+18,2.672740e+20,6.038763e+19,1,44
3.811177e+09,1.268199e+18,1.318374e+20,9.096216e+19,1.661230e+09,1.053647e+18,4.801495e+21,7.773677e+20,2.785223e+09,4.963634e+18,3.768742e+20,9.442377e+19,3,87
2.136298e+09,1.909663e+17,1.298953e+20,5.580250e+18,1.000638e+09,4.956815e+17,1.175872e+21,2.078953e+20,1.434708e+09,1.352227e+18,5.060507e+19,3.249112e+19,1,71
1.905761e+09,1.520654e+16,3.362155e+19,3.760383e+18,1.006296e+09,6.526437e+17,1.224202e+21,1.838843e+20,1.098120e+09,8.146105e+17,3.319215e+19,1.212393e+19,2,86
2.433852e+09,4.715750e+16,8.005243e+20,1.817851e+19,1.290755e+09,8.579053e+17,2.534461e+21,4.072704e+20,1.507737e+09,1.341524e+18,2.844285e+19,4.249269e+19,0,37
3.288765e+09,3.045422e+17,1.998989e+20,6.805862e+19,1.590514e+09,1.319976e+18,3.727213e+21,6.387717e+20,2.141578e+09,3.044509e+18,5.125302e+19,1.975745e+19,1,41
1.978101e+09,4.148507e+17,1.283994e+20,5.013974e+18,7.785205e+08,3.192932e+17,6.865529e+20,1.156975e+20,1.413551e+09,1.446371e+18,4.765437e+18,1.383074e+19,3,82
2.406278e+09,2.775659e+17,2.405657e+20,7.681646e+19,1.105307e+09,6.447849e+17,1.269007e+21,2.187221e+20,1.604987e+09,1.832036e+18,8.549703e+19,2.864996e+19,2,89
2.000851e+09,1.474876e+17,1.681249e+20,3.145551e+18,9.766999e+08,4.178339e+17,1.261871e+21,2.262698e+20,1.356950e+09,1.129081e+18,1.555106e+19,9.400179e+18,0,50
2.079444e+09,2.965180e+17,2.323603e+20,2.400358e+19,8.621640e+08,4.532627e+17,6.394782e+20,9.541562e+19,1.406318e+09,1.559669e+18,7.167463e+17,2.112989e+18,2,101
2.272789e+09,3.309897e+17,3.455697e+20,7.289651e+18,9.670716e+08,5.378973e+17,1.017537e+21,1.680599e+20,1.541656e+09,1.746985e+18,2.892326e+19,5.310288e+19,0,29
2.741288e+09,3.689125e+16,7.905256e+19,2.360149e+18,1.499017e+09,1.111935e+18,4.294537e+21,6.944316e+20,1.687298e+09,1.544831e+18,3.079395e+19,4.580461e+19,0,81
2.980919e+09,4.897235e+17,2.897375e+21,6.618379e+19,1.425924e+09,7.490095e+17,4.450245e+21,8.962246e+20,2.116096e+09,2.482565e+18,5.411858e+20,3.907774e+19,1,97
3.636547e+09,5.269046e+17,2.896664e+20,1.357785e+20,1.793608e+09,1.394714e+18,5.980550e+21,1.082781e+21,2.459056e+09,3.637021e+18,1.728175e+20,1.755086e+20,1,67
2.434215e+09,3.269238e+17,7.036127e+19,2.102470e+19,1.130063e+09,5.500393e+17,1.990058e+21,3.634377e+20,1.696594e+09,1.708961e+18,1.008318e+20,1.074022e+19,0,78
2.722711e+09,4.577484e+17,9.864826e+19,5.455856e+19,1.244718e+09,6.533955e+17,2.547361e+21,4.724463e+20,1.918798e+09,2.185160e+18,9.220653e+19,1.536308e+19,2,78
4.152793e+09,5.542007e+17,1.183531e+21,3.518494e+18,2.008359e+09,1.976301e+18,8.379952e+21,1.503674e+21,2.749859e+09,4.695346e+18,4.378606e+20,6.079199e+19,2,47
1.568893e+09,9.267855e+16,8.067107e+19,8.505694e+18,7.341794e+08,2.832349e+17,6.607957e+20,1.164755e+20,1.037466e+09,6.987627e+17,5.957966e+17,4.469698e+18,2,63
7.741289e+09,3.167150e+18,1.280762e+20,4.780221e+20,3.485261e+09,6.390317e+18,2.752539e+22,4.343329e+21,5.235205e+09,1.878379e+19,1.143254e+21,6.105557e+20,0,72
4.062959e+09,1.249770e+18,1.250430e+21,5.591931e+19,1.752591e+09,1.467848e+18,5.497721e+21,9.334149e+20,2.851984e+09,5.372462e+18,1.445790e+19,4.544793e+19,0,9
2.775270e+09,1.623741e+17,3.329229e+20,2.069839e+18,1.387870e+09,9.836546e+17,3.460581e+21,5.416178e+20,1.784020e+09,1.938672e+18,4.665431e+19,2.409300e+19,3,85
2.501454e+09,2.693225e+16,5.623043e+18,1.829736e+19,1.361429e+09,9.793451e+17,3.224525e+21,5.372594e+20,1.516599e+09,1.300540e+18,8.275270e+19,7.292905e+18,2,70
2.181801e+09,4.231189e+16,9.272458e+19,4.369112e+18,1.156850e+09,6.809735e+17,2.107821e+21,3.478118e+20,1.357803e+09,1.064373e+18,7.807788e+18,2.122159e+19,2,59
2.020022e+09,2.221947e+17,4.499771e+19,3.359750e+19,9.125404e+08,4.172204e+17,1.053321e+21,1.976196e+20,1.376881e+09,1.232762e+18,4.541714e+19,1.594094e+19,1,12
1.890364e+09,2.304210e+17,1.003607e+20,3.312438e+18,8.049677e+08,3.674141e+17,7.648334e+20,1.113410e+20,1.284944e+09,1.198736e+18,2.576813e+19,1.076429e+19,3,83
1.584409e+09,8.765674e+16,3.166771e+20,2.670089e+17,7.258023e+08,3.176428e+17,5.635813e+20,8.600490e+19,1.021841e+09,7.381531e+17,1.659148e+19,2.164481e+19,0,62
2.432126e+09,2.797072e+17,1.434186e+20,3.173884e+18,1.159671e+09,5.590018e+17,2.112546e+21,3.791674e+20,1.687301e+09,1.623314e+18,1.058260e+20,1.880950e+19,3,64
2.266913e+09,4.585694e+17,2.562452e+20,3.301745e+18,9.040347e+08,4.749880e+17,9.635734e+20,1.468257e+20,1.577932e+09,1.858444e+18,2.613811e+19,2.192047e+19,2,69
4.632726e+09,1.438162e+18,2.257041e+21,1.492840e+19,2.002685e+09,2.053911e+18,7.462873e+21,1.254172e+21,3.199606e+09,6.950955e+18,6.271429e+19,1.216355e+20,1,47
2.758927e+09,2.267900e+17,4.723332e+20,1.358381e+19,1.376809e+09,8.296823e+17,3.056008e+21,5.206488e+20,1.853026e+09,2.024763e+18,3.810999e+18,5.941108e+19,1,75
2.076644e+09,4.198067e+16,1.012756e+20,2.092398e+19,1.097389e+09,6.122508e+17,1.664357e+21,2.735432e+20,1.294863e+09,1.009162e+18,2.737834e+19,1.594725e+19,1,59
1.893385e+09,2.273802e+17,9.419612e+19,2.023989e+19,8.300178e+08,3.685869e+17,7.547045e+20,1.306254e+20,1.306164e+09,1.148595e+18,2.863143e+19,1.300368e+19,0,12
2.696109e+09,1.515115e+17,3.106480e+20,2.495269e+18,1.317916e+09,1.001839e+18,2.521287e+21,3.864140e+20,1.696938e+09,1.926381e+18,1.147579e+19,5.009414e+19,0,40
2.729761e+09,6.748610e+17,9.114482e+19,7.105283e+18,1.207577e+09,5.419184e+17,2.350431e+21,3.795332e+20,1.993866e+09,2.395866e+18,1.112751e+20,2.102331e+19,0,64
2.864383e+09,9.961911e+16,1.732201e+21,1.174086e+19,1.528038e+09,1.090256e+18,3.957850e+21,6.757134e+20,1.822332e+09,1.864679e+18,1.165763e+20,7.181332e+19,3,66
8.951028e+09,8.459561e+18,3.734543e+20,1.901065e+21,3.555482e+09,6.739299e+18,2.538491e+22,4.045028e+21,6.403792e+09,2.953431e+19,7.127391e+21,1.993538e+21,1,72
4.037989e+09,1.136808e+18,4.026926e+20,1.901259e+20,1.891197e+09,1.176264e+18,6.692180e+21,1.090752e+21,2.957031e+09,5.356939e+18,9.029815e+20,3.256288e+20,0,4
2.388071e+09,4.496121e+17,7.268585e+20,7.330187e+18,1.026125e+09,4.799888e+17,1.389031e+21,2.364442e+20,1.696045e+09,1.903461e+18,8.720918e+19,8.178079e+19,2,50
2.460764e+09,5.040698e+16,2.612740e+20,5.055308e+18,1.329577e+09,8.766197e+17,2.603956e+21,4.673502e+20,1.524488e+09,1.362293e+18,1.867140e+19,1.522315e+19,0,61
2.108745e+09,1.906580e+17,7.696374e+19,2.115702e+19,9.663699e+08,5.269929e+17,1.033926e+21,1.777660e+20,1.386609e+09,1.360658e+18,1.770250e+19,8.433548e+18,3,60
2.809999e+09,3.512943e+17,3.387292e+20,1.553948e+18,1.342287e+09,7.987142e+17,2.885191e+21,4.940458e+20,1.917984e+09,2.246137e+18,6.393070e+18,6.345759e+19,3,75
1.682009e+09,5.054880e+16,3.463579e+20,2.762521e+18,8.473081e+08,3.836933e+17,9.597876e+20,1.872468e+20,1.071755e+09,6.996674e+17,4.479383e+19,3.977188e+19,1,62
1.792982e+09,8.712126e+16,8.242807e+19,2.146590e+18,8.953125e+08,3.986029e+17,1.108724e+21,1.957101e+20,1.169908e+09,8.066305e+17,5.248959e+19,1.658479e+19,2,80
2.637920e+09,4.186177e+17,1.184290e+21,3.175677e+18,1.164516e+09,6.906518e+17,1.941253e+21,3.108065e+20,1.810057e+09,2.175700e+18,8.690933e+19,4.901975e+19,0,91
1.689167e+09,3.928340e+16,3.391630e+20,1.745078e+19,8.648501e+08,3.975234e+17,9.390477e+20,1.543793e+20,1.058951e+09,6.889208e+17,1.333942e+19,1.510597e+19,1,95
2.172007e+09,2.477811e+17,4.731192e+19,5.796910e+19,9.859605e+08,5.058015e+17,1.130825e+21,2.182011e+20,1.479768e+09,1.478948e+18,1.999411e+20,2.736886e+19,1,103
2.300978e+09,1.595241e+17,3.042997e+20,1.508321e+18,1.080322e+09,6.925204e+17,1.533849e+21,2.428483e+20,1.471523e+09,1.509251e+18,3.169078e+19,3.157931e+19,0,68
2.872812e+09,3.879768e+17,2.109984e+20,4.909111e+19,1.284255e+09,9.692324e+17,2.157544e+21,3.550004e+20,1.889021e+09,2.542352e+18,4.515890e+19,3.469111e+18,2,104
2.053529e+09,2.642112e+17,4.079809e+20,5.014811e+18,9.059144e+08,4.080151e+17,1.024190e+21,1.971518e+20,1.417872e+09,1.339412e+18,5.844759e+19,1.292320e+19,2,52
2.469302e+09,3.439546e+17,8.602837e+20,3.696312e+19,1.131150e+09,6.634648e+17,1.401048e+21,2.328255e+20,1.658578e+09,1.912717e+18,1.032822e+20,4.235481e+19,3,89
2.665373e+09,3.272478e+17,5.860870e+19,1.187109e+20,1.319028e+09,6.213398e+17,2.999236e+21,6.932134e+20,1.879165e+09,1.822469e+18,3.616696e+20,3.666017e+19,0,30
3.046371e+09,5.145735e+17,6.204509e+19,4.655381e+19,1.332195e+09,1.008535e+18,2.325383e+21,3.918948e+20,2.048371e+09,2.974429e+18,7.666989e+19,1.053641e+19,3,104
2.366773e+09,1.572296e+17,5.486162e+20,1.728309e+19,1.153694e+09,6.937495e+17,1.952169e+21,3.530552e+20,1.536892e+09,1.473961e+18,7.165486e+17,2.098152e+19,0,45
2.451429e+09,1.454753e+16,5.827766e+19,4.156981e+18,1.357661e+09,9.691078e+17,3.166511e+21,5.264099e+20,1.468528e+09,1.196340e+18,8.849551e+19,8.739856e+18,1,70
3.336329e+09,3.970477e+16,2.846463e+20,8.692864e+18,1.828698e+09,1.816750e+18,6.182260e+21,9.600249e+20,1.990587e+09,2.335121e+18,7.442505e+19,7.084900e+19,1,99
3.387218e+09,5.574211e+17,4.268926e+20,3.634645e+17,1.537096e+09,1.225017e+18,3.592925e+21,5.665325e+20,2.283137e+09,3.481666e+18,9.737765e+16,6.158079e+19,2,98
2.498795e+09,3.750735e+17,9.018198e+20,4.968189e+19,1.130866e+09,6.102295e+17,1.968430e+21,3.349256e+20,1.718528e+09,1.871304e+18,1.539778e+20,1.672935e+20,0,19
2.647399e+09,6.218126e+17,2.110068e+19,4.912749e+19,1.114989e+09,5.623821e+17,1.666170e+21,2.444308e+20,1.897770e+09,2.559404e+18,1.873373e+20,5.231196e+19,3,69
3.406533e+09,5.386709e+17,7.570420e+20,8.145000e+19,1.562495e+09,1.232856e+18,3.677399e+21,6.062554e+20,2.296217e+09,3.474698e+18,3.313370e+19,2.982371e+19,0,24
2.331770e+09,3.499056e+15,5.031792e+19,1.711556e+18,1.327949e+09,9.096646e+17,3.154321e+21,5.108519e+20,1.381829e+09,1.021264e+18,9.419838e+19,5.494909e+18,3,70
1.933262e+09,2.344985e+17,5.374309e+19,2.154686e+18,8.063281e+08,4.325106e+17,6.334842e+20,8.995596e+19,1.279062e+09,1.270127e+18,1.343599e+19,6.422358e+18,2,100
2.200631e+09,1.637128e+17,8.048946e+19,7.375546e+19,1.064703e+09,5.370739e+17,1.516736e+21,3.004286e+20,1.468560e+09,1.378667e+18,3.010912e+20,5.259064e+19,3,103
3.146486e+09,6.709200e+17,3.022959e+20,2.739942e+19,1.390606e+09,8.823458e+17,3.171626e+21,4.950017e+20,2.208229e+09,3.240027e+18,7.409267e+19,4.043281e+19,0,93
2.064872e+09,1.557565e+17,1.721985e+20,1.510165e+19,9.711083e+08,4.893354e+17,1.207369e+21,1.985599e+20,1.365659e+09,1.220937e+18,2.817084e+18,9.946291e+18,3,71
1.824436e+09,8.743766e+16,1.251569e+20,1.446654e+19,9.100994e+08,3.893397e+17,1.184730e+21,2.045834e+20,1.202970e+09,8.515281e+17,1.066654e+19,1.340542e+19,3,53
3.081656e+09,9.339947e+17,1.303750e+21,4.985259e+19,1.238214e+09,7.811095e+17,2.142638e+21,2.986968e+20,2.198023e+09,3.565651e+18,6.066934e+20,2.293462e+20,3,54
2.255482e+09,3.093073e+17,1.065713e+20,4.513379e+18,9.652350e+08,5.720112e+17,1.106459e+21,1.714922e+20,1.506790e+09,1.671391e+18,2.040475e+19,1.316569e+19,3,100
2.028886e+09,1.226961e+17,7.603703e+19,4.591268e+18,9.712485e+08,5.096988e+17,1.275209e+21,1.703970e+20,1.316293e+09,1.170062e+18,7.331994e+19,3.182767e+18,0,77
1.612858e+09,7.258046e+16,3.681659e+20,3.307706e+18,8.114054e+08,2.960519e+17,8.798151e+20,1.678304e+20,1.072285e+09,6.531272e+17,1.513161e+19,2.187283e+19,2,48
1.972609e+09,1.065967e+17,4.157072e+19,4.502943e+19,9.362117e+08,5.213420e+17,1.032065e+21,1.689206e+20,1.256945e+09,1.082072e+18,4.667311e+19,1.830734e+19,3,74
3.227308e+09,1.403053e+17,2.457394e+20,2.168018e+19,1.664566e+09,1.435448e+18,5.127949e+21,8.655142e+20,2.030028e+09,2.457797e+18,2.000532e+19,2.610394e+19,0,41
2.204931e+09,8.887853e+16,1.348601e+18,2.479040e+19,1.100987e+09,6.570196e+17,1.775059e+21,2.573499e+20,1.394653e+09,1.255250e+18,7.248498e+19,5.808932e+18,3,84
3.299387e+09,9.224133e+16,1.893879e+20,1.603784e+19,1.719258e+09,1.629882e+18,5.335942e+21,8.524887e+20,2.022751e+09,2.509912e+18,1.055297e+16,2.454039e+19,0,7
2.227756e+09,1.213962e+17,3.787750e+20,3.023827e+18,1.126731e+09,5.674647e+17,2.199868e+21,4.133875e+20,1.474458e+09,1.222412e+18,3.390643e+20,3.326878e+19,2,65
5.395409e+09,3.064688e+18,6.783199e+20,3.561454e+19,2.358529e+09,1.680635e+18,8.072851e+21,1.856363e+21,4.105304e+09,1.201090e+19,3.455055e+21,8.679146e+20,0,5
3.458375e+09,9.379152e+17,9.795560e+20,2.518206e+19,1.436705e+09,1.138829e+18,2.574454e+21,4.299183e+20,2.394993e+09,4.121817e+18,3.510121e+20,1.345882e+20,2,49
