1.987588e+07,1.025710e+14,8.080972e+16,4.453484e+15,1.712952e+07,1.667694e+14,1.087211e+17,7.819115e+15,7.001931e+06,1.029499e+13,5.084991e+15,1.784109e+14,0,57
1.544407e+07,4.549988e+13,4.584200e+16,2.634274e+15,1.348010e+07,7.660710e+13,8.545612e+16,5.755285e+15,6.757364e+06,5.162753e+12,5.717517e+15,1.352420e+14,0,58
1.730449e+07,2.929963e+13,5.769436e+16,9.722632e+14,1.474880e+07,6.439215e+13,1.027858e+17,6.831774e+15,9.336311e+06,1.166986e+13,1.246818e+16,4.192666e+14,0,78
1.467164e+07,3.008168e+13,7.177549e+16,4.216675e+15,1.321041e+07,4.847364e+13,8.687481e+16,6.786975e+15,7.745038e+06,4.637216e+12,8.247378e+15,2.726700e+14,2,51
1.950630e+07,3.303932e+13,6.862824e+16,1.045290e+15,1.681029e+07,7.130302e+13,1.428508e+17,9.147722e+15,1.106253e+07,1.863245e+13,1.759720e+16,6.056404e+14,2,78
1.654580e+07,3.126497e+13,5.354368e+16,1.213701e+15,1.398755e+07,6.618238e+13,8.453415e+16,8.060320e+15,8.477298e+06,6.830534e+12,1.063322e+16,1.457993e+14,2,55
1.024999e+07,3.160826e+13,3.054293e+16,3.357796e+15,1.098955e+07,2.385413e+13,6.584526e+16,6.570345e+15,5.368224e+06,1.763125e+12,2.188320e+15,5.199365e+13,1,54
1.403463e+07,3.594418e+13,5.423011e+16,3.640406e+15,1.322143e+07,4.606284e+13,9.403247e+16,7.543797e+15,7.247692e+06,4.001533e+12,6.812187e+15,2.356861e+13,0,33
2.694742e+07,1.196810e+14,1.085482e+17,3.977448e+15,2.199287e+07,2.533066e+14,1.826339e+17,1.323725e+16,1.106426e+07,3.003807e+13,1.153446e+16,6.272972e+14,1,45
1.543343e+07,1.547961e+13,3.457905e+16,8.213553e+14,1.304675e+07,4.056936e+13,8.585358e+16,4.832116e+15,9.130037e+06,8.094020e+12,1.400472e+16,3.217273e+14,0,75
2.463756e+07,1.935418e+14,1.087860e+17,8.451692e+15,2.196773e+07,2.754269e+14,1.227345e+17,9.335971e+15,8.071506e+06,1.762394e+13,3.747294e+15,8.906631e+13,0,79
1.561646e+07,2.723410e+13,5.439955e+16,1.297320e+15,1.328602e+07,5.613399e+13,8.008784e+16,7.970501e+15,8.185697e+06,5.913195e+12,1.033299e+16,1.192181e+14,0,55
2.353740e+07,1.322745e+14,9.983904e+16,6.985938e+15,2.014110e+07,2.243593e+14,1.563480e+17,1.170417e+16,8.640540e+06,1.642302e+13,7.474969e+15,2.371291e+14,2,102
2.264278e+07,1.246083e+14,6.355360e+16,3.472084e+15,1.929117e+07,2.139560e+14,1.323760e+17,8.883607e+15,8.134603e+06,1.578245e+13,6.518251e+15,2.123707e+14,0,83
2.809491e+07,1.836543e+14,9.814421e+16,5.697894e+15,2.303673e+07,3.481832e+14,1.594571e+17,1.226430e+16,9.531524e+06,2.994612e+13,6.708163e+15,3.538698e+14,0,63
1.622335e+07,6.180791e+13,6.000823e+16,2.935982e+15,1.535477e+07,7.568136e+13,1.147344e+17,9.004284e+15,7.551231e+06,6.379435e+12,6.902998e+15,3.518995e+13,0,87
1.789304e+07,5.414627e+13,5.478718e+16,1.725531e+15,1.583726e+07,8.985723e+13,1.274521e+17,1.051438e+16,8.495083e+06,6.590248e+12,9.756168e+15,1.345072e+14,3,72
1.996484e+07,1.502050e+13,5.295228e+16,1.342619e+15,1.595196e+07,6.260892e+13,1.180392e+17,7.128896e+15,1.208095e+07,1.781049e+13,2.585308e+16,1.245052e+15,2,64
2.329963e+07,3.707675e+13,6.806158e+16,2.908869e+15,1.875072e+07,1.085557e+14,1.657543e+17,1.147628e+16,1.295198e+07,2.098467e+13,2.523355e+16,1.000037e+15,1,35
2.938816e+07,1.918626e+14,6.479801e+16,3.815810e+15,2.394790e+07,3.764711e+14,1.812160e+17,1.342643e+16,1.010846e+07,3.199310e+13,1.563963e+16,8.778253e+14,2,62
2.443422e+07,1.535318e+14,1.046119e+17,6.655482e+15,2.059598e+07,2.652653e+14,1.390317e+17,1.064386e+16,8.210526e+06,1.868280e+13,5.723057e+15,2.593447e+14,0,43
2.796333e+07,1.198874e+14,1.402194e+17,6.760195e+15,2.295917e+07,2.518539e+14,1.785974e+17,1.164897e+16,1.216940e+07,3.342150e+13,1.356975e+16,6.811029e+14,1,25
1.764667e+07,9.106751e+13,5.265238e+16,3.149467e+15,1.555473e+07,1.366823e+14,8.719190e+16,6.529837e+15,6.011953e+06,6.709463e+12,3.278669e+15,8.460062e+13,2,57
1.466342e+07,4.872348e+13,5.060579e+16,4.833307e+15,1.386794e+07,5.939641e+13,9.441000e+16,7.966035e+15,6.998993e+06,4.532748e+12,5.088449e+15,5.694046e+13,1,37
2.594772e+07,1.077174e+14,3.607116e+16,1.048176e+15,2.178496e+07,2.115367e+14,1.895992e+17,1.494701e+16,1.142607e+07,1.753730e+13,1.674646e+16,8.952913e+14,1,99
1.699313e+07,3.481538e+13,4.104939e+16,1.083600e+15,1.502625e+07,6.248598e+13,1.119246e+17,7.287470e+15,9.131834e+06,6.715559e+12,1.251754e+16,2.828506e+14,2,66
2.170767e+07,6.757598e+13,1.131579e+17,4.397045e+15,1.817125e+07,1.381689e+14,1.429890e+17,9.441870e+15,9.953354e+06,2.147860e+13,1.231540e+16,3.547278e+14,0,8
2.020281e+07,1.012384e+14,3.514046e+16,9.251262e+14,1.795461e+07,1.516601e+14,1.347144e+17,9.266270e+15,7.893660e+06,1.039122e+13,8.628223e+15,2.598405e+14,3,68
1.656766e+07,3.075708e+13,6.549585e+16,1.424996e+15,1.466626e+07,5.467277e+13,1.196147e+17,9.838588e+15,9.180155e+06,7.942394e+12,1.259753e+16,1.875046e+14,0,91
1.355356e+08,1.399007e+15,4.099436e+16,1.737514e+17,6.259032e+07,1.412492e+15,1.000313e+18,1.236142e+17,9.795396e+07,7.433034e+15,2.764812e+17,1.065051e+17,1,80
2.072629e+07,9.153793e+13,9.259967e+16,4.364356e+15,1.784217e+07,1.548893e+14,1.279420e+17,1.038215e+16,8.349413e+06,1.230846e+13,6.562769e+15,2.326648e+14,3,48
1.179613e+07,3.752424e+13,3.635297e+16,3.007142e+15,1.200338e+07,3.498566e+13,8.076271e+16,8.451396e+15,5.881265e+06,1.958462e+12,3.192868e+15,4.685846e+13,1,59
1.311880e+07,6.597082e+12,3.443770e+16,2.353571e+14,1.133261e+07,1.937954e+13,6.457865e+16,4.501610e+15,8.795674e+06,6.438836e+12,1.518757e+16,3.139862e+14,3,64
2.927994e+07,2.363455e+14,1.371695e+17,7.072967e+15,2.418909e+07,4.287982e+14,1.500221e+17,1.260408e+16,8.832296e+06,2.693916e+13,6.393048e+15,4.256341e+14,1,74
1.676902e+07,6.139183e+13,7.772298e+16,4.366853e+15,1.493815e+07,9.510658e+13,1.057786e+17,9.108636e+15,7.145486e+06,4.834156e+12,5.017857e+15,4.982360e+13,2,47
3.858762e+07,3.153147e+14,1.276152e+17,4.629204e+15,3.112817e+07,6.450506e+14,2.536905e+17,1.689936e+16,1.340494e+07,6.046525e+13,1.956466e+16,1.421393e+15,0,13
2.335506e+07,9.350614e+13,5.009350e+16,1.121082e+15,1.938697e+07,1.850159e+14,1.688415e+17,1.463894e+16,9.755013e+06,1.575688e+13,1.253420e+16,4.194786e+14,2,56
1.639523e+07,5.029871e+13,6.417933e+16,4.184798e+15,1.489202e+07,7.332711e+13,1.023946e+17,8.461010e+15,7.885063e+06,7.507175e+12,5.841581e+15,5.493573e+13,0,37
2.978429e+07,2.172634e+14,1.132591e+17,5.714786e+15,2.466293e+07,4.001261e+14,1.828127e+17,1.398728e+16,9.960862e+06,2.919718e+13,8.086228e+15,5.087799e+14,0,18
2.009163e+07,2.530966e+13,9.044960e+16,4.780657e+15,1.662916e+07,7.311091e+13,1.283757e+17,1.337376e+16,1.170506e+07,1.753274e+13,2.329382e+16,3.020219e+14,0,85
1.225627e+07,3.322335e+13,4.766304e+16,2.841795e+15,1.251213e+07,3.079331e+13,7.381297e+16,8.945875e+15,6.802431e+06,2.726409e+12,3.854706e+15,1.890609e+14,3,81
2.254997e+07,9.670709e+13,1.116366e+17,3.655434e+15,1.905688e+07,1.773337e+14,1.466088e+17,1.118407e+16,9.324566e+06,1.895646e+13,9.781773e+15,6.281384e+14,0,71
1.211425e+07,3.736601e+13,4.666962e+16,2.969339e+15,1.212609e+07,3.738294e+13,7.300437e+16,6.513518e+15,6.017749e+06,1.992040e+12,3.510067e+15,1.527648e+13,2,54
3.066476e+07,1.634210e+14,1.572653e+17,5.359499e+15,2.473258e+07,3.495417e+14,2.292295e+17,1.657080e+16,1.199507e+07,3.993066e+13,1.644086e+16,9.078260e+14,0,0
1.941678e+07,2.944373e+13,8.582696e+16,1.509567e+15,1.609922e+07,7.898577e+13,1.215200e+17,1.027651e+16,1.071838e+07,1.344927e+13,1.866075e+16,2.381568e+14,3,85
2.243855e+07,3.793985e+13,7.663890e+16,1.467895e+15,1.807493e+07,1.090875e+14,1.382483e+17,1.003943e+16,1.199944e+07,1.962560e+13,1.917015e+16,1.037758e+15,0,10
2.334237e+07,1.287515e+14,3.533400e+16,8.428662e+14,2.017357e+07,2.130702e+14,1.630552e+17,1.278117e+16,8.862073e+06,1.146317e+13,9.387929e+15,2.040375e+14,0,80
2.095835e+07,5.258690e+13,9.655720e+16,2.658576e+15,1.725267e+07,1.180472e+14,1.406172e+17,1.250187e+16,1.012255e+07,1.740493e+13,1.505099e+16,5.738285e+14,0,92
2.517890e+07,1.629470e+14,1.146689e+17,6.089746e+15,2.163978e+07,2.662898e+14,1.644753e+17,1.250012e+16,8.875714e+06,2.093431e+13,6.814666e+15,2.131049e+14,1,89
2.237545e+07,1.044571e+14,6.129858e+16,1.975694e+15,1.890177e+07,1.881344e+14,1.359107e+17,1.041334e+16,8.744926e+06,1.545654e+13,8.279425e+15,3.146034e+14,1,82
2.815083e+07,1.528916e+14,8.169776e+16,6.866896e+14,2.294899e+07,3.085348e+14,1.834534e+17,1.382587e+16,1.064030e+07,2.990781e+13,1.536281e+16,1.386855e+15,2,90
2.040994e+07,8.050689e+13,1.032678e+17,5.011361e+15,1.768316e+07,1.365150e+14,1.454507e+17,1.148062e+16,8.767153e+06,1.006413e+13,8.366886e+15,1.813624e+14,3,47
2.904247e+07,2.112289e+14,6.569617e+16,2.916860e+15,2.410488e+07,3.818341e+14,1.699768e+17,1.136215e+16,9.575537e+06,2.679247e+13,1.250926e+16,6.335130e+14,1,62
1.834418e+07,5.115627e+13,5.200193e+16,2.427004e+15,1.550041e+07,1.006947e+14,1.141783e+17,7.791385e+15,8.363659e+06,9.430170e+12,8.748282e+15,2.573455e+14,3,58
2.351184e+07,1.190978e+14,7.922049e+16,3.745716e+15,1.973469e+07,2.135598e+14,1.304866e+17,1.061324e+16,8.934466e+06,1.834603e+13,7.010959e+15,2.503070e+14,0,82
1.846316e+07,9.574723e+13,5.902950e+16,3.670253e+15,1.653319e+07,1.356125e+14,1.099683e+17,9.052535e+15,6.851494e+06,7.800647e+12,4.309857e+15,3.643414e+13,1,41
3.258186e+07,2.392597e+14,1.524489e+17,6.303260e+15,2.682465e+07,4.530944e+14,2.389728e+17,1.810382e+16,1.137707e+07,4.154836e+13,1.167716e+16,6.612650e+14,1,43
2.788180e+07,1.842920e+14,1.597212e+17,1.173085e+16,2.355257e+07,3.209235e+14,1.524498e+17,1.082017e+16,1.001205e+07,3.075103e+13,6.730376e+15,2.156945e+14,1,79
3.150752e+07,2.330348e+14,9.787896e+16,4.992202e+15,2.520206e+07,4.708367e+14,1.545901e+17,1.361304e+16,9.936713e+06,4.070098e+13,8.437983e+15,1.044359e+15,1,49
2.392604e+07,9.903647e+13,1.003766e+17,3.063651e+15,2.012465e+07,1.898565e+14,1.687644e+17,1.210157e+16,1.026407e+07,2.341505e+13,1.233337e+16,5.837221e+14,1,71
3.208699e+07,2.476839e+14,1.137347e+17,6.470078e+15,2.584783e+07,4.876004e+14,1.739498e+17,1.506368e+16,1.012520e+07,4.007990e+13,8.500287e+15,8.395252e+14,0,49
1.916014e+07,9.507923e+13,6.017792e+16,2.816677e+15,1.741008e+07,1.335216e+14,1.216420e+17,8.571957e+15,7.667816e+06,8.654926e+12,6.878327e+15,9.989082e+13,1,68
2.778278e+07,2.106527e+14,1.246884e+17,7.720669e+15,2.404617e+07,3.328779e+14,1.689082e+17,1.170637e+16,9.542283e+06,2.532678e+13,7.375962e+15,3.105668e+14,2,79
2.764669e+07,1.212659e+14,8.873628e+16,8.563283e+14,2.203413e+07,2.766475e+14,1.771193e+17,1.326397e+16,1.105677e+07,3.410197e+13,1.662484e+16,1.585584e+15,0,90
1.910903e+07,1.167720e+14,9.379742e+16,6.554911e+15,1.743486e+07,1.569939e+14,1.228708e+17,1.087303e+16,6.641486e+06,5.890808e+12,3.336914e+15,7.335571e+13,3,70
2.551321e+07,1.008736e+14,1.428860e+17,5.474291e+15,2.106257e+07,2.109754e+14,2.018277e+17,1.530380e+16,1.102017e+07,2.416433e+13,1.408151e+16,4.552707e+14,0,96
3.102028e+07,1.544222e+14,1.315725e+17,3.461919e+15,2.464377e+07,3.562836e+14,2.336952e+17,1.778588e+16,1.222478e+07,4.393979e+13,1.734059e+16,1.018409e+15,1,0
4.363006e+07,5.099614e+14,2.089663e+17,9.509088e+15,3.537614e+07,9.576469e+14,2.463201e+17,1.986725e+16,1.279390e+07,7.568580e+13,1.261984e+16,1.311007e+15,3,86
2.100982e+07,9.775389e+13,9.531231e+16,4.805488e+15,1.839875e+07,1.563625e+14,1.472238e+17,1.138885e+16,8.523431e+06,1.399305e+13,7.914784e+15,1.341259e+14,0,41
1.928676e+07,4.034423e+13,8.900703e+16,3.306759e+15,1.590326e+07,9.559997e+13,1.158200e+17,1.043801e+16,9.588424e+06,1.454128e+13,1.242849e+16,3.048670e+14,3,92
2.879795e+07,1.933201e+14,1.171917e+17,6.094546e+15,2.370885e+07,3.630486e+14,1.741812e+17,1.443669e+16,9.809364e+06,2.966924e+13,9.105078e+15,5.163964e+14,0,15
1.979165e+07,1.547172e+13,5.055256e+16,1.062437e+15,1.586056e+07,6.206411e+13,1.189201e+17,7.059604e+15,1.193849e+07,1.799178e+13,2.429164e+16,7.642748e+14,1,64
2.396081e+07,3.322457e+13,1.267991e+17,3.059628e+15,2.006183e+07,9.443415e+13,2.176153e+17,1.571853e+16,1.432004e+07,2.615177e+13,2.949068e+16,3.574823e+14,0,24
1.848372e+07,3.633035e+13,4.775455e+16,2.433864e+15,1.551257e+07,8.063538e+13,1.039864e+17,5.979600e+15,9.509225e+06,1.201759e+13,1.317781e+16,9.787736e+14,1,78
1.492836e+07,9.316023e+13,6.892104e+16,6.043392e+15,1.472063e+07,9.851212e+13,7.839479e+16,9.179653e+15,5.079444e+06,2.702275e+12,1.046130e+15,4.225823e+13,3,76
2.751309e+07,1.469570e+14,9.497559e+16,4.386838e+15,2.291151e+07,2.795816e+14,1.882227e+17,1.258605e+16,1.079256e+07,3.126185e+13,1.171113e+16,5.336084e+14,1,102
1.926204e+07,5.801912e+13,4.929221e+16,2.094948e+15,1.617141e+07,1.169444e+14,1.167322e+17,7.828666e+15,8.566037e+06,1.118144e+13,9.186585e+15,3.050949e+14,1,58
2.842182e+07,1.587033e+14,1.798548e+17,7.461119e+15,2.353035e+07,3.083621e+14,2.051984e+17,1.584363e+16,1.093488e+07,3.280694e+13,1.124104e+16,7.458327e+14,1,104
1.998533e+07,9.690337e+13,1.080461e+17,1.086202e+16,1.770971e+07,1.470481e+14,1.068648e+17,1.050632e+16,7.866955e+06,1.257840e+13,5.344760e+15,1.390842e+14,0,61
1.988855e+07,2.244665e+13,8.957139e+16,7.947868e+14,1.637433e+07,6.624108e+13,1.307060e+17,1.063936e+16,1.175195e+07,1.777229e+13,2.395232e+16,8.284485e+14,1,94
2.029168e+07,1.249559e+14,1.132521e+17,7.347934e+15,1.819645e+07,1.766330e+14,1.282182e+17,1.135519e+16,7.021135e+06,7.686110e+12,3.599150e+15,8.804734e+13,1,70
2.608544e+07,8.988657e+13,5.209815e+16,8.889364e+14,2.162170e+07,1.965328e+14,2.157959e+17,1.834404e+16,1.214442e+07,2.066174e+13,2.081038e+16,5.337795e+14,0,99
1.974805e+07,7.615163e+13,1.136715e+17,6.972808e+15,1.710282e+07,1.302668e+14,1.299718e+17,1.050648e+16,8.408121e+06,9.333161e+12,7.095440e+15,1.451948e+14,1,47
1.518492e+07,5.123732e+13,3.396254e+16,1.934524e+15,1.353805e+07,7.683078e+13,8.681253e+16,6.285776e+15,6.420351e+06,5.148545e+12,5.043485e+15,1.444935e+14,2,53
1.309670e+07,1.391683e+13,2.492284e+16,1.146720e+15,1.153644e+07,2.745333e+13,6.881935e+16,4.050512e+15,7.863061e+06,3.750487e+12,1.129770e+16,2.370776e+14,0,38
1.174093e+07,2.661168e+13,3.903197e+16,1.749455e+15,1.104021e+07,3.402796e+13,6.299082e+16,5.833866e+15,5.908673e+06,2.177444e+12,4.064592e+15,6.006467e+13,0,50
2.650015e+07,1.181377e+14,1.021343e+17,4.683055e+15,2.184630e+07,2.373764e+14,1.887560e+17,1.534476e+16,1.120768e+07,2.276360e+13,1.241437e+16,4.301086e+14,0,30
2.301876e+07,1.306995e+14,1.321133e+17,7.556785e+15,1.944345e+07,2.252716e+14,1.200124e+17,9.632423e+15,8.036067e+06,1.770777e+13,5.506923e+15,2.881591e+14,3,60
3.053712e+07,2.218218e+14,1.571231e+17,5.687777e+15,2.487595e+07,4.242840e+14,1.841575e+17,1.475653e+16,9.996089e+06,3.454400e+13,1.035803e+16,9.355867e+14,2,100
2.839189e+07,1.661788e+14,2.038145e+17,8.770956e+15,2.353332e+07,3.169804e+14,1.815324e+17,1.490502e+16,1.067122e+07,3.255300e+13,9.968230e+15,7.579053e+14,0,103
1.530525e+07,3.306034e+13,8.114367e+16,4.552615e+15,1.335604e+07,5.949210e+13,8.789126e+16,7.219847e+15,7.628909e+06,4.974273e+12,7.727730e+15,2.677225e+14,1,51
2.184234e+07,8.494195e+13,4.657235e+16,1.018453e+15,1.858784e+07,1.561803e+14,1.691156e+17,1.474676e+16,9.384897e+06,1.073505e+13,1.149905e+16,2.776728e+14,0,56
2.351173e+07,1.241422e+14,7.112091e+16,3.524557e+15,1.983536e+07,2.175734e+14,1.284582e+17,9.826491e+15,8.824599e+06,1.712177e+13,6.489720e+15,2.330863e+14,2,82
3.782327e+07,3.675028e+14,1.543303e+17,7.262484e+15,3.075085e+07,6.964789e+14,2.492407e+17,2.091271e+16,1.158111e+07,5.140358e+13,1.139378e+16,1.016027e+15,2,49
3.425737e+07,2.492426e+14,1.724099e+17,8.306639e+15,2.749679e+07,5.087632e+14,1.861643e+17,1.268493e+16,1.171809e+07,5.601102e+13,1.140292e+16,8.577679e+14,2,88
1.802120e+07,4.298555e+13,7.860299e+16,2.083427e+15,1.544231e+07,8.276436e+13,1.045736e+17,9.869746e+15,8.978208e+06,7.434947e+12,1.088849e+16,2.219653e+14,1,55
2.542022e+07,1.372039e+14,8.683593e+16,4.033027e+15,2.134184e+07,2.491863e+14,1.498037e+17,1.084663e+16,9.648840e+06,2.147358e+13,7.947446e+15,6.298514e+14,0,14
1.885520e+07,6.934779e+13,4.730920e+16,2.501382e+15,1.630034e+07,1.178327e+14,1.226282e+17,8.446703e+15,8.000758e+06,1.002977e+13,7.260020e+15,2.245157e+14,3,53
3.115485e+07,2.127716e+14,1.817043e+17,6.856147e+15,2.558734e+07,4.050010e+14,2.045192e+17,1.721953e+16,1.108252e+07,3.680953e+13,1.061513e+16,9.290662e+14,0,101
1.188295e+07,4.693552e+13,4.405410e+16,3.979277e+15,1.239898e+07,4.016621e+13,8.492110e+16,9.240051e+15,5.557028e+06,8.530474e+11,2.399277e+15,5.528700e+13,2,67
2.919168e+07,1.179087e+14,1.244587e+17,5.613339e+15,2.328951e+07,2.822606e+14,2.204752e+17,1.853846e+16,1.246710e+07,3.674726e+13,1.515919e+16,6.924939e+14,0,6
1.497971e+07,8.114160e+13,7.276391e+16,6.237716e+15,1.494524e+07,8.181527e+13,9.023205e+16,8.156371e+15,5.938949e+06,3.233754e+12,2.124055e+15,6.522114e+12,0,40
2.636257e+07,8.867786e+13,1.353328e+17,1.122402e+16,2.202723e+07,1.808331e+14,2.010125e+17,1.889701e+16,1.296720e+07,2.973207e+13,1.934162e+16,7.101817e+14,0,16
1.731009e+07,4.652437e+13,7.553600e+16,2.597118e+15,1.491796e+07,8.492742e+13,1.116968e+17,7.385833e+15,8.114793e+06,8.157809e+12,9.780200e+15,2.908871e+14,2,77
1.095541e+07,4.078449e+13,3.723087e+16,2.961256e+15,1.158223e+07,3.286467e+13,7.166142e+16,8.133879e+15,5.224039e+06,7.955241e+11,2.160388e+15,7.627667e+13,3,67
3.433651e+07,1.899242e+14,1.145606e+17,5.292779e+15,2.769205e+07,4.172464e+14,2.061546e+17,1.751141e+16,1.394026e+07,4.416397e+13,1.647101e+16,1.283104e+15,2,98
1.949728e+07,6.993855e+13,4.279805e+16,2.040908e+15,1.650784e+07,1.287235e+14,1.176651e+17,7.988679e+15,8.151796e+06,1.160572e+13,7.223113e+15,2.378920e+14,1,53
2.000843e+07,6.809865e+13,9.349201e+16,4.365067e+15,1.811461e+07,1.014099e+14,1.674254e+17,1.414625e+16,9.951684e+06,1.386169e+13,1.067886e+16,1.071363e+14,0,44
3.351554e+07,2.807702e+14,1.507676e+17,6.963686e+15,2.728560e+07,5.276294e+14,1.999359e+17,1.562455e+16,1.055628e+07,4.515160e+13,1.026167e+16,5.430205e+14,0,26
2.474616e+07,1.235980e+14,1.333151e+17,5.622792e+15,2.054483e+07,2.347531e+14,1.559065e+17,1.220320e+16,9.428684e+06,2.341521e+13,8.122353e+15,4.665507e+14,3,104
1.434019e+08,1.733523e+15,7.130811e+16,2.579875e+17,6.616690e+07,1.549483e+15,1.044097e+18,1.215521e+17,1.040401e+08,8.360926e+15,3.993239e+17,1.745011e+17,2,80
2.209239e+07,1.045590e+14,1.040845e+17,4.722240e+15,1.870305e+07,1.829731e+14,1.277726e+17,1.023570e+16,8.660440e+06,1.437366e+13,7.056456e+15,2.808065e+14,0,48
3.474134e+07,1.969369e+14,1.057827e+17,3.032942e+15,2.761102e+07,4.492045e+14,2.758326e+17,1.878447e+16,1.370625e+07,5.343315e+13,2.081581e+16,1.474404e+15,0,11
3.453614e+07,2.795006e+14,2.102913e+17,1.051860e+16,2.781428e+07,5.501181e+14,1.720945e+17,1.208094e+16,1.109931e+07,5.179131e+13,1.049058e+16,9.213865e+14,0,88
2.458370e+07,1.162836e+14,1.241243e+17,6.568211e+15,2.059536e+07,2.183318e+14,1.580155e+17,1.199435e+16,9.887476e+06,2.117803e+13,8.967129e+15,3.560827e+14,2,48
3.584023e+07,3.287375e+14,9.187970e+16,6.664504e+15,2.931060e+07,6.153764e+14,2.501998e+17,2.160651e+16,1.118998e+07,4.452761e+13,1.831691e+16,1.102678e+15,3,95
4.494569e+07,6.756267e+14,1.390934e+17,1.036457e+16,3.750377e+07,1.123552e+15,2.096282e+17,1.708783e+16,1.151110e+07,5.869695e+13,6.861378e+15,8.550247e+14,0,86
3.888728e+07,3.413600e+14,1.083917e+17,5.431914e+15,3.120783e+07,6.889758e+14,2.803006e+17,2.266921e+16,1.276196e+07,6.256992e+13,2.532512e+16,1.998072e+15,0,95
3.451099e+07,2.417676e+14,2.221438e+17,9.113642e+15,2.804132e+07,4.861812e+14,2.533961e+17,2.061777e+16,1.254104e+07,4.937673e+13,1.398323e+16,1.146293e+15,1,101
2.968635e+07,2.386641e+14,1.409822e+17,7.729304e+15,2.444749e+07,4.339326e+14,1.473437e+17,1.218591e+16,9.002682e+06,2.933107e+13,5.974578e+15,4.561007e+14,0,74
2.441555e+07,1.312449e+14,8.007903e+16,3.946898e+15,2.029007e+07,2.472258e+14,1.502254e+17,1.057061e+16,8.844899e+06,2.057544e+13,8.542522e+15,2.659310e+14,1,83
1.798917e+07,4.220920e+13,7.259907e+16,1.624065e+15,1.514770e+07,8.658167e+13,1.064865e+17,8.946281e+15,8.710598e+06,1.101319e+13,1.058266e+16,3.081359e+14,1,92
3.180799e+07,1.532502e+14,9.445525e+16,3.876339e+15,2.559861e+07,3.470015e+14,1.778169e+17,1.556285e+16,1.323753e+07,3.865140e+13,1.621535e+16,1.142986e+15,3,98
2.638656e+07,1.464232e+14,9.540827e+16,7.237689e+15,2.199705e+07,2.768476e+14,1.816031e+17,1.206939e+16,9.914484e+06,2.464610e+13,1.035808e+16,3.060635e+14,3,83
3.320733e+07,2.123631e+14,2.331966e+17,9.588595e+15,2.700412e+07,4.315461e+14,2.481321e+17,2.058988e+16,1.248169e+07,4.836556e+13,1.291405e+16,9.440711e+14,0,46
1.211102e+07,3.926917e+13,4.246317e+16,3.264246e+15,1.251913e+07,3.435173e+13,8.509683e+16,8.213112e+15,6.252896e+06,2.203389e+12,3.350561e+15,2.934158e+13,3,54
2.427318e+07,9.029980e+13,1.067265e+17,5.441995e+15,1.983293e+07,1.978603e+14,1.588791e+17,1.110047e+16,1.039743e+07,2.575817e+13,1.195640e+16,5.549192e+14,2,71
2.012895e+07,1.021406e+14,7.228000e+16,4.459478e+15,1.740578e+07,1.650384e+14,1.113770e+17,7.768518e+15,7.303682e+06,1.098168e+13,5.346302e+15,2.107352e+14,1,57
3.824794e+07,2.794960e+14,2.028879e+17,7.818989e+15,3.029457e+07,6.126209e+14,2.726363e+17,2.111622e+16,1.358143e+07,7.118188e+13,1.897632e+16,1.806025e+15,0,100
1.033471e+07,3.403059e+13,2.619496e+16,2.086616e+15,1.084232e+07,2.832206e+13,6.667660e+16,7.040380e+15,5.012961e+06,1.402443e+12,2.117059e+15,4.051611e+13,2,59
1.094672e+07,2.898459e+13,3.924495e+16,2.816683e+15,1.148683e+07,2.357656e+13,6.763333e+16,8.951621e+15,6.130714e+06,1.712194e+12,2.890046e+15,1.884770e+14,1,81
1.508366e+07,5.283785e+13,5.372798e+16,2.536131e+15,1.452102e+07,6.165338e+13,1.034203e+17,8.098185e+15,7.258709e+06,5.669605e+12,6.394773e+15,4.624553e+13,2,87
1.156704e+07,2.475105e+13,3.546026e+16,1.864592e+15,1.087170e+07,3.201482e+13,6.188504e+16,5.334871e+15,5.917765e+06,2.466702e+12,4.105764e+15,1.770854e+13,1,50
2.745796e+07,1.002066e+14,4.034073e+16,8.867616e+14,2.215025e+07,2.384770e+14,2.072367e+17,1.466574e+16,1.218574e+07,2.902867e+13,2.537327e+16,9.794031e+14,0,65
1.590803e+07,3.219873e+13,6.406115e+16,3.114923e+15,1.453931e+07,4.902941e+13,1.231484e+17,1.069132e+16,8.907577e+06,6.290646e+12,1.221152e+16,4.527867e+13,3,91
1.981440e+07,1.146599e+14,3.963165e+16,2.077317e+15,1.828322e+07,1.496454e+14,1.390744e+17,9.597701e+15,7.585969e+06,8.237259e+12,6.553811e+15,1.825081e+14,2,68
1.963521e+07,7.817498e+13,9.746262e+16,5.481654e+15,1.767939e+07,1.129566e+14,1.431698e+17,1.222621e+16,9.012072e+06,1.096351e+13,8.198620e+15,7.814427e+13,0,7
1.530383e+07,3.815227e+13,6.522812e+16,3.003204e+15,1.403818e+07,5.529036e+13,1.071381e+17,8.954890e+15,7.908667e+06,4.869807e+12,8.043591e+15,1.091707e+14,0,32
2.326192e+07,8.569280e+13,2.485614e+16,1.310303e+15,1.973846e+07,1.654841e+14,1.482867e+17,1.192964e+16,1.048960e+07,1.251653e+13,1.436274e+16,7.410360e+14,2,99
2.736321e+07,1.587726e+14,1.904830e+17,1.343721e+16,2.290455e+07,2.904644e+14,1.620602e+17,1.632855e+16,1.042556e+07,2.173191e+13,7.024692e+15,3.262524e+14,1,73
2.088943e+07,9.786670e+13,2.926735e+16,2.408957e+15,1.817960e+07,1.609186e+14,1.330630e+17,1.009861e+16,8.369428e+06,8.715060e+12,7.313506e+15,1.331523e+14,3,80
2.463424e+07,9.819710e+13,3.621985e+16,2.394143e+15,2.021570e+07,2.108334e+14,1.635933e+17,1.191219e+16,1.032399e+07,1.970019e+13,1.784732e+16,7.248429e+14,3,65
3.187683e+07,2.673838e+14,5.959595e+16,1.658196e+15,2.627766e+07,4.867563e+14,2.034132e+17,1.602239e+16,9.958564e+06,3.298724e+13,1.618158e+16,1.040624e+15,1,95
2.777608e+07,1.773410e+14,6.221906e+16,2.641628e+15,2.295598e+07,3.349874e+14,1.726145e+17,1.237820e+16,9.656159e+06,2.646695e+13,1.156697e+16,1.768363e+14,0,69
1.428185e+07,3.236389e+13,6.589852e+16,2.834724e+15,1.307811e+07,4.751858e+13,8.379076e+16,6.348589e+15,7.431713e+06,3.830519e+12,7.510123e+15,2.337853e+14,0,51
2.035004e+07,3.721173e+13,5.833584e+16,2.277173e+15,1.692459e+07,8.849562e+13,1.278846e+17,9.302955e+15,1.095231e+07,1.291921e+13,1.690927e+16,5.463468e+14,1,10
2.238106e+07,3.342123e+13,9.079319e+16,5.727641e+14,1.772585e+07,1.017900e+14,1.493628e+17,1.126625e+16,1.231674e+07,2.356039e+13,2.449342e+16,1.158074e+15,0,39
1.586564e+07,7.388925e+13,6.425074e+16,5.970680e+15,1.447096e+07,9.983562e+13,7.772113e+16,7.378955e+15,5.877766e+06,4.949753e+12,2.890898e+15,4.793699e+13,1,61
1.517124e+07,3.235333e+13,8.138510e+16,5.960926e+15,1.356625e+07,5.338218e+13,9.181842e+16,7.815785e+15,7.884333e+06,5.253699e+12,8.577168e+15,3.018178e+14,3,51
1.397642e+07,5.954630e+13,2.809285e+16,1.377127e+15,1.334900e+07,6.997815e+13,8.013659e+16,6.414816e+15,5.632648e+06,3.332124e+12,3.239882e+15,2.333667e+13,0,68
2.450014e+07,4.280360e+13,9.444689e+16,1.526326e+15,1.989366e+07,1.270717e+14,1.577798e+17,1.043995e+16,1.335986e+07,2.881413e+13,2.635380e+16,5.805035e+14,2,85
2.207398e+07,1.432553e+14,4.354392e+16,3.354314e+15,1.923203e+07,2.222352e+14,1.250164e+17,8.701073e+15,7.288256e+06,1.104999e+13,5.934027e+15,1.569495e+14,2,69
1.562143e+07,2.945555e+13,3.881498e+16,7.498234e+14,1.363964e+07,5.541433e+13,9.631098e+16,7.469060e+15,8.217230e+06,5.497608e+12,1.012541e+16,9.953271e+13,0,66
2.938705e+07,1.877747e+14,1.801107e+17,7.800574e+15,2.440580e+07,3.509288e+14,1.977951e+17,1.618536e+16,1.079960e+07,3.218755e+13,1.016295e+16,6.200827e+14,1,103
2.757937e+07,1.726169e+14,1.729541e+17,9.750394e+15,2.298979e+07,3.197685e+14,1.668820e+17,1.387748e+16,9.891271e+06,2.594473e+13,8.024103e+15,6.214155e+14,2,101
2.279097e+07,1.149983e+14,1.468796e+17,9.504359e+15,1.947041e+07,1.993632e+14,1.441465e+17,1.208512e+16,8.749363e+06,1.567832e+13,6.385273e+15,3.058909e+14,2,70
3.466622e+07,2.414925e+14,2.294795e+17,1.589086e+16,2.814599e+07,4.922566e+14,1.865172e+17,1.240952e+16,1.266702e+07,5.764204e+13,9.049453e+15,5.904224e+14,0,1
3.196463e+07,2.480829e+14,7.060338e+16,6.685706e+15,2.633291e+07,4.635849e+14,2.099244e+17,1.562836e+16,1.059114e+07,3.484159e+13,1.642386e+16,8.799795e+14,3,62
2.182827e+07,2.421309e+14,1.371652e+17,1.632394e+16,2.165844e+07,2.556967e+14,2.032361e+17,2.245181e+16,6.098009e+06,2.980319e+12,1.000278e+15,1.130343e+14,2,76
1.832395e+07,7.005475e+13,8.040358e+16,4.666204e+15,1.611604e+07,1.120060e+14,1.215426e+17,9.724575e+15,7.787736e+06,6.868163e+12,6.593950e+15,1.464117e+14,0,47
3.129753e+07,2.071563e+14,2.157519e+17,8.780914e+15,2.580407e+07,3.983387e+14,2.263895e+17,1.960196e+16,1.143590e+07,3.835379e+13,1.156192e+16,8.976315e+14,1,46
1.455513e+07,1.328269e+13,3.032898e+16,9.230033e+14,1.220031e+07,3.518528e+13,7.273688e+16,4.143876e+15,8.691714e+06,6.598021e+12,1.391438e+16,2.472537e+14,3,75
1.123623e+07,1.455495e+13,2.257577e+16,3.380305e+14,1.052063e+07,2.047126e+13,6.299301e+16,4.250295e+15,6.728970e+06,1.785152e+12,8.793575e+15,8.366983e+13,1,75
3.003277e+07,1.609792e+14,6.953138e+16,1.896351e+15,2.392367e+07,3.537927e+14,2.181738e+17,1.826732e+16,1.124646e+07,3.759070e+13,1.561020e+16,6.865359e+14,1,84
2.415092e+07,1.515444e+14,1.273595e+17,8.029046e+15,2.067014e+07,2.495727e+14,1.476648e+17,1.193857e+16,8.371791e+06,1.863395e+13,5.906160e+15,2.022903e+14,0,89
1.076867e+07,3.603696e+13,3.550386e+16,3.063139e+15,1.151485e+07,2.768325e+13,7.469422e+16,7.376005e+15,5.512095e+06,1.757301e+12,2.584059e+15,5.002408e+13,0,54
1.819109e+07,1.442937e+13,9.079947e+16,1.373630e+15,1.534472e+07,4.527707e+13,1.060466e+17,8.295752e+15,1.161190e+07,1.558988e+13,2.535538e+16,3.390794e+14,1,85
4.079082e+07,5.056774e+14,2.123383e+17,1.079117e+16,3.356525e+07,8.833816e+14,2.005611e+17,1.724386e+16,1.109592e+07,5.647055e+13,8.936900e+15,9.528100e+14,2,86
3.499928e+07,2.404871e+14,1.082451e+17,6.574061e+15,2.830815e+07,4.934621e+14,2.463973e+17,1.648097e+16,1.289273e+07,5.482339e+13,1.328960e+16,1.352269e+15,3,63
2.530440e+07,6.657939e+13,5.068210e+16,5.458752e+14,2.029730e+07,1.739877e+14,1.919940e+17,1.354409e+16,1.217078e+07,2.758174e+13,1.902558e+16,7.936543e+14,2,93
2.647024e+07,9.801317e+13,3.356746e+16,3.328274e+15,2.153974e+07,2.246917e+14,1.931794e+17,1.373799e+16,1.166483e+07,2.559896e+13,2.238475e+16,8.557828e+14,1,65
2.644429e+07,1.385541e+14,1.213872e+17,5.445734e+15,2.198878e+07,2.633319e+14,1.863702e+17,1.487490e+16,1.021822e+07,2.619465e+13,1.145856e+16,4.837503e+14,3,102
3.831172e+07,2.716657e+14,2.242423e+17,1.019108e+16,3.011502e+07,6.163424e+14,2.411928e+17,1.776064e+16,1.365696e+07,7.170222e+13,1.612611e+16,1.274841e+15,0,29
3.589322e+07,2.662883e+14,1.134299e+17,7.318617e+15,2.873260e+07,5.652975e+14,2.207267e+17,1.526183e+16,1.241915e+07,5.978687e+13,1.244620e+16,4.127992e+14,0,12
2.372250e+07,8.232127e+13,1.098009e+17,3.320990e+15,1.985779e+07,1.678615e+14,1.898061e+17,1.394474e+16,1.079503e+07,2.080656e+13,1.503423e+16,4.801908e+14,3,96
2.029887e+07,7.207473e+13,7.971043e+16,3.016551e+15,1.708189e+07,1.381231e+14,1.138148e+17,8.324618e+15,8.603488e+06,1.395407e+13,8.027211e+15,3.594511e+14,0,45
3.239249e+07,1.335460e+14,9.846918e+16,1.616351e+15,2.654462e+07,3.015222e+14,3.585825e+17,2.557980e+16,1.503009e+07,5.131860e+13,4.025687e+16,4.631307e+14,1,36
2.563936e+07,1.047872e+14,9.528136e+16,7.240638e+15,2.171505e+07,1.969725e+14,2.148301e+17,1.645019e+16,1.161735e+07,1.903193e+13,1.543391e+16,2.882267e+14,0,72
3.329859e+07,2.188043e+14,1.044496e+17,5.133142e+15,2.790768e+07,4.031308e+14,2.932141e+17,1.798132e+16,1.322063e+07,4.478149e+13,1.804910e+16,8.864603e+14,0,3
1.706542e+07,3.452477e+13,5.320536e+16,4.190342e+15,1.475496e+07,6.830156e+13,1.109946e+17,8.615335e+15,8.880844e+06,7.316042e+12,1.044376e+16,7.626397e+13,1,66
1.466806e+07,3.804565e+13,5.484093e+16,2.432396e+15,1.404707e+07,4.566887e+13,1.057615e+17,9.074635e+15,7.955412e+06,5.397534e+12,7.914810e+15,6.834681e+13,1,33
3.850212e+07,4.507770e+14,1.704384e+17,8.506208e+15,3.171106e+07,7.869107e+14,1.902382e+17,1.616059e+16,1.049466e+07,4.872518e+13,8.428740e+15,8.375038e+14,1,86
2.850680e+07,2.238093e+14,6.157806e+16,3.903780e+15,2.386397e+07,3.888317e+14,1.478424e+17,1.029370e+16,8.934985e+06,2.794482e+13,6.766330e+15,1.966755e+14,1,12
1.343016e+07,1.254912e+13,3.773487e+16,3.734014e+14,1.242527e+07,2.029171e+13,7.897603e+16,6.235337e+15,8.930788e+06,4.068136e+12,1.498666e+16,4.974000e+13,0,9
2.699065e+07,8.046534e+13,5.369882e+16,4.070653e+15,2.211662e+07,1.881091e+14,2.589676e+17,1.892831e+16,1.331901e+07,2.679411e+13,2.716717e+16,5.880433e+14,0,97
2.520621e+07,1.370164e+14,8.976962e+16,4.378095e+15,2.109057e+07,2.540047e+14,1.666887e+17,1.114279e+16,9.394238e+06,2.204492e+13,9.254986e+15,2.752724e+14,2,83
2.478794e+07,7.558614e+13,4.209576e+16,1.374477e+15,2.002753e+07,1.888183e+14,1.699481e+17,1.195495e+16,1.134505e+07,2.383030e+13,1.958485e+16,6.755383e+14,2,65
3.333666e+07,2.059884e+14,2.307378e+17,8.311667e+15,2.705086e+07,4.297120e+14,2.543661e+17,2.144767e+16,1.274843e+07,4.982078e+13,1.539192e+16,1.111347e+15,2,103
1.509234e+07,5.122034e+13,5.214423e+16,3.319048e+15,1.397716e+07,6.811856e+13,9.704320e+16,8.651034e+15,6.885213e+06,4.407639e+12,4.773293e+15,1.082142e+14,2,37
1.607466e+07,1.534014e+13,6.485512e+16,9.386816e+14,1.355575e+07,4.079473e+13,8.659795e+16,6.859606e+15,9.700215e+06,1.060977e+13,1.683853e+16,5.102578e+14,2,94
1.228734e+07,4.080947e+13,4.268045e+16,2.824329e+15,1.255989e+07,3.751768e+13,8.355650e+16,8.252923e+15,6.172698e+06,2.401428e+12,3.484516e+15,4.241894e+13,0,59
1.904603e+07,6.265489e+13,7.520660e+16,4.935853e+15,1.724495e+07,9.400818e+13,1.500749e+17,1.236789e+16,9.385673e+06,1.163921e+13,8.893978e+15,2.685380e+13,1,44
1.509824e+07,5.301967e+13,3.641083e+16,2.243400e+15,1.364294e+07,7.609036e+13,9.008709e+16,6.728498e+15,6.378835e+06,4.762159e+12,4.720857e+15,9.917350e+13,0,53
1.000036e+07,3.842914e+13,2.982121e+16,2.473522e+15,1.083589e+07,2.851839e+13,6.708481e+16,8.000691e+15,4.697101e+06,8.889909e+11,1.743678e+15,7.808315e+13,1,67
1.950979e+07,5.985333e+13,5.392011e+16,3.392643e+15,1.646509e+07,1.175508e+14,1.220699e+17,7.708608e+15,8.766637e+06,1.115556e+13,9.059930e+15,3.978344e+14,2,58
1.644763e+07,8.654045e+13,4.622677e+16,3.706290e+15,1.557697e+07,1.029443e+14,1.170538e+17,1.083613e+16,6.302371e+06,4.512272e+12,3.049241e+15,1.471520e+13,0,21
2.299067e+07,1.475057e+14,5.031118e+16,4.186127e+15,1.988257e+07,2.331458e+14,1.055323e+17,7.084239e+15,7.737912e+06,1.247965e+13,3.782010e+15,3.707448e+14,3,57
2.147633e+07,4.976782e+13,5.233594e+16,8.982227e+14,1.751081e+07,1.202880e+14,1.483387e+17,1.118586e+16,1.052502e+07,1.723557e+13,1.435896e+16,3.978939e+14,3,93
2.072337e+07,6.157981e+13,9.067981e+16,4.408126e+15,1.803787e+07,1.119600e+14,1.415343e+17,8.683870e+15,1.022082e+07,1.837971e+13,1.238108e+16,1.713081e+14,1,87
2.101712e+07,1.065824e+14,7.759047e+16,4.225663e+15,1.819062e+07,1.731234e+14,1.331228e+17,1.005446e+16,7.890012e+06,1.064197e+13,5.937859e+15,1.486658e+14,1,52
3.649260e+07,2.668690e+14,1.626588e+17,9.577659e+15,2.941644e+07,5.506139e+14,2.878107e+17,2.079354e+16,1.312921e+07,5.737551e+13,1.680796e+16,9.202758e+14,0,31
2.595568e+07,1.146417e+14,1.311813e+17,6.667857e+15,2.179654e+07,2.197017e+14,1.697202e+17,1.071637e+16,1.114751e+07,2.641801e+13,1.165894e+16,6.315252e+14,0,25
8.161847e+06,1.369804e+13,1.895046e+16,2.065140e+15,8.922945e+06,8.656516e+12,4.271412e+16,4.588248e+15,5.235498e+06,1.179167e+12,2.310002e+15,6.818511e+13,0,2
2.733446e+07,1.459480e+14,1.897330e+17,8.740853e+15,2.237990e+07,2.891460e+14,1.866897e+17,1.602325e+16,1.033053e+07,3.029900e+13,9.614043e+15,6.613940e+14,2,104
3.251808e+07,2.302499e+14,1.308434e+17,3.500706e+15,2.619723e+07,4.633013e+14,2.092594e+17,1.658371e+16,1.103800e+07,4.428004e+13,1.236716e+16,1.145337e+15,1,100
2.200410e+07,1.144044e+14,5.369124e+16,1.788686e+15,1.861803e+07,1.982074e+14,1.474323e+17,1.126688e+16,7.926788e+06,1.267618e+13,8.411002e+15,1.993492e+14,3,84
3.159837e+07,1.922059e+14,1.763877e+17,8.828269e+15,2.597636e+07,3.800880e+14,2.241877e+17,1.619668e+16,1.211498e+07,4.511889e+13,1.122874e+16,7.132832e+14,0,104
2.308532e+07,5.108462e+13,4.006157e+16,1.631527e+15,1.920991e+07,1.201663e+14,1.948151e+17,1.285447e+16,1.213620e+07,2.038361e+13,2.202024e+16,5.481669e+14,3,97
1.607480e+07,1.732751e+13,5.921936e+16,1.284929e+15,1.331437e+07,4.709068e+13,9.129468e+16,7.349654e+15,9.295110e+06,7.866689e+12,1.316291e+16,2.487416e+14,0,35
1.588551e+07,9.526144e+13,7.837629e+16,6.450757e+15,1.524986e+07,1.080834e+14,7.969487e+16,8.224190e+15,5.518415e+06,3.886966e+12,1.610616e+15,9.021939e+13,1,76
2.527485e+07,1.288084e+14,1.023901e+17,4.147824e+15,2.109563e+07,2.412219e+14,1.645082e+17,1.271594e+16,9.746905e+06,2.466386e+13,9.658636e+15,4.220069e+14,0,102
2.373347e+07,1.037365e+14,8.867368e+16,3.376183e+15,1.960455e+07,2.051397e+14,1.426651e+17,1.100322e+16,9.448974e+06,2.120653e+13,8.694320e+15,3.657219e+14,3,82
3.103330e+07,2.241428e+14,7.000176e+16,6.103347e+14,2.535569e+07,4.295490e+14,1.962664e+17,1.359676e+16,1.041901e+07,3.442574e+13,1.677606e+16,9.399378e+14,0,62
3.200048e+07,1.751573e+14,7.958144e+16,1.494450e+15,2.519033e+07,4.013378e+14,2.220296e+17,1.826027e+16,1.197323e+07,4.648837e+13,1.651332e+16,8.912351e+14,2,84
1.653176e+07,2.942242e+13,4.180571e+16,7.659777e+14,1.443446e+07,5.723563e+13,1.091956e+17,7.695263e+15,9.015441e+06,6.995929e+12,1.298334e+16,1.542613e+14,3,66
1.735542e+07,9.419931e+13,9.465663e+16,7.160785e+15,1.669657e+07,1.074855e+14,1.117035e+17,1.021754e+16,7.007986e+06,5.248329e+12,3.029373e+15,3.281471e+13,1,40
3.262600e+07,1.738511e+14,1.273656e+17,6.000198e+15,2.653219e+07,3.701766e+14,1.914426e+17,1.530755e+16,1.344114e+07,3.782654e+13,1.532914e+16,1.242403e+15,1,98
2.555032e+07,1.529266e+14,1.232638e+17,6.984903e+15,2.111520e+07,2.854757e+14,1.534351e+17,1.200422e+16,8.751343e+06,2.266973e+13,6.752752e+15,2.141705e+14,2,63
1.214641e+07,4.487146e+13,4.847432e+16,3.160432e+15,1.253682e+07,3.952066e+13,7.757400e+16,8.520519e+15,5.885286e+06,1.182036e+12,2.872306e+15,7.994894e+13,0,67
3.745225e+07,3.469046e+14,1.330917e+17,1.197639e+16,3.022870e+07,6.754892e+14,2.259694e+17,2.049520e+16,1.162702e+07,5.344935e+13,9.508836e+15,8.104546e+14,3,49
2.448490e+07,1.532921e+14,1.423334e+17,9.007701e+15,2.089234e+07,2.580933e+14,1.279666e+17,1.149898e+16,8.515486e+06,2.115409e+13,5.169634e+15,3.040597e+14,0,28
1.962774e+07,4.774627e+13,4.911958e+16,1.252688e+15,1.656290e+07,9.867525e+13,1.373270e+17,9.872892e+15,9.715900e+06,1.211676e+13,1.247940e+16,3.070017e+14,0,93
2.823794e+07,2.085322e+14,1.459972e+17,1.077821e+16,2.322809e+07,3.780909e+14,1.236024e+17,1.043280e+16,8.807709e+06,3.050192e+13,5.211004e+15,3.414310e+14,1,88
2.259782e+07,7.064125e+13,9.679432e+16,2.199102e+15,1.892959e+07,1.461077e+14,1.819445e+17,1.304307e+16,1.052478e+07,1.858096e+13,1.689759e+16,4.817639e+14,1,96
1.555286e+07,7.095811e+13,6.232413e+16,5.467301e+15,1.431988e+07,9.372077e+13,7.649657e+16,7.280715e+15,5.896534e+06,4.742047e+12,2.924218e+15,5.325850e+13,2,61
2.171650e+07,5.932054e+13,1.063862e+17,4.093526e+15,1.789339e+07,1.323979e+14,1.526924e+17,9.506253e+15,1.026645e+07,1.830700e+13,1.417776e+16,4.382289e+14,3,77
2.083715e+07,9.585273e+13,7.385455e+16,2.865748e+15,1.755277e+07,1.704967e+14,1.245968e+17,9.854544e+15,7.784766e+06,1.211759e+13,6.996814e+15,3.270408e+14,2,52
2.014412e+07,1.157332e+14,3.831991e+16,2.620623e+15,1.756550e+07,1.825079e+14,1.073658e+17,7.649777e+15,6.826426e+06,9.301524e+12,5.686128e+15,4.762800e+13,3,69
2.332856e+07,8.111269e+13,1.037572e+17,5.981260e+15,1.950521e+07,1.666799e+14,1.788897e+17,1.337080e+16,1.049914e+07,1.968993e+13,1.485488e+16,5.470086e+14,2,96
3.326569e+07,1.932617e+14,1.075360e+17,3.078443e+15,2.630085e+07,4.352118e+14,2.616741e+17,2.156513e+16,1.240541e+07,4.892870e+13,1.734638e+16,7.833055e+14,0,84
1.475517e+07,8.948297e+13,6.628969e+16,5.567969e+15,1.448897e+07,9.588000e+13,7.360304e+16,8.238173e+15,5.042564e+06,2.839149e+12,1.136101e+15,3.740206e+13,0,76
4.460302e+07,4.197278e+14,1.705841e+17,4.915004e+15,3.595074e+07,8.521604e+14,3.883338e+17,2.850034e+16,1.547129e+07,8.200405e+13,2.861859e+16,2.642848e+15,0,20
2.549660e+07,7.371300e+13,4.521915e+16,1.347363e+15,2.093322e+07,1.720279e+14,2.257100e+17,1.655606e+16,1.242792e+07,2.281603e+13,2.382643e+16,5.072796e+14,1,97
2.315308e+07,8.973242e+13,5.453221e+16,1.634823e+15,1.942452e+07,1.743097e+14,1.700638e+17,1.370309e+16,9.951823e+06,1.390755e+13,1.431972e+16,6.121485e+14,1,56
2.473624e+07,8.668864e+13,6.605055e+16,4.779738e+15,2.034557e+07,1.903219e+14,1.624889e+17,9.905347e+15,1.107498e+07,2.324762e+13,1.452375e+16,8.524124e+14,1,5
1.007572e+07,2.231223e+13,2.477476e+16,1.928392e+15,1.045746e+07,1.936672e+13,5.917884e+16,6.580400e+15,5.757436e+06,1.213170e+12,3.211354e+15,3.541291e+13,0,17
2.708370e+07,1.562279e+14,1.430961e+17,5.942343e+15,2.256285e+07,2.935841e+14,1.766383e+17,1.459041e+16,1.009980e+07,2.687947e+13,8.817156e+15,5.563834e+14,3,103
1.681655e+07,1.000982e+14,6.817094e+16,4.755459e+15,1.545851e+07,1.312183e+14,9.027456e+16,7.966674e+15,5.463370e+06,4.458463e+12,2.319901e+15,3.558591e+13,2,60
2.886537e+07,1.460550e+14,1.715400e+17,1.307772e+16,2.363121e+07,3.002264e+14,1.774641e+17,1.450800e+16,1.162046e+07,2.941315e+13,1.024947e+16,5.852866e+14,0,73
1.571400e+07,1.607900e+13,6.767571e+16,7.745009e+14,1.336656e+07,3.923711e+13,8.550642e+16,7.016550e+15,9.461292e+06,9.728048e+12,1.637825e+16,4.010555e+14,3,94
1.270021e+07,2.947564e+13,4.512035e+16,2.053722e+15,1.194749e+07,3.791803e+13,7.733228e+16,6.797890e+15,6.545514e+06,3.017773e+12,5.286071e+15,5.123462e+13,2,50
1.953044e+07,7.880045e+13,1.047794e+17,8.159236e+15,1.696588e+07,1.309059e+14,1.116282e+17,1.052460e+16,8.089029e+06,1.288385e+13,6.491950e+15,2.476046e+14,3,61
2.574537e+07,1.450610e+14,1.639068e+17,8.688507e+15,2.138971e+07,2.738445e+14,1.503382e+17,1.144906e+16,9.375539e+06,2.557968e+13,7.494729e+15,4.083529e+14,1,60
1.954531e+07,9.684050e+13,7.138331e+16,3.566336e+15,1.716976e+07,1.498775e+14,1.306166e+17,1.060779e+16,7.339813e+06,8.259583e+12,5.592327e+15,8.377924e+13,3,52
2.160991e+07,6.333919e+13,1.126714e+17,5.731553e+15,1.892185e+07,1.139200e+14,1.471107e+17,8.451144e+15,1.104114e+07,2.241991e+13,1.440929e+16,1.459714e+14,3,87
2.937833e+07,1.663604e+14,9.705259e+16,4.615894e+15,2.420864e+07,3.299040e+14,2.136987e+17,1.535346e+16,1.131448e+07,3.342434e+13,1.167011e+16,6.000134e+14,0,22
2.986471e+07,1.028423e+14,7.354567e+16,6.673710e+15,2.379568e+07,2.680829e+14,2.524172e+17,1.842588e+16,1.373206e+07,3.907069e+13,2.565463e+16,7.933220e+14,1,34
3.940049e+07,2.346745e+14,2.190375e+17,1.026097e+16,3.118632e+07,5.515602e+14,2.493508e+17,2.150472e+16,1.595086e+07,6.791789e+13,2.269598e+16,2.007348e+15,0,98
1.184509e+07,2.459082e+13,3.335424e+16,1.313194e+15,1.113151e+07,3.205406e+13,6.358696e+16,5.457660e+15,6.185762e+06,3.076359e+12,4.387035e+15,3.019146e+13,3,50
3.186995e+07,2.084480e+14,1.807393e+17,7.777691e+15,2.619484e+07,4.068182e+14,2.197341e+17,1.832161e+16,1.175967e+07,4.185686e+13,1.239037e+16,9.021717e+14,3,101
1.253608e+07,1.638360e+13,2.714615e+16,8.892547e+14,1.121396e+07,2.620599e+13,6.529713e+16,3.768444e+15,7.434193e+06,3.309404e+12,9.908511e+15,9.867592e+13,2,75
2.409650e+07,1.068935e+14,1.626970e+17,8.065991e+15,2.021691e+07,2.024493e+14,1.610852e+17,1.413244e+16,9.880930e+06,1.751432e+13,9.777010e+15,5.399491e+14,0,23
2.008597e+07,7.592142e+13,7.613205e+16,3.480423e+15,1.751557e+07,1.248395e+14,1.370780e+17,9.430244e+15,8.920056e+06,1.196752e+13,8.905035e+15,2.237266e+14,0,5
2.876493e+07,2.015061e+14,1.372387e+17,6.892261e+15,2.356884e+07,3.872550e+14,1.413241e+17,1.070491e+16,9.378148e+06,2.963290e+13,7.849079e+15,5.795226e+14,2,74
2.056821e+07,5.313147e+13,2.790163e+16,7.846663e+14,1.743558e+07,1.086765e+14,1.555779e+17,1.069488e+16,1.017003e+07,1.261014e+13,1.507478e+16,3.345550e+14,2,97
3.364229e+07,3.060019e+14,9.048373e+16,6.651550e+15,2.794239e+07,5.455577e+14,2.281466e+17,1.886818e+16,1.046350e+07,3.503851e+13,1.720520e+16,8.660613e+14,2,95
1.804863e+07,5.440506e+13,5.827722e+16,2.288065e+15,1.612527e+07,8.782163e+13,1.293778e+17,1.027383e+16,8.771829e+06,6.763506e+12,9.993760e+15,1.128756e+14,2,72
1.360747e+07,3.848221e+13,4.265542e+16,2.577564e+15,1.247469e+07,5.461042e+13,8.049462e+16,5.264647e+15,6.279971e+06,3.284931e+12,5.657465e+15,1.254882e+14,1,77
1.928120e+07,3.404556e+13,1.019789e+17,3.392437e+15,1.663230e+07,7.267510e+13,1.586965e+17,1.364339e+16,1.079757e+07,1.225420e+13,1.910283e+16,1.991438e+14,2,91
1.511567e+07,2.827144e+13,6.383999e+16,2.880739e+15,1.360601e+07,4.618455e+13,1.072961e+17,8.734587e+15,8.319747e+06,4.590499e+12,1.130914e+16,4.699438e+13,1,91
1.307072e+07,1.450114e+13,2.372437e+16,3.789019e+14,1.164610e+07,2.598408e+13,7.540120e+16,4.974745e+15,7.976163e+06,3.797987e+12,1.073088e+16,1.127743e+14,1,38
1.759107e+07,4.104504e+13,6.783384e+16,1.812328e+15,1.484351e+07,8.284530e+13,1.025284e+17,9.286427e+15,8.517368e+06,9.871374e+12,1.002481e+16,3.066498e+14,2,92
1.689561e+07,1.536027e+13,8.076696e+16,7.419618e+14,1.390879e+07,4.710986e+13,9.419838e+16,7.641201e+15,1.005527e+07,1.247571e+13,1.873222e+16,5.642270e+14,0,94
1.154828e+07,2.994266e+13,3.159806e+16,1.552549e+15,1.163765e+07,2.921345e+13,7.138356e+16,6.720599e+15,6.169823e+06,1.611401e+12,4.064448e+15,1.887634e+13,0,19
1.833724e+07,1.074531e+13,5.291795e+16,1.046398e+15,1.479181e+07,4.726980e+13,1.090335e+17,6.594536e+15,1.151390e+07,1.528940e+13,2.560216e+16,7.723378e+14,0,64
3.195732e+07,2.371963e+14,1.452712e+17,7.064786e+15,2.587064e+07,4.618994e+14,1.714729e+17,1.288596e+16,1.047775e+07,4.389347e+13,9.508494e+15,6.531865e+14,3,88
3.217724e+07,2.677333e+14,7.280758e+16,5.584903e+15,2.669643e+07,5.013350e+14,1.890131e+17,1.356784e+16,1.036870e+07,3.585026e+13,9.163170e+15,1.474102e+14,2,12
1.979397e+07,7.894928e+13,7.456573e+16,3.462640e+15,1.761651e+07,1.237523e+14,1.491731e+17,1.219874e+16,8.736695e+06,7.959875e+12,9.193304e+15,1.116964e+14,1,72
9.871391e+06,9.711090e+12,2.701360e+16,7.651761e+14,9.797612e+06,1.000571e+13,4.797621e+16,5.038255e+15,6.737280e+06,1.626735e+12,6.292232e+15,7.440559e+13,0,42
1.638953e+07,3.664764e+13,6.136308e+16,3.836262e+15,1.454859e+07,6.159786e+13,1.041470e+17,6.067577e+15,8.561507e+06,7.871276e+12,9.672121e+15,1.113084e+14,0,4
1.153497e+07,3.003254e+13,4.416198e+16,3.392941e+15,1.180937e+07,2.704495e+13,6.383227e+16,8.211273e+15,6.379839e+06,2.170398e+12,2.992174e+15,1.493215e+14,0,81
2.618686e+07,1.275377e+14,7.882194e+16,2.252044e+15,2.145115e+07,2.573185e+14,1.708604e+17,1.403850e+16,1.017010e+07,2.529614e+13,1.272532e+16,1.000908e+15,3,90
1.430432e+07,2.816563e+13,4.320474e+16,1.365099e+15,1.245976e+07,5.091848e+13,7.343614e+16,7.503499e+15,7.195299e+06,3.472822e+12,7.023367e+15,3.889677e+13,3,55
2.313093e+07,7.647478e+13,3.350848e+16,1.468431e+15,1.932529e+07,1.591737e+14,1.512440e+17,1.278641e+16,1.058130e+07,1.463568e+13,1.367685e+16,4.240258e+14,3,99
1.883938e+07,4.447273e+13,4.150111e+16,8.590543e+14,1.603921e+07,8.906857e+13,1.271813e+17,8.909413e+15,9.441758e+06,1.097393e+13,1.164944e+16,2.968850e+14,1,93
2.487691e+07,1.093174e+14,4.783722e+16,1.514435e+15,2.066559e+07,2.151303e+14,1.848692e+17,1.556223e+16,1.021455e+07,1.777455e+13,1.316833e+16,5.321488e+14,3,56
2.396103e+07,1.528886e+14,1.245750e+17,8.236526e+15,2.049080e+07,2.528838e+14,1.335847e+17,1.077244e+16,8.144916e+06,1.780216e+13,4.926283e+15,1.514091e+14,0,60
2.329942e+07,1.458459e+14,4.431343e+16,3.524279e+15,2.006233e+07,2.385358e+14,1.369016e+17,9.447519e+15,7.985705e+06,1.497455e+13,6.995399e+15,1.201153e+14,1,69
2.677843e+07,1.285575e+14,9.418446e+16,1.735097e+15,2.177037e+07,2.670824e+14,1.759402e+17,1.367560e+16,1.047225e+07,2.825400e+13,1.438998e+16,1.229542e+15,1,90
2.612082e+07,7.646480e+13,7.605545e+16,4.629177e+15,2.112948e+07,1.821012e+14,1.984616e+17,1.273015e+16,1.270131e+07,2.866692e+13,2.071478e+16,6.652677e+14,0,34
2.624578e+07,1.646660e+14,1.437878e+17,8.246501e+15,2.228057e+07,2.825907e+14,1.744304e+17,1.247812e+16,9.448346e+06,2.448817e+13,8.076147e+15,2.519673e+14,3,89
2.826510e+07,1.845484e+14,1.352835e+17,7.860630e+15,2.389693e+07,3.215165e+14,1.696150e+17,1.178590e+16,1.037436e+07,3.290271e+13,8.420597e+15,2.484954e+14,3,79
2.069246e+07,9.426083e+13,6.711520e+16,2.435895e+15,1.760563e+07,1.640252e+14,1.289872e+17,9.911735e+15,7.931734e+06,1.189278e+13,7.071181e+15,2.394604e+14,0,52
1.632406e+07,4.455269e+13,6.338029e+16,2.396316e+15,1.436411e+07,7.388820e+13,1.052646e+17,7.089261e+15,7.752131e+06,6.928673e+12,8.547916e+15,1.783540e+14,0,77
1.850164e+07,1.021514e+14,9.995311e+16,6.018148e+15,1.662248e+07,1.450611e+14,1.055943e+17,9.865037e+15,6.516544e+06,6.266762e+12,3.269130e+15,1.246021e+14,0,70
3.264507e+07,2.429365e+14,1.671428e+17,5.462697e+15,2.648622e+07,4.749541e+14,2.068345e+17,1.597820e+16,1.091188e+07,4.193818e+13,1.270479e+16,1.149342e+15,3,100
2.702858e+07,1.741866e+14,9.404328e+16,4.681797e+15,2.270536e+07,3.072732e+14,1.534408e+17,1.104125e+16,9.572333e+06,2.041554e+13,9.145282e+15,4.477960e+14,0,27
9.069501e+06,6.584411e+12,1.943274e+16,3.655893e+14,8.949493e+06,7.564505e+12,3.859860e+16,4.113376e+15,6.426696e+06,1.802794e+12,5.850114e+15,4.766596e+13,1,42
3.031732e+07,2.214226e+14,1.492157e+17,6.542332e+15,2.449883e+07,4.358986e+14,1.498783e+17,1.253720e+16,9.622530e+06,3.523827e+13,7.759708e+15,7.163429e+14,3,74
2.697088e+07,1.255314e+14,1.407377e+17,1.095931e+16,2.223807e+07,2.556620e+14,1.609144e+17,1.290074e+16,1.113192e+07,2.419306e+13,9.935215e+15,6.700185e+14,3,73
2.963869e+07,1.530654e+14,1.682595e+17,1.354821e+16,2.443570e+07,3.162218e+14,1.781115e+17,1.305136e+16,1.217337e+07,2.999813e+13,1.126107e+16,8.212550e+14,2,73
3.163290e+07,2.285642e+14,1.083802e+17,5.745901e+15,2.570348e+07,4.443423e+14,1.999851e+17,1.583434e+16,1.059727e+07,3.976669e+13,8.673590e+15,4.704302e+14,1,63
1.354364e+07,2.542750e+13,4.125339e+16,1.418513e+15,1.189589e+07,4.492591e+13,6.857398e+16,5.285681e+15,6.865530e+06,4.474388e+12,5.985239e+15,9.108066e+13,3,78
2.389492e+07,1.121953e+14,6.381416e+16,3.106441e+15,2.119864e+07,1.758556e+14,2.151840e+17,1.683860e+16,1.063557e+07,1.907846e+13,1.456269e+16,8.017841e+13,0,36
1.365727e+07,4.596002e+13,5.203735e+16,4.093241e+15,1.363499e+07,4.609417e+13,1.007067e+17,1.005238e+16,6.869740e+06,2.854287e+12,4.290896e+15,5.493365e+13,3,59
2.376144e+07,9.414172e+13,1.120008e+17,4.793649e+15,1.955349e+07,1.961434e+14,1.563874e+17,1.152149e+16,1.004183e+07,2.193872e+13,1.174620e+16,4.256363e+14,3,71
2.594054e+07,1.500244e+14,1.093090e+17,4.841818e+15,2.189266e+07,2.665107e+14,1.802362e+17,1.307246e+16,9.645750e+06,2.662349e+13,9.386533e+15,3.792371e+14,2,89
1.922373e+07,8.706847e+13,8.687555e+16,5.190856e+15,1.681893e+07,1.394384e+14,1.051495e+17,8.474345e+15,7.510383e+06,9.672282e+12,4.856164e+15,1.319860e+14,1,48
1.221665e+07,2.931191e+13,4.683677e+16,2.708101e+15,1.232590e+07,2.870162e+13,7.253343e+16,7.643781e+15,6.918280e+06,3.002441e+12,4.300537e+15,1.429370e+14,2,81
