1.670896e+06,2.376718e+11,5.082118e+15,6.442543e+06,6.650638e+12,5.504020e+16,1.746374e+07,6.705628e+13,8.272800e+17,1.985235e+07,6.274685e+13,3.439922e+18,2,76,N,N
8.464258e+05,5.326584e+10,6.123158e+14,8.882850e+06,5.360232e+12,5.011259e+16,9.934412e+06,1.799190e+13,9.412657e+16,1.499198e+07,4.639717e+13,7.881869e+17,1,41,N,N
9.305794e+05,8.051317e+10,6.991475e+14,9.503767e+06,7.883201e+12,4.533713e+16,1.288707e+07,3.715428e+13,3.880434e+17,1.152869e+07,1.954302e+13,3.363346e+17,0,46,N,N
1.051724e+06,6.039686e+10,6.731106e+14,3.979300e+06,2.333146e+12,1.864029e+16,1.161481e+07,2.923438e+13,2.501402e+17,8.345363e+06,9.872063e+12,1.343759e+17,2,96,N,N
3.044839e+06,2.257544e+11,3.779869e+15,9.177270e+06,5.570555e+12,5.358664e+16,8.994464e+06,1.500968e+13,1.096177e+17,1.301779e+07,3.551650e+13,7.415711e+17,0,58,N,N
3.434428e+06,5.330620e+11,8.802819e+15,1.214973e+07,1.090537e+13,8.607221e+16,8.922361e+06,1.833419e+13,1.323841e+17,1.602003e+07,4.689520e+13,1.151526e+18,1,103,N,N
3.272074e+06,7.246211e+11,1.383466e+16,1.006854e+07,7.922266e+12,7.102347e+16,8.249544e+06,1.232736e+13,1.132828e+17,1.239574e+07,3.384410e+13,6.775394e+17,2,55,N,N
4.396944e+06,5.916478e+11,1.005956e+16,1.151956e+07,1.162764e+13,9.308573e+16,9.073316e+06,1.726283e+13,9.869811e+16,1.370777e+07,2.969562e+13,6.211942e+17,2,84,N,N
4.738460e+06,1.592148e+12,3.534683e+16,8.783203e+06,8.359914e+12,6.657458e+16,9.553781e+06,1.841604e+13,9.143558e+16,1.494164e+07,4.149935e+13,1.011547e+18,0,29,N,N
2.983333e+06,3.339974e+11,5.862286e+15,9.434059e+06,7.219503e+12,5.630264e+16,9.267872e+06,1.652272e+13,1.101295e+17,1.317533e+07,3.063636e+13,7.304984e+17,0,52,N,N
6.365186e+06,6.675437e+11,9.685151e+15,1.470959e+07,1.576674e+13,1.677727e+17,9.054177e+06,1.924243e+13,2.056137e+17,1.211220e+07,2.238367e+13,5.817222e+17,2,80,N,N
1.330045e+06,1.067026e+11,1.178483e+15,1.630466e+07,1.330123e+13,1.167875e+17,8.665419e+06,1.717870e+13,1.809177e+17,1.009049e+07,1.354848e+13,2.709121e+17,2,65,N,N
3.296523e+06,6.009190e+11,1.087444e+16,9.827510e+06,6.934486e+12,6.215997e+16,8.588644e+06,1.310479e+13,1.271368e+17,1.257216e+07,3.566547e+13,7.901497e+17,3,55,N,N
1.398572e+06,7.497571e+10,8.351950e+14,7.865976e+06,4.095211e+12,1.897522e+16,1.266535e+07,3.396884e+13,2.661237e+17,1.089064e+07,1.968743e+13,2.724382e+17,3,68,N,N
2.149564e+06,1.906557e+11,1.869978e+15,1.565999e+07,1.560083e+13,1.309427e+17,9.855909e+06,2.308508e+13,2.647413e+17,1.061408e+07,1.802635e+13,2.327463e+17,0,47,N,N
2.440781e+06,4.080207e+11,5.615823e+15,5.555831e+06,5.471526e+12,3.896499e+16,7.230913e+06,1.307093e+13,7.742401e+16,1.455092e+07,4.497479e+13,9.673651e+17,0,15,N,N
1.529928e+06,1.783812e+11,1.446340e+15,4.384711e+06,2.335284e+12,1.670018e+16,1.102239e+07,2.354133e+13,1.738673e+17,1.587690e+07,5.880309e+13,1.061068e+18,1,76,N,N
4.086207e+05,2.357471e+10,3.205917e+14,1.316547e+07,4.453039e+12,3.100598e+16,8.681314e+06,1.397973e+13,1.426844e+17,8.882476e+06,1.560684e+13,1.416743e+17,3,91,N,N
1.371985e+06,1.717440e+11,1.775332e+15,3.359933e+06,1.888612e+12,1.166300e+16,1.210306e+07,3.049863e+13,1.913232e+17,1.340155e+07,3.258050e+13,7.469798e+17,0,76,N,N
1.350979e+06,6.422145e+10,6.797119e+14,1.429941e+07,8.400176e+12,4.935945e+16,8.660202e+06,1.709786e+13,9.416092e+16,1.366714e+07,2.650601e+13,4.871132e+17,1,62,N,N
7.955369e+05,8.120252e+10,1.336614e+15,8.637893e+06,6.167588e+12,6.215054e+16,8.567291e+06,1.162473e+13,9.367848e+16,9.268052e+06,1.851861e+13,2.984404e+17,0,75,N,N
3.654380e+06,6.503030e+11,1.290161e+16,1.062622e+07,8.020940e+12,6.812297e+16,8.322089e+06,1.388629e+13,1.335961e+17,1.296480e+07,3.556557e+13,5.644624e+17,1,55,N,N
9.878218e+05,5.248498e+10,5.661657e+14,4.014848e+06,2.007020e+12,1.515559e+16,1.220957e+07,3.026196e+13,2.685891e+17,8.490461e+06,1.101108e+13,1.405111e+17,3,96,N,N
2.779687e+06,2.610503e+11,4.366094e+15,6.275749e+06,3.425182e+12,2.291469e+16,9.967459e+06,1.852817e+13,1.100703e+17,1.568068e+07,4.401864e+13,6.376599e+17,0,57,N,N
2.523505e+06,1.437121e+11,1.475648e+15,1.294320e+07,7.418761e+12,5.127166e+16,8.665451e+06,1.691366e+13,1.361198e+17,1.199332e+07,2.615234e+13,4.927232e+17,1,82,N,N
1.230568e+06,7.039468e+10,7.136126e+14,7.471137e+06,5.297597e+12,5.376730e+16,8.061196e+06,1.205878e+13,8.200149e+16,1.057497e+07,2.571176e+13,2.755603e+17,0,39,N,N
1.623505e+06,2.445256e+11,2.800522e+15,3.731918e+06,2.682263e+12,2.875440e+16,7.061382e+06,9.743712e+12,4.823816e+16,8.652884e+06,1.420257e+13,2.494370e+17,1,66,N,N
4.208684e+06,2.886126e+11,4.403036e+15,9.046764e+06,7.623922e+12,6.866524e+16,8.881325e+06,1.665490e+13,7.596879e+16,1.451285e+07,4.099674e+13,9.658096e+17,0,63,N,N
5.451011e+05,2.962054e+10,3.239991e+14,6.489697e+06,2.263945e+12,2.145746e+16,1.037893e+07,1.937209e+13,2.141974e+17,9.738889e+06,1.801324e+13,1.785654e+17,0,81,N,N
2.516901e+06,3.665468e+11,5.761955e+15,1.333360e+07,1.652924e+13,1.205710e+17,1.174788e+07,3.447259e+13,3.895529e+17,9.403198e+06,9.461800e+12,1.369257e+17,1,98,N,N
1.991062e+06,1.999384e+11,1.572929e+15,3.545759e+06,2.479429e+12,2.496737e+16,1.100414e+07,2.808473e+13,1.686036e+17,9.194176e+06,1.176518e+13,1.605071e+17,2,79,N,N
3.259171e+06,2.584696e+11,3.973278e+15,6.997182e+06,3.845657e+12,3.333868e+16,9.831672e+06,1.841629e+13,1.322643e+17,1.350337e+07,3.866512e+13,8.647657e+17,3,48,N,N
8.009828e+05,5.604472e+10,4.152620e+14,1.094467e+07,1.222632e+13,4.100917e+16,1.417929e+07,4.545751e+13,2.521383e+17,1.777316e+07,6.091230e+13,1.289047e+18,2,86,N,N
1.756386e+06,1.450683e+11,1.416376e+15,4.224963e+06,3.469392e+12,2.921279e+16,1.000804e+07,2.340221e+13,1.679454e+17,9.000277e+06,9.294167e+12,1.375881e+17,0,27,N,N
1.348928e+06,9.176702e+10,8.983465e+14,1.526614e+07,1.088639e+13,8.698455e+16,1.039204e+07,2.208780e+13,1.384694e+17,1.507307e+07,4.541314e+13,7.139701e+17,3,79,N,N
3.869359e+06,2.821508e+11,4.074262e+15,1.219784e+07,1.115051e+13,9.803955e+16,8.776070e+06,1.631665e+13,6.448442e+16,1.611549e+07,4.644298e+13,1.090285e+18,0,26,N,N
1.959849e+06,3.087770e+11,3.914705e+15,4.404731e+06,2.432533e+12,1.717547e+16,1.019559e+07,1.872279e+13,9.637253e+16,1.204405e+07,2.699206e+13,5.586103e+17,1,61,N,N
1.840097e+06,1.657153e+11,1.640059e+15,1.707484e+07,1.599706e+13,1.398408e+17,9.785465e+06,2.236221e+13,2.486207e+17,1.119030e+07,2.145210e+13,2.634354e+17,1,47,N,N
1.784250e+06,1.477458e+11,1.731567e+15,1.519881e+07,1.042402e+13,1.066453e+17,9.817476e+06,1.876306e+13,2.660052e+17,8.543132e+06,1.171102e+13,2.564055e+17,1,97,N,N
1.805228e+06,1.112358e+11,1.180587e+15,9.123718e+06,4.738140e+12,2.680642e+16,1.110656e+07,2.536956e+13,1.827925e+17,1.083128e+07,1.860424e+13,2.705597e+17,0,0,N,N
3.850692e+06,3.086011e+11,4.556448e+15,1.171304e+07,6.768478e+12,5.084693e+16,9.874092e+06,2.105120e+13,1.255847e+17,1.796060e+07,6.345828e+13,8.839102e+17,2,104,N,N
7.803706e+05,6.654834e+10,1.113573e+15,8.926561e+06,6.574337e+12,6.735997e+16,8.212041e+06,1.024106e+13,8.179811e+16,8.683732e+06,1.668948e+13,2.634607e+17,3,75,N,N
5.841313e+05,2.717031e+10,3.133717e+14,1.402140e+07,6.650419e+12,5.383442e+16,8.395079e+06,1.326898e+13,1.121611e+17,1.102345e+07,2.828601e+13,2.885214e+17,2,51,N,N
5.312508e+06,1.246204e+12,2.381823e+16,6.704124e+06,5.788801e+12,4.973646e+16,8.859569e+06,1.585303e+13,1.085287e+17,1.317887e+07,3.477036e+13,9.881159e+17,3,90,N,N
2.703440e+06,1.724648e+11,2.404119e+15,3.371134e+06,1.276177e+12,1.084314e+16,9.419468e+06,1.793063e+13,1.595593e+17,7.910786e+06,1.044215e+13,8.958650e+16,3,77,N,N
3.321050e+06,5.713923e+11,1.215151e+16,7.407039e+06,6.755720e+12,5.424012e+16,9.088629e+06,1.720258e+13,8.659992e+16,1.436063e+07,3.969471e+13,1.101673e+18,0,31,N,N
1.014595e+06,6.058407e+10,6.767551e+14,9.295820e+06,2.814136e+12,1.832218e+16,1.045224e+07,2.204525e+13,1.600468e+17,9.093987e+06,1.294665e+13,1.873372e+17,1,5,N,N
2.705896e+06,2.723932e+11,3.633504e+15,1.396807e+07,1.401721e+13,1.097895e+17,1.003026e+07,2.482082e+13,2.727836e+17,9.231109e+06,9.647069e+12,9.567124e+16,3,99,N,N
7.301328e+05,3.751125e+10,4.639083e+14,1.003186e+07,4.066947e+12,4.108445e+16,1.061171e+07,1.909066e+13,1.978571e+17,8.375100e+06,1.357265e+13,1.274640e+17,0,42,N,N
2.613984e+06,2.295344e+11,2.310110e+15,1.393985e+07,8.579392e+12,7.361260e+16,1.033500e+07,2.314817e+13,2.126449e+17,1.431008e+07,4.212135e+13,6.627950e+17,0,70,N,N
1.017972e+07,1.118321e+12,2.013763e+16,1.432941e+07,1.598667e+13,1.619721e+17,8.183582e+06,1.562578e+13,1.430227e+17,1.234373e+07,2.409755e+13,6.300547e+17,1,80,N,N
9.571572e+05,5.298798e+10,6.128747e+14,1.445215e+07,8.718171e+12,6.027442e+16,1.001556e+07,2.238524e+13,2.001582e+17,1.021091e+07,1.547298e+13,2.638166e+17,1,34,N,N
1.753691e+06,1.209251e+11,1.442419e+15,1.212939e+07,9.246429e+12,1.021023e+17,1.038616e+07,1.921414e+13,1.951199e+17,1.044146e+07,2.211637e+13,4.745420e+17,3,93,N,N
1.325862e+06,1.141015e+11,1.308826e+15,1.355829e+07,1.021986e+13,7.910455e+16,1.092220e+07,2.397808e+13,3.130918e+17,8.722487e+06,1.243455e+13,1.759301e+17,0,93,N,N
8.825775e+05,5.203470e+10,4.834503e+14,1.796029e+07,1.460849e+13,1.519398e+17,9.248141e+06,1.978490e+13,1.684763e+17,1.135234e+07,1.941106e+13,3.624863e+17,0,6,N,N
1.831284e+06,1.121938e+11,1.082885e+15,1.455077e+07,1.183839e+13,9.129875e+16,9.851720e+06,2.278999e+13,1.873784e+17,1.534347e+07,3.592266e+13,7.140632e+17,0,18,N,N
1.415256e+06,1.575752e+11,1.410454e+15,4.456340e+06,1.802612e+12,1.233257e+16,8.912837e+06,1.291510e+13,7.574012e+16,1.054455e+07,2.217330e+13,4.794247e+17,0,50,N,N
3.378251e+06,5.831663e+11,8.364679e+15,8.354904e+06,7.757451e+12,6.588304e+16,9.844987e+06,2.121342e+13,1.383353e+17,1.759096e+07,5.722758e+13,9.107756e+17,2,101,N,N
2.363729e+06,1.325467e+11,1.399594e+15,1.432856e+07,1.138859e+13,6.313902e+16,8.379251e+06,1.641575e+13,7.649477e+16,1.635079e+07,4.780458e+13,1.110901e+18,3,74,N,N
3.547187e+05,1.732653e+10,2.144215e+14,6.893126e+06,1.695567e+12,1.606101e+16,9.353979e+06,1.469317e+13,1.337644e+17,1.040353e+07,2.633274e+13,1.915560e+17,3,54,N,N
3.443018e+06,2.958917e+11,4.787883e+15,3.378942e+06,1.302745e+12,1.121316e+16,9.338989e+06,1.745898e+13,1.439240e+17,8.688459e+06,1.371880e+13,1.161638e+17,1,77,N,N
2.453732e+05,1.234805e+10,1.339145e+14,9.306627e+06,3.554711e+12,3.132844e+16,8.929433e+06,1.095177e+13,9.046749e+16,1.022186e+07,2.384820e+13,2.883882e+17,0,91,N,N
8.075338e+05,3.342230e+10,3.246607e+14,1.511994e+07,1.055731e+13,7.018962e+16,8.475873e+06,1.655861e+13,9.762569e+16,1.479920e+07,2.906885e+13,5.978976e+17,2,62,N,N
2.964246e+06,2.006481e+11,2.093800e+15,5.118969e+06,2.355097e+12,2.435593e+16,9.874641e+06,2.023064e+13,2.120152e+17,8.683005e+06,1.329980e+13,1.125326e+17,2,81,N,N
5.895798e+05,3.491194e+10,4.010451e+14,1.379857e+07,7.126551e+12,4.874979e+16,9.283461e+06,1.896673e+13,1.786708e+17,1.041896e+07,2.069889e+13,2.111696e+17,2,92,N,N
8.085929e+05,3.668128e+10,3.896886e+14,1.276691e+07,6.711587e+12,5.232605e+16,8.213156e+06,1.350879e+13,9.999448e+16,1.118243e+07,2.679705e+13,5.515733e+17,1,58,N,N
2.479447e+06,7.033408e+11,1.077783e+16,5.943886e+06,5.426487e+12,4.496565e+16,8.212779e+06,1.446499e+13,8.916826e+16,1.297194e+07,3.082811e+13,8.802737e+17,0,90,N,N
1.855058e+06,2.753869e+11,1.834647e+15,3.831782e+06,3.542010e+12,4.625253e+16,1.102973e+07,2.889042e+13,3.563080e+17,8.788498e+06,9.930428e+12,1.705806e+17,3,73,N,N
1.763668e+06,1.612181e+11,1.887125e+15,3.350313e+06,2.381397e+12,2.917278e+16,8.269172e+06,1.438823e+13,1.654386e+17,6.635806e+06,7.445571e+12,7.905268e+16,1,78,N,N
6.903694e+06,1.859226e+12,2.637309e+16,1.055261e+07,1.012248e+13,8.485403e+16,1.076175e+07,2.509293e+13,1.456849e+17,1.794836e+07,5.030494e+13,1.205571e+18,2,49,N,N
4.781801e+06,4.888541e+11,7.554429e+15,1.072528e+07,7.491626e+12,7.169603e+16,1.199464e+07,3.488471e+13,4.132204e+17,1.169641e+07,2.464695e+13,3.865779e+17,1,67,N,N
8.264905e+05,3.930351e+10,4.340561e+14,1.366055e+07,1.050076e+13,8.693013e+16,9.358633e+06,1.800211e+13,1.560888e+17,1.107557e+07,2.441833e+13,4.016806e+17,0,34,N,N
5.136741e+05,2.055831e+10,2.048859e+14,9.853543e+06,4.616429e+12,3.585978e+16,9.729293e+06,1.862039e+13,1.136999e+17,1.322002e+07,3.691450e+13,5.486531e+17,0,71,N,N
1.022298e+06,6.781053e+10,9.319179e+14,1.470553e+07,8.232776e+12,7.860749e+16,7.856092e+06,1.145953e+13,1.330761e+17,7.256608e+06,1.059259e+13,1.405675e+17,3,64,N,N
1.423794e+06,6.306419e+10,6.501350e+14,1.397659e+07,6.300560e+12,4.888394e+16,9.550382e+06,1.922010e+13,1.096344e+17,1.521101e+07,5.096203e+13,8.208715e+17,3,104,N,N
5.940144e+05,4.174133e+10,6.735006e+14,8.598328e+06,5.934769e+12,5.521894e+16,8.612956e+06,1.052437e+13,8.253189e+16,9.859205e+06,2.093918e+13,2.839404e+17,2,75,N,N
1.743364e+06,1.462838e+11,1.201675e+15,5.056075e+06,3.137534e+12,2.735806e+16,7.944057e+06,1.031044e+13,5.975839e+16,9.078558e+06,1.658022e+13,3.012405e+17,3,66,N,N
1.827298e+06,2.659381e+11,2.497196e+15,5.162006e+06,3.927271e+12,2.299322e+16,8.425713e+06,1.605368e+13,6.908258e+16,1.410012e+07,3.647982e+13,6.285027e+17,0,89,N,N
3.602114e+05,1.870387e+10,2.595264e+14,9.548230e+06,3.024673e+12,2.406657e+16,8.684425e+06,1.268921e+13,9.568925e+16,1.021560e+07,2.416124e+13,2.196258e+17,0,32,N,N
4.879608e+05,2.782766e+10,2.918508e+14,1.061326e+07,4.534637e+12,2.907160e+16,1.047018e+07,2.129663e+13,1.756581e+17,1.196719e+07,3.116066e+13,4.825989e+17,0,102,N,N
3.606912e+06,6.975667e+11,1.254947e+16,1.215389e+07,1.065120e+13,8.333399e+16,9.053626e+06,1.866058e+13,1.365941e+17,1.581049e+07,4.420231e+13,1.145886e+18,2,103,N,N
1.290248e+06,8.395166e+10,8.527476e+14,3.687301e+06,1.264448e+12,1.069450e+16,1.033821e+07,2.339649e+13,1.419873e+17,7.546862e+06,8.171664e+12,1.040678e+17,0,5,N,N
1.434950e+06,1.760854e+11,2.265524e+15,4.725374e+06,2.115519e+12,2.089260e+16,9.689721e+06,1.508184e+13,1.058475e+17,1.226120e+07,3.301308e+13,8.130313e+17,1,59,N,N
2.034338e+06,1.675206e+11,1.694283e+15,1.091845e+07,6.226991e+12,6.027493e+16,1.082217e+07,1.983840e+13,2.998235e+17,7.788978e+06,1.067413e+13,2.043558e+17,3,97,N,N
1.791258e+06,1.402869e+11,1.602953e+15,1.476034e+07,9.981220e+12,1.008190e+17,9.936224e+06,1.922030e+13,2.608263e+17,8.505906e+06,1.222763e+13,2.718341e+17,0,97,N,N
4.216995e+06,7.336320e+11,1.447080e+16,1.227584e+07,1.136834e+13,6.550864e+16,8.520634e+06,1.634723e+13,6.969003e+16,1.633636e+07,4.855539e+13,1.198070e+18,1,88,N,N
1.643662e+06,2.040480e+11,2.022175e+15,3.678027e+06,2.409791e+12,2.360477e+16,7.261594e+06,9.787532e+12,5.337818e+16,8.630157e+06,1.455165e+13,2.480781e+17,0,66,N,N
1.772111e+06,1.348909e+11,1.678384e+15,3.854820e+06,2.088560e+12,2.656893e+16,8.594638e+06,1.416574e+13,1.526757e+17,6.273532e+06,6.496422e+12,7.350116e+16,0,64,N,N
1.334664e+06,1.137479e+11,1.229104e+15,1.242262e+07,8.678818e+12,6.981824e+16,1.090384e+07,2.296205e+13,2.993572e+17,8.490306e+06,1.210216e+13,1.717148e+17,1,93,N,N
1.052855e+06,6.911350e+10,5.395663e+14,1.550850e+07,1.358962e+13,9.651183e+16,1.084429e+07,2.790977e+13,1.993499e+17,1.473639e+07,2.979451e+13,9.522285e+17,3,95,N,N
1.147129e+06,7.315293e+10,7.454916e+14,5.940456e+06,3.682398e+12,3.423531e+16,1.136910e+07,2.879279e+13,2.542947e+17,8.690650e+06,1.132267e+13,1.354134e+17,1,25,N,N
3.918710e+05,1.563508e+10,1.648068e+14,8.205987e+06,3.451434e+12,3.065849e+16,8.912771e+06,1.408469e+13,9.557762e+16,1.176731e+07,2.854039e+13,5.111651e+17,3,53,N,N
3.074303e+06,2.627835e+11,4.149568e+15,3.201830e+06,1.323401e+12,1.092550e+16,8.991186e+06,1.702472e+13,1.422834e+17,8.243425e+06,1.243612e+13,1.011071e+17,0,77,N,N
1.902897e+06,2.378141e+11,3.135201e+15,8.575155e+06,5.088297e+12,3.425891e+16,1.026243e+07,1.908608e+13,9.689399e+16,1.356684e+07,3.343206e+13,5.623763e+17,0,61,N,N
2.699019e+06,1.690165e+11,1.995690e+15,5.246534e+06,3.509737e+12,2.033175e+16,1.316679e+07,3.767805e+13,3.016697e+17,1.049238e+07,1.990720e+13,2.465598e+17,2,68,N,N
2.082867e+06,1.855295e+11,1.756227e+15,1.678181e+07,1.610026e+13,1.420660e+17,1.025133e+07,2.427986e+13,2.794867e+17,1.131772e+07,2.330416e+13,2.903797e+17,2,47,N,N
9.210325e+05,5.512425e+10,5.022441e+14,4.823553e+06,2.211830e+12,1.820736e+16,1.130607e+07,2.612148e+13,1.771967e+17,1.022877e+07,1.770374e+13,2.597624e+17,0,41,N,N
2.555991e+06,1.646545e+11,2.002359e+15,6.955651e+06,4.042918e+12,3.569912e+16,9.877097e+06,1.842356e+13,1.019050e+17,1.288921e+07,3.469186e+13,6.633039e+17,1,71,N,N
3.716378e+06,2.314767e+11,2.889347e+15,1.531737e+07,1.185121e+13,1.083794e+17,9.361202e+06,2.017113e+13,9.786285e+16,1.656675e+07,4.823306e+13,1.093535e+18,2,88,N,N
1.107405e+06,1.078991e+11,1.282876e+15,1.567559e+07,1.769839e+13,1.201924e+17,1.117925e+07,2.868567e+13,2.994346e+17,1.003913e+07,1.307778e+13,1.438386e+17,0,72,N,N
1.511755e+06,1.431078e+11,1.300630e+15,4.414691e+06,2.888935e+12,3.055101e+16,1.103724e+07,2.415784e+13,2.803330e+17,8.058071e+06,1.078959e+13,1.137011e+17,1,87,N,N
2.071452e+06,1.583639e+11,1.376641e+15,4.797366e+06,2.534887e+12,3.134888e+16,1.050736e+07,1.758630e+13,2.226684e+17,7.970268e+06,1.146695e+13,2.173086e+17,2,97,N,N
1.986815e+06,2.266511e+11,2.077197e+15,4.088551e+06,3.448814e+12,4.910502e+16,9.547986e+06,2.194229e+13,2.686204e+17,6.737554e+06,6.981751e+12,5.199470e+16,2,87,N,N
2.750651e+06,2.677717e+11,3.895201e+15,6.723072e+06,4.664622e+12,3.983085e+16,8.483286e+06,1.320624e+13,1.014542e+17,1.345763e+07,3.704402e+13,5.436444e+17,0,92,N,N
1.111529e+06,1.043150e+11,1.240520e+15,1.495647e+07,1.351302e+13,9.141834e+16,1.218149e+07,3.183991e+13,3.592879e+17,1.041389e+07,1.515581e+13,1.230448e+17,2,72,N,N
2.415382e+06,2.378744e+11,3.019534e+15,1.184899e+07,1.098858e+13,8.512589e+16,1.206053e+07,3.469773e+13,4.201990e+17,9.326141e+06,8.558752e+12,7.933637e+16,0,99,N,N
2.749734e+05,1.363376e+10,1.603050e+14,5.979499e+06,2.609168e+12,2.266280e+16,9.418483e+06,1.373435e+13,9.402177e+16,1.142145e+07,3.084965e+13,4.441967e+17,1,37,N,N
8.671905e+05,4.183865e+10,4.051313e+14,1.439089e+07,7.707781e+12,4.211768e+16,9.382153e+06,2.070958e+13,1.073288e+17,1.512293e+07,4.773312e+13,6.909949e+17,0,1,N,N
3.003858e+06,2.634363e+11,3.818086e+15,3.643348e+06,2.478039e+12,1.730441e+16,1.285526e+07,3.768792e+13,2.407956e+17,8.133211e+06,7.432174e+12,7.940186e+16,1,68,N,N
9.297161e+06,1.146071e+12,1.962141e+16,1.476186e+07,1.681446e+13,1.683667e+17,8.235515e+06,1.594991e+13,1.392038e+17,1.271631e+07,2.300352e+13,5.345001e+17,0,80,N,N
1.951910e+06,3.012385e+11,3.678147e+15,7.007223e+06,3.995873e+12,2.310928e+16,9.463628e+06,1.608730e+13,9.249396e+16,1.217194e+07,3.036825e+13,5.997018e+17,3,61,N,N
9.117130e+05,5.226249e+10,5.763158e+14,1.276450e+07,1.034564e+13,1.202169e+17,9.808218e+06,1.816625e+13,1.725170e+17,1.061832e+07,2.204846e+13,4.903068e+17,2,93,N,N
1.918154e+06,1.738176e+11,1.957214e+15,1.510522e+07,1.350505e+13,1.131392e+17,9.912223e+06,2.246052e+13,3.010664e+17,7.872442e+06,8.946022e+12,1.035010e+17,0,35,N,N
9.529327e+05,4.934629e+10,5.667106e+14,1.287578e+07,4.722114e+12,3.381939e+16,1.011897e+07,2.047468e+13,1.652595e+17,1.012040e+07,1.765334e+13,1.678105e+17,0,8,N,N
3.903005e+06,3.568448e+11,5.106377e+15,1.233219e+07,8.682650e+12,7.882749e+16,1.130625e+07,3.108557e+13,3.470692e+17,1.149463e+07,2.405135e+13,3.969591e+17,2,67,N,N
5.491758e+05,3.297611e+10,3.426835e+14,1.206029e+07,5.407357e+12,3.016306e+16,1.037034e+07,2.214965e+13,1.929975e+17,1.216964e+07,3.138915e+13,4.584796e+17,2,102,N,N
2.415491e+06,1.245378e+11,1.499166e+15,1.312211e+07,8.022261e+12,5.997751e+16,8.578806e+06,1.533412e+13,1.014762e+17,1.348961e+07,3.502877e+13,7.869501e+17,1,52,N,N
2.810362e+06,3.110017e+11,5.736936e+15,1.242275e+07,1.348292e+13,1.007677e+17,8.286444e+06,1.551727e+13,9.229185e+16,1.561843e+07,3.417246e+13,6.252534e+17,3,62,N,N
9.408247e+05,5.551146e+10,5.899984e+14,1.446262e+07,8.878096e+12,6.098930e+16,9.006401e+06,1.690102e+13,1.311101e+17,1.325709e+07,3.625441e+13,4.964114e+17,0,45,N,N
3.160941e+06,9.954499e+11,1.879816e+16,5.983292e+06,5.316589e+12,4.627626e+16,8.683685e+06,1.623264e+13,1.052359e+17,1.321893e+07,3.297811e+13,9.869498e+17,1,90,N,N
2.895692e+06,5.769090e+11,9.213235e+15,1.067501e+07,8.479568e+12,6.359227e+16,9.241934e+06,1.849625e+13,1.257060e+17,1.503361e+07,4.087158e+13,1.084854e+18,3,103,N,N
3.462298e+06,5.356014e+11,9.358045e+15,1.187783e+07,9.533419e+12,7.805175e+16,9.368545e+06,1.946131e+13,1.436350e+17,1.558892e+07,4.425965e+13,1.032675e+18,0,103,N,N
1.740749e+06,2.129557e+11,2.859888e+15,7.993623e+06,3.933298e+12,2.471460e+16,1.042560e+07,1.944978e+13,9.968230e+16,1.354514e+07,3.189647e+13,5.872199e+17,2,61,N,N
8.896099e+05,5.358431e+10,5.036595e+14,1.642030e+07,1.306124e+13,9.193589e+16,8.891126e+06,1.790778e+13,1.253862e+17,1.244412e+07,2.526416e+13,5.027266e+17,0,84,N,N
1.407967e+06,1.225534e+11,1.060242e+15,1.416682e+07,1.208862e+13,6.867217e+16,1.179630e+07,3.260838e+13,2.586644e+17,1.463516e+07,2.786036e+13,8.238541e+17,2,95,N,N
2.325047e+06,1.769880e+11,2.373571e+15,3.935274e+06,2.709711e+12,3.086230e+16,9.427594e+06,2.003830e+13,1.711913e+17,6.794925e+06,6.438031e+12,7.680290e+16,0,4,N,N
2.632627e+05,1.247940e+10,1.530193e+14,8.171694e+06,1.884809e+12,1.798280e+16,8.504440e+06,1.170135e+13,8.107796e+16,1.091652e+07,2.949608e+13,2.202909e+17,2,54,N,N
9.751705e+05,7.370692e+10,4.759434e+14,3.497063e+06,2.885233e+12,1.848225e+16,1.410826e+07,4.351663e+13,2.831474e+17,1.398697e+07,2.893458e+13,6.141703e+17,1,86,N,N
1.121676e+06,7.028990e+10,8.197084e+14,1.160271e+07,4.945507e+12,4.938047e+16,1.104921e+07,1.841690e+13,1.504005e+17,1.190483e+07,2.965933e+13,5.146297e+17,1,44,N,N
1.288333e+06,9.710362e+10,1.248771e+15,6.061992e+06,2.441775e+12,2.123393e+16,1.008216e+07,1.444652e+13,1.089469e+17,1.272605e+07,3.513195e+13,7.088559e+17,0,59,N,N
3.891739e+06,2.737319e+11,3.614453e+15,1.315657e+07,9.573676e+12,5.428845e+16,9.810389e+06,2.220925e+13,1.182650e+17,1.862816e+07,5.245730e+13,9.272110e+17,2,100,N,N
1.381244e+06,1.197978e+11,1.039356e+15,6.118610e+06,5.177323e+12,3.450262e+16,1.319451e+07,3.853778e+13,3.855927e+17,1.102532e+07,1.751015e+13,2.915571e+17,1,46,N,N
9.870050e+05,5.531106e+10,7.058261e+14,1.052443e+07,4.658525e+12,4.675494e+16,1.123711e+07,2.144093e+13,2.543259e+17,7.889885e+06,1.182111e+13,1.108456e+17,1,42,N,N
2.490547e+05,1.203885e+10,1.361466e+14,9.686137e+06,3.952103e+12,2.800096e+16,9.176897e+06,1.377192e+13,9.253518e+16,1.101076e+07,2.854047e+13,3.146982e+17,2,37,N,N
1.235852e+06,1.499090e+11,1.283869e+15,4.014030e+06,2.770707e+12,3.541854e+16,9.631056e+06,1.789781e+13,1.999549e+17,9.867943e+06,1.688950e+13,2.787324e+17,1,36,N,N
3.876286e+06,2.502711e+11,3.583727e+15,9.796258e+06,9.125546e+12,8.310960e+16,8.779417e+06,1.655665e+13,7.032038e+16,1.466756e+07,4.151431e+13,9.560163e+17,1,63,N,N
4.834658e+06,8.085724e+11,1.410725e+16,1.264911e+07,1.431358e+13,1.607195e+17,8.833645e+06,1.605972e+13,1.479562e+17,1.145320e+07,1.954147e+13,4.576498e+17,1,65,N,N
8.823082e+05,4.183341e+10,4.509099e+14,1.287556e+07,5.936055e+12,4.669838e+16,8.499591e+06,1.405030e+13,1.070206e+17,1.061181e+07,2.411313e+13,4.687594e+17,3,58,N,N
5.051870e+06,8.720755e+11,1.700879e+16,1.194172e+07,1.376710e+13,1.474703e+17,9.072520e+06,1.664059e+13,1.456604e+17,1.128419e+07,1.939579e+13,4.484965e+17,0,65,N,N
8.050755e+05,3.496758e+10,3.881144e+14,1.084294e+07,3.106177e+12,1.906283e+16,8.458728e+06,1.324241e+13,9.764598e+16,1.041808e+07,2.289348e+13,4.052190e+17,1,53,N,N
1.173581e+06,7.373412e+10,8.188832e+14,1.530529e+07,7.512976e+12,5.331770e+16,9.895042e+06,2.229109e+13,1.500719e+17,1.257850e+07,3.105844e+13,4.440242e+17,0,7,N,N
3.630589e+06,4.570201e+11,7.210170e+15,6.934618e+06,3.960452e+12,3.837738e+16,9.983283e+06,1.955456e+13,1.013982e+17,1.505116e+07,4.421498e+13,9.339861e+17,1,60,N,N
4.964537e+05,2.715186e+10,3.516600e+14,1.343761e+07,6.744465e+12,4.454422e+16,9.508500e+06,1.834634e+13,1.114050e+17,1.310073e+07,3.478870e+13,3.990754e+17,0,3,N,N
1.373158e+06,9.142385e+10,1.074774e+15,8.857431e+06,4.686432e+12,5.054679e+16,9.419045e+06,1.855095e+13,2.248522e+17,7.984629e+06,1.144493e+13,9.767484e+16,1,33,N,N
4.082431e+06,4.521689e+11,6.534135e+15,1.287741e+07,1.249462e+13,9.669759e+16,9.305282e+06,2.042938e+13,2.142160e+17,1.083461e+07,1.692216e+13,3.524779e+17,3,80,N,N
5.673551e+05,2.237997e+10,2.259991e+14,1.354411e+07,5.717761e+12,2.779121e+16,8.138758e+06,1.341429e+13,6.512077e+16,1.320994e+07,3.561327e+13,6.637102e+17,3,83,N,N
9.695971e+05,5.814129e+10,7.630187e+14,1.341706e+07,7.288577e+12,5.773700e+16,9.282563e+06,1.569420e+13,1.594812e+17,9.679021e+06,2.124001e+13,4.381973e+17,2,78,N,N
2.098148e+06,1.203519e+11,1.308896e+15,8.111204e+06,4.277793e+12,2.318985e+16,1.240070e+07,3.177726e+13,2.595602e+17,1.337894e+07,3.994496e+13,5.585489e+17,0,68,N,N
1.137747e+06,8.442563e+10,1.366869e+15,1.282281e+07,7.629025e+12,6.834220e+16,9.628094e+06,1.604729e+13,1.414653e+17,1.140754e+07,3.032591e+13,4.454728e+17,0,19,N,N
1.742181e+06,1.175670e+11,9.850407e+14,9.445433e+06,6.634448e+12,4.658928e+16,8.398723e+06,1.489341e+13,6.753441e+16,1.547332e+07,4.329341e+13,7.986165e+17,1,89,N,N
1.914898e+06,1.951997e+11,2.133913e+15,7.273482e+06,6.400823e+12,6.876216e+16,1.025900e+07,2.267014e+13,2.826923e+17,6.856287e+06,5.959996e+12,7.364741e+16,1,35,N,N
9.424273e+05,5.347116e+10,4.654238e+14,7.036453e+06,3.759562e+12,3.715565e+16,6.738951e+06,7.674509e+12,6.548753e+16,1.035673e+07,2.654526e+13,4.276043e+17,2,94,N,N
1.925848e+06,1.896429e+11,1.723142e+15,4.167124e+06,2.767705e+12,3.146393e+16,1.109221e+07,2.582422e+13,2.967965e+17,8.089266e+06,1.115934e+13,1.027419e+17,0,87,N,N
9.137132e+05,6.508090e+10,6.326821e+14,8.527912e+06,5.010640e+12,3.695401e+16,1.234158e+07,2.792056e+13,2.322123e+17,9.938910e+06,1.625534e+13,2.403524e+17,0,22,N,N
2.327417e+06,1.496951e+11,1.621191e+15,1.386923e+07,1.145599e+13,6.522267e+16,9.712960e+06,2.191264e+13,1.075397e+17,1.469491e+07,3.853929e+13,8.415046e+17,0,88,N,N
2.146339e+06,3.229862e+11,2.432368e+15,4.344624e+06,4.354549e+12,5.350970e+16,1.201708e+07,3.474660e+13,3.942566e+17,9.630306e+06,1.198708e+13,2.075597e+17,1,73,N,N
1.801528e+06,9.381245e+10,1.098357e+15,8.114433e+06,2.645346e+12,2.516395e+16,9.222967e+06,1.460263e+13,1.496856e+17,7.107047e+06,9.765317e+12,1.053489e+17,0,38,N,N
1.035008e+06,7.133046e+10,1.040907e+15,1.300006e+07,6.068439e+12,4.975002e+16,8.473867e+06,1.259086e+13,9.280188e+16,1.135456e+07,3.011156e+13,3.189549e+17,3,51,N,N
3.568822e+06,2.746645e+11,4.405656e+15,7.958993e+06,4.768106e+12,4.390396e+16,9.354723e+06,1.736932e+13,1.187203e+17,1.371652e+07,4.151971e+13,8.567916e+17,0,48,N,N
2.449083e+06,3.098175e+11,4.399407e+15,1.409020e+07,1.828738e+13,1.577675e+17,1.098408e+07,2.999723e+13,3.463653e+17,9.994566e+06,1.355587e+13,1.766766e+17,3,98,N,N
2.193941e+05,9.259900e+09,9.931338e+13,6.016904e+06,1.205542e+12,1.204336e+16,8.703891e+06,1.048604e+13,7.495727e+16,1.155358e+07,3.311932e+13,3.331409e+17,1,54,N,N
2.347006e+06,1.563039e+11,1.935001e+15,1.340151e+07,9.791069e+12,5.643120e+16,1.017877e+07,2.418145e+13,1.442288e+17,1.892343e+07,4.955549e+13,8.492131e+17,1,100,N,N
1.204415e+06,7.122147e+10,7.794999e+14,1.513992e+07,1.105659e+13,5.500037e+16,9.653803e+06,2.093107e+13,1.749598e+17,1.243253e+07,2.368413e+13,3.533972e+17,1,0,N,N
1.027943e+06,6.532566e+10,6.576248e+14,1.105512e+07,7.328840e+12,5.337327e+16,1.099633e+07,2.265588e+13,1.217562e+17,1.519801e+07,4.673953e+13,1.222791e+18,1,12,N,N
1.117896e+06,8.262049e+10,9.382883e+14,1.380423e+07,1.244102e+13,9.724357e+16,1.099408e+07,2.516559e+13,2.326012e+17,1.041105e+07,1.614457e+13,1.800951e+17,3,72,N,N
2.389015e+06,1.802882e+11,2.442936e+15,1.221129e+07,9.086952e+12,6.329917e+16,9.886477e+06,2.304223e+13,2.396327e+17,8.460289e+06,1.062063e+13,1.483202e+17,2,85,N,N
2.603035e+06,3.102219e+11,4.505493e+15,1.426896e+07,1.801307e+13,1.509298e+17,1.040239e+07,2.698780e+13,2.668390e+17,1.217971e+07,2.823388e+13,3.644033e+17,0,98,N,N
4.999428e+06,6.474860e+11,1.241976e+16,1.047379e+07,1.053002e+13,1.006313e+17,9.404798e+06,1.743661e+13,1.133905e+17,1.341149e+07,3.280529e+13,9.388757e+17,0,11,N,N
1.470475e+06,8.935332e+10,6.876183e+14,5.872317e+06,2.408354e+12,1.729170e+16,9.352235e+06,1.209403e+13,8.408793e+16,1.182356e+07,3.173142e+13,6.066746e+17,2,50,N,N
2.026370e+06,1.060584e+11,1.040976e+15,1.328830e+07,6.640750e+12,3.617060e+16,1.058345e+07,2.609466e+13,2.165432e+17,1.318561e+07,3.164697e+13,3.954685e+17,1,104,N,N
2.876232e+06,1.864142e+11,2.711370e+15,8.725151e+06,5.269193e+12,5.158155e+16,9.957239e+06,1.950934e+13,1.428808e+17,1.358270e+07,3.977142e+13,8.539327e+17,2,48,N,N
6.815017e+06,1.612824e+12,2.386781e+16,9.636934e+06,8.830617e+12,7.111122e+16,1.073296e+07,2.530388e+13,1.403029e+17,1.852674e+07,5.348413e+13,1.165086e+18,0,49,N,N
1.484133e+06,1.879382e+11,1.720195e+15,3.917104e+06,1.577231e+12,1.097721e+16,8.816508e+06,1.324217e+13,7.548921e+16,1.015283e+07,2.029349e+13,4.200778e+17,1,50,N,N
2.083263e+06,2.093705e+11,1.639945e+15,4.578992e+06,4.110453e+12,5.442504e+16,9.828618e+06,2.267889e+13,2.459267e+17,8.754628e+06,1.060103e+13,1.195326e+17,3,47,N,N
3.168345e+06,3.272307e+11,5.631559e+15,1.021281e+07,7.670591e+12,5.309551e+16,9.057961e+06,1.720528e+13,1.167759e+17,1.447994e+07,3.455159e+13,6.694076e+17,2,52,N,N
2.561645e+06,7.739143e+11,1.236308e+16,5.965914e+06,5.958147e+12,4.992490e+16,7.866674e+06,1.381166e+13,8.472896e+16,1.313400e+07,3.124854e+13,9.073135e+17,2,90,N,N
8.128912e+05,3.459577e+10,3.537516e+14,1.252008e+07,6.736492e+12,6.091089e+16,8.551257e+06,1.341702e+13,1.006139e+17,1.137266e+07,2.781984e+13,6.169778e+17,2,58,N,N
1.734955e+06,1.461530e+11,1.337518e+15,3.715486e+06,2.525190e+12,2.540923e+16,9.482019e+06,1.991576e+13,1.319010e+17,9.881748e+06,1.557929e+13,2.453569e+17,3,69,N,N
1.025055e+06,4.358051e+10,3.897275e+14,1.317701e+07,7.353186e+12,4.824315e+16,8.985618e+06,1.668134e+13,9.082646e+16,1.542037e+07,4.696361e+13,1.002169e+18,2,63,N,N
2.681687e+06,3.599551e+11,5.362724e+15,1.422157e+07,1.705152e+13,1.398739e+17,1.102673e+07,3.032865e+13,3.382457e+17,1.056165e+07,1.564417e+13,2.220361e+17,2,98,N,N
3.757183e+05,2.083245e+10,2.577514e+14,1.162707e+07,2.740054e+12,1.719667e+16,9.894878e+06,1.947642e+13,1.292893e+17,1.389937e+07,4.469972e+13,4.287540e+17,1,40,N,N
2.318953e+06,1.946953e+11,2.637935e+15,1.266501e+07,1.071592e+13,8.116198e+16,9.852361e+06,2.235743e+13,2.880179e+17,8.715183e+06,1.117182e+13,1.502391e+17,3,85,N,N
2.049108e+06,1.314912e+11,1.857475e+15,1.246600e+07,6.576368e+12,5.617714e+16,9.299077e+06,1.493749e+13,1.292203e+17,1.028923e+07,2.380455e+13,5.309849e+17,3,78,N,N
5.987570e+06,1.608311e+12,2.532531e+16,9.522699e+06,8.958257e+12,6.464992e+16,1.011935e+07,2.249838e+13,1.193406e+17,1.749904e+07,4.853692e+13,9.959577e+17,1,49,N,N
1.088117e+06,9.019001e+10,1.101515e+15,1.480830e+07,1.353421e+13,7.661656e+16,1.088383e+07,2.723574e+13,2.379741e+17,1.033696e+07,1.500281e+13,1.489939e+17,1,72,N,N
7.376509e+05,4.222020e+10,5.553069e+14,1.255661e+07,7.190694e+12,8.494222e+16,1.033274e+07,1.787232e+13,1.953908e+17,1.062966e+07,2.386156e+13,2.955582e+17,0,24,N,N
3.953131e+06,5.452019e+11,9.953710e+15,8.413308e+06,6.494904e+12,5.917457e+16,9.054580e+06,1.604777e+13,9.757520e+16,1.471972e+07,4.409798e+13,8.565779e+17,1,45,N,N
6.044846e+05,2.891047e+10,3.515294e+14,1.387784e+07,6.641082e+12,5.525573e+16,7.893963e+06,1.202508e+13,9.710052e+16,1.119383e+07,2.855345e+13,2.655458e+17,0,51,N,N
2.250942e+06,1.317131e+11,1.511798e+15,1.181561e+07,8.125733e+12,5.708611e+16,9.715178e+06,2.149119e+13,1.114416e+17,1.744420e+07,5.250628e+13,1.092004e+18,0,100,N,N
1.065556e+06,5.856782e+10,6.164845e+14,3.938341e+06,2.137651e+12,1.809424e+16,1.182598e+07,2.968470e+13,2.491973e+17,8.582267e+06,1.034632e+13,1.502517e+17,1,96,N,N
6.867442e+05,3.019888e+10,2.888253e+14,1.458444e+07,8.891910e+12,7.456377e+16,8.477927e+06,1.610263e+13,1.300475e+17,1.285326e+07,3.068649e+13,6.391218e+17,3,82,N,N
1.522411e+06,1.229771e+11,1.176030e+15,5.606072e+06,2.183409e+12,1.566740e+16,8.899418e+06,1.139606e+13,6.722922e+16,1.234896e+07,3.355953e+13,6.640675e+17,3,50,N,N
1.864773e+06,3.231472e+11,3.318898e+15,5.354513e+06,4.505934e+12,2.731635e+16,8.049298e+06,1.480495e+13,6.503872e+16,1.390165e+07,3.471089e+13,6.486467e+17,3,89,N,N
2.932615e+06,2.200729e+11,2.752558e+15,1.172401e+07,7.212563e+12,4.308585e+16,9.507073e+06,2.016996e+13,1.779189e+17,1.177824e+07,2.625360e+13,5.150248e+17,2,82,N,N
2.511799e+06,3.846664e+11,6.808648e+15,1.022636e+07,7.727030e+12,7.378545e+16,7.955304e+06,1.193301e+13,1.096734e+17,1.278106e+07,3.425187e+13,5.884145e+17,0,55,N,N
4.211856e+06,1.273501e+12,2.061303e+16,8.052293e+06,9.707320e+12,8.690924e+16,9.277339e+06,1.911330e+13,1.043107e+17,1.586341e+07,4.426602e+13,1.085774e+18,0,20,N,N
1.179445e+06,1.219462e+11,1.022711e+15,4.522613e+06,2.347376e+12,2.443139e+16,1.358731e+07,2.865281e+13,3.835441e+17,9.493902e+06,1.687937e+13,3.338694e+17,0,36,N,N
1.768295e+06,1.270762e+11,1.272491e+15,1.598896e+07,1.361056e+13,1.457086e+17,8.883252e+06,1.766709e+13,1.891162e+17,1.112269e+07,2.179911e+13,4.112295e+17,0,56,N,N
2.019980e+06,2.157713e+11,2.983088e+15,6.842603e+06,4.143063e+12,4.733317e+16,7.147989e+06,9.386571e+12,9.215388e+16,1.079227e+07,2.839452e+13,4.472513e+17,1,94,N,N
4.477147e+05,2.624000e+10,3.606544e+14,1.301771e+07,3.988849e+12,2.934993e+16,8.328977e+06,1.322445e+13,1.395961e+17,9.014556e+06,1.517731e+13,1.406319e+17,2,91,N,N
2.520863e+06,1.938473e+11,1.915504e+15,1.396910e+07,8.505198e+12,8.901970e+16,1.076153e+07,2.417911e+13,1.896694e+17,1.585314e+07,5.424071e+13,1.116418e+18,1,70,N,N
1.066623e+06,7.020591e+10,8.174242e+14,1.279868e+07,6.179316e+12,6.049177e+16,1.071141e+07,1.990704e+13,1.799751e+17,1.207014e+07,2.899666e+13,4.291039e+17,0,44,N,N
1.942487e+06,2.999324e+11,3.210775e+15,3.997145e+06,2.098314e+12,2.054223e+16,5.592701e+06,6.284380e+12,5.371400e+16,1.016742e+07,2.549888e+13,4.623784e+17,3,94,N,N
1.444267e+06,1.099538e+11,1.118677e+15,1.741371e+07,1.461408e+13,1.228161e+17,9.656564e+06,2.037069e+13,1.264179e+17,1.562411e+07,5.061319e+13,7.416134e+17,1,79,N,N
2.154166e+06,2.278982e+11,2.425357e+15,1.076743e+07,8.371177e+12,5.836639e+16,1.055155e+07,2.404710e+13,2.781187e+17,9.624352e+06,1.414347e+13,2.175230e+17,3,56,N,N
2.468752e+06,2.263016e+11,2.329942e+15,1.238895e+07,8.517109e+12,7.488229e+16,1.017775e+07,2.310829e+13,2.198072e+17,1.415911e+07,4.222259e+13,6.342003e+17,3,70,N,N
1.946878e+06,1.175812e+11,1.230840e+15,1.367583e+07,1.066995e+13,5.814137e+16,1.038018e+07,2.391978e+13,1.441661e+17,1.452277e+07,3.658188e+13,8.461241e+17,3,88,N,N
3.250858e+06,1.631658e+11,1.898579e+15,7.778866e+06,4.421361e+12,3.562910e+16,9.555327e+06,1.625653e+13,9.785665e+16,1.313515e+07,3.571149e+13,7.215411e+17,3,71,N,N
1.813411e+06,1.221927e+11,1.063133e+15,1.164242e+07,7.736498e+12,3.268009e+16,1.118438e+07,2.778390e+13,1.757380e+17,1.437664e+07,3.696904e+13,7.125144e+17,0,74,N,N
1.270098e+06,7.920117e+10,7.573967e+14,6.874851e+06,2.034145e+12,2.289613e+16,8.424726e+06,1.166398e+13,8.850329e+16,1.114951e+07,2.934773e+13,5.486312e+17,0,17,N,N
1.926064e+06,1.427002e+11,2.348321e+15,1.174324e+07,5.986666e+12,4.712585e+16,8.461597e+06,1.250134e+13,9.077714e+16,1.128347e+07,2.968077e+13,2.936084e+17,1,51,N,N
1.685758e+06,1.223730e+11,1.475229e+15,3.708057e+06,1.951642e+12,2.642291e+16,8.899364e+06,1.510480e+13,1.634275e+17,6.168775e+06,6.153572e+12,7.174068e+16,1,64,N,N
2.963794e+06,2.180015e+11,3.161816e+15,3.248966e+06,1.282011e+12,1.093636e+16,9.263796e+06,1.750860e+13,1.423275e+17,8.079000e+06,1.127280e+13,9.153121e+16,2,77,N,N
2.224276e+06,1.640381e+11,2.492258e+15,1.325170e+07,8.414142e+12,5.338999e+16,9.523675e+06,2.008872e+13,2.515514e+17,7.910747e+06,1.119753e+13,1.407218e+17,1,85,N,N
9.541211e+05,4.174975e+10,4.534696e+14,1.258381e+07,4.311662e+12,3.990918e+16,8.950446e+06,1.475029e+13,1.685050e+17,7.723572e+06,1.137517e+13,1.306604e+17,1,38,N,N
5.377800e+05,3.189992e+10,4.272917e+14,1.154516e+07,3.329686e+12,2.528833e+16,8.936266e+06,1.424978e+13,1.451059e+17,8.410451e+06,1.336588e+13,1.261368e+17,1,91,N,N
7.608383e+05,3.940598e+10,3.678133e+14,1.430151e+07,1.011483e+13,5.567823e+16,9.910147e+06,2.330679e+13,1.385863e+17,1.732084e+07,4.495537e+13,7.915898e+17,3,100,N,N
1.241388e+06,9.452243e+10,1.140116e+15,1.490157e+07,1.175960e+13,1.072861e+17,9.197300e+06,1.909294e+13,2.314225e+17,8.193554e+06,1.177742e+13,1.167935e+17,0,10,N,N
2.588894e+06,3.162769e+11,4.567215e+15,1.153082e+07,1.185855e+13,9.008426e+16,1.145911e+07,3.175581e+13,3.983068e+17,8.780483e+06,7.530881e+12,7.813098e+16,1,99,N,N
4.739469e+05,1.756068e+10,1.688685e+14,1.344615e+07,5.194097e+12,2.605803e+16,7.404458e+06,1.190518e+13,5.235132e+16,1.446125e+07,3.781141e+13,6.874322e+17,1,83,N,N
2.972530e+06,1.928330e+11,2.498655e+15,1.321851e+07,8.459289e+12,5.799108e+16,1.036760e+07,2.389042e+13,1.571265e+17,1.812314e+07,6.118515e+13,1.178917e+18,0,28,N,N
1.458303e+06,2.396541e+11,3.546887e+15,4.248946e+06,2.435586e+12,2.467553e+16,8.115821e+06,1.304430e+13,8.766830e+16,1.085920e+07,2.544278e+13,6.458757e+17,3,59,N,N
3.889541e+06,6.662990e+11,9.641218e+15,9.071933e+06,8.598336e+12,7.694388e+16,9.459627e+06,1.954471e+13,1.234586e+17,1.644053e+07,5.371196e+13,9.720465e+17,0,101,N,N
1.379646e+06,8.041613e+10,1.008405e+15,4.229617e+06,1.861785e+12,1.906510e+16,5.824966e+06,8.436111e+12,1.064398e+17,5.495401e+06,4.820712e+12,3.543912e+16,0,2,N,N
3.010382e+06,2.768851e+11,3.803419e+15,1.422724e+07,1.346908e+13,1.229282e+17,1.042506e+07,2.639752e+13,2.782308e+17,1.010294e+07,1.260596e+13,1.156224e+17,2,99,N,N
2.705193e+06,2.954770e+11,5.838243e+15,1.423138e+07,9.894507e+12,7.624500e+16,8.084619e+06,1.461906e+13,9.020085e+16,1.366288e+07,3.683982e+13,7.146940e+17,0,14,N,N
8.843525e+05,5.223005e+10,4.959919e+14,1.635624e+07,1.455902e+13,1.153873e+17,8.878425e+06,1.735689e+13,1.122148e+17,1.338154e+07,2.519311e+13,5.534100e+17,1,84,N,N
6.631094e+05,4.138167e+10,5.187701e+14,1.348492e+07,6.966698e+12,4.499293e+16,9.071702e+06,1.743184e+13,1.728305e+17,1.090484e+07,2.270835e+13,2.170714e+17,3,92,N,N
7.928352e+06,1.448129e+12,1.734648e+16,1.279974e+07,1.406310e+13,1.241448e+17,1.120252e+07,2.701338e+13,1.693039e+17,1.890773e+07,5.212892e+13,9.032442e+17,3,49,N,N
2.966390e+05,1.485008e+10,1.553699e+14,1.154433e+07,3.616223e+12,2.440006e+16,9.661342e+06,1.769251e+13,1.017002e+17,1.485916e+07,5.228734e+13,5.776878e+17,0,40,N,N
2.575953e+06,1.812704e+11,2.696142e+15,7.359970e+06,2.810094e+12,2.126061e+16,9.931099e+06,1.722281e+13,7.745594e+16,1.442630e+07,4.132918e+13,9.175952e+17,2,57,N,N
7.333576e+06,8.556835e+11,9.913208e+15,1.425942e+07,1.687642e+13,1.292289e+17,1.018167e+07,2.501212e+13,1.743538e+17,1.606087e+07,3.415455e+13,1.096114e+18,0,95,N,N
3.077313e+06,1.749140e+11,2.149841e+15,1.139110e+07,4.479127e+12,3.513543e+16,1.087852e+07,2.224786e+13,1.303111e+17,1.670563e+07,5.651878e+13,1.357015e+18,2,60,N,N
1.848994e+06,2.576776e+11,1.668455e+15,3.791854e+06,3.518742e+12,4.355106e+16,1.132530e+07,3.047185e+13,3.805225e+17,9.390194e+06,1.200274e+13,2.072704e+17,2,73,N,N
4.315331e+06,4.776914e+11,7.079513e+15,9.745924e+06,8.142062e+12,8.297116e+16,1.130903e+07,3.100782e+13,3.881716e+17,1.099009e+07,2.106067e+13,3.168026e+17,3,67,N,N
2.256118e+06,1.663133e+11,1.579324e+15,1.492984e+07,8.810772e+12,8.851442e+16,1.040924e+07,2.214263e+13,1.765741e+17,1.405517e+07,4.093532e+13,7.154416e+17,2,70,N,N
2.852722e+06,1.565070e+11,1.944610e+15,1.250434e+07,7.480040e+12,5.001702e+16,9.311036e+06,1.742595e+13,1.242823e+17,1.406550e+07,3.456257e+13,7.622480e+17,3,52,N,N
9.458687e+05,4.008119e+10,3.595371e+14,1.520282e+07,8.400753e+12,6.132135e+16,8.240572e+06,1.575039e+13,8.245481e+16,1.570330e+07,4.447252e+13,8.965314e+17,1,43,N,N
1.065613e+06,8.468085e+10,6.630640e+14,1.566834e+07,1.503261e+13,1.135860e+17,1.107213e+07,2.902063e+13,2.229086e+17,1.469921e+07,2.672803e+13,8.625816e+17,1,95,N,N
7.818275e+05,3.139207e+10,3.070177e+14,1.506338e+07,1.150485e+13,8.039360e+16,7.595761e+06,1.365902e+13,7.190438e+16,1.429101e+07,3.038088e+13,6.098240e+17,0,62,N,N
3.711516e+05,2.304906e+10,2.622505e+14,8.721189e+06,4.111518e+12,2.983252e+16,9.940033e+06,1.325614e+13,1.330168e+17,9.754904e+06,2.282394e+13,2.954759e+17,0,9,N,N
1.610410e+06,1.658938e+11,1.546255e+15,4.246606e+06,3.175568e+12,3.899738e+16,1.038274e+07,2.314623e+13,2.683249e+17,7.380757e+06,8.914286e+12,7.811065e+16,3,87,N,N
8.518187e+05,6.384651e+10,5.053737e+14,1.144175e+07,1.011626e+13,3.682683e+16,1.414427e+07,4.469961e+13,2.790192e+17,1.800043e+07,5.476082e+13,1.229727e+18,3,86,N,N
1.848201e+06,1.087871e+11,1.089139e+15,5.835971e+06,2.536866e+12,2.584118e+16,1.017970e+07,2.101431e+13,2.424399e+17,9.209397e+06,1.578645e+13,1.391947e+17,1,81,N,N
3.567131e+05,2.052775e+10,2.684017e+14,1.253949e+07,7.339379e+12,5.301161e+16,8.295006e+06,1.189927e+13,8.626992e+16,9.142378e+06,1.841278e+13,2.692619e+17,2,66,N,N
1.521845e+06,1.097396e+11,1.465700e+15,1.311190e+07,7.138371e+12,6.250375e+16,9.450528e+06,1.836455e+13,2.263329e+17,8.586309e+06,1.383254e+13,1.381496e+17,0,33,N,N
7.642525e+05,3.331125e+10,3.674254e+14,9.746746e+06,2.820086e+12,1.975901e+16,8.652210e+06,1.303143e+13,9.178162e+16,1.156644e+07,2.919478e+13,4.430579e+17,0,53,N,N
3.789856e+05,2.408622e+10,3.410613e+14,9.341191e+06,4.160119e+12,3.873775e+16,1.131271e+07,1.829252e+13,1.599814e+17,1.401443e+07,4.568153e+13,1.113873e+18,2,59,N,N
2.141508e+06,2.715622e+11,3.541304e+15,3.616108e+06,2.930422e+12,3.805573e+16,9.599941e+06,2.236057e+13,2.172556e+17,6.984751e+06,5.622405e+12,8.480193e+16,0,16,N,N
1.456346e+06,9.134631e+10,7.900643e+14,1.486140e+07,9.506397e+12,4.459493e+16,9.720163e+06,2.228557e+13,1.358581e+17,1.586968e+07,4.529948e+13,8.837302e+17,2,74,N,N
5.536865e+05,3.477830e+10,3.473731e+14,1.187891e+07,5.344136e+12,3.025224e+16,1.033883e+07,2.207610e+13,1.926973e+17,1.155356e+07,2.688677e+13,4.026023e+17,3,102,N,N
1.117612e+06,5.201171e+10,4.734476e+14,1.191630e+07,8.001102e+12,5.519786e+16,1.070414e+07,1.991183e+13,1.031217e+17,1.306058e+07,3.039468e+13,7.391996e+17,1,69,N,N
8.327328e+05,6.050861e+10,4.011538e+14,6.155423e+06,6.451855e+12,3.272863e+16,1.419755e+07,4.568138e+13,2.856747e+17,1.453492e+07,3.269775e+13,6.065858e+17,0,86,N,N
2.663334e+06,3.905816e+11,4.701521e+15,6.905021e+06,4.855193e+12,4.413281e+16,1.020342e+07,2.111205e+13,9.400992e+16,1.559798e+07,5.095937e+13,8.516246e+17,0,104,N,N
1.783884e+06,1.254746e+11,1.433630e+15,9.370553e+06,7.948236e+12,5.617417e+16,1.087235e+07,2.403129e+13,1.796449e+17,1.666005e+07,4.878155e+13,1.033164e+18,0,12,N,N
2.645664e+05,1.246957e+10,1.508206e+14,7.853702e+06,1.598958e+12,1.650428e+16,8.384715e+06,1.144503e+13,8.577727e+16,1.137030e+07,3.179933e+13,2.631747e+17,0,54,N,N
1.060112e+06,6.236672e+10,5.253060e+14,1.503941e+07,9.846412e+12,4.008370e+16,1.000390e+07,2.293345e+13,1.303816e+17,1.499764e+07,3.994687e+13,8.109234e+17,1,74,N,N
6.039023e+05,2.384320e+10,2.381013e+14,1.366939e+07,4.910478e+12,1.967324e+16,8.448868e+06,1.513314e+13,8.349872e+16,1.359013e+07,3.631356e+13,5.804040e+17,2,83,N,N
7.690758e+05,4.614472e+10,4.401517e+14,5.959056e+06,2.537489e+12,2.200817e+16,1.107290e+07,2.310645e+13,2.252937e+17,9.413285e+06,1.542607e+13,1.804160e+17,1,92,N,N
7.022570e+06,6.710521e+11,8.528699e+15,1.368921e+07,1.098921e+13,8.954207e+16,9.500756e+06,2.101162e+13,1.276783e+17,1.561144e+07,4.752338e+13,8.271262e+17,3,101,N,N
2.326914e+06,2.837140e+11,3.241910e+15,1.136606e+07,9.681781e+12,7.456860e+16,1.085880e+07,2.525570e+13,3.375115e+17,9.655354e+06,1.478919e+13,2.391276e+17,1,56,N,N
1.346731e+06,1.043708e+11,1.068728e+15,3.867556e+06,3.129290e+12,3.909446e+16,1.033332e+07,2.648819e+13,2.335172e+17,6.764496e+06,4.518502e+12,5.643505e+16,0,25,N,N
5.258896e+05,2.209958e+10,2.271515e+14,1.187815e+07,6.045037e+12,4.744509e+16,9.657647e+06,1.829253e+13,1.283992e+17,1.265735e+07,3.332188e+13,5.733065e+17,2,71,N,N
1.728201e+06,2.049740e+11,3.106659e+15,7.362966e+06,4.346487e+12,4.768073e+16,8.119764e+06,1.025631e+13,7.986467e+16,1.034051e+07,2.281827e+13,3.407558e+17,1,75,N,N
3.870167e+06,7.010363e+11,9.910645e+15,9.038923e+06,9.577886e+12,7.931216e+16,9.554340e+06,1.996902e+13,1.258329e+17,1.754126e+07,5.735232e+13,1.075168e+18,1,101,N,N
2.397214e+06,2.029583e+11,2.174390e+15,1.641635e+07,1.447291e+13,1.098825e+17,9.875924e+06,2.414591e+13,1.901310e+17,1.235888e+07,2.567582e+13,3.446912e+17,0,23,N,N
2.412209e+05,1.074948e+10,9.182158e+13,5.758796e+06,2.555653e+12,2.073362e+16,8.453025e+06,1.275915e+13,8.077555e+16,1.085911e+07,2.664710e+13,3.887729e+17,0,37,N,N
2.243937e+06,2.188332e+11,3.010401e+15,1.163497e+07,1.021810e+13,8.877495e+16,9.898582e+06,2.236540e+13,3.376247e+17,8.181523e+06,1.082539e+13,1.062312e+17,0,85,N,N
9.912154e+05,5.132764e+10,5.320165e+14,4.192491e+06,2.075145e+12,1.662916e+16,1.231320e+07,3.161402e+13,2.855655e+17,8.692632e+06,1.121232e+13,1.493774e+17,0,96,N,N
8.777421e+05,5.172597e+10,6.752878e+14,1.311234e+07,7.534124e+12,6.020750e+16,9.286674e+06,1.568266e+13,1.595901e+17,9.709784e+06,2.130169e+13,4.360902e+17,0,78,N,N
2.044451e+06,1.704469e+11,1.723376e+15,1.528205e+07,1.429350e+13,1.293196e+17,8.889324e+06,1.784220e+13,2.050377e+17,1.030576e+07,1.757220e+13,3.036543e+17,2,56,N,N
1.351914e+06,9.769409e+10,8.345271e+14,3.591460e+06,2.160960e+12,2.116765e+16,1.008247e+07,2.197849e+13,1.355180e+17,1.077414e+07,1.675806e+13,3.480982e+17,0,69,N,N
3.118360e+06,4.856248e+11,1.030994e+16,7.850350e+06,5.058588e+12,3.829802e+16,9.808863e+06,1.731290e+13,8.422744e+16,1.412212e+07,4.498411e+13,9.597752e+17,3,57,N,N
2.467042e+06,1.804889e+11,2.279553e+15,6.637860e+06,2.744397e+12,2.254647e+16,9.600888e+06,1.597606e+13,6.751824e+16,1.329799e+07,3.547779e+13,7.751305e+17,1,57,N,N
1.871724e+06,2.544002e+11,2.567715e+15,5.742749e+06,5.029383e+12,3.383081e+16,7.840311e+06,1.381485e+13,5.241644e+16,1.402777e+07,3.596365e+13,6.431436e+17,2,89,N,N
2.003422e+06,3.104430e+11,3.382439e+15,4.141925e+06,2.415202e+12,2.310972e+16,5.566351e+06,6.401315e+12,5.465813e+16,1.010759e+07,2.518975e+13,4.505421e+17,0,94,N,N
3.127087e+06,3.123597e+11,3.075360e+15,5.219959e+06,2.648797e+12,2.158041e+16,1.198388e+07,3.184966e+13,2.106302e+17,1.369072e+07,3.707197e+13,4.653093e+17,0,79,N,N
3.345074e+06,4.221845e+11,7.091497e+15,7.111374e+06,4.487699e+12,3.700942e+16,1.178590e+07,2.482224e+13,2.085426e+17,1.462408e+07,3.770960e+13,8.692202e+17,0,21,N,N
2.465842e+06,2.135429e+11,2.544252e+15,6.383215e+06,3.497129e+12,2.519689e+16,1.037308e+07,2.238403e+13,1.865011e+17,1.057908e+07,1.993089e+13,3.284816e+17,0,82,N,N
3.773938e+05,1.377406e+10,1.309985e+14,1.368605e+07,5.407742e+12,2.995327e+16,8.010680e+06,1.312404e+13,5.749114e+16,1.344015e+07,3.445319e+13,6.836855e+17,0,83,N,N
2.831758e+06,2.162704e+11,3.366450e+15,6.702629e+06,3.615715e+12,3.128497e+16,9.844489e+06,1.876853e+13,1.351814e+17,1.414446e+07,4.348386e+13,9.438038e+17,1,48,N,N
1.957879e+06,1.340478e+11,1.033248e+15,3.768086e+06,2.213153e+12,2.221631e+16,1.097376e+07,2.382525e+13,1.812095e+17,1.031086e+07,1.729378e+13,2.954830e+17,3,84,N,N
3.916742e+06,4.247881e+11,7.205081e+15,8.722655e+06,5.603582e+12,5.705496e+16,9.865974e+06,1.935127e+13,9.671987e+16,1.640361e+07,5.202081e+13,1.010515e+18,0,60,N,N
3.418984e+06,4.712116e+11,7.882164e+15,6.401071e+06,3.754646e+12,3.398413e+16,9.916763e+06,1.929309e+13,8.860972e+16,1.508086e+07,4.534831e+13,9.233290e+17,3,60,N,N
6.395665e+06,7.024802e+11,7.512556e+15,1.424136e+07,1.471544e+13,1.201223e+17,1.011404e+07,2.382904e+13,1.889539e+17,1.425964e+07,3.463393e+13,1.159501e+18,0,13,N,N
1.268852e+06,1.290958e+11,1.097011e+15,1.608426e+07,1.559536e+13,1.228793e+17,9.937467e+06,2.140041e+13,2.498966e+17,1.138856e+07,2.380785e+13,4.484499e+17,0,30,N,N
7.626040e+05,4.383430e+10,4.921629e+14,5.720636e+06,1.879720e+12,1.519597e+16,1.030647e+07,1.872330e+13,2.041469e+17,9.587365e+06,1.719386e+13,1.679494e+17,3,81,N,N
5.156055e+06,7.602466e+11,1.459181e+16,9.871684e+06,9.613773e+12,8.859874e+16,9.467240e+06,1.787506e+13,8.633878e+16,1.418696e+07,4.117291e+13,1.038429e+18,3,63,N,N
1.697512e+06,1.302091e+11,1.915135e+15,1.134357e+07,6.887602e+12,5.226923e+16,9.897141e+06,1.850440e+13,2.332367e+17,6.364285e+06,7.051745e+12,7.585072e+16,2,64,N,N
1.210963e+06,6.379060e+10,6.188382e+14,1.371567e+07,8.610430e+12,6.188562e+16,1.054232e+07,2.060282e+13,1.258059e+17,1.427407e+07,3.711052e+13,8.770321e+17,2,69,N,N
8.221607e+05,4.189667e+10,3.919730e+14,1.036757e+07,8.620001e+12,6.509257e+16,9.973595e+06,2.029230e+13,1.025374e+17,1.463448e+07,4.062057e+13,1.132950e+18,2,12,N,N
8.158395e+05,4.323796e+10,4.765953e+14,1.464682e+07,1.083822e+13,1.214685e+17,8.075469e+06,1.407608e+13,1.549045e+17,9.287874e+06,1.657396e+13,1.874783e+17,1,10,N,N
3.287244e+06,2.619296e+11,4.518808e+15,1.261355e+07,8.358990e+12,6.409214e+16,8.774200e+06,1.693800e+13,7.819506e+16,1.526286e+07,4.238837e+13,9.589135e+17,0,43,N,N
3.413690e+06,3.163957e+11,4.008213e+15,6.191922e+06,4.184106e+12,4.599025e+16,1.188625e+07,3.383668e+13,3.909655e+17,9.374452e+06,1.449137e+13,1.909756e+17,0,67,N,N
5.715969e+05,2.262831e+10,2.319791e+14,8.578541e+06,3.479971e+12,2.854857e+16,9.029173e+06,1.424855e+13,9.867468e+16,1.199664e+07,2.970975e+13,5.101929e+17,2,53,N,N
5.869776e+06,1.078201e+12,1.921975e+16,1.304280e+07,1.427075e+13,1.664997e+17,8.937963e+06,1.669472e+13,1.471728e+17,1.193758e+07,1.966171e+13,4.590022e+17,3,65,N,N
1.577166e+06,1.637387e+11,2.280898e+15,7.396734e+06,3.606501e+12,2.299351e+16,1.104862e+07,2.305096e+13,1.490792e+17,1.644934e+07,6.280826e+13,1.306701e+18,3,76,N,N
5.794337e+05,3.368939e+10,3.285228e+14,6.064708e+06,2.852283e+12,1.874138e+16,1.190485e+07,2.659779e+13,2.267309e+17,1.032356e+07,2.070608e+13,3.048311e+17,1,102,N,N
1.974641e+06,2.673566e+11,1.690340e+15,4.692185e+06,4.513787e+12,5.374136e+16,1.207588e+07,3.282491e+13,3.942709e+17,1.016961e+07,1.479577e+13,2.893720e+17,0,73,N,N
