1.989259e+06,1.379298e+11,8.124493e+14,6.313245e+06,9.044328e+11,1.823555e+16,6.263480e+06,8.066097e+11,1.836704e+16,2.367566e+06,1.860472e+11,9.175732e+14,2,76,N,N
1.610321e+06,6.645401e+10,1.658389e+14,3.867220e+06,4.421468e+11,7.052335e+15,4.115960e+06,3.891735e+11,6.506910e+15,1.840706e+06,9.137494e+10,2.754430e+14,1,41,N,N
2.066513e+06,1.187260e+11,3.154680e+14,4.341578e+06,4.507533e+11,7.615015e+15,4.285036e+06,3.314755e+11,4.516453e+15,2.094057e+06,1.165522e+11,2.590028e+14,0,46,N,N
1.707389e+06,7.301833e+10,-1.419654e+13,3.778755e+06,4.721205e+11,7.626055e+15,3.761681e+06,3.802237e+11,5.050592e+15,1.726957e+06,7.886028e+10,1.848089e+14,2,96,N,N
2.088014e+06,1.151596e+11,7.393841e+14,4.123955e+06,4.757009e+11,6.864101e+15,4.198100e+06,3.608339e+11,4.831387e+15,1.720924e+06,7.833138e+10,2.581185e+14,0,58,N,N
2.361870e+06,1.367423e+11,5.776769e+14,5.212778e+06,4.159604e+11,5.906106e+15,4.952148e+06,3.139976e+11,3.261599e+15,2.253543e+06,1.317476e+11,6.557070e+14,1,103,N,N
2.583470e+06,2.152798e+11,2.755977e+15,4.820286e+06,4.495063e+11,6.035202e+15,4.969549e+06,3.476375e+11,4.072113e+15,2.548858e+06,2.002099e+11,2.928221e+15,2,55,N,N
2.583758e+06,1.553353e+11,8.299244e+14,4.445875e+06,3.661917e+11,5.460235e+15,4.496631e+06,3.329141e+11,4.916558e+15,2.250522e+06,1.267009e+11,7.381734e+14,2,84,N,N
2.573256e+06,1.500671e+11,3.428633e+14,5.056552e+06,4.170146e+11,6.937980e+15,4.717356e+06,3.800086e+11,5.325804e+15,2.505502e+06,1.481000e+11,6.841001e+14,0,29,N,N
1.919400e+06,9.880349e+10,3.003137e+14,4.373346e+06,3.755946e+11,4.930088e+15,4.281242e+06,3.529325e+11,4.458025e+15,2.133688e+06,1.085812e+11,3.568395e+14,0,52,N,N
3.194025e+06,2.407126e+11,2.519556e+15,5.207198e+06,3.986874e+11,5.202939e+15,5.186958e+06,3.946971e+11,4.832775e+15,2.920188e+06,2.095298e+11,2.261427e+15,2,80,N,N
2.872127e+06,1.965983e+11,1.269355e+15,4.378215e+06,3.401329e+11,4.281392e+15,4.471832e+06,2.913698e+11,3.600565e+15,2.639961e+06,1.696770e+11,1.380987e+15,2,65,N,N
2.427978e+06,1.914046e+11,2.160637e+15,4.824264e+06,4.367619e+11,5.890260e+15,4.806543e+06,3.711130e+11,4.374872e+15,2.607148e+06,2.097241e+11,3.008642e+15,3,55,N,N
1.870987e+06,9.187758e+10,4.599730e+14,3.594672e+06,3.476328e+11,5.531567e+15,3.619776e+06,4.041404e+11,6.137746e+15,1.567384e+06,6.738384e+10,2.710043e+14,3,68,N,N
1.810900e+06,8.047069e+10,-1.003808e+14,4.910802e+06,4.745188e+11,6.739457e+15,5.178197e+06,4.694921e+11,6.232370e+15,2.108577e+06,1.176086e+11,-1.151783e+13,0,47,N,N
2.206463e+06,1.202984e+11,4.106582e+14,4.089770e+06,2.994908e+11,3.622295e+15,4.136701e+06,2.942770e+11,3.526544e+15,2.118625e+06,1.131032e+11,4.955121e+14,0,15,N,N
1.382696e+06,8.010259e+10,6.171934e+14,4.427945e+06,4.786725e+11,9.002171e+15,4.559877e+06,4.545822e+11,7.532187e+15,1.309922e+06,7.107361e+10,4.197631e+14,1,76,N,N
1.098590e+06,4.644190e+10,2.862785e+14,3.532708e+06,5.320780e+11,7.409793e+15,3.714607e+06,4.161724e+11,6.072838e+15,1.516795e+06,6.772681e+10,2.971666e+14,3,91,N,N
1.293345e+06,6.440808e+10,2.913533e+14,4.610162e+06,4.717644e+11,7.369314e+15,4.707496e+06,4.646619e+11,8.810848e+15,1.411859e+06,7.192175e+10,3.010824e+14,0,76,N,N
2.400926e+06,1.242817e+11,5.216166e+14,4.099872e+06,2.936183e+11,4.147959e+15,3.956255e+06,3.594044e+11,4.556525e+15,2.222422e+06,1.147777e+11,3.914126e+14,1,62,N,N
1.933885e+06,1.009718e+11,7.758550e+14,3.626932e+06,5.459727e+11,7.554779e+15,3.694633e+06,4.161497e+11,4.985880e+15,1.743161e+06,7.444003e+10,4.291786e+14,0,75,N,N
2.440243e+06,1.841458e+11,2.185865e+15,4.754733e+06,4.784819e+11,6.239091e+15,4.662503e+06,3.249026e+11,3.845254e+15,2.458339e+06,1.917631e+11,2.770418e+15,1,55,N,N
1.644874e+06,7.028894e+10,-4.156030e+13,3.818113e+06,4.598878e+11,7.077782e+15,3.743783e+06,3.907600e+11,5.340003e+15,1.605196e+06,6.770119e+10,1.213054e+14,3,96,N,N
1.648730e+06,6.265289e+10,9.401796e+13,4.102162e+06,4.899235e+11,7.120711e+15,3.988548e+06,2.970592e+11,4.022891e+15,1.747398e+06,7.961030e+10,1.388582e+14,0,57,N,N
2.312046e+06,1.234964e+11,6.616863e+14,4.235336e+06,3.699756e+11,4.964948e+15,4.439488e+06,3.023952e+11,3.735809e+15,2.201656e+06,1.145837e+11,6.521711e+14,1,82,N,N
1.892625e+06,1.208501e+11,1.580653e+15,3.532563e+06,5.019396e+11,7.580613e+15,3.628820e+06,4.447635e+11,6.132557e+15,2.112184e+06,1.283711e+11,1.557630e+15,0,39,N,N
1.835837e+06,9.214342e+10,4.892656e+14,3.665573e+06,4.145339e+11,5.837791e+15,3.633117e+06,4.111216e+11,5.005786e+15,1.685137e+06,7.292194e+10,3.080231e+14,1,66,N,N
2.193412e+06,1.270449e+11,4.109741e+14,4.525430e+06,3.802535e+11,5.474523e+15,4.450477e+06,3.399403e+11,4.389901e+15,2.166127e+06,1.127918e+11,2.508121e+14,0,63,N,N
1.220976e+06,5.751890e+10,3.660520e+14,3.965972e+06,6.391440e+11,9.993838e+15,4.122634e+06,4.411174e+11,6.860872e+15,1.156396e+06,5.328675e+10,3.438218e+14,0,81,N,N
2.802957e+06,2.658154e+11,5.675966e+15,5.049203e+06,5.702080e+11,1.008905e+16,5.513227e+06,5.809030e+11,1.033119e+16,2.648189e+06,2.109800e+11,3.394446e+15,1,98,N,N
2.248844e+06,1.218654e+11,1.870132e+14,4.304908e+06,3.598369e+11,5.053464e+15,4.316183e+06,4.068238e+11,5.995435e+15,2.178867e+06,1.363589e+11,4.097453e+14,2,79,N,N
1.716901e+06,8.308663e+10,3.420703e+14,4.362971e+06,4.173316e+11,6.591791e+15,4.289405e+06,4.233973e+11,6.014126e+15,1.801916e+06,8.370171e+10,4.012262e+14,3,48,N,N
2.164648e+06,1.464799e+11,6.995780e+14,4.638332e+06,3.358201e+11,5.012718e+15,4.570144e+06,3.634414e+11,5.581172e+15,2.297766e+06,1.429880e+11,8.054296e+14,2,86,N,N
2.520199e+06,1.545931e+11,3.299972e+14,4.364411e+06,4.915167e+11,8.157515e+15,4.258684e+06,3.573025e+11,4.742204e+15,2.281540e+06,1.263562e+11,5.013042e+14,0,27,N,N
2.342424e+06,1.268584e+11,6.198477e+14,4.588443e+06,4.101251e+11,6.147798e+15,4.716758e+06,4.162720e+11,6.396877e+15,2.270209e+06,1.398474e+11,7.088830e+14,3,79,N,N
2.343705e+06,1.327739e+11,1.887042e+14,4.600488e+06,3.821969e+11,6.343760e+15,4.590927e+06,3.536262e+11,5.254858e+15,2.259101e+06,1.144933e+11,2.375199e+14,0,26,N,N
1.458959e+06,5.975424e+10,5.484962e+13,4.259893e+06,5.710897e+11,9.289902e+15,4.318972e+06,3.783652e+11,5.305919e+15,1.324402e+06,6.029468e+10,2.635425e+14,1,61,N,N
2.085710e+06,1.232343e+11,3.693119e+14,4.965254e+06,4.502707e+11,6.575719e+15,5.092747e+06,4.830203e+11,6.731538e+15,1.685151e+06,7.547280e+10,-1.092609e+14,1,47,N,N
2.925125e+06,2.248036e+11,2.284113e+15,4.772662e+06,4.513582e+11,6.670419e+15,4.493726e+06,3.366399e+11,4.119901e+15,2.909149e+06,2.413489e+11,2.907706e+15,1,97,N,N
2.374100e+06,1.303620e+11,3.676662e+14,4.108515e+06,4.382765e+11,7.135163e+15,3.914950e+06,2.942125e+11,3.788416e+15,2.278385e+06,1.209536e+11,5.001181e+14,0,0,N,N
1.828814e+06,1.007080e+11,2.333862e+14,4.600763e+06,4.169954e+11,6.455376e+15,4.543272e+06,4.228141e+11,5.962433e+15,1.898241e+06,1.026082e+11,3.038095e+14,2,104,N,N
2.141267e+06,1.233367e+11,1.108052e+15,3.748096e+06,5.065739e+11,6.868607e+15,3.744844e+06,4.539345e+11,5.564132e+15,1.999904e+06,9.756783e+10,7.489109e+14,3,75,N,N
1.147720e+06,4.520255e+10,1.589781e+14,3.934152e+06,4.753531e+11,6.687247e+15,4.166576e+06,5.683885e+11,8.525525e+15,1.189894e+06,5.206858e+10,1.350041e+14,2,51,N,N
2.582321e+06,1.679900e+11,9.473240e+14,4.614495e+06,3.671619e+11,5.420382e+15,4.245968e+06,2.711252e+11,3.020346e+15,2.434335e+06,1.434137e+11,1.046738e+15,3,90,N,N
1.493532e+06,4.926817e+10,-8.200071e+13,3.739846e+06,4.946512e+11,6.802812e+15,3.740644e+06,4.404116e+11,5.983158e+15,1.692939e+06,8.210144e+10,3.895399e+14,3,77,N,N
2.214921e+06,1.125471e+11,2.656892e+14,4.340808e+06,3.529155e+11,5.135609e+15,4.633398e+06,3.295055e+11,3.975809e+15,2.419364e+06,1.333833e+11,2.953234e+14,0,31,N,N
2.056842e+06,1.022922e+11,6.804006e+14,4.266946e+06,5.119642e+11,8.459898e+15,4.175360e+06,5.123143e+11,8.169066e+15,2.033046e+06,1.037590e+11,5.217031e+14,1,5,N,N
2.869168e+06,2.202467e+11,2.593301e+15,4.344260e+06,5.417066e+11,9.723297e+15,4.115550e+06,3.257754e+11,4.415732e+15,2.485173e+06,1.741272e+11,2.228831e+15,3,99,N,N
1.182091e+06,4.324209e+10,1.087882e+14,3.737409e+06,5.040331e+11,6.980543e+15,3.696435e+06,4.034300e+11,5.077117e+15,1.120082e+06,3.992562e+10,5.000894e+13,0,42,N,N
1.960514e+06,9.303191e+10,-1.459943e+14,5.084571e+06,4.676411e+11,6.649249e+15,5.428002e+06,4.669864e+11,6.449621e+15,1.786111e+06,9.365693e+10,6.472504e+13,0,70,N,N
2.844189e+06,1.865691e+11,1.871518e+15,4.978615e+06,3.980391e+11,4.873689e+15,5.036980e+06,3.613102e+11,4.490901e+15,2.822800e+06,2.064795e+11,2.190350e+15,1,80,N,N
2.488122e+06,1.662127e+11,1.579391e+15,4.017779e+06,4.078770e+11,6.258857e+15,4.204897e+06,3.594092e+11,5.054972e+15,2.491297e+06,1.520865e+11,1.257444e+15,1,34,N,N
2.498855e+06,1.491325e+11,1.181414e+15,4.802686e+06,4.826133e+11,7.536098e+15,4.476014e+06,3.556316e+11,4.247549e+15,2.683606e+06,1.803712e+11,1.834873e+15,3,93,N,N
2.100225e+06,1.041632e+11,4.522475e+14,4.419843e+06,5.342281e+11,8.287781e+15,4.069271e+06,3.740765e+11,4.565462e+15,2.349615e+06,1.414538e+11,1.126221e+15,0,93,N,N
2.660519e+06,1.838548e+11,1.577703e+15,4.783533e+06,4.922798e+11,8.821511e+15,4.366080e+06,3.470315e+11,5.083170e+15,2.567661e+06,1.651764e+11,1.391765e+15,0,6,N,N
2.484534e+06,1.498899e+11,5.163953e+14,4.746109e+06,3.797686e+11,4.928546e+15,4.693760e+06,3.143135e+11,3.918728e+15,2.483858e+06,1.456234e+11,5.650787e+14,0,18,N,N
1.384402e+06,5.348310e+10,9.867018e+13,4.223340e+06,4.127446e+11,5.840323e+15,4.141413e+06,3.822410e+11,4.936967e+15,1.254761e+06,4.760052e+10,1.146701e+14,0,50,N,N
2.449181e+06,1.612216e+11,9.121568e+14,4.911937e+06,3.854193e+11,4.835788e+15,4.809195e+06,3.254631e+11,3.584541e+15,2.506580e+06,1.762146e+11,1.294156e+15,2,101,N,N
2.385917e+06,1.442556e+11,5.640782e+14,4.546216e+06,3.454787e+11,5.332828e+15,4.456373e+06,3.181794e+11,4.688888e+15,2.187070e+06,1.305918e+11,5.106122e+14,3,74,N,N
8.782311e+05,3.290900e+10,1.465844e+14,3.048075e+06,5.353006e+11,8.393676e+15,3.066370e+06,4.530560e+11,6.736183e+15,9.048905e+05,3.427628e+10,1.571017e+14,3,54,N,N
1.316573e+06,4.425178e+10,-1.266058e+14,3.798380e+06,4.976835e+11,6.470707e+15,3.954232e+06,4.486403e+11,5.958555e+15,1.402852e+06,6.023982e+10,-1.115489e+12,1,77,N,N
1.243386e+06,6.281908e+10,5.858024e+14,3.356963e+06,5.324074e+11,7.176575e+15,3.702230e+06,3.798107e+11,5.697722e+15,1.465635e+06,6.659108e+10,3.462026e+14,0,91,N,N
2.514978e+06,1.471394e+11,6.790280e+14,4.286186e+06,3.055692e+11,4.365649e+15,4.090755e+06,3.281734e+11,4.011075e+15,2.261142e+06,1.219069e+11,3.500065e+14,2,62,N,N
1.042479e+06,4.842593e+10,3.411981e+14,3.946296e+06,7.170935e+11,1.119680e+16,3.829225e+06,4.199321e+11,6.770996e+15,1.189846e+06,5.262902e+10,2.054542e+14,2,81,N,N
1.899726e+06,1.115347e+11,1.124233e+15,3.944540e+06,4.630545e+11,6.917746e+15,4.234898e+06,4.498810e+11,7.304249e+15,1.640761e+06,7.914652e+10,3.884528e+14,2,92,N,N
2.240554e+06,1.185130e+11,8.055102e+14,4.016658e+06,3.713207e+11,4.958930e+15,4.153927e+06,3.853013e+11,5.205936e+15,2.119932e+06,1.123542e+11,6.976464e+14,1,58,N,N
2.527382e+06,1.520965e+11,8.232666e+14,4.505060e+06,3.073740e+11,3.941789e+15,4.403230e+06,2.674746e+11,2.824980e+15,2.488822e+06,1.643946e+11,1.096646e+15,0,90,N,N
2.626428e+06,2.163919e+11,2.758404e+15,5.134319e+06,5.594858e+11,1.048937e+16,4.962677e+06,5.273546e+11,8.145202e+15,2.886890e+06,2.300161e+11,2.793382e+15,3,73,N,N
2.080143e+06,1.089610e+11,7.521737e+14,3.951017e+06,4.423248e+11,6.220547e+15,3.988785e+06,6.242652e+11,8.876488e+15,1.868469e+06,1.010080e+11,4.883312e+14,1,78,N,N
2.635435e+06,1.631018e+11,8.321296e+14,5.068883e+06,3.375210e+11,4.215413e+15,5.253186e+06,3.701575e+11,4.939545e+15,2.591907e+06,1.756526e+11,8.779082e+14,2,49,N,N
1.651285e+06,8.496384e+10,-1.135983e+14,4.983126e+06,7.488398e+11,1.720223e+16,5.117363e+06,6.254314e+11,1.126434e+16,1.586320e+06,8.551373e+10,2.324521e+14,1,67,N,N
2.403953e+06,1.429075e+11,1.386579e+15,4.091187e+06,4.005753e+11,6.444739e+15,4.183307e+06,3.943246e+11,5.527168e+15,2.637258e+06,1.623225e+11,1.378191e+15,0,34,N,N
1.421572e+06,6.663019e+10,3.121662e+14,4.030749e+06,3.852915e+11,5.720406e+15,3.966704e+06,4.335600e+11,6.204268e+15,1.410513e+06,6.516567e+10,2.791880e+14,0,71,N,N
1.635683e+06,1.022347e+11,9.153438e+14,4.217491e+06,5.589883e+11,6.844458e+15,4.176082e+06,4.689417e+11,6.370058e+15,1.470544e+06,6.973070e+10,4.315332e+14,3,64,N,N
2.021091e+06,1.038338e+11,2.616628e+14,4.389937e+06,4.375541e+11,6.331824e+15,4.627943e+06,3.952823e+11,5.665689e+15,1.944184e+06,1.027374e+11,2.758729e+14,3,104,N,N
1.284048e+06,6.105131e+10,4.322004e+14,3.624201e+06,5.747877e+11,8.143958e+15,3.536337e+06,4.116254e+11,5.045247e+15,1.545119e+06,6.513839e+10,2.877754e+14,2,75,N,N
2.125809e+06,1.025101e+11,5.561613e+14,3.548988e+06,3.946535e+11,5.302152e+15,3.614343e+06,4.171145e+11,5.581977e+15,1.821188e+06,8.313336e+10,5.276549e+14,3,66,N,N
1.828462e+06,8.991479e+10,-7.548342e+13,4.181472e+06,3.003600e+11,3.317024e+15,4.344720e+06,3.745438e+11,5.006518e+15,1.773082e+06,9.823166e+10,1.018345e+14,0,89,N,N
1.011967e+06,3.645625e+10,1.549329e+14,3.943635e+06,5.693417e+11,9.179825e+15,3.656800e+06,5.266043e+11,7.041822e+15,1.021164e+06,3.579084e+10,1.212696e+14,0,32,N,N
1.670962e+06,7.913337e+10,3.459680e+14,3.659748e+06,4.295593e+11,7.034836e+15,3.615012e+06,3.953410e+11,6.348520e+15,1.588866e+06,7.224360e+10,3.318632e+14,0,102,N,N
2.393864e+06,1.484061e+11,6.643262e+14,5.330825e+06,4.418605e+11,6.212329e+15,4.993762e+06,3.485896e+11,4.000593e+15,2.305620e+06,1.304296e+11,5.877794e+14,2,103,N,N
1.377134e+06,5.723434e+10,1.676820e+14,3.955287e+06,5.239525e+11,8.855994e+15,3.740547e+06,4.283554e+11,5.819865e+15,1.630137e+06,7.571118e+10,1.640584e+14,0,5,N,N
1.349098e+06,6.712915e+10,4.786493e+14,4.205571e+06,5.783989e+11,1.084688e+16,4.187550e+06,4.845257e+11,7.626133e+15,1.299325e+06,6.022010e+10,3.017454e+14,1,59,N,N
2.742935e+06,2.072606e+11,1.999405e+15,4.384768e+06,4.099750e+11,5.431949e+15,4.332765e+06,3.610633e+11,4.505085e+15,2.781435e+06,2.144599e+11,2.243837e+15,3,97,N,N
2.801690e+06,2.178501e+11,2.284681e+15,4.326819e+06,4.052092e+11,5.190683e+15,4.431169e+06,3.576960e+11,4.515239e+15,2.834237e+06,2.146313e+11,2.786612e+15,0,97,N,N
2.222969e+06,1.269724e+11,3.325640e+14,4.954341e+06,3.948254e+11,5.838866e+15,4.700990e+06,3.483393e+11,4.472227e+15,2.184096e+06,1.130655e+11,2.297087e+14,1,88,N,N
1.969005e+06,8.941201e+10,3.952475e+14,3.585902e+06,3.939796e+11,5.469041e+15,3.643119e+06,4.073499e+11,5.509605e+15,1.643385e+06,7.357947e+10,4.440713e+14,0,66,N,N
2.266480e+06,1.526135e+11,1.418392e+15,3.786155e+06,5.033255e+11,6.361337e+15,4.023951e+06,5.845962e+11,7.959863e+15,2.112142e+06,1.357667e+11,9.266167e+14,0,64,N,N
2.179243e+06,1.047742e+11,3.525833e+14,4.329164e+06,4.609630e+11,6.161350e+15,4.181239e+06,4.561958e+11,6.550359e+15,2.349470e+06,1.401115e+11,9.899577e+14,1,93,N,N
2.536926e+06,1.634211e+11,8.665299e+14,4.821128e+06,3.351085e+11,4.462782e+15,4.864693e+06,3.072226e+11,3.402511e+15,2.389133e+06,1.490164e+11,8.160640e+14,3,95,N,N
2.266395e+06,1.418300e+11,1.267575e+15,4.095435e+06,5.209341e+11,7.358594e+15,4.140934e+06,4.071941e+11,6.147303e+15,2.196263e+06,1.201065e+11,7.109586e+14,1,25,N,N
1.721603e+06,7.295331e+10,2.680128e+14,3.756743e+06,3.799785e+11,5.123911e+15,3.656184e+06,4.422333e+11,6.010266e+15,1.713749e+06,7.446633e+10,3.039328e+14,3,53,N,N
1.280411e+06,4.249731e+10,-1.138630e+14,3.779191e+06,4.483153e+11,5.884105e+15,3.868937e+06,4.644217e+11,6.387870e+15,1.389739e+06,5.637235e+10,5.438140e+13,0,77,N,N
1.748877e+06,7.985179e+10,9.268165e+13,4.493289e+06,5.899714e+11,9.875080e+15,4.484910e+06,3.645702e+11,5.807977e+15,1.299316e+06,5.827491e+10,3.039635e+14,0,61,N,N
1.737507e+06,9.264351e+10,4.687506e+14,3.748629e+06,4.284470e+11,7.540403e+15,3.683974e+06,4.292127e+11,6.452754e+15,1.537842e+06,6.818267e+10,3.049765e+14,2,68,N,N
1.891172e+06,8.204550e+10,-1.926259e+14,5.047067e+06,4.799345e+11,6.494921e+15,5.257684e+06,5.092818e+11,7.890735e+15,1.836110e+06,9.274747e+10,-1.639063e+14,2,47,N,N
1.653311e+06,6.613860e+10,-2.023193e+14,3.965988e+06,4.619611e+11,7.820429e+15,4.056243e+06,4.029898e+11,6.558744e+15,1.709132e+06,7.278155e+10,-1.364787e+14,0,41,N,N
1.809535e+06,9.440582e+10,5.293561e+14,3.937882e+06,3.622700e+11,5.459503e+15,3.959076e+06,4.015030e+11,5.890670e+15,1.752222e+06,8.282449e+10,3.004936e+14,1,71,N,N
2.426216e+06,1.417272e+11,4.565543e+14,4.932848e+06,3.961056e+11,6.120314e+15,4.740701e+06,3.754142e+11,5.102545e+15,2.294189e+06,1.216802e+11,4.025965e+14,2,88,N,N
2.259512e+06,1.555743e+11,1.638445e+15,4.216010e+06,4.697119e+11,8.954303e+15,4.301898e+06,3.923774e+11,6.118171e+15,2.690795e+06,1.686303e+11,1.387406e+15,0,72,N,N
1.701798e+06,8.187842e+10,2.375744e+14,4.357055e+06,6.331065e+11,1.131531e+16,4.232052e+06,5.040480e+11,8.014940e+15,1.655657e+06,6.925561e+10,1.458285e+13,1,87,N,N
2.749554e+06,2.307763e+11,2.334467e+15,4.344641e+06,4.298995e+11,5.492763e+15,4.328172e+06,3.215199e+11,3.657340e+15,2.860646e+06,2.298729e+11,2.446961e+15,2,97,N,N
1.378949e+06,5.995462e+10,7.072042e+13,3.804881e+06,6.782454e+11,1.302331e+16,3.694335e+06,5.214736e+11,8.803926e+15,1.189753e+06,4.561122e+10,4.883517e+13,2,87,N,N
1.857205e+06,1.097585e+11,9.706906e+14,4.169315e+06,5.074174e+11,8.180693e+15,4.129841e+06,3.434975e+11,5.519889e+15,1.921790e+06,9.771784e+10,7.549005e+14,0,92,N,N
2.009324e+06,1.201516e+11,1.046538e+15,4.186263e+06,5.051948e+11,8.177815e+15,4.303996e+06,3.754187e+11,6.162547e+15,1.976722e+06,1.148373e+11,6.227785e+14,2,72,N,N
2.836994e+06,2.221634e+11,2.758050e+15,4.394915e+06,5.940541e+11,1.059513e+16,4.247119e+06,3.213371e+11,4.435280e+15,2.400994e+06,1.577343e+11,1.788129e+15,0,99,N,N
9.554520e+05,4.209528e+10,3.522226e+14,3.466960e+06,5.762206e+11,9.933991e+15,3.423482e+06,4.463352e+11,7.046885e+15,9.835345e+05,3.721242e+10,1.740554e+14,1,37,N,N
2.272904e+06,1.370574e+11,9.038374e+14,4.368718e+06,4.287897e+11,6.841338e+15,4.258434e+06,3.692130e+11,5.182144e+15,2.167813e+06,1.334960e+11,8.118835e+14,0,1,N,N
1.633655e+06,7.834298e+10,2.628788e+14,3.626731e+06,3.722609e+11,5.545643e+15,3.833957e+06,4.516159e+11,8.075778e+15,1.494443e+06,7.740378e+10,5.163473e+14,1,68,N,N
2.836792e+06,2.025341e+11,2.096726e+15,4.773087e+06,3.761288e+11,4.419464e+15,4.718326e+06,3.264037e+11,4.119006e+15,2.746653e+06,1.904772e+11,2.091535e+15,0,80,N,N
1.769749e+06,8.448158e+10,1.050015e+14,4.297835e+06,4.650285e+11,6.909658e+15,4.559418e+06,4.188187e+11,6.522160e+15,1.262804e+06,5.773586e+10,3.115492e+14,3,61,N,N
2.665738e+06,1.737183e+11,1.742548e+15,4.291581e+06,4.112570e+11,5.597265e+15,4.280822e+06,3.893434e+11,5.462513e+15,2.675612e+06,1.827443e+11,1.813620e+15,2,93,N,N
2.348729e+06,1.754999e+11,2.083130e+15,4.604144e+06,5.189130e+11,7.220964e+15,4.843858e+06,5.755124e+11,8.881139e+15,2.129328e+06,1.335576e+11,1.209941e+15,0,35,N,N
1.796873e+06,8.766088e+10,1.185130e+14,4.044643e+06,5.597153e+11,8.870224e+15,3.981851e+06,4.015896e+11,5.266936e+15,1.647721e+06,7.804433e+10,5.468383e+13,0,8,N,N
1.720206e+06,8.812914e+10,-1.103546e+14,4.972862e+06,6.776361e+11,1.378058e+16,5.277464e+06,6.532017e+11,1.297145e+16,1.618104e+06,8.843855e+10,1.211053e+14,2,67,N,N
1.622537e+06,7.328237e+10,3.014226e+14,3.755263e+06,4.463166e+11,7.518328e+15,3.718184e+06,4.002042e+11,6.581563e+15,1.690310e+06,8.132852e+10,3.343913e+14,2,102,N,N
1.934675e+06,9.258919e+10,3.544156e+14,4.316177e+06,4.197562e+11,5.598490e+15,4.357878e+06,3.904563e+11,5.543214e+15,2.054416e+06,9.490348e+10,2.832244e+14,1,52,N,N
2.512234e+06,1.378572e+11,4.949383e+14,4.021587e+06,2.789726e+11,3.883722e+15,4.290168e+06,3.699375e+11,4.630410e+15,2.189415e+06,1.142390e+11,1.297675e+14,3,62,N,N
2.164134e+06,1.310456e+11,8.596539e+14,4.404945e+06,4.460681e+11,6.554697e+15,4.181959e+06,3.320223e+11,4.932602e+15,2.395952e+06,1.547534e+11,1.087778e+15,0,45,N,N
2.533301e+06,1.567982e+11,9.255790e+14,4.488906e+06,3.269877e+11,4.489228e+15,4.463329e+06,2.794295e+11,3.005212e+15,2.335266e+06,1.421098e+11,9.189278e+14,1,90,N,N
2.195007e+06,1.207864e+11,4.991329e+14,5.070912e+06,3.550450e+11,4.287415e+15,5.055617e+06,3.403400e+11,4.146457e+15,2.304058e+06,1.360529e+11,5.376062e+14,3,103,N,N
2.206431e+06,1.279528e+11,5.026785e+14,5.000783e+06,3.707909e+11,4.723702e+15,5.000860e+06,3.527873e+11,3.884212e+15,2.160367e+06,1.235365e+11,5.362494e+14,0,103,N,N
1.576717e+06,6.391033e+10,6.375250e+13,4.623952e+06,6.175211e+11,1.003512e+16,4.408126e+06,3.425248e+11,4.876745e+15,1.368950e+06,6.514450e+10,2.662341e+14,2,61,N,N
2.592546e+06,1.514234e+11,7.836413e+14,4.233448e+06,3.223853e+11,4.447446e+15,4.501217e+06,3.547340e+11,5.423895e+15,2.235297e+06,1.224682e+11,6.311535e+14,0,84,N,N
2.364004e+06,1.418598e+11,7.315094e+14,4.731087e+06,3.061800e+11,3.728702e+15,4.843383e+06,3.286683e+11,3.708012e+15,2.361273e+06,1.483029e+11,7.449341e+14,2,95,N,N
1.486684e+06,6.558309e+10,1.914477e+14,3.969969e+06,5.363964e+11,8.363268e+15,4.001284e+06,4.913676e+11,7.118573e+15,1.499113e+06,5.763524e+10,-6.486032e+13,0,4,N,N
8.760855e+05,3.347162e+10,1.838659e+14,3.017630e+06,5.331587e+11,8.266952e+15,2.902077e+06,4.304972e+11,6.432730e+15,8.029924e+05,3.071441e+10,1.587055e+14,2,54,N,N
2.324722e+06,1.409734e+11,3.754197e+14,4.521168e+06,3.090549e+11,4.054244e+15,4.654958e+06,3.563810e+11,4.984210e+15,2.312105e+06,1.494419e+11,6.534594e+14,1,86,N,N
1.506263e+06,6.090569e+10,1.475449e+14,3.973413e+06,4.292101e+11,7.263702e+15,3.943825e+06,4.830248e+11,7.299683e+15,1.606742e+06,6.651607e+10,2.141771e+14,1,44,N,N
1.346396e+06,7.389894e+10,6.398518e+14,4.258317e+06,5.926062e+11,1.076061e+16,3.941179e+06,4.137008e+11,6.005875e+15,1.192900e+06,5.388232e+10,3.161418e+14,0,59,N,N
2.356403e+06,1.398787e+11,4.138601e+14,4.591938e+06,3.269070e+11,5.015966e+15,4.324663e+06,3.453255e+11,4.541754e+15,2.199380e+06,1.234445e+11,5.058376e+14,2,100,N,N
2.130669e+06,1.135174e+11,1.601018e+14,4.379554e+06,4.571983e+11,7.639203e+15,4.255935e+06,3.298087e+11,4.850212e+15,2.157242e+06,1.180500e+11,2.798636e+14,1,46,N,N
1.295057e+06,4.907552e+10,1.337717e+14,3.863797e+06,5.413525e+11,7.034019e+15,3.627314e+06,3.963267e+11,4.868220e+15,1.130043e+06,4.026619e+10,1.006707e+14,1,42,N,N
1.020699e+06,4.521727e+10,3.266776e+14,3.477665e+06,5.191373e+11,8.925273e+15,3.182169e+06,4.243417e+11,5.652574e+15,9.165552e+05,3.770132e+10,2.196339e+14,2,37,N,N
2.492459e+06,1.523902e+11,8.499003e+14,5.029748e+06,3.867175e+11,5.003124e+15,4.778469e+06,3.452754e+11,4.124764e+15,2.384037e+06,1.482358e+11,8.682165e+14,1,36,N,N
2.248068e+06,1.284648e+11,3.727748e+14,4.394591e+06,3.540949e+11,4.992104e+15,4.312374e+06,3.306564e+11,4.176058e+15,2.189994e+06,1.066341e+11,1.962504e+14,1,63,N,N
3.084926e+06,2.283883e+11,1.937181e+15,4.697990e+06,3.927793e+11,5.650102e+15,4.372596e+06,2.930536e+11,3.271711e+15,2.629941e+06,1.649498e+11,1.303947e+15,1,65,N,N
2.248865e+06,1.206277e+11,8.093242e+14,4.084719e+06,3.792321e+11,5.203525e+15,4.039057e+06,4.386407e+11,6.025058e+15,1.949235e+06,9.293602e+10,4.834297e+14,3,58,N,N
2.982622e+06,2.073882e+11,1.623956e+15,4.785596e+06,3.793350e+11,5.117531e+15,4.423834e+06,2.917793e+11,3.499014e+15,2.829345e+06,1.925705e+11,1.652060e+15,0,65,N,N
1.779611e+06,7.351129e+10,1.830820e+14,3.645622e+06,3.950733e+11,5.086250e+15,3.598042e+06,3.968141e+11,4.913696e+15,1.803953e+06,7.659660e+10,2.961707e+14,1,53,N,N
1.571845e+06,7.656535e+10,2.787273e+14,4.279080e+06,4.528256e+11,7.317037e+15,4.254017e+06,4.243029e+11,6.409852e+15,1.870783e+06,9.510634e+10,2.614904e+14,0,7,N,N
1.978949e+06,1.151850e+11,2.838431e+14,4.557311e+06,3.606295e+11,4.678454e+15,4.489609e+06,3.474827e+11,4.562485e+15,1.932481e+06,1.096183e+11,2.707733e+14,1,60,N,N
1.731137e+06,8.680832e+10,4.450582e+14,3.928510e+06,5.471824e+11,9.740710e+15,3.625594e+06,3.565837e+11,5.614000e+15,1.917395e+06,9.075865e+10,5.383137e+14,0,3,N,N
1.414072e+06,5.321995e+10,-6.133801e+13,3.849302e+06,5.504523e+11,8.766032e+15,3.923577e+06,4.145506e+11,5.406906e+15,1.212353e+06,4.475606e+10,5.132667e+13,1,33,N,N
2.856449e+06,1.937227e+11,1.806832e+15,4.669220e+06,3.346623e+11,4.116656e+15,4.902954e+06,4.032358e+11,5.315739e+15,2.986203e+06,2.215709e+11,2.325286e+15,3,80,N,N
1.999282e+06,9.960484e+10,3.095474e+14,3.815826e+06,3.626918e+11,5.168091e+15,3.890468e+06,4.040216e+11,5.760992e+15,1.992141e+06,9.378992e+10,2.036683e+14,3,83,N,N
1.579710e+06,5.959857e+10,2.109337e+14,4.180911e+06,4.805724e+11,6.495089e+15,4.225675e+06,4.496341e+11,6.338397e+15,1.546662e+06,6.662786e+10,3.434625e+14,2,78,N,N
1.593008e+06,7.814033e+10,2.411237e+14,4.165708e+06,4.885345e+11,8.282370e+15,4.064595e+06,4.688102e+11,7.936403e+15,1.414883e+06,7.103396e+10,3.363178e+14,0,68,N,N
1.351641e+06,5.660684e+10,2.928524e+14,3.941491e+06,5.278863e+11,8.653247e+15,3.989416e+06,5.638949e+11,8.438710e+15,1.116776e+06,5.608098e+10,4.584069e+14,0,19,N,N
2.070430e+06,1.145240e+11,1.311149e+14,4.143198e+06,3.322784e+11,4.129790e+15,4.355525e+06,3.725397e+11,4.832701e+15,1.844971e+06,9.621917e+10,1.538584e+14,1,89,N,N
2.728191e+06,2.446544e+11,3.388423e+15,4.479031e+06,4.771349e+11,6.293574e+15,4.494107e+06,5.758030e+11,8.454616e+15,2.643642e+06,2.147119e+11,2.658023e+15,1,35,N,N
1.613011e+06,8.638520e+10,7.755439e+14,3.638572e+06,4.400781e+11,5.827134e+15,3.583320e+06,3.938009e+11,5.331876e+15,1.698648e+06,8.587872e+10,7.141096e+14,2,94,N,N
1.342125e+06,6.065073e+10,2.705589e+14,3.950786e+06,6.452129e+11,1.271536e+16,3.896028e+06,5.041243e+11,8.240625e+15,1.400548e+06,6.106668e+10,1.298671e+14,0,87,N,N
2.273931e+06,1.232775e+11,6.610215e+14,4.174331e+06,4.193929e+11,6.669689e+15,4.230685e+06,4.487444e+11,7.221836e+15,2.102850e+06,1.049431e+11,5.675435e+14,0,22,N,N
2.305850e+06,1.320397e+11,3.936202e+14,4.841722e+06,4.087328e+11,6.334250e+15,4.779201e+06,3.444052e+11,4.322743e+15,2.195798e+06,1.139338e+11,2.088044e+14,0,88,N,N
2.258964e+06,1.778256e+11,2.072574e+15,5.311464e+06,6.940492e+11,1.419790e+16,4.905594e+06,4.874469e+11,7.587709e+15,2.595867e+06,1.842178e+11,2.164756e+15,1,73,N,N
2.052323e+06,1.114400e+11,6.617216e+14,3.860248e+06,4.705976e+11,5.564368e+15,4.123985e+06,5.551020e+11,7.001949e+15,2.298556e+06,1.152192e+11,7.902132e+14,0,38,N,N
1.312863e+06,6.226068e+10,3.828277e+14,4.137760e+06,4.757257e+11,7.425326e+15,4.090191e+06,5.588297e+11,7.953869e+15,1.256991e+06,5.201209e+10,1.483553e+14,3,51,N,N
1.803439e+06,8.876829e+10,4.924282e+14,4.365350e+06,4.743263e+11,7.536786e+15,4.397892e+06,3.546992e+11,4.851845e+15,1.981245e+06,1.025767e+11,4.683030e+14,0,48,N,N
2.788745e+06,2.563940e+11,5.279481e+15,4.929960e+06,4.968990e+11,9.200150e+15,5.001092e+06,5.490480e+11,9.446883e+15,2.868581e+06,2.521224e+11,4.410123e+15,3,98,N,N
9.557745e+05,3.963745e+10,2.418883e+14,3.362937e+06,5.722414e+11,1.012320e+16,2.957879e+06,4.268253e+11,6.058788e+15,8.975155e+05,3.218085e+10,1.339663e+14,1,54,N,N
2.412138e+06,1.524079e+11,5.026232e+14,4.814584e+06,3.611911e+11,5.924814e+15,4.254087e+06,3.142227e+11,3.946002e+15,2.316905e+06,1.335968e+11,5.226086e+14,1,100,N,N
2.631410e+06,1.608006e+11,8.130372e+14,4.197025e+06,4.254950e+11,6.610320e+15,4.256469e+06,3.322525e+11,4.903592e+15,2.360183e+06,1.326436e+11,6.147066e+14,1,0,N,N
2.264556e+06,1.143308e+11,5.982398e+14,4.171841e+06,3.504324e+11,5.473749e+15,4.361563e+06,3.564378e+11,5.510077e+15,2.259458e+06,1.220124e+11,5.124719e+14,1,12,N,N
1.961273e+06,9.891580e+10,4.860279e+14,4.330796e+06,4.732233e+11,7.564197e+15,4.258301e+06,4.095650e+11,6.593108e+15,2.044930e+06,1.166248e+11,7.732270e+14,3,72,N,N
2.554839e+06,1.910348e+11,2.784159e+15,4.153445e+06,4.783722e+11,6.999174e+15,4.338831e+06,3.680318e+11,5.638866e+15,2.272751e+06,1.545762e+11,2.009454e+15,2,85,N,N
2.741100e+06,2.523886e+11,5.183003e+15,4.914673e+06,5.622728e+11,1.106984e+16,4.810192e+06,4.526147e+11,6.957960e+15,2.777137e+06,2.454865e+11,4.480060e+15,0,98,N,N
2.580524e+06,1.560994e+11,8.308767e+14,4.610838e+06,3.782112e+11,5.655282e+15,4.734299e+06,4.133767e+11,6.508632e+15,2.764034e+06,1.698261e+11,1.077089e+15,0,11,N,N
1.296436e+06,4.588932e+10,9.252775e+13,4.124394e+06,4.499017e+11,6.135182e+15,3.957185e+06,3.649760e+11,5.053248e+15,1.314689e+06,5.747186e+10,2.057211e+14,2,50,N,N
1.912419e+06,9.672106e+10,5.784224e+13,4.541734e+06,4.898887e+11,7.527566e+15,4.381252e+06,3.426712e+11,4.583230e+15,1.984170e+06,1.108594e+11,7.810791e+13,1,104,N,N
1.825208e+06,8.852319e+10,3.697183e+14,4.390483e+06,4.122144e+11,6.228746e+15,4.281123e+06,3.999878e+11,5.656025e+15,1.984626e+06,1.027195e+11,5.741363e+14,2,48,N,N
2.320875e+06,1.323670e+11,5.486361e+14,5.345686e+06,3.698062e+11,5.160858e+15,5.035821e+06,3.617818e+11,4.700010e+15,2.587215e+06,1.595157e+11,5.636891e+14,0,49,N,N
1.275113e+06,4.448423e+10,7.100375e+13,4.214678e+06,4.297478e+11,6.249763e+15,4.074442e+06,3.808849e+11,4.916457e+15,1.233549e+06,4.983397e+10,1.254918e+14,1,50,N,N
1.924184e+06,9.830411e+10,-1.136177e+14,4.795916e+06,4.613351e+11,5.873719e+15,4.861108e+06,4.453740e+11,5.228135e+15,2.007437e+06,1.008053e+11,-3.279026e+14,3,47,N,N
1.739124e+06,7.918861e+10,2.409486e+14,4.273647e+06,3.593829e+11,4.778988e+15,4.383640e+06,4.250542e+11,5.777274e+15,2.120949e+06,1.027091e+11,3.776026e+14,2,52,N,N
2.544379e+06,1.568451e+11,9.361627e+14,4.466982e+06,3.074477e+11,4.050471e+15,4.291747e+06,2.851019e+11,2.995273e+15,2.352873e+06,1.419621e+11,8.117948e+14,2,90,N,N
2.247478e+06,1.218824e+11,8.170632e+14,4.070689e+06,3.699463e+11,5.375922e+15,4.141514e+06,4.427536e+11,5.906719e+15,2.009046e+06,1.004117e+11,5.444217e+14,2,58,N,N
2.025258e+06,9.517372e+10,-2.386759e+14,4.115218e+06,3.687102e+11,5.430906e+15,3.975185e+06,2.799751e+11,2.818237e+15,1.925231e+06,8.263893e+10,-1.264602e+13,3,69,N,N
1.917339e+06,9.641308e+10,2.391813e+14,4.351828e+06,4.074695e+11,5.791018e+15,4.396773e+06,3.359707e+11,4.536798e+15,2.206412e+06,1.232201e+11,3.535037e+14,2,63,N,N
2.862499e+06,2.714623e+11,5.622180e+15,5.275378e+06,5.997325e+11,1.176488e+16,4.992332e+06,4.504109e+11,6.879180e+15,2.721749e+06,2.320961e+11,4.041531e+15,2,98,N,N
1.155657e+06,5.263783e+10,1.716835e+14,3.953500e+06,5.745174e+11,1.028312e+16,3.747738e+06,4.774502e+11,7.972402e+15,1.145974e+06,5.621736e+10,2.473471e+14,1,40,N,N
2.394946e+06,1.665024e+11,1.890245e+15,4.235563e+06,5.668001e+11,7.986904e+15,4.293867e+06,3.319575e+11,5.089014e+15,2.290540e+06,1.488635e+11,1.668610e+15,3,85,N,N
1.443837e+06,4.816505e+10,1.197884e+14,3.911835e+06,4.192924e+11,5.456527e+15,4.302273e+06,4.587614e+11,7.127449e+15,1.437162e+06,5.614853e+10,2.520511e+14,3,78,N,N
2.346119e+06,1.373551e+11,5.684327e+14,5.168379e+06,3.438416e+11,4.638621e+15,5.102970e+06,3.540359e+11,4.510584e+15,2.560995e+06,1.596889e+11,5.639662e+14,1,49,N,N
1.964221e+06,1.200613e+11,1.023633e+15,4.193311e+06,5.102529e+11,8.988433e+15,3.943739e+06,3.930688e+11,6.595259e+15,1.695286e+06,8.708215e+10,4.756219e+14,1,72,N,N
1.924877e+06,1.009863e+11,8.010109e+14,4.758186e+06,7.839174e+11,1.236824e+16,4.637341e+06,5.348492e+11,8.549063e+15,1.953456e+06,1.057580e+11,6.412172e+14,0,24,N,N
2.644853e+06,1.806466e+11,1.542586e+15,4.430586e+06,4.016274e+11,6.106466e+15,4.524086e+06,3.425624e+11,4.613438e+15,2.381254e+06,1.424225e+11,1.077224e+15,1,45,N,N
1.241451e+06,5.775998e+10,3.884436e+14,4.056550e+06,5.508739e+11,9.281185e+15,3.821793e+06,4.516519e+11,6.324935e+15,1.310386e+06,5.437345e+10,1.306158e+14,0,51,N,N
2.374484e+06,1.431384e+11,5.583226e+14,4.789527e+06,3.708106e+11,6.035766e+15,4.212593e+06,3.344522e+11,4.725651e+15,2.133762e+06,1.163064e+11,4.525744e+14,0,100,N,N
1.869532e+06,8.440537e+10,5.790028e+13,3.878944e+06,5.018201e+11,7.900423e+15,3.758311e+06,3.601281e+11,4.826196e+15,1.737763e+06,8.106783e+10,1.765928e+14,1,96,N,N
2.245713e+06,1.281673e+11,7.373701e+14,4.404577e+06,3.528509e+11,5.035334e+15,4.499282e+06,3.420482e+11,4.471592e+15,2.165017e+06,1.102513e+11,5.932283e+14,3,82,N,N
1.341032e+06,5.061566e+10,8.962291e+13,3.871046e+06,3.898876e+11,5.651627e+15,4.106668e+06,4.264719e+11,5.801455e+15,1.382350e+06,5.914457e+10,2.319683e+14,3,50,N,N
1.922771e+06,9.793416e+10,-1.106087e+14,4.262191e+06,3.366009e+11,3.938869e+15,4.258311e+06,3.617223e+11,4.586861e+15,1.792442e+06,8.363179e+10,1.835123e+13,3,89,N,N
2.303246e+06,1.256435e+11,8.827174e+14,4.494580e+06,3.819894e+11,5.220880e+15,4.745793e+06,3.200024e+11,3.666952e+15,2.634938e+06,1.493589e+11,8.733325e+14,2,82,N,N
2.578262e+06,2.021777e+11,2.474088e+15,4.700231e+06,4.284800e+11,5.345514e+15,4.963531e+06,3.701363e+11,4.892339e+15,2.316367e+06,1.724798e+11,2.339355e+15,0,55,N,N
2.751529e+06,1.813137e+11,8.802189e+14,4.995152e+06,4.020914e+11,6.081857e+15,4.758556e+06,3.168841e+11,3.497631e+15,2.347712e+06,1.450584e+11,9.067095e+14,0,20,N,N
2.126896e+06,1.164758e+11,6.957747e+14,4.606748e+06,4.362803e+11,7.148607e+15,4.594323e+06,4.272993e+11,7.049343e+15,1.989371e+06,1.044628e+11,5.926404e+14,0,36,N,N
2.429173e+06,1.509933e+11,8.423510e+14,5.101905e+06,4.514488e+11,6.720863e+15,4.804526e+06,3.465936e+11,4.343274e+15,2.458940e+06,1.529344e+11,1.292983e+15,0,56,N,N
1.985967e+06,1.170800e+11,1.228852e+15,3.777251e+06,4.032377e+11,5.901638e+15,3.833046e+06,4.816988e+11,6.735936e+15,1.920118e+06,1.177477e+11,1.151258e+15,1,94,N,N
1.280875e+06,6.352095e+10,5.298949e+14,3.632366e+06,5.835405e+11,8.518051e+15,3.507663e+06,3.717087e+11,5.021836e+15,1.337564e+06,5.735430e+10,2.888212e+14,2,91,N,N
2.118832e+06,1.114457e+11,-4.752211e+13,5.274827e+06,4.855174e+11,8.193179e+15,5.501611e+06,4.856557e+11,6.618427e+15,1.716053e+06,9.137884e+10,2.412976e+14,1,70,N,N
1.509526e+06,6.402624e+10,1.269497e+14,4.084754e+06,4.319348e+11,6.863205e+15,4.081972e+06,5.602782e+11,9.019054e+15,1.470075e+06,6.580554e+10,2.556157e+14,0,44,N,N
1.683562e+06,9.070725e+10,7.818571e+14,3.639432e+06,3.953507e+11,5.653243e+15,3.608313e+06,4.050092e+11,5.248950e+15,1.446596e+06,6.732577e+10,5.339418e+14,3,94,N,N
2.190397e+06,1.407606e+11,8.688435e+14,4.838946e+06,4.982564e+11,8.924274e+15,4.555374e+06,3.658244e+11,5.085693e+15,2.228149e+06,1.331691e+11,7.514952e+14,1,79,N,N
2.413865e+06,1.421583e+11,6.959657e+14,4.884770e+06,3.945934e+11,5.072365e+15,4.770249e+06,3.182638e+11,3.951590e+15,2.442406e+06,1.628834e+11,1.354379e+15,3,56,N,N
2.007450e+06,1.051929e+11,-2.093126e+14,5.126721e+06,4.809634e+11,7.648596e+15,5.243497e+06,4.746880e+11,6.553026e+15,1.800461e+06,9.723179e+10,3.073724e+13,3,70,N,N
2.364174e+06,1.387036e+11,3.216478e+14,4.845444e+06,3.997722e+11,5.883853e+15,4.520613e+06,3.359869e+11,4.384137e+15,2.203768e+06,1.083100e+11,1.638011e+14,3,88,N,N
1.855851e+06,9.791345e+10,4.483212e+14,4.044881e+06,3.849331e+11,5.913072e+15,3.965975e+06,3.584671e+11,4.796764e+15,1.840588e+06,8.357440e+10,2.692849e+14,3,71,N,N
2.298660e+06,1.338374e+11,4.860648e+14,4.230332e+06,2.910325e+11,3.679923e+15,4.450517e+06,3.429584e+11,5.339528e+15,2.170171e+06,1.227171e+11,3.246197e+14,0,74,N,N
1.492693e+06,5.561865e+10,2.142956e+14,3.793534e+06,4.146870e+11,5.656853e+15,4.132111e+06,5.019219e+11,7.985807e+15,1.197320e+06,6.066541e+10,4.688298e+14,0,17,N,N
1.147002e+06,4.547519e+10,2.275587e+14,3.730277e+06,4.362166e+11,6.190918e+15,3.978320e+06,5.590775e+11,8.666638e+15,1.180294e+06,4.947816e+10,1.640599e+14,1,51,N,N
2.465757e+06,1.685155e+11,1.558210e+15,3.871748e+06,4.882579e+11,6.235987e+15,3.995915e+06,5.474672e+11,7.421325e+15,2.214291e+06,1.487560e+11,1.245054e+15,1,64,N,N
1.290144e+06,4.492356e+10,-7.528996e+13,3.611399e+06,4.858692e+11,6.741128e+15,3.620320e+06,4.222516e+11,5.930435e+15,1.367253e+06,5.475983e+10,8.356529e+13,2,77,N,N
2.189006e+06,1.739616e+11,2.606842e+15,4.214222e+06,6.287323e+11,9.587762e+15,4.035674e+06,3.650958e+11,5.353937e+15,2.001309e+06,1.162965e+11,1.269901e+15,1,85,N,N
1.731274e+06,8.009922e+10,3.395941e+14,3.802549e+06,4.324494e+11,5.012141e+15,4.011680e+06,5.553400e+11,7.620726e+15,2.106440e+06,1.007339e+11,6.457186e+14,1,38,N,N
1.154963e+06,6.055415e+10,5.019263e+14,3.458950e+06,5.927297e+11,8.454644e+15,3.492079e+06,3.786506e+11,4.849308e+15,1.357996e+06,5.173117e+10,1.522621e+14,1,91,N,N
2.408082e+06,1.464588e+11,4.040951e+14,4.415015e+06,3.088582e+11,4.315725e+15,4.380116e+06,3.658166e+11,5.429395e+15,2.220761e+06,1.249000e+11,5.453791e+14,3,100,N,N
2.591313e+06,1.900909e+11,2.008378e+15,4.178714e+06,5.606115e+11,8.739250e+15,4.178634e+06,4.589881e+11,6.964388e+15,2.637298e+06,1.896063e+11,2.297113e+15,0,10,N,N
2.846160e+06,2.228958e+11,2.719658e+15,4.629659e+06,5.954784e+11,1.138067e+16,4.233836e+06,3.535664e+11,4.969118e+15,2.442926e+06,1.699839e+11,2.157080e+15,1,99,N,N
1.944569e+06,9.381820e+10,2.520313e+14,4.053562e+06,4.161293e+11,6.339655e+15,3.839554e+06,3.325782e+11,4.622051e+15,1.896060e+06,8.886411e+10,1.255400e+14,1,83,N,N
2.020966e+06,1.138995e+11,3.826595e+14,4.820736e+06,4.669177e+11,6.876167e+15,4.767737e+06,3.846575e+11,6.504974e+15,1.968332e+06,1.098312e+11,1.883195e+14,0,28,N,N
1.418390e+06,7.227702e+10,5.401676e+14,4.050687e+06,5.639167e+11,9.590387e+15,4.297681e+06,5.655505e+11,9.654605e+15,1.283095e+06,6.756283e+10,4.794553e+14,3,59,N,N
2.521237e+06,1.746826e+11,9.512343e+14,5.119468e+06,4.240417e+11,5.813188e+15,4.755498e+06,3.313634e+11,3.637957e+15,2.544537e+06,1.824676e+11,1.487657e+15,0,101,N,N
7.950960e+05,2.728400e+10,9.257384e+13,2.921008e+06,4.984995e+11,6.625566e+15,2.682305e+06,3.846699e+11,4.197625e+15,8.376738e+05,2.656222e+10,1.641581e+13,0,2,N,N
2.919718e+06,2.340230e+11,3.392961e+15,4.808657e+06,6.183567e+11,1.182362e+16,4.517462e+06,3.683292e+11,5.629461e+15,2.783470e+06,2.231091e+11,3.481060e+15,2,99,N,N
2.012932e+06,1.072532e+11,6.266432e+14,4.449403e+06,4.089818e+11,5.520767e+15,4.189366e+06,3.161187e+11,4.085279e+15,2.095317e+06,1.077794e+11,5.124476e+14,0,14,N,N
2.769017e+06,1.756486e+11,9.744857e+14,4.369238e+06,3.704512e+11,6.088198e+15,4.440411e+06,3.017099e+11,4.056530e+15,2.459583e+06,1.396025e+11,7.475922e+14,1,84,N,N
1.838732e+06,1.125931e+11,1.045683e+15,4.168112e+06,5.302380e+11,8.278905e+15,4.084763e+06,3.698887e+11,5.510381e+15,2.009858e+06,1.097676e+11,9.247177e+14,3,92,N,N
2.585557e+06,1.508699e+11,7.844415e+14,5.283985e+06,3.404298e+11,4.484099e+15,5.402588e+06,4.296674e+11,6.115983e+15,2.738809e+06,1.950146e+11,9.313516e+14,3,49,N,N
1.218133e+06,5.951924e+10,2.430962e+14,3.930572e+06,5.534362e+11,1.028417e+16,3.732224e+06,4.296086e+11,6.843724e+15,1.233602e+06,6.290652e+10,2.668827e+14,0,40,N,N
1.903872e+06,8.563066e+10,1.453276e+14,3.839537e+06,3.949299e+11,5.598658e+15,4.202049e+06,3.605301e+11,5.399745e+15,1.849956e+06,8.984965e+10,1.831821e+14,2,57,N,N
2.499341e+06,1.566218e+11,8.115978e+14,5.021141e+06,3.396182e+11,4.692345e+15,5.107254e+06,3.362606e+11,3.788547e+15,2.434954e+06,1.583456e+11,7.770485e+14,0,95,N,N
1.841007e+06,1.027494e+11,2.917430e+14,4.465118e+06,4.058702e+11,6.006780e+15,4.565441e+06,4.111603e+11,5.799391e+15,1.707842e+06,9.186082e+10,2.589016e+14,2,60,N,N
2.826040e+06,2.461958e+11,3.467273e+15,5.511128e+06,7.051121e+11,1.299010e+16,5.287364e+06,4.502322e+11,7.339437e+15,3.013814e+06,2.408262e+11,2.769796e+15,2,73,N,N
1.596834e+06,7.794317e+10,-1.539918e+14,4.942454e+06,6.106850e+11,1.223769e+16,4.957809e+06,6.340898e+11,1.092288e+16,1.493320e+06,7.834541e+10,6.811192e+13,3,67,N,N
1.919464e+06,9.281920e+10,5.530945e+13,5.108379e+06,4.513615e+11,6.730874e+15,5.274651e+06,4.546541e+11,6.257325e+15,1.768339e+06,8.806761e+10,1.649215e+14,2,70,N,N
1.803776e+06,8.040912e+10,2.081714e+14,4.321555e+06,3.980502e+11,5.369904e+15,4.296537e+06,3.837208e+11,4.924957e+15,1.949534e+06,9.289581e+10,2.487144e+14,3,52,N,N
2.238892e+06,1.245862e+11,3.997682e+14,4.542370e+06,3.720129e+11,5.328214e+15,4.462441e+06,3.498744e+11,4.891053e+15,2.122644e+06,1.133302e+11,3.814645e+14,1,43,N,N
2.486701e+06,1.655507e+11,9.880124e+14,4.907432e+06,3.382749e+11,4.534239e+15,4.630401e+06,2.969270e+11,3.169724e+15,2.386572e+06,1.479939e+11,8.594882e+14,1,95,N,N
2.382078e+06,1.311452e+11,4.874718e+14,3.938822e+06,2.725843e+11,3.497207e+15,3.973238e+06,3.340224e+11,4.444645e+15,2.183101e+06,1.201628e+11,3.255728e+14,0,62,N,N
1.519504e+06,1.059636e+11,1.243171e+15,4.006761e+06,7.370455e+11,1.086456e+16,3.958738e+06,5.049851e+11,8.360621e+15,1.824832e+06,1.250690e+11,1.445332e+15,0,9,N,N
1.903124e+06,8.873101e+10,1.814727e+14,4.225957e+06,6.627067e+11,1.140821e+16,4.144867e+06,5.425696e+11,8.859261e+15,1.606632e+06,6.660248e+10,-1.477883e+13,3,87,N,N
2.295260e+06,1.463083e+11,5.408784e+14,4.856387e+06,3.434452e+11,5.020901e+15,4.671512e+06,3.552367e+11,5.240378e+15,2.290276e+06,1.525685e+11,8.233113e+14,3,86,N,N
1.239518e+06,5.984368e+10,3.778597e+14,3.847797e+06,6.553051e+11,1.091175e+16,4.117994e+06,4.388593e+11,6.148506e+15,1.114564e+06,4.672260e+10,2.101848e+14,1,81,N,N
2.184599e+06,1.072194e+11,7.977611e+14,3.831302e+06,4.832783e+11,6.593542e+15,3.719141e+06,4.354826e+11,6.046019e+15,1.987810e+06,1.101084e+11,1.114646e+15,2,66,N,N
1.293921e+06,5.366753e+10,1.070589e+14,4.089403e+06,5.639486e+11,9.017736e+15,4.169775e+06,4.064105e+11,5.631919e+15,1.419657e+06,5.431612e+10,-8.978209e+13,0,33,N,N
1.584676e+06,5.988068e+10,1.495478e+14,3.392732e+06,3.428282e+11,4.390230e+15,3.645790e+06,4.767181e+11,6.891145e+15,1.410761e+06,5.566551e+10,2.149885e+14,0,53,N,N
1.563225e+06,8.641812e+10,6.695246e+14,4.590468e+06,6.839461e+11,1.341774e+16,4.429324e+06,5.336844e+11,9.010495e+15,1.329931e+06,6.298632e+10,3.758997e+14,2,59,N,N
2.072234e+06,1.238185e+11,1.003481e+15,4.238436e+06,4.801822e+11,6.748975e+15,4.314784e+06,6.158558e+11,1.164763e+16,2.186620e+06,1.437232e+11,1.448638e+15,0,16,N,N
2.391295e+06,1.460933e+11,5.623016e+14,4.684570e+06,3.622635e+11,5.327956e+15,4.426843e+06,3.257203e+11,4.860351e+15,2.136837e+06,1.292933e+11,5.183790e+14,2,74,N,N
1.733355e+06,8.133977e+10,3.779277e+14,3.749124e+06,4.191451e+11,6.646550e+15,3.819733e+06,4.181961e+11,7.073175e+15,1.679257e+06,7.715029e+10,2.734065e+14,3,102,N,N
2.199259e+06,1.037519e+11,2.588281e+14,4.386878e+06,3.680157e+11,5.304003e+15,4.479436e+06,3.505311e+11,4.908901e+15,2.194706e+06,1.098339e+11,3.609285e+14,1,69,N,N
2.715846e+06,1.901762e+11,9.042054e+14,4.606387e+06,3.465932e+11,5.559679e+15,4.627870e+06,3.629781e+11,4.881590e+15,2.381917e+06,1.455660e+11,8.163591e+14,0,86,N,N
2.039634e+06,1.166539e+11,4.874067e+14,4.465364e+06,4.623449e+11,6.886599e+15,4.393743e+06,3.418509e+11,4.632843e+15,1.976331e+06,1.118414e+11,4.183925e+14,0,104,N,N
2.393013e+06,1.350832e+11,7.111851e+14,4.581712e+06,4.087081e+11,5.964056e+15,4.599946e+06,3.325547e+11,5.106694e+15,2.182334e+06,1.099691e+11,3.970748e+14,0,12,N,N
9.548135e+05,3.721979e+10,1.545024e+14,3.205659e+06,5.668545e+11,9.099584e+15,3.091720e+06,4.517267e+11,6.768792e+15,8.973925e+05,3.720122e+10,1.965867e+14,0,54,N,N
2.298235e+06,1.289486e+11,5.345172e+14,4.156623e+06,3.299996e+11,4.980092e+15,4.371418e+06,3.300873e+11,5.134594e+15,2.211367e+06,1.237586e+11,4.564455e+14,1,74,N,N
1.889661e+06,8.482770e+10,1.455893e+14,3.875415e+06,3.986391e+11,5.747334e+15,3.747880e+06,3.333345e+11,4.636913e+15,1.867448e+06,8.689051e+10,1.761295e+14,2,83,N,N
1.606779e+06,8.693290e+10,6.226663e+14,3.702903e+06,4.731022e+11,7.283065e+15,3.862632e+06,3.978338e+11,6.766705e+15,1.822448e+06,9.232523e+10,5.004109e+14,1,92,N,N
2.496408e+06,1.693984e+11,9.241504e+14,4.971815e+06,3.610232e+11,4.349121e+15,4.988877e+06,3.658596e+11,4.883507e+15,2.650732e+06,1.937584e+11,1.558235e+15,3,101,N,N
2.438967e+06,1.436226e+11,6.839970e+14,5.415344e+06,4.453679e+11,6.629896e+15,4.879065e+06,3.747266e+11,4.551673e+15,2.574085e+06,1.660364e+11,1.303761e+15,1,56,N,N
2.343359e+06,1.480576e+11,1.078211e+15,4.113708e+06,5.427403e+11,8.425804e+15,4.046310e+06,4.401540e+11,6.169999e+15,2.084629e+06,1.083288e+11,3.587301e+14,0,25,N,N
1.829013e+06,9.006699e+10,3.396101e+14,4.080334e+06,3.807271e+11,6.074898e+15,4.047448e+06,4.287041e+11,6.098419e+15,1.942620e+06,9.353600e+10,3.881627e+14,2,71,N,N
1.400853e+06,8.485570e+10,7.369112e+14,3.862988e+06,6.414976e+11,9.550734e+15,3.518395e+06,3.643930e+11,4.322641e+15,1.326445e+06,4.078653e+10,9.316799e+13,1,75,N,N
2.474203e+06,1.641207e+11,9.810833e+14,5.050604e+06,4.096159e+11,5.395799e+15,5.147074e+06,3.494458e+11,3.899005e+15,2.499806e+06,1.706762e+11,1.237675e+15,1,101,N,N
2.442937e+06,1.741469e+11,1.790295e+15,4.778983e+06,4.820039e+11,8.695383e+15,4.824358e+06,4.740068e+11,8.180385e+15,1.980181e+06,1.227151e+11,5.448965e+14,0,23,N,N
1.072657e+06,4.851595e+10,3.979446e+14,3.443826e+06,5.182017e+11,8.072887e+15,3.349241e+06,4.267143e+11,6.202740e+15,1.201195e+06,5.186136e+10,2.803085e+14,0,37,N,N
2.372630e+06,1.807734e+11,2.057096e+15,4.376685e+06,7.727124e+11,1.231738e+16,4.129446e+06,2.856219e+11,4.270328e+15,2.036299e+06,1.131690e+11,1.103407e+15,0,85,N,N
1.782643e+06,8.168849e+10,5.815146e+13,3.747216e+06,4.602991e+11,6.521895e+15,3.762413e+06,3.731790e+11,5.507728e+15,1.736015e+06,8.478826e+10,2.796452e+14,0,96,N,N
1.598806e+06,6.077176e+10,1.953558e+14,4.479830e+06,5.580455e+11,8.251191e+15,4.139464e+06,4.022226e+11,6.187790e+15,1.699168e+06,7.981729e+10,5.373656e+14,0,78,N,N
2.512177e+06,1.640708e+11,1.030126e+15,4.923854e+06,4.130158e+11,6.295967e+15,4.633906e+06,3.330836e+11,3.862938e+15,2.365798e+06,1.442090e+11,1.141197e+15,2,56,N,N
2.263827e+06,1.145417e+11,4.863625e+13,4.115098e+06,3.101689e+11,3.811287e+15,4.112519e+06,2.865264e+11,3.502871e+15,2.214096e+06,1.173276e+11,1.052372e+14,0,69,N,N
2.170894e+06,1.156387e+11,1.119654e+15,4.033506e+06,4.178456e+11,5.965556e+15,3.896389e+06,3.627475e+11,4.902874e+15,2.023091e+06,9.641860e+10,5.656367e+14,3,57,N,N
1.834408e+06,8.345032e+10,1.824873e+14,3.974924e+06,4.125480e+11,5.949612e+15,4.064512e+06,3.567282e+11,4.584649e+15,1.662847e+06,7.143352e+10,1.269280e+14,1,57,N,N
2.023472e+06,1.073585e+11,-9.421375e+13,4.277146e+06,3.527892e+11,4.433532e+15,4.495726e+06,3.479881e+11,4.410336e+15,1.875139e+06,9.776869e+10,6.214494e+13,2,89,N,N
1.811793e+06,1.119138e+11,1.173808e+15,3.728546e+06,4.626771e+11,7.114167e+15,3.675342e+06,3.828283e+11,4.946761e+15,1.445874e+06,6.531016e+10,4.745915e+14,0,94,N,N
2.027267e+06,1.171379e+11,4.732561e+14,4.550998e+06,4.861783e+11,8.960720e+15,4.603475e+06,4.649394e+11,7.979033e+15,1.743646e+06,1.005683e+11,5.416592e+14,0,79,N,N
1.776782e+06,8.773482e+10,1.992821e+14,4.342669e+06,3.776824e+11,6.301634e+15,4.776962e+06,5.140986e+11,8.618445e+15,1.633528e+06,8.023407e+10,3.051725e+14,0,21,N,N
2.232178e+06,1.227192e+11,7.675539e+14,4.148796e+06,3.857892e+11,5.427535e+15,4.240227e+06,2.940254e+11,3.201298e+15,2.226172e+06,1.077718e+11,3.930834e+14,0,82,N,N
2.068637e+06,1.026851e+11,2.225388e+14,4.007965e+06,3.903420e+11,5.892153e+15,3.878473e+06,4.090596e+11,5.747384e+15,1.818040e+06,7.503607e+10,1.066429e+14,0,83,N,N
1.627442e+06,8.138240e+10,4.323137e+14,4.479071e+06,5.279834e+11,9.179898e+15,4.285095e+06,3.566532e+11,4.950230e+15,1.704438e+06,7.750148e+10,3.240113e+14,1,48,N,N
2.289040e+06,1.235789e+11,-8.775456e+13,4.295224e+06,3.520281e+11,5.015894e+15,4.212625e+06,3.357980e+11,4.464639e+15,1.948423e+06,9.491210e+10,-6.888923e+13,3,84,N,N
1.910589e+06,1.064414e+11,2.535551e+14,4.506215e+06,3.510638e+11,4.646799e+15,4.599707e+06,4.097217e+11,5.996374e+15,1.940657e+06,1.065096e+11,2.572288e+14,0,60,N,N
1.887827e+06,1.082993e+11,2.400658e+14,4.488771e+06,3.615232e+11,4.919499e+15,4.478776e+06,3.609471e+11,4.787972e+15,1.895306e+06,1.024499e+11,2.375460e+14,3,60,N,N
2.816133e+06,1.873348e+11,1.158554e+15,4.739127e+06,3.404166e+11,4.730862e+15,4.621455e+06,3.364110e+11,4.345706e+15,2.640913e+06,1.663557e+11,1.126034e+15,0,13,N,N
2.562881e+06,1.982758e+11,2.379680e+15,5.066974e+06,5.055606e+11,8.912992e+15,4.831409e+06,4.155028e+11,6.705143e+15,2.872989e+06,2.159052e+11,2.723471e+15,0,30,N,N
1.120193e+06,5.361962e+10,3.554369e+14,3.979359e+06,6.502948e+11,1.052240e+16,3.965004e+06,4.364009e+11,6.138191e+15,1.084654e+06,4.469912e+10,2.132061e+14,3,81,N,N
2.459177e+06,1.431324e+11,5.556002e+14,4.482626e+06,4.097058e+11,6.149370e+15,4.433935e+06,3.413152e+11,4.260657e+15,2.325585e+06,1.223996e+11,4.739697e+14,3,63,N,N
2.590727e+06,2.123216e+11,2.232233e+15,4.077427e+06,6.548372e+11,9.018427e+15,4.346220e+06,4.636619e+11,6.783415e+15,2.388294e+06,1.607142e+11,1.494701e+15,2,64,N,N
2.200574e+06,1.107383e+11,3.645931e+14,4.580866e+06,4.274068e+11,7.031061e+15,4.212758e+06,3.121940e+11,3.902714e+15,2.138366e+06,1.050301e+11,3.433863e+14,2,69,N,N
2.291447e+06,1.221736e+11,5.614034e+14,4.498349e+06,3.745284e+11,6.178145e+15,4.390914e+06,3.436510e+11,4.934099e+15,2.112541e+06,1.017226e+11,3.864674e+14,2,12,N,N
2.536310e+06,1.803374e+11,2.095476e+15,4.249890e+06,5.953226e+11,8.970619e+15,3.941456e+06,3.654010e+11,4.289439e+15,2.475860e+06,1.695692e+11,2.093359e+15,1,10,N,N
2.148236e+06,1.204895e+11,3.200105e+14,4.650479e+06,3.363953e+11,4.399452e+15,4.607085e+06,3.369812e+11,4.205459e+15,2.158704e+06,1.244799e+11,2.729461e+14,0,43,N,N
1.408243e+06,6.282419e+10,-4.996863e+13,4.324696e+06,5.590487e+11,9.815932e+15,4.738943e+06,5.582473e+11,1.010708e+16,1.274781e+06,6.511404e+10,2.554450e+14,0,67,N,N
1.619192e+06,6.742128e+10,1.920739e+14,3.836796e+06,3.990131e+11,5.808259e+15,3.633095e+06,4.097999e+11,5.312792e+15,1.504567e+06,5.532443e+10,1.935391e+14,2,53,N,N
3.098684e+06,2.390074e+11,2.083127e+15,4.710124e+06,3.890064e+11,5.583931e+15,4.802273e+06,3.053028e+11,3.434787e+15,2.799038e+06,1.835303e+11,1.587673e+15,3,65,N,N
1.361004e+06,7.367099e+10,4.102662e+14,4.749375e+06,4.823346e+11,8.431236e+15,4.631857e+06,4.496937e+11,7.633568e+15,1.484812e+06,8.210278e+10,4.462728e+14,3,76,N,N
1.803929e+06,8.225279e+10,2.135793e+14,3.863405e+06,4.313754e+11,6.948080e+15,3.801188e+06,4.285147e+11,6.733990e+15,1.693326e+06,7.219834e+10,3.069688e+14,1,102,N,N
2.841004e+06,2.435677e+11,3.838306e+15,5.372092e+06,5.008972e+11,8.586719e+15,4.962997e+06,4.934897e+11,8.028561e+15,3.036949e+06,2.550487e+11,2.767659e+15,0,73,N,N
