2.779135e+10,8.563759e+19,1.659412e+20,3.071006e+20,1.065902e+10,6.275233e+19,2.240092e+23,3.610128e+22,1.987239e+10,2.981275e+20,1.379797e+22,5.069730e+21,3,72,N,N
1.161952e+10,1.859966e+19,2.194459e+22,1.648826e+21,4.347324e+09,8.941684e+18,2.990820e+22,5.509037e+21,8.629403e+09,5.290691e+19,4.246746e+21,5.457736e+21,3,93,N,N
8.816577e+09,8.625566e+18,3.258761e+21,3.141434e+20,3.333718e+09,6.861949e+18,1.128458e+22,1.858520e+21,6.198853e+09,3.068507e+19,3.330757e+20,9.175568e+20,0,26,N,N
8.542849e+09,6.603168e+18,5.869127e+20,3.810721e+18,3.524208e+09,6.013714e+18,1.690496e+22,2.763012e+21,6.093031e+09,2.668396e+19,1.738634e+20,2.107200e+20,3,96,N,N
7.420769e+09,4.335624e+18,8.492447e+21,2.832211e+20,3.166444e+09,4.747621e+18,1.398435e+22,2.597921e+21,5.243151e+09,1.820311e+19,2.317834e+21,1.126759e+21,1,55,N,N
6.071851e+09,2.800013e+18,1.100797e+21,1.321955e+20,2.685212e+09,3.043275e+18,8.370967e+21,1.949190e+21,4.338074e+09,1.232713e+19,8.011755e+19,5.018742e+20,3,90,N,N
1.475905e+10,3.016181e+19,1.573228e+21,6.698654e+19,5.458657e+09,1.480139e+19,4.213594e+22,6.708323e+21,1.091355e+10,9.182551e+19,5.338874e+21,1.359181e+21,1,5,N,N
1.145192e+10,9.155912e+18,1.520414e+21,8.034287e+19,4.982008e+09,1.187513e+19,3.615674e+22,6.078479e+21,8.006526e+09,4.562139e+19,2.818007e+21,1.093024e+21,0,27,N,N
6.516554e+09,2.979680e+18,2.636132e+21,1.738431e+20,2.701518e+09,4.384899e+18,8.051129e+21,1.312652e+21,4.426642e+09,1.464023e+19,2.607306e+20,6.492262e+20,0,28,N,N
1.052128e+10,8.547378e+18,1.480200e+21,6.993506e+19,4.684025e+09,9.048015e+18,3.534122e+22,6.791836e+21,7.522671e+09,3.802990e+19,8.969550e+19,2.752443e+20,0,67,N,N
9.661011e+09,9.847627e+18,6.328554e+21,1.588169e+20,3.828247e+09,7.660972e+18,1.974733e+22,3.214274e+21,6.911031e+09,3.457236e+19,1.014830e+21,9.127028e+20,3,91,N,N
1.018169e+10,1.093712e+19,5.628784e+21,5.514313e+19,4.353652e+09,6.412832e+18,3.039495e+22,5.202210e+21,7.659018e+09,3.668193e+19,8.121778e+21,6.392821e+20,0,16,N,N
1.018350e+10,1.298627e+18,2.383376e+21,1.487311e+19,5.194312e+09,1.542639e+19,4.317580e+22,6.680462e+21,6.257627e+09,2.542626e+19,1.492301e+21,2.360827e+20,3,99,N,N
8.728692e+09,9.620933e+18,1.967568e+21,2.333673e+20,3.424747e+09,4.979775e+18,1.694055e+22,3.403085e+21,6.497163e+09,2.828271e+19,2.302250e+19,1.032381e+21,3,78,N,N
5.293506e+09,1.269391e+18,1.973192e+20,1.700194e+19,2.371979e+09,3.236496e+18,6.260488e+21,9.423486e+20,3.495275e+09,8.544414e+18,2.411528e+19,1.111913e+20,2,102,N,N
7.617391e+09,4.700094e+18,1.856502e+21,4.843443e+19,3.216415e+09,5.052268e+18,1.551350e+22,2.624844e+21,5.369856e+09,1.993723e+19,1.061762e+21,6.954285e+20,0,22,N,N
7.602615e+09,3.098776e+18,1.943681e+21,1.018353e+20,3.315085e+09,6.392614e+18,1.340626e+22,2.196812e+21,5.075115e+09,1.844422e+19,2.858410e+20,3.538175e+20,1,84,N,N
5.780671e+09,4.092955e+18,3.305910e+20,1.570596e+19,2.227374e+09,2.350390e+18,5.826933e+21,1.065780e+21,4.247662e+09,1.308009e+19,2.435792e+18,1.388284e+20,2,82,N,N
7.902412e+09,4.368906e+18,2.269560e+21,8.102347e+19,3.272478e+09,6.531184e+18,1.213445e+22,1.872956e+21,5.346936e+09,2.170648e+19,1.818511e+20,3.148996e+20,3,68,N,N
6.199691e+09,2.653808e+18,4.391981e+20,2.392009e+19,2.704575e+09,3.524820e+18,9.882062e+21,1.646980e+21,4.323974e+09,1.239633e+19,8.828617e+20,1.032006e+20,3,80,N,N
8.644330e+09,6.003558e+18,9.364500e+21,3.393208e+20,3.656030e+09,6.834204e+18,1.767212e+22,3.018603e+21,6.035168e+09,2.488404e+19,8.041497e+20,1.600416e+21,1,10,N,N
7.091397e+09,1.724657e+18,5.153692e+19,2.837709e+19,3.441123e+09,5.686037e+18,1.807745e+22,3.298089e+21,4.711158e+09,1.336583e+19,4.191941e+20,1.584847e+20,0,56,N,N
7.719421e+09,2.000179e+18,1.783419e+20,3.277815e+18,3.580108e+09,7.572539e+18,1.455646e+22,2.178061e+21,4.969785e+09,1.800551e+19,1.025506e+21,2.954331e+20,1,86,N,N
9.481696e+09,1.170173e+19,2.413019e+20,2.171220e+19,3.801753e+09,5.230372e+18,1.938353e+22,2.897947e+21,7.194891e+09,3.876400e+19,1.385200e+21,7.721878e+19,1,73,N,N
7.288639e+09,1.653409e+18,1.596671e+21,3.080011e+19,3.377108e+09,7.108213e+18,1.481899e+22,2.142421e+21,4.622552e+09,1.531251e+19,1.113047e+20,2.340462e+20,1,40,N,N
1.042896e+10,4.769895e+18,1.355220e+22,5.459228e+20,4.828003e+09,1.169835e+19,2.984856e+22,5.927859e+21,7.011679e+09,3.400894e+19,9.914740e+20,3.391486e+21,2,76,N,N
8.508414e+09,2.180060e+18,7.216196e+21,2.051473e+20,4.091413e+09,8.745433e+18,1.881171e+22,3.491298e+21,5.561106e+09,2.173486e+19,3.681477e+20,1.558532e+21,0,76,N,N
3.965829e+09,2.801598e+17,9.683117e+20,3.299675e+19,2.060308e+09,2.009905e+18,5.381475e+21,9.482578e+20,2.548382e+09,3.766017e+18,3.244720e+19,2.207570e+20,2,53,N,N
6.706153e+09,2.202933e+18,3.318706e+21,6.338504e+19,3.106930e+09,4.486363e+18,1.454303e+22,2.750309e+21,4.589679e+09,1.315910e+19,2.737877e+21,2.369152e+20,1,65,N,N
1.031471e+10,1.110264e+19,3.236234e+21,2.657834e+20,4.257472e+09,7.501212e+18,3.101669e+22,6.353858e+21,7.576731e+09,3.715137e+19,5.014085e+21,2.710591e+21,0,32,N,N
1.021853e+10,9.082690e+18,3.007132e+21,4.084344e+19,4.270028e+09,9.114013e+18,2.744413e+22,4.496937e+21,7.202748e+09,3.691673e+19,4.770923e+20,3.514124e+20,3,98,N,N
7.286902e+09,3.889879e+18,1.696504e+21,5.536257e+19,3.210515e+09,5.001379e+18,1.477303e+22,2.338545e+21,5.050882e+09,1.683984e+19,7.759419e+19,4.232643e+20,0,10,N,N
1.080064e+10,2.355496e+18,6.069392e+21,7.036896e+18,5.351966e+09,1.623398e+19,4.730736e+22,7.619650e+21,6.774435e+09,2.982190e+19,9.303908e+20,6.283742e+20,2,99,N,N
9.262816e+09,3.841511e+18,8.428039e+21,2.343499e+20,4.356144e+09,9.060394e+18,2.757606e+22,5.462774e+21,6.262082e+09,2.530020e+19,1.263082e+21,1.320205e+21,3,61,N,N
4.981695e+09,3.812978e+17,1.850338e+21,1.996439e+19,2.498241e+09,3.487151e+18,8.169920e+21,1.417539e+21,3.115175e+09,6.177270e+18,1.964946e+20,2.063746e+20,3,95,N,N
6.749780e+09,3.468348e+18,3.979105e+21,1.446279e+20,2.882575e+09,4.066809e+18,1.074658e+22,1.866896e+21,4.733147e+09,1.515577e+19,1.147484e+21,5.726082e+20,0,55,N,N
1.035257e+10,7.787187e+18,9.219625e+21,4.402240e+20,4.506903e+09,9.499521e+18,3.152951e+22,6.386012e+21,7.294084e+09,3.473540e+19,8.376795e+20,2.694135e+21,2,66,N,N
7.530148e+09,3.032240e+18,1.363248e+20,3.464872e+19,3.456974e+09,5.521715e+18,1.801747e+22,3.110676e+21,5.186121e+09,1.666152e+19,4.741473e+20,4.500674e+20,3,56,N,N
8.089080e+09,4.859843e+18,4.858677e+21,3.106719e+20,3.371372e+09,6.332359e+18,1.272164e+22,2.185313e+21,5.575386e+09,2.307691e+19,3.878416e+20,1.247608e+21,2,84,N,N
6.370067e+09,5.274613e+17,7.632099e+20,3.141227e+19,3.351954e+09,5.408268e+18,1.913911e+22,3.580150e+21,4.048484e+09,9.115395e+18,2.447926e+20,3.383648e+20,2,92,N,N
6.324792e+09,3.572804e+18,3.882086e+21,1.775329e+20,2.518023e+09,3.696538e+18,6.561510e+21,1.089219e+21,4.406931e+09,1.449496e+19,4.916317e+20,7.238467e+20,2,62,N,N
6.587703e+09,3.633711e+18,3.281546e+21,5.685969e+19,2.680662e+09,4.037529e+18,8.756676e+21,1.454529e+21,4.579536e+09,1.542881e+19,6.250592e+20,4.637603e+20,0,83,N,N
1.114558e+10,1.373463e+19,1.528714e+22,9.657757e+20,4.326520e+09,9.752017e+18,2.401328e+22,4.304800e+21,8.027919e+09,4.758200e+19,3.096201e+21,3.619683e+21,1,57,N,N
7.358359e+09,2.486579e+18,1.935426e+21,1.914626e+20,3.483601e+09,5.702356e+18,1.452081e+22,2.551554e+21,4.970938e+09,1.667933e+19,3.132862e+20,9.005418e+20,3,59,N,N
7.098075e+09,7.183288e+18,2.710018e+21,2.406563e+20,2.563841e+09,3.444351e+18,7.167566e+21,1.282733e+21,5.242196e+09,2.075778e+19,3.845296e+20,6.943900e+20,0,11,N,N
5.420502e+09,2.284157e+18,2.483272e+20,1.180780e+19,2.251800e+09,2.931786e+18,5.362352e+21,8.963906e+20,3.714855e+09,1.009863e+19,2.757071e+20,1.339096e+18,0,13,N,N
9.435355e+09,1.422745e+19,2.714267e+21,2.135008e+20,3.562295e+09,4.447898e+18,1.949867e+22,3.174757e+21,7.327160e+09,3.673432e+19,7.366214e+20,1.063361e+21,1,64,N,N
1.181146e+10,1.440073e+19,2.261704e+21,2.204096e+19,4.855887e+09,1.004383e+19,3.799851e+22,6.147333e+21,8.646821e+09,5.292578e+19,2.160420e+20,4.297839e+20,1,35,N,N
1.199926e+10,1.705043e+19,5.629072e+21,2.906982e+20,4.497752e+09,1.164868e+19,2.693590e+22,4.044656e+21,8.586321e+09,5.712654e+19,1.447663e+21,1.269038e+21,0,8,N,N
7.609019e+09,2.481345e+18,1.872274e+20,3.805893e+18,3.409913e+09,6.985439e+18,1.291959e+22,1.953331e+21,4.970334e+09,1.838693e+19,9.080068e+20,2.744098e+20,0,86,N,N
4.848778e+09,2.118266e+18,1.585320e+21,1.060808e+20,1.936771e+09,2.138479e+18,3.369004e+21,5.756413e+20,3.389498e+09,8.684286e+18,2.932970e+20,3.925955e+20,1,63,N,N
1.100941e+10,1.401864e+19,8.170716e+21,3.621671e+20,4.220345e+09,9.302739e+18,2.463263e+22,4.239943e+21,7.960589e+09,4.611920e+19,9.056504e+20,1.580389e+21,2,51,N,N
4.596881e+09,1.377184e+18,2.372720e+21,1.117521e+20,2.059909e+09,2.031524e+18,5.008192e+21,9.973253e+20,3.185228e+09,6.582694e+18,3.536491e+20,4.316719e+20,3,48,N,N
7.992437e+09,6.696950e+18,5.086893e+20,2.979675e+19,3.074174e+09,5.543924e+18,9.850924e+21,1.642869e+21,5.644828e+09,2.422925e+19,1.910664e+19,1.790582e+20,0,14,N,N
1.097342e+10,1.775310e+19,7.449321e+21,1.852652e+20,3.875672e+09,8.399571e+18,1.807218e+22,2.458024e+21,8.077273e+09,5.083287e+19,5.015449e+21,1.587829e+21,1,54,N,N
8.157442e+09,9.566446e+18,5.904128e+21,4.835012e+20,2.923057e+09,4.602739e+18,9.332336e+21,1.680319e+21,6.012442e+09,2.754038e+19,1.289622e+21,1.326490e+21,1,52,N,N
4.874870e+09,2.193906e+18,9.338458e+20,7.528494e+19,1.935958e+09,2.131818e+18,3.331165e+21,5.768434e+20,3.415674e+09,8.864262e+18,1.296965e+20,2.802450e+20,0,63,N,N
8.468944e+09,7.198217e+18,9.845329e+20,1.138788e+20,3.245251e+09,6.476796e+18,1.055696e+22,1.671860e+21,5.924435e+09,2.768603e+19,1.639804e+20,3.198000e+20,3,101,N,N
9.674205e+09,1.216605e+19,6.755991e+21,2.790805e+20,3.576579e+09,6.894263e+18,1.594361e+22,2.319850e+21,7.049734e+09,3.769890e+19,7.993088e+20,1.193925e+21,2,91,N,N
9.841599e+09,9.043477e+18,1.686485e+22,6.649500e+20,3.918833e+09,8.735403e+18,1.885310e+22,3.272159e+21,6.886740e+09,3.509666e+19,5.389367e+21,3.340162e+21,3,49,N,N
5.676702e+09,1.602437e+18,3.993315e+20,4.649346e+19,2.520769e+09,3.590305e+18,7.267582e+21,1.173970e+21,3.783002e+09,9.961891e+18,8.627753e+19,2.339414e+20,0,102,N,N
6.899032e+09,1.128351e+18,2.265729e+21,2.778531e+19,3.322903e+09,6.480280e+18,1.450050e+22,2.376584e+21,4.373537e+09,1.279906e+19,8.472786e+19,4.189312e+20,1,0,N,N
8.819734e+09,8.687257e+18,1.314490e+21,1.095360e+20,3.648949e+09,5.369990e+18,2.190005e+22,4.734509e+21,6.586363e+09,2.697746e+19,1.591952e+20,9.688331e+20,0,36,N,N
5.686057e+09,3.007893e+18,1.249275e+21,4.511693e+19,2.214253e+09,3.030501e+18,4.314281e+21,6.635367e+20,3.947645e+09,1.207249e+19,3.383291e+20,1.646920e+20,0,18,N,N
9.818231e+09,1.063536e+19,1.144539e+22,3.628609e+20,4.123995e+09,6.029843e+18,3.053417e+22,5.231629e+21,7.366483e+09,3.585885e+19,5.497538e+21,2.503296e+21,2,97,N,N
1.123820e+10,9.063192e+18,2.516294e+21,2.057136e+20,4.972789e+09,1.064694e+19,3.833668e+22,5.563673e+21,7.975933e+09,4.214989e+19,5.738340e+21,5.322262e+20,2,79,N,N
1.196067e+10,1.568398e+19,6.933045e+21,6.536432e+20,4.766045e+09,1.155660e+19,2.781459e+22,6.074557e+21,8.637477e+09,5.263143e+19,4.539307e+21,5.696190e+21,3,79,N,N
6.925415e+09,1.552194e+18,4.608582e+20,2.072875e+19,3.185694e+09,6.476797e+18,1.144514e+22,1.738198e+21,4.386688e+09,1.413101e+19,5.200222e+20,2.610861e+20,3,86,N,N
9.294866e+09,7.919286e+18,8.221982e+21,6.222338e+20,3.943891e+09,6.630316e+18,2.276715e+22,4.445255e+21,6.720519e+09,2.970113e+19,1.286975e+21,2.999574e+21,1,94,N,N
4.711220e+09,1.633990e+18,2.443738e+21,1.238076e+20,2.023395e+09,2.048679e+18,4.676336e+21,8.654348e+20,3.284502e+09,7.304138e+18,4.625638e+20,4.609666e+20,1,48,N,N
1.104868e+10,9.493082e+18,1.505553e+21,1.786812e+19,4.709138e+09,1.086702e+19,3.491866e+22,6.041862e+21,7.752328e+09,4.128974e+19,2.498149e+20,3.875432e+20,0,98,N,N
1.023811e+10,6.136330e+18,1.462910e+22,5.489860e+20,4.680330e+09,9.626753e+18,3.204955e+22,6.722042e+21,7.135434e+09,3.314605e+19,2.102938e+21,2.990073e+21,1,61,N,N
7.578503e+09,4.566057e+18,3.478964e+19,9.942011e+18,3.177101e+09,5.134086e+18,1.295580e+22,2.012657e+21,5.312756e+09,2.035376e+19,6.601684e+19,8.789932e+19,0,96,N,N
7.223086e+09,2.726144e+18,7.527047e+21,1.841260e+20,3.233425e+09,5.654270e+18,1.543899e+22,2.563280e+21,4.847458e+09,1.592537e+19,1.170633e+21,1.169657e+21,2,37,N,N
8.218711e+09,3.603288e+18,2.393133e+21,8.905521e+19,3.593656e+09,7.437307e+18,1.715140e+22,2.821600e+21,5.491752e+09,2.139484e+19,3.675415e+20,5.063026e+20,0,84,N,N
8.708145e+09,8.387172e+18,4.432318e+21,2.247583e+20,3.491023e+09,5.434828e+18,1.765849e+22,2.936018e+21,6.379480e+09,2.738178e+19,1.891394e+21,1.279290e+21,0,97,N,N
6.010753e+09,1.512417e+18,4.257772e+20,3.189126e+18,2.705356e+09,4.338506e+18,7.942671e+21,1.251160e+21,3.934585e+09,1.117071e+19,2.827048e+20,5.291462e+19,0,74,N,N
1.063803e+10,1.132163e+19,3.544987e+20,2.393366e+19,4.084232e+09,1.018124e+19,1.893532e+22,2.896503e+21,7.448988e+09,4.334737e+19,2.045414e+20,1.830429e+20,1,104,N,N
5.008596e+09,1.062718e+18,7.734382e+20,2.952033e+19,2.209328e+09,3.147420e+18,4.206720e+21,6.508287e+20,3.239388e+09,7.998986e+18,2.916233e+20,1.295529e+20,1,88,N,N
6.393657e+09,2.778126e+18,1.357025e+21,4.909923e+19,2.824340e+09,3.811185e+18,1.132105e+22,2.322197e+21,4.491101e+09,1.276312e+19,1.241718e+21,2.923825e+20,0,80,N,N
1.174479e+10,1.271311e+19,6.789152e+21,5.929683e+20,4.829886e+09,1.125091e+19,3.747372e+22,7.587783e+21,8.393096e+09,4.806358e+19,2.645658e+20,2.475062e+21,0,34,N,N
6.045956e+09,1.103459e+18,1.194069e+21,2.605555e+19,2.890186e+09,4.433981e+18,1.169998e+22,1.731649e+21,3.940278e+09,1.030645e+19,4.045078e+19,2.005877e+20,1,92,N,N
7.847288e+09,6.844310e+18,3.698574e+21,2.152542e+19,3.211324e+09,4.228314e+18,1.270015e+22,2.180370e+21,5.801958e+09,2.539211e+19,8.320522e+20,4.196207e+20,0,25,N,N
8.110176e+09,1.957690e+18,6.709772e+20,2.496515e+19,3.875025e+09,8.090452e+18,2.299439e+22,3.730458e+21,5.265805e+09,1.810174e+19,3.136686e+20,8.395215e+19,0,70,N,N
1.200415e+10,1.357137e+19,4.401208e+21,2.276168e+20,4.800472e+09,1.255501e+19,3.115591e+22,5.295552e+21,8.460990e+09,5.191961e+19,1.949337e+21,1.791973e+21,0,3,N,N
7.076524e+09,2.143703e+18,4.012192e+20,4.925276e+19,3.246102e+09,5.719736e+18,1.335561e+22,2.102924e+21,4.684944e+09,1.501612e+19,1.022364e+20,2.445113e+20,0,59,N,N
9.425510e+09,2.087291e+18,2.842544e+20,3.894765e+19,4.760507e+09,1.052192e+19,4.281227e+22,7.252711e+21,6.182418e+09,2.190936e+19,1.175646e+21,9.307525e+20,2,81,N,N
9.212539e+09,3.861220e+18,7.418378e+21,1.933811e+20,4.297044e+09,8.831821e+18,2.786238e+22,5.750137e+21,6.249756e+09,2.521878e+19,1.062650e+21,1.183195e+21,2,61,N,N
9.169586e+09,9.885684e+18,1.679435e+21,1.262477e+20,3.761724e+09,5.153115e+18,2.318656e+22,4.434185e+21,6.903255e+09,3.011756e+19,2.812874e+21,8.033240e+20,2,64,N,N
5.068817e+09,7.184449e+17,1.589217e+21,3.307680e+19,2.409935e+09,3.317285e+18,6.655590e+21,1.136336e+21,3.251583e+09,7.165345e+18,1.209049e+20,2.700197e+20,0,95,N,N
8.246736e+09,2.768833e+18,4.733635e+20,8.553742e+18,3.756117e+09,8.028497e+18,1.861300e+22,2.864902e+21,5.418717e+09,2.072465e+19,1.327132e+20,2.209178e+20,0,0,N,N
8.477262e+09,6.984223e+18,1.822067e+22,7.107313e+20,3.349151e+09,6.572708e+18,1.169447e+22,2.088369e+21,5.918491e+09,2.657489e+19,5.942175e+21,3.412615e+21,1,49,N,N
6.172590e+09,2.612187e+18,7.036518e+21,2.411509e+20,2.604692e+09,3.827754e+18,7.258174e+21,1.279901e+21,4.220914e+09,1.291135e+19,1.255994e+21,1.054128e+21,3,62,N,N
4.443734e+09,6.597850e+17,2.396285e+20,2.063022e+19,2.151728e+09,2.290235e+18,5.963581e+21,1.022567e+21,2.930553e+09,5.284806e+18,1.463328e+19,1.583555e+20,0,53,N,N
1.387692e+10,2.200341e+19,6.670646e+21,3.111944e+20,5.423925e+09,1.488315e+19,4.558510e+22,6.857220e+21,1.002043e+10,7.329849e+19,3.162875e+21,2.182630e+21,1,33,N,N
8.517147e+09,3.543045e+18,4.546137e+20,2.157294e+18,3.753454e+09,8.531112e+18,1.726067e+22,2.595814e+21,5.618963e+09,2.340100e+19,1.170437e+20,1.468866e+20,0,79,N,N
7.033223e+09,2.010750e+18,6.285138e+21,2.098053e+20,3.281608e+09,5.541274e+18,1.415002e+22,2.500507e+21,4.682738e+09,1.456195e+19,5.253808e+20,1.183928e+21,0,92,N,N
6.417236e+09,5.287808e+18,4.336719e+20,4.251172e+19,2.462960e+09,2.779340e+18,7.390828e+21,1.545576e+21,4.750101e+09,1.589602e+19,1.132305e+19,2.643850e+20,1,82,N,N
5.951380e+09,3.105510e+18,1.774021e+21,1.849683e+20,2.571548e+09,2.690043e+18,6.713627e+21,1.497402e+21,4.313385e+09,1.271589e+19,2.926833e+20,5.829178e+20,1,90,N,N
3.705127e+09,8.458108e+17,1.211283e+21,8.310891e+19,1.673539e+09,1.238587e+18,2.905604e+21,5.592005e+20,2.593140e+09,4.270064e+18,9.691193e+19,3.503218e+20,2,58,N,N
7.406217e+09,2.589358e+18,2.792761e+21,1.495394e+20,3.343980e+09,6.151761e+18,1.371928e+22,2.076050e+21,4.926343e+09,1.737473e+19,4.447601e+20,4.093884e+20,0,39,N,N
8.364447e+09,6.291076e+18,1.363968e+21,8.431492e+19,3.299533e+09,6.588468e+18,1.121784e+22,1.668259e+21,5.798192e+09,2.593860e+19,9.250696e+20,5.473130e+20,2,68,N,N
7.377701e+09,4.113278e+18,1.290483e+21,1.005686e+20,3.134495e+09,4.923060e+18,1.336594e+22,2.554149e+21,5.159632e+09,1.806158e+19,1.384449e+20,5.034353e+20,2,71,N,N
1.461993e+10,3.998403e+19,5.947787e+22,5.916102e+21,5.034568e+09,1.109135e+19,3.512620e+22,6.916145e+21,1.129049e+10,9.439541e+19,2.223344e+22,1.880411e+22,0,17,N,N
8.694268e+09,7.544649e+18,3.998091e+20,1.469354e+19,3.551024e+09,5.818773e+18,1.750844e+22,2.972423e+21,6.288644e+09,2.819766e+19,4.355113e+20,3.208421e+20,1,96,N,N
8.114301e+09,4.624596e+18,5.670379e+20,3.950508e+19,3.475746e+09,6.564268e+18,1.495016e+22,2.094945e+21,5.554663e+09,2.239158e+19,9.684332e+20,7.611515e+18,3,77,N,N
1.078459e+10,8.851561e+18,4.243050e+21,3.888064e+20,4.758043e+09,9.473055e+18,3.803670e+22,8.003028e+21,7.717666e+09,3.723781e+19,1.718951e+20,1.924729e+21,2,75,N,N
4.936520e+09,2.025597e+18,1.765359e+21,1.083305e+20,2.029395e+09,2.211815e+18,4.039397e+21,7.592489e+20,3.451909e+09,8.628159e+18,2.442277e+20,4.023133e+20,3,63,N,N
1.122803e+10,9.380349e+18,9.458865e+20,5.644315e+19,5.012038e+09,1.101516e+19,4.423577e+22,8.550094e+21,7.919232e+09,4.064679e+19,1.959679e+20,3.264557e+20,2,67,N,N
9.293030e+09,1.161421e+19,9.785913e+21,4.509716e+20,3.591046e+09,5.402280e+18,1.962495e+22,3.106452e+21,6.972838e+09,3.390454e+19,3.548423e+21,2.441129e+21,3,97,N,N
8.367735e+09,4.624229e+18,3.050560e+21,2.854422e+19,3.813860e+09,5.864421e+18,2.428423e+22,4.228621e+21,5.960396e+09,2.370766e+19,2.888692e+21,5.727907e+20,0,73,N,N
9.382003e+09,9.683980e+18,9.696747e+21,1.003387e+21,3.821015e+09,6.053287e+18,2.023248e+22,4.095708e+21,6.923528e+09,3.209090e+19,2.907924e+21,4.413187e+21,2,94,N,N
1.215277e+10,1.786270e+19,8.222059e+21,1.661917e+20,4.862688e+09,9.402487e+18,3.910231e+22,6.909576e+21,9.087730e+09,5.711171e+19,2.013609e+20,1.578154e+21,1,87,N,N
6.556786e+09,4.672084e+18,1.813896e+21,1.511007e+20,2.584836e+09,3.611460e+18,6.039721e+21,1.047269e+21,4.689397e+09,1.670530e+19,6.376747e+20,5.316339e+20,0,15,N,N
8.815789e+09,1.286487e+19,6.386784e+21,5.569491e+20,3.202037e+09,4.174439e+18,1.554619e+22,2.671622e+21,6.775915e+09,3.170723e+19,2.452321e+21,2.314962e+21,0,38,N,N
3.237451e+10,1.390342e+20,2.509943e+22,3.283999e+21,1.230424e+10,7.131619e+19,3.067372e+23,5.798668e+22,2.397508e+10,4.039464e+20,1.197777e+23,4.188298e+22,2,72,N,N
4.526938e+09,1.583822e+18,1.812333e+21,1.192631e+20,1.924220e+09,1.833284e+18,4.000553e+21,7.342113e+20,3.177193e+09,6.907761e+18,2.491163e+20,4.299825e+20,0,48,N,N
1.110264e+10,2.524711e+18,2.102540e+21,5.746947e+19,5.515127e+09,1.629355e+19,5.321033e+22,8.705902e+21,7.068709e+09,3.226932e+19,1.806746e+21,3.308226e+20,0,99,N,N
7.882315e+09,6.617120e+18,9.250771e+20,4.008391e+19,2.960030e+09,5.740614e+18,8.275106e+21,1.255842e+21,5.493733e+09,2.422890e+19,5.858436e+20,2.536608e+20,0,100,N,N
7.656001e+09,5.635902e+18,5.489800e+20,6.552811e+19,2.980757e+09,5.360419e+18,9.451361e+21,1.576543e+21,5.343028e+09,2.194693e+19,4.801367e+19,2.867895e+20,2,60,N,N
1.085530e+10,7.040967e+18,2.331118e+20,5.789678e+19,4.796025e+09,1.184718e+19,3.697686e+22,6.777580e+21,7.423710e+09,3.674269e+19,7.923140e+20,7.430414e+20,0,23,N,N
7.347845e+09,3.556799e+18,9.741324e+21,3.133455e+20,3.098932e+09,5.740289e+18,1.040839e+22,1.734041e+21,4.952003e+09,1.822414e+19,2.003449e+21,1.655890e+21,0,49,N,N
8.958675e+09,7.478996e+18,1.212696e+22,9.944137e+20,3.799771e+09,5.892306e+18,1.870585e+22,3.652336e+21,6.531284e+09,2.892621e+19,2.273228e+21,4.041584e+21,0,94,N,N
8.074154e+09,1.081818e+19,5.776692e+21,3.984184e+20,2.896557e+09,3.831559e+18,1.118790e+22,1.802673e+21,6.122609e+09,2.680787e+19,1.562784e+21,1.780961e+21,1,38,N,N
6.182637e+09,4.399674e+17,2.201542e+21,2.689097e+19,3.252248e+09,5.294640e+18,1.738797e+22,3.096786e+21,3.887943e+09,8.591844e+18,1.739563e+20,3.850759e+20,3,92,N,N
9.420442e+09,1.136575e+18,2.112286e+21,3.973409e+19,5.010387e+09,1.134804e+19,5.342305e+22,9.956455e+21,6.059850e+09,1.947460e+19,6.791702e+19,9.561196e+20,3,81,N,N
6.612959e+09,2.768927e+18,5.806152e+20,2.523966e+19,2.767556e+09,4.775337e+18,8.056989e+21,1.278255e+21,4.427848e+09,1.485123e+19,2.427875e+20,1.307923e+20,0,88,N,N
9.552519e+09,1.010800e+18,3.030140e+20,3.070795e+19,5.155277e+09,1.163587e+19,5.769462e+22,1.065275e+22,6.147237e+09,1.946960e+19,1.507614e+20,7.941075e+20,1,81,N,N
8.420256e+09,1.042496e+19,2.513093e+21,4.747708e+20,3.003323e+09,4.862114e+18,9.760157e+21,1.716062e+21,6.217132e+09,2.957124e+19,1.550696e+21,1.663395e+21,1,69,N,N
1.044799e+10,1.522281e+19,3.084186e+21,6.805737e+19,3.758875e+09,7.842900e+18,1.645034e+22,2.162912e+21,7.650076e+09,4.564509e+19,3.278856e+21,8.391307e+20,0,54,N,N
7.180781e+09,2.595902e+18,3.965112e+19,1.167449e+19,3.339745e+09,5.153341e+18,1.689717e+22,2.948934e+21,4.932285e+09,1.490501e+19,2.854833e+20,2.713894e+20,1,56,N,N
8.336726e+09,1.906838e+18,1.919744e+21,4.180657e+19,4.053478e+09,8.485678e+18,2.663753e+22,4.299778e+21,5.434335e+09,1.860172e+19,1.075269e+21,3.044490e+20,0,85,N,N
1.302278e+10,1.509553e+19,3.217569e+21,2.859782e+19,5.465137e+09,1.362650e+19,5.158293e+22,8.276116e+21,9.334596e+09,6.245438e+19,2.423438e+21,6.495938e+20,3,47,N,N
3.132610e+09,5.406954e+17,8.344594e+20,3.967114e+19,1.408524e+09,1.004690e+18,1.829852e+21,2.998666e+20,2.143314e+09,3.081733e+18,6.028651e+19,1.477222e+20,0,58,N,N
1.055614e+10,1.573619e+19,5.867806e+21,1.158278e+20,3.784950e+09,7.973305e+18,1.753598e+22,2.397618e+21,7.736130e+09,4.639665e+19,3.962402e+21,1.250550e+21,2,54,N,N
6.801795e+09,3.018213e+18,6.812613e+21,2.017110e+20,3.013720e+09,4.306978e+18,1.240675e+22,2.245255e+21,4.730998e+09,1.451268e+19,2.083198e+21,7.832271e+20,3,55,N,N
3.305406e+09,5.479479e+17,5.716633e+20,2.546731e+19,1.517580e+09,1.106432e+18,2.428254e+21,4.359428e+20,2.256263e+09,3.253667e+18,3.525501e+19,1.390474e+20,1,58,N,N
1.383379e+10,3.048432e+19,7.562211e+20,1.000537e+21,5.396891e+09,8.746633e+18,3.708676e+22,7.243762e+21,1.087637e+10,9.012924e+19,1.927525e+22,5.546848e+21,0,2,N,N
6.218239e+09,8.841453e+17,4.411005e+20,2.728537e+18,3.036448e+09,5.028594e+18,1.195744e+22,1.962239e+21,3.976056e+09,1.074832e+19,8.097871e+19,6.385421e+19,1,46,N,N
9.152917e+09,9.449405e+18,8.961083e+20,1.391358e+20,3.418378e+09,7.127912e+18,1.096140e+22,1.705837e+21,6.488545e+09,3.400828e+19,2.081816e+20,2.725033e+20,0,101,N,N
7.746166e+09,8.793412e+18,5.242217e+21,2.198322e+20,2.681329e+09,4.445696e+18,7.060234e+21,1.110724e+21,5.638225e+09,2.567173e+19,1.455881e+21,9.401304e+20,0,43,N,N
9.631844e+09,6.101305e+18,5.210925e+21,1.588262e+20,4.099305e+09,9.403686e+18,2.368179e+22,3.579652e+21,6.568543e+09,3.061457e+19,5.622472e+20,9.417906e+20,0,42,N,N
1.018516e+10,1.045554e+19,1.306703e+22,7.682365e+20,4.104944e+09,8.105099e+18,2.789527e+22,5.072162e+21,7.338412e+09,3.697874e+19,2.075612e+21,2.873243e+21,2,93,N,N
7.340744e+09,5.491361e+18,5.037005e+18,3.476605e+19,2.841686e+09,4.658535e+18,8.556173e+21,1.462428e+21,5.182526e+09,2.054665e+19,1.970247e+20,7.364700e+19,0,103,N,N
8.534427e+09,1.707048e+18,3.892643e+21,4.766860e+19,4.256126e+09,9.266860e+18,3.147659e+22,5.127232e+21,5.492805e+09,1.838217e+19,1.248279e+21,5.150966e+20,2,85,N,N
8.525581e+09,5.803606e+18,2.458242e+20,1.199110e+19,3.575002e+09,6.802850e+18,1.557820e+22,2.139703e+21,5.918798e+09,2.580139e+19,9.636575e+20,4.470198e+18,1,77,N,N
9.815888e+09,1.041574e+19,5.563595e+21,1.640586e+20,3.909650e+09,7.541928e+18,2.127770e+22,3.497136e+21,7.080291e+09,3.600000e+19,8.375891e+20,7.994735e+20,1,91,N,N
1.129214e+10,1.656358e+19,4.534631e+19,1.267893e+20,4.663232e+09,6.604966e+18,3.070535e+22,4.706691e+21,8.722924e+09,5.432894e+19,1.464432e+21,3.395619e+20,2,87,N,N
7.808280e+09,8.464404e+18,2.944283e+21,8.089260e+19,2.784000e+09,4.514333e+18,8.222989e+21,1.374701e+21,5.684012e+09,2.557167e+19,6.685925e+20,4.937658e+20,1,43,N,N
7.211517e+09,4.403443e+18,2.865161e+20,2.834310e+19,2.863427e+09,5.102232e+18,8.395572e+21,1.278166e+21,4.952768e+09,1.902564e+19,1.953311e+20,7.980554e+19,3,88,N,N
8.408650e+09,4.597741e+18,1.414734e+22,5.508359e+20,3.708831e+09,6.637578e+18,1.760455e+22,3.517774e+21,5.841803e+09,2.312646e+19,1.934268e+21,2.688203e+21,1,45,N,N
5.776452e+09,1.786355e+18,5.893968e+20,3.652202e+19,2.550341e+09,3.653878e+18,7.732291e+21,1.228606e+21,3.865338e+09,1.043550e+19,2.011174e+19,1.863737e+20,3,102,N,N
7.091089e+09,6.246449e+18,4.396146e+21,3.815729e+20,2.698619e+09,3.606786e+18,7.645860e+21,1.513088e+21,5.193236e+09,1.989895e+19,9.802402e+20,1.043170e+21,0,52,N,N
4.300333e+09,5.166071e+17,9.670187e+20,2.756645e+19,2.132550e+09,2.198972e+18,5.947392e+21,1.010448e+21,2.817631e+09,4.730818e+18,4.034172e+19,2.479361e+20,1,53,N,N
1.157729e+10,1.286282e+19,8.077581e+21,4.588334e+20,4.658709e+09,1.113954e+19,3.458497e+22,6.180265e+21,8.242774e+09,4.800904e+19,8.899623e+20,1.776333e+21,1,34,N,N
7.645220e+09,6.382507e+18,6.769666e+20,2.255110e+19,2.849223e+09,5.350560e+18,7.562675e+21,1.123056e+21,5.339977e+09,2.302275e+19,3.345528e+20,1.678946e+20,1,100,N,N
1.018053e+10,1.206658e+19,3.050986e+21,7.257491e+19,4.063883e+09,7.152784e+18,2.587973e+22,4.272632e+21,7.506451e+09,3.986330e+19,4.392303e+20,8.018366e+20,1,93,N,N
1.179733e+10,2.015618e+19,1.110541e+22,2.385769e+20,4.683896e+09,7.102890e+18,3.513833e+22,6.075289e+21,9.163753e+09,6.161673e+19,2.000362e+21,1.930111e+21,2,73,N,N
8.840116e+09,4.960750e+18,8.496993e+20,1.473998e+20,3.997965e+09,6.909044e+18,2.484418e+22,4.840187e+21,6.219957e+09,2.463533e+19,3.708042e+20,5.399264e+20,0,75,N,N
6.840514e+09,3.727343e+18,4.095681e+21,4.392157e+19,2.877049e+09,4.183752e+18,1.119757e+22,1.974043e+21,4.798568e+09,1.634623e+19,8.741618e+20,5.389747e+20,2,83,N,N
6.567392e+09,3.830089e+18,2.039606e+21,6.192806e+19,2.642488e+09,3.881188e+18,8.277602e+21,1.384566e+21,4.597322e+09,1.558105e+19,4.618458e+20,3.987369e+20,1,83,N,N
1.222670e+10,1.513377e+19,3.660414e+21,1.064428e+20,4.816724e+09,1.244037e+19,3.636710e+22,5.832511e+21,8.702232e+09,5.611050e+19,2.780144e+21,8.240178e+20,0,47,N,N
1.099293e+10,2.046925e+19,7.329920e+20,2.300104e+20,4.137515e+09,5.521277e+18,2.475193e+22,4.273586e+21,8.661566e+09,5.152730e+19,7.049655e+21,1.648809e+21,1,36,N,N
6.543028e+09,3.152256e+18,1.522003e+20,2.478653e+19,2.708951e+09,4.251681e+18,7.566376e+21,1.364848e+21,4.481586e+09,1.471212e+19,1.755046e+20,2.440096e+20,0,1,N,N
7.486755e+09,4.087948e+18,7.258192e+21,2.081378e+20,3.277719e+09,4.897456e+18,1.516063e+22,2.815248e+21,5.284762e+09,1.801201e+19,2.219491e+21,8.962738e+20,2,55,N,N
9.714453e+09,3.174649e+18,7.415465e+21,1.944731e+20,4.535343e+09,1.156095e+19,2.831613e+22,5.110935e+21,6.316742e+09,2.749035e+19,3.971393e+20,1.330098e+21,3,76,N,N
7.116989e+09,3.286728e+18,3.713891e+21,1.125512e+20,3.157925e+09,4.607253e+18,1.473918e+22,2.740322e+21,4.970715e+09,1.594394e+19,3.359252e+21,3.955038e+20,0,65,N,N
1.223050e+10,1.625191e+19,6.754391e+21,9.123802e+20,4.673967e+09,1.252246e+19,2.192660e+22,3.724786e+21,8.692351e+09,5.980084e+19,9.873490e+20,2.302760e+21,0,104,N,N
1.303375e+10,2.086082e+19,5.172344e+21,9.582190e+19,4.913380e+09,1.311143e+19,3.181643e+22,5.194022e+21,9.419946e+09,6.784448e+19,6.017809e+20,9.215670e+20,0,6,N,N
1.024133e+10,1.145143e+19,3.404357e+21,1.790092e+20,3.987445e+09,8.435877e+18,2.198147e+22,3.907823e+21,7.351625e+09,3.912966e+19,3.313233e+20,8.243355e+20,0,51,N,N
9.684017e+09,5.396853e+18,8.429698e+20,1.075313e+19,4.382140e+09,8.960510e+18,3.048796e+22,5.100046e+21,6.691809e+09,3.012113e+19,1.138359e+21,6.534637e+19,1,98,N,N
5.791786e+09,2.283554e+18,1.272996e+21,2.691909e+19,2.491420e+09,3.238408e+18,7.500282e+21,1.284303e+21,3.995132e+09,1.089860e+19,7.841790e+20,2.134333e+20,1,80,N,N
6.833436e+09,3.689449e+18,2.762667e+20,5.317552e+19,2.814773e+09,4.411225e+18,8.883044e+21,1.499305e+21,4.734727e+09,1.635751e+19,1.702318e+20,2.768405e+20,0,71,N,N
8.257547e+09,8.785604e+18,9.925427e+20,8.641977e+19,3.413130e+09,3.636175e+18,1.656989e+22,2.531232e+21,6.351792e+09,2.695140e+19,2.340350e+21,4.028317e+20,1,78,N,N
5.640500e+09,2.261282e+18,1.208367e+21,1.026463e+20,2.524317e+09,2.683708e+18,7.033123e+21,1.523460e+21,4.004743e+09,1.072845e+19,3.026385e+20,3.477457e+20,0,90,N,N
1.114414e+10,1.318029e+19,1.576818e+22,1.116244e+21,4.382987e+09,9.809641e+18,2.626445e+22,4.846670e+21,8.013124e+09,4.652186e+19,2.693698e+21,3.453256e+21,3,57,N,N
8.750110e+09,1.186620e+19,3.271811e+20,1.474049e+20,3.007184e+09,5.611068e+18,6.921812e+21,1.069011e+21,6.383672e+09,3.398570e+19,3.815309e+20,4.255064e+20,0,20,N,N
1.158002e+10,1.472444e+19,9.652465e+21,1.154717e+21,4.574630e+09,1.024676e+19,2.758212e+22,5.423095e+21,8.379125e+09,5.081232e+19,1.595206e+21,3.666083e+21,2,57,N,N
8.400914e+09,7.750554e+18,4.839399e+20,9.753575e+19,3.226886e+09,5.752043e+18,1.168983e+22,2.117043e+21,6.002821e+09,2.712260e+19,1.115731e+20,2.884894e+20,2,103,N,N
5.096210e+09,5.984336e+17,8.371603e+20,1.334006e+19,2.405734e+09,3.681397e+18,5.923890e+21,9.235188e+20,3.177528e+09,7.241084e+18,3.365265e+20,9.942973e+19,2,88,N,N
6.281067e+09,5.703880e+18,7.919153e+20,1.824881e+19,2.357023e+09,2.374690e+18,6.289636e+21,1.107817e+21,4.742616e+09,1.689745e+19,5.045899e+19,1.658696e+20,0,82,N,N
7.659980e+09,7.396121e+18,6.222452e+21,4.433687e+20,3.013003e+09,4.205548e+18,1.192024e+22,2.226112e+21,5.629705e+09,2.210693e+19,1.227802e+21,1.393428e+21,3,50,N,N
8.457518e+09,5.025888e+18,6.285174e+21,1.219313e+20,3.679570e+09,6.521101e+18,2.311956e+22,4.035188e+21,5.913983e+09,2.329933e+19,1.173829e+21,8.647023e+20,0,35,N,N
9.140929e+09,2.367905e+18,4.757398e+21,8.688748e+19,4.500307e+09,1.012085e+19,3.663018e+22,5.915052e+21,5.960058e+09,2.155315e+19,1.702480e+21,7.220028e+20,1,85,N,N
7.934785e+09,5.320723e+18,6.597105e+21,2.830967e+20,3.224518e+09,5.912556e+18,1.020445e+22,1.703580e+21,5.506294e+09,2.321557e+19,1.537296e+21,1.361810e+21,0,89,N,N
6.656006e+09,1.915493e+18,4.954592e+19,3.024680e+19,3.154031e+09,4.760791e+18,1.508630e+22,2.694344e+21,4.474092e+09,1.228734e+19,3.247641e+20,1.413254e+20,2,56,N,N
1.038762e+10,6.682959e+18,1.071864e+20,9.162413e+19,4.606570e+09,1.094030e+19,3.000038e+22,6.625891e+21,7.119545e+09,3.388892e+19,2.216317e+21,1.299785e+21,1,79,N,N
7.638035e+09,6.892949e+18,4.022617e+20,3.327903e+19,2.974756e+09,4.208802e+18,1.109818e+22,1.725270e+21,5.586524e+09,2.309696e+19,2.758842e+20,2.522680e+20,0,69,N,N
8.699285e+09,7.285228e+18,1.638459e+21,1.092618e+19,3.591916e+09,5.828086e+18,1.783744e+22,3.035444e+21,6.285507e+09,2.850184e+19,4.959903e+20,3.213704e+20,2,96,N,N
1.204078e+10,1.651760e+19,4.379934e+21,5.369714e+19,4.958158e+09,9.160409e+18,4.079447e+22,7.091295e+21,9.014632e+09,5.589713e+19,3.096210e+19,8.977642e+20,0,87,N,N
1.039175e+10,2.019871e+19,5.613545e+21,7.432493e+20,3.612815e+09,6.712418e+18,1.550178e+22,3.076011e+21,7.828371e+09,4.703884e+19,2.665294e+21,2.188611e+21,0,21,N,N
7.094193e+09,2.780346e+18,2.181001e+21,8.463963e+19,3.126923e+09,5.310971e+18,1.219763e+22,2.001932e+21,4.791680e+09,1.587199e+19,9.959795e+20,7.023242e+20,0,46,N,N
7.891326e+09,5.948489e+18,1.961686e+21,1.355146e+20,3.102101e+09,5.668337e+18,9.862280e+21,1.668378e+21,5.518871e+09,2.336424e+19,5.683152e+20,6.610902e+20,1,89,N,N
7.702362e+09,4.652687e+18,1.086883e+21,1.212626e+20,3.138341e+09,5.807440e+18,1.054784e+22,1.771247e+21,5.292743e+09,2.125739e+19,1.049548e+20,4.240360e+20,1,60,N,N
6.874846e+09,2.135462e+18,3.729475e+21,1.093658e+20,3.098826e+09,5.396106e+18,1.261831e+22,1.940044e+21,4.552150e+09,1.434681e+19,5.235058e+20,7.140622e+20,1,37,N,N
1.046887e+10,4.763032e+18,6.927548e+21,3.757545e+20,4.878960e+09,1.181059e+19,3.325666e+22,6.997031e+21,7.052428e+09,3.312870e+19,5.088246e+20,2.951168e+21,1,76,N,N
1.084595e+10,9.507865e+18,5.055426e+21,3.295647e+20,4.712617e+09,9.302375e+18,3.607687e+22,6.814661e+21,7.796019e+09,4.113189e+19,7.564382e+19,2.877164e+20,3,67,N,N
1.243767e+10,2.509816e+19,4.003568e+21,2.550617e+20,4.335246e+09,9.609462e+18,2.543174e+22,4.027118e+21,9.339330e+09,6.614354e+19,4.880036e+21,1.350555e+21,0,44,N,N
8.246656e+09,6.039403e+18,1.733976e+21,1.601333e+20,3.266327e+09,6.377838e+18,1.011467e+22,1.567425e+21,5.723811e+09,2.588644e+19,4.567795e+20,3.484824e+20,1,101,N,N
7.169796e+09,3.098872e+18,3.384566e+19,2.080907e+18,3.095638e+09,5.505473e+18,1.126602e+22,1.867984e+21,4.823454e+09,1.691887e+19,8.926813e+19,1.175630e+20,1,74,N,N
7.194512e+09,2.866771e+18,3.593888e+19,1.371403e+18,3.158285e+09,5.560156e+18,1.256333e+22,2.184457e+21,4.839555e+09,1.643080e+19,1.534471e+20,1.947302e+20,2,74,N,N
9.005325e+09,1.011597e+19,3.484334e+21,6.615427e+19,3.409395e+09,5.913479e+18,1.351420e+22,2.170649e+21,6.577305e+09,3.344592e+19,7.379955e+20,5.537987e+20,1,25,N,N
9.286510e+09,7.814781e+18,9.342749e+21,9.885659e+20,4.044159e+09,6.026905e+18,2.170791e+22,4.938477e+21,6.833902e+09,3.051459e+19,1.941175e+21,4.570778e+21,3,94,N,N
8.623059e+09,5.115608e+18,2.551349e+20,1.740573e+18,3.685615e+09,7.300676e+18,1.615714e+22,2.480106e+21,5.921712e+09,2.620661e+19,3.519496e+20,1.956211e+20,1,68,N,N
3.322008e+09,4.521953e+17,4.207167e+20,2.398150e+19,1.577822e+09,1.152617e+18,2.862705e+21,5.215268e+20,2.249935e+09,3.061301e+18,3.639123e+19,1.160333e+20,3,58,N,N
5.974382e+09,6.445725e+18,1.047703e+21,1.833760e+20,1.912751e+09,2.334943e+18,2.569563e+21,3.768206e+20,4.450385e+09,1.672294e+19,4.971516e+20,4.372755e+20,0,31,N,N
7.670695e+09,7.077694e+18,5.402351e+21,4.070744e+20,2.926415e+09,4.362784e+18,1.025930e+22,2.024129e+21,5.582970e+09,2.261490e+19,1.564964e+21,1.071142e+21,3,52,N,N
1.277375e+10,2.252086e+19,1.092661e+22,5.611644e+20,4.685579e+09,1.135930e+19,3.408809e+22,5.236293e+21,9.404357e+09,6.638242e+19,2.270909e+21,2.755575e+21,0,33,N,N
5.608192e+09,2.380495e+18,1.156795e+21,1.258279e+20,2.471435e+09,2.577472e+18,6.171530e+21,1.284897e+21,4.002743e+09,1.107055e+19,1.026926e+20,4.368477e+20,2,90,N,N
9.206938e+09,5.788519e+18,3.266091e+21,9.503828e+19,3.869605e+09,8.688648e+18,1.964997e+22,2.798774e+21,6.268131e+09,2.853181e+19,2.908812e+20,5.396765e+20,1,42,N,N
8.693435e+09,9.613335e+18,7.594469e+21,1.162405e+21,3.613570e+09,4.309931e+18,1.576258e+22,4.624343e+21,6.674302e+09,2.949120e+19,1.046838e+21,4.433643e+21,1,50,N,N
6.306386e+09,2.999281e+18,2.597590e+20,2.038588e+19,2.632283e+09,3.775382e+18,8.169034e+21,1.274597e+21,4.364126e+09,1.356443e+19,3.245311e+20,2.052472e+20,1,102,N,N
1.046117e+10,1.561484e+19,8.655366e+20,1.132154e+20,4.144417e+09,5.806961e+18,2.338194e+22,3.477442e+21,8.052493e+09,4.810546e+19,1.305068e+21,8.495023e+19,3,73,N,N
8.353666e+09,5.474898e+18,3.195082e+20,2.269676e+19,3.536184e+09,6.467242e+18,1.570784e+22,2.183832e+21,5.811069e+09,2.446099e+19,8.328038e+20,3.025287e+18,2,77,N,N
7.322600e+09,3.185466e+18,6.243334e+21,1.493197e+20,3.311438e+09,4.959142e+18,1.676737e+22,3.263011e+21,5.095938e+09,1.624857e+19,4.701937e+21,5.824785e+20,3,65,N,N
9.637495e+09,7.986961e+18,5.500871e+21,3.747093e+20,3.940763e+09,8.400341e+18,1.958267e+22,3.475397e+21,6.744102e+09,3.321380e+19,7.964893e+20,1.286983e+21,0,57,N,N
1.113891e+10,1.493418e+19,1.369453e+22,6.829912e+20,4.257773e+09,9.270374e+18,2.495475e+22,4.427419e+21,8.105759e+09,4.777306e+19,2.251144e+21,2.784231e+21,1,51,N,N
1.036987e+10,1.109416e+19,9.898895e+21,3.954895e+20,4.070286e+09,8.837813e+18,2.267580e+22,3.863171e+21,7.401003e+09,3.980472e+19,1.403770e+21,1.372766e+21,3,51,N,N
8.547664e+09,4.608759e+18,5.924288e+21,3.315402e+20,3.837530e+09,6.681931e+18,1.839049e+22,3.255457e+21,5.963495e+09,2.480658e+19,6.350595e+20,1.525012e+21,0,66,N,N
7.040066e+09,3.969946e+18,4.784633e+20,4.249113e+19,2.834679e+09,5.032019e+18,7.866015e+21,1.238363e+21,4.797706e+09,1.791469e+19,2.421918e+19,1.678596e+20,0,60,N,N
7.094853e+09,6.971903e+18,1.204534e+21,2.582699e+20,2.580801e+09,3.637712e+18,6.770139e+21,1.230412e+21,5.197201e+09,2.056416e+19,3.684207e+20,8.502753e+20,2,12,N,N
9.071116e+09,4.860332e+18,1.506265e+22,5.451986e+20,4.165922e+09,7.521347e+18,2.227797e+22,4.002620e+21,6.331416e+09,2.720316e+19,2.458842e+21,2.986322e+21,1,66,N,N
5.417692e+09,9.752281e+17,1.997508e+21,4.887439e+19,2.544845e+09,3.560745e+18,8.282728e+21,1.418436e+21,3.530780e+09,8.253335e+18,1.810627e+20,3.891375e+20,2,95,N,N
1.252093e+10,2.252844e+19,3.693611e+20,2.118168e+19,4.501416e+09,1.083947e+19,2.713213e+22,4.193057e+21,9.247258e+09,6.487619e+19,2.288507e+21,7.946272e+20,1,44,N,N
1.265946e+10,2.108244e+19,2.476721e+21,4.038863e+19,5.029390e+09,9.245475e+18,3.965706e+22,6.548454e+21,9.620699e+09,6.431687e+19,7.126307e+20,1.032247e+21,3,87,N,N
7.545194e+09,5.567690e+18,1.641452e+21,2.940815e+20,3.045369e+09,4.607421e+18,9.931223e+21,1.934357e+21,5.404951e+09,2.108638e+19,9.417681e+20,1.266110e+21,1,71,N,N
7.058244e+09,1.244899e+18,4.131215e+20,4.195450e+18,3.326980e+09,7.128312e+18,1.223436e+22,1.882009e+21,4.388354e+09,1.411035e+19,3.587828e+20,1.806402e+20,2,86,N,N
7.271843e+09,2.023754e+18,7.780873e+21,1.630895e+20,3.403697e+09,6.015910e+18,1.676281e+22,2.808243e+21,4.819409e+09,1.529072e+19,1.043838e+21,1.231447e+21,0,37,N,N
1.177867e+10,1.012013e+19,3.219407e+21,3.672658e+20,4.980422e+09,1.314574e+19,3.489841e+22,6.331321e+21,8.160985e+09,4.816087e+19,1.983793e+20,1.258533e+21,1,41,N,N
6.591859e+09,7.517121e+18,1.546924e+21,1.293626e+20,2.241869e+09,2.693285e+18,5.151964e+21,8.833929e+20,4.951173e+09,1.903793e+19,2.975795e+20,4.012326e+20,3,82,N,N
8.096237e+09,5.737929e+18,4.045818e+21,2.653105e+20,3.295482e+09,5.881465e+18,1.061655e+22,1.971045e+21,5.672887e+09,2.452051e+19,1.364745e+21,1.428414e+21,2,89,N,N
7.418499e+09,6.059292e+18,3.931705e+21,3.358980e+20,2.994346e+09,3.917053e+18,1.092078e+22,2.073293e+21,5.443795e+09,2.078046e+19,7.481346e+20,9.983586e+20,0,50,N,N
8.021290e+09,7.051488e+18,1.968039e+21,2.207437e+20,3.013065e+09,5.549440e+18,7.273628e+21,1.077940e+21,5.665668e+09,2.637448e+19,2.900263e+20,4.313551e+20,2,101,N,N
7.141843e+09,5.852680e+18,3.277737e+21,2.942268e+20,2.683742e+09,4.217495e+18,7.229404e+21,1.199508e+21,5.093523e+09,2.029229e+19,5.853870e+20,8.290848e+20,0,29,N,N
8.665044e+09,1.449877e+18,1.324080e+20,4.292310e+19,4.382066e+09,9.483940e+18,3.486540e+22,5.829047e+21,5.585892e+09,1.834894e+19,2.525497e+20,4.536412e+20,0,81,N,N
1.034977e+10,1.130704e+19,3.160112e+22,1.506644e+21,4.338780e+09,7.194879e+18,3.694361e+22,7.664289e+21,7.668784e+09,3.663440e+19,1.253935e+22,5.250374e+21,1,97,N,N
1.166243e+10,1.211718e+19,1.588763e+21,7.656454e+19,5.074942e+09,1.090529e+19,4.388819e+22,8.739690e+21,8.365065e+09,4.662554e+19,6.133886e+19,5.255891e+20,1,67,N,N
8.656130e+09,8.721273e+18,8.295316e+20,1.805785e+20,3.478182e+09,5.159500e+18,1.809733e+22,3.584396e+21,6.396151e+09,2.689028e+19,2.880883e+20,5.034191e+20,0,78,N,N
8.842319e+09,9.447909e+18,1.692363e+21,1.635658e+20,3.510990e+09,5.220286e+18,1.912656e+22,3.810666e+21,6.565864e+09,2.843001e+19,9.710591e+19,8.396855e+20,2,78,N,N
1.383692e+10,1.551508e+19,1.006590e+22,2.762467e+20,5.823915e+09,1.669775e+19,6.439254e+22,1.164353e+22,9.755191e+09,6.552717e+19,5.173965e+21,1.664605e+21,2,47,N,N
5.208383e+09,2.595835e+18,1.041746e+21,6.378211e+19,2.071371e+09,2.341479e+18,4.531693e+21,8.409879e+20,3.680068e+09,9.857593e+18,1.112845e+20,2.948307e+20,2,63,N,N
2.530246e+10,5.430653e+19,6.611019e+20,4.234604e+20,1.043175e+10,5.755695e+19,2.288204e+23,3.794422e+22,1.776725e+10,2.288877e+20,7.347648e+21,4.214948e+21,0,72,N,N
1.172651e+10,1.653735e+19,7.838217e+21,8.098092e+20,4.554364e+09,9.925292e+18,3.479235e+22,6.137614e+21,8.576093e+09,5.191541e+19,1.512249e+21,2.340475e+21,0,9,N,N
9.838405e+09,5.218670e+18,2.845391e+21,8.930793e+19,4.413871e+09,1.000381e+19,3.222733e+22,5.154559e+21,6.679419e+09,2.967270e+19,1.535569e+21,6.013274e+20,3,85,N,N
8.602404e+09,1.796476e+18,6.246218e+18,1.537426e+19,4.210631e+09,9.460357e+18,2.827067e+22,4.881128e+21,5.537359e+09,1.928806e+19,5.948044e+20,1.273663e+20,2,70,N,N
7.781532e+09,2.369311e+18,5.557497e+20,7.495173e+19,3.655570e+09,6.927968e+18,1.928979e+22,3.224656e+21,5.152549e+09,1.719014e+19,3.108764e+19,3.774774e+20,2,59,N,N
7.533024e+09,6.977056e+18,1.536852e+21,2.202352e+20,2.858777e+09,4.261638e+18,9.167064e+21,1.782688e+21,5.477034e+09,2.189824e+19,3.012557e+20,9.189211e+20,1,12,N,N
6.225635e+09,4.351152e+18,1.149727e+21,4.147954e+19,2.347086e+09,3.218607e+18,5.644038e+21,8.429517e+20,4.433022e+09,1.530663e+19,3.806600e+20,2.541703e+20,3,83,N,N
5.951535e+09,3.016758e+18,3.384446e+21,1.255877e+20,2.356593e+09,3.466900e+18,5.109565e+21,7.871377e+20,4.091350e+09,1.293910e+19,4.109760e+20,5.821187e+20,0,62,N,N
8.341090e+09,8.037482e+18,2.348965e+21,2.113885e+20,3.347605e+09,4.697865e+18,1.632257e+22,3.113873e+21,6.182633e+09,2.493854e+19,2.229901e+21,8.935410e+20,3,64,N,N
7.880604e+09,8.862037e+18,3.198316e+21,3.202444e+20,2.774493e+09,4.544293e+18,8.227078e+21,1.274740e+21,5.750194e+09,2.610401e+19,6.215614e+20,9.873298e+20,2,69,N,N
1.465006e+10,2.362811e+19,1.624658e+22,8.200877e+20,5.721724e+09,1.655079e+19,5.725454e+22,1.015590e+22,1.058244e+10,8.022523e+19,1.752321e+21,3.589238e+21,1,47,N,N
9.597557e+09,6.815088e+18,3.319964e+21,3.147887e+20,4.217623e+09,7.715120e+18,2.748508e+22,5.125674e+21,6.828182e+09,3.052260e+19,1.790532e+20,1.250796e+21,1,75,N,N
7.566350e+09,2.639988e+18,1.454815e+21,1.232809e+20,3.491741e+09,6.255191e+18,1.556876e+22,2.601991e+21,5.067038e+09,1.734158e+19,2.396590e+20,6.409794e+20,1,59,N,N
6.707253e+09,5.824534e+18,1.796618e+21,2.507632e+20,2.502297e+09,3.404671e+18,6.317186e+21,1.216900e+21,4.913805e+09,1.789049e+19,4.247062e+20,9.229274e+20,0,12,N,N
8.064434e+09,3.002942e+18,2.429907e+21,1.125732e+20,3.601838e+09,7.620629e+18,1.783954e+22,2.819435e+21,5.307419e+09,2.007397e+19,1.681864e+20,6.041601e+20,0,40,N,N
8.578164e+09,1.055450e+19,5.188144e+20,5.431010e+19,3.338128e+09,4.042017e+18,1.626971e+22,2.583507e+21,6.570771e+09,2.893303e+19,1.390448e+21,5.362858e+20,0,64,N,N
9.643062e+09,4.542793e+18,1.385564e+22,3.292899e+20,4.483914e+09,9.305687e+18,3.158026e+22,5.833561e+21,6.597713e+09,2.787418e+19,2.037246e+21,1.968661e+21,3,66,N,N
2.801085e+10,9.799205e+19,8.266449e+20,1.422793e+20,1.058937e+10,5.985405e+19,2.145896e+23,3.707322e+22,2.037649e+10,3.096214e+20,3.968644e+22,1.087323e+22,1,72,N,N
1.113267e+10,1.264079e+19,2.370210e+21,1.571462e+20,4.878023e+09,7.330942e+18,4.085997e+22,7.251733e+21,8.433258e+09,4.604662e+19,3.636751e+21,1.308705e+21,0,4,N,N
8.208696e+09,9.472681e+18,7.272539e+21,6.137542e+20,3.063374e+09,4.335894e+18,1.173230e+22,2.166088e+21,6.127563e+09,2.700466e+19,1.728428e+21,1.817868e+21,2,50,N,N
8.876667e+09,3.568310e+18,3.134533e+21,1.392660e+20,4.112301e+09,8.516741e+18,2.304652e+22,4.368898e+21,5.958449e+09,2.384489e+19,2.653596e+20,7.582137e+20,0,61,N,N
7.742174e+09,5.508985e+18,1.425665e+21,1.751956e+20,3.078960e+09,5.503304e+18,9.391679e+21,1.642918e+21,5.401821e+09,2.249004e+19,1.871303e+20,5.986050e+20,3,60,N,N
9.663841e+09,8.030768e+18,2.295658e+21,2.674641e+20,4.114402e+09,7.527524e+18,2.606000e+22,4.644650e+21,6.922462e+09,3.191475e+19,8.075466e+19,9.175697e+20,3,75,N,N
6.179854e+09,2.442015e+18,3.119903e+21,7.845357e+19,2.659911e+09,3.905350e+18,8.301314e+21,1.652221e+21,4.221578e+09,1.243910e+19,4.926053e+20,5.064072e+20,1,62,N,N
6.043776e+09,2.310050e+18,7.692238e+20,2.135399e+19,2.692176e+09,3.577388e+18,9.646600e+21,1.789292e+21,4.172542e+09,1.123330e+19,9.182058e+20,1.489277e+20,2,80,N,N
1.026498e+10,1.338273e+19,1.530322e+22,9.739255e+20,3.853843e+09,7.731169e+18,1.874874e+22,3.162876e+21,7.493207e+09,4.126450e+19,3.086442e+21,2.817343e+21,0,91,N,N
5.325003e+09,8.707564e+17,2.729512e+21,6.190146e+19,2.542929e+09,3.455481e+18,8.152106e+21,1.424843e+21,3.467099e+09,7.773458e+18,2.167625e+20,5.358521e+20,1,95,N,N
7.618334e+09,6.098299e+18,2.068470e+20,4.765539e+19,2.990481e+09,4.782698e+18,9.656925e+21,2.001008e+21,5.459530e+09,2.203728e+19,2.874145e+20,2.188342e+20,1,103,N,N
8.167740e+09,4.755264e+18,1.948703e+21,5.392281e+19,3.386934e+09,6.921559e+18,1.335869e+22,2.175935e+21,5.542472e+09,2.321461e+19,2.618599e+20,3.302470e+20,0,68,N,N
1.105743e+10,1.260236e+19,6.196756e+21,4.528443e+20,4.243207e+09,1.089816e+19,2.089292e+22,3.488307e+21,7.757324e+09,4.665726e+19,9.510731e+20,1.463999e+21,2,104,N,N
7.691811e+09,8.222579e+18,5.428963e+21,5.063366e+20,2.811512e+09,4.099572e+18,8.438262e+21,1.615102e+21,5.670715e+09,2.423579e+19,1.196353e+21,1.245538e+21,2,52,N,N
8.083537e+09,5.692184e+18,7.671646e+21,3.637550e+20,3.353499e+09,5.921531e+18,1.166352e+22,2.090877e+21,5.662291e+09,2.374461e+19,2.289736e+21,1.766981e+21,3,89,N,N
7.937675e+09,5.825912e+18,1.000837e+21,2.118288e+20,3.427844e+09,4.421905e+18,1.812999e+22,4.276139e+21,5.837319e+09,2.036988e+19,7.224916e+20,1.143275e+21,0,30,N,N
1.179807e+10,1.603162e+19,4.371975e+21,4.647705e+20,4.414041e+09,1.156839e+19,2.266900e+22,3.973809e+21,8.409351e+09,5.482115e+19,3.726763e+20,1.494274e+21,3,104,N,N
7.863066e+09,4.135798e+18,4.432397e+21,1.529953e+20,3.357644e+09,6.127391e+18,1.468743e+22,2.631307e+21,5.389071e+09,2.031339e+19,2.943662e+20,7.942688e+20,0,45,N,N
8.268680e+09,1.400785e+18,2.196500e+20,1.854820e+19,4.123484e+09,8.891170e+18,2.772828e+22,4.849264e+21,5.289308e+09,1.720311e+19,6.300058e+20,9.625154e+19,1,70,N,N
1.136896e+10,2.705776e+18,2.168873e+21,1.746329e+19,5.663138e+09,1.738574e+19,5.413685e+22,8.510739e+21,7.205144e+09,3.378999e+19,1.309199e+21,3.510164e+20,1,99,N,N
1.003847e+10,8.273831e+18,2.101591e+21,4.071628e+19,4.195840e+09,8.986855e+18,2.543671e+22,4.117824e+21,7.043505e+09,3.510522e+19,6.255634e+19,4.360912e+20,2,98,N,N
7.988238e+09,6.857804e+18,5.120884e+21,2.455431e+20,3.190397e+09,4.888627e+18,1.473848e+22,2.574616e+21,5.780278e+09,2.302354e+19,8.901225e+20,9.358622e+20,0,19,N,N
8.411222e+09,9.747943e+18,2.757562e+20,6.419307e+18,3.214188e+09,4.455230e+18,1.209718e+22,1.827661e+21,6.300503e+09,3.004895e+19,8.398878e+20,2.771495e+20,3,69,N,N
1.240062e+10,1.480964e+19,1.047531e+22,3.942722e+20,4.989689e+09,1.276823e+19,3.368123e+22,5.600585e+21,8.828878e+09,5.610057e+19,8.014095e+20,2.392422e+21,0,24,N,N
8.096338e+09,1.048228e+18,4.079091e+20,6.905303e+18,4.118164e+09,8.764655e+18,2.745776e+22,4.569785e+21,5.141929e+09,1.614348e+19,9.536823e+20,3.912829e+19,3,70,N,N
7.025668e+09,5.268564e+18,5.070222e+20,7.202747e+18,2.632526e+09,4.665235e+18,6.126072e+21,8.913921e+20,4.875920e+09,1.930127e+19,1.792584e+20,9.539918e+19,2,100,N,N
7.865994e+09,5.936631e+18,1.543947e+19,6.120957e+19,3.178326e+09,5.092161e+18,1.194866e+22,2.421856e+21,5.612342e+09,2.286884e+19,5.638459e+20,1.351082e+20,3,103,N,N
1.020379e+10,1.308637e+19,4.994475e+21,1.460997e+20,3.962359e+09,6.994987e+18,2.389876e+22,3.952452e+21,7.562252e+09,4.115446e+19,7.728071e+20,1.087208e+21,0,93,N,N
7.144811e+09,4.553624e+18,1.961438e+21,1.693062e+20,2.905117e+09,4.436685e+18,9.864781e+21,1.702225e+21,5.039013e+09,1.833813e+19,3.538863e+20,6.872098e+20,3,71,N,N
6.387963e+09,2.982796e+18,1.788990e+21,2.092854e+20,2.762408e+09,3.673153e+18,9.949540e+21,1.883392e+21,4.476415e+09,1.334393e+19,2.262084e+20,7.711768e+20,3,53,N,N
1.049532e+10,1.570353e+19,6.355958e+21,7.402864e+19,3.819053e+09,7.455548e+18,1.799543e+22,2.513152e+21,7.765105e+09,4.681405e+19,4.435675e+21,1.034966e+21,3,54,N,N
8.183272e+09,6.895506e+18,7.375404e+20,1.824303e+19,3.143647e+09,6.182254e+18,1.046539e+22,1.715600e+21,5.718428e+09,2.549914e+19,3.214550e+20,2.085427e+20,3,100,N,N
7.693135e+09,4.515434e+18,7.625660e+20,4.135194e+19,3.225843e+09,5.666771e+18,1.180500e+22,1.532720e+21,5.316961e+09,2.107553e+19,9.925928e+20,1.337933e+19,0,77,N,N
5.283618e+09,2.280019e+18,3.480096e+21,2.036750e+20,2.282000e+09,2.351638e+18,6.258411e+21,1.296633e+21,3.760482e+09,9.181281e+18,5.204069e+20,8.490730e+20,2,48,N,N
7.119301e+09,3.391314e+18,5.877037e+20,1.874215e+19,2.982094e+09,5.415626e+18,9.541733e+21,1.661805e+21,4.808721e+09,1.717823e+19,7.814935e+19,2.125159e+20,3,74,N,N
1.059301e+10,5.257163e+18,2.754557e+21,3.507081e+19,4.863962e+09,1.226953e+19,4.115370e+22,7.356281e+21,7.092974e+09,3.327168e+19,7.726453e+19,5.689316e+20,0,41,N,N
7.948611e+09,3.507477e+18,3.295111e+20,1.607942e+19,3.502210e+09,6.637930e+18,1.599959e+22,2.334352e+21,5.374383e+09,2.059398e+19,3.232587e+20,1.569784e+20,3,84,N,N
1.251987e+10,6.348416e+18,2.310773e+21,1.684900e+19,5.738277e+09,1.816997e+19,5.546350e+22,9.392164e+21,8.257802e+09,4.629585e+19,1.493975e+20,3.928017e+20,0,7,N,N
8.388390e+09,5.183593e+18,3.097180e+21,6.934742e+19,3.646479e+09,6.133321e+18,2.071265e+22,4.035531e+21,5.911838e+09,2.257931e+19,4.590903e+21,3.864688e+20,2,65,N,N
1.810333e+10,4.945050e+19,3.141157e+21,3.376346e+21,7.227543e+09,1.522254e+19,6.822843e+22,1.967546e+22,1.422804e+10,1.502302e+20,4.310710e+22,1.861753e+22,0,5,N,N
1.148501e+10,1.771814e+19,1.203450e+22,1.185822e+21,4.195450e+09,9.719711e+18,2.043777e+22,3.661052e+21,8.373612e+09,5.345448e+19,8.236340e+21,4.883474e+21,2,49,N,N
