1.271313e+02,1.588473e+04,8.927478e-03,2.628090e-03,1.024077e-05,1.263480e-01,1.651346e-05,1.516968e+02,2.071652e+04,6.228979e-01,1.803736e-01,4.481454e-02,8.837245e+00,7.833009e-04,2.566418e+01,6.051470e+02,1.439798e-02,1.449271e-02,2.093507e-04,3.555598e-01,1.628468e-04,3,72,N,N
1.204696e+02,1.448176e+04,1.495771e+00,1.433241e+00,2.098500e+00,1.703546e+02,-3.859895e-01,1.525755e+02,2.214632e+04,4.386377e+00,8.979693e-01,7.464577e-01,-5.147242e+00,-1.690396e+00,3.225348e+01,1.030922e+03,9.660535e-02,9.103706e-02,8.537311e-03,2.892953e+00,6.612738e-03,3,93,N,N
5.530749e+02,2.974415e+05,9.713402e-02,8.003160e-02,7.052944e-03,4.183305e+01,-1.532552e-03,5.853034e+02,2.708870e+05,6.431362e-01,1.361843e-01,1.446190e-02,-1.143272e+01,1.418551e-02,4.008841e+01,1.061411e+03,2.008251e-04,1.966513e-04,3.898267e-08,6.056207e-03,-1.675927e-10,0,26,N,N
2.333445e+02,5.344553e+04,1.959273e-02,6.019502e-03,5.388504e-05,6.005008e-01,8.727665e-05,2.442917e+02,4.963999e+04,5.895080e-01,8.740145e-02,-8.667862e-03,-1.273842e+01,-9.122939e-03,1.311610e+01,1.293916e+02,2.863192e-04,2.984328e-04,8.723049e-08,3.389058e-03,2.943455e-08,3,96,N,N
1.360938e+02,1.846925e+04,1.763861e+00,1.730476e+00,3.023295e+00,2.343858e+02,6.159084e-01,1.442543e+02,1.878661e+04,3.513340e+00,1.509461e+00,3.211805e+00,1.247115e+02,3.395733e+00,8.439925e+00,6.664072e+01,2.939876e-03,2.870073e-03,8.336881e-06,2.327786e-02,7.121599e-06,1,55,N,N
4.075105e+02,1.646723e+05,1.629543e-02,1.622974e-02,2.639366e-04,6.563712e+00,3.849971e-05,4.294104e+02,1.473749e+05,1.138148e+00,1.559241e-01,-4.316058e-02,-4.759987e+01,-4.102132e-02,2.361621e+01,4.796689e+02,2.338922e-04,2.646780e-04,6.582445e-08,5.753512e-03,4.803066e-08,3,90,N,N
3.901155e+02,1.431365e+05,1.405394e-02,2.412097e-03,2.637963e-06,-1.894762e-01,7.292662e-06,4.227106e+02,1.273771e+05,2.702017e-01,3.885283e-02,-3.898688e-03,-1.348047e+01,-4.771152e-03,4.445785e+01,1.219091e+03,4.731441e-04,5.135605e-04,2.530672e-07,1.792952e-02,5.653141e-08,1,5,N,N
5.105925e+02,2.437187e+05,1.711914e-02,4.197763e-03,2.359709e-05,4.986953e-01,4.237552e-05,5.410880e+02,2.159791e+05,2.756273e-01,4.063315e-02,-2.919191e-03,-1.653123e+01,-2.886853e-03,4.744025e+01,1.116340e+03,2.685904e-04,2.271005e-04,5.607440e-08,7.515798e-03,-1.618098e-09,0,27,N,N
1.462614e+02,2.123700e+04,5.909643e+00,5.855207e+00,3.444245e+01,8.524609e+02,3.341034e+00,1.646989e+02,2.481446e+04,6.490759e+00,6.125690e+00,3.862275e+01,9.044296e+02,-7.715180e+00,1.898840e+01,3.399729e+02,5.733258e-04,1.420736e-04,2.697094e-08,3.912125e-04,1.398016e-08,0,28,N,N
4.894402e+02,2.142543e+05,1.551398e-02,1.751961e-03,-8.786206e-06,-7.963130e-01,-8.318837e-06,5.156704e+02,2.046695e+05,1.473223e-01,2.076591e-02,-8.644895e-04,-7.550410e+00,-1.118359e-03,5.289941e+01,1.025415e+03,2.250279e-04,1.629473e-04,3.111381e-08,5.216607e-03,-2.284765e-09,0,67,N,N
3.761580e+02,1.307929e+05,1.472805e-02,1.967132e-03,-4.338212e-06,-4.551642e-01,-3.042904e-06,4.027722e+02,1.162413e+05,2.117197e-01,2.977622e-02,-2.347921e-03,-1.001970e+01,-2.698223e-03,4.112089e+01,9.369087e+02,2.923032e-04,3.054836e-04,9.121614e-08,9.348202e-03,4.928226e-10,3,91,N,N
1.012110e+03,5.917154e+05,5.195992e-03,5.875617e-04,-1.004461e-06,-4.468757e-01,-1.020345e-06,1.021498e+03,5.780903e+05,4.175954e-02,7.372160e-03,-1.281578e-04,-5.567812e+00,-1.263551e-04,2.522699e+02,5.159741e+03,4.933918e-04,2.789926e-04,1.030106e-07,1.695233e-02,-1.546249e-08,0,16,N,N
9.985756e+02,4.522291e+05,4.759607e-03,4.818743e-04,-7.140295e-07,-3.167931e-01,-7.323392e-07,9.345910e+02,5.903536e+05,1.773727e-02,2.837780e-03,-1.492914e-05,-1.781112e+00,-2.172336e-05,2.629661e+02,1.222679e+04,2.137427e-04,7.502478e-05,9.499250e-09,1.721752e-03,-1.850073e-09,3,99,N,N
6.963151e+02,4.653934e+05,2.827971e-01,2.581897e-01,6.976494e-02,1.752640e+02,-1.385650e-02,9.351750e+02,5.983386e+05,1.109099e+00,1.963358e-01,-4.835438e-02,-1.174805e+02,-6.412245e-02,2.566449e+02,5.727594e+04,3.744914e-02,3.968159e-02,1.529554e-03,9.391255e+00,1.283560e-03,3,78,N,N
6.052578e+02,3.262454e+05,1.307312e-02,1.546326e-03,-5.660945e-06,-7.929298e-01,-5.727443e-06,6.355322e+02,2.972811e+05,1.521011e-01,2.098955e-02,-1.020353e-03,-1.040046e+01,-9.778175e-04,6.436072e+01,1.311790e+03,1.672089e-04,1.510933e-04,2.395734e-08,5.447214e-03,-5.290162e-09,2,102,N,N
2.515497e+02,6.249148e+04,3.577743e-01,3.324376e-01,1.146458e-01,8.183222e+01,4.149974e-02,2.803789e+02,6.244057e+04,1.701547e+00,3.549551e-01,7.884826e-02,-2.581211e+01,3.421271e-01,3.045563e+01,8.319808e+02,3.053424e-03,2.850111e-03,8.407605e-06,8.050229e-02,4.741731e-06,0,22,N,N
5.158340e+02,2.374302e+05,1.360354e-02,1.571236e-03,-6.544742e-06,-7.201741e-01,-6.720377e-06,5.412409e+02,2.212324e+05,1.367274e-01,1.830306e-02,-8.628198e-04,-8.171136e+00,-1.019719e-03,5.397832e+01,8.004504e+02,1.496009e-04,1.358335e-04,1.933718e-08,3.761160e-03,-3.841520e-09,1,84,N,N
3.597309e+02,1.186111e+05,2.052037e-02,2.354311e-03,-1.504380e-05,-7.733993e-01,-1.536796e-05,3.825533e+02,1.034581e+05,2.962025e-01,4.065893e-02,-4.352955e-03,-1.292131e+01,-4.273282e-03,3.816282e+01,6.042078e+02,3.313337e-04,2.837341e-04,8.699270e-08,6.794977e-03,-8.827077e-09,2,82,N,N
2.676870e+02,7.053544e+04,2.839076e-02,1.086917e-02,1.747102e-04,1.748493e+00,2.608639e-04,2.814404e+02,6.471830e+04,8.561959e-01,1.108970e-01,-3.277320e-02,-2.765315e+01,-3.568401e-02,1.585540e+01,2.049336e+02,4.403535e-04,4.645226e-04,2.100803e-07,6.647372e-03,8.152184e-08,3,68,N,N
9.027508e+02,3.588338e+05,4.231287e-03,4.348877e-04,-5.889449e-07,-2.604373e-01,-5.835727e-07,8.457423e+02,4.302216e+05,2.135252e-02,3.699643e-03,-3.285070e-05,-2.425477e+00,-3.297160e-05,2.468434e+02,8.670755e+03,3.056884e-04,1.175324e-04,2.210796e-08,2.224222e-03,-3.228860e-09,3,80,N,N
1.003966e+02,1.002251e+04,1.672107e-01,1.568964e-01,2.541225e-02,1.547252e+01,7.338306e-03,1.053903e+02,1.008287e+04,1.150038e+00,4.291522e-01,2.646554e-01,2.240758e+01,2.826921e-01,5.284857e+00,2.506607e+01,1.569520e-03,1.545940e-03,2.408053e-06,7.737737e-03,2.033281e-06,1,10,N,N
2.225934e+02,4.941896e+04,5.473175e+00,5.429675e+00,2.959923e+01,1.206128e+03,3.376561e+00,2.506355e+02,5.553307e+04,7.803290e+00,4.742398e+00,2.839649e+01,8.805480e+02,2.393956e+00,2.843560e+01,7.877098e+02,1.232158e-02,1.212107e-02,1.481305e-04,3.359990e-01,1.184690e-04,0,56,N,N
4.458921e+02,1.830699e+05,1.254222e-02,1.417702e-03,-5.881951e-06,-6.008870e-01,-5.960482e-06,4.604638e+02,1.725999e+05,1.246860e-01,1.588492e-02,-6.703779e-04,-6.397658e+00,-7.582665e-04,3.260565e+01,2.736529e+02,6.328127e-05,6.153731e-05,3.829104e-09,1.001414e-03,-8.554844e-10,1,86,N,N
9.019220e+02,4.712708e+05,6.388300e-03,7.037074e-04,-1.271034e-06,-4.414473e-01,-1.130292e-06,9.042559e+02,4.686118e+05,4.303387e-02,7.071775e-03,-1.232962e-04,-4.838630e+00,-1.145675e-04,2.177751e+02,2.798085e+03,2.965532e-04,1.766888e-04,4.035080e-08,6.297330e-03,-9.219189e-09,1,73,N,N
3.170755e+02,9.550838e+04,3.522931e-02,8.500529e-03,9.513592e-05,5.799516e-01,6.992844e-05,3.401337e+02,1.002773e+05,2.202984e-01,2.738718e-02,-2.121757e-03,-8.551338e+00,-8.095104e-04,3.110888e+01,5.736588e+02,4.083580e-04,4.298398e-04,1.800768e-07,1.017922e-02,2.837240e-08,1,40,N,N
6.215272e+01,3.804686e+03,5.083858e-01,4.776750e-01,2.353902e-01,2.900871e+01,-4.371873e-02,8.858760e+01,7.700910e+03,1.146617e+00,1.224204e+00,1.450406e+00,1.072295e+02,1.336951e+00,2.690546e+01,6.989038e+02,3.192382e-02,2.776943e-02,8.266548e-04,7.066038e-01,9.897805e-04,2,76,N,N
2.144701e+01,4.599012e+02,3.594169e-03,2.769619e-03,8.727631e-06,5.494640e-02,6.512705e-06,2.284183e+01,5.072137e+02,1.998193e-01,4.653426e-02,2.704588e-03,1.335353e-01,6.634760e-04,1.396809e+00,1.945532e+00,8.177658e-04,8.140515e-04,6.641899e-07,1.134321e-03,6.192652e-07,0,76,N,N
4.580633e+02,2.004301e+05,5.136244e-02,3.456648e-02,1.449661e-03,1.388240e+01,-1.856933e-04,5.006916e+02,1.955647e+05,3.370814e-01,5.384162e-02,-3.367384e-03,-1.771916e+01,2.330073e-04,5.339176e+01,1.868174e+03,8.666528e-04,9.254142e-04,8.285458e-07,3.961524e-02,3.168955e-07,2,53,N,N
1.152539e+02,1.319124e+04,1.454978e-01,1.080825e-01,1.352796e-02,1.138662e+01,1.154116e-02,1.289420e+02,1.475205e+04,1.634036e+00,2.022178e-01,-1.160813e-01,-2.449266e+01,-1.180652e-01,1.414104e+01,1.874201e+02,1.200420e-02,1.185606e-02,1.414404e-04,1.615574e-01,1.144004e-04,1,65,N,N
7.083124e+02,4.657400e+05,1.171565e-02,1.312025e-03,-5.141178e-06,-8.951440e-01,-5.130206e-06,7.643429e+02,3.973480e+05,3.611324e-01,5.122031e-02,-6.450943e-03,-3.086400e+01,-5.937504e-03,8.189149e+01,3.737330e+03,5.063653e-04,4.639573e-04,2.248449e-07,2.823185e-02,1.423757e-09,0,32,N,N
8.799133e+02,4.972212e+05,5.372107e-03,7.808657e-04,-1.220800e-07,-1.462175e-01,2.999295e-07,9.667557e+02,6.043430e+05,5.293539e-02,1.077501e-02,-3.434262e-05,-3.167643e+00,-2.587177e-04,2.695913e+02,7.705907e+03,1.251628e-03,9.987145e-04,1.116604e-06,8.366536e-02,1.339369e-07,3,98,N,N
2.748597e+02,7.264758e+04,2.556108e-02,8.058330e-03,9.683989e-05,1.024206e+00,4.527577e-05,2.989223e+02,7.073544e+04,4.530162e-01,6.361300e-02,-9.948611e-03,-1.583044e+01,-4.993894e-03,2.942901e+01,6.028625e+02,1.436508e-03,1.520637e-03,2.247355e-06,3.727656e-02,1.120147e-06,0,10,N,N
1.053100e+03,7.883755e+05,6.278703e-03,7.482151e-04,-1.214857e-06,-5.535065e-01,-1.203098e-06,1.096171e+03,7.465858e+05,5.767456e-02,9.585632e-03,-2.125070e-04,-7.880933e+00,-2.611828e-04,2.086881e+02,6.234322e+03,4.364567e-04,2.975979e-04,1.072482e-07,2.277099e-02,-2.095944e-08,2,99,N,N
3.558521e+02,1.236321e+05,1.996232e-01,1.767862e-01,3.320664e-02,6.068600e+01,-7.134051e-03,3.804128e+02,1.202834e+05,5.056175e-01,1.779899e-01,4.434776e-02,2.060312e+01,-3.160031e-03,2.909860e+01,6.111240e+02,2.518343e-04,2.844391e-04,7.603862e-08,6.857433e-03,2.162907e-08,3,61,N,N
4.752498e+02,2.142777e+05,1.747349e-02,3.105124e-03,5.721837e-06,-2.453770e-01,1.423632e-05,4.943453e+02,1.971987e+05,2.707974e-01,3.577886e-02,-3.208354e-03,-1.513690e+01,-3.327785e-03,3.144398e+01,4.706839e+02,1.316388e-04,1.349671e-04,1.796856e-08,2.923008e-03,-1.615200e-09,3,95,N,N
2.802850e+02,7.589147e+04,2.289499e-02,2.618482e-03,-1.876219e-05,-6.896551e-01,-1.929177e-05,2.949076e+02,6.807287e+04,4.624764e-01,6.208609e-02,-1.033962e-02,-1.612734e+01,-1.019827e-02,1.942389e+01,2.524559e+02,3.364562e-04,3.255276e-04,1.077323e-07,5.156602e-03,7.406139e-09,0,55,N,N
8.519678e+01,6.398992e+03,6.389240e-02,2.349984e-02,8.332493e-04,1.044090e+00,3.142060e-04,1.210962e+02,1.343507e+04,2.393096e-01,1.796215e-01,3.719130e-02,1.896356e+01,-5.258073e-05,4.111279e+01,1.302688e+03,2.934941e-02,2.104583e-02,5.224844e-04,7.228293e-01,5.873610e-04,2,66,N,N
1.016928e+03,9.463660e+05,1.277707e-02,5.724019e-03,4.687586e-05,4.258149e+00,6.276719e-05,1.192238e+03,7.983906e+05,3.442583e-01,6.299920e-02,-8.414342e-03,-5.095139e+01,-1.251538e-02,2.211417e+02,3.138873e+04,3.427060e-03,3.692708e-03,1.312714e-05,6.492851e-01,5.793608e-06,3,56,N,N
1.002681e+02,9.845528e+03,7.031037e-02,4.746398e-02,2.729667e-03,4.148418e+00,2.617670e-03,1.287351e+02,1.641765e+04,6.658257e-02,5.594998e-02,3.413481e-03,6.564602e+00,3.719417e-04,2.951238e+01,8.103929e+02,1.874762e-03,2.091776e-04,-1.309914e-07,-5.954737e-03,-8.093105e-10,2,84,N,N
3.972782e+02,1.475206e+05,1.499584e-02,1.688468e-03,-8.361581e-06,-6.423322e-01,-8.132080e-06,4.213370e+02,1.325833e+05,2.823592e-01,3.887626e-02,-3.602574e-03,-1.316696e+01,-3.238700e-03,3.725612e+01,6.887944e+02,2.626887e-04,2.868659e-04,7.867488e-08,7.526825e-03,8.116094e-09,2,92,N,N
7.586245e+02,8.572290e+04,3.899155e-04,2.091772e-05,-1.886731e-09,-6.123370e-03,-1.683767e-09,6.137276e+02,1.913169e+05,6.792125e-03,1.244885e-03,-3.616591e-06,-5.435711e-01,-3.493320e-06,3.218438e+02,3.447645e+04,1.780927e-04,1.753992e-05,9.562722e-10,-1.954104e-03,2.381598e-10,2,62,N,N
7.922813e+01,6.240308e+03,5.469837e+01,5.472378e+01,2.993997e+03,4.322348e+03,-1.805949e+02,9.845493e+01,5.932945e+03,3.522917e+01,6.508586e+01,3.006895e+03,4.738700e+03,1.914127e+03,1.948721e+01,3.715198e+02,4.697997e-01,4.621924e-01,2.153725e-01,8.866960e+00,2.537300e-01,0,83,N,N
4.534491e+02,1.992371e+05,1.214420e-02,2.166721e-03,2.953792e-06,-1.467228e-01,7.084101e-06,4.695976e+02,1.867778e+05,2.592626e-01,3.193314e-02,-2.840980e-03,-1.369280e+01,-3.057278e-03,2.325685e+01,3.034771e+02,6.583156e-05,5.741159e-05,3.529304e-09,9.847902e-04,-1.442996e-10,1,57,N,N
2.303547e+02,5.248107e+04,5.761442e+00,5.687216e+00,3.255481e+01,1.301755e+03,-3.567134e+00,2.597953e+02,5.074197e+04,5.406691e+00,5.768179e+00,3.220329e+01,1.167911e+03,1.474409e+00,3.092199e+01,8.703637e+02,7.521049e-04,2.313019e-04,8.441829e-08,4.532113e-03,2.802417e-08,3,59,N,N
4.404245e+02,1.819151e+05,2.417131e-02,6.988348e-03,7.129897e-05,1.178969e+00,3.962194e-05,4.723253e+02,1.716623e+05,2.925907e-01,3.883597e-02,-4.124323e-03,-1.608926e+01,-2.181683e-03,4.588287e+01,1.132353e+03,3.989510e-04,4.558420e-04,1.941975e-07,1.527516e-02,2.616586e-08,0,11,N,N
4.740062e+02,2.070076e+05,1.257110e-02,1.971836e-03,4.927601e-08,-3.182122e-01,1.701392e-06,4.905231e+02,1.952983e+05,1.282890e-01,1.616208e-02,-7.258508e-04,-7.110043e+00,-5.720817e-04,3.554758e+01,3.495899e+02,6.210474e-05,6.132681e-05,3.763969e-09,1.128805e-03,-9.036455e-10,0,13,N,N
8.891568e+02,5.953061e+05,4.356004e-03,8.082335e-04,6.304793e-07,8.862292e-02,1.442572e-06,1.006411e+03,5.094953e+05,1.051753e-01,2.204999e-02,-7.509009e-04,-1.241100e+01,-1.327377e-03,2.405220e+02,1.448433e+04,1.427036e-03,1.552597e-03,2.302766e-06,1.861150e-01,6.517864e-07,1,64,N,N
5.021240e+02,2.212795e+05,1.281774e-02,1.449179e-03,-6.181278e-06,-6.785668e-01,-6.169461e-06,5.400945e+02,1.983626e+05,1.398469e-01,2.045240e-02,-8.945757e-04,-7.790517e+00,-1.125542e-03,6.969122e+01,1.847850e+03,3.332821e-04,2.467746e-04,7.061706e-08,1.040334e-02,-9.046315e-09,1,35,N,N
4.954666e+02,2.368463e+05,9.990558e-03,1.767338e-03,1.887355e-06,-1.620784e-01,2.600820e-06,5.270410e+02,2.188615e+05,3.771530e-01,5.308299e-02,-4.969404e-03,-1.852167e+01,-6.082325e-03,4.037394e+01,1.041241e+03,2.430291e-04,2.515488e-04,6.216626e-08,7.980262e-03,1.217636e-08,0,8,N,N
3.163140e+02,9.506039e+04,1.989082e-02,5.191577e-03,3.767115e-05,4.724498e-01,6.519861e-05,3.314868e+02,9.158721e+04,2.156317e-01,2.734371e-02,-2.065005e-03,-8.245452e+00,-2.326028e-03,2.320168e+01,2.521962e+02,1.570361e-04,1.766405e-04,2.940460e-08,2.779956e-03,3.394957e-09,0,86,N,N
1.387578e+02,1.819774e+04,3.449115e-02,7.040115e-03,5.053460e-05,1.198838e-02,1.045231e-04,1.859351e+02,3.432295e+04,3.051490e-02,2.354512e-02,6.303103e-04,4.032417e+00,7.049750e-04,5.106354e+01,2.226772e+03,5.449333e-03,2.019326e-03,6.004031e-06,5.418050e-02,1.439299e-06,1,63,N,N
1.173909e+02,1.330557e+04,4.699942e-02,2.507940e-02,8.433983e-04,2.282570e+00,1.032165e-03,1.653779e+02,2.687987e+04,7.158061e-02,7.596985e-02,5.602101e-03,1.240717e+01,6.689408e-03,5.003794e+01,2.302773e+03,6.328158e-03,3.441583e-03,1.575152e-05,1.302533e-01,1.249341e-05,2,51,N,N
5.330344e+02,2.608562e+05,1.573089e-02,3.818922e-03,1.926269e-05,4.545216e-01,1.416453e-05,5.722367e+02,2.414472e+05,2.006823e-01,2.804264e-02,-2.103681e-03,-1.374310e+01,-1.276741e-03,6.161540e+01,1.798119e+03,4.001665e-04,4.097288e-04,1.658191e-07,1.731528e-02,7.571152e-09,3,48,N,N
4.641851e+02,1.960024e+05,1.158280e-02,1.401273e-03,-4.105532e-06,-5.184130e-01,-4.031144e-06,4.840867e+02,1.892435e+05,9.588607e-02,1.247872e-02,-4.045610e-04,-5.115092e+00,-5.026458e-04,4.136629e+01,6.127413e+02,8.742723e-05,8.464189e-05,7.268048e-09,2.095182e-03,-1.336737e-09,0,14,N,N
1.957281e+02,3.819144e+04,1.920426e-01,1.921985e-01,3.692529e-02,3.751702e+01,-1.760259e-03,2.043509e+02,3.597067e+04,2.670369e+00,5.955056e-01,3.056642e-01,3.199388e+00,3.394958e-01,8.945628e+00,7.435579e+01,1.141069e-03,1.153162e-03,1.322792e-06,9.936813e-03,1.259132e-06,1,54,N,N
3.429916e+02,1.137711e+05,1.443230e-02,5.449731e-03,4.403910e-05,1.092315e+00,1.381988e-05,3.643269e+02,1.004322e+05,3.921113e-01,5.351010e-02,-6.290539e-03,-1.539977e+01,-4.750708e-03,2.704274e+01,4.976885e+02,1.854006e-04,1.927012e-04,3.639227e-08,4.271188e-03,5.393750e-09,1,52,N,N
3.935262e+02,1.509593e+05,2.115916e-02,1.255012e-02,2.022351e-04,4.102193e+00,-1.231685e-05,4.275373e+02,1.297177e+05,7.160812e-01,1.010196e-01,-2.399882e-02,-3.467870e+01,-1.488475e-02,3.904718e+01,1.187188e+03,6.629521e-04,7.277163e-04,5.052727e-07,2.492726e-02,2.284329e-07,0,63,N,N
2.023993e+02,4.075896e+04,6.641760e+00,6.600884e+00,4.370637e+01,1.331971e+03,3.495712e+00,2.211730e+02,4.059563e+04,8.259616e+00,6.191844e+00,4.407756e+01,1.028889e+03,1.283222e+01,1.931739e+01,3.525237e+02,2.272174e-03,2.040677e-03,4.393866e-06,3.659491e-02,2.036302e-06,3,101,N,N
1.240480e+02,1.536037e+04,4.644630e+00,4.656762e+00,2.165716e+01,5.771074e+02,-2.153473e-01,1.433867e+02,1.795198e+04,1.126954e+01,3.473561e+00,1.672068e+01,1.361209e+02,-1.317614e+01,1.945110e+01,3.739933e+02,5.959991e-02,5.811487e-02,3.420212e-03,1.120046e+00,2.926707e-03,2,91,N,N
2.768097e+02,7.618246e+04,3.610718e+00,3.559709e+00,1.276199e+01,9.808593e+02,-1.429316e+00,2.922908e+02,7.090353e+04,5.209566e+00,3.598247e+00,1.542496e+01,7.636401e+02,-3.573878e+00,1.639244e+01,2.413592e+02,7.388033e-04,7.932484e-04,6.071721e-07,1.220736e-02,3.427574e-07,3,49,N,N
5.351877e+02,2.629572e+05,1.235842e-02,1.618174e-03,-3.304903e-06,-5.409258e-01,-1.789281e-06,5.806247e+02,2.467225e+05,1.989215e-01,2.826765e-02,-1.701995e-03,-1.174707e+01,-1.343198e-03,6.791390e+01,2.265772e+03,4.188259e-04,4.074158e-04,1.682061e-07,1.903474e-02,1.748778e-09,0,102,N,N
3.623774e+02,1.311455e+05,1.269588e+01,1.269446e+01,1.611583e+02,4.596965e+03,-4.823034e+00,3.699729e+02,1.259678e+05,1.586675e+01,1.281917e+01,1.826796e+02,4.266626e+03,-4.096516e+01,7.854818e+00,5.776544e+01,2.136898e-05,1.729516e-05,3.324871e-10,1.168115e-04,4.467077e-12,1,0,N,N
7.168266e+01,5.123364e+03,9.630223e-01,9.319315e-01,8.828624e-01,6.585982e+01,-1.646961e-01,1.082775e+02,1.095873e+04,6.217827e+00,7.414410e-01,-1.588239e+00,-7.723551e+01,-2.344401e-01,3.671466e+01,1.339457e+03,4.565028e-01,4.410548e-01,1.979059e-01,1.607489e+01,1.732536e-01,0,36,N,N
3.204428e+02,9.761388e+04,2.939145e-02,1.220311e-02,2.165758e-04,2.559039e+00,3.103934e-04,3.683225e+02,1.223786e+05,1.165207e-01,1.441573e-02,-5.648949e-04,-5.027701e+00,-3.109581e-04,5.596557e+01,2.293500e+03,1.140243e-03,9.577120e-04,1.000395e-06,4.172436e-02,1.542847e-07,0,18,N,N
7.581914e+02,3.219404e+05,4.625499e-03,4.925102e-04,-7.357319e-07,-2.791607e-01,-7.335521e-07,7.644760e+02,3.224624e+05,3.370289e-02,5.900574e-03,-7.212250e-05,-3.067233e+00,-6.549233e-05,1.977283e+02,4.698505e+03,2.478234e-04,1.835700e-04,3.880990e-08,8.027145e-03,-8.423449e-09,2,97,N,N
3.797722e+02,4.987308e+04,7.310705e-03,1.026349e-03,2.621331e-06,1.404984e-01,2.390024e-06,3.436901e+02,6.202612e+04,4.360194e-03,1.594775e-03,-3.228581e-06,8.871537e-03,-3.001140e-06,1.307399e+02,2.115485e+03,2.720405e-03,1.559133e-03,2.595480e-06,-4.642890e-02,4.300084e-06,2,79,N,N
1.056192e+03,9.017240e+05,3.579900e-03,1.098563e-03,1.734900e-06,5.547005e-01,5.196755e-07,1.514459e+03,6.033949e+05,1.945136e-01,1.034878e-01,-8.302600e-03,-3.318064e+01,-3.830704e-03,5.665503e+02,2.162879e+05,2.257127e-02,2.299040e-02,5.237182e-04,1.064586e+01,2.587571e-04,3,79,N,N
4.853663e+02,2.165060e+05,1.742585e-02,3.004088e-03,4.196367e-06,-2.858754e-01,1.151622e-05,5.030298e+02,2.115572e+05,1.293995e-01,1.602606e-02,-7.288014e-04,-7.369926e+00,-8.513906e-04,3.780396e+01,3.883962e+02,7.535485e-05,8.395287e-05,6.634897e-09,1.636641e-03,-1.363711e-09,3,86,N,N
3.005090e+02,8.796151e+04,1.505117e-01,1.313572e-01,1.846680e-02,3.790368e+01,9.679877e-03,3.697045e+02,1.080288e+05,7.533277e-01,1.157812e-01,-2.189391e-02,-3.248139e+01,2.011957e-02,7.338039e+01,4.788616e+03,1.256294e-02,1.271587e-02,1.607178e-04,8.721037e-01,1.191067e-04,1,94,N,N
4.055897e+02,1.555160e+05,2.287418e-02,9.280036e-03,1.259036e-04,2.404538e+00,2.987015e-05,4.446763e+02,1.533773e+05,2.941681e-01,3.853637e-02,-4.081174e-03,-1.490265e+01,-1.402814e-03,5.045850e+01,1.580145e+03,7.743789e-04,8.677403e-04,7.109944e-07,3.426348e-02,2.743417e-07,1,48,N,N
8.937145e+02,5.234122e+05,6.085648e-03,1.019400e-03,5.078516e-07,-2.802953e-02,1.469269e-06,1.003693e+03,6.597813e+05,5.267972e-02,1.098118e-02,-4.111599e-05,-3.337286e+00,-2.894342e-04,2.896878e+02,1.211880e+04,1.623086e-03,1.298138e-03,1.884283e-06,1.296940e-01,1.490325e-07,0,98,N,N
9.063267e+01,8.169834e+03,8.010641e+00,7.997995e+00,6.401847e+01,7.225140e+02,4.387677e+00,1.092077e+02,1.157095e+04,1.149704e+01,1.113870e+01,1.260500e+02,1.179464e+03,3.145557e+01,1.882485e+01,3.450338e+02,1.144834e-02,1.058479e-02,1.165084e-04,1.928324e-01,1.381761e-04,1,61,N,N
3.492005e+02,1.147513e+05,1.496906e-02,1.682127e-03,-8.388691e-06,-5.674649e-01,-8.035803e-06,3.648989e+02,1.076280e+05,2.051546e-01,2.709095e-02,-1.733553e-03,-8.089127e+00,-1.552104e-03,2.615943e+01,3.044920e+02,1.306474e-04,1.433831e-04,1.959437e-08,2.499498e-03,-3.006019e-10,0,96,N,N
2.826172e+02,7.621404e+04,2.080136e-02,2.327960e-03,-1.607878e-05,-6.408313e-01,-1.631275e-05,3.510273e+02,1.207879e+05,6.078645e-03,1.851099e-03,5.011051e-06,2.628151e-01,1.828630e-07,7.495966e+01,4.685607e+03,2.162199e-03,4.824908e-04,2.748885e-07,4.229225e-03,1.827388e-07,2,37,N,N
4.448374e+02,1.821194e+05,1.609821e-02,1.815239e-03,-9.812453e-06,-7.746606e-01,-9.874071e-06,4.638347e+02,1.665126e+05,1.883678e-01,2.497975e-02,-1.693562e-03,-1.012532e+01,-1.635694e-03,3.709265e+01,4.955261e+02,1.428571e-04,1.381272e-04,1.938498e-08,3.064655e-03,-3.226629e-09,0,84,N,N
1.344610e+02,1.782521e+04,7.211506e-02,4.555550e-02,2.592143e-03,5.220655e+00,2.727142e-03,1.456437e+02,1.835929e+04,6.057038e-01,2.317895e-01,7.687180e-02,1.400988e+01,4.352547e-02,1.215216e+01,1.273937e+02,4.499060e-03,4.467244e-03,2.002707e-05,5.029956e-02,1.230849e-05,0,97,N,N
8.146343e+01,6.448028e+03,1.869399e-02,1.269305e-02,1.947297e-04,8.940237e-01,-3.094795e-05,1.158088e+02,1.060549e+04,1.790123e-01,1.427448e-01,2.248413e-02,1.219096e+01,-4.478887e-04,3.555415e+01,1.181136e+03,1.970288e-02,1.961796e-02,3.856962e-04,6.736779e-01,3.885554e-04,0,74,N,N
4.239482e+02,1.634699e+05,1.473651e-02,1.830238e-03,-6.058202e-06,-5.840760e-01,-5.712401e-06,4.396156e+02,1.512296e+05,1.309791e-01,1.696099e-02,-7.716477e-04,-6.499498e+00,-7.950893e-04,3.530847e+01,3.978287e+02,7.099421e-05,6.824371e-05,4.733031e-09,1.360970e-03,-1.113699e-09,1,104,N,N
4.499374e+02,1.852168e+05,1.805770e-02,2.977337e-03,2.356076e-06,-3.457155e-01,9.299180e-06,4.659109e+02,1.871416e+05,1.033888e-01,1.283290e-02,-4.666932e-04,-5.514785e+00,-5.704699e-04,3.557287e+01,3.485361e+02,1.007833e-04,9.617090e-05,9.461174e-09,1.787510e-03,-1.605234e-09,1,88,N,N
5.108544e+01,2.608804e+03,1.979103e+01,1.977712e+01,3.912720e+02,1.010055e+03,-5.035476e+01,6.435398e+01,4.120419e+03,3.638054e+01,3.595611e+01,1.300450e+03,2.303747e+03,1.529316e+03,1.348428e+01,1.813885e+02,2.226651e-01,2.202361e-01,4.877068e-02,2.960734e+00,5.872971e-02,0,80,N,N
2.661518e+02,7.048780e+04,5.143107e-01,4.973073e-01,2.515063e-01,1.313370e+02,-3.586027e-02,2.872055e+02,6.590217e+04,2.563381e+00,5.768839e-01,3.128170e-01,-9.616924e+00,8.461996e-02,2.174026e+01,4.451040e+02,1.736250e-03,1.828803e-03,3.258727e-06,3.847731e-02,2.438262e-06,0,34,N,N
3.338865e+02,1.064735e+05,1.894044e-02,5.788399e-03,4.969916e-05,8.465333e-01,2.511070e-05,3.660182e+02,1.005347e+05,3.870057e-01,5.263003e-02,-7.033593e-03,-1.566934e+01,-3.923895e-03,3.980613e+01,1.049560e+03,8.233132e-04,9.235626e-04,8.052322e-07,2.966246e-02,3.902484e-07,1,92,N,N
3.631934e+02,1.291229e+05,1.082025e-01,9.461451e-02,9.571674e-03,3.298185e+01,-2.067480e-03,3.958527e+02,1.118201e+05,9.698368e-01,1.783882e-01,2.422991e-03,-2.457371e+01,1.615811e-02,3.663300e+01,1.070707e+03,5.640042e-04,5.965930e-04,3.458875e-07,1.897312e-02,1.321171e-07,0,25,N,N
3.890675e+02,1.438503e+05,1.815680e-02,2.939388e-03,1.689412e-06,-3.086713e-01,5.023951e-06,4.313560e+02,1.468447e+05,3.491633e-01,5.373185e-02,-3.346002e-03,-1.264606e+01,-2.551133e-03,5.216782e+01,1.809082e+03,1.508965e-03,1.646773e-03,2.595708e-06,6.922150e-02,1.264691e-06,0,70,N,N
3.290381e+02,1.044751e+05,1.637979e-02,2.828200e-03,3.920623e-06,-1.808381e-01,6.138982e-06,3.528948e+02,9.496884e+04,4.025641e-01,5.659188e-02,-7.758461e-03,-1.641703e+01,-5.830862e-03,2.967642e+01,6.213958e+02,7.089177e-04,7.177573e-04,5.119825e-07,1.786162e-02,1.546385e-07,0,3,N,N
1.511472e+02,2.277123e+04,1.867993e+00,1.863709e+00,3.477402e+00,2.812069e+02,-1.107029e-01,1.672979e+02,1.970840e+04,5.209361e+00,1.876960e+00,4.959684e+00,1.103830e+02,-5.432959e-01,1.640072e+01,2.609145e+02,2.672989e-03,2.594967e-03,6.834324e-06,4.125456e-02,4.831645e-06,0,59,N,N
9.191770e+02,7.450526e+05,1.183292e-02,1.774796e-03,-7.062104e-07,-5.817948e-01,1.443522e-06,9.963370e+02,7.522156e+05,1.438409e-01,2.292853e-02,-8.115619e-04,-1.461151e+01,-1.572038e-03,1.337168e+02,6.606626e+03,8.420919e-04,8.170738e-04,6.776318e-07,6.601115e-02,9.302014e-08,2,81,N,N
4.105963e+02,1.614980e+05,1.131993e-02,1.323358e-03,-4.275900e-06,-4.820916e-01,-3.812154e-06,4.317377e+02,1.456056e+05,3.231487e-01,4.245385e-02,-4.811919e-03,-1.597776e+01,-4.364915e-03,2.987294e+01,5.185340e+02,1.887184e-04,2.009782e-04,3.911416e-08,4.570347e-03,4.376491e-09,2,61,N,N
4.170568e+02,1.567640e+05,1.211525e-02,1.384962e-03,-5.205899e-06,-5.218586e-01,-4.812112e-06,4.674211e+02,1.218631e+05,2.653511e-01,4.284386e-02,-4.294403e-03,-1.434657e+01,-3.838077e-03,7.149194e+01,2.953992e+03,8.695031e-04,8.204420e-04,6.929588e-07,4.458872e-02,1.538711e-07,2,64,N,N
4.103208e+02,1.653333e+05,1.821236e-01,1.620186e-01,2.782814e-02,6.438760e+01,1.253135e-02,4.373425e+02,1.565514e+05,8.201335e-01,1.940481e-01,3.630982e-02,-3.235429e+00,9.934138e-02,3.087441e+01,7.418944e+02,6.274101e-04,6.782652e-04,4.423472e-07,1.831997e-02,2.150390e-07,0,95,N,N
3.645525e+02,1.259587e+05,1.657366e-02,2.344416e-03,-3.624707e-06,-4.431189e-01,-6.963233e-07,3.844095e+02,1.146582e+05,2.817878e-01,3.688972e-02,-3.737114e-03,-1.241150e+01,-3.104943e-03,2.950360e+01,4.543411e+02,2.054773e-04,2.094897e-04,4.345506e-08,4.423397e-03,7.640780e-11,0,0,N,N
1.389195e+02,1.907954e+04,2.913054e-01,2.686137e-01,7.513655e-02,3.648704e+01,2.720309e-02,1.737440e+02,2.804552e+04,9.523466e-01,1.685011e-01,8.644843e-03,-8.515312e+00,6.801948e-02,3.563002e+01,1.212783e+03,2.069300e-02,1.994205e-02,4.051029e-04,6.840191e-01,2.738485e-04,1,49,N,N
1.210030e+02,1.424409e+04,1.074027e-01,8.086822e-02,7.523983e-03,8.911429e+00,5.636317e-03,1.620744e+02,2.593878e+04,1.515753e-01,1.622633e-01,2.544721e-02,2.600370e+01,2.176166e-02,4.272935e+01,1.687421e+03,4.837746e-03,2.123734e-03,6.454623e-06,6.088449e-02,3.748651e-06,3,62,N,N
1.489359e+02,2.216813e+04,6.484215e+01,6.488559e+01,4.208731e+03,9.660428e+03,6.691503e+01,1.538160e+02,2.118787e+04,7.351994e+01,7.065848e+01,5.091329e+03,1.008754e+04,-8.702278e+02,4.926562e+00,2.405551e+01,6.451713e-04,5.553050e-04,3.323011e-07,2.565094e-03,3.663504e-07,0,53,N,N
5.552125e+02,2.630796e+05,1.219886e-02,1.424892e-03,-4.831276e-06,-6.493047e-01,-4.165313e-06,5.804752e+02,2.434272e+05,1.076053e-01,1.440972e-02,-5.606610e-04,-6.999579e+00,-4.953051e-04,6.758680e+01,1.423785e+03,1.382282e-04,9.475194e-05,1.082513e-08,3.526662e-03,-1.336760e-09,1,33,N,N
9.846283e+02,3.042909e+05,1.539198e-03,1.205634e-04,-5.188573e-08,-6.593869e-02,-5.061611e-08,8.852013e+02,4.738548e+05,1.309994e-02,2.682609e-03,-6.532577e-06,-1.180859e+00,-6.510054e-06,3.392428e+02,1.307312e+04,3.962433e-04,1.055318e-04,2.158010e-08,-5.866210e-03,-7.908751e-10,0,79,N,N
1.144153e+02,1.264941e+04,7.334445e-02,3.673814e-02,1.853434e-03,3.092262e+00,2.390411e-03,1.447508e+02,2.079304e+04,4.700785e-02,4.073086e-02,1.781835e-03,5.455133e+00,2.208208e-04,3.228228e+01,9.202503e+02,2.809733e-03,3.191297e-04,-2.974777e-07,-9.597816e-03,-6.172081e-08,0,92,N,N
2.931444e+02,8.257598e+04,1.469812e-02,1.656129e-03,-8.090947e-06,-4.728763e-01,-7.878130e-06,3.178704e+02,7.019473e+04,5.212054e-01,7.592112e-02,-1.349275e-02,-1.889085e+01,-1.219226e-02,3.051281e+01,6.425887e+02,7.730924e-04,7.879734e-04,6.150075e-07,1.978325e-02,1.777702e-07,1,82,N,N
4.884648e+02,2.224501e+05,1.259112e-02,1.576131e-03,-4.265591e-06,-5.679324e-01,-3.138496e-06,5.156994e+02,1.987828e+05,2.248395e-01,3.096533e-02,-2.576405e-03,-1.377856e+01,-2.304300e-03,4.408245e+01,8.914216e+02,2.579464e-04,2.448434e-04,6.151986e-08,7.264032e-03,-2.180990e-09,1,90,N,N
6.909723e+02,4.637870e+05,1.526106e+01,1.515220e+01,2.304125e+02,1.031799e+04,5.701752e+01,8.288170e+02,4.386003e+05,1.812325e+01,1.426549e+01,2.275414e+02,8.030515e+03,-1.756328e+01,1.532379e+02,1.928769e+04,2.312593e-02,2.086164e-02,4.579423e-04,2.768781e+00,3.295303e-04,2,58,N,N
8.615333e+01,7.417675e+03,8.446019e-03,7.119300e-03,5.518757e-05,5.808487e-01,-1.214441e-05,9.743864e+01,9.067505e+03,1.691243e+00,4.092146e-01,2.188217e-01,9.031471e+00,6.236683e-02,1.144036e+01,1.297766e+02,1.701556e-02,1.683550e-02,2.849457e-04,1.908875e-01,3.009061e-04,0,39,N,N
1.475584e+02,2.176301e+04,3.310970e-02,1.978319e-02,5.009848e-04,2.423817e+00,-2.216341e-05,1.529837e+02,2.047132e+04,5.390009e+00,7.190716e-01,-9.765838e-01,-8.331883e+01,-1.066422e+00,5.461527e+00,2.972243e+01,1.283001e-03,1.276108e-03,1.632843e-06,6.957118e-03,1.358863e-06,2,68,N,N
-nan,-nan,-nan,-nan,-nan,-nan,-nan,-nan,-nan,-nan,-nan,-nan,-nan,-nan,-nan,-nan,-nan,-nan,-nan,-nan,-nan,2,71,N,N
6.515111e+02,3.997660e+05,2.373549e-02,1.186515e-02,1.934810e-04,5.916477e+00,1.109670e-05,7.606808e+02,3.923252e+05,4.302740e-01,7.362600e-02,-1.060851e-02,-3.898113e+01,-2.335772e-03,1.292131e+02,1.215994e+04,5.456802e-03,5.747220e-03,3.218292e-05,6.315108e-01,1.808945e-05,0,17,N,N
4.174145e+02,1.700955e+05,7.780499e-03,9.648625e-04,-1.599503e-06,-3.089664e-01,-1.497187e-06,4.368928e+02,1.599292e+05,4.172168e-01,5.646227e-02,-6.393936e-03,-1.889094e+01,-6.032039e-03,2.447598e+01,4.289525e+02,2.325883e-04,2.443632e-04,5.825153e-08,5.036050e-03,2.995454e-08,1,96,N,N
9.711565e+02,3.717466e+05,3.604040e-03,3.490947e-04,-3.720955e-07,-2.089802e-01,-3.759644e-07,8.849858e+02,4.936709e+05,1.516203e-02,2.386739e-03,-1.218080e-05,-1.526965e+00,-1.460256e-05,2.753442e+02,1.626667e+04,1.845985e-04,4.640894e-05,4.288322e-09,7.397846e-04,-7.157695e-10,3,77,N,N
3.507233e+02,1.225262e+05,1.956123e+01,1.946011e+01,3.796785e+02,6.809105e+03,3.966440e+01,3.777603e+02,1.168250e+05,2.260816e+01,1.853100e+01,3.783440e+02,5.719940e+03,6.698418e+01,2.794936e+01,7.310897e+02,4.647182e-03,4.467056e-03,2.035287e-05,1.184071e-01,1.246807e-05,2,75,N,N
3.266826e+02,1.042827e+05,2.120266e+00,2.037354e+00,4.234409e+00,6.543421e+02,1.232263e+00,3.736564e+02,1.166541e+05,2.103154e+00,2.025114e+00,4.179284e+00,6.053792e+02,-6.248108e-01,5.126594e+01,2.214308e+03,1.482317e-03,1.786213e-04,-6.987370e-08,-7.571060e-03,5.987413e-08,3,63,N,N
3.885230e+02,1.465850e+05,1.625948e-02,4.284437e-03,2.595754e-05,4.982222e-01,4.430562e-05,4.059437e+02,1.335322e+05,4.510489e-01,6.102591e-02,-8.083470e-03,-1.978999e+01,-8.149766e-03,2.312644e+01,3.678789e+02,1.893022e-04,1.810288e-04,3.351140e-08,3.472163e-03,5.011595e-09,2,67,N,N
7.736656e+02,2.792268e+05,2.110327e-03,2.095215e-04,-1.359989e-07,-1.077798e-01,-1.315788e-07,7.487847e+02,3.059994e+05,2.096353e-02,3.573117e-03,-3.066092e-05,-1.964926e+00,-2.889927e-05,2.215674e+02,4.719392e+03,1.323866e-04,8.463540e-05,8.799034e-09,3.191619e-04,-4.275424e-10,3,97,N,N
6.042275e+02,2.705628e+05,1.187787e-02,1.395196e-03,-4.340400e-06,-6.073306e-01,-3.413680e-06,6.479642e+02,3.283171e+05,5.286326e-02,9.356500e-03,-4.182494e-05,-2.267978e+00,-4.653937e-05,1.281227e+02,3.258074e+03,6.727823e-04,5.288507e-04,3.154540e-07,2.987480e-02,-1.431200e-08,0,73,N,N
1.614534e+02,2.517436e+04,3.077911e-02,1.307350e-02,2.472841e-04,1.399411e+00,3.506367e-04,2.514657e+02,6.034859e+04,4.269341e-01,1.060876e-01,1.450122e-02,5.294721e+00,-1.736351e-02,9.282696e+01,8.103170e+03,5.864120e-02,5.453571e-02,3.083968e-03,4.801607e+00,1.839467e-03,2,94,N,N
5.197380e+02,2.633201e+05,1.381152e+01,1.363449e+01,1.871022e+02,6.988778e+03,-2.885573e+01,6.185943e+02,2.825467e+05,1.482225e+01,1.385157e+01,1.983989e+02,6.596816e+03,8.377427e+01,1.072953e+02,9.832752e+03,1.118806e-02,1.984419e-03,1.976820e-06,-4.584238e-02,4.885146e-06,1,87,N,N
6.974863e+01,4.844078e+03,6.189393e+00,6.118190e+00,3.764943e+01,4.248855e+02,-5.782448e+00,8.027906e+01,6.353962e+03,8.115648e+00,8.034646e+00,6.488012e+01,6.351908e+02,7.214925e+01,1.082571e+01,1.133832e+02,8.290700e-03,6.287275e-03,4.532171e-05,6.195151e-02,4.440082e-05,0,15,N,N
2.914234e+02,8.053744e+04,2.916178e-02,1.048789e-02,1.638434e-04,1.657271e+00,2.510496e-04,3.811561e+02,1.281134e+05,3.223581e-01,5.883935e-02,8.198188e-04,-3.732920e+00,-9.099555e-03,9.740116e+01,8.055615e+03,1.427406e-02,1.290863e-02,1.752044e-04,1.115915e+00,7.898912e-05,0,38,N,N
1.053950e+03,9.641630e+05,4.419025e-02,2.473072e-02,8.037970e-04,2.093569e+01,6.482061e-04,1.635756e+03,9.704935e+05,5.795821e-01,1.587736e-01,-6.413696e-03,-4.468003e+01,3.024167e-02,6.595389e+02,3.385451e+05,4.636337e-02,6.104867e-02,3.245342e-03,3.551876e+01,2.997066e-03,2,72,N,N
4.648008e+02,2.032196e+05,1.891502e-02,5.613231e-03,4.641300e-05,1.068482e+00,7.692406e-05,4.940783e+02,1.851481e+05,2.657280e-01,3.626601e-02,-3.252109e-03,-1.515610e+01,-3.399007e-03,4.337316e+01,9.682231e+02,2.445095e-04,2.544771e-04,6.339569e-08,7.831727e-03,-3.835774e-10,0,48,N,N
9.915795e+02,5.348567e+05,6.072697e-03,6.692310e-04,-1.195853e-06,-4.476096e-01,-1.223950e-06,9.661925e+02,6.443535e+05,2.464814e-02,3.995077e-03,-2.927390e-05,-2.577188e+00,-4.487572e-05,2.359465e+02,5.258782e+03,2.975452e-04,1.345498e-04,2.679248e-08,4.805599e-03,-4.068739e-09,0,99,N,N
3.628253e+02,1.248994e+05,2.709626e-02,7.703790e-03,8.637654e-05,1.040631e+00,4.818000e-05,3.754931e+02,1.216891e+05,1.514431e-01,2.090396e-02,-6.233070e-04,-5.806264e+00,-2.135926e-04,2.210929e+01,1.897404e+02,4.578689e-05,4.086121e-05,1.763395e-09,5.309312e-04,-4.251238e-10,0,100,N,N
4.083456e+02,1.488658e+05,1.322477e-02,1.490295e-03,-6.495482e-06,-5.689598e-01,-6.323869e-06,4.315471e+02,1.353093e+05,1.487622e-01,2.035880e-02,-1.051462e-03,-7.093004e+00,-9.561431e-04,4.571766e+01,7.301496e+02,1.616941e-04,1.557836e-04,2.468939e-08,4.206191e-03,-3.036194e-09,2,60,N,N
5.733063e+01,3.261205e+03,1.817594e-03,2.167683e-03,4.299702e-06,1.211035e-01,1.442700e-06,6.572390e+01,4.097029e+03,9.120729e-01,1.785975e-01,2.561502e-02,-9.703887e-01,-8.126779e-04,8.640182e+00,7.070822e+01,1.509307e-02,1.458503e-02,2.163963e-04,1.226084e-01,2.402577e-04,0,23,N,N
1.535174e+02,2.334680e+04,3.054904e-01,2.690618e-01,7.712920e-02,3.992226e+01,-1.653389e-02,1.671756e+02,2.603681e+04,1.013581e+00,2.167872e-01,4.658717e-02,-1.634398e+00,-3.553194e-02,1.438422e+01,1.867472e+02,2.968311e-03,2.801662e-03,8.079333e-06,3.744760e-02,4.405959e-06,0,49,N,N
4.665439e+02,2.122723e+05,2.152378e-02,1.028141e-02,1.476170e-04,3.482032e+00,1.953323e-04,5.069982e+02,1.797880e+05,8.819900e-01,1.293882e-01,-4.161100e-02,-5.364089e+01,-4.496310e-02,4.629724e+01,1.724734e+03,1.344317e-03,1.381829e-03,1.883229e-06,5.732161e-02,8.588344e-07,0,94,N,N
1.916202e+01,3.671797e+02,2.786309e-02,2.785720e-02,7.761056e-04,5.337927e-01,9.353686e-06,1.934802e+01,3.609040e+02,2.064458e-01,5.354259e-02,3.980275e-03,2.448207e-01,6.181817e-03,1.862090e-01,3.459889e-02,2.008253e-06,2.006747e-06,4.028544e-12,3.731399e-07,3.811079e-12,1,38,N,N
3.866170e+02,1.434888e+05,5.229139e-02,3.513078e-02,1.498512e-03,1.189786e+01,1.437246e-03,4.174872e+02,1.388120e+05,3.334666e-01,5.641477e-02,-1.620826e-03,-1.295082e+01,3.559072e-03,3.892045e+01,9.711997e+02,4.273487e-04,4.586578e-04,2.029947e-07,1.398591e-02,5.980381e-08,3,92,N,N
5.255282e+02,2.759811e+05,1.405871e+02,1.404706e+02,1.974016e+04,7.379438e+04,3.134681e+02,5.360064e+02,2.651832e+05,1.462790e+02,1.435097e+02,2.079260e+04,7.292591e+04,7.000427e+03,1.068269e+01,1.098329e+02,2.116354e-04,1.326509e-04,2.207515e-08,1.178859e-03,2.158971e-08,3,81,N,N
2.932518e+02,8.140282e+04,1.505051e-02,1.792319e-03,-7.227769e-06,-4.450020e-01,-7.247561e-06,3.016067e+02,7.675217e+04,1.851660e-01,2.306640e-02,-1.494778e-03,-6.365662e+00,-1.543427e-03,1.629638e+01,8.964773e+01,6.299908e-05,5.335308e-05,3.092473e-09,4.958563e-04,-4.885708e-10,0,88,N,N
2.180181e+02,4.410882e+04,1.300146e-02,2.251203e-03,2.518206e-06,-9.449839e-02,3.899281e-06,3.112771e+02,9.576556e+04,4.110927e-02,2.399939e-02,7.442651e-04,6.026641e+00,4.353524e-04,1.012667e+02,8.706741e+03,6.969764e-03,4.386698e-03,2.405094e-05,3.506336e-01,1.176186e-06,1,81,N,N
6.724490e+02,4.349850e+05,1.440844e-02,7.834402e-03,8.175407e-05,4.198505e+00,-1.113315e-06,7.273431e+02,3.791383e+05,4.880177e-01,6.809374e-02,-1.187038e-02,-4.117536e+01,-7.215141e-03,6.793676e+01,3.263071e+03,5.747236e-04,6.256099e-04,3.749308e-07,3.572793e-02,1.757267e-07,1,69,N,N
4.190129e+01,1.748162e+03,3.240888e-01,3.134535e-01,9.990598e-02,1.305112e+01,1.719999e-02,4.304625e+01,1.819990e+03,4.152501e-01,3.970034e-01,1.611928e-01,1.636709e+01,1.710512e-01,1.237221e+00,1.314003e+00,1.398575e-04,1.271826e-04,1.694567e-08,1.449743e-04,1.139652e-08,0,54,N,N
1.016126e+03,9.237705e+05,1.434794e-02,7.021764e-03,6.863756e-05,5.524618e+00,4.291667e-07,1.165047e+03,7.741032e+05,2.712183e-01,4.736888e-02,-5.327514e-03,-4.114045e+01,-2.099982e-03,2.061319e+02,2.296432e+04,2.266646e-03,2.437019e-03,5.714963e-06,3.666719e-01,1.868649e-06,1,56,N,N
5.678740e+02,2.765474e+05,1.192370e-02,1.337322e-03,-5.335986e-06,-7.032673e-01,-5.383668e-06,5.967863e+02,2.948001e+05,6.031480e-02,9.797171e-03,-8.447645e-05,-2.925823e+00,-1.990475e-04,7.100959e+01,1.330208e+03,3.311373e-04,2.223436e-04,5.994309e-08,8.109237e-03,-4.262206e-09,0,85,N,N
2.582720e+02,6.222966e+04,1.657270e-02,2.320030e-03,-3.921944e-06,-3.261663e-01,-1.553369e-06,3.484778e+02,1.191199e+05,2.997883e-02,1.397554e-02,2.747412e-04,3.610786e+00,1.634022e-04,9.903317e+01,8.142333e+03,4.545637e-03,2.155568e-03,6.477864e-06,1.374239e-01,-4.881252e-07,3,47,N,N
4.094002e+02,1.602527e+05,2.163706e-02,1.176621e-02,1.843001e-04,3.833549e+00,-4.780235e-07,4.622488e+02,1.461136e+05,5.295295e-01,7.611889e-02,-1.476913e-02,-2.802119e+01,-5.967648e-03,6.211245e+01,2.836995e+03,2.040048e-03,2.279859e-03,4.915938e-06,1.211356e-01,3.040977e-06,0,58,N,N
1.618368e+02,2.587657e+04,4.431453e-01,4.158224e-01,1.784954e-01,6.602318e+01,-3.399838e-02,2.001318e+02,3.759822e+04,7.487778e-01,3.371300e-01,1.602719e-01,4.042590e+01,-5.489491e-03,3.931564e+01,1.466612e+03,5.663784e-03,4.866775e-03,2.554445e-05,1.760281e-01,1.001383e-05,2,54,N,N
3.266781e+02,1.026725e+05,1.397885e-02,2.056785e-03,-1.499189e-06,-3.082142e-01,7.619169e-07,3.495188e+02,8.960125e+04,4.157484e-01,5.986648e-02,-7.945961e-03,-1.610037e+01,-7.765112e-03,2.909406e+01,5.791262e+02,4.414000e-04,4.425585e-04,1.955908e-07,1.061823e-02,4.054991e-08,3,55,N,N
3.034452e+02,8.845438e+04,1.641308e-01,1.300351e-01,1.897994e-02,3.660238e+01,1.375363e-02,3.738303e+02,1.196829e+05,3.745838e-01,9.077951e-02,8.084885e-03,-4.802175e+00,1.946173e-02,7.670955e+01,4.954140e+03,4.516521e-03,3.771579e-03,1.555931e-05,2.443767e-01,3.961166e-06,1,58,N,N
2.071969e+01,4.290047e+02,6.214389e+01,6.209842e+01,3.857625e+03,1.286126e+03,-7.195176e+02,2.513107e+01,6.314922e+02,1.111944e+02,1.111853e+02,1.236267e+04,2.794008e+03,1.453951e+04,4.716474e+00,2.218620e+01,7.625283e-01,7.605134e-01,5.791463e-01,3.581451e+00,6.742737e-01,0,2,N,N
4.600375e+02,1.923575e+05,1.428589e-02,1.662486e-03,-7.098920e-06,-6.744604e-01,-7.265274e-06,4.734688e+02,1.860078e+05,9.703542e-02,1.216288e-02,-4.137007e-04,-5.152377e+00,-4.614677e-04,3.490047e+01,2.251518e+02,5.992684e-05,4.660453e-05,2.462855e-09,6.541853e-04,-5.071435e-10,1,46,N,N
4.904835e+02,2.254145e+05,3.241079e-02,1.698138e-02,3.893919e-04,6.399320e+00,4.852698e-04,5.201452e+02,2.187498e+05,1.617689e-01,2.817316e-02,-1.405991e-04,-7.148385e+00,9.894081e-04,4.572727e+01,9.806683e+02,1.326598e-04,1.350749e-04,1.801030e-08,4.127592e-03,-2.150786e-09,0,101,N,N
7.780711e+02,9.373931e+04,4.844958e-05,1.930294e-05,5.898904e-10,4.764053e-03,3.627658e-11,6.143360e+02,2.220663e+05,7.789037e-03,1.246634e-03,-3.229258e-06,-5.205435e-01,-3.375403e-06,3.095388e+02,3.528173e+04,1.205383e-04,2.816454e-06,5.179404e-11,-4.407653e-04,4.193711e-11,0,43,N,N
5.664042e+02,3.194318e+05,3.513996e+01,3.502019e+01,1.228509e+03,1.979242e+04,-3.112581e+01,5.825360e+02,3.038900e+05,3.689555e+01,3.490235e+01,1.252430e+03,1.881035e+04,-1.816241e+02,1.751112e+01,2.652245e+02,2.888793e-05,5.560808e-05,1.996472e-09,8.540676e-04,6.793312e-11,0,42,N,N
1.810062e+02,3.158553e+04,4.632059e-02,3.048922e-02,1.139562e-03,4.810913e+00,1.093810e-03,2.435700e+02,5.441370e+04,2.206108e-01,2.605180e-02,-1.964442e-03,-6.011745e+00,-4.502525e-04,6.588931e+01,3.915933e+03,1.053544e-02,9.686363e-03,9.784872e-05,5.775814e-01,4.451052e-05,2,93,N,N
1.403513e+02,1.919798e+04,2.363801e+00,2.295810e+00,5.348210e+00,3.161599e+02,1.283353e+00,1.719009e+02,2.483775e+04,2.293348e+00,3.651123e+00,1.053977e+01,5.743110e+02,3.883496e+00,3.339068e+01,9.977228e+02,4.140624e-02,4.081072e-02,1.677622e-03,1.281022e+00,1.969360e-03,0,103,N,N
6.853051e+02,3.956264e+05,9.725295e-03,1.164531e-03,-2.995426e-06,-6.234807e-01,-2.984606e-06,7.452244e+02,3.397112e+05,1.333787e-01,2.104349e-02,-1.008463e-03,-1.139310e+01,-1.275383e-03,1.163199e+02,5.591380e+03,4.217236e-04,4.548793e-04,1.985377e-07,3.367569e-02,-9.959833e-09,2,85,N,N
9.700098e+02,4.073835e+05,3.993339e-03,4.006131e-04,-5.023153e-07,-2.548336e-01,-5.071404e-07,8.964451e+02,5.075190e+05,1.675029e-02,2.557935e-03,-1.645522e-05,-1.805377e+00,-1.724270e-05,2.581790e+02,1.273285e+04,1.878639e-04,5.049758e-05,4.855978e-09,1.540483e-03,-3.339102e-10,1,77,N,N
3.213430e+02,9.620426e+04,1.571821e-02,2.503362e-03,7.000682e-07,-2.424659e-01,5.401107e-06,3.622821e+02,1.057299e+05,1.830495e-01,2.922926e-02,-8.273924e-04,-5.041714e+00,-2.385184e-03,5.214485e+01,1.728242e+03,1.171248e-03,1.272166e-03,1.552708e-06,5.257647e-02,6.777531e-07,1,91,N,N
1.327711e+02,1.705069e+04,4.295769e-02,1.699312e-02,4.237230e-04,1.366110e+00,6.248342e-04,1.805146e+02,3.212019e+04,6.238452e-02,8.262912e-03,-8.278455e-05,-9.894918e-01,1.400826e-04,4.993675e+01,2.279880e+03,6.188382e-03,3.138638e-03,1.341854e-05,1.117000e-01,-7.292154e-07,2,87,N,N
4.228445e+02,1.646617e+05,1.834198e-02,2.199854e-03,-1.072140e-05,-7.693644e-01,-9.129072e-06,4.448092e+02,1.538560e+05,2.238883e-01,3.087839e-02,-2.272116e-03,-1.118055e+01,-1.915170e-03,3.906317e+01,6.580683e+02,2.823224e-04,2.941773e-04,8.474677e-08,7.542691e-03,-7.568288e-10,1,43,N,N
3.888035e+02,1.393159e+05,1.844514e-02,3.048864e-03,2.537316e-06,-3.021459e-01,9.663144e-06,4.174140e+02,1.532702e+05,8.842529e-02,1.144085e-02,-2.971399e-04,-3.775703e+00,-4.915609e-04,4.422087e+01,8.483587e+02,2.888272e-04,2.746572e-04,7.735530e-08,7.588635e-03,2.209826e-09,3,88,N,N
7.943685e+02,6.140597e+05,2.797295e-01,2.596523e-01,6.997575e-02,2.014965e+02,2.501063e-02,9.152376e+02,5.313810e+05,1.197581e+00,2.922751e-01,3.531862e-02,-5.825332e+01,2.083080e-01,1.328203e+02,1.467375e+04,5.902070e-03,5.938255e-03,3.515359e-05,7.118193e-01,2.094166e-05,1,45,N,N
5.732033e+02,2.963248e+05,1.444660e-02,2.899357e-03,8.095659e-06,5.774527e-03,1.640480e-05,6.116622e+02,2.678415e+05,1.759300e-01,2.419193e-02,-1.570846e-03,-1.251948e+01,-1.800137e-03,6.738841e+01,1.810912e+03,2.770926e-04,2.597181e-04,6.962792e-08,1.091916e-02,-9.022791e-09,3,102,N,N
2.677244e+01,7.154746e+02,1.940133e-03,1.808237e-03,3.386801e-06,4.726543e-02,5.643400e-07,3.474969e+01,1.183833e+03,1.679209e-01,6.486491e-02,6.224266e-03,1.484481e+00,-1.453957e-05,8.178884e+00,6.660205e+01,6.517148e-03,6.416136e-03,4.148959e-05,5.197967e-02,4.635454e-05,0,52,N,N
3.444822e+02,1.163031e+05,1.235694e-02,1.380333e-03,-5.699466e-06,-4.706382e-01,-5.603741e-06,3.688306e+02,1.002917e+05,8.534290e-01,1.177880e-01,-3.718554e-02,-3.724849e+01,-3.808420e-02,2.780124e+01,6.238967e+02,7.150090e-04,7.513056e-04,5.506243e-07,1.873895e-02,2.483674e-07,1,53,N,N
1.503016e+02,2.237707e+04,3.988154e+00,3.884024e+00,1.528650e+01,5.781417e+02,-2.470741e+00,1.813945e+02,2.983126e+04,4.747320e+00,4.109946e+00,1.813830e+01,6.308179e+02,1.216935e+01,3.193425e+01,9.679495e+02,5.130027e-03,1.254255e-03,2.063195e-06,7.815170e-03,6.455402e-07,1,34,N,N
3.082518e+02,9.120293e+04,1.604209e-02,2.441398e-03,-8.441827e-07,-2.912037e-01,3.496899e-06,3.278598e+02,8.578147e+04,3.295123e-01,4.230534e-02,-4.392107e-03,-1.134333e+01,-6.028328e-03,2.587378e+01,4.104607e+02,2.718602e-04,2.924393e-04,8.242581e-08,5.854514e-03,1.380555e-08,1,100,N,N
1.555263e+02,2.396335e+04,3.438590e-02,2.033175e-02,5.315829e-04,2.616882e+00,-4.684826e-05,1.694695e+02,2.641151e+04,7.577053e-01,9.533793e-02,-1.994860e-02,-1.345559e+01,-3.658767e-03,1.470045e+01,1.977408e+02,4.012689e-03,4.073370e-03,1.646817e-05,5.721788e-02,1.110087e-05,1,93,N,N
1.178617e+03,1.326388e+06,9.063375e-01,8.769709e-01,7.818385e-01,1.005228e+03,2.935709e-02,1.336450e+03,9.749152e+05,1.675426e+00,1.054756e+00,1.269345e+00,6.708947e+02,1.855905e+00,1.932221e+02,2.684033e+04,4.831790e-03,6.346784e-03,3.510764e-05,1.030649e+00,3.945314e-05,2,73,N,N
3.841405e+02,1.425192e+05,4.330700e-02,3.121172e-02,1.144643e-03,1.088095e+01,-2.072031e-04,4.525731e+02,1.450362e+05,6.028540e-01,8.810633e-02,-1.969191e-02,-3.227130e+01,-4.411369e-04,7.526653e+01,4.714958e+03,6.201927e-03,6.558822e-03,4.182969e-05,4.489253e-01,2.916539e-05,0,75,N,N
4.445553e+02,1.822771e+05,1.772227e-02,2.053653e-03,-1.078479e-05,-8.161077e-01,-1.004018e-05,4.593210e+02,1.743578e+05,1.641693e-01,2.097939e-02,-1.090157e-03,-7.940839e+00,-1.204725e-03,3.238270e+01,3.011096e+02,7.038393e-05,6.455212e-05,4.333999e-09,1.109131e-03,-1.048787e-09,2,83,N,N
1.470374e+02,2.152678e+04,3.425352e-01,3.345952e-01,1.132744e-01,4.878248e+01,-1.603215e-02,1.615527e+02,1.813298e+04,3.562027e+00,5.647846e-01,2.708829e-01,-1.643859e+01,2.885057e-01,1.483415e+01,2.111239e+02,1.190123e-03,9.451181e-04,1.001681e-06,1.290264e-02,1.188209e-06,1,83,N,N
4.616758e+02,2.011861e+05,1.984872e-02,4.984667e-03,3.399666e-05,6.167378e-01,2.293710e-05,5.038554e+02,1.899426e+05,3.247930e-01,4.382181e-02,-5.140105e-03,-1.844126e+01,-3.115678e-03,5.538213e+01,1.888572e+03,6.666431e-04,5.821383e-04,3.625848e-07,2.469937e-02,4.429796e-08,0,47,N,N
1.412736e+02,1.988671e+04,9.347179e-01,9.204465e-01,8.537644e-01,1.294333e+02,-8.974072e-02,1.645690e+02,2.361883e+04,3.382285e+00,6.500960e-01,2.007348e-01,-2.177806e+01,-6.615099e-01,2.355059e+01,5.427870e+02,3.561908e-02,3.557715e-02,1.266478e-03,8.268908e-01,1.088337e-03,1,36,N,N
2.332201e+02,5.342972e+04,1.942657e+00,1.875322e+00,3.579403e+00,4.313324e+02,-5.638961e-01,2.803962e+02,6.815605e+04,2.248226e+00,1.886927e+00,3.882112e+00,4.208405e+02,1.824236e+00,4.939674e+01,2.226692e+03,2.470975e-03,8.901924e-04,1.181100e-06,2.054370e-02,-8.227740e-09,0,1,N,N
2.178989e+02,4.617120e+04,5.388865e-02,3.776952e-02,1.698219e-03,7.323638e+00,1.504262e-03,2.521089e+02,5.751115e+04,2.340791e-01,3.240311e-02,-1.570244e-03,-6.244990e+00,1.715829e-03,3.725156e+01,1.172520e+03,2.219042e-03,2.137171e-03,4.654090e-06,7.131440e-02,2.281332e-06,2,55,N,N
3.089557e+02,9.145784e+04,2.209701e-02,5.899133e-03,4.949611e-05,5.946370e-01,8.506818e-05,3.400603e+02,9.942966e+04,2.418686e-01,3.251409e-02,-2.261871e-03,-8.463155e+00,-3.966704e-03,3.773077e+01,9.834365e+02,1.055637e-03,1.080575e-03,1.154078e-06,3.348401e-02,5.214619e-07,3,76,N,N
-nan,-nan,-nan,-nan,-nan,-nan,-nan,-nan,-nan,-nan,-nan,-nan,-nan,-nan,-nan,-nan,-nan,-nan,-nan,-nan,-nan,0,65,N,N
4.511575e+02,1.897043e+05,1.063103e-02,2.194765e-03,5.092460e-06,5.110800e-02,4.805919e-06,4.714574e+02,1.816118e+05,1.111539e-01,1.398042e-02,-5.416445e-04,-5.944865e+00,-3.570268e-04,3.595859e+01,5.403406e+02,5.635471e-05,6.498736e-05,3.908423e-09,1.510642e-03,-3.467646e-10,0,104,N,N
3.682592e+02,1.261735e+05,1.149695e-02,1.316300e-03,-4.721711e-06,-4.455247e-01,-4.855931e-06,3.882973e+02,1.176349e+05,1.621708e-01,2.226782e-02,-1.193644e-03,-6.990706e+00,-1.473798e-03,3.309322e+01,5.046339e+02,1.734861e-04,1.769021e-04,3.097968e-08,3.973615e-03,1.184890e-09,0,6,N,N
2.511143e+02,6.228521e+04,3.908829e-02,2.890623e-02,9.697739e-04,6.651886e+00,-1.726045e-04,2.759208e+02,5.589257e+04,1.841924e+00,2.665914e-01,-1.857418e-01,-6.252240e+01,-9.724827e-02,2.642973e+01,6.190543e+02,5.127743e-03,5.246791e-03,2.721463e-05,1.304884e-01,2.217120e-05,0,51,N,N
8.779964e+02,3.644758e+05,6.683563e-03,7.140724e-04,-1.325710e-06,-3.796522e-01,-1.347573e-06,8.571408e+02,4.685866e+05,2.799688e-02,4.593376e-03,-3.001972e-05,-2.144005e+00,-5.612874e-05,2.555986e+02,2.740316e+03,4.667470e-04,1.421134e-04,3.490309e-08,3.431978e-03,-2.919553e-09,1,98,N,N
1.183136e+02,1.396374e+04,2.880822e+00,2.865748e+00,8.234083e+00,3.386375e+02,6.756879e-02,1.234491e+02,1.300595e+04,5.717201e+00,3.648482e+00,1.640889e+01,3.427163e+02,3.031117e+00,5.286316e+00,2.637299e+01,1.328475e-03,1.343538e-03,1.794926e-06,6.899601e-03,1.826211e-06,1,80,N,N
1.802598e+02,3.230218e+04,1.008117e-01,9.802802e-02,9.744976e-03,1.746699e+01,-1.552464e-03,1.936231e+02,2.855174e+04,2.110647e+00,3.832119e-01,1.512292e-01,-9.445875e-01,1.574341e-01,1.389962e+01,1.786697e+02,1.570165e-04,3.291821e-05,1.365334e-09,7.967425e-05,-1.468327e-09,0,71,N,N
4.220677e+02,1.692471e+05,1.845860e-02,2.144401e-03,-1.170210e-05,-8.184586e-01,-1.092211e-05,4.512247e+02,1.533672e+05,4.045333e-01,6.034805e-02,-6.332818e-03,-1.888676e+01,-8.904308e-03,3.983899e+01,9.661013e+02,6.377350e-04,6.682909e-04,4.361965e-07,2.074891e-02,8.313831e-08,1,78,N,N
5.164269e+02,2.472413e+05,1.179351e-02,1.461732e-03,-3.854821e-06,-5.697888e-01,-2.816477e-06,5.377711e+02,2.265073e+05,1.774013e-01,2.324440e-02,-1.432153e-03,-1.081439e+01,-1.406881e-03,4.053795e+01,5.948347e+02,1.029675e-04,9.927756e-05,1.000963e-08,2.406093e-03,-1.820575e-09,0,90,N,N
7.559711e+01,5.678145e+03,8.935256e-01,8.579833e-01,7.512249e-01,6.421872e+01,2.270787e-01,9.150451e+01,8.267322e+03,1.215211e+00,1.158271e+00,1.374161e+00,1.028836e+02,2.943132e-01,1.625189e+01,2.558033e+02,2.473949e-03,1.030692e-03,1.546494e-06,1.140676e-02,4.608963e-07,3,57,N,N
5.258242e+02,2.471297e+05,1.035495e-02,1.203298e-03,-3.700676e-06,-5.497988e-01,-3.277222e-06,5.556803e+02,2.347262e+05,1.096773e-01,1.512743e-02,-5.259672e-04,-6.455362e+00,-4.474595e-04,5.861446e+01,1.150574e+03,1.532347e-04,1.509156e-04,2.290673e-08,5.100937e-03,-3.010168e-09,0,20,N,N
-nan,-nan,-nan,-nan,-nan,-nan,-nan,-nan,-nan,-nan,-nan,-nan,-nan,-nan,-nan,-nan,-nan,-nan,-nan,-nan,-nan,2,57,N,N
1.295265e+02,1.671115e+04,2.387530e-02,2.410243e-02,5.781830e-04,3.114010e+00,-2.279872e-05,1.388620e+02,1.445583e+04,2.406895e+00,2.887162e-01,-1.983261e-01,-3.159297e+01,-1.494265e-01,9.592708e+00,8.716526e+01,6.997055e-05,5.169273e-05,3.107945e-09,4.174368e-04,1.273974e-10,2,103,N,N
4.495635e+02,1.826979e+05,1.438667e-02,1.647101e-03,-7.511896e-06,-6.805389e-01,-7.180855e-06,4.631512e+02,1.819669e+05,9.172392e-02,1.235564e-02,-2.783259e-04,-4.080191e+00,-3.810909e-04,3.571949e+01,2.696147e+02,7.333632e-05,6.870105e-05,4.869178e-09,1.122543e-03,-1.066575e-09,2,88,N,N
9.255002e+02,4.694952e+05,2.520284e-03,3.245428e-04,-9.296733e-08,-1.163607e-01,-6.144878e-08,9.204567e+02,4.768582e+05,3.675241e-02,6.032091e-03,-8.976213e-05,-4.165278e+00,-9.776379e-05,2.385230e+02,2.724849e+03,2.072673e-04,1.341056e-04,2.234639e-08,3.286466e-03,-2.521930e-09,0,82,N,N
1.725864e+02,2.893823e+04,5.519426e-02,3.591604e-02,1.589280e-03,5.299371e+00,-1.953931e-04,2.164066e+02,4.538796e+04,8.680773e-02,2.349468e-02,7.720615e-04,1.662016e+00,-5.737093e-04,4.629734e+01,1.928240e+03,2.794795e-03,1.747964e-03,3.828064e-06,6.614368e-02,8.806996e-08,3,50,N,N
4.485359e+02,1.806763e+05,1.895209e-02,2.164763e-03,-1.321903e-05,-8.928718e-01,-1.253537e-05,4.805020e+02,1.713727e+05,2.065236e-01,3.038791e-02,-1.849923e-03,-1.016009e+01,-1.609772e-03,5.548326e+01,1.233360e+03,5.228492e-04,4.244633e-04,1.997359e-07,1.466827e-02,-1.322490e-08,0,35,N,N
7.388109e+02,4.534473e+05,8.358847e-03,9.445945e-04,-2.537259e-06,-6.195787e-01,-2.602441e-06,8.014026e+02,3.742993e+05,1.403013e-01,2.252014e-02,-1.263629e-03,-1.374607e+01,-1.319896e-03,1.280203e+02,6.595937e+03,4.358558e-04,4.553139e-04,2.019943e-07,3.629746e-02,-1.125238e-08,1,85,N,N
3.921658e+02,1.479644e+05,2.113032e-02,6.132561e-03,5.520539e-05,9.466683e-01,9.301036e-05,4.115591e+02,1.401676e+05,3.189726e-01,4.020687e-02,-4.408938e-03,-1.491440e+01,-4.853623e-03,2.689987e+01,4.259599e+02,1.734214e-04,1.854864e-04,3.323454e-08,3.807814e-03,2.276963e-09,0,89,N,N
6.232829e+02,3.732291e+05,7.243769e-03,9.028001e-04,-1.408344e-06,-4.241870e-01,-1.321364e-06,6.912273e+02,2.968873e+05,5.940468e-01,8.677420e-02,-1.958260e-02,-4.698459e+01,-2.097068e-02,8.032744e+01,4.763402e+03,8.614779e-04,8.981615e-04,7.899459e-07,6.137931e-02,2.878195e-07,2,56,N,N
6.505512e+01,4.186913e+03,2.487019e-01,1.655729e-01,3.343035e-02,9.388306e+00,-5.692707e-03,6.764467e+01,3.866298e+03,2.052869e-01,2.034408e-01,4.142136e-02,9.959290e+00,4.632523e-02,2.983316e+00,7.251088e+00,3.265560e-04,3.512843e-04,1.189739e-07,9.448397e-04,1.417035e-07,1,79,N,N
1.888850e+02,3.543057e+04,2.915939e-01,2.821815e-01,8.094332e-02,5.275223e+01,1.711366e-02,2.014514e+02,3.129046e+04,2.363372e+00,6.732196e-01,5.671938e-01,2.519252e+01,7.995565e-01,1.322358e+01,1.598205e+02,1.359728e-03,1.411980e-03,1.956416e-06,1.782591e-02,1.374020e-06,0,69,N,N
7.209329e+01,5.072579e+03,1.016968e-01,8.737819e-02,8.234739e-03,5.983879e+00,4.435657e-03,8.977848e+01,8.003769e+03,1.287637e-01,1.129056e-01,1.361087e-02,9.607156e+00,2.403882e-03,1.855699e+01,3.127675e+02,7.705082e-04,9.679635e-05,-1.612521e-08,-1.285224e-03,-2.679005e-08,2,96,N,N
6.084879e+02,3.565719e+05,1.971512e-02,1.249430e-02,1.947034e-04,6.537619e+00,-2.280692e-05,6.811538e+02,3.225472e+05,4.528474e-01,6.462347e-02,-1.098420e-02,-3.669456e+01,-4.370683e-03,8.417339e+01,5.318248e+03,1.250562e-03,1.365827e-03,1.784532e-06,9.846139e-02,9.381960e-07,0,87,N,N
5.698967e+02,3.232040e+05,1.126701e+01,1.122731e+01,1.262752e+02,6.382797e+03,6.032491e+00,6.151000e+02,2.813620e+05,1.375895e+01,1.134883e+01,1.415206e+02,5.352494e+03,8.302107e+01,4.679217e+01,2.043836e+03,9.208227e-04,8.557729e-04,7.595879e-07,3.665785e-02,2.890966e-07,0,21,N,N
4.529365e+02,2.017985e+05,4.352360e-02,4.006078e-02,1.672741e-03,1.777329e+01,-3.155140e-04,4.927790e+02,1.780919e+05,8.501548e-01,1.237387e-01,-2.836671e-02,-4.414354e+01,-6.895078e-03,4.367589e+01,1.588492e+03,9.809866e-04,1.122510e-03,1.177831e-06,4.468146e-02,1.012233e-06,0,46,N,N
3.703606e+02,1.309252e+05,1.590073e-02,2.014080e-03,-6.379559e-06,-5.378515e-01,-4.537536e-06,3.852699e+02,1.204587e+05,2.863002e-01,3.607523e-02,-3.595309e-03,-1.242334e+01,-3.437660e-03,2.344949e+01,2.744515e+02,9.062662e-05,9.163432e-05,8.336487e-09,1.507137e-03,-9.981408e-10,1,89,N,N
5.801534e+02,3.053599e+05,1.116146e-02,1.479283e-03,-2.507711e-06,-5.229254e-01,-1.332278e-06,6.095258e+02,2.777420e+05,1.477651e-01,1.934382e-02,-1.033487e-03,-1.019255e+01,-8.981978e-04,5.695983e+01,1.188800e+03,1.116798e-04,1.078393e-04,1.175709e-08,3.707545e-03,-2.626236e-09,1,60,N,N
1.121455e+02,1.256809e+04,2.889641e+01,2.885033e+01,8.330061e+02,3.233494e+03,8.591516e+01,1.225045e+02,1.382301e+04,3.175892e+01,2.951734e+01,9.037422e+02,3.326657e+03,-1.837322e+02,1.048811e+01,1.083158e+02,1.150380e-03,2.724682e-04,9.665317e-08,5.572655e-04,1.760961e-08,1,37,N,N
1.592448e+02,2.464999e+04,8.623986e-02,6.666518e-02,5.048480e-03,9.775971e+00,3.837818e-03,1.987640e+02,3.860347e+04,1.029595e-01,6.103309e-02,4.780001e-03,9.324124e+00,-6.323788e-04,4.181394e+01,1.562291e+03,1.396237e-03,4.370078e-04,2.818616e-07,7.039660e-03,1.909722e-08,1,76,N,N
4.526649e+02,1.936585e+05,1.447132e-02,2.701229e-03,5.672210e-06,-9.078036e-02,1.246604e-05,4.814895e+02,1.832681e+05,2.321002e-01,2.991525e-02,-2.442609e-03,-1.244596e+01,-3.056933e-03,4.155237e+01,8.875103e+02,2.588241e-04,2.129928e-04,4.996286e-08,6.121095e-03,2.274867e-09,3,67,N,N
5.436332e+02,2.917612e+05,1.351999e-01,1.324602e-01,1.772620e-02,7.153207e+01,9.547445e-04,5.842289e+02,2.661698e+05,1.169522e+00,1.994793e-01,1.109012e-03,-3.929867e+01,7.254146e-02,4.412442e+01,1.651337e+03,5.603534e-04,6.379095e-04,3.807608e-07,2.525264e-02,2.274800e-07,0,44,N,N
4.622108e+02,1.995166e+05,2.191310e-02,7.472389e-03,8.328064e-05,1.752942e+00,1.310947e-04,4.798133e+02,1.878662e+05,1.635318e-01,2.457236e-02,-6.819794e-04,-7.702782e+00,-3.987815e-04,3.317538e+01,4.365550e+02,7.832282e-05,8.073236e-05,6.391063e-09,1.683744e-03,-1.333339e-09,1,101,N,N
1.100671e+02,1.208001e+04,6.674442e+00,6.616783e+00,4.397217e+01,7.260901e+02,-2.813491e+00,1.297756e+02,1.057537e+04,1.701997e+01,5.109981e+00,3.271155e+01,1.740091e+02,-2.883970e+01,1.987248e+01,3.895462e+02,1.074427e-01,1.023664e-01,1.073547e-02,2.003059e+00,7.157636e-03,1,74,N,N
3.875375e+02,1.468002e+05,5.315038e-01,4.972798e-01,2.556511e-01,1.888572e+02,-4.841544e-02,4.240092e+02,1.451037e+05,9.216460e-01,4.533552e-01,2.776915e-01,9.961355e+01,-9.307461e-02,4.135287e+01,1.330642e+03,6.145932e-04,6.376117e-04,3.986333e-07,2.182069e-02,1.140068e-07,2,74,N,N
1.186624e+02,1.384281e+04,8.075135e-02,5.681421e-02,3.835702e-03,6.016787e+00,3.352919e-03,1.415955e+02,1.948556e+04,1.675398e-01,3.524534e-02,1.308985e-03,-4.875289e-02,2.612905e-03,2.394007e+01,5.264869e+02,2.807974e-03,2.187255e-03,5.412883e-06,4.602727e-02,1.049489e-06,1,25,N,N
4.210553e+02,1.738536e+05,9.475620e-02,8.102744e-02,7.098012e-03,3.260113e+01,3.842570e-03,4.650773e+02,1.535264e+05,1.124198e+00,1.803070e-01,-5.028013e-02,-5.638913e+01,-1.469161e-02,4.818756e+01,1.980115e+03,2.971678e-03,3.101012e-03,9.413338e-06,1.378364e-01,5.972389e-06,3,94,N,N
9.960035e+02,5.110547e+05,4.686332e-03,5.239056e-04,-5.553547e-07,-2.876230e-01,-5.432239e-07,9.389151e+02,6.105385e+05,1.991272e-02,2.886573e-03,-2.119719e-05,-2.207130e+00,-2.585371e-05,2.267816e+02,9.812360e+03,1.394045e-04,4.949798e-05,4.111605e-09,1.054645e-03,-8.345845e-10,1,68,N,N
1.355207e+02,1.776175e+04,3.927091e-02,2.630154e-02,8.411727e-04,3.121338e+00,8.056737e-04,1.928942e+02,3.621093e+04,4.943670e-02,2.331173e-02,7.631512e-04,2.766477e+00,-5.259968e-05,5.966706e+01,3.295772e+03,2.289676e-03,6.015343e-04,5.078230e-07,8.060235e-03,1.429186e-07,3,58,N,N
4.844815e+02,2.163364e+05,1.364605e-02,2.844636e-03,8.670692e-06,7.894597e-02,1.699246e-05,5.067305e+02,2.063005e+05,1.433757e-01,1.824310e-02,-9.246744e-04,-8.278249e+00,-1.055473e-03,4.167319e+01,6.440840e+02,1.023009e-04,1.086309e-04,1.141552e-08,2.754543e-03,-1.210977e-09,0,31,N,N
3.821403e+02,1.378203e+05,2.155465e-02,9.925717e-03,1.392499e-04,2.722243e+00,1.871231e-04,4.359148e+02,1.504534e+05,2.178959e-01,2.895563e-02,-2.210211e-03,-1.061487e+01,-2.959326e-03,6.483872e+01,2.931234e+03,1.386406e-03,1.484960e-03,2.130271e-06,7.947325e-02,9.862734e-07,3,52,N,N
5.490325e+02,2.709587e+05,2.069720e-02,2.464311e-03,-1.358007e-05,-1.110930e+00,-1.361203e-05,5.741953e+02,2.454528e+05,2.297492e-01,3.022763e-02,-2.383212e-03,-1.457949e+01,-2.363554e-03,5.368810e+01,1.130817e+03,1.694572e-04,1.256946e-04,1.829397e-08,4.221998e-03,-2.132722e-09,0,33,N,N
5.588507e+02,2.854365e+05,1.268253e-02,1.873817e-03,-1.165790e-06,-4.390288e-01,6.014034e-07,5.866232e+02,2.637849e+05,1.626952e-01,2.166548e-02,-1.282392e-03,-1.107925e+01,-1.015594e-03,5.240001e+01,9.778897e+02,1.749475e-04,1.683488e-04,2.883061e-08,5.235324e-03,-4.014681e-09,2,90,N,N
2.422071e+02,5.828411e+04,6.566187e-02,5.391488e-02,3.206195e-03,1.235262e+01,-6.850250e-04,2.642334e+02,5.334333e+04,2.343860e+00,3.215291e-01,-2.791214e-01,-7.424975e+01,-1.179015e-01,2.282071e+01,4.892356e+02,5.623387e-03,5.761282e-03,3.279271e-05,1.274224e-01,2.694103e-05,1,42,N,N
6.319384e+02,3.772132e+05,8.870951e-03,2.603691e-03,1.001472e-05,6.551082e-01,5.395533e-06,6.743438e+02,3.298418e+05,2.798567e-01,4.156131e-02,-3.108414e-03,-1.915315e+01,-3.033019e-03,6.022112e+01,1.956573e+03,2.429930e-04,2.722955e-04,6.977075e-08,1.193721e-02,5.134100e-09,1,50,N,N
4.355343e+02,1.870899e+05,1.968210e+01,1.955599e+01,3.836677e+02,8.455081e+03,5.794091e+01,4.843444e+02,1.782505e+05,1.995928e+01,1.943557e+01,3.827942e+02,7.702668e+03,-4.134069e+01,5.259468e+01,2.388934e+03,1.752477e-03,2.078952e-04,-1.089662e-07,-9.214396e-03,-7.185555e-08,1,102,N,N
8.188530e+02,4.170687e+05,6.737150e-03,7.299161e-04,-1.615508e-06,-4.681016e-01,-1.640419e-06,8.411937e+02,4.516762e+05,4.336252e-02,7.726962e-03,-6.155135e-05,-3.211852e+00,-1.295290e-04,1.967714e+02,2.925433e+03,3.083676e-04,2.812713e-04,8.199105e-08,1.236119e-02,-1.170896e-08,3,73,N,N
9.775569e+02,4.057311e+05,4.247442e-03,4.280497e-04,-5.579659e-07,-2.680554e-01,-5.567428e-07,9.070971e+02,5.005277e+05,1.868731e-02,2.917617e-03,-2.145256e-05,-2.061803e+00,-2.138718e-05,2.701608e+02,1.370394e+04,2.362918e-04,6.204135e-05,7.311014e-09,2.531858e-03,-3.363653e-10,2,77,N,N
2.310556e+02,5.198922e+04,1.763995e-02,2.878810e-03,1.959698e-06,-1.923586e-01,4.929656e-06,2.464548e+02,4.563644e+04,5.672916e-01,7.969310e-02,-1.692375e-02,-1.701080e+01,-1.443960e-02,1.844667e+01,2.522113e+02,6.573451e-04,6.855741e-04,4.602266e-07,1.086132e-02,1.737835e-07,3,65,N,N
3.476586e+02,1.145615e+05,1.904763e-02,8.368039e-03,1.002987e-04,1.962090e+00,1.725773e-05,3.785499e+02,1.146828e+05,2.040489e-01,2.585739e-02,-1.865745e-03,-8.756463e+00,-5.122347e-04,4.010965e+01,1.008037e+03,4.268862e-04,4.804220e-04,2.175057e-07,1.522167e-02,8.622102e-08,0,57,N,N
3.850593e+02,1.413405e+05,2.496941e-01,2.114302e-01,4.856368e-02,7.660282e+01,-1.024966e-02,4.445258e+02,1.610883e+05,3.520737e-01,1.805480e-01,4.315592e-02,3.333097e+01,-1.735407e-02,6.911481e+01,3.537567e+03,8.667537e-04,5.518444e-04,3.787084e-07,2.518128e-02,-3.008779e-08,1,51,N,N
3.562377e+02,1.221815e+05,2.014767e-02,5.663219e-03,4.656094e-05,7.337705e-01,7.816231e-05,3.844673e+02,1.093688e+05,5.468422e-01,7.693660e-02,-1.567976e-02,-2.522401e+01,-1.922604e-02,3.500292e+01,8.496352e+02,9.187664e-04,9.688944e-04,9.140934e-07,2.820419e-02,3.644514e-07,3,51,N,N
7.724942e+01,5.858230e+03,6.851920e-01,6.222381e-01,4.062671e-01,4.649264e+01,-8.631992e-02,1.036528e+02,1.061510e+04,1.148777e+00,1.143651e+00,1.310866e+00,1.162970e+02,1.526495e+00,2.715961e+01,6.983499e+02,1.501909e-02,8.806175e-03,9.994695e-05,1.912610e-01,8.074890e-05,0,66,N,N
2.090416e+02,4.330759e+04,8.116513e-01,8.048086e-01,6.504646e-01,1.672858e+02,5.583245e-02,2.284138e+02,3.956836e+04,1.448063e+00,7.783013e-01,8.241182e-01,1.124259e+02,6.972038e-01,2.031111e+01,3.760576e+02,5.761195e-04,4.930828e-04,2.627902e-07,9.264621e-03,3.126706e-07,0,60,N,N
3.567293e+02,1.226796e+05,1.366475e-01,1.130795e-01,1.404994e-02,3.808791e+01,-2.951085e-03,4.374297e+02,1.583933e+05,4.647551e-01,8.143822e-02,-2.122369e-03,-1.812328e+01,-9.525668e-03,8.774768e+01,6.513651e+03,7.262357e-03,7.030451e-03,5.023582e-05,5.502762e-01,2.818502e-05,2,12,N,N
5.136747e+02,2.558757e+05,2.297588e-02,1.753772e-02,3.515858e-04,8.327659e+00,-7.362862e-05,5.517965e+02,2.273551e+05,4.592893e-01,6.683245e-02,-6.421670e-03,-2.509387e+01,-2.136641e-03,4.600542e+01,1.460099e+03,1.771910e-04,2.388710e-04,4.891453e-08,8.925949e-03,1.695970e-08,1,66,N,N
6.588463e+02,4.170242e+05,3.977451e-02,2.678374e-02,8.702046e-04,1.556830e+01,8.131850e-04,7.288371e+02,3.894416e+05,5.278126e-01,7.564045e-02,-1.446707e-02,-4.638310e+01,-1.339880e-02,8.345068e+01,5.081148e+03,2.108688e-03,2.231970e-03,4.841555e-06,1.589307e-01,2.586058e-06,2,95,N,N
4.695357e+02,2.059161e+05,1.999083e-02,7.177292e-03,7.677584e-05,1.904238e+00,2.493014e-05,5.178254e+02,2.039847e+05,2.102937e-01,2.924928e-02,-2.290400e-03,-1.305535e+01,-7.894223e-04,6.421087e+01,2.422734e+03,7.290556e-04,8.101137e-04,6.221576e-07,3.944898e-02,1.799401e-07,1,44,N,N
5.975758e+02,3.426957e+05,3.049862e-01,2.733027e-01,7.889865e-02,1.573332e+02,3.915328e-02,7.251737e+02,3.690921e+05,7.959094e-01,2.151524e-01,3.895074e-02,-1.661945e+01,1.133422e-01,1.415849e+02,1.628164e+04,8.223224e-03,7.940814e-03,6.416795e-05,9.831174e-01,3.363938e-05,3,87,N,N
2.178049e+02,4.471968e+04,1.027725e-01,8.071337e-02,7.345461e-03,1.554667e+01,-1.266062e-03,3.492172e+02,1.030483e+05,1.300478e+00,2.625589e-01,-2.684008e-02,-1.962451e+01,1.196169e-01,1.377821e+02,1.736166e+04,1.170126e-01,1.080725e-01,1.215302e-02,1.413084e+01,7.808324e-03,1,71,N,N
4.870258e+02,2.157802e+05,1.291432e-02,1.461108e-03,-6.229660e-06,-6.723914e-01,-6.112863e-06,5.003677e+02,2.090158e+05,9.633383e-02,1.230854e-02,-3.768779e-04,-5.158477e+00,-4.327779e-04,3.584719e+01,2.669409e+02,4.895012e-05,4.601914e-05,2.172342e-09,7.465581e-04,-5.698470e-10,2,86,N,N
-nan,-nan,-nan,-nan,-nan,-nan,-nan,-nan,-nan,-nan,-nan,-nan,-nan,-nan,-nan,-nan,-nan,-nan,-nan,-nan,-nan,0,37,N,N
1.853950e+02,3.410158e+04,5.147980e+00,5.104208e+00,2.616441e+01,9.421292e+02,-2.617089e+00,2.287189e+02,4.631292e+04,6.988065e+00,5.409248e+00,3.316631e+01,1.023816e+03,2.378828e+01,4.424144e+01,1.882656e+03,6.393537e-03,4.869332e-03,2.713639e-05,1.902939e-01,7.667498e-06,1,41,N,N
3.317312e+02,1.029552e+05,2.491245e-02,7.623190e-03,8.619370e-05,1.120462e+00,1.414749e-04,3.883847e+02,1.332078e+05,1.414772e-01,1.871038e-02,-7.379698e-04,-5.346670e+00,-1.347367e-03,6.763920e+01,3.213510e+03,1.862245e-03,1.672912e-03,2.952305e-06,8.900320e-02,7.687418e-07,3,82,N,N
8.714291e+01,7.384898e+03,1.199421e-01,8.322328e-02,8.284019e-03,6.352802e+00,7.494930e-03,1.095134e+02,1.191663e+04,1.368755e-01,1.468545e-01,2.082063e-02,1.600287e+01,1.494456e-02,2.358109e+01,5.006745e+02,3.529019e-03,1.379640e-03,2.787844e-06,1.855694e-02,9.051305e-07,2,89,N,N
3.756376e+02,1.352040e+05,2.043016e-02,2.339972e-03,-1.490586e-05,-8.195898e-01,-1.374982e-05,3.911063e+02,1.256191e+05,3.092366e-01,4.051082e-02,-4.413805e-03,-1.407574e+01,-4.022392e-03,2.341525e+01,3.202145e+02,1.993495e-04,1.933891e-04,3.796825e-08,3.460540e-03,-1.009459e-09,0,50,N,N
1.071487e+02,1.140648e+04,1.354613e+00,1.326573e+00,1.778297e+00,1.410584e+02,2.419487e-01,1.244642e+02,1.499508e+04,1.685014e+00,1.411290e+00,2.175175e+00,1.592363e+02,-3.450697e-01,1.767081e+01,3.004579e+02,1.028023e-03,3.842466e-04,2.185208e-07,3.749014e-03,-4.342048e-09,2,101,N,N
3.107713e+02,9.366007e+04,7.927257e-02,5.730633e-02,3.852651e-03,1.603656e+01,-6.279738e-04,3.391662e+02,9.150031e+04,6.167542e-01,9.259036e-02,-1.134098e-02,-2.157513e+01,4.171073e-04,3.326756e+01,8.252812e+02,1.181384e-03,1.278563e-03,1.571244e-06,3.654756e-02,7.937846e-07,0,29,N,N
3.132289e+02,9.736880e+04,1.537024e+02,1.533582e+02,2.354511e+04,4.784831e+04,2.026356e+03,3.348384e+02,8.670326e+04,1.464155e+02,1.565457e+02,2.369257e+04,4.472550e+04,2.971329e+03,2.302546e+01,4.671361e+02,6.680869e-03,4.413137e-03,2.381016e-05,8.506540e-02,2.485440e-05,0,81,N,N
4.066149e+02,1.532596e+05,1.091250e-02,1.244465e-03,-4.432216e-06,-4.776418e-01,-4.553314e-06,4.463474e+02,1.255981e+05,2.673194e-01,4.046573e-02,-4.052301e-03,-1.393057e+01,-4.525994e-03,5.486399e+01,1.695109e+03,5.646034e-04,5.737259e-04,3.264677e-07,2.315532e-02,2.443884e-08,1,97,N,N
3.691037e+02,1.309227e+05,1.467035e-02,3.314582e-03,1.349018e-05,1.471372e-01,1.162499e-05,3.896005e+02,1.231071e+05,2.930893e-01,4.284102e-02,-2.437962e-03,-9.483382e+00,-2.814453e-03,2.777719e+01,4.441603e+02,2.282089e-04,1.713062e-04,3.378509e-08,3.359058e-03,-1.707787e-09,1,67,N,N
6.213186e+02,3.301272e+05,8.740283e-03,1.025116e-03,-2.603133e-06,-5.333393e-01,-2.251933e-06,6.631254e+02,2.871197e+05,1.193927e-01,1.901303e-02,-8.679619e-04,-9.969490e+00,-7.610126e-04,8.859766e+01,2.584256e+03,3.936085e-04,4.024058e-04,1.598011e-07,2.039668e-02,-1.170173e-08,0,78,N,N
6.049677e+02,3.227055e+05,9.816487e-03,1.108485e-03,-3.617140e-06,-6.264614e-01,-3.548143e-06,6.479024e+02,2.772995e+05,1.670660e-01,2.568236e-02,-1.632005e-03,-1.325343e+01,-1.743312e-03,7.984650e+01,2.529895e+03,4.223909e-04,4.078969e-04,1.691281e-07,2.051625e-02,-1.256877e-08,2,78,N,N
5.118276e+02,2.463089e+05,1.332458e-02,1.538780e-03,-6.249524e-06,-7.123609e-01,-6.427350e-06,5.688937e+02,2.450477e+05,3.028031e-01,4.937652e-02,-2.077949e-03,-1.256092e+01,-5.339256e-03,7.266064e+01,3.349807e+03,1.164341e-03,1.211322e-03,1.438529e-06,6.920774e-02,5.061206e-07,2,47,N,N
2.046954e+02,4.176285e+04,3.439152e+01,3.430295e+01,1.178210e+03,7.007784e+03,5.094691e+01,2.202011e+02,3.926101e+04,4.091093e+01,3.247878e+01,1.180939e+03,5.863280e+03,-1.845354e+02,1.584186e+01,2.431278e+02,6.686094e-03,6.921770e-03,4.708769e-05,1.076811e-01,4.940267e-05,2,63,N,N
2.226529e+02,4.804995e+04,2.707797e-02,3.929284e-03,-6.995658e-06,-4.224804e-01,5.583565e-07,2.306257e+02,4.462045e+04,3.532694e-01,4.781670e-02,-5.672661e-03,-9.600458e+00,-5.318111e-03,1.142272e+01,7.526896e+01,2.266552e-04,2.199879e-04,4.912215e-08,1.901717e-03,2.806718e-09,0,72,N,N
1.186472e+02,1.387206e+04,4.411658e-01,4.137717e-01,1.767806e-01,4.811227e+01,6.291176e-02,1.570480e+02,2.312645e+04,8.683516e-01,3.203335e-01,1.499361e-01,2.298026e+01,7.856705e-03,3.933652e+01,1.476038e+03,1.218989e-02,1.051107e-02,1.189520e-04,3.832704e-01,5.554189e-05,0,9,N,N
5.084538e+02,2.307671e+05,1.269707e-02,1.439401e-03,-6.046000e-06,-6.837099e-01,-6.136072e-06,5.382771e+02,2.186763e+05,1.290331e-01,1.843530e-02,-7.574967e-04,-7.425298e+00,-9.637608e-04,5.793214e+01,1.167777e+03,2.820881e-04,2.075836e-04,5.008781e-08,6.974534e-03,-6.404615e-09,3,85,N,N
4.941119e+02,2.288415e+05,1.646122e-02,3.391273e-03,1.183952e-05,7.092462e-02,2.335967e-05,5.251673e+02,2.060514e+05,2.357485e-01,3.234099e-02,-2.770614e-03,-1.462239e+01,-3.071337e-03,4.694193e+01,1.072743e+03,2.589111e-04,2.683433e-04,7.069631e-08,8.639048e-03,-6.165523e-10,2,70,N,N
3.464781e+02,1.161182e+05,2.042863e-02,8.017395e-03,9.461858e-05,1.707871e+00,1.396575e-04,3.650584e+02,1.101828e+05,2.840591e-01,3.800619e-02,-3.554842e-03,-1.213368e+01,-3.562993e-03,2.431444e+01,3.718001e+02,2.437347e-04,2.580684e-04,6.471594e-08,4.963819e-03,2.043460e-08,2,59,N,N
3.440086e+02,1.179582e+05,1.529135e+00,1.520108e+00,2.317579e+00,5.220186e+02,-1.402045e-01,3.642904e+02,1.068335e+05,3.778052e+00,1.647567e+00,3.739498e+00,3.107139e+02,-5.084070e-02,2.097175e+01,4.113684e+02,1.207415e-03,1.304013e-03,1.636213e-06,2.642649e-02,1.535201e-06,1,12,N,N
4.750437e+02,2.063545e+05,2.113605e-02,4.713200e-03,2.694429e-05,3.410198e-01,5.113086e-05,5.143829e+02,2.245940e+05,1.141149e-01,1.413515e-02,-5.489475e-04,-6.372682e+00,-7.478228e-04,6.024404e+01,1.602751e+03,3.474119e-04,3.329791e-04,1.131790e-07,1.267469e-02,-3.596001e-10,3,83,N,N
2.546009e+02,6.315737e+04,3.406068e-02,1.788216e-02,4.315629e-04,3.538682e+00,1.314039e-05,2.730679e+02,6.161289e+04,4.288959e-01,5.755482e-02,-7.727885e-03,-1.365494e+01,-2.463617e-03,2.179018e+01,3.507530e+02,4.850001e-04,5.160279e-04,2.581125e-07,9.592383e-03,1.082977e-07,0,62,N,N
1.787037e+02,3.140377e+04,3.188694e-02,5.823979e-03,2.423133e-05,-1.201024e-01,3.002140e-05,1.943660e+02,2.838674e+04,1.333160e+00,2.035110e-01,-8.170311e-02,-2.955876e+01,-6.215571e-02,1.715489e+01,2.582528e+02,4.024902e-03,4.074940e-03,1.650283e-05,6.547576e-02,8.870245e-06,3,64,N,N
3.162711e+02,9.851198e+04,1.236885e-01,1.121465e-01,1.320734e-02,3.449575e+01,-2.707131e-03,3.461021e+02,9.370579e+04,9.912673e-01,1.582073e-01,-1.959309e-02,-3.008884e+01,3.483984e-03,3.227422e+01,8.981650e+02,1.867061e-03,2.022423e-03,3.929831e-06,6.053669e-02,2.877924e-06,2,69,N,N
1.806905e+02,3.189616e+04,4.430730e-01,4.029956e-01,1.702799e-01,7.049477e+01,-3.583545e-02,2.352484e+02,5.350100e+04,6.704252e-01,4.248083e-01,2.246527e-01,8.121503e+01,1.838791e-01,5.677607e+01,2.979178e+03,4.940389e-03,1.956479e-03,5.624833e-06,6.404522e-02,-3.251364e-07,1,47,N,N
4.628059e+02,2.136698e+05,3.875582e+00,3.868286e+00,1.497774e+01,1.787760e+03,6.245494e-01,4.921959e+02,1.954965e+05,1.022244e+01,5.908059e+00,4.467977e+01,1.979141e+03,5.967090e+01,2.996447e+01,8.662026e+02,6.367792e-03,6.358769e-03,4.046256e-05,1.869137e-01,3.327600e-05,1,75,N,N
1.998658e+02,3.896478e+04,1.834235e-01,1.635371e-01,2.832106e-02,3.156114e+01,1.291972e-02,2.330062e+02,4.866789e+04,2.759906e-01,1.322346e-01,2.393938e-02,1.610841e+01,9.916867e-03,3.570514e+01,1.098953e+03,8.686791e-04,7.922163e-04,6.571956e-07,2.445147e-02,2.099210e-07,1,59,N,N
4.074166e+02,1.583261e+05,1.122390e-01,9.082675e-02,9.164572e-03,3.469821e+01,-1.901385e-03,5.275221e+02,2.114899e+05,5.360676e-01,7.933208e-02,-1.367572e-02,-3.478168e+01,-2.913252e-03,1.304818e+02,1.442536e+04,1.414276e-02,1.425415e-02,2.023828e-04,1.678226e+00,1.274088e-04,0,12,N,N
2.044307e+02,4.146956e+04,6.642563e-02,3.050843e-02,1.317035e-03,4.405953e+00,1.778116e-03,2.138915e+02,3.786305e+04,2.640374e+00,3.812913e-01,-2.239924e-01,-5.590147e+01,-2.204527e-01,1.025278e+01,9.507571e+01,1.118376e-03,1.116944e-03,1.248360e-06,1.089094e-02,6.613586e-07,0,40,N,N
8.431815e+02,3.484152e+05,4.639659e-03,4.866180e-04,-7.236502e-07,-2.862871e-01,-7.145776e-07,8.376398e+02,3.548287e+05,3.466239e-02,6.491118e-03,-9.704924e-05,-3.861275e+00,-9.796864e-05,2.475126e+02,5.838264e+03,5.191583e-04,2.678997e-04,9.983482e-08,1.316628e-02,-1.856156e-08,0,64,N,N
3.072170e+02,9.426567e+04,3.770907e-02,3.801206e-02,1.439146e-03,1.166315e+01,-8.674835e-05,3.207082e+02,8.638599e+04,9.725518e+00,1.230243e+00,-3.579394e+00,-3.246731e+02,-3.370233e+00,1.368873e+01,1.820944e+02,1.312545e-03,1.290096e-03,1.678759e-06,1.730463e-02,1.288444e-06,3,66,N,N
8.938248e+02,5.805409e+05,6.081133e-03,8.817229e-04,-4.509127e-07,-2.750346e-01,-3.930508e-08,1.019575e+03,6.944820e+05,6.110116e-02,1.629004e-02,1.000053e-04,-2.983477e+00,1.069153e-05,2.629587e+02,1.637992e+04,2.613545e-03,2.652677e-03,6.983552e-06,3.321169e-01,1.417433e-06,1,72,N,N
9.570705e+02,4.534776e+05,5.361844e-03,5.657523e-04,-9.835318e-07,-3.803599e-01,-1.026059e-06,9.425180e+02,5.209510e+05,3.394609e-02,6.378008e-03,-5.835769e-05,-3.444189e+00,-9.494771e-05,2.707383e+02,4.763981e+03,4.791512e-04,2.922554e-04,1.092318e-07,9.663097e-03,-2.429406e-08,0,4,N,N
6.907927e+01,4.709108e+03,5.457799e-01,5.181746e-01,2.755615e-01,3.507873e+01,-4.804078e-02,9.586870e+01,8.968550e+03,1.040421e+00,9.989744e-01,1.018412e+00,9.285138e+01,1.165046e+00,2.724722e+01,7.183380e+02,9.895570e-03,7.018768e-03,5.831480e-05,1.679013e-01,6.413954e-05,2,50,N,N
1.016488e+02,9.917046e+03,3.531247e-02,2.022826e-02,5.331068e-04,1.637705e+00,6.107795e-04,1.259112e+02,1.544595e+04,1.296080e-01,8.837792e-02,9.411288e-03,9.808655e+00,1.086251e-02,2.632777e+01,5.888968e+02,4.280772e-03,3.666037e-03,1.451759e-05,8.564029e-02,1.730510e-05,0,61,N,N
5.335565e+02,2.648420e+05,1.219735e-02,2.533450e-03,6.882644e-06,8.889450e-02,6.373660e-06,5.646723e+02,2.434328e+05,1.824678e-01,2.396402e-02,-1.561766e-03,-1.180791e+01,-1.134444e-03,5.013170e+01,1.142786e+03,1.433727e-04,1.478203e-04,2.144137e-08,4.956519e-03,-1.992737e-09,3,60,N,N
4.365433e+02,1.899556e+05,2.630980e+01,2.619098e+01,6.875218e+02,1.141171e+04,-5.045599e+01,4.866392e+02,1.837517e+05,3.377046e+01,2.392499e+01,6.717898e+02,8.652984e+03,-1.142405e+02,5.098647e+01,2.509686e+03,3.560070e-02,3.543516e-02,1.258579e-03,1.762535e+00,9.813995e-04,3,75,N,N
2.455563e+02,5.850249e+04,2.231029e-02,1.271180e-02,2.110632e-04,2.525932e+00,-7.236193e-06,2.607901e+02,5.339970e+04,4.138089e-01,5.913661e-02,-6.531738e-03,-1.189947e+01,-3.067696e-03,1.892672e+01,2.444375e+02,2.774163e-04,2.930015e-04,8.350996e-08,4.568672e-03,3.251037e-08,1,62,N,N
2.114455e+02,4.307675e+04,2.364187e-02,3.769977e-03,1.635536e-06,-2.646190e-01,6.864830e-06,2.259721e+02,3.964069e+04,4.894910e-01,7.506361e-02,-7.156295e-03,-9.899358e+00,-1.021706e-02,1.843500e+01,2.310491e+02,5.969779e-04,6.224644e-04,3.794183e-07,9.427050e-03,8.785557e-08,2,80,N,N
2.377940e+02,5.360731e+04,1.526463e-02,1.999336e-03,-5.058876e-06,-3.082872e-01,-3.034457e-06,2.626151e+02,5.188706e+04,3.215904e-01,5.298549e-02,-3.073275e-03,-7.541013e+00,-2.707921e-03,3.111034e+01,6.794970e+02,1.504696e-03,1.590384e-03,2.460161e-06,4.143700e-02,1.113831e-06,0,91,N,N
5.529202e+02,3.014030e+05,3.892872e-02,2.367054e-02,7.116359e-04,1.096541e+01,-4.696861e-05,5.933698e+02,2.726445e+05,1.224817e+00,1.660709e-01,-7.292679e-02,-8.578425e+01,-3.912076e-02,4.439035e+01,1.687413e+03,1.540926e-03,1.573541e-03,2.450217e-06,6.456095e-02,1.409417e-06,1,95,N,N
5.153642e+01,2.623857e+03,1.069212e+00,1.005796e+00,1.043011e+00,5.081259e+01,-2.161067e-01,6.877091e+01,4.654794e+03,2.271226e+00,2.353033e+00,5.439662e+00,1.605372e+02,5.383526e+00,1.766532e+01,3.012086e+02,4.807548e-02,4.339826e-02,1.982114e-03,7.348821e-01,2.345876e-03,1,103,N,N
3.785787e+02,1.344516e+05,1.920367e-02,2.219975e-03,-1.298008e-05,-7.665074e-01,-1.329044e-05,3.900625e+02,1.267539e+05,1.931925e-01,2.446824e-02,-1.597340e-03,-8.415039e+00,-1.563980e-03,2.338722e+01,2.141350e+02,7.202792e-05,6.957710e-05,4.920033e-09,1.018112e-03,-1.004064e-09,0,68,N,N
4.213892e+02,1.675131e+05,1.108317e-02,1.436496e-03,-2.776583e-06,-4.057895e-01,-1.703779e-06,4.417518e+02,1.516441e+05,2.123649e-01,2.854746e-02,-1.899154e-03,-1.032049e+01,-2.052097e-03,3.246880e+01,5.092534e+02,1.130078e-04,1.224463e-04,1.437533e-08,2.761318e-03,-1.789981e-11,2,104,N,N
3.408567e+02,1.112256e+05,4.472171e-02,2.762591e-02,9.626033e-04,8.003970e+00,1.004763e-03,4.058984e+02,1.375125e+05,2.623682e-01,3.388960e-02,-3.085509e-03,-1.254514e+01,-1.477986e-03,7.256476e+01,4.240586e+03,3.199031e-03,3.101044e-03,9.767213e-06,1.957018e-01,4.114279e-06,2,52,N,N
1.063402e+02,1.090718e+04,6.051762e-02,2.051919e-02,6.294381e-04,1.084664e+00,9.901975e-04,1.382757e+02,1.902651e+04,3.664047e-02,3.914571e-02,1.482524e-03,5.388987e+00,1.558838e-03,3.383993e+01,1.020055e+03,4.913309e-03,1.266272e-03,2.194972e-06,1.038754e-02,-1.534699e-06,3,89,N,N
9.029823e+02,2.838933e+05,1.668927e-04,3.222739e-05,2.198773e-10,-5.764307e-03,3.391147e-10,9.006994e+02,2.880249e+05,2.048190e-02,5.192733e-03,-4.968740e-05,-2.653539e+00,-5.512672e-05,3.695386e+02,2.182597e+04,5.742642e-04,4.138089e-04,2.005004e-07,3.744117e-02,-1.755880e-08,0,30,N,N
3.291127e+02,1.053276e+05,1.022903e-02,1.286619e-03,-2.684719e-06,-3.157723e-01,-2.475314e-06,3.492865e+02,9.264929e+04,4.498652e-01,5.998603e-02,-9.757657e-03,-1.814016e+01,-9.889518e-03,2.474443e+01,4.402202e+02,2.675113e-04,2.783042e-04,7.592711e-08,5.819800e-03,2.097370e-08,3,104,N,N
3.427098e+02,1.173064e+05,5.118350e+01,5.110546e+01,2.613762e+03,1.750176e+04,7.229514e+01,3.566077e+02,1.089679e+05,5.892581e+01,5.137081e+01,2.823723e+03,1.596189e+04,1.309678e+03,1.410945e+01,1.941921e+02,2.070792e-03,2.079800e-03,4.316182e-06,2.885864e-02,3.015560e-06,0,45,N,N
5.169952e+02,2.396601e+05,1.419704e-02,1.605821e-03,-7.513275e-06,-7.744934e-01,-7.066019e-06,5.466194e+02,2.292500e+05,1.433820e-01,2.038247e-02,-7.778105e-04,-7.815315e+00,-6.855936e-04,5.707846e+01,9.956658e+02,2.239702e-04,2.353862e-04,5.394999e-08,7.304893e-03,-3.963795e-09,1,70,N,N
1.021082e+03,5.908008e+05,5.299458e-03,5.815135e-04,-9.632525e-07,-4.255034e-01,-9.929952e-07,1.009574e+03,6.936124e+05,2.588437e-02,4.320669e-03,-3.000523e-05,-2.694741e+00,-4.910206e-05,2.419153e+02,4.340298e+03,3.166752e-04,1.575783e-04,3.508010e-08,6.531425e-03,-5.687534e-09,1,99,N,N
9.558159e+02,6.288151e+05,7.711788e-03,9.129602e-04,-2.020113e-06,-6.464720e-01,-2.050755e-06,9.960020e+02,5.885881e+05,6.733294e-02,1.088274e-02,-2.665884e-04,-7.817834e+00,-3.363487e-04,2.034373e+02,2.529003e+03,5.402834e-04,2.997559e-04,1.186130e-07,1.471551e-02,-1.489067e-08,2,98,N,N
1.643362e+02,2.691179e+04,4.093161e-01,4.004429e-01,1.621213e-01,6.552177e+01,-1.659174e-02,1.836669e+02,2.578570e+04,6.305558e+00,8.620412e-01,-1.900312e+00,-1.346629e+02,-1.390504e-01,1.962166e+01,3.739274e+02,2.961297e-02,2.995211e-02,8.920345e-04,5.789525e-01,8.118228e-04,0,19,N,N
1.813318e+02,3.266737e+04,1.833917e-01,1.678603e-01,2.945050e-02,2.976265e+01,1.097070e-02,1.933060e+02,2.906730e+04,2.387840e+00,4.276972e-01,-2.312546e-02,-3.381538e+01,1.494852e-01,1.256923e+01,1.453672e+02,1.225279e-03,1.267379e-03,1.579279e-06,1.523098e-02,9.857520e-07,3,69,N,N
2.886825e+02,8.290322e+04,6.540441e+00,6.493085e+00,4.231361e+01,1.869059e+03,3.041808e+00,3.105477e+02,7.801373e+04,8.023562e+00,6.288218e+00,4.449452e+01,1.495700e+03,1.955217e+01,2.268904e+01,4.781635e+02,1.240422e-03,1.242606e-03,1.542506e-06,2.634236e-02,8.279349e-07,0,24,N,N
4.867896e+02,2.106646e+05,1.241129e-02,1.393574e-03,-5.776757e-06,-6.376590e-01,-5.841825e-06,5.161500e+02,2.132797e+05,9.459357e-02,1.367291e-02,-2.743786e-04,-4.212317e+00,-4.671820e-04,5.722857e+01,8.812576e+02,1.495731e-04,1.649921e-04,2.586268e-08,4.621435e-03,-2.591125e-10,3,70,N,N
3.455038e+02,1.129166e+05,1.447021e-02,1.618010e-03,-7.829005e-06,-5.436982e-01,-7.834443e-06,3.603773e+02,1.059066e+05,2.330884e-01,2.977086e-02,-2.034183e-03,-8.676773e+00,-2.564066e-03,2.434661e+01,2.479573e+02,8.729538e-05,9.661557e-05,8.853562e-09,1.506163e-03,4.920146e-11,2,100,N,N
1.687587e+02,2.826362e+04,1.320181e+01,1.311391e+01,1.725500e+02,2.203272e+03,-1.766919e+01,1.859739e+02,2.791976e+04,1.159855e+01,1.390753e+01,1.760682e+02,2.250912e+03,6.042943e+01,1.800632e+01,2.983810e+02,9.571847e-03,8.853213e-03,8.149635e-05,1.506934e-01,9.805549e-05,3,103,N,N
1.185450e+02,1.396263e+04,7.151977e-02,8.045503e-03,-1.846632e-04,-9.271754e-01,-1.839527e-04,1.261606e+02,1.498864e+04,1.197373e+00,1.900267e-01,-5.852046e-03,-9.512396e+00,-5.952920e-02,8.049913e+00,5.799819e+01,3.825433e-03,3.651784e-03,1.364822e-05,2.761208e-02,1.105448e-05,0,93,N,N
1.033491e+02,1.067240e+04,8.011811e-02,7.490467e-02,5.802574e-03,7.584938e+00,2.208610e-03,1.123999e+02,8.926751e+03,1.419224e+01,1.600131e+00,-4.136227e+00,-1.142601e+02,-4.460367e+00,9.094762e+00,8.215433e+01,1.972508e-03,1.785501e-03,3.350620e-06,1.574493e-02,4.021902e-06,3,71,N,N
5.142669e+02,2.525662e+05,3.973203e-02,2.611928e-02,8.367503e-04,1.166306e+01,-1.072603e-04,5.631417e+02,2.328580e+05,3.804559e-01,5.977208e-02,-5.902644e-03,-2.435288e+01,-6.734374e-04,6.080267e+01,2.500118e+03,9.668993e-04,1.009240e-03,9.966688e-07,5.016764e-02,3.446222e-07,3,53,N,N
5.043731e+02,2.474222e+05,1.082941e-02,1.515423e-03,-1.529156e-06,-3.921370e-01,-3.777795e-07,5.322203e+02,2.359831e+05,3.378635e-01,4.495876e-02,-5.152239e-03,-2.029926e+01,-6.424311e-03,3.483663e+01,8.095317e+02,3.159573e-04,2.907658e-04,8.813028e-08,8.145909e-03,2.251012e-08,3,54,N,N
9.789275e+01,9.333785e+03,7.339300e-01,6.781540e-01,4.784132e-01,6.439682e+01,1.987662e-01,1.307556e+02,1.659029e+04,1.377903e+00,1.487271e+00,2.129084e+00,1.913949e+02,2.002493e+00,3.421195e+01,1.085028e+03,2.738875e-02,2.335332e-02,5.903941e-04,7.436374e-01,6.987451e-04,3,100,N,N
9.628620e+02,3.476751e+05,3.817161e-03,3.594695e-04,-4.033563e-07,-2.091032e-01,-4.148716e-07,8.651209e+02,4.823929e+05,1.453940e-02,2.229000e-03,-1.048065e-05,-1.396569e+00,-1.295248e-05,2.755473e+02,1.557371e+04,1.911925e-04,3.893437e-05,3.351897e-09,7.096030e-06,-4.950711e-10,0,77,N,N
3.657969e+02,1.305576e+05,7.619112e-02,6.412776e-02,4.481030e-03,2.235993e+01,2.473136e-03,3.969730e+02,1.216482e+05,6.084327e-01,1.019426e-01,-5.285345e-03,-2.024260e+01,1.273379e-02,3.574433e+01,9.851969e+02,7.356513e-04,8.414732e-04,6.617073e-07,2.627332e-02,3.651957e-07,2,48,N,N
5.104242e+02,2.438708e+05,1.079628e-02,1.365269e-03,-2.959405e-06,-5.002343e-01,-2.021434e-06,5.314898e+02,2.235244e+05,1.780778e-01,2.276441e-02,-1.419788e-03,-1.063602e+01,-1.348605e-03,3.765758e+01,5.285119e+02,8.631319e-05,7.664839e-05,6.223254e-09,1.709079e-03,-1.255420e-09,3,74,N,N
3.294751e+02,1.059854e+05,1.151897e-02,1.314713e-03,-4.700551e-06,-4.084552e-01,-4.297860e-06,3.499791e+02,9.331925e+04,6.121389e-01,8.406052e-02,-1.899524e-02,-2.567074e+01,-1.817073e-02,2.443151e+01,4.343902e+02,5.379585e-04,5.215968e-04,2.762936e-07,1.075428e-02,1.018316e-07,0,41,N,N
3.964460e+02,1.421710e+05,1.424844e-02,1.635435e-03,-7.378597e-06,-5.939449e-01,-7.583067e-06,4.178154e+02,1.267968e+05,1.618624e-01,2.159992e-02,-1.248113e-03,-7.567865e+00,-1.232301e-03,4.076248e+01,5.170113e+02,1.391778e-04,1.249391e-04,1.647100e-08,2.691628e-03,-3.043971e-09,3,84,N,N
4.417077e+02,1.814947e+05,1.235165e-02,2.357089e-03,4.641779e-06,-5.743431e-02,9.962552e-06,4.698651e+02,1.643570e+05,1.820776e-01,2.436104e-02,-1.598349e-03,-9.867398e+00,-1.771571e-03,4.389666e+01,9.321190e+02,1.583619e-04,1.613802e-04,2.577325e-08,4.887171e-03,-1.170904e-09,0,7,N,N
3.308504e+02,1.019016e+05,1.590003e-02,1.937493e-03,-7.672084e-06,-5.174940e-01,-6.508370e-06,3.548527e+02,9.629462e+04,1.932707e-01,2.979740e-02,-1.243445e-03,-6.181737e+00,-1.881380e-03,3.565090e+01,6.503002e+02,4.062523e-04,3.691276e-04,1.429317e-07,9.214124e-03,-3.814152e-09,2,65,N,N
1.983453e+02,3.898173e+04,1.813327e-02,2.028624e-03,-1.206346e-05,-3.961234e-01,-1.165033e-05,2.097822e+02,3.486252e+04,1.412390e+00,1.951302e-01,-9.833035e-02,-3.555640e+01,-9.147278e-02,1.234477e+01,1.369021e+02,1.234258e-03,1.234534e-03,1.523903e-06,1.444464e-02,9.261880e-07,0,5,N,N
6.743165e+01,4.513945e+03,1.211584e+00,1.187628e+00,1.424613e+00,7.939843e+01,2.341887e-01,9.795496e+01,9.282572e+03,2.381211e+00,1.642865e+00,3.235097e+00,1.374766e+02,1.142107e+00,3.076924e+01,9.319491e+02,4.538101e-03,1.311082e-03,2.512483e-06,1.456940e-02,4.091035e-07,2,49,N,N
