1.013683e+07,6.842773e+12,2.270475e+17,2.325356e+07,2.884715e+13,6.040039e+18,2.237084e+07,2.373333e+13,4.527987e+18,9.211323e+06,5.917811e+12,2.059446e+17,0,57
1.018338e+07,7.148253e+12,4.890278e+17,2.420959e+07,3.349477e+13,7.749047e+18,2.323395e+07,2.624455e+13,5.074751e+18,1.068015e+07,7.775178e+12,5.278180e+17,0,58
9.426761e+06,5.890647e+12,3.234042e+17,2.486100e+07,3.255207e+13,6.950274e+18,2.267834e+07,2.629639e+13,5.936757e+18,9.145896e+06,5.949254e+12,5.065207e+17,0,78
7.396132e+06,4.821054e+12,4.160593e+17,2.345832e+07,3.689457e+13,8.695175e+18,2.287308e+07,2.721602e+13,5.564666e+18,6.562339e+06,3.760222e+12,2.100171e+17,2,51
9.861574e+06,6.486068e+12,4.906432e+17,2.563863e+07,3.552971e+13,7.892985e+18,2.394682e+07,2.902982e+13,6.140422e+18,9.837658e+06,6.854605e+12,5.561758e+17,2,78
1.215533e+07,1.172620e+13,1.381517e+18,2.960294e+07,3.948408e+13,9.613039e+18,2.453891e+07,2.340652e+13,3.787664e+18,1.469341e+07,1.623868e+13,3.222016e+18,2,55
5.648717e+06,3.096377e+12,2.459159e+17,1.755568e+07,2.957391e+13,6.989701e+18,1.824103e+07,2.634859e+13,6.324524e+18,5.629819e+06,3.297392e+12,2.506737e+17,1,54
7.983296e+06,4.817247e+12,2.621633e+17,2.058007e+07,2.846873e+13,7.160999e+18,2.284695e+07,2.458981e+13,4.644116e+18,7.585213e+06,4.232615e+12,1.334549e+17,0,33
1.500230e+07,1.395546e+13,1.440660e+18,2.659769e+07,3.408928e+13,8.302525e+18,2.496086e+07,2.785467e+13,5.548808e+18,1.353097e+07,1.221064e+13,1.485396e+18,1,45
9.504052e+06,5.991936e+12,4.601793e+17,2.198713e+07,3.269593e+13,6.925854e+18,1.978509e+07,2.281306e+13,4.322766e+18,9.668970e+06,5.991961e+12,4.796308e+17,0,75
1.372539e+07,1.438323e+13,1.591975e+18,2.895140e+07,4.499664e+13,1.462416e+19,2.693445e+07,3.869093e+13,9.800917e+18,1.206426e+07,1.109187e+13,1.222597e+18,0,79
1.158484e+07,1.111284e+13,1.330773e+18,2.838320e+07,3.794316e+13,8.711684e+18,2.534654e+07,2.556652e+13,4.345475e+18,1.340628e+07,1.389428e+13,2.696221e+18,0,55
9.506777e+06,7.014350e+12,6.372060e+17,2.210779e+07,3.465652e+13,8.745550e+18,2.150624e+07,2.570297e+13,6.330285e+18,9.463048e+06,6.560323e+12,5.121068e+17,2,102
1.100546e+07,7.620830e+12,2.568234e+17,2.308404e+07,2.810555e+13,6.012872e+18,2.198132e+07,2.471663e+13,4.644711e+18,1.009597e+07,6.539917e+12,1.738131e+17,0,83
1.281957e+07,1.097268e+13,6.517338e+17,2.716725e+07,3.432024e+13,7.578036e+18,2.570928e+07,2.857901e+13,5.111519e+18,1.241879e+07,9.444202e+12,5.412189e+17,0,63
9.445187e+06,7.329304e+12,7.046625e+17,2.320800e+07,3.855338e+13,1.174542e+19,2.435143e+07,3.418167e+13,8.784688e+18,9.142913e+06,6.815778e+12,6.492352e+17,0,87
1.203797e+07,1.050540e+13,1.072680e+18,2.684450e+07,3.941526e+13,1.088718e+19,2.414725e+07,3.003382e+13,7.239468e+18,1.262995e+07,1.060392e+13,1.228071e+18,3,72
1.414532e+07,1.413833e+13,1.958758e+18,2.527571e+07,3.816454e+13,8.858737e+18,2.442508e+07,2.637721e+13,5.063354e+18,1.305370e+07,1.144136e+13,1.682818e+18,2,64
1.599978e+07,1.926115e+13,3.717661e+18,2.880107e+07,4.444570e+13,1.149549e+19,2.793775e+07,3.472061e+13,7.180019e+18,1.542397e+07,1.622422e+13,3.397373e+18,1,35
1.457883e+07,1.312315e+13,9.368544e+17,2.266452e+07,2.408214e+13,5.127253e+18,2.361132e+07,2.191196e+13,3.162875e+18,1.170714e+07,8.833593e+12,5.407721e+17,2,62
1.313858e+07,1.101698e+13,4.911582e+17,2.727115e+07,3.257262e+13,7.262158e+18,2.579753e+07,2.543651e+13,4.048768e+18,1.217864e+07,9.457677e+12,4.580969e+17,0,43
1.237611e+07,1.098223e+13,1.409002e+18,2.712291e+07,4.363023e+13,1.173237e+19,2.488611e+07,2.998336e+13,6.206849e+18,1.266238e+07,1.043681e+13,1.488794e+18,1,25
1.011177e+07,6.847943e+12,2.242680e+17,2.377460e+07,3.065255e+13,6.512057e+18,2.267084e+07,2.503331e+13,4.961838e+18,9.040329e+06,5.641262e+12,1.747113e+17,2,57
5.662106e+06,3.812562e+12,4.114370e+17,2.048086e+07,3.792046e+13,1.005847e+19,1.685603e+07,1.861156e+13,3.844375e+18,6.446930e+06,3.473494e+12,2.204445e+17,1,37
1.833905e+07,2.173855e+13,4.706419e+18,2.741375e+07,3.929117e+13,1.093139e+19,2.561736e+07,3.043855e+13,6.627765e+18,1.509922e+07,1.573644e+13,3.147222e+18,1,99
1.200431e+07,9.125312e+12,1.001722e+18,2.385035e+07,3.474743e+13,7.912997e+18,2.088410e+07,2.755111e+13,6.042086e+18,1.114810e+07,8.343825e+12,1.035937e+18,2,66
9.774065e+06,6.901230e+12,3.539978e+17,2.400563e+07,3.265724e+13,7.913093e+18,2.269248e+07,2.785179e+13,5.379432e+18,8.937865e+06,5.952923e+12,2.838519e+17,0,8
1.102867e+07,8.641570e+12,8.301980e+17,2.205122e+07,2.966779e+13,7.308216e+18,2.156077e+07,2.734205e+13,6.399948e+18,9.432229e+06,6.328960e+12,5.191335e+17,3,68
6.961241e+06,3.859640e+12,2.936542e+17,1.868006e+07,2.642287e+13,5.466182e+18,1.915463e+07,2.232017e+13,4.693000e+18,8.412444e+06,5.325119e+12,3.562496e+17,0,91
1.624026e+07,1.692281e+13,1.957979e+18,2.953296e+07,3.735949e+13,8.616984e+18,2.649040e+07,2.708800e+13,4.157852e+18,1.472106e+07,1.429289e+13,2.390526e+18,1,80
1.038607e+07,7.959380e+12,5.651977e+17,2.668714e+07,3.877414e+13,9.999224e+18,2.503764e+07,2.929389e+13,6.447164e+18,1.061538e+07,7.601498e+12,6.320573e+17,3,48
8.269985e+06,6.471096e+12,6.616520e+17,2.623411e+07,4.602379e+13,1.357434e+19,2.519601e+07,3.788866e+13,1.024280e+19,7.962046e+06,5.592387e+12,4.350822e+17,1,59
7.887009e+06,5.086766e+12,4.395706e+17,2.296316e+07,3.026101e+13,5.769539e+18,1.953959e+07,1.898079e+13,3.192384e+18,9.422600e+06,6.016528e+12,5.358034e+17,3,64
1.335184e+07,1.218421e+13,7.451714e+17,2.523837e+07,2.972012e+13,7.113580e+18,2.427775e+07,2.479571e+13,5.116289e+18,1.230039e+07,1.027310e+13,7.786186e+17,1,74
1.179253e+07,9.664965e+12,5.245983e+17,2.977651e+07,4.521348e+13,1.183485e+19,3.022374e+07,3.654208e+13,7.858787e+18,1.191806e+07,1.005687e+13,6.568030e+17,2,47
1.832342e+07,2.153157e+13,2.309464e+18,3.300938e+07,4.188841e+13,1.025679e+19,2.910928e+07,3.264586e+13,6.084673e+18,1.592118e+07,1.632660e+13,2.398631e+18,0,13
1.501512e+07,1.449218e+13,1.660018e+18,2.689649e+07,3.038692e+13,6.825250e+18,2.621029e+07,2.581386e+13,4.291443e+18,1.482286e+07,1.469598e+13,2.022547e+18,2,56
6.480230e+06,4.200969e+12,4.198767e+17,1.831915e+07,3.032335e+13,7.083488e+18,1.827702e+07,2.155693e+13,4.692178e+18,7.113741e+06,4.069545e+12,2.790115e+17,0,37
1.495549e+07,1.469662e+13,1.020121e+18,2.873883e+07,3.559374e+13,7.601696e+18,2.819317e+07,2.900076e+13,5.070992e+18,1.425845e+07,1.242512e+13,9.261965e+17,0,18
1.148189e+07,9.988468e+12,1.450206e+18,2.695492e+07,3.830738e+13,1.022135e+19,2.278141e+07,2.501143e+13,5.699825e+18,1.352176e+07,1.221623e+13,2.013211e+18,0,85
6.483405e+06,4.054243e+12,3.144594e+17,2.135358e+07,3.398273e+13,8.481571e+18,2.020660e+07,2.453866e+13,5.508966e+18,7.080564e+06,4.369920e+12,3.647669e+17,3,81
8.279485e+06,5.767094e+12,4.695555e+17,2.247174e+07,2.901882e+13,6.669896e+18,2.131581e+07,2.363371e+13,4.575960e+18,9.169493e+06,6.386510e+12,5.439968e+17,0,71
5.162849e+06,2.612068e+12,1.886794e+17,1.729820e+07,2.689335e+13,6.603436e+18,1.636648e+07,2.354562e+13,5.066532e+18,5.090316e+06,2.781412e+12,2.289838e+17,2,54
1.285776e+07,1.110376e+13,8.666852e+17,2.557193e+07,3.348979e+13,8.667251e+18,2.340981e+07,2.371814e+13,4.529315e+18,1.304612e+07,1.064648e+13,9.274294e+17,0,0
1.221744e+07,1.160277e+13,1.863210e+18,2.562589e+07,3.618046e+13,8.842436e+18,2.314815e+07,2.350612e+13,4.888770e+18,1.347518e+07,1.271766e+13,2.181184e+18,3,85
1.544697e+07,1.688335e+13,3.030888e+18,2.554301e+07,3.605582e+13,8.526488e+18,2.365944e+07,2.738499e+13,5.536371e+18,1.404118e+07,1.398754e+13,2.458512e+18,0,10
1.665145e+07,1.703424e+13,2.100162e+18,2.701921e+07,3.282358e+13,7.110196e+18,2.479871e+07,2.474171e+13,4.058102e+18,1.441731e+07,1.430598e+13,2.586307e+18,0,80
9.144372e+06,6.641510e+12,5.784923e+17,2.309544e+07,3.117589e+13,7.854572e+18,2.154358e+07,2.363155e+13,5.442276e+18,1.093084e+07,8.380998e+12,9.669153e+17,0,92
1.132633e+07,8.453475e+12,2.292572e+17,2.406184e+07,2.837564e+13,5.439797e+18,2.414272e+07,2.591723e+13,4.529802e+18,1.069728e+07,7.804390e+12,2.853174e+17,1,89
1.285090e+07,1.127022e+13,1.006428e+18,2.392374e+07,2.760653e+13,5.418390e+18,2.269198e+07,2.159367e+13,3.524023e+18,1.243180e+07,9.816920e+12,9.544991e+17,1,82
1.539226e+07,1.555468e+13,1.566349e+18,2.445998e+07,2.597439e+13,5.244831e+18,2.402968e+07,2.268774e+13,3.537506e+18,1.372455e+07,1.272485e+13,1.767779e+18,2,90
1.203066e+07,9.841559e+12,5.603005e+17,2.886059e+07,3.937009e+13,9.510396e+18,2.848266e+07,3.334554e+13,6.356872e+18,1.310096e+07,1.158328e+13,1.010031e+18,3,47
1.394293e+07,1.178420e+13,7.895154e+17,2.421349e+07,2.599954e+13,5.321156e+18,2.355801e+07,2.387588e+13,3.832178e+18,1.208440e+07,9.596028e+12,6.929749e+17,1,62
1.181587e+07,9.077451e+12,7.933074e+17,2.250009e+07,2.702524e+13,5.429294e+18,2.213229e+07,2.489117e+13,4.626581e+18,1.093415e+07,7.367960e+12,6.208001e+17,3,58
1.199046e+07,9.669440e+12,9.164098e+17,2.391198e+07,2.707663e+13,5.402930e+18,2.279104e+07,2.220281e+13,3.442536e+18,1.238517e+07,9.400872e+12,8.541176e+17,0,82
9.917992e+06,6.963775e+12,3.339436e+17,2.301633e+07,3.268575e+13,8.372539e+18,2.417624e+07,3.046134e+13,7.137306e+18,1.006304e+07,6.761844e+12,2.931354e+17,1,41
1.274888e+07,1.096727e+13,5.680084e+17,2.682868e+07,3.320183e+13,7.625479e+18,2.732304e+07,2.987175e+13,5.795530e+18,1.206610e+07,9.666755e+12,6.299535e+17,1,43
1.470063e+07,1.586321e+13,1.686551e+18,2.973639e+07,4.378156e+13,1.314539e+19,2.865041e+07,3.837132e+13,8.967678e+18,1.413866e+07,1.387516e+13,1.413166e+18,1,79
1.587969e+07,1.574535e+13,1.280981e+18,3.043704e+07,3.459706e+13,7.591881e+18,2.884228e+07,3.053068e+13,6.142950e+18,1.460418e+07,1.369560e+13,1.028010e+18,1,49
8.996494e+06,6.119250e+12,4.235578e+17,2.419588e+07,3.497764e+13,9.342472e+18,2.196410e+07,2.297370e+13,4.066484e+18,1.094325e+07,8.036677e+12,6.652534e+17,1,71
1.457026e+07,1.383176e+13,1.023616e+18,2.977589e+07,3.439157e+13,7.775328e+18,2.949220e+07,3.069420e+13,6.046056e+18,1.465098e+07,1.328808e+13,8.504488e+17,0,49
1.020831e+07,8.149907e+12,7.792619e+17,2.414585e+07,3.370508e+13,8.523909e+18,2.205376e+07,2.898416e+13,7.448864e+18,8.656501e+06,5.780513e+12,5.882404e+17,1,68
1.574566e+07,1.612673e+13,1.803103e+18,3.121134e+07,4.701496e+13,1.491416e+19,2.906238e+07,4.127931e+13,1.052118e+19,1.501500e+07,1.562914e+13,1.832409e+18,2,79
1.463193e+07,1.395445e+13,1.198266e+18,2.472359e+07,2.477458e+13,4.717164e+18,2.484668e+07,2.275789e+13,3.576918e+18,1.328483e+07,1.174710e+13,1.583804e+18,0,90
1.256931e+07,1.121915e+13,5.524434e+17,3.051141e+07,4.407637e+13,1.201973e+19,3.191743e+07,4.263272e+13,9.801248e+18,1.093528e+07,9.101145e+12,5.585394e+17,3,70
1.030850e+07,7.245348e+12,4.590805e+17,2.285495e+07,3.099834e+13,6.799362e+18,2.298996e+07,2.690604e+13,6.010733e+18,1.049154e+07,8.080867e+12,7.297779e+17,0,96
1.440318e+07,1.270130e+13,1.041623e+18,2.456171e+07,2.949262e+13,6.713940e+18,2.268679e+07,2.344133e+13,4.703422e+18,1.337066e+07,1.117763e+13,9.544805e+17,1,0
1.495429e+07,1.498871e+13,1.196513e+18,2.917761e+07,3.806751e+13,9.849075e+18,2.732053e+07,3.173315e+13,7.089440e+18,1.352154e+07,1.277182e+13,1.241535e+18,3,86
9.632079e+06,6.760536e+12,3.196056e+17,2.378084e+07,3.403171e+13,9.095345e+18,2.304883e+07,2.732684e+13,6.053620e+18,9.576439e+06,6.224846e+12,2.257018e+17,0,41
9.385837e+06,7.336724e+12,7.187779e+17,2.349886e+07,3.338557e+13,7.900909e+18,2.249344e+07,2.496448e+13,5.838226e+18,1.056590e+07,7.954741e+12,9.433671e+17,3,92
1.363992e+07,1.250450e+13,1.213594e+18,2.536438e+07,3.032731e+13,6.362533e+18,2.474748e+07,2.812036e+13,5.901838e+18,1.204236e+07,1.006434e+13,1.031059e+18,0,15
1.380370e+07,1.245489e+13,1.575251e+18,2.193578e+07,2.829677e+13,5.749165e+18,2.189975e+07,2.279084e+13,3.982031e+18,1.234383e+07,9.887067e+12,1.401727e+18,1,64
1.156660e+07,9.446584e+12,1.056007e+18,2.918751e+07,5.297943e+13,1.399396e+19,2.599653e+07,3.649336e+13,8.573886e+18,1.183267e+07,9.777056e+12,9.401365e+17,0,24
1.352885e+07,1.219320e+13,1.660416e+18,2.568272e+07,3.329588e+13,7.479212e+18,2.354757e+07,2.813039e+13,6.072662e+18,1.177884e+07,9.032738e+12,1.073166e+18,1,78
8.719285e+06,7.111852e+12,6.525772e+17,2.596990e+07,3.970413e+13,1.219465e+19,2.634484e+07,3.392226e+13,9.039506e+18,8.507284e+06,6.524000e+12,6.432253e+17,3,76
1.138305e+07,8.369314e+12,6.661068e+17,2.325463e+07,3.353075e+13,8.820766e+18,2.188595e+07,2.766518e+13,6.487339e+18,1.031620e+07,7.282835e+12,6.642062e+17,1,102
1.220849e+07,9.462570e+12,7.914476e+17,2.361757e+07,2.901890e+13,6.350030e+18,2.136435e+07,2.237129e+13,4.047241e+18,1.104662e+07,7.763402e+12,6.553154e+17,1,58
1.063088e+07,7.955850e+12,4.003030e+17,2.694008e+07,3.606910e+13,8.232316e+18,2.525198e+07,2.840240e+13,5.994973e+18,1.158514e+07,9.485521e+12,5.274503e+17,1,104
1.016794e+07,7.182084e+12,3.168304e+17,2.247474e+07,2.507610e+13,5.133621e+18,2.576220e+07,3.317605e+13,8.682795e+18,8.094791e+06,5.882448e+12,5.696649e+17,0,61
8.801616e+06,6.629508e+12,7.312156e+17,2.099430e+07,3.080630e+13,6.842930e+18,2.012578e+07,2.243079e+13,4.539151e+18,1.002916e+07,7.083994e+12,8.301861e+17,1,94
1.248665e+07,1.048473e+13,4.699677e+17,3.105014e+07,4.122081e+13,1.079705e+19,3.106881e+07,4.111457e+13,9.030296e+18,1.067864e+07,8.729655e+12,4.958941e+17,1,70
1.589692e+07,1.631387e+13,2.796629e+18,2.474984e+07,3.463656e+13,8.967752e+18,2.362197e+07,2.487659e+13,5.248411e+18,1.403171e+07,1.426099e+13,2.685363e+18,0,99
1.173499e+07,9.618754e+12,5.540546e+17,2.938257e+07,4.113974e+13,1.005333e+19,2.859421e+07,3.280319e+13,6.258339e+18,1.170631e+07,9.627340e+12,6.942924e+17,1,47
8.790233e+06,5.356617e+12,2.675750e+17,2.062764e+07,2.538647e+13,5.098552e+18,1.989676e+07,2.361552e+13,4.361660e+18,8.741390e+06,4.892394e+12,2.783418e+17,2,53
1.056787e+07,7.909312e+12,7.634007e+17,2.302661e+07,3.174899e+13,6.468431e+18,2.191377e+07,2.789277e+13,4.734294e+18,1.179815e+07,8.204668e+12,8.680264e+17,0,38
6.944929e+06,3.592642e+12,1.138593e+17,2.209771e+07,2.649824e+13,5.748105e+18,2.071367e+07,2.139412e+13,3.906910e+18,7.612931e+06,4.394508e+12,2.293845e+17,0,50
1.506161e+07,1.775220e+13,2.970300e+18,3.637677e+07,6.311887e+13,2.087658e+19,2.972992e+07,3.874405e+13,1.040536e+19,1.878238e+07,2.339056e+13,5.308087e+18,0,30
1.064593e+07,8.508028e+12,3.686186e+17,2.690976e+07,3.380477e+13,7.472550e+18,2.606279e+07,2.926561e+13,5.729710e+18,1.057987e+07,7.559696e+12,3.571131e+17,3,60
1.360553e+07,1.266516e+13,5.661931e+17,2.634381e+07,3.063051e+13,7.263305e+18,2.465474e+07,2.568568e+13,4.876746e+18,1.206241e+07,9.556066e+12,6.688177e+17,2,100
1.214355e+07,1.045590e+13,5.527441e+17,2.937023e+07,3.534909e+13,7.458758e+18,2.703750e+07,2.825459e+13,4.492074e+18,1.175123e+07,9.510032e+12,8.466432e+17,0,103
6.943594e+06,4.382603e+12,3.869187e+17,2.143807e+07,3.128927e+13,7.250590e+18,2.295267e+07,2.685452e+13,5.594109e+18,6.318558e+06,3.540910e+12,1.966474e+17,1,51
1.423503e+07,1.276665e+13,1.194899e+18,2.850478e+07,3.512532e+13,8.126525e+18,2.630382e+07,2.734072e+13,5.082504e+18,1.478442e+07,1.474041e+13,2.005128e+18,0,56
1.239666e+07,1.038932e+13,9.508289e+17,2.619951e+07,3.204360e+13,6.781485e+18,2.385906e+07,2.302756e+13,3.432306e+18,1.330419e+07,1.064131e+13,1.067177e+18,2,82
1.720374e+07,1.848459e+13,1.775737e+18,3.246416e+07,4.070559e+13,9.505400e+18,2.995760e+07,3.438297e+13,7.464949e+18,1.536259e+07,1.563993e+13,1.344858e+18,2,49
1.558890e+07,1.497640e+13,9.260314e+17,2.876200e+07,3.319336e+13,7.581843e+18,2.697355e+07,2.791127e+13,4.997225e+18,1.411027e+07,1.289196e+13,9.571845e+17,2,88
1.148433e+07,1.075288e+13,1.276197e+18,2.775803e+07,3.769286e+13,8.645765e+18,2.634925e+07,2.635038e+13,4.400182e+18,1.316979e+07,1.342553e+13,2.550211e+18,1,55
1.256064e+07,1.055355e+13,8.055020e+17,2.762053e+07,3.317020e+13,7.308692e+18,2.413165e+07,2.716537e+13,5.188926e+18,1.211735e+07,9.055172e+12,8.029394e+17,0,14
1.012155e+07,6.574577e+12,3.774401e+17,2.088319e+07,2.525272e+13,4.897188e+18,2.099026e+07,2.570464e+13,4.997551e+18,9.460741e+06,5.834591e+12,3.692836e+17,3,53
1.406532e+07,1.380383e+13,1.021923e+18,3.059755e+07,3.953307e+13,9.029596e+18,2.781765e+07,3.145437e+13,5.364211e+18,1.471138e+07,1.493787e+13,2.203285e+18,0,101
1.129788e+07,1.004928e+13,6.377891e+17,2.959672e+07,5.598383e+13,1.982213e+19,3.037684e+07,4.660086e+13,1.265113e+19,9.969196e+06,8.365186e+12,5.619838e+17,2,67
1.633615e+07,1.771993e+13,2.285366e+18,2.877155e+07,3.995513e+13,1.115807e+19,2.683672e+07,3.068192e+13,7.230724e+18,1.452276e+07,1.383565e+13,1.865295e+18,0,6
7.347199e+06,4.847921e+12,3.043757e+17,2.214212e+07,3.669919e+13,1.042019e+19,2.143932e+07,2.844922e+13,6.732101e+18,6.878030e+06,4.478317e+12,3.094364e+17,0,40
1.159520e+07,1.013885e+13,1.065770e+18,2.753414e+07,3.763720e+13,9.952974e+18,2.411269e+07,3.153958e+13,8.079383e+18,1.335586e+07,1.129017e+13,1.859067e+18,0,16
7.678510e+06,4.465516e+12,2.007025e+17,2.097637e+07,2.788909e+13,5.668760e+18,1.954601e+07,2.153038e+13,4.192763e+18,7.820719e+06,4.553641e+12,2.401576e+17,2,77
1.012305e+07,8.176454e+12,4.624732e+17,2.748682e+07,4.730869e+13,1.533337e+19,2.953749e+07,4.553483e+13,1.234033e+19,9.554159e+06,7.820085e+12,6.146471e+17,3,67
1.693248e+07,2.342397e+13,7.212211e+18,3.267471e+07,4.911059e+13,1.462656e+19,3.045057e+07,3.900810e+13,9.342680e+18,1.697803e+07,2.222680e+13,6.429061e+18,2,98
1.074163e+07,6.871776e+12,3.628258e+17,2.109290e+07,2.547943e+13,5.095056e+18,2.058573e+07,2.465024e+13,4.630640e+18,9.084265e+06,5.407329e+12,3.383769e+17,1,53
8.989514e+06,6.317877e+12,3.633868e+17,2.169280e+07,3.310327e+13,9.129057e+18,2.355282e+07,2.988525e+13,6.859421e+18,8.524347e+06,5.165672e+12,2.407256e+17,0,44
1.339642e+07,1.139451e+13,3.429566e+17,2.831635e+07,3.561417e+13,9.211660e+18,2.451226e+07,2.462947e+13,4.516453e+18,1.312012e+07,1.057600e+13,5.365987e+17,0,26
1.143764e+07,9.201953e+12,4.643677e+17,2.701011e+07,3.438127e+13,8.303164e+18,2.494092e+07,2.992557e+13,5.545988e+18,1.053533e+07,8.083026e+12,4.249525e+17,3,104
1.802131e+07,2.012776e+13,2.345349e+18,3.066002e+07,4.076974e+13,9.953497e+18,2.791810e+07,2.792435e+13,4.254495e+18,1.599625e+07,1.703234e+13,3.303602e+18,2,80
9.764391e+06,7.237124e+12,5.674268e+17,2.679525e+07,4.014520e+13,1.077375e+19,2.407501e+07,2.565336e+13,4.727350e+18,1.122637e+07,8.131875e+12,6.524394e+17,0,48
1.610250e+07,1.539157e+13,1.025827e+18,2.710521e+07,3.416560e+13,8.316172e+18,2.589747e+07,2.737337e+13,5.230701e+18,1.449550e+07,1.324087e+13,1.690240e+18,0,11
1.498973e+07,1.422186e+13,9.460749e+17,2.919141e+07,3.505285e+13,8.178329e+18,2.802498e+07,3.039383e+13,5.206405e+18,1.324654e+07,1.098510e+13,5.944195e+17,0,88
1.081441e+07,8.468143e+12,6.906995e+17,2.693969e+07,3.818461e+13,9.391320e+18,2.502181e+07,2.837603e+13,5.851128e+18,1.159606e+07,8.754434e+12,8.476395e+17,2,48
1.503876e+07,1.502009e+13,1.405542e+18,2.899813e+07,3.216674e+13,6.718026e+18,2.731821e+07,2.786780e+13,4.760797e+18,1.478283e+07,1.524008e+13,1.696443e+18,3,95
1.904748e+07,2.480381e+13,3.214417e+18,3.385313e+07,5.201624e+13,1.645928e+19,3.075281e+07,4.223728e+13,1.062224e+19,1.708724e+07,2.020339e+13,2.966471e+18,0,86
1.586841e+07,1.693752e+13,1.636008e+18,2.891555e+07,3.308577e+13,7.200056e+18,2.876835e+07,2.954178e+13,4.685848e+18,1.468271e+07,1.457269e+13,1.556690e+18,0,95
1.516586e+07,1.580294e+13,1.323124e+18,3.027447e+07,3.847471e+13,8.908934e+18,2.902770e+07,3.179997e+13,5.419753e+18,1.468040e+07,1.477030e+13,1.985671e+18,1,101
1.359456e+07,1.228587e+13,6.489205e+17,2.763921e+07,3.121838e+13,7.272634e+18,2.452756e+07,2.632749e+13,5.906799e+18,1.234656e+07,1.048422e+13,8.359659e+17,0,74
1.088920e+07,7.664064e+12,2.544871e+17,2.268571e+07,2.841833e+13,6.149670e+18,2.164123e+07,2.219047e+13,4.020189e+18,9.905342e+06,6.159210e+12,1.919321e+17,1,83
9.090720e+06,7.031456e+12,7.423277e+17,2.317374e+07,3.219229e+13,7.887245e+18,2.208346e+07,2.544927e+13,6.057889e+18,1.106193e+07,8.583589e+12,9.186868e+17,1,92
1.762481e+07,2.664223e+13,8.945249e+18,3.093371e+07,4.559330e+13,1.280507e+19,2.908402e+07,3.533378e+13,8.356967e+18,1.767784e+07,2.362415e+13,7.174140e+18,3,98
1.245954e+07,1.008227e+13,4.765714e+17,2.398155e+07,3.159057e+13,6.986660e+18,2.243532e+07,2.358197e+13,4.462093e+18,1.167562e+07,8.526424e+12,3.410621e+17,3,83
1.257468e+07,1.107392e+13,8.783269e+17,2.729435e+07,3.742265e+13,1.000187e+19,2.450764e+07,2.694654e+13,5.346178e+18,1.272485e+07,1.089821e+13,1.013410e+18,0,46
5.246713e+06,2.692935e+12,1.673855e+17,1.718022e+07,2.818123e+13,6.598288e+18,1.789203e+07,2.800375e+13,6.509306e+18,5.475945e+06,3.067083e+12,2.531465e+17,3,54
9.658615e+06,6.598339e+12,3.816776e+17,2.339502e+07,3.259549e+13,7.785285e+18,2.255304e+07,2.327169e+13,4.242139e+18,1.095786e+07,7.643853e+12,5.931418e+17,2,71
1.025603e+07,6.630235e+12,2.869908e+17,2.309322e+07,2.913012e+13,6.085419e+18,2.298266e+07,2.599220e+13,4.888775e+18,9.085164e+06,5.339149e+12,1.752553e+17,1,57
1.362314e+07,1.233707e+13,6.968995e+17,2.826998e+07,3.493827e+13,8.926391e+18,2.594582e+07,2.855908e+13,5.765113e+18,1.233031e+07,9.960794e+12,7.506831e+17,0,100
9.265941e+06,7.583369e+12,7.883090e+17,2.685340e+07,4.914352e+13,1.501395e+19,2.619268e+07,4.260798e+13,1.178695e+19,8.815498e+06,6.880737e+12,6.162631e+17,2,59
7.186699e+06,4.596906e+12,3.508842e+17,2.102365e+07,3.467000e+13,9.101814e+18,2.216414e+07,2.841017e+13,6.410080e+18,6.897802e+06,4.341914e+12,3.494454e+17,1,81
9.733195e+06,7.249025e+12,5.968511e+17,2.205509e+07,3.436953e+13,9.549804e+18,2.400751e+07,3.396062e+13,9.033335e+18,8.329213e+06,5.700019e+12,4.812392e+17,2,87
7.330130e+06,3.811116e+12,1.272897e+17,2.247269e+07,2.726057e+13,5.921576e+18,2.215805e+07,2.396597e+13,4.844590e+18,7.783347e+06,4.719613e+12,2.750966e+17,1,50
1.729736e+07,1.893601e+13,2.502582e+18,2.677184e+07,3.008937e+13,6.593026e+18,2.595045e+07,2.482188e+13,3.937157e+18,1.512774e+07,1.462926e+13,2.175073e+18,0,65
6.769652e+06,3.631336e+12,2.411631e+17,1.923010e+07,2.704584e+13,5.798415e+18,1.915735e+07,2.424632e+13,5.116220e+18,8.168898e+06,4.862691e+12,2.969331e+17,3,91
1.103173e+07,9.122338e+12,9.859630e+17,2.381782e+07,3.538124e+13,9.834452e+18,2.207552e+07,2.834151e+13,6.665993e+18,9.862691e+06,7.192541e+12,7.001110e+17,2,68
8.893395e+06,6.873210e+12,5.789313e+17,2.494053e+07,3.834020e+13,1.057545e+19,2.436552e+07,2.887301e+13,5.624503e+18,1.034251e+07,7.392542e+12,5.061880e+17,0,7
6.181280e+06,3.236177e+12,1.859848e+17,1.917022e+07,2.757574e+13,6.044038e+18,1.910550e+07,2.448874e+13,4.908090e+18,6.031785e+06,3.113724e+12,1.791666e+17,0,32
1.778444e+07,2.230489e+13,4.784180e+18,3.169864e+07,5.067723e+13,1.535748e+19,2.535541e+07,2.804638e+13,5.726030e+18,1.655467e+07,1.917686e+13,4.595402e+18,2,99
1.437407e+07,1.769222e+13,3.169466e+18,3.820151e+07,6.654725e+13,2.304110e+19,3.191011e+07,4.447271e+13,1.082522e+19,1.775890e+07,2.205214e+13,5.362040e+18,1,73
1.650243e+07,1.657369e+13,1.863767e+18,2.973704e+07,3.792446e+13,8.895635e+18,2.517302e+07,2.454501e+13,3.566108e+18,1.522040e+07,1.555534e+13,2.911636e+18,3,80
1.667644e+07,1.759507e+13,2.162131e+18,2.696466e+07,3.107269e+13,6.592772e+18,2.530986e+07,2.400147e+13,3.723787e+18,1.475282e+07,1.388816e+13,2.004167e+18,3,65
1.562759e+07,1.633712e+13,1.723573e+18,2.699435e+07,2.911239e+13,5.862175e+18,2.785607e+07,2.796763e+13,4.425258e+18,1.342576e+07,1.211999e+13,1.284776e+18,1,95
1.342883e+07,1.107270e+13,6.212899e+17,2.650776e+07,3.043114e+13,6.833136e+18,2.271449e+07,2.304127e+13,3.962814e+18,1.236645e+07,9.628423e+12,6.882772e+17,0,69
7.156332e+06,4.513909e+12,3.987595e+17,2.251402e+07,3.389119e+13,7.711874e+18,2.227921e+07,2.693310e+13,5.475375e+18,6.518644e+06,3.746622e+12,2.134359e+17,0,51
1.344396e+07,1.351552e+13,2.143183e+18,2.436196e+07,3.609688e+13,8.551671e+18,2.290739e+07,2.612438e+13,4.766543e+18,1.356908e+07,1.268686e+13,2.190168e+18,1,10
8.246653e+06,6.091306e+12,8.196814e+17,2.038987e+07,3.211264e+13,7.370326e+18,1.937826e+07,2.260774e+13,4.624381e+18,1.050625e+07,7.639511e+12,1.145693e+18,0,39
9.350744e+06,6.359798e+12,3.082143e+17,2.350328e+07,3.254375e+13,8.058341e+18,2.459047e+07,3.048821e+13,7.161901e+18,7.595836e+06,5.247055e+12,4.656076e+17,1,61
7.050344e+06,4.557266e+12,4.157422e+17,2.186046e+07,3.236155e+13,7.300236e+18,2.181495e+07,2.507024e+13,4.742401e+18,6.474561e+06,3.646627e+12,1.843030e+17,3,51
9.721998e+06,7.344711e+12,5.558669e+17,2.491533e+07,3.801317e+13,1.098318e+19,2.391044e+07,3.461666e+13,8.827618e+18,8.830970e+06,6.546596e+12,6.492768e+17,0,68
1.461480e+07,1.490270e+13,2.849032e+18,2.715840e+07,3.898241e+13,1.013982e+19,2.441498e+07,2.802378e+13,6.717946e+18,1.413883e+07,1.402155e+13,2.771732e+18,2,85
1.386333e+07,1.128702e+13,6.136835e+17,2.711058e+07,3.591980e+13,8.955448e+18,2.565281e+07,2.864204e+13,5.818528e+18,1.331977e+07,1.111606e+13,7.634036e+17,2,69
1.013813e+07,6.501214e+12,4.790806e+17,2.007009e+07,2.620046e+13,5.585098e+18,2.045477e+07,2.338770e+13,4.853183e+18,9.286838e+06,5.749218e+12,5.314819e+17,0,66
1.295398e+07,1.121317e+13,5.573127e+17,2.871674e+07,3.442023e+13,7.524858e+18,2.698608e+07,2.734913e+13,4.388316e+18,1.263676e+07,1.048278e+13,9.973534e+17,1,103
1.252344e+07,1.163026e+13,8.891362e+17,3.070748e+07,4.264671e+13,1.047380e+19,2.727594e+07,2.928752e+13,4.689199e+18,1.319504e+07,1.260195e+13,1.500398e+18,2,101
1.191659e+07,9.791443e+12,5.246831e+17,2.849268e+07,3.689006e+13,8.764635e+18,3.141792e+07,3.872148e+13,8.235177e+18,1.015630e+07,8.070137e+12,4.577458e+17,2,70
1.329777e+07,1.230814e+13,1.014079e+18,2.795142e+07,3.998649e+13,1.077136e+19,2.625094e+07,3.063200e+13,5.970474e+18,1.251988e+07,1.140076e+13,1.283640e+18,0,1
1.490917e+07,1.356940e+13,1.051062e+18,2.300518e+07,2.617077e+13,5.812957e+18,2.442899e+07,2.297527e+13,3.314140e+18,1.229891e+07,9.765285e+12,6.027782e+17,3,62
1.644907e+07,2.230288e+13,3.196618e+18,4.107579e+07,9.683923e+13,4.118735e+19,3.930140e+07,7.767023e+13,2.784245e+19,1.434573e+07,1.767396e+13,2.419711e+18,2,76
1.098502e+07,8.882032e+12,5.524665e+17,3.082709e+07,4.661295e+13,1.238117e+19,2.940295e+07,3.440900e+13,6.550763e+18,1.242912e+07,1.052273e+13,6.651382e+17,0,47
1.288472e+07,1.188676e+13,9.555385e+17,2.638724e+07,3.558205e+13,8.975762e+18,2.630561e+07,3.056858e+13,7.021325e+18,1.262251e+07,1.113988e+13,1.048518e+18,1,46
9.399837e+06,7.186663e+12,6.647002e+17,2.209468e+07,3.440391e+13,7.293399e+18,2.076409e+07,2.272578e+13,3.936540e+18,1.103976e+07,7.480185e+12,8.776508e+17,3,75
6.754883e+06,3.393019e+12,1.913190e+17,1.833452e+07,2.603731e+13,5.161427e+18,1.847898e+07,1.924246e+13,3.112934e+18,8.022156e+06,4.169146e+12,2.273583e+17,1,75
1.511485e+07,1.390779e+13,1.137382e+18,2.593331e+07,2.897986e+13,6.602100e+18,2.502743e+07,2.707249e+13,5.519885e+18,1.447157e+07,1.268359e+13,1.024878e+18,1,84
1.079855e+07,8.032559e+12,2.278874e+17,2.437117e+07,2.827319e+13,5.472130e+18,2.417509e+07,2.622034e+13,4.588136e+18,9.934653e+06,7.192880e+12,2.788433e+17,0,89
5.294068e+06,2.697567e+12,1.643089e+17,1.803730e+07,2.929456e+13,6.980854e+18,1.795440e+07,2.669173e+13,6.296323e+18,5.516589e+06,3.216487e+12,2.621047e+17,0,54
1.012188e+07,9.160491e+12,1.486859e+18,2.853149e+07,4.658672e+13,1.250713e+19,2.406131e+07,3.007350e+13,7.550484e+18,1.319193e+07,1.223734e+13,2.007256e+18,1,85
1.473939e+07,1.653926e+13,1.820893e+18,2.835025e+07,3.610594e+13,9.299159e+18,2.652973e+07,3.176762e+13,7.152949e+18,1.380628e+07,1.362004e+13,1.563661e+18,2,86
1.603271e+07,1.638667e+13,1.242130e+18,2.968256e+07,4.180489e+13,1.062681e+19,2.852002e+07,3.314470e+13,6.219890e+18,1.491659e+07,1.335769e+13,1.190996e+18,3,63
1.539616e+07,1.506226e+13,1.814479e+18,2.634782e+07,3.552170e+13,8.475699e+18,2.453792e+07,2.672002e+13,4.983139e+18,1.542928e+07,1.553414e+13,2.656813e+18,2,93
1.719326e+07,1.859300e+13,2.428126e+18,2.662796e+07,3.096684e+13,6.789185e+18,2.590745e+07,2.454339e+13,3.839611e+18,1.412217e+07,1.295939e+13,1.878656e+18,1,65
1.051624e+07,7.767794e+12,6.404044e+17,2.295071e+07,3.281287e+13,8.695950e+18,2.217369e+07,2.851259e+13,6.860747e+18,1.022588e+07,7.458813e+12,6.374141e+17,3,102
1.588862e+07,1.574151e+13,8.991405e+17,2.953930e+07,3.789322e+13,1.005904e+19,2.828864e+07,3.213614e+13,6.452604e+18,1.487790e+07,1.337409e+13,1.292248e+18,0,29
1.622356e+07,1.564139e+13,1.191367e+18,3.016152e+07,3.881399e+13,1.011247e+19,2.669125e+07,3.202010e+13,7.603323e+18,1.404438e+07,1.236627e+13,1.008232e+18,0,12
1.033063e+07,7.263034e+12,4.204134e+17,2.233457e+07,3.074884e+13,7.231051e+18,2.129389e+07,2.383496e+13,4.545702e+18,9.867609e+06,6.776078e+12,5.262812e+17,3,96
1.282348e+07,1.143800e+13,1.132117e+18,2.711345e+07,3.699745e+13,9.447526e+18,2.492206e+07,2.756317e+13,5.591565e+18,1.260484e+07,1.070260e+13,1.077023e+18,0,45
1.536947e+07,1.466478e+13,1.777878e+18,2.993630e+07,3.475491e+13,8.087687e+18,2.986049e+07,3.572887e+13,7.747294e+18,1.459380e+07,1.387953e+13,1.592073e+18,1,36
1.363650e+07,1.441840e+13,2.397361e+18,2.758127e+07,4.755309e+13,1.559655e+19,2.583962e+07,3.088014e+13,6.799918e+18,1.662589e+07,1.684975e+13,2.828677e+18,0,72
1.122761e+07,8.506120e+12,6.384817e+17,2.595704e+07,4.335737e+13,1.334696e+19,2.237574e+07,3.060027e+13,7.640602e+18,1.165885e+07,9.070576e+12,9.601243e+17,0,3
9.411324e+06,6.406121e+12,5.799655e+17,2.024818e+07,2.864189e+13,6.159615e+18,2.061673e+07,2.253076e+13,4.393529e+18,8.708508e+06,4.950248e+12,3.425668e+17,1,66
8.170600e+06,5.010978e+12,2.409933e+17,2.032931e+07,2.966849e+13,7.268285e+18,2.129450e+07,2.451042e+13,5.059752e+18,7.493338e+06,4.415098e+12,2.556617e+17,1,33
1.452233e+07,1.450834e+13,1.230676e+18,2.911469e+07,3.634578e+13,8.920936e+18,2.884785e+07,3.648672e+13,8.978732e+18,1.463564e+07,1.562396e+13,1.725295e+18,1,86
1.408243e+07,1.268501e+13,1.187543e+18,2.689791e+07,3.600088e+13,1.006191e+19,2.671242e+07,3.183310e+13,7.190381e+18,1.378099e+07,1.205131e+13,9.229824e+17,1,12
8.575903e+06,7.133567e+12,1.040964e+18,2.303973e+07,3.936252e+13,9.507082e+18,2.060064e+07,2.759511e+13,5.960164e+18,9.203150e+06,6.109566e+12,6.466566e+17,0,9
1.772846e+07,2.106148e+13,3.436880e+18,2.883083e+07,4.011546e+13,9.943163e+18,2.809464e+07,3.291803e+13,6.147009e+18,1.687380e+07,1.859671e+13,3.903961e+18,0,97
1.204047e+07,9.239031e+12,3.525315e+17,2.436918e+07,3.172996e+13,7.469877e+18,2.114913e+07,2.209863e+13,4.111383e+18,1.054231e+07,7.343020e+12,3.379384e+17,2,83
1.730064e+07,1.776241e+13,1.795184e+18,2.646200e+07,2.944624e+13,5.880080e+18,2.724881e+07,2.555772e+13,4.387196e+18,1.403585e+07,1.211786e+13,1.566708e+18,2,65
1.364943e+07,1.236673e+13,6.500847e+17,2.962750e+07,3.630935e+13,8.089768e+18,2.736214e+07,2.859826e+13,4.862927e+18,1.345805e+07,1.223326e+13,1.197895e+18,2,103
6.364155e+06,4.069380e+12,3.928239e+17,1.709967e+07,2.719555e+13,6.334774e+18,1.760689e+07,2.064448e+13,4.443144e+18,6.446458e+06,3.612466e+12,2.638813e+17,2,37
6.939426e+06,4.520930e+12,4.192173e+17,2.017467e+07,2.797885e+13,5.810622e+18,1.896391e+07,1.968889e+13,3.875317e+18,9.007794e+06,5.627977e+12,5.671969e+17,2,94
8.408511e+06,6.714815e+12,6.927353e+17,2.610053e+07,4.525090e+13,1.323018e+19,2.450860e+07,3.707269e+13,9.869962e+18,7.607284e+06,5.551045e+12,5.242117e+17,0,59
9.414922e+06,6.634133e+12,3.931563e+17,2.338508e+07,3.715982e+13,1.048065e+19,2.343369e+07,2.936633e+13,7.127438e+18,9.155918e+06,5.787576e+12,2.883554e+17,1,44
8.553561e+06,5.045403e+12,2.491955e+17,1.863608e+07,2.139877e+13,3.844602e+18,1.997319e+07,2.386669e+13,4.677244e+18,8.125805e+06,4.657243e+12,2.898977e+17,0,53
1.056432e+07,8.791504e+12,5.527892e+17,2.656380e+07,4.764704e+13,1.568322e+19,3.034912e+07,4.850406e+13,1.415386e+19,9.691791e+06,8.225051e+12,7.101106e+17,1,67
1.205083e+07,9.182921e+12,7.201594e+17,2.422392e+07,3.286971e+13,7.687740e+18,2.392881e+07,2.595283e+13,4.877628e+18,1.207039e+07,8.984771e+12,8.527759e+17,2,58
1.061908e+07,7.735351e+12,3.869113e+17,2.428441e+07,3.340872e+13,9.078778e+18,2.632370e+07,3.391563e+13,7.792290e+18,9.898414e+06,7.016171e+12,4.181034e+17,0,21
1.292693e+07,1.099286e+13,1.696173e+18,2.298119e+07,3.020020e+13,6.585594e+18,2.330084e+07,2.589639e+13,5.016556e+18,1.081792e+07,7.657699e+12,7.884797e+17,3,57
1.362896e+07,1.171718e+13,1.234986e+18,2.762733e+07,3.728844e+13,9.158789e+18,2.427704e+07,2.666384e+13,4.894742e+18,1.476599e+07,1.420455e+13,2.187416e+18,3,93
1.123504e+07,8.819194e+12,7.548052e+17,2.533058e+07,3.964662e+13,1.153414e+19,2.618607e+07,3.306499e+13,8.112505e+18,1.088915e+07,7.878636e+12,6.462436e+17,1,87
1.114577e+07,8.371208e+12,4.890589e+17,2.642010e+07,3.569854e+13,7.887306e+18,2.488447e+07,2.845239e+13,5.342815e+18,1.135002e+07,8.303958e+12,4.915525e+17,1,52
1.374580e+07,1.220875e+13,7.750604e+17,2.849025e+07,3.702348e+13,8.955699e+18,2.880613e+07,3.225244e+13,6.160097e+18,1.405720e+07,1.247270e+13,9.003073e+17,0,31
1.307047e+07,1.229778e+13,1.659678e+18,2.753967e+07,4.205527e+13,1.105157e+19,2.544621e+07,3.311863e+13,7.489482e+18,1.309372e+07,1.164523e+13,1.530378e+18,0,25
5.577919e+06,3.120227e+12,2.506728e+17,1.609932e+07,2.388635e+13,4.730503e+18,1.728958e+07,2.231532e+13,4.204406e+18,5.815285e+06,2.950521e+12,1.446455e+17,0,2
1.029141e+07,8.471105e+12,4.077126e+17,2.878559e+07,3.854969e+13,9.602490e+18,2.783077e+07,3.383457e+13,6.887809e+18,1.090044e+07,8.474620e+12,4.747224e+17,2,104
1.460262e+07,1.381826e+13,7.574375e+17,2.544891e+07,2.879865e+13,6.667906e+18,2.577860e+07,2.665902e+13,4.745805e+18,1.277537e+07,1.060926e+13,7.703189e+17,1,100
1.340805e+07,1.062606e+13,5.904967e+17,2.521203e+07,2.928326e+13,6.805126e+18,2.425387e+07,2.835724e+13,6.074847e+18,1.151798e+07,8.651209e+12,4.445903e+17,3,84
1.298649e+07,1.149789e+13,9.537611e+17,2.855680e+07,4.158508e+13,1.036706e+19,2.726939e+07,3.510915e+13,8.086797e+18,1.112599e+07,9.001990e+12,6.553670e+17,0,104
1.679579e+07,1.837206e+13,2.648090e+18,2.738965e+07,3.624615e+13,8.395061e+18,2.640207e+07,3.060635e+13,6.058658e+18,1.605040e+07,1.661350e+13,2.811125e+18,3,97
9.800907e+06,8.278274e+12,1.024445e+18,2.705193e+07,3.867686e+13,8.773233e+18,2.494336e+07,2.784211e+13,5.736686e+18,1.286679e+07,1.152681e+13,1.663757e+18,0,35
8.082069e+06,6.492134e+12,7.202183e+17,2.557870e+07,3.964726e+13,1.218237e+19,2.530927e+07,3.185990e+13,8.062352e+18,7.982539e+06,5.922290e+12,5.582413e+17,1,76
9.889956e+06,7.311171e+12,6.219908e+17,2.285718e+07,3.387548e+13,9.068352e+18,2.141996e+07,2.717034e+13,6.550243e+18,9.628302e+06,6.528943e+12,5.341476e+17,0,102
1.316331e+07,1.109019e+13,9.157472e+17,2.361843e+07,2.608522e+13,5.264301e+18,2.306458e+07,2.181103e+13,3.597234e+18,1.208711e+07,9.280073e+12,8.078189e+17,3,82
1.433340e+07,1.314565e+13,8.357831e+17,2.318717e+07,2.343456e+13,4.548952e+18,2.292351e+07,2.172307e+13,3.319876e+18,1.191562e+07,9.318642e+12,6.279998e+17,0,62
1.497952e+07,1.325251e+13,1.179993e+18,2.544374e+07,2.945667e+13,6.945853e+18,2.574809e+07,2.980549e+13,7.034891e+18,1.313803e+07,1.116584e+13,1.164616e+18,2,84
1.067775e+07,7.015339e+12,4.959498e+17,2.142740e+07,2.866139e+13,6.263553e+18,1.978012e+07,2.240135e+13,4.343061e+18,9.731230e+06,5.841661e+12,5.184599e+17,3,66
7.071521e+06,4.949392e+12,3.755691e+17,2.173060e+07,3.617525e+13,1.031158e+19,2.161529e+07,3.005443e+13,7.340242e+18,6.673288e+06,4.414754e+12,3.520297e+17,1,40
1.721096e+07,2.481047e+13,7.920578e+18,3.319991e+07,5.122043e+13,1.485622e+19,2.971792e+07,3.690681e+13,8.336189e+18,1.683491e+07,2.144140e+13,6.099245e+18,1,98
1.140416e+07,9.086323e+12,4.365070e+17,2.641546e+07,3.270086e+13,6.674102e+18,2.511292e+07,2.686105e+13,4.946699e+18,1.163384e+07,8.930504e+12,3.824410e+17,2,63
9.417895e+06,6.924402e+12,4.446457e+17,2.499038e+07,4.012309e+13,1.199694e+19,2.721442e+07,3.925131e+13,1.003406e+19,8.535314e+06,6.757814e+12,6.703029e+17,0,67
1.840343e+07,2.026430e+13,2.005797e+18,3.299910e+07,4.176512e+13,1.045133e+19,3.225566e+07,3.889009e+13,8.674670e+18,1.612386e+07,1.654967e+13,1.466641e+18,3,49
1.198372e+07,1.015789e+13,5.781907e+17,2.647305e+07,3.149785e+13,6.831302e+18,2.591815e+07,2.829420e+13,6.395499e+18,1.187522e+07,9.598477e+12,5.566942e+17,0,28
1.129730e+07,8.184973e+12,6.882967e+17,2.680380e+07,3.702946e+13,8.904755e+18,2.307047e+07,2.568082e+13,4.786208e+18,1.325421e+07,1.152888e+13,1.590744e+18,0,93
1.296122e+07,1.148701e+13,6.433664e+17,2.741981e+07,2.938213e+13,6.040337e+18,2.657824e+07,2.754926e+13,4.763112e+18,1.371459e+07,1.134790e+13,5.356366e+17,1,88
1.061650e+07,7.596727e+12,5.092643e+17,2.330909e+07,3.216647e+13,7.983171e+18,2.291429e+07,2.717475e+13,5.349544e+18,9.564044e+06,6.409229e+12,4.881305e+17,1,96
9.285901e+06,5.855092e+12,2.198762e+17,2.312535e+07,2.933332e+13,6.760802e+18,2.473750e+07,2.928866e+13,6.700978e+18,7.479083e+06,4.944590e+12,3.898909e+17,2,61
8.414745e+06,5.219199e+12,2.986153e+17,2.193825e+07,3.343919e+13,7.314972e+18,2.131514e+07,2.191423e+13,4.296088e+18,9.632620e+06,6.163259e+12,4.235682e+17,3,77
1.107933e+07,8.427084e+12,4.640991e+17,2.554484e+07,3.183101e+13,6.960185e+18,2.383223e+07,2.597134e+13,4.402346e+18,1.092685e+07,7.810822e+12,4.509425e+17,2,52
1.262343e+07,9.821794e+12,4.872913e+17,2.583228e+07,3.246295e+13,7.887723e+18,2.362672e+07,2.368488e+13,4.201158e+18,1.148546e+07,8.450793e+12,5.127793e+17,3,69
1.025806e+07,6.868875e+12,4.108063e+17,2.211444e+07,2.991270e+13,6.958319e+18,2.232277e+07,2.383065e+13,4.612237e+18,9.751466e+06,6.750958e+12,4.911409e+17,2,96
1.437845e+07,1.278905e+13,9.991282e+17,2.524957e+07,2.793480e+13,5.910837e+18,2.597734e+07,2.967664e+13,6.975007e+18,1.369469e+07,1.210570e+13,1.131360e+18,0,84
8.990017e+06,7.294160e+12,6.629305e+17,2.591584e+07,3.874520e+13,1.156311e+19,2.616070e+07,3.400059e+13,9.148599e+18,8.250768e+06,6.369927e+12,6.046164e+17,0,76
1.731602e+07,1.946422e+13,1.843700e+18,3.036651e+07,3.986225e+13,1.040805e+19,3.097646e+07,3.786628e+13,8.225911e+18,1.636937e+07,1.859415e+13,2.972431e+18,0,20
1.831268e+07,2.173945e+13,3.510882e+18,2.886995e+07,3.816101e+13,8.664061e+18,2.633684e+07,3.015327e+13,6.046786e+18,1.730676e+07,1.991134e+13,3.925974e+18,1,97
1.538341e+07,1.482751e+13,1.711769e+18,3.144977e+07,4.050810e+13,9.626368e+18,3.130966e+07,3.681719e+13,7.997303e+18,1.610922e+07,1.763413e+13,2.810440e+18,1,56
1.295978e+07,1.115605e+13,1.316424e+18,2.454391e+07,3.830986e+13,9.596022e+18,2.545384e+07,3.123708e+13,7.395306e+18,1.198210e+07,9.079052e+12,8.731157e+17,1,5
8.487350e+06,5.042470e+12,2.792352e+17,2.074528e+07,2.748658e+13,6.020511e+18,2.310219e+07,3.078731e+13,7.199640e+18,7.627382e+06,4.814610e+12,3.719079e+17,0,17
1.255554e+07,9.991660e+12,4.297671e+17,2.732205e+07,3.215411e+13,6.406439e+18,2.761869e+07,2.787240e+13,4.733408e+18,1.278756e+07,1.054546e+13,9.078711e+17,3,103
1.109317e+07,9.400234e+12,4.852247e+17,2.517378e+07,3.407528e+13,7.990507e+18,2.615619e+07,3.147528e+13,6.452004e+18,9.948502e+06,7.820487e+12,3.775940e+17,2,60
1.643091e+07,2.116793e+13,4.393362e+18,3.481689e+07,5.637068e+13,1.856312e+19,3.251453e+07,4.184917e+13,9.917737e+18,1.863710e+07,2.383763e+13,5.625148e+18,0,73
6.169644e+06,3.365411e+12,2.336188e+17,1.983911e+07,2.449342e+13,4.952688e+18,1.867968e+07,1.980363e+13,3.844483e+18,8.994679e+06,5.830324e+12,5.725404e+17,3,94
7.315577e+06,4.179925e+12,1.482527e+17,2.154555e+07,2.770035e+13,6.084027e+18,2.060271e+07,2.238083e+13,4.038231e+18,8.087063e+06,4.991396e+12,2.789977e+17,2,50
9.682725e+06,6.380221e+12,2.524649e+17,2.226153e+07,2.448868e+13,5.078339e+18,2.545729e+07,3.213296e+13,8.181123e+18,7.855717e+06,5.495970e+12,5.014904e+17,3,61
1.136937e+07,9.653876e+12,4.452955e+17,2.682121e+07,3.410703e+13,7.178321e+18,2.489590e+07,2.603029e+13,5.096025e+18,1.098949e+07,8.298042e+12,3.289899e+17,1,60
1.041273e+07,7.370920e+12,3.587793e+17,2.683144e+07,3.571240e+13,8.187616e+18,2.388591e+07,2.656455e+13,4.660395e+18,1.092557e+07,7.786189e+12,3.884642e+17,3,52
1.153329e+07,9.580890e+12,8.239400e+17,2.536845e+07,4.148157e+13,1.191166e+19,2.726267e+07,3.535258e+13,9.466109e+18,1.128750e+07,8.587125e+12,7.338489e+17,3,87
1.416762e+07,1.318251e+13,1.416435e+18,2.806315e+07,4.142896e+13,1.117545e+19,2.563290e+07,3.227143e+13,8.499487e+18,1.254254e+07,1.020932e+13,1.063373e+18,0,22
1.508220e+07,1.479612e+13,1.967173e+18,2.527395e+07,3.507741e+13,8.655600e+18,2.482638e+07,2.517155e+13,4.606545e+18,1.439814e+07,1.302128e+13,1.854890e+18,1,34
1.763921e+07,2.529072e+13,7.924534e+18,3.085348e+07,4.621279e+13,1.365781e+19,2.886038e+07,3.602253e+13,8.496287e+18,1.684562e+07,2.131756e+13,6.107613e+18,0,98
7.772707e+06,4.222863e+12,1.275522e+17,2.050276e+07,2.452516e+13,5.000758e+18,2.129023e+07,2.329403e+13,4.536328e+18,7.676674e+06,4.391320e+12,2.391915e+17,3,50
1.505149e+07,1.497894e+13,1.012084e+18,3.111304e+07,3.911480e+13,8.416856e+18,2.767627e+07,3.008906e+13,5.093775e+18,1.430315e+07,1.400968e+13,1.807174e+18,3,101
6.801132e+06,4.290784e+12,3.462808e+17,2.001169e+07,3.180276e+13,6.756096e+18,1.888613e+07,1.931662e+13,3.148080e+18,8.759691e+06,4.908459e+12,3.397752e+17,2,75
1.321778e+07,1.318836e+13,1.553164e+18,2.821769e+07,3.988289e+13,1.137496e+19,2.762902e+07,3.400090e+13,7.945856e+18,1.344551e+07,1.336390e+13,1.925499e+18,0,23
9.928134e+06,7.423856e+12,6.928719e+17,2.546134e+07,4.059732e+13,1.144304e+19,2.235595e+07,2.807840e+13,6.195330e+18,1.004643e+07,7.168684e+12,5.021729e+17,0,5
1.375608e+07,1.288332e+13,7.904656e+17,2.660145e+07,3.179400e+13,7.319889e+18,2.603316e+07,2.763132e+13,6.398250e+18,1.249748e+07,1.105012e+13,8.540970e+17,2,74
1.757307e+07,2.077309e+13,3.242334e+18,2.918968e+07,4.126954e+13,9.858704e+18,2.469316e+07,2.842936e+13,5.378141e+18,1.692574e+07,1.780795e+13,3.152103e+18,2,97
1.561351e+07,1.660980e+13,1.631400e+18,2.801234e+07,3.166542e+13,6.543936e+18,2.818464e+07,2.872565e+13,4.570712e+18,1.446252e+07,1.452541e+13,1.498082e+18,2,95
1.125097e+07,9.311991e+12,1.075458e+18,2.868049e+07,4.750962e+13,1.438095e+19,2.630955e+07,3.545610e+13,9.458526e+18,1.370709e+07,1.374604e+13,2.095788e+18,2,72
7.954141e+06,4.734401e+12,2.092970e+17,2.234692e+07,3.312102e+13,7.184673e+18,2.126748e+07,2.232178e+13,4.149008e+18,7.640914e+06,4.507346e+12,1.982127e+17,1,77
7.823369e+06,4.586832e+12,3.207315e+17,2.022465e+07,2.928429e+13,6.052184e+18,1.929367e+07,2.332066e+13,5.011273e+18,8.071032e+06,4.919107e+12,3.436458e+17,2,91
7.099838e+06,3.813579e+12,2.209482e+17,1.810593e+07,2.360456e+13,4.759198e+18,1.887044e+07,2.315278e+13,4.760950e+18,7.919412e+06,4.572394e+12,2.501748e+17,1,91
8.977411e+06,5.714277e+12,3.648270e+17,2.037043e+07,2.565749e+13,4.366781e+18,2.073714e+07,2.589470e+13,4.648504e+18,1.044272e+07,6.510952e+12,6.128044e+17,1,38
8.490002e+06,6.314140e+12,6.218404e+17,2.360296e+07,3.357029e+13,8.240926e+18,2.137331e+07,2.269345e+13,4.833839e+18,1.055816e+07,7.646703e+12,8.174595e+17,2,92
6.604060e+06,3.947625e+12,3.368004e+17,2.112226e+07,2.802983e+13,6.248967e+18,1.910762e+07,2.045648e+13,4.104728e+18,9.069882e+06,5.545187e+12,5.095581e+17,0,94
8.663935e+06,6.144282e+12,5.683635e+17,2.240719e+07,3.514818e+13,9.063022e+18,2.184066e+07,3.145757e+13,7.440494e+18,7.247911e+06,4.889024e+12,4.806839e+17,0,19
1.236928e+07,1.054991e+13,1.213572e+18,2.286162e+07,3.037021e+13,6.263373e+18,2.088535e+07,2.023338e+13,3.431191e+18,1.179374e+07,9.021679e+12,1.125818e+18,0,64
1.388447e+07,1.237373e+13,6.850805e+17,2.716093e+07,3.018866e+13,6.472196e+18,2.687707e+07,2.934823e+13,5.515871e+18,1.300092e+07,1.028583e+13,5.342020e+17,3,88
1.416798e+07,1.298980e+13,9.686189e+17,2.747358e+07,3.710548e+13,9.946043e+18,2.561693e+07,2.696017e+13,5.472990e+18,1.310889e+07,1.054781e+13,8.641039e+17,2,12
1.120221e+07,9.681742e+12,1.158277e+18,2.784097e+07,4.462895e+13,1.329060e+19,2.428262e+07,3.169958e+13,8.073625e+18,1.257513e+07,1.099895e+13,1.289755e+18,1,72
6.825325e+06,3.701319e+12,1.718938e+17,1.997380e+07,2.784954e+13,5.943633e+18,2.036228e+07,2.310234e+13,4.332748e+18,6.791838e+06,3.936175e+12,2.430597e+17,0,42
8.435948e+06,5.944302e+12,4.668132e+17,2.532648e+07,4.095778e+13,1.057171e+19,2.302069e+07,2.595328e+13,5.047416e+18,1.046069e+07,7.115179e+12,5.887656e+17,0,4
6.756798e+06,4.230921e+12,3.048303e+17,2.063848e+07,2.989091e+13,7.054978e+18,2.129208e+07,2.656680e+13,5.975158e+18,7.305633e+06,4.915485e+12,4.867936e+17,0,81
1.499183e+07,1.465691e+13,1.308271e+18,2.635175e+07,2.874549e+13,6.133368e+18,2.480241e+07,2.354650e+13,3.838662e+18,1.400558e+07,1.295569e+13,1.786236e+18,3,90
1.240752e+07,1.269900e+13,1.500952e+18,2.751676e+07,3.568994e+13,7.584378e+18,2.676245e+07,2.776107e+13,4.969430e+18,1.438708e+07,1.566484e+13,2.876229e+18,3,55
1.740648e+07,2.020750e+13,4.066815e+18,2.803920e+07,4.012585e+13,1.105403e+19,2.424408e+07,2.588019e+13,5.074112e+18,1.468732e+07,1.518831e+13,2.959502e+18,3,99
1.225098e+07,9.564900e+12,8.218854e+17,2.509518e+07,3.257706e+13,7.379663e+18,2.430388e+07,2.715190e+13,5.294620e+18,1.368630e+07,1.165297e+13,1.581189e+18,1,93
1.484559e+07,1.398068e+13,1.607241e+18,2.828937e+07,3.160029e+13,6.805167e+18,2.667967e+07,2.731384e+13,5.288752e+18,1.521904e+07,1.575582e+13,2.350177e+18,3,56
1.196534e+07,1.070550e+13,5.295851e+17,2.609429e+07,3.258532e+13,7.233182e+18,2.510845e+07,2.832311e+13,5.542974e+18,1.111509e+07,8.431702e+12,3.677046e+17,0,60
1.344759e+07,1.048995e+13,4.799102e+17,2.588531e+07,3.191332e+13,7.211750e+18,2.429191e+07,2.614887e+13,5.222398e+18,1.245468e+07,9.340884e+12,5.954085e+17,1,69
1.448205e+07,1.391753e+13,1.182463e+18,2.581457e+07,2.794452e+13,6.126666e+18,2.495555e+07,2.365070e+13,3.920397e+18,1.399955e+07,1.354566e+13,1.847048e+18,1,90
1.413566e+07,1.393684e+13,1.891603e+18,2.603401e+07,3.839747e+13,1.012992e+19,2.378457e+07,2.352549e+13,3.857411e+18,1.459534e+07,1.333744e+13,1.926607e+18,0,34
1.120408e+07,8.330516e+12,2.242892e+17,2.623300e+07,3.151099e+13,6.633848e+18,2.379112e+07,2.555542e+13,4.338704e+18,1.069290e+07,8.106755e+12,3.101388e+17,3,89
1.486665e+07,1.424983e+13,1.144879e+18,2.811598e+07,3.990718e+13,1.167608e+19,2.733382e+07,3.563155e+13,8.269480e+18,1.396966e+07,1.270987e+13,1.243011e+18,3,79
1.086448e+07,8.099382e+12,3.887366e+17,2.612940e+07,3.218879e+13,7.181791e+18,2.241197e+07,2.287111e+13,3.681545e+18,1.121979e+07,8.125110e+12,4.496505e+17,0,52
7.669407e+06,4.301810e+12,1.811957e+17,2.147073e+07,3.041031e+13,6.410726e+18,2.068802e+07,2.187712e+13,4.248746e+18,7.738545e+06,4.474715e+12,2.161925e+17,0,77
1.165663e+07,9.782771e+12,4.808031e+17,2.889831e+07,3.719935e+13,9.067616e+18,2.915861e+07,3.633854e+13,7.710493e+18,1.022667e+07,8.253528e+12,4.529872e+17,0,70
1.335026e+07,1.171585e+13,4.711252e+17,2.726808e+07,3.168333e+13,7.424955e+18,2.482516e+07,2.579699e+13,5.094901e+18,1.370513e+07,1.259619e+13,1.066943e+18,3,100
1.390523e+07,1.252207e+13,1.245266e+18,2.783459e+07,3.911462e+13,1.034765e+19,2.574065e+07,3.035019e+13,5.583266e+18,1.301694e+07,1.085154e+13,1.135000e+18,0,27
7.817961e+06,4.538033e+12,2.226181e+17,2.069868e+07,2.807056e+13,5.502813e+18,2.138029e+07,2.403967e+13,4.805287e+18,7.571100e+06,4.599462e+12,3.364739e+17,1,42
1.349285e+07,1.259372e+13,7.157280e+17,2.611245e+07,3.049561e+13,7.526242e+18,2.534152e+07,2.736525e+13,6.016510e+18,1.191717e+07,9.516751e+12,6.991194e+17,3,74
1.693374e+07,2.229762e+13,4.550873e+18,3.769391e+07,6.331255e+13,2.074115e+19,3.372762e+07,4.530126e+13,1.127476e+19,1.917225e+07,2.543231e+13,6.478189e+18,3,73
1.798629e+07,2.533916e+13,5.670510e+18,4.206658e+07,8.233034e+13,3.015413e+19,3.388910e+07,4.780463e+13,1.260817e+19,1.939215e+07,2.482627e+13,6.251319e+18,2,73
1.273665e+07,1.033955e+13,5.432492e+17,2.714134e+07,3.370772e+13,7.884939e+18,2.377128e+07,2.452396e+13,3.778115e+18,1.241656e+07,9.327171e+12,5.889732e+17,1,63
8.227288e+06,4.875299e+12,2.545667e+17,2.150789e+07,2.675533e+13,5.272786e+18,2.239700e+07,2.395656e+13,4.857826e+18,8.003741e+06,4.523884e+12,2.824064e+17,3,78
1.475081e+07,1.426935e+13,1.574553e+18,2.763443e+07,3.863644e+13,1.080029e+19,2.799201e+07,3.881020e+13,1.083677e+19,1.335232e+07,1.150947e+13,1.227375e+18,0,36
8.828902e+06,7.076517e+12,7.521561e+17,2.659017e+07,4.776277e+13,1.535075e+19,2.539238e+07,4.006288e+13,1.074741e+19,8.211691e+06,5.754495e+12,4.901238e+17,3,59
9.307121e+06,6.072458e+12,3.168603e+17,2.383938e+07,3.229604e+13,7.597747e+18,2.319425e+07,2.447711e+13,4.748094e+18,1.048427e+07,6.977902e+12,4.411112e+17,3,71
1.125328e+07,8.770796e+12,2.890736e+17,2.463941e+07,2.900193e+13,5.682585e+18,2.393438e+07,2.473563e+13,4.147005e+18,1.138954e+07,8.536070e+12,3.392904e+17,2,89
9.353843e+06,6.593545e+12,5.619279e+17,2.673562e+07,3.900078e+13,1.027423e+19,2.372482e+07,2.701855e+13,5.470372e+18,9.858488e+06,6.860329e+12,5.099575e+17,1,48
6.679750e+06,4.418894e+12,4.226592e+17,2.220099e+07,3.717278e+13,9.291375e+18,2.005704e+07,2.279445e+13,4.570671e+18,6.917886e+06,4.091460e+12,3.042387e+17,2,81
