7.183921e+02,1.019436e+05,4.901089e+05,1.075309e+03,2.899900e+05,1.322559e+06,1.573395e+03,3.991223e+05,3.013912e+06,2.813679e+03,5.526143e+05,2.475046e+07,3,72,N,N
3.185541e+02,2.622305e+04,2.081353e+05,8.683418e+02,1.816362e+05,1.296727e+06,1.367506e+03,4.271440e+05,3.452321e+06,2.223354e+03,5.492305e+05,2.841576e+07,3,93,N,N
4.513394e+02,4.032813e+04,2.633910e+05,9.795711e+02,2.342276e+05,8.949626e+05,1.638738e+03,3.484474e+05,2.905988e+06,2.473568e+03,6.237208e+05,1.796007e+07,0,26,N,N
5.566538e+02,4.905373e+04,3.898624e+05,1.062817e+03,2.812510e+05,1.030271e+06,1.600531e+03,4.553238e+05,3.634356e+06,2.507780e+03,4.993398e+05,1.848995e+07,3,96,N,N
5.308613e+02,4.081674e+04,2.167335e+05,9.578271e+02,2.150875e+05,9.579851e+05,1.483118e+03,4.574991e+05,3.555184e+06,2.231486e+03,5.256834e+05,1.523841e+07,1,55,N,N
3.267452e+02,2.878529e+04,3.768066e+05,1.038296e+03,2.697102e+05,1.276659e+06,1.668212e+03,4.349972e+05,5.837431e+06,2.459461e+03,6.113621e+05,2.669297e+07,3,90,N,N
6.036525e+02,4.737261e+04,2.465900e+05,9.534384e+02,2.151963e+05,1.055398e+06,1.560986e+03,4.643365e+05,2.619076e+06,2.539347e+03,4.882123e+05,1.298724e+07,1,5,N,N
5.701256e+02,5.010451e+04,2.029626e+05,1.050215e+03,2.734553e+05,1.276922e+06,1.796321e+03,5.840131e+05,3.989901e+06,2.998692e+03,7.320701e+05,3.252399e+07,0,27,N,N
5.388128e+02,4.894136e+04,2.742985e+05,1.039235e+03,2.708375e+05,1.101129e+06,1.567732e+03,4.661880e+05,4.663002e+06,2.454947e+03,4.829568e+05,1.496007e+07,0,28,N,N
6.593598e+02,5.469687e+04,1.486005e+05,1.046788e+03,2.650622e+05,1.221759e+06,1.673284e+03,4.793599e+05,2.548774e+06,2.886973e+03,6.362260e+05,2.319551e+07,0,67,N,N
8.425077e+02,7.969180e+04,1.681822e+06,7.888293e+02,1.520960e+05,9.688867e+05,1.390631e+03,3.922672e+05,2.463380e+06,2.360886e+03,4.592467e+05,1.507970e+07,3,91,N,N
6.270554e+02,6.268892e+04,4.310342e+05,1.065510e+03,2.873968e+05,2.328680e+06,1.789394e+03,5.800091e+05,7.472643e+06,2.864008e+03,7.856661e+05,4.427148e+07,0,16,N,N
7.954511e+02,7.037925e+04,5.077596e+05,9.415649e+02,2.237042e+05,1.357456e+06,1.630324e+03,4.672951e+05,3.310367e+06,2.997963e+03,5.974779e+05,1.653025e+07,3,99,N,N
3.956297e+02,3.786224e+04,3.134117e+05,9.639894e+02,2.299490e+05,1.550491e+06,1.579245e+03,4.083667e+05,6.972822e+06,2.722365e+03,5.389964e+05,2.197827e+07,3,78,N,N
3.745772e+02,3.320720e+04,5.553053e+05,9.905934e+02,2.439588e+05,1.097374e+06,1.657622e+03,5.325138e+05,4.823572e+06,2.547753e+03,5.880210e+05,2.621041e+07,2,102,N,N
5.799549e+02,6.865147e+04,5.003747e+05,1.014964e+03,2.558031e+05,1.618199e+06,1.692290e+03,5.404990e+05,6.404449e+06,2.593764e+03,6.588083e+05,3.190919e+07,0,22,N,N
4.232898e+02,3.934895e+04,6.141034e+05,9.218553e+02,1.916592e+05,1.034779e+06,1.608179e+03,5.168996e+05,4.495878e+06,2.572173e+03,5.760802e+05,2.222962e+07,1,84,N,N
7.694351e+02,5.817599e+04,8.409704e+05,9.532611e+02,2.075984e+05,1.249874e+06,1.393010e+03,3.843067e+05,2.696929e+06,2.265267e+03,4.621246e+05,1.529514e+07,2,82,N,N
6.483703e+02,4.924289e+04,2.181849e+05,1.088095e+03,2.932611e+05,7.877613e+05,1.601926e+03,3.467347e+05,2.001759e+06,2.449730e+03,5.069756e+05,1.522803e+07,3,68,N,N
7.985780e+02,7.328129e+04,7.224278e+05,9.136636e+02,2.100173e+05,1.194078e+06,1.476318e+03,4.393636e+05,4.246263e+06,2.420791e+03,5.419720e+05,1.934398e+07,3,80,N,N
5.981610e+02,4.845933e+04,2.503572e+05,9.938566e+02,2.391664e+05,1.455583e+06,1.507532e+03,4.800259e+05,5.486874e+06,2.248870e+03,4.662172e+05,1.897359e+07,1,10,N,N
5.560179e+02,5.663054e+04,5.150672e+05,1.004017e+03,2.552940e+05,2.340686e+06,1.766615e+03,6.068019e+05,8.550419e+06,2.845914e+03,6.197434e+05,2.454031e+07,0,56,N,N
5.256785e+02,4.773212e+04,4.709041e+05,1.097087e+03,2.943509e+05,1.214532e+06,1.777759e+03,5.065103e+05,3.856132e+06,2.744281e+03,5.746378e+05,2.203028e+07,1,86,N,N
7.219110e+02,7.413361e+04,2.310623e+05,1.081630e+03,2.832530e+05,1.555000e+06,1.478069e+03,4.109344e+05,3.995021e+06,2.519978e+03,4.670810e+05,1.576069e+07,1,73,N,N
6.990993e+02,6.692079e+04,1.080902e+06,1.090208e+03,2.938403e+05,9.075982e+05,1.579802e+03,3.610365e+05,2.039720e+06,2.732255e+03,4.641149e+05,1.277601e+07,1,40,N,N
5.604815e+02,7.735559e+04,6.797158e+05,1.090214e+03,2.794424e+05,1.451905e+06,1.572971e+03,3.684275e+05,3.496757e+06,2.614570e+03,6.545192e+05,3.065131e+07,2,76,N,N
4.011196e+02,4.806673e+04,1.535724e+06,1.150229e+03,3.255779e+05,1.348541e+06,1.502515e+03,3.455905e+05,3.035709e+06,2.674229e+03,5.599918e+05,2.393261e+07,0,76,N,N
3.789053e+02,3.674962e+04,7.094031e+05,1.002628e+03,2.502465e+05,1.812852e+06,1.522689e+03,4.721658e+05,5.418884e+06,2.369043e+03,4.858787e+05,1.901994e+07,2,53,N,N
5.120822e+02,4.546081e+04,2.820403e+05,1.022951e+03,2.245618e+05,8.974664e+05,1.392595e+03,3.986393e+05,2.497230e+06,2.313169e+03,4.461661e+05,1.543679e+07,1,65,N,N
3.294971e+02,2.860170e+04,2.500664e+05,1.044604e+03,2.751779e+05,1.439732e+06,1.599946e+03,4.263044e+05,4.523256e+06,2.644486e+03,6.859532e+05,4.089865e+07,0,32,N,N
6.830075e+02,7.187432e+04,3.765269e+05,9.793656e+02,2.426856e+05,1.637260e+06,1.680992e+03,4.846362e+05,4.587707e+06,2.850573e+03,5.925974e+05,2.287816e+07,3,98,N,N
6.716630e+02,5.493917e+04,2.922894e+05,9.466336e+02,2.201455e+05,1.617670e+06,1.528394e+03,4.901825e+05,5.981205e+06,2.363682e+03,5.162040e+05,2.142876e+07,0,10,N,N
6.259444e+02,6.011472e+04,2.300953e+05,1.070301e+03,2.872100e+05,1.842725e+06,1.788658e+03,4.781691e+05,4.801240e+06,2.980641e+03,6.012164e+05,2.232168e+07,2,99,N,N
6.586012e+02,9.256316e+04,1.865428e+06,1.078791e+03,2.847789e+05,1.378419e+06,1.590322e+03,3.858849e+05,3.388861e+06,2.660329e+03,5.537049e+05,2.043235e+07,3,61,N,N
4.009242e+02,3.922974e+04,4.169478e+05,1.043022e+03,2.717910e+05,9.641586e+05,1.706444e+03,5.448992e+05,4.970481e+06,2.524369e+03,5.386497e+05,1.998847e+07,3,95,N,N
3.836023e+02,3.468861e+04,6.013395e+05,9.466504e+02,1.949701e+05,9.024740e+05,1.469330e+03,4.518333e+05,3.461643e+06,2.259511e+03,4.389813e+05,1.459413e+07,0,55,N,N
4.833663e+02,4.657171e+04,2.519949e+05,9.874722e+02,2.322197e+05,1.559307e+06,1.701731e+03,3.975224e+05,4.558258e+06,2.531384e+03,7.239075e+05,3.125445e+07,2,66,N,N
4.729211e+02,5.144056e+04,3.639507e+05,1.036040e+03,2.452751e+05,2.833734e+06,1.878733e+03,5.747603e+05,1.148148e+07,2.924245e+03,7.523181e+05,2.909308e+07,3,56,N,N
3.937896e+02,3.627786e+04,2.366789e+05,1.063752e+03,2.676616e+05,1.374868e+06,1.679343e+03,3.999153e+05,4.446935e+06,2.453887e+03,6.568468e+05,1.978320e+07,2,84,N,N
6.181273e+02,6.132774e+04,1.253186e+06,8.687145e+02,1.862359e+05,1.246870e+06,1.619309e+03,5.085857e+05,4.535077e+06,2.526467e+03,5.831679e+05,2.673214e+07,2,92,N,N
8.004095e+02,6.540936e+04,9.690557e+05,8.747600e+02,1.824641e+05,7.394603e+05,1.337673e+03,3.862903e+05,2.756679e+06,1.944431e+03,3.427152e+05,9.349384e+06,2,62,N,N
6.170250e+02,5.573642e+04,1.323352e+06,9.547343e+02,2.182628e+05,7.898296e+05,1.531222e+03,4.546439e+05,3.017501e+06,2.313030e+03,5.171700e+05,1.703880e+07,0,83,N,N
5.233948e+02,5.957001e+04,5.282681e+05,9.979323e+02,2.385233e+05,1.239703e+06,1.565203e+03,3.986933e+05,4.190480e+06,2.429249e+03,6.318407e+05,2.317396e+07,1,57,N,N
4.088323e+02,4.650969e+04,1.309421e+06,1.013721e+03,2.581925e+05,1.667111e+06,1.530517e+03,4.588394e+05,4.395147e+06,2.445198e+03,5.324804e+05,2.327260e+07,3,59,N,N
3.804138e+02,3.614855e+04,6.165774e+05,9.545578e+02,2.274795e+05,7.514373e+05,1.535186e+03,4.863512e+05,4.118276e+06,2.276849e+03,5.090908e+05,1.694663e+07,0,11,N,N
5.750287e+02,4.837937e+04,6.531133e+05,1.010613e+03,2.548689e+05,9.380576e+05,1.637392e+03,4.723956e+05,4.229537e+06,2.618856e+03,5.488365e+05,2.101747e+07,0,13,N,N
6.039754e+02,5.377355e+04,2.665896e+05,9.274161e+02,2.189958e+05,1.931979e+06,1.533887e+03,4.889713e+05,7.566323e+06,2.451728e+03,6.843068e+05,3.293859e+07,1,64,N,N
7.118116e+02,6.076876e+04,2.125544e+05,1.029021e+03,2.579679e+05,1.504814e+06,1.575285e+03,4.677193e+05,4.849363e+06,2.552762e+03,4.782164e+05,1.562210e+07,1,35,N,N
5.626354e+02,5.078643e+04,2.285252e+05,1.019391e+03,2.579601e+05,1.333873e+06,1.656950e+03,4.414488e+05,3.295254e+06,2.767144e+03,6.417224e+05,2.755282e+07,0,8,N,N
4.421491e+02,4.078363e+04,4.253883e+05,1.104489e+03,3.069100e+05,1.139498e+06,1.689575e+03,4.497874e+05,3.054364e+06,2.649663e+03,5.032040e+05,1.758835e+07,0,86,N,N
2.961906e+02,2.283829e+04,2.564030e+05,9.642008e+02,2.202999e+05,8.021985e+05,1.439187e+03,3.914266e+05,2.534133e+06,2.166879e+03,5.133211e+05,1.595240e+07,1,63,N,N
5.581260e+02,5.244951e+04,3.298442e+05,1.060772e+03,2.783168e+05,1.625856e+06,1.637643e+03,4.345489e+05,4.264623e+06,2.665265e+03,6.338946e+05,2.171741e+07,2,51,N,N
3.639749e+02,3.166639e+04,5.696856e+05,8.978483e+02,1.970566e+05,8.908370e+05,1.394842e+03,4.205272e+05,3.114609e+06,1.969727e+03,4.124111e+05,1.236602e+07,3,48,N,N
6.711313e+02,5.546834e+04,1.037336e+06,1.003935e+03,2.381948e+05,9.608088e+05,1.492399e+03,3.958442e+05,3.063150e+06,2.363689e+03,4.661613e+05,1.618077e+07,0,14,N,N
3.256951e+02,2.854230e+04,3.512811e+05,1.060326e+03,2.811865e+05,1.157091e+06,1.513989e+03,4.409347e+05,2.946200e+06,2.326287e+03,4.804730e+05,1.298614e+07,1,54,N,N
5.134138e+02,3.954455e+04,4.912819e+05,9.998937e+02,2.456907e+05,1.036330e+06,1.439624e+03,4.282365e+05,3.379691e+06,2.173497e+03,4.836360e+05,1.607046e+07,1,52,N,N
3.354510e+02,2.783941e+04,4.532728e+05,9.643035e+02,2.296970e+05,7.894488e+05,1.428768e+03,4.010844e+05,2.423145e+06,2.132385e+03,4.885663e+05,1.551573e+07,0,63,N,N
4.092092e+02,3.531841e+04,2.731120e+05,1.085074e+03,2.928339e+05,1.150072e+06,1.647054e+03,4.416769e+05,3.495762e+06,2.456610e+03,5.173866e+05,1.519348e+07,3,101,N,N
6.307864e+02,4.885450e+04,2.136885e+05,9.089691e+02,2.024183e+05,1.044704e+06,1.416950e+03,3.960272e+05,2.938142e+06,2.374991e+03,4.635759e+05,1.597776e+07,2,91,N,N
3.409754e+02,2.986764e+04,1.951238e+05,9.244117e+02,2.047974e+05,1.171833e+06,1.498242e+03,4.858672e+05,4.018395e+06,2.254003e+03,5.364958e+05,1.928187e+07,3,49,N,N
3.688277e+02,3.493073e+04,6.389084e+05,1.067939e+03,2.855642e+05,1.146736e+06,1.640611e+03,4.664770e+05,4.793361e+06,2.545853e+03,5.593361e+05,2.478569e+07,0,102,N,N
5.387432e+02,4.933747e+04,2.500364e+05,1.073797e+03,2.889435e+05,1.462402e+06,1.762227e+03,4.577290e+05,5.480674e+06,2.792740e+03,6.770568e+05,1.910168e+07,1,0,N,N
3.392985e+02,3.087139e+04,3.491310e+05,9.987354e+02,2.513567e+05,1.667919e+06,1.509731e+03,5.191472e+05,8.942762e+06,2.314681e+03,5.261981e+05,2.592383e+07,0,36,N,N
5.409062e+02,4.393569e+04,3.269205e+05,9.965443e+02,2.405843e+05,9.156162e+05,1.590270e+03,5.020699e+05,3.814304e+06,2.443609e+03,4.746415e+05,1.424028e+07,0,18,N,N
7.311857e+02,6.383372e+04,2.279156e+05,1.000374e+03,2.341019e+05,1.539968e+06,1.267258e+03,3.054550e+05,3.027163e+06,2.177577e+03,4.368990e+05,1.625195e+07,2,97,N,N
7.887103e+02,1.338485e+05,6.327607e+06,6.923178e+02,1.084304e+05,2.362697e+05,7.948244e+02,1.466626e+05,5.289010e+05,1.152729e+03,1.957849e+05,2.125882e+06,2,79,N,N
5.090831e+02,5.808102e+04,5.451191e+05,1.047635e+03,2.114696e+05,1.936416e+06,2.205500e+03,4.974973e+05,1.515892e+07,2.982960e+03,8.249318e+05,5.024563e+07,3,79,N,N
4.017645e+02,3.710671e+04,4.643152e+05,1.099693e+03,3.007844e+05,9.478744e+05,1.714012e+03,4.615006e+05,3.527180e+06,2.687305e+03,5.333302e+05,2.064238e+07,3,86,N,N
3.580532e+02,3.425447e+04,5.480267e+05,1.082089e+03,2.886179e+05,1.516407e+06,1.554647e+03,4.792248e+05,6.555589e+06,2.328469e+03,4.902420e+05,2.160990e+07,1,94,N,N
3.578536e+02,3.070732e+04,5.333074e+05,9.210782e+02,2.118294e+05,7.465877e+05,1.376244e+03,3.982385e+05,2.705318e+06,1.947158e+03,4.005810e+05,1.129955e+07,1,48,N,N
6.934645e+02,7.592527e+04,4.015385e+05,9.986111e+02,2.500019e+05,2.099607e+06,1.776984e+03,4.813728e+05,5.923696e+06,2.926189e+03,5.923648e+05,2.587285e+07,0,98,N,N
6.112636e+02,8.033907e+04,7.314465e+05,1.086651e+03,2.851184e+05,1.654012e+06,1.599587e+03,3.815903e+05,4.218585e+06,2.614329e+03,6.249525e+05,2.499012e+07,1,61,N,N
5.867795e+02,5.158137e+04,7.146483e+05,1.029712e+03,2.540280e+05,9.328840e+05,1.578950e+03,4.449265e+05,2.949321e+06,2.479264e+03,5.037930e+05,1.724762e+07,0,96,N,N
5.521699e+02,6.207427e+04,4.273939e+05,1.017362e+03,2.185374e+05,1.158063e+06,1.624293e+03,3.092591e+05,2.526980e+06,2.728439e+03,7.523388e+05,2.822022e+07,2,37,N,N
5.809077e+02,5.107630e+04,6.630472e+05,9.926908e+02,2.442659e+05,1.374198e+06,1.631111e+03,5.012238e+05,4.224832e+06,2.529318e+03,5.455348e+05,1.872898e+07,0,84,N,N
6.503433e+02,5.641832e+04,3.561515e+05,9.341475e+02,2.050598e+05,1.498045e+06,1.305360e+03,3.677150e+05,3.738362e+06,2.224616e+03,4.614125e+05,1.703515e+07,0,97,N,N
7.541421e+02,5.437414e+04,6.327696e+05,8.521699e+02,1.795145e+05,1.137353e+06,1.657626e+03,4.937920e+05,2.929399e+06,3.009820e+03,6.718277e+05,2.699253e+07,0,74,N,N
7.858086e+02,6.163944e+04,9.332568e+05,9.682269e+02,2.187674e+05,8.100956e+05,1.569520e+03,4.198299e+05,2.563286e+06,2.484795e+03,4.605015e+05,1.619970e+07,1,104,N,N
5.498573e+02,4.606068e+04,8.613498e+05,1.057890e+03,2.729441e+05,7.123380e+05,1.509425e+03,3.525591e+05,2.214664e+06,2.552627e+03,4.305982e+05,1.247152e+07,1,88,N,N
6.520164e+02,5.555415e+04,2.313132e+05,9.916061e+02,2.441731e+05,1.175686e+06,1.588486e+03,4.539617e+05,4.924710e+06,2.691236e+03,5.759040e+05,2.404707e+07,0,80,N,N
4.255982e+02,3.729665e+04,3.271006e+05,1.031605e+03,2.689418e+05,1.486815e+06,1.627538e+03,4.887118e+05,4.764018e+06,2.439238e+03,5.819201e+05,2.503977e+07,0,34,N,N
6.372360e+02,6.130429e+04,9.784102e+05,8.201749e+02,1.701862e+05,1.187488e+06,1.559108e+03,4.853251e+05,3.881973e+06,2.569338e+03,5.725636e+05,2.187568e+07,1,92,N,N
5.653305e+02,4.593230e+04,1.699652e+05,9.157656e+02,2.098008e+05,9.705778e+05,1.492056e+03,4.367022e+05,3.201755e+06,2.450249e+03,5.603723e+05,1.804046e+07,0,25,N,N
6.828718e+02,6.690951e+04,1.000881e+06,8.487344e+02,1.783419e+05,1.464819e+06,1.708922e+03,5.776242e+05,4.861283e+06,2.877088e+03,6.702410e+05,2.821205e+07,0,70,N,N
6.783087e+02,7.519903e+04,1.278857e+06,1.133670e+03,3.246003e+05,1.915442e+06,1.653491e+03,4.699736e+05,5.512967e+06,2.544486e+03,4.847179e+05,1.719508e+07,0,3,N,N
4.213442e+02,4.409879e+04,1.112623e+06,9.979130e+02,2.406449e+05,1.403899e+06,1.570653e+03,4.722316e+05,4.075487e+06,2.520193e+03,5.037496e+05,1.966363e+07,0,59,N,N
5.045643e+02,6.042815e+04,3.682118e+05,1.130190e+03,2.619729e+05,2.636716e+06,2.008749e+03,6.300995e+05,1.050263e+07,3.078801e+03,8.298957e+05,3.846615e+07,2,81,N,N
6.650667e+02,8.200678e+04,1.907526e+06,1.099211e+03,3.020809e+05,1.446640e+06,1.616329e+03,4.107891e+05,3.813522e+06,2.663213e+03,5.678714e+05,2.237751e+07,2,61,N,N
7.319783e+02,5.460769e+04,1.981987e+05,9.674100e+02,2.247001e+05,1.551493e+06,1.404681e+03,3.750361e+05,4.305516e+06,2.366242e+03,5.380817e+05,2.398142e+07,2,64,N,N
3.638195e+02,3.360079e+04,2.292933e+05,1.056648e+03,2.696703e+05,1.068628e+06,1.703520e+03,4.977186e+05,5.109072e+06,2.522867e+03,5.993138e+05,2.066930e+07,0,95,N,N
6.827774e+02,6.476806e+04,7.628674e+05,1.077350e+03,2.921821e+05,1.528756e+06,1.730928e+03,4.940876e+05,4.832689e+06,2.831766e+03,5.852709e+05,1.950625e+07,0,0,N,N
3.453912e+02,3.082276e+04,1.897942e+05,9.721098e+02,2.244351e+05,1.337725e+06,1.472771e+03,4.407717e+05,3.515527e+06,2.190012e+03,5.416224e+05,2.041217e+07,1,49,N,N
4.078550e+02,3.154459e+04,1.962441e+05,9.646783e+02,2.296761e+05,8.923768e+05,1.455495e+03,4.235164e+05,2.891463e+06,2.189286e+03,4.322406e+05,1.060922e+07,3,62,N,N
4.533595e+02,4.297162e+04,8.695994e+05,1.026153e+03,2.652226e+05,1.745499e+06,1.580300e+03,4.893079e+05,5.565675e+06,2.444359e+03,5.153077e+05,2.144113e+07,0,53,N,N
7.150184e+02,5.606754e+04,3.285331e+05,9.809500e+02,2.353760e+05,1.240957e+06,1.542742e+03,4.533459e+05,3.988219e+06,2.508666e+03,5.792526e+05,2.671655e+07,1,33,N,N
7.659715e+02,8.188149e+04,6.189838e+05,9.910912e+02,2.429503e+05,1.227980e+06,1.572259e+03,3.729508e+05,2.236205e+06,2.918285e+03,5.896410e+05,1.725317e+07,0,79,N,N
3.341891e+02,2.934095e+04,3.969837e+05,1.058385e+03,2.732160e+05,1.298805e+06,1.683160e+03,4.642288e+05,5.248193e+06,2.595859e+03,6.226788e+05,2.581647e+07,0,92,N,N
6.804129e+02,5.323393e+04,6.052043e+05,9.814619e+02,2.307571e+05,1.152961e+06,1.463632e+03,4.043871e+05,3.425738e+06,2.291241e+03,4.786565e+05,1.692483e+07,1,82,N,N
3.819920e+02,3.831817e+04,8.896314e+05,1.001693e+03,2.520263e+05,9.716794e+05,1.539922e+03,4.835241e+05,4.997132e+06,2.182171e+03,4.954194e+05,1.853182e+07,1,90,N,N
3.298723e+02,2.813250e+04,2.684350e+05,8.456301e+02,1.677045e+05,1.053317e+06,1.311274e+03,2.828954e+05,2.742020e+06,2.101273e+03,5.641257e+05,2.125954e+07,2,58,N,N
6.043305e+02,7.113809e+04,1.198102e+06,1.163478e+03,3.355866e+05,1.357445e+06,1.711250e+03,4.472258e+05,3.242014e+06,2.653305e+03,5.855017e+05,1.921291e+07,0,39,N,N
6.376231e+02,5.120630e+04,2.443004e+05,1.166806e+03,3.237529e+05,1.017689e+06,1.724815e+03,3.653010e+05,2.739017e+06,2.431731e+03,6.306082e+05,2.192590e+07,2,68,N,N
4.839566e+02,4.713444e+04,1.121752e+06,9.865563e+02,2.428045e+05,1.106468e+06,1.486723e+03,4.369676e+05,4.142634e+06,2.194738e+03,4.303835e+05,1.481163e+07,2,71,N,N
3.586181e+02,3.076891e+04,3.537316e+05,9.151111e+02,1.877117e+05,1.084549e+06,1.444411e+03,4.094712e+05,4.067628e+06,2.170630e+03,5.977552e+05,2.431083e+07,0,17,N,N
5.425973e+02,4.737688e+04,2.629990e+05,1.056265e+03,2.808792e+05,1.238446e+06,1.627908e+03,4.433100e+05,4.111395e+06,2.593444e+03,6.242717e+05,2.495194e+07,1,96,N,N
8.962084e+02,8.036828e+04,1.579321e+06,7.750852e+02,1.515264e+05,1.020627e+06,1.452217e+03,4.186327e+05,3.103766e+06,2.597693e+03,5.223022e+05,1.451874e+07,3,77,N,N
5.638166e+02,6.003903e+04,5.545961e+05,1.036565e+03,2.686476e+05,1.693934e+06,1.587687e+03,4.109637e+05,4.159970e+06,2.670711e+03,6.828634e+05,3.065728e+07,2,75,N,N
2.964233e+02,2.298447e+04,2.851815e+05,9.067687e+02,2.009789e+05,7.165713e+05,1.429111e+03,4.114963e+05,2.610825e+06,2.129561e+03,5.125085e+05,1.554611e+07,3,63,N,N
5.761177e+02,5.230307e+04,1.606253e+05,1.002377e+03,2.524178e+05,1.229442e+06,1.752680e+03,5.530710e+05,3.427636e+06,2.919909e+03,6.948524e+05,3.254008e+07,2,67,N,N
6.925574e+02,5.871544e+04,2.387573e+05,9.217393e+02,1.997073e+05,1.187664e+06,1.243383e+03,3.312743e+05,3.382265e+06,2.078373e+03,3.950735e+05,1.537340e+07,3,97,N,N
6.882935e+02,6.441482e+04,1.792388e+05,1.014562e+03,2.504157e+05,1.282721e+06,1.476509e+03,4.047644e+05,3.329315e+06,2.675549e+03,5.110267e+05,1.628707e+07,0,73,N,N
3.532706e+02,3.192223e+04,4.334801e+05,1.056435e+03,2.689314e+05,1.757678e+06,1.598225e+03,4.771993e+05,7.652419e+06,2.427474e+03,5.723168e+05,2.918741e+07,2,94,N,N
5.270676e+02,5.612839e+04,2.791485e+05,9.527489e+02,2.234804e+05,1.655827e+06,1.629614e+03,4.112768e+05,5.936429e+06,2.738048e+03,5.938672e+05,2.585606e+07,1,87,N,N
3.535679e+02,3.418370e+04,7.380792e+05,9.359188e+02,1.548376e+05,7.791767e+05,1.320736e+03,3.365918e+05,1.840807e+06,2.054950e+03,4.565822e+05,1.314050e+07,0,15,N,N
3.208588e+02,2.741719e+04,2.783198e+05,9.556150e+02,2.203403e+05,1.928297e+06,1.490955e+03,4.786894e+05,5.980490e+06,2.246771e+03,4.981887e+05,2.083757e+07,0,38,N,N
3.740852e+02,3.305409e+04,3.849786e+05,1.112515e+03,1.608167e+05,1.963946e+06,2.052177e+03,4.402508e+05,1.625443e+07,3.168466e+03,9.838951e+05,6.346972e+07,2,72,N,N
3.632620e+02,3.171923e+04,5.565711e+05,9.551012e+02,2.269911e+05,8.576132e+05,1.428366e+03,4.271069e+05,3.390108e+06,1.993154e+03,4.526393e+05,1.338863e+07,0,48,N,N
7.191930e+02,6.365452e+04,2.316340e+05,1.035986e+03,2.652477e+05,1.545883e+06,1.702833e+03,4.991508e+05,3.868540e+06,2.937056e+03,5.966915e+05,1.831424e+07,0,99,N,N
3.820307e+02,3.376930e+04,5.444886e+05,1.075504e+03,2.883863e+05,6.150498e+05,1.569730e+03,4.106597e+05,2.279174e+06,2.524913e+03,4.315717e+05,1.049398e+07,0,100,N,N
4.212180e+02,3.579686e+04,6.669303e+05,9.138865e+02,2.013577e+05,7.788603e+05,1.498191e+03,4.512845e+05,3.193996e+06,2.301610e+03,4.640251e+05,1.675376e+07,2,60,N,N
6.940365e+02,7.771103e+04,4.152009e+05,1.212472e+03,3.515122e+05,2.167252e+06,1.900211e+03,5.038715e+05,7.558844e+06,3.310050e+03,8.241216e+05,4.492461e+07,0,23,N,N
3.462273e+02,3.010487e+04,1.750219e+05,9.143530e+02,1.922558e+05,1.073661e+06,1.488557e+03,4.792920e+05,3.456951e+06,2.247833e+03,5.182704e+05,1.817526e+07,0,49,N,N
3.952749e+02,4.022985e+04,7.129113e+05,1.074201e+03,2.882103e+05,1.504732e+06,1.512129e+03,4.706300e+05,5.642926e+06,2.245688e+03,4.931932e+05,2.002281e+07,0,94,N,N
3.352744e+02,2.929572e+04,2.637337e+05,9.459997e+02,2.269028e+05,1.536499e+06,1.469795e+03,4.974027e+05,5.746011e+06,2.161648e+03,4.765682e+05,1.931541e+07,1,38,N,N
5.585832e+02,5.906772e+04,1.028971e+06,9.385636e+02,2.073706e+05,1.272974e+06,1.672376e+03,5.253550e+05,5.421003e+06,2.651267e+03,5.699788e+05,2.667020e+07,3,92,N,N
4.958672e+02,5.624485e+04,3.443623e+05,1.057016e+03,2.431771e+05,2.115859e+06,1.877169e+03,5.793002e+05,8.913691e+06,2.945168e+03,7.325452e+05,2.986079e+07,3,81,N,N
7.197861e+02,5.902135e+04,8.180294e+05,1.057443e+03,2.771520e+05,8.899210e+05,1.545655e+03,4.061475e+05,2.495672e+06,2.471190e+03,4.816933e+05,1.301328e+07,0,88,N,N
5.054630e+02,5.795478e+04,3.671975e+05,1.154590e+03,2.799341e+05,2.665655e+06,2.024422e+03,6.471020e+05,1.068048e+07,3.446720e+03,9.034859e+05,4.602306e+07,1,81,N,N
3.399455e+02,3.035303e+04,2.594462e+05,1.036217e+03,2.684994e+05,1.485783e+06,1.635289e+03,4.527457e+05,6.223519e+06,2.310345e+03,6.099761e+05,2.326079e+07,1,69,N,N
4.883616e+02,4.965829e+04,4.510859e+05,1.068853e+03,2.836681e+05,1.196134e+06,1.539754e+03,4.403740e+05,2.983250e+06,2.405845e+03,4.773126e+05,1.301378e+07,0,54,N,N
4.831170e+02,5.226842e+04,3.619040e+05,1.028491e+03,2.509840e+05,2.577908e+06,1.817896e+03,5.602009e+05,1.077593e+07,2.853375e+03,7.078375e+05,2.771507e+07,1,56,N,N
6.717763e+02,6.375691e+04,2.053718e+05,1.127270e+03,3.051551e+05,1.555850e+06,1.677908e+03,4.855667e+05,5.003223e+06,2.743470e+03,5.205343e+05,1.662838e+07,0,85,N,N
5.919373e+02,5.166269e+04,2.110503e+05,9.989141e+02,2.504585e+05,1.491728e+06,1.718910e+03,5.465906e+05,5.422000e+06,3.174365e+03,6.550703e+05,2.430960e+07,3,47,N,N
3.514721e+02,3.124891e+04,6.037329e+05,9.511321e+02,2.255124e+05,1.152873e+06,1.448438e+03,4.393302e+05,3.606737e+06,2.195918e+03,5.195195e+05,1.902124e+07,0,58,N,N
4.089819e+02,4.105495e+04,4.132263e+05,1.047715e+03,2.742143e+05,1.179012e+06,1.482336e+03,4.101265e+05,2.674741e+06,2.445487e+03,4.825519e+05,1.267581e+07,2,54,N,N
3.469905e+02,2.898767e+04,4.253352e+05,8.550428e+02,1.725569e+05,8.095044e+05,1.393432e+03,4.513951e+05,3.180875e+06,2.146130e+03,4.112381e+05,1.308024e+07,3,55,N,N
3.485474e+02,2.905149e+04,3.673238e+05,9.819657e+02,2.361528e+05,1.201983e+06,1.449434e+03,4.407769e+05,3.656683e+06,2.118126e+03,4.971075e+05,1.631452e+07,1,58,N,N
7.210836e+02,6.990050e+04,2.658702e+05,1.104665e+03,3.060397e+05,1.639074e+06,1.642635e+03,4.759224e+05,4.536598e+06,2.932659e+03,5.533770e+05,1.751958e+07,0,2,N,N
4.045528e+02,3.618738e+04,4.342840e+05,9.146932e+02,1.881190e+05,8.979722e+05,1.601781e+03,5.141251e+05,2.741074e+06,2.628612e+03,5.993946e+05,1.908615e+07,1,46,N,N
3.524231e+02,3.042458e+04,4.119254e+05,1.110313e+03,2.894111e+05,8.242926e+05,1.597101e+03,4.271522e+05,2.861597e+06,2.413368e+03,4.443462e+05,1.208773e+07,0,101,N,N
5.435921e+02,4.675495e+04,1.049077e+06,9.091228e+02,1.894354e+05,6.909061e+05,1.342928e+03,3.798145e+05,2.283877e+06,1.951227e+03,3.008954e+05,6.427580e+06,0,43,N,N
3.270464e+02,2.418003e+04,2.107845e+05,9.352554e+02,2.078501e+05,8.604719e+05,1.666367e+03,4.573265e+05,3.831925e+06,2.510746e+03,6.176854e+05,1.995617e+07,0,42,N,N
3.433538e+02,3.083541e+04,3.388848e+05,8.710576e+02,1.870297e+05,1.266331e+06,1.475025e+03,4.802310e+05,3.637565e+06,2.360901e+03,5.612545e+05,2.304515e+07,2,93,N,N
7.401767e+02,5.750006e+04,9.704971e+05,1.030910e+03,2.597577e+05,1.051192e+06,1.619748e+03,4.177428e+05,3.338649e+06,2.645229e+03,5.669478e+05,2.237024e+07,0,103,N,N
6.192027e+02,5.343202e+04,1.865819e+05,1.151824e+03,3.305230e+05,1.803455e+06,1.611658e+03,4.686014e+05,4.885239e+06,2.594534e+03,4.670470e+05,1.722954e+07,2,85,N,N
8.697291e+02,7.903537e+04,1.507141e+06,8.033951e+02,1.629444e+05,1.166144e+06,1.451905e+03,4.218883e+05,3.112693e+06,2.559042e+03,5.396464e+05,1.586168e+07,1,77,N,N
8.566715e+02,7.709279e+04,1.406031e+06,7.837971e+02,1.527482e+05,9.921793e+05,1.423776e+03,4.110868e+05,2.888084e+06,2.433835e+03,4.929889e+05,1.594792e+07,1,91,N,N
6.489799e+02,6.236206e+04,3.084361e+05,1.023928e+03,2.595159e+05,1.794314e+06,1.650405e+03,4.981278e+05,6.251950e+06,3.035663e+03,7.365248e+05,3.071864e+07,2,87,N,N
6.706400e+02,5.429593e+04,9.121652e+05,1.001087e+03,2.391235e+05,8.526273e+05,1.448029e+03,3.660344e+05,2.606870e+06,2.255479e+03,3.762016e+05,9.318610e+06,1,43,N,N
7.027977e+02,5.531780e+04,7.504550e+05,9.913568e+02,2.440603e+05,8.781686e+05,1.566885e+03,4.133890e+05,3.036307e+06,2.617845e+03,4.986934e+05,1.592667e+07,3,88,N,N
3.206147e+02,2.467905e+04,2.270095e+05,9.516373e+02,2.100072e+05,1.211019e+06,1.485533e+03,3.749309e+05,4.003383e+06,2.359442e+03,5.837220e+05,1.943535e+07,1,45,N,N
3.644452e+02,3.348675e+04,5.426084e+05,1.013767e+03,2.569541e+05,1.146271e+06,1.642961e+03,5.158106e+05,4.907295e+06,2.507250e+03,5.890819e+05,2.464374e+07,3,102,N,N
3.501876e+02,3.003042e+04,5.386731e+05,9.705797e+02,2.319587e+05,9.907996e+05,1.446001e+03,4.409881e+05,3.688128e+06,2.147723e+03,4.596853e+05,1.618045e+07,0,52,N,N
4.144461e+02,3.646975e+04,4.736732e+05,1.031455e+03,2.688899e+05,1.744587e+06,1.527272e+03,4.836881e+05,5.812236e+06,2.371010e+03,4.720975e+05,1.778980e+07,1,53,N,N
4.810849e+02,3.858484e+04,2.277609e+05,9.785864e+02,2.406668e+05,1.298172e+06,1.585012e+03,4.774127e+05,4.007142e+06,2.464680e+03,5.990084e+05,2.091992e+07,1,34,N,N
3.940691e+02,3.455061e+04,5.359886e+05,9.747525e+02,2.361990e+05,6.540222e+05,1.657970e+03,4.830997e+05,2.699127e+06,2.717059e+03,5.172113e+05,1.308853e+07,1,100,N,N
3.772461e+02,3.561879e+04,2.873833e+05,9.708805e+02,2.339104e+05,1.268559e+06,1.510109e+03,5.012650e+05,4.679459e+06,2.439982e+03,5.293617e+05,2.306943e+07,1,93,N,N
3.670720e+02,3.283108e+04,1.278789e+05,7.748617e+02,1.446961e+05,9.902906e+05,1.398481e+03,3.494913e+05,3.499971e+06,2.471431e+03,6.141758e+05,2.898884e+07,2,73,N,N
3.138368e+02,2.660686e+04,3.173063e+05,1.070772e+03,2.824197e+05,1.569928e+06,1.561595e+03,4.235699e+05,4.071478e+06,2.826991e+03,5.851354e+05,2.291016e+07,0,75,N,N
6.649005e+02,5.812601e+04,1.237361e+06,9.575504e+02,2.122945e+05,9.292408e+05,1.562855e+03,4.734240e+05,3.450594e+06,2.373273e+03,5.180955e+05,1.959038e+07,2,83,N,N
6.121135e+02,5.227206e+04,1.160604e+06,9.736276e+02,2.228412e+05,8.626681e+05,1.524981e+03,4.290204e+05,2.847481e+06,2.331225e+03,5.253947e+05,1.889352e+07,1,83,N,N
5.454131e+02,4.613892e+04,2.415191e+05,9.827771e+02,2.386885e+05,1.332570e+06,1.609065e+03,5.282596e+05,4.176180e+06,2.704559e+03,5.480015e+05,1.705554e+07,0,47,N,N
3.544627e+02,3.341466e+04,4.048579e+05,1.053607e+03,2.713227e+05,1.903779e+06,1.622767e+03,5.706349e+05,1.106695e+07,2.459839e+03,5.549731e+05,2.495308e+07,1,36,N,N
5.546623e+02,4.495162e+04,2.735733e+05,1.099783e+03,3.045168e+05,1.369513e+06,1.602978e+03,3.739610e+05,3.683638e+06,2.651042e+03,5.613483e+05,2.575694e+07,0,1,N,N
4.230738e+02,3.640082e+04,4.382888e+05,9.478530e+02,2.094297e+05,1.070521e+06,1.511174e+03,4.887951e+05,3.961689e+06,2.308943e+03,4.956893e+05,1.909954e+07,2,55,N,N
5.390098e+02,6.245975e+04,1.399250e+06,1.125009e+03,3.141156e+05,1.172452e+06,1.499395e+03,3.639099e+05,2.510906e+06,2.554136e+03,4.420452e+05,1.517668e+07,3,76,N,N
6.605204e+02,6.269416e+04,3.614328e+05,1.024557e+03,2.309220e+05,8.986294e+05,1.330496e+03,3.495364e+05,2.179235e+06,2.193213e+03,3.856111e+05,1.444048e+07,0,65,N,N
3.572104e+02,3.322961e+04,7.062360e+05,1.134967e+03,3.198919e+05,1.026165e+06,1.520854e+03,3.705901e+05,2.769752e+06,2.298281e+03,4.307269e+05,1.482394e+07,0,104,N,N
7.352047e+02,6.307968e+04,9.052287e+05,7.841328e+02,1.495679e+05,6.778901e+05,1.410102e+03,4.020729e+05,1.808802e+06,2.470079e+03,4.877007e+05,1.566270e+07,0,6,N,N
5.969314e+02,5.590797e+04,3.974335e+05,1.099006e+03,3.011423e+05,1.533564e+06,1.618963e+03,4.503168e+05,4.001119e+06,2.671125e+03,5.413637e+05,1.834939e+07,0,51,N,N
8.270686e+02,9.039775e+04,8.638067e+05,9.565198e+02,2.281248e+05,1.487356e+06,1.618946e+03,4.254071e+05,4.266337e+06,2.886971e+03,5.620067e+05,1.878392e+07,1,98,N,N
7.020823e+02,6.216342e+04,5.725398e+05,9.305648e+02,2.167699e+05,1.062448e+06,1.492139e+03,4.287187e+05,3.669148e+06,2.465528e+03,5.122199e+05,2.048748e+07,1,80,N,N
3.926663e+02,3.912960e+04,1.027175e+06,1.114296e+03,3.128429e+05,1.351154e+06,1.608118e+03,4.286125e+05,4.329647e+06,2.456284e+03,4.533710e+05,1.607010e+07,0,71,N,N
6.414977e+02,5.928150e+04,4.012242e+05,9.914835e+02,2.499492e+05,2.337306e+06,1.693318e+03,6.112296e+05,1.010475e+07,2.655598e+03,6.816369e+05,2.859666e+07,1,78,N,N
4.106087e+02,4.208343e+04,1.080678e+06,1.007787e+03,2.556381e+05,9.613141e+05,1.559091e+03,4.514457e+05,4.399187e+06,2.292890e+03,5.336467e+05,2.034633e+07,0,90,N,N
5.218182e+02,5.463590e+04,4.698404e+05,1.018343e+03,2.519594e+05,1.303825e+06,1.575539e+03,4.294161e+05,4.538436e+06,2.435325e+03,6.098702e+05,2.183791e+07,3,57,N,N
3.880751e+02,3.518773e+04,6.065308e+05,9.562312e+02,2.295399e+05,8.508573e+05,1.516718e+03,4.609902e+05,2.944893e+06,2.268613e+03,4.250905e+05,1.312409e+07,0,20,N,N
5.643140e+02,6.498758e+04,5.656232e+05,1.064310e+03,2.721546e+05,1.590032e+06,1.667719e+03,4.598773e+05,5.924920e+06,2.520080e+03,6.604395e+05,3.106275e+07,2,57,N,N
7.103049e+02,5.922439e+04,1.058830e+06,1.032937e+03,2.656228e+05,1.085391e+06,1.596996e+03,4.461854e+05,3.982155e+06,2.510617e+03,5.543075e+05,2.292661e+07,2,103,N,N
7.501696e+02,5.529521e+04,8.556014e+05,9.746803e+02,2.212794e+05,7.248463e+05,1.523409e+03,3.888632e+05,2.107008e+06,2.535060e+03,4.993583e+05,1.318174e+07,2,88,N,N
6.430620e+02,4.838041e+04,2.869623e+05,8.737157e+02,1.848937e+05,1.132923e+06,1.412948e+03,4.385324e+05,2.926732e+06,2.259629e+03,4.723444e+05,1.511005e+07,0,82,N,N
4.122185e+02,4.126398e+04,2.551130e+05,9.887939e+02,2.313116e+05,1.056694e+06,1.437312e+03,3.815666e+05,3.514030e+06,2.464706e+03,5.520134e+05,2.273725e+07,3,50,N,N
5.125454e+02,5.184171e+04,2.604483e+05,1.029596e+03,2.599769e+05,1.341834e+06,1.553589e+03,4.497506e+05,4.426232e+06,2.451334e+03,4.423206e+05,1.518434e+07,0,35,N,N
6.232111e+02,5.954626e+04,2.467597e+05,1.171112e+03,3.432364e+05,2.144582e+06,1.621330e+03,4.584548e+05,5.546393e+06,2.628004e+03,4.771185e+05,1.891409e+07,1,85,N,N
4.667959e+02,5.846009e+04,1.502125e+06,1.081485e+03,2.823673e+05,1.039177e+06,1.576590e+03,3.877202e+05,3.127630e+06,2.274043e+03,4.805227e+05,1.413116e+07,0,89,N,N
5.332430e+02,5.373993e+04,3.293369e+05,1.028013e+03,2.627902e+05,2.503446e+06,1.809831e+03,6.330137e+05,1.033740e+07,2.828430e+03,6.571774e+05,2.720826e+07,2,56,N,N
8.718476e+02,1.090500e+05,9.580830e+05,1.136385e+03,3.137484e+05,1.506178e+06,1.676900e+03,3.993622e+05,3.429522e+06,2.706503e+03,7.046752e+05,2.554363e+07,1,79,N,N
4.450445e+02,3.744208e+04,2.370873e+05,9.610973e+02,2.217075e+05,1.369009e+06,1.572831e+03,4.945376e+05,4.612909e+06,2.384898e+03,5.541242e+05,2.143235e+07,0,69,N,N
5.742903e+02,4.795922e+04,2.705832e+05,1.044615e+03,2.668786e+05,1.016015e+06,1.600770e+03,4.649629e+05,3.455289e+06,2.545477e+03,5.653451e+05,1.805605e+07,2,96,N,N
6.057451e+02,6.222941e+04,2.841813e+05,1.027845e+03,2.679333e+05,1.969850e+06,1.677603e+03,4.803127e+05,6.505503e+06,2.828744e+03,6.467529e+05,2.929348e+07,0,87,N,N
3.227353e+02,2.699173e+04,2.675880e+05,9.921897e+02,2.457735e+05,1.289880e+06,1.540094e+03,4.296664e+05,3.828905e+06,2.460096e+03,5.660719e+05,1.970365e+07,0,21,N,N
4.503407e+02,4.685493e+04,2.784579e+05,1.018256e+03,2.404452e+05,1.518635e+06,1.755897e+03,3.769244e+05,3.990694e+06,2.432416e+03,7.655930e+05,2.686068e+07,0,46,N,N
5.356474e+02,4.946909e+04,1.034113e+06,1.089416e+03,2.957608e+05,1.113361e+06,1.649565e+03,4.280368e+05,3.810825e+06,2.369904e+03,4.961406e+05,1.609182e+07,1,89,N,N
3.806028e+02,3.506729e+04,7.788657e+05,1.032601e+03,2.640616e+05,8.764447e+05,1.553169e+03,4.268873e+05,3.133345e+06,2.528485e+03,5.050357e+05,2.048227e+07,1,60,N,N
3.705659e+02,3.950160e+04,1.070023e+06,1.087432e+03,2.921959e+05,1.479668e+06,1.515098e+03,4.197215e+05,3.421839e+06,2.472538e+03,5.384583e+05,1.819814e+07,1,37,N,N
7.126451e+02,1.071288e+05,9.344142e+05,1.176950e+03,3.166496e+05,1.826561e+06,1.695065e+03,4.101369e+05,4.676297e+06,2.775702e+03,6.870116e+05,3.731422e+07,1,76,N,N
6.035246e+02,5.126680e+04,1.302740e+05,9.811346e+02,2.408093e+05,1.026816e+06,1.700061e+03,5.240224e+05,2.997064e+06,3.126298e+03,8.099403e+05,3.862908e+07,3,67,N,N
4.485813e+02,4.842594e+04,4.972837e+05,9.308806e+02,2.179607e+05,1.212278e+06,1.624182e+03,4.358602e+05,4.542879e+06,2.641631e+03,7.172991e+05,3.418035e+07,0,44,N,N
3.901927e+02,3.638613e+04,5.756465e+05,1.087332e+03,2.888527e+05,8.586332e+05,1.627580e+03,4.655688e+05,3.360780e+06,2.373652e+03,4.631935e+05,1.277836e+07,1,101,N,N
5.800981e+02,4.453564e+04,5.949585e+05,8.983614e+02,1.838219e+05,8.691056e+05,1.596037e+03,4.911574e+05,2.818487e+06,2.736984e+03,5.941108e+05,2.389651e+07,1,74,N,N
5.325981e+02,4.906602e+04,4.222475e+05,1.061493e+03,2.750472e+05,1.123429e+06,1.767529e+03,4.522077e+05,4.452840e+06,2.890031e+03,6.981340e+05,3.236508e+07,2,74,N,N
3.237234e+02,2.569368e+04,1.697655e+05,9.540265e+02,2.118441e+05,7.763812e+05,1.498449e+03,4.733647e+05,2.893995e+06,2.286195e+03,4.583059e+05,1.273907e+07,1,25,N,N
4.172841e+02,4.496282e+04,7.942158e+05,1.105993e+03,3.043169e+05,1.860260e+06,1.577173e+03,4.852934e+05,7.711119e+06,2.334391e+03,5.153013e+05,2.447590e+07,3,94,N,N
7.655004e+02,6.574453e+04,6.764711e+05,1.084815e+03,2.961122e+05,1.102371e+06,1.638206e+03,3.851138e+05,2.028084e+06,2.618653e+03,5.728340e+05,1.931747e+07,1,68,N,N
4.054485e+02,3.299561e+04,3.615983e+05,9.704661e+02,2.322227e+05,1.266242e+06,1.472455e+03,4.533306e+05,4.003086e+06,2.199772e+03,5.366388e+05,2.034729e+07,3,58,N,N
3.573339e+02,3.003176e+04,6.283335e+05,9.235400e+02,2.140088e+05,5.901206e+05,1.372856e+03,4.022746e+05,1.944949e+06,1.997401e+03,4.519333e+05,1.128093e+07,0,31,N,N
4.159825e+02,3.390571e+04,4.979668e+05,9.517535e+02,2.189218e+05,9.349801e+05,1.435078e+03,4.137637e+05,3.148767e+06,2.260402e+03,4.552390e+05,1.558111e+07,3,52,N,N
6.548041e+02,5.170750e+04,2.316066e+05,1.009159e+03,2.466171e+05,1.200112e+06,1.578463e+03,4.797715e+05,4.548149e+06,2.513918e+03,5.547475e+05,2.583091e+07,0,33,N,N
4.215787e+02,4.498123e+04,1.227467e+06,1.015038e+03,2.590314e+05,1.038908e+06,1.562965e+03,4.473342e+05,4.875066e+06,2.277917e+03,5.608249e+05,2.277984e+07,2,90,N,N
3.346481e+02,2.963037e+04,2.812427e+05,9.496262e+02,2.251822e+05,7.856477e+05,1.692708e+03,5.755430e+05,3.775695e+06,2.678138e+03,6.524666e+05,2.119874e+07,1,42,N,N
3.771642e+02,3.494865e+04,3.003604e+05,1.006237e+03,2.459133e+05,1.618562e+06,1.498641e+03,3.773497e+05,4.979472e+06,2.510053e+03,8.177652e+05,6.936649e+07,1,50,N,N
4.634156e+02,4.365762e+04,3.602418e+05,1.048809e+03,2.702252e+05,1.506581e+06,1.736373e+03,5.052993e+05,6.351984e+06,2.612796e+03,6.528018e+05,2.757921e+07,1,102,N,N
7.240603e+02,7.264275e+04,2.512830e+05,1.060727e+03,2.698873e+05,1.438890e+06,1.480770e+03,4.130093e+05,4.087903e+06,2.543382e+03,5.074101e+05,1.833351e+07,3,73,N,N
8.394306e+02,7.783684e+04,1.396378e+06,8.672058e+02,1.884045e+05,1.193514e+06,1.523631e+03,4.444896e+05,3.697200e+06,2.581588e+03,5.491002e+05,1.670155e+07,2,77,N,N
5.672887e+02,5.914852e+04,3.613093e+05,1.002579e+03,2.296313e+05,8.290739e+05,1.323591e+03,3.398152e+05,2.122563e+06,2.181927e+03,3.665956e+05,1.343371e+07,3,65,N,N
3.897728e+02,4.034979e+04,6.154730e+05,1.087272e+03,2.861008e+05,1.011413e+06,1.582164e+03,4.065896e+05,3.283119e+06,2.601802e+03,5.489350e+05,1.782629e+07,0,57,N,N
5.092206e+02,5.354527e+04,3.838731e+05,9.861747e+02,2.342084e+05,1.538500e+06,1.577013e+03,3.639466e+05,3.427169e+06,2.631866e+03,6.898465e+05,2.380139e+07,1,51,N,N
5.684803e+02,5.785886e+04,9.087349e+05,1.119548e+03,3.099968e+05,1.415923e+06,1.603582e+03,4.544971e+05,3.690582e+06,2.559797e+03,5.310549e+05,1.582902e+07,3,51,N,N
4.201649e+02,4.398710e+04,5.562853e+05,1.080619e+03,2.928641e+05,1.568882e+06,1.595950e+03,4.028195e+05,3.407094e+06,2.542373e+03,5.485538e+05,1.872786e+07,0,66,N,N
4.243104e+02,3.537553e+04,7.042609e+05,1.010827e+03,2.496415e+05,8.829452e+05,1.569043e+03,4.333954e+05,2.866446e+06,2.472630e+03,5.021922e+05,1.754414e+07,0,60,N,N
3.242063e+02,2.828953e+04,3.544391e+05,9.325010e+02,2.085550e+05,1.198430e+06,1.458578e+03,4.419768e+05,3.611692e+06,2.230818e+03,5.542252e+05,2.104508e+07,2,12,N,N
3.848617e+02,3.848934e+04,3.951441e+05,9.858582e+02,2.404339e+05,1.449916e+06,1.555743e+03,3.471510e+05,3.019677e+06,2.395501e+03,6.177647e+05,1.933188e+07,1,66,N,N
4.065863e+02,3.758514e+04,2.086845e+05,1.017572e+03,2.464633e+05,1.371080e+06,1.690266e+03,4.701436e+05,5.576553e+06,2.478905e+03,6.612490e+05,2.421392e+07,2,95,N,N
3.463638e+02,3.311170e+04,5.690772e+05,9.387806e+02,2.106537e+05,1.037772e+06,1.577848e+03,4.869145e+05,3.858638e+06,2.683279e+03,5.307205e+05,1.953290e+07,1,44,N,N
5.812620e+02,6.141769e+04,3.215548e+05,1.030677e+03,2.660870e+05,2.172052e+06,1.746063e+03,5.102271e+05,8.399774e+06,2.883773e+03,7.615879e+05,4.210972e+07,3,87,N,N
3.466247e+02,2.642005e+04,2.653278e+05,8.767416e+02,1.653429e+05,1.150328e+06,1.459045e+03,2.792435e+05,3.110128e+06,2.456119e+03,5.168365e+05,1.901385e+07,1,71,N,N
4.141876e+02,3.726047e+04,4.710523e+05,1.150406e+03,3.306636e+05,9.833757e+05,1.677724e+03,4.121211e+05,2.721532e+06,2.654275e+03,4.794473e+05,1.630323e+07,2,86,N,N
3.840123e+02,4.260920e+04,1.112442e+06,1.106437e+03,3.073384e+05,1.532559e+06,1.508184e+03,4.078872e+05,3.233057e+06,2.474224e+03,5.462165e+05,2.130627e+07,0,37,N,N
3.461815e+02,2.885081e+04,3.269927e+05,1.102266e+03,2.936098e+05,1.383663e+06,1.720871e+03,4.282351e+05,3.962531e+06,2.807297e+03,6.114175e+05,2.507441e+07,1,41,N,N
6.607864e+02,5.180898e+04,7.406740e+05,9.948843e+02,2.335147e+05,9.791839e+05,1.430611e+03,3.653092e+05,2.935500e+06,2.292301e+03,4.406832e+05,1.415344e+07,3,82,N,N
5.629188e+02,8.015322e+04,8.507437e+05,1.101184e+03,2.778197e+05,1.343808e+06,1.641969e+03,3.862781e+05,3.874040e+06,2.467022e+03,5.330375e+05,2.081180e+07,2,89,N,N
3.789804e+02,4.099401e+04,1.122919e+06,1.063902e+03,2.809725e+05,8.808731e+05,1.423350e+03,3.992662e+05,2.825424e+06,2.209417e+03,4.539668e+05,1.819711e+07,0,50,N,N
2.995875e+02,2.348267e+04,1.778082e+05,1.063013e+03,2.739136e+05,1.165645e+06,1.577914e+03,3.989559e+05,2.841605e+06,2.364629e+03,5.047030e+05,1.217209e+07,2,101,N,N
3.238677e+02,2.763242e+04,3.376458e+05,1.050393e+03,2.751778e+05,9.704783e+05,1.490320e+03,4.242668e+05,3.105683e+06,2.243158e+03,4.263269e+05,1.146212e+07,0,29,N,N
5.149271e+02,5.867302e+04,3.155018e+05,1.081543e+03,2.640563e+05,2.146488e+06,1.903577e+03,5.702622e+05,8.501727e+06,2.977229e+03,7.510345e+05,3.022533e+07,0,81,N,N
5.951637e+02,5.609425e+04,2.857328e+05,9.228680e+02,2.046494e+05,1.242170e+06,1.260872e+03,3.639017e+05,3.393780e+06,2.098739e+03,4.637076e+05,2.275716e+07,1,97,N,N
6.178479e+02,5.422516e+04,1.387509e+05,1.032956e+03,2.677384e+05,1.326850e+06,1.748070e+03,5.225699e+05,3.172760e+06,2.895523e+03,7.166307e+05,2.880229e+07,1,67,N,N
4.034924e+02,4.159468e+04,9.686078e+05,9.786834e+02,2.354138e+05,1.569269e+06,1.568575e+03,5.081946e+05,7.711233e+06,2.426838e+03,5.386702e+05,2.287024e+07,0,78,N,N
3.831851e+02,3.879602e+04,8.677018e+05,9.756986e+02,2.354904e+05,1.554316e+06,1.557005e+03,5.131936e+05,7.086967e+06,2.415576e+03,5.250510e+05,2.216942e+07,2,78,N,N
4.970542e+02,4.584520e+04,2.623636e+05,9.730312e+02,2.373477e+05,1.414075e+06,1.667087e+03,5.590225e+05,4.834898e+06,2.858336e+03,5.682907e+05,2.076986e+07,2,47,N,N
3.378186e+02,2.734338e+04,2.885553e+05,9.676002e+02,2.359148e+05,9.202144e+05,1.496612e+03,4.512040e+05,3.202088e+06,2.217930e+03,5.003851e+05,1.747336e+07,2,63,N,N
7.962147e+02,1.119364e+05,4.655694e+05,1.181961e+03,3.499250e+05,1.569877e+06,1.562255e+03,3.701417e+05,2.778707e+06,2.875055e+03,5.421524e+05,2.202830e+07,0,72,N,N
5.809914e+02,6.449777e+04,5.835412e+05,1.074630e+03,2.889039e+05,1.776155e+06,1.545783e+03,4.372434e+05,3.210921e+06,2.597216e+03,5.550002e+05,2.341676e+07,0,9,N,N
6.288145e+02,5.629136e+04,2.094854e+05,1.156894e+03,3.281662e+05,1.727086e+06,1.677626e+03,5.184527e+05,6.177857e+06,2.605119e+03,5.006830e+05,1.833860e+07,3,85,N,N
6.866998e+02,6.851699e+04,1.127310e+06,8.987008e+02,1.988838e+05,1.666298e+06,1.716081e+03,5.745017e+05,5.047853e+06,2.878341e+03,6.561894e+05,2.919613e+07,2,70,N,N
4.202501e+02,4.622318e+04,1.107873e+06,1.040965e+03,2.671154e+05,1.432429e+06,1.653190e+03,5.015932e+05,5.122970e+06,2.634710e+03,5.285840e+05,2.121376e+07,2,59,N,N
3.157612e+02,2.680881e+04,3.046545e+05,9.293855e+02,2.082900e+05,1.240936e+06,1.468493e+03,4.574628e+05,3.689138e+06,2.204350e+03,5.484194e+05,2.057657e+07,1,12,N,N
6.232530e+02,5.342341e+04,1.175984e+06,8.962911e+02,1.932889e+05,7.901646e+05,1.530512e+03,4.448572e+05,2.625054e+06,2.387536e+03,5.499175e+05,1.665202e+07,3,83,N,N
5.591989e+02,3.911035e+04,3.101672e+05,1.019758e+03,2.480791e+05,8.949940e+05,1.470288e+03,4.271918e+05,3.183871e+06,2.181933e+03,4.294901e+05,1.138253e+07,0,62,N,N
7.787516e+02,6.029962e+04,3.126941e+05,9.177706e+02,2.053713e+05,1.301824e+06,1.385699e+03,3.747838e+05,3.947416e+06,2.307260e+03,5.100830e+05,2.268367e+07,3,64,N,N
3.336647e+02,2.752753e+04,1.822812e+05,9.569526e+02,2.289937e+05,8.573026e+05,1.501136e+03,4.580403e+05,3.434873e+06,2.237166e+03,5.149550e+05,1.571568e+07,2,69,N,N
4.092044e+02,3.954394e+04,2.402718e+05,9.106816e+02,1.876752e+05,1.239543e+06,1.695607e+03,4.299839e+05,5.070612e+06,2.779457e+03,7.240980e+05,3.509952e+07,1,47,N,N
3.116034e+02,2.523751e+04,3.085030e+05,1.020573e+03,2.620275e+05,1.693028e+06,1.558174e+03,4.376111e+05,4.768014e+06,2.758936e+03,6.131327e+05,2.809773e+07,1,75,N,N
4.192632e+02,4.636176e+04,1.240181e+06,1.030304e+03,2.577570e+05,1.447332e+06,1.584751e+03,4.667546e+05,4.510125e+06,2.598284e+03,5.137046e+05,2.102082e+07,1,59,N,N
3.364263e+02,3.038956e+04,3.830673e+05,9.154375e+02,2.044435e+05,1.421865e+06,1.497328e+03,4.543810e+05,4.494221e+06,2.352973e+03,6.121430e+05,2.774274e+07,0,12,N,N
7.075267e+02,8.106318e+04,6.363851e+05,1.153270e+03,3.299645e+05,1.294556e+06,1.758095e+03,4.291234e+05,4.115714e+06,2.671401e+03,5.232165e+05,1.812835e+07,0,40,N,N
7.264637e+02,5.801625e+04,2.478307e+05,9.668115e+02,2.292417e+05,1.678866e+06,1.457834e+03,4.293989e+05,5.627058e+06,2.404953e+03,6.039479e+05,2.694802e+07,0,64,N,N
4.314050e+02,3.956029e+04,3.820422e+05,1.060564e+03,2.838673e+05,1.412502e+06,1.594480e+03,4.140765e+05,3.494677e+06,2.564432e+03,5.740682e+05,2.022355e+07,3,66,N,N
5.791338e+02,6.555455e+04,3.278492e+05,1.113702e+03,2.793426e+05,1.796347e+06,1.984838e+03,4.800099e+05,5.740178e+06,3.111440e+03,1.105369e+06,9.456665e+07,1,72,N,N
7.184778e+02,6.638816e+04,2.839951e+05,1.047468e+03,2.766894e+05,1.808395e+06,1.669824e+03,5.182297e+05,5.613728e+06,2.767728e+03,6.280962e+05,2.663130e+07,0,4,N,N
4.929782e+02,5.002270e+04,3.053463e+05,1.025002e+03,2.640862e+05,1.285804e+06,1.447277e+03,3.937642e+05,3.382207e+06,2.260482e+03,5.550137e+05,2.463015e+07,2,50,N,N
5.883320e+02,7.064451e+04,1.760363e+06,1.115353e+03,2.975379e+05,1.411623e+06,1.594278e+03,3.952757e+05,3.518495e+06,2.648510e+03,5.347741e+05,2.040574e+07,0,61,N,N
3.623578e+02,3.415868e+04,7.784594e+05,1.041784e+03,2.686681e+05,9.112853e+05,1.542077e+03,4.160267e+05,3.169692e+06,2.467901e+03,4.983896e+05,1.850496e+07,3,60,N,N
4.399093e+02,4.740253e+04,5.409318e+05,1.039008e+03,2.714417e+05,1.747232e+06,1.595919e+03,4.445009e+05,4.754261e+06,2.823054e+03,6.219760e+05,2.546056e+07,3,75,N,N
6.092484e+02,4.044113e+04,2.601195e+05,9.433980e+02,2.070598e+05,8.328703e+05,1.451189e+03,4.260408e+05,3.025112e+06,2.255901e+03,4.394558e+05,1.342212e+07,1,62,N,N
7.913247e+02,7.059348e+04,9.367839e+05,8.946016e+02,2.007523e+05,1.091672e+06,1.484630e+03,4.424461e+05,3.971933e+06,2.427647e+03,5.509878e+05,2.126344e+07,2,80,N,N
5.636234e+02,6.694738e+04,2.048612e+06,8.791682e+02,1.798077e+05,9.226185e+05,1.376326e+03,4.253354e+05,2.817832e+06,2.031917e+03,3.742002e+05,1.255976e+07,0,91,N,N
3.450367e+02,3.069640e+04,2.007966e+05,9.698408e+02,2.183311e+05,1.327737e+06,1.637256e+03,4.179359e+05,5.665573e+06,2.424238e+03,6.876429e+05,2.525035e+07,1,95,N,N
6.993454e+02,5.895820e+04,1.047812e+06,1.038779e+03,2.711801e+05,1.168965e+06,1.610788e+03,4.390874e+05,4.293603e+06,2.537165e+03,5.675728e+05,2.697087e+07,1,103,N,N
7.307531e+02,6.281400e+04,7.413504e+05,1.111253e+03,3.071392e+05,6.977264e+05,1.646172e+03,3.628539e+05,2.077444e+06,2.434749e+03,4.975848e+05,1.380127e+07,0,68,N,N
5.480083e+02,4.824298e+04,8.153973e+05,1.076614e+03,2.908221e+05,1.033764e+06,1.577959e+03,4.157141e+05,2.995360e+06,2.404406e+03,4.511114e+05,1.514837e+07,2,104,N,N
3.278179e+02,2.691345e+04,3.776898e+05,9.600623e+02,2.268773e+05,1.035332e+06,1.433299e+03,4.108873e+05,2.985045e+06,2.201009e+03,4.704215e+05,1.470881e+07,2,52,N,N
4.759346e+02,5.781036e+04,5.226097e+05,1.086764e+03,2.584554e+05,1.225667e+06,1.625974e+03,3.808387e+05,3.792400e+06,2.330276e+03,5.267947e+05,1.616872e+07,3,89,N,N
6.233790e+02,8.360034e+04,1.906510e+06,1.025679e+03,2.645956e+05,1.717783e+06,1.570733e+03,4.711444e+05,7.220356e+06,2.312044e+03,6.203655e+05,3.325204e+07,0,30,N,N
5.771435e+02,4.740696e+04,5.549610e+05,1.096817e+03,3.021660e+05,1.031479e+06,1.580223e+03,3.881897e+05,3.114615e+06,2.474516e+03,4.817373e+05,1.807397e+07,3,104,N,N
4.343759e+02,4.265317e+04,3.412194e+05,1.030406e+03,2.617476e+05,1.374654e+06,1.630291e+03,4.723826e+05,4.396097e+06,2.569343e+03,5.599866e+05,2.171004e+07,0,45,N,N
7.718165e+02,6.371877e+04,8.969918e+05,8.358426e+02,1.760156e+05,1.504799e+06,1.605720e+03,4.882303e+05,3.579416e+06,2.811468e+03,6.377351e+05,2.934729e+07,1,70,N,N
6.818748e+02,6.435030e+04,2.672276e+05,1.066138e+03,2.828643e+05,1.793173e+06,1.768303e+03,5.265101e+05,4.525497e+06,3.116596e+03,6.769159e+05,2.255978e+07,1,99,N,N
7.072177e+02,8.343670e+04,4.974942e+05,1.009834e+03,2.587927e+05,2.008054e+06,1.778225e+03,5.423159e+05,6.125474e+06,2.814060e+03,6.404177e+05,2.729271e+07,2,98,N,N
6.949652e+02,6.470745e+04,3.010094e+05,1.011156e+03,2.544813e+05,1.338688e+06,1.488636e+03,4.494113e+05,3.848256e+06,2.264080e+03,4.452818e+05,1.469868e+07,0,19,N,N
5.120213e+02,4.091671e+04,2.372070e+05,9.529771e+02,2.212265e+05,1.455099e+06,1.565735e+03,5.090889e+05,4.632483e+06,2.412683e+03,6.117354e+05,2.341113e+07,3,69,N,N
3.588628e+02,3.434803e+04,4.102464e+05,1.093494e+03,2.968518e+05,1.666401e+06,1.640822e+03,5.131234e+05,5.452757e+06,2.597194e+03,5.519128e+05,2.164117e+07,0,24,N,N
8.033973e+02,6.415165e+04,7.559223e+05,8.285597e+02,1.742373e+05,1.482570e+06,1.597989e+03,4.898161e+05,3.359955e+06,3.005520e+03,6.434966e+05,2.385781e+07,3,70,N,N
4.105186e+02,3.534666e+04,5.893999e+05,1.009705e+03,2.542755e+05,6.558686e+05,1.676043e+03,4.749545e+05,2.635996e+06,2.702334e+03,5.213188e+05,1.188735e+07,2,100,N,N
6.449729e+02,5.366075e+04,9.969205e+05,1.027727e+03,2.624362e+05,1.086184e+06,1.601445e+03,4.536830e+05,4.255418e+06,2.470521e+03,5.464906e+05,2.460226e+07,3,103,N,N
3.660535e+02,3.404996e+04,2.482995e+05,9.940710e+02,2.445920e+05,1.292706e+06,1.502223e+03,4.794013e+05,4.414848e+06,2.511830e+03,5.411900e+05,2.355020e+07,0,93,N,N
3.851062e+02,3.690017e+04,8.696048e+05,1.003092e+03,2.534598e+05,1.109187e+06,1.505198e+03,4.619736e+05,4.605954e+06,2.241397e+03,4.599485e+05,1.649137e+07,3,71,N,N
3.734363e+02,3.684471e+04,7.126473e+05,9.898039e+02,2.434811e+05,1.720518e+06,1.516998e+03,4.701076e+05,5.351381e+06,2.375590e+03,4.800202e+05,1.901599e+07,3,53,N,N
5.040557e+02,5.050857e+04,3.395096e+05,9.706836e+02,2.282978e+05,9.740484e+05,1.441451e+03,3.781478e+05,2.524733e+06,2.339216e+03,5.080921e+05,1.309931e+07,3,54,N,N
4.913709e+02,4.201171e+04,2.903292e+05,1.041784e+03,2.681329e+05,7.509072e+05,1.755662e+03,4.924320e+05,3.349482e+06,2.898763e+03,5.682034e+05,1.537577e+07,3,100,N,N
9.533473e+02,8.470144e+04,1.599478e+06,7.678356e+02,1.488224e+05,1.100132e+06,1.425626e+03,4.134729e+05,3.049697e+06,2.631960e+03,5.573385e+05,1.483655e+07,0,77,N,N
3.211673e+02,2.721153e+04,3.711605e+05,1.000509e+03,2.494507e+05,9.783782e+05,1.463544e+03,4.208948e+05,3.905093e+06,2.018024e+03,4.823260e+05,1.722430e+07,2,48,N,N
3.515814e+02,3.184145e+04,5.092639e+05,1.078632e+03,2.921060e+05,9.873522e+05,1.681246e+03,4.427630e+05,3.996127e+06,2.729240e+03,5.822628e+05,2.482744e+07,3,74,N,N
5.978482e+02,6.119744e+04,2.664159e+05,1.066375e+03,2.822202e+05,1.504064e+06,1.778945e+03,5.205124e+05,4.555367e+06,2.940730e+03,6.445082e+05,2.639059e+07,0,41,N,N
7.201513e+02,5.408339e+04,5.101789e+05,8.267001e+02,1.724963e+05,1.274852e+06,1.541275e+03,4.771824e+05,3.525390e+06,2.594360e+03,5.955654e+05,2.166949e+07,3,84,N,N
6.325626e+02,5.892625e+04,8.361266e+05,1.083270e+03,2.902522e+05,1.364358e+06,1.722251e+03,4.564605e+05,2.306132e+06,2.867833e+03,5.760645e+05,2.026209e+07,0,7,N,N
9.250998e+02,8.106537e+04,2.789694e+05,9.544440e+02,2.107324e+05,9.397746e+05,1.372516e+03,3.593130e+05,2.450898e+06,2.316367e+03,4.237445e+05,1.687900e+07,2,65,N,N
6.173259e+02,4.487835e+04,1.302043e+05,9.781549e+02,2.269550e+05,1.143125e+06,1.585717e+03,4.819408e+05,2.638300e+06,2.619902e+03,4.938123e+05,1.308145e+07,0,5,N,N
3.479950e+02,3.152127e+04,2.354133e+05,9.687901e+02,2.238372e+05,1.383282e+06,1.529750e+03,4.895994e+05,4.821461e+06,2.248251e+03,5.462261e+05,2.344445e+07,2,49,N,N
