7.811125e-09,1.041132e-17,3.712151e-27,7.044557e-09,6.752599e-18,1.594629e-27,6.361668e-09,6.241271e-18,1.387109e-27,8.165583e-09,1.315704e-17,5.668523e-27,3,72,N,N
1.731494e-08,4.725062e-17,3.533436e-26,1.520089e-08,3.837201e-17,2.016580e-26,1.414009e-08,3.770373e-17,2.244109e-26,1.818623e-08,8.257648e-17,1.104571e-25,3,93,N,N
2.486567e-08,9.163591e-17,8.557604e-26,2.197490e-08,5.417937e-17,3.417007e-26,2.068673e-08,6.327917e-17,4.626212e-26,2.475504e-08,1.205407e-16,1.584221e-25,0,26,N,N
2.012357e-08,6.506858e-17,5.731468e-26,1.761832e-08,4.697227e-17,2.870838e-26,1.677377e-08,4.753654e-17,2.869142e-26,2.052773e-08,8.106207e-17,8.793039e-26,3,96,N,N
2.238398e-08,8.282543e-17,7.335725e-26,1.877040e-08,5.415831e-17,3.336429e-26,1.887023e-08,6.285408e-17,4.511354e-26,2.346025e-08,1.193440e-16,1.682905e-25,1,55,N,N
2.811619e-08,1.265067e-16,1.413123e-25,2.363795e-08,8.141305e-17,6.193429e-26,2.349006e-08,1.006210e-16,8.613363e-26,2.693355e-08,1.564077e-16,2.508580e-25,3,90,N,N
1.236568e-08,2.580469e-17,1.434646e-26,1.121642e-08,1.930529e-17,8.272916e-27,1.040610e-08,1.897591e-17,7.996509e-27,1.252782e-08,2.924755e-17,1.810905e-26,1,5,N,N
1.948341e-08,6.210036e-17,4.894306e-26,1.693245e-08,3.992885e-17,2.249370e-26,1.708906e-08,4.612885e-17,2.636082e-26,2.010297e-08,7.440620e-17,7.069905e-26,0,27,N,N
2.799937e-08,9.987338e-17,8.615684e-26,2.377230e-08,6.567524e-17,4.429257e-26,2.408408e-08,9.271118e-17,8.005891e-26,2.968554e-08,1.785100e-16,2.968996e-25,0,28,N,N
1.925574e-08,6.451470e-17,5.989425e-26,1.578246e-08,4.285146e-17,2.363254e-26,1.653870e-08,4.793182e-17,2.830132e-26,1.896992e-08,6.479220e-17,5.676968e-26,0,67,N,N
1.756056e-08,4.618085e-17,3.256564e-26,1.554879e-08,3.542176e-17,1.921573e-26,1.398441e-08,3.447030e-17,1.904266e-26,1.810703e-08,6.639112e-17,6.319323e-26,3,91,N,N
2.095746e-08,6.687464e-17,4.397154e-26,1.866218e-08,5.735638e-17,4.327483e-26,1.834122e-08,6.853384e-17,4.801636e-26,1.985899e-08,9.165448e-17,8.416078e-26,0,16,N,N
1.832558e-08,4.207374e-17,2.543506e-26,1.496605e-08,2.860366e-17,1.164686e-26,1.542927e-08,3.203003e-17,1.431940e-26,1.811467e-08,5.544680e-17,4.035752e-26,3,99,N,N
2.157861e-08,7.434330e-17,7.016911e-26,1.938314e-08,6.077975e-17,4.218805e-26,1.776697e-08,6.263366e-17,4.488362e-26,2.241483e-08,1.174791e-16,1.656599e-25,3,78,N,N
3.251000e-08,1.334320e-16,1.338599e-25,2.714817e-08,8.729311e-17,6.778941e-26,2.607736e-08,1.080738e-16,9.584962e-26,3.153417e-08,1.865879e-16,2.954064e-25,2,102,N,N
2.974586e-08,1.311856e-16,1.526350e-25,2.573397e-08,9.500655e-17,7.979308e-26,2.571583e-08,1.217531e-16,1.168343e-25,3.061449e-08,1.978902e-16,3.619454e-25,0,22,N,N
2.338259e-08,6.886704e-17,5.205050e-26,2.117531e-08,5.237496e-17,3.147322e-26,1.946387e-08,6.016321e-17,4.045066e-26,2.370434e-08,1.080948e-16,1.332855e-25,1,84,N,N
3.393889e-08,1.874791e-16,2.834878e-25,3.000205e-08,1.375364e-16,1.530556e-25,3.009183e-08,1.669510e-16,2.079652e-25,3.377533e-08,2.271622e-16,4.059295e-25,2,82,N,N
2.281508e-08,6.809002e-17,5.269185e-26,1.902959e-08,4.901797e-17,2.972791e-26,1.900468e-08,5.182245e-17,3.357048e-26,2.303428e-08,9.301905e-17,1.014517e-25,3,68,N,N
2.880089e-08,1.215208e-16,1.394133e-25,2.382519e-08,8.711631e-17,7.205244e-26,2.433908e-08,9.742522e-17,8.515531e-26,2.928858e-08,1.792350e-16,2.466112e-25,3,80,N,N
1.780478e-08,4.437018e-17,2.970018e-26,1.502839e-08,3.206594e-17,1.531230e-26,1.543885e-08,4.199941e-17,2.503230e-26,1.949594e-08,8.472980e-17,1.012020e-25,1,10,N,N
2.466115e-08,8.732288e-17,8.213186e-26,2.073380e-08,6.416800e-17,4.058181e-26,1.952132e-08,6.220267e-17,3.941807e-26,2.275342e-08,1.030234e-16,1.153468e-25,0,56,N,N
2.121826e-08,6.223654e-17,4.847345e-26,1.842620e-08,3.763236e-17,1.884346e-26,1.796998e-08,4.445816e-17,2.404214e-26,2.072626e-08,7.140768e-17,6.636889e-26,1,86,N,N
2.196877e-08,8.512883e-17,7.850117e-26,1.819810e-08,4.940153e-17,3.183645e-26,1.914692e-08,6.355243e-17,4.635493e-26,2.212401e-08,1.056693e-16,1.191323e-25,1,73,N,N
2.572413e-08,8.505236e-17,7.101738e-26,2.083758e-08,5.188584e-17,2.871786e-26,2.130514e-08,6.700565e-17,4.398561e-26,2.713082e-08,1.203925e-16,1.335690e-25,1,40,N,N
1.674931e-08,3.429236e-17,1.825340e-26,1.485922e-08,2.849962e-17,1.217044e-26,1.460661e-08,3.645743e-17,1.773388e-26,1.845789e-08,7.043900e-17,7.634221e-26,2,76,N,N
2.020521e-08,4.706369e-17,2.837506e-26,1.792586e-08,3.802089e-17,1.808824e-26,1.765106e-08,4.933088e-17,2.788641e-26,2.225706e-08,9.283158e-17,1.081943e-25,0,76,N,N
4.005974e-08,2.087027e-16,2.169467e-25,3.302428e-08,1.532819e-16,1.307921e-25,3.452572e-08,2.183886e-16,2.426622e-25,4.144335e-08,3.474918e-16,7.777873e-25,2,53,N,N
2.620361e-08,1.143628e-16,1.058532e-25,2.089970e-08,6.830291e-17,4.398002e-26,2.152254e-08,7.805154e-17,5.752860e-26,2.742901e-08,1.420737e-16,1.870463e-25,1,65,N,N
2.279481e-08,9.138196e-17,1.008726e-25,2.059429e-08,6.994705e-17,5.148678e-26,2.004596e-08,8.046585e-17,6.493807e-26,2.401974e-08,1.287407e-16,1.916949e-25,0,32,N,N
2.132112e-08,7.325535e-17,6.850836e-26,1.831412e-08,4.758997e-17,3.009736e-26,1.814787e-08,5.132227e-17,3.357498e-26,2.062457e-08,8.415439e-17,8.855909e-26,3,98,N,N
2.497739e-08,8.888361e-17,8.508927e-26,2.106107e-08,6.427273e-17,4.301914e-26,2.144250e-08,8.097933e-17,6.397000e-26,2.584009e-08,1.480331e-16,2.217356e-25,0,10,N,N
1.761558e-08,4.079717e-17,2.403639e-26,1.463020e-08,2.776301e-17,1.109417e-26,1.533572e-08,3.206348e-17,1.475407e-26,1.768719e-08,5.679004e-17,4.694622e-26,2,99,N,N
1.960140e-08,5.905882e-17,4.010527e-26,1.708630e-08,4.262587e-17,2.255279e-26,1.650956e-08,4.830457e-17,2.769835e-26,2.026153e-08,7.769637e-17,8.159132e-26,3,61,N,N
3.505926e-08,1.616152e-16,1.605825e-25,2.864417e-08,1.052802e-16,8.003936e-26,2.958378e-08,1.316978e-16,1.236660e-25,3.505063e-08,2.262371e-16,4.022640e-25,3,95,N,N
2.468308e-08,9.629576e-17,9.381001e-26,2.052931e-08,6.210680e-17,4.243151e-26,2.068386e-08,7.425047e-17,5.810845e-26,2.608520e-08,1.414493e-16,2.096052e-25,0,55,N,N
1.916454e-08,5.427295e-17,4.079061e-26,1.631781e-08,4.162922e-17,2.229512e-26,1.576915e-08,4.567613e-17,2.689005e-26,1.911722e-08,7.739391e-17,8.961005e-26,2,66,N,N
2.593461e-08,1.035536e-16,1.120178e-25,2.207745e-08,7.552438e-17,5.609952e-26,2.097208e-08,7.243311e-17,5.241128e-26,2.309468e-08,1.133849e-16,1.409571e-25,3,56,N,N
2.347304e-08,7.051539e-17,5.340008e-26,2.068109e-08,5.236205e-17,3.165099e-26,1.971470e-08,6.309827e-17,4.490371e-26,2.368647e-08,1.146104e-16,1.561131e-25,2,84,N,N
2.930627e-08,1.108167e-16,1.078061e-25,2.370334e-08,7.370221e-17,4.688937e-26,2.378167e-08,1.025094e-16,7.217804e-26,3.006811e-08,1.856919e-16,2.799107e-25,2,92,N,N
2.670269e-08,9.502417e-17,8.821434e-26,2.250607e-08,6.735635e-17,4.761360e-26,2.277551e-08,8.172231e-17,7.016107e-26,2.705488e-08,1.561192e-16,2.466610e-25,2,62,N,N
2.755521e-08,1.113915e-16,1.213013e-25,2.493100e-08,9.005855e-17,7.308040e-26,2.315293e-08,8.253983e-17,7.082477e-26,2.837704e-08,1.542566e-16,2.294211e-25,0,83,N,N
1.521896e-08,3.606160e-17,2.207443e-26,1.384784e-08,2.657861e-17,1.239963e-26,1.365752e-08,3.301241e-17,1.844628e-26,1.622986e-08,5.576678e-17,5.447928e-26,1,57,N,N
2.228537e-08,6.924210e-17,5.630305e-26,1.926454e-08,4.883917e-17,2.703154e-26,1.751342e-08,5.285472e-17,3.066291e-26,2.317871e-08,1.058580e-16,1.346971e-25,3,59,N,N
2.805574e-08,1.222053e-16,1.426559e-25,2.567168e-08,1.039012e-16,9.563460e-26,2.347873e-08,9.459503e-17,9.113015e-26,2.882639e-08,1.785119e-16,3.144112e-25,0,11,N,N
2.912713e-08,1.284865e-16,1.422139e-25,2.443633e-08,7.357990e-17,5.531227e-26,2.379048e-08,8.719139e-17,7.080323e-26,2.849081e-08,1.462617e-16,2.005446e-25,0,13,N,N
2.262435e-08,8.538428e-17,8.845392e-26,1.862836e-08,6.320128e-17,4.882583e-26,1.838121e-08,6.770896e-17,5.499385e-26,2.218341e-08,1.232444e-16,1.870783e-25,1,64,N,N
1.588974e-08,4.226635e-17,3.095940e-26,1.349891e-08,2.854311e-17,1.365477e-26,1.358932e-08,3.281910e-17,1.707777e-26,1.619975e-08,5.431711e-17,4.837015e-26,1,35,N,N
1.749973e-08,4.524113e-17,3.148235e-26,1.585531e-08,3.368068e-17,1.816431e-26,1.506833e-08,3.605971e-17,2.118876e-26,1.812320e-08,6.296732e-17,6.002420e-26,0,8,N,N
2.285562e-08,7.417897e-17,6.204379e-26,1.957227e-08,4.319861e-17,2.338855e-26,1.932085e-08,5.170826e-17,3.045573e-26,2.253748e-08,8.557293e-17,8.910772e-26,0,86,N,N
3.617165e-08,1.970548e-16,2.693359e-25,3.078113e-08,1.172600e-16,1.102044e-25,2.959003e-08,1.353299e-16,1.476412e-25,3.539941e-08,2.572169e-16,5.194899e-25,1,63,N,N
1.794342e-08,4.973475e-17,3.680538e-26,1.617752e-08,3.838617e-17,2.194124e-26,1.570323e-08,4.419986e-17,2.866592e-26,1.843974e-08,6.815573e-17,7.112593e-26,2,51,N,N
3.611861e-08,1.981333e-16,2.634801e-25,2.995821e-08,1.264009e-16,1.122620e-25,3.063320e-08,1.715140e-16,1.872074e-25,3.654408e-08,2.885324e-16,6.430135e-25,3,48,N,N
1.785683e-08,4.668862e-17,3.154598e-26,1.521040e-08,3.114483e-17,1.554564e-26,1.473297e-08,3.461681e-17,1.871242e-26,1.786590e-08,6.097565e-17,5.539559e-26,0,14,N,N
1.654678e-08,4.315839e-17,2.866852e-26,1.463879e-08,2.989254e-17,1.510324e-26,1.332693e-08,3.077688e-17,1.672068e-26,1.701120e-08,5.914328e-17,5.473337e-26,1,54,N,N
2.059196e-08,6.663893e-17,5.603829e-26,1.808280e-08,5.068078e-17,3.282047e-26,1.708333e-08,4.767009e-17,3.369081e-26,2.099554e-08,9.692766e-17,1.252470e-25,1,52,N,N
3.525816e-08,1.853908e-16,2.492269e-25,3.008267e-08,1.104591e-16,1.014295e-25,2.939375e-08,1.385561e-16,1.478941e-25,3.487493e-08,2.466137e-16,4.854691e-25,0,63,N,N
2.111832e-08,6.731943e-17,5.306639e-26,1.806568e-08,3.962978e-17,2.249410e-26,1.761227e-08,4.173829e-17,2.474330e-26,2.067206e-08,8.035048e-17,8.681116e-26,3,101,N,N
1.771927e-08,4.764111e-17,3.450113e-26,1.541689e-08,3.357658e-17,1.880489e-26,1.388174e-08,3.416909e-17,1.923852e-26,1.827240e-08,7.067847e-17,7.005113e-26,2,91,N,N
1.808483e-08,5.277302e-17,3.970019e-26,1.715049e-08,3.634785e-17,1.903962e-26,1.611653e-08,3.884402e-17,2.302168e-26,1.937043e-08,8.384631e-17,1.033357e-25,3,49,N,N
3.001996e-08,1.140980e-16,1.082609e-25,2.458205e-08,7.382709e-17,5.320517e-26,2.426117e-08,9.728300e-17,8.238386e-26,2.952893e-08,1.683428e-16,2.589014e-25,0,102,N,N
2.562343e-08,8.015100e-17,6.372166e-26,2.161838e-08,5.736569e-17,3.314365e-26,2.181678e-08,7.269904e-17,5.081876e-26,2.543420e-08,1.151468e-16,1.424465e-25,1,0,N,N
2.189733e-08,7.602483e-17,7.160526e-26,1.865087e-08,5.624137e-17,3.738859e-26,1.704628e-08,5.692970e-17,3.927418e-26,2.144638e-08,1.144244e-16,1.598692e-25,0,36,N,N
2.790736e-08,1.034826e-16,9.201236e-26,2.381914e-08,7.182349e-17,5.496149e-26,2.353562e-08,7.637903e-17,6.343632e-26,2.775957e-08,1.456078e-16,2.083502e-25,0,18,N,N
1.872968e-08,5.474151e-17,4.275991e-26,1.618818e-08,4.579369e-17,2.618488e-26,1.568361e-08,4.931886e-17,3.280648e-26,2.021073e-08,9.805785e-17,1.147271e-25,2,97,N,N
1.781264e-08,4.208729e-17,2.487237e-26,1.577776e-08,3.453416e-17,1.767755e-26,1.514179e-08,3.610436e-17,1.801665e-26,1.805394e-08,7.557929e-17,6.630363e-26,2,79,N,N
1.641399e-08,3.420187e-17,1.895382e-26,1.460734e-08,2.696538e-17,1.294104e-26,1.426674e-08,3.214431e-17,1.677317e-26,1.699220e-08,6.717388e-17,7.198376e-26,3,79,N,N
2.502284e-08,8.233268e-17,7.270823e-26,2.201745e-08,5.141479e-17,2.987674e-26,2.146385e-08,6.068546e-17,3.927701e-26,2.507556e-08,1.063777e-16,1.232400e-25,3,86,N,N
2.057443e-08,6.615120e-17,5.626880e-26,1.747098e-08,4.716570e-17,2.723073e-26,1.690538e-08,5.591001e-17,3.625888e-26,2.161311e-08,1.112692e-16,1.645366e-25,1,94,N,N
3.619774e-08,2.065200e-16,2.930809e-25,2.975609e-08,1.244686e-16,1.128671e-25,2.985322e-08,1.575985e-16,1.750935e-25,3.653868e-08,2.874873e-16,6.336732e-25,1,48,N,N
1.953946e-08,6.116552e-17,5.240601e-26,1.693785e-08,4.227010e-17,2.464578e-26,1.713621e-08,4.665188e-17,2.836161e-26,1.849967e-08,6.866612e-17,6.519197e-26,0,98,N,N
1.767248e-08,5.131477e-17,3.275613e-26,1.545651e-08,3.588098e-17,1.743833e-26,1.498683e-08,4.067971e-17,2.245456e-26,1.832724e-08,6.802588e-17,7.135797e-26,1,61,N,N
2.269853e-08,8.132349e-17,7.754538e-26,1.959672e-08,5.662618e-17,3.775913e-26,1.879837e-08,5.810304e-17,3.760035e-26,2.283465e-08,9.552915e-17,1.082376e-25,0,96,N,N
3.211894e-08,1.476836e-16,1.736757e-25,2.790683e-08,1.070566e-16,8.888277e-26,2.690232e-08,1.246300e-16,1.211636e-25,3.429505e-08,2.271911e-16,4.194946e-25,2,37,N,N
2.206128e-08,6.157889e-17,4.487049e-26,1.952030e-08,4.722493e-17,2.662658e-26,1.842243e-08,5.398005e-17,3.460091e-26,2.215235e-08,9.405666e-17,1.095004e-25,0,84,N,N
1.958608e-08,5.578248e-17,4.175462e-26,1.693740e-08,4.440045e-17,2.746066e-26,1.601073e-08,5.083194e-17,3.480951e-26,2.094142e-08,1.022175e-16,1.238600e-25,0,97,N,N
2.784623e-08,1.047347e-16,1.013883e-25,2.583994e-08,7.732791e-17,5.874738e-26,2.327880e-08,7.758068e-17,5.472456e-26,2.762951e-08,1.294350e-16,1.469336e-25,0,74,N,N
1.577673e-08,3.548987e-17,1.965879e-26,1.363704e-08,2.217864e-17,9.201096e-27,1.306265e-08,2.553529e-17,1.186641e-26,1.580277e-08,4.729460e-17,3.793211e-26,1,104,N,N
3.233604e-08,1.303450e-16,1.115580e-25,2.728795e-08,7.454331e-17,5.150128e-26,2.678155e-08,9.485911e-17,7.935243e-26,3.366626e-08,1.921938e-16,2.856531e-25,1,88,N,N
2.855298e-08,1.201624e-16,1.354042e-25,2.407361e-08,8.889822e-17,7.150467e-26,2.432120e-08,1.029309e-16,8.891337e-26,3.005801e-08,1.899628e-16,3.006870e-25,0,80,N,N
1.581915e-08,3.679973e-17,2.272462e-26,1.404521e-08,2.929847e-17,1.325613e-26,1.329931e-08,3.355482e-17,1.660245e-26,1.647090e-08,6.041716e-17,6.380592e-26,0,34,N,N
2.971626e-08,1.112620e-16,1.097772e-25,2.477948e-08,7.704957e-17,5.322665e-26,2.392151e-08,9.433395e-17,7.254916e-26,3.014276e-08,1.747351e-16,2.713529e-25,1,92,N,N
2.570679e-08,1.029146e-16,1.107955e-25,2.267024e-08,7.851540e-17,6.190712e-26,2.238669e-08,8.382637e-17,7.019771e-26,2.682596e-08,1.441432e-16,2.085340e-25,0,25,N,N
2.339457e-08,8.004578e-17,7.411459e-26,2.026805e-08,5.088347e-17,3.060038e-26,1.927379e-08,5.678867e-17,3.327349e-26,2.281502e-08,9.599949e-17,9.664245e-26,0,70,N,N
1.348502e-08,2.763089e-17,1.540390e-26,1.207682e-08,2.071281e-17,8.355399e-27,1.157821e-08,2.121217e-17,9.271996e-27,1.352361e-08,3.729124e-17,2.817247e-26,0,3,N,N
2.326334e-08,7.681885e-17,6.864682e-26,1.989668e-08,5.047048e-17,3.006167e-26,1.818296e-08,5.398627e-17,3.122905e-26,2.358446e-08,1.011549e-16,1.150197e-25,0,59,N,N
2.170736e-08,6.587090e-17,5.206103e-26,1.686204e-08,4.759924e-17,2.344485e-26,1.776514e-08,5.292132e-17,2.887238e-26,1.987477e-08,7.492093e-17,7.258257e-26,2,81,N,N
2.041062e-08,6.560580e-17,4.772766e-26,1.749718e-08,4.462780e-17,2.397330e-26,1.716662e-08,5.130056e-17,3.138709e-26,2.067102e-08,8.113302e-17,8.700585e-26,2,61,N,N
2.133562e-08,7.688091e-17,7.549606e-26,1.797833e-08,5.812952e-17,3.937493e-26,1.760609e-08,6.198956e-17,4.656245e-26,2.135865e-08,1.088580e-16,1.324086e-25,2,64,N,N
3.334166e-08,1.418362e-16,1.400428e-25,2.813679e-08,9.698050e-17,7.431158e-26,2.906481e-08,1.263371e-16,1.185327e-25,3.387979e-08,2.175121e-16,3.884857e-25,0,95,N,N
2.260449e-08,6.860898e-17,5.620639e-26,1.936958e-08,4.649035e-17,2.668972e-26,1.903831e-08,5.478665e-17,3.471343e-26,2.182758e-08,8.272336e-17,7.941700e-26,0,0,N,N
2.274321e-08,8.197917e-17,7.182280e-26,2.097175e-08,4.947135e-17,3.005224e-26,1.979567e-08,5.544974e-17,3.956954e-26,2.385899e-08,1.262894e-16,1.856563e-25,1,49,N,N
2.699190e-08,1.036676e-16,9.850291e-26,2.256395e-08,6.778970e-17,4.469294e-26,2.308946e-08,8.431390e-17,7.395317e-26,2.786044e-08,1.610824e-16,2.536965e-25,3,62,N,N
3.932634e-08,2.008447e-16,2.432467e-25,3.159976e-08,1.395365e-16,1.287148e-25,3.213626e-08,1.892160e-16,1.999360e-25,3.813028e-08,2.920808e-16,5.779305e-25,0,53,N,N
1.445601e-08,2.791064e-17,1.360536e-26,1.309427e-08,2.269611e-17,1.002680e-26,1.209009e-08,2.666244e-17,1.286903e-26,1.532018e-08,5.180246e-17,4.515617e-26,1,33,N,N
2.301401e-08,6.466813e-17,4.708178e-26,2.042537e-08,4.894679e-17,2.907175e-26,1.979464e-08,5.478186e-17,3.429671e-26,2.338015e-08,9.761401e-17,1.022597e-25,0,79,N,N
2.584455e-08,8.879222e-17,7.427278e-26,2.213319e-08,6.327397e-17,3.804125e-26,2.122903e-08,7.457665e-17,5.444046e-26,2.735832e-08,1.575449e-16,2.584145e-25,0,92,N,N
2.888560e-08,1.385062e-16,1.810482e-25,2.563641e-08,1.018462e-16,9.564581e-26,2.593342e-08,1.336978e-16,1.445091e-25,2.935737e-08,1.793079e-16,2.951716e-25,1,82,N,N
2.833674e-08,1.286283e-16,1.415630e-25,2.454347e-08,8.775779e-17,6.879856e-26,2.372035e-08,1.030351e-16,9.220495e-26,2.774962e-08,1.704373e-16,2.986501e-25,1,90,N,N
4.283662e-08,2.529129e-16,2.954882e-25,3.404586e-08,1.750369e-16,1.778673e-25,3.732165e-08,2.646018e-16,3.558597e-25,4.358623e-08,4.370434e-16,1.254531e-24,2,58,N,N
2.964345e-08,1.213119e-16,1.190089e-25,2.435884e-08,7.273950e-17,5.213812e-26,2.401742e-08,9.335777e-17,7.719728e-26,2.985126e-08,1.500135e-16,2.063033e-25,0,39,N,N
2.131100e-08,6.205114e-17,4.561149e-26,1.819990e-08,4.533548e-17,2.707101e-26,1.835990e-08,4.698981e-17,2.959324e-26,2.103158e-08,8.414638e-17,9.311816e-26,2,68,N,N
2.411975e-08,9.323454e-17,9.524352e-26,2.085368e-08,6.655792e-17,4.577063e-26,1.995661e-08,6.679047e-17,4.863253e-26,2.389848e-08,1.157287e-16,1.567241e-25,2,71,N,N
1.496804e-08,3.591021e-17,2.352270e-26,1.377321e-08,3.341469e-17,1.759971e-26,1.311262e-08,3.466694e-17,2.212850e-26,1.617595e-08,6.559927e-17,7.485550e-26,0,17,N,N
2.050988e-08,7.036520e-17,6.566627e-26,1.739867e-08,4.770150e-17,2.892307e-26,1.706402e-08,4.973248e-17,3.121062e-26,2.042299e-08,8.259147e-17,9.344401e-26,1,96,N,N
2.202547e-08,7.054216e-17,5.660825e-26,1.845714e-08,4.326435e-17,2.536983e-26,1.718745e-08,4.720570e-17,2.719072e-26,2.061242e-08,7.591689e-17,6.817893e-26,3,77,N,N
1.664503e-08,4.449532e-17,3.088525e-26,1.459280e-08,3.421368e-17,1.741154e-26,1.401742e-08,3.985556e-17,2.105096e-26,1.757447e-08,6.520829e-17,6.700684e-26,2,75,N,N
3.511796e-08,1.872252e-16,2.501061e-25,2.968306e-08,1.126691e-16,1.035957e-25,2.861577e-08,1.398329e-16,1.481153e-25,3.412057e-08,2.435625e-16,4.846766e-25,3,63,N,N
1.817839e-08,5.774973e-17,4.983215e-26,1.519385e-08,3.830239e-17,2.042880e-26,1.545225e-08,4.319798e-17,2.418658e-26,1.820471e-08,6.167401e-17,5.368091e-26,2,67,N,N
1.894556e-08,5.307836e-17,3.988059e-26,1.641130e-08,4.416642e-17,2.718079e-26,1.575868e-08,4.921482e-17,3.520362e-26,2.106701e-08,1.083816e-16,1.357083e-25,3,97,N,N
2.446863e-08,9.412876e-17,9.882677e-26,2.035539e-08,5.966599e-17,3.860565e-26,2.096419e-08,7.866267e-17,5.740568e-26,2.485781e-08,1.281252e-16,1.571103e-25,0,73,N,N
2.173940e-08,7.443278e-17,6.861393e-26,1.839528e-08,5.319351e-17,3.294844e-26,1.808908e-08,6.375122e-17,4.694355e-26,2.307112e-08,1.296649e-16,2.094869e-25,2,94,N,N
1.588574e-08,3.939761e-17,2.675828e-26,1.445883e-08,3.346120e-17,1.825223e-26,1.340092e-08,3.563919e-17,1.974790e-26,1.635264e-08,6.002568e-17,5.976312e-26,1,87,N,N
2.065853e-08,7.218141e-17,6.275441e-26,1.702971e-08,3.922716e-17,2.188537e-26,1.704261e-08,4.414776e-17,2.732952e-26,2.080919e-08,8.058997e-17,7.887158e-26,0,15,N,N
2.426154e-08,9.933774e-17,1.124253e-25,2.106490e-08,7.848148e-17,6.564617e-26,2.164368e-08,9.935177e-17,1.008586e-25,2.537653e-08,1.608790e-16,2.991347e-25,0,38,N,N
6.959122e-09,8.615433e-18,2.897736e-27,6.119209e-09,5.539556e-18,1.224502e-27,5.872719e-09,5.571957e-18,1.218938e-27,7.071498e-09,1.209971e-17,5.796348e-27,2,72,N,N
3.709540e-08,2.059002e-16,2.839500e-25,3.060325e-08,1.271956e-16,1.194427e-25,3.098347e-08,1.764748e-16,2.007094e-25,3.751497e-08,3.095660e-16,7.239075e-25,0,48,N,N
1.788882e-08,4.221827e-17,2.666904e-26,1.456428e-08,2.905351e-17,1.189505e-26,1.519342e-08,3.326768e-17,1.504137e-26,1.763039e-08,5.606259e-17,4.264886e-26,0,99,N,N
2.182710e-08,7.428957e-17,6.829423e-26,1.957643e-08,4.919173e-17,3.173089e-26,1.856175e-08,4.591379e-17,2.979999e-26,2.196676e-08,7.674886e-17,6.983814e-26,0,100,N,N
2.313197e-08,8.040177e-17,7.299770e-26,1.953364e-08,4.652282e-17,2.823310e-26,1.919816e-08,5.415094e-17,3.712424e-26,2.275504e-08,9.996364e-17,1.219656e-25,2,60,N,N
1.955899e-08,5.789686e-17,4.671064e-26,1.661614e-08,3.816641e-17,2.010153e-26,1.707028e-08,4.595285e-17,2.682963e-26,1.939975e-08,7.612817e-17,7.368731e-26,0,23,N,N
2.534457e-08,9.506867e-17,9.154809e-26,2.321397e-08,6.082914e-17,3.888164e-26,2.215865e-08,6.873835e-17,5.238193e-26,2.685045e-08,1.550704e-16,2.543307e-25,0,49,N,N
2.178030e-08,7.203518e-17,6.218965e-26,1.856933e-08,5.357716e-17,3.080277e-26,1.760199e-08,6.006810e-17,4.178376e-26,2.293025e-08,1.278755e-16,2.093499e-25,0,94,N,N
2.474825e-08,9.940191e-17,1.097061e-25,2.104061e-08,7.115541e-17,5.828735e-26,2.125372e-08,9.367586e-17,9.106730e-26,2.543902e-08,1.578278e-16,2.873938e-25,1,38,N,N
2.907993e-08,1.080825e-16,1.002407e-25,2.349459e-08,7.034507e-17,4.307664e-26,2.348730e-08,9.681908e-17,6.902721e-26,3.025006e-08,1.835782e-16,2.829770e-25,3,92,N,N
2.148785e-08,6.768630e-17,5.178832e-26,1.699882e-08,4.790701e-17,2.216012e-26,1.770665e-08,5.555923e-17,2.970982e-26,2.044029e-08,7.777474e-17,7.830182e-26,3,81,N,N
2.571722e-08,9.085230e-17,7.849878e-26,2.176779e-08,5.611785e-17,3.518515e-26,2.135171e-08,6.325213e-17,4.468231e-26,2.534119e-08,1.134863e-16,1.346553e-25,0,88,N,N
2.192583e-08,6.974804e-17,5.588663e-26,1.650718e-08,4.635978e-17,2.085689e-26,1.758544e-08,5.477192e-17,2.834265e-26,1.998169e-08,7.455501e-17,6.887942e-26,1,81,N,N
2.322560e-08,8.165948e-17,7.320807e-26,2.098058e-08,5.979356e-17,4.331910e-26,1.939750e-08,6.446689e-17,5.104546e-26,2.294702e-08,1.224837e-16,1.856406e-25,1,69,N,N
1.714071e-08,4.783723e-17,3.434771e-26,1.496102e-08,3.049329e-17,1.584389e-26,1.390261e-08,3.311502e-17,1.828682e-26,1.762678e-08,6.095675e-17,5.664312e-26,0,54,N,N
2.737778e-08,1.127877e-16,1.264616e-25,2.330203e-08,8.345560e-17,6.513536e-26,2.190328e-08,8.068132e-17,5.939764e-26,2.436289e-08,1.220883e-16,1.559204e-25,1,56,N,N
2.093170e-08,5.647995e-17,3.671291e-26,1.648120e-08,4.043766e-17,1.904491e-26,1.755256e-08,4.753678e-17,2.631877e-26,2.094891e-08,8.282358e-17,8.486248e-26,0,85,N,N
1.730106e-08,4.646203e-17,3.387508e-26,1.488741e-08,3.170414e-17,1.644973e-26,1.422755e-08,3.470308e-17,1.833412e-26,1.731771e-08,6.061433e-17,5.400054e-26,3,47,N,N
5.141163e-08,3.386453e-16,4.373371e-25,4.105887e-08,2.294254e-16,2.755632e-25,4.407409e-08,3.472471e-16,5.603466e-25,5.181407e-08,5.520079e-16,1.669367e-24,0,58,N,N
1.747131e-08,4.867452e-17,3.425781e-26,1.563123e-08,3.363258e-17,1.788106e-26,1.414163e-08,3.459581e-17,1.935890e-26,1.806907e-08,6.551288e-17,6.238652e-26,2,54,N,N
2.263628e-08,8.127418e-17,6.899794e-26,1.914324e-08,5.480568e-17,3.345485e-26,1.895113e-08,6.311243e-17,4.487785e-26,2.474162e-08,1.315823e-16,1.912417e-25,3,55,N,N
4.894103e-08,3.047575e-16,3.979307e-25,3.959513e-08,2.320763e-16,2.754850e-25,4.311557e-08,3.471803e-16,5.364352e-25,5.044662e-08,5.350017e-16,1.599991e-24,1,58,N,N
1.761993e-08,5.964461e-17,4.834080e-26,1.586540e-08,4.348619e-17,2.796145e-26,1.528368e-08,4.194802e-17,2.714983e-26,1.797980e-08,6.311514e-17,5.737191e-26,0,2,N,N
2.597595e-08,8.953490e-17,7.788472e-26,2.175536e-08,6.293831e-17,3.721719e-26,2.188231e-08,7.269790e-17,4.880666e-26,2.628691e-08,1.083757e-16,1.181524e-25,1,46,N,N
1.920960e-08,5.660866e-17,4.237150e-26,1.674746e-08,3.581967e-17,1.890151e-26,1.594767e-08,3.304278e-17,1.765069e-26,1.891755e-08,6.428324e-17,5.882399e-26,0,101,N,N
2.472304e-08,9.220850e-17,9.389801e-26,2.309495e-08,7.467622e-17,5.985123e-26,2.126679e-08,6.606629e-17,5.346748e-26,2.556800e-08,1.306928e-16,1.719259e-25,0,43,N,N
1.837052e-08,4.743523e-17,3.233201e-26,1.469629e-08,3.041031e-17,1.416583e-26,1.489240e-08,3.635499e-17,1.883018e-26,1.904802e-08,7.039598e-17,7.136776e-26,0,42,N,N
1.991107e-08,6.088591e-17,5.039810e-26,1.743344e-08,4.975162e-17,2.907619e-26,1.616231e-08,4.764608e-17,3.030921e-26,2.062333e-08,9.858147e-17,1.369908e-25,2,93,N,N
2.380156e-08,8.549852e-17,7.351257e-26,2.077157e-08,5.763905e-17,3.600196e-26,2.007898e-08,6.056381e-17,4.390262e-26,2.410141e-08,1.089524e-16,1.333972e-25,0,103,N,N
2.061625e-08,5.409982e-17,3.094481e-26,1.582971e-08,3.838870e-17,1.691676e-26,1.723484e-08,4.470330e-17,2.359946e-26,2.084728e-08,8.796813e-17,9.524651e-26,2,85,N,N
2.059103e-08,6.183114e-17,4.651912e-26,1.744913e-08,3.970647e-17,2.265934e-26,1.640322e-08,4.301303e-17,2.422352e-26,1.955596e-08,6.889921e-17,5.960892e-26,1,77,N,N
1.723891e-08,4.519056e-17,3.210159e-26,1.504609e-08,3.490520e-17,1.845476e-26,1.378010e-08,3.376753e-17,1.869082e-26,1.756682e-08,6.312806e-17,5.908647e-26,1,91,N,N
1.837500e-08,5.509810e-17,4.271553e-26,1.693172e-08,4.535246e-17,3.013941e-26,1.544930e-08,4.670189e-17,3.023665e-26,1.848343e-08,7.547888e-17,7.261070e-26,2,87,N,N
2.456274e-08,9.326642e-17,9.478608e-26,2.267312e-08,7.287312e-17,5.807340e-26,2.102621e-08,6.781459e-17,5.464313e-26,2.521381e-08,1.264717e-16,1.671500e-25,1,43,N,N
2.295715e-08,7.481793e-17,6.076234e-26,1.969314e-08,4.558107e-17,2.716631e-26,1.877381e-08,4.983588e-17,3.214121e-26,2.274054e-08,9.441764e-17,1.034419e-25,3,88,N,N
2.139924e-08,6.791624e-17,4.905958e-26,1.868634e-08,4.652848e-17,2.583780e-26,1.865129e-08,6.092268e-17,4.360403e-26,2.243588e-08,1.117643e-16,1.594444e-25,1,45,N,N
3.060368e-08,1.248651e-16,1.282957e-25,2.484930e-08,7.700545e-17,5.653159e-26,2.442925e-08,9.841535e-17,8.425378e-26,2.978109e-08,1.698895e-16,2.663113e-25,3,102,N,N
2.448840e-08,9.254540e-17,8.821376e-26,2.147791e-08,6.947067e-17,5.102726e-26,2.046722e-08,7.183937e-17,5.965883e-26,2.514373e-08,1.408417e-16,2.236218e-25,0,52,N,N
3.737672e-08,1.822898e-16,1.938618e-25,3.079752e-08,1.392465e-16,1.162755e-25,3.191525e-08,1.858986e-16,1.969493e-25,3.745950e-08,2.892283e-16,5.892873e-25,1,53,N,N
1.561360e-08,3.665913e-17,2.292512e-26,1.338098e-08,2.665721e-17,1.172815e-26,1.288161e-08,3.004211e-17,1.475834e-26,1.584392e-08,5.335336e-17,5.084650e-26,1,34,N,N
2.293588e-08,8.076865e-17,7.707638e-26,2.078008e-08,5.427931e-17,3.686341e-26,1.956823e-08,5.178122e-17,3.565454e-26,2.319532e-08,8.654630e-17,8.466173e-26,1,100,N,N
1.976017e-08,6.340238e-17,5.502242e-26,1.736999e-08,4.738287e-17,2.996192e-26,1.590028e-08,4.687454e-17,2.946133e-26,2.037243e-08,9.311780e-17,1.179778e-25,1,93,N,N
1.725289e-08,5.121967e-17,4.127315e-26,1.476897e-08,3.455601e-17,1.877544e-26,1.514623e-08,4.298798e-17,2.558218e-26,1.775599e-08,7.468007e-17,8.560370e-26,2,73,N,N
1.986392e-08,6.010925e-17,4.834017e-26,1.728800e-08,4.479454e-17,2.611129e-26,1.619574e-08,5.172040e-17,2.961101e-26,2.086335e-08,8.659956e-17,9.625913e-26,0,75,N,N
2.761920e-08,1.132240e-16,1.236946e-25,2.542380e-08,1.001951e-16,8.549252e-26,2.405320e-08,9.309411e-17,8.380684e-26,2.881752e-08,1.637212e-16,2.576123e-25,2,83,N,N
2.787336e-08,1.129435e-16,1.242747e-25,2.520287e-08,9.386472e-17,7.982791e-26,2.362439e-08,8.813252e-17,7.704993e-26,2.864966e-08,1.578897e-16,2.393896e-25,1,83,N,N
1.844273e-08,5.017756e-17,3.615196e-26,1.598318e-08,3.517176e-17,1.925036e-26,1.512318e-08,3.797002e-17,2.145560e-26,1.857674e-08,6.884173e-17,6.781084e-26,0,47,N,N
1.711221e-08,5.519506e-17,4.141067e-26,1.631814e-08,4.317831e-17,2.945039e-26,1.402263e-08,3.980279e-17,2.420136e-26,1.723943e-08,7.320656e-17,7.775633e-26,1,36,N,N
2.637598e-08,9.276846e-17,8.488056e-26,2.274025e-08,5.933896e-17,3.997480e-26,2.281613e-08,8.232186e-17,6.423032e-26,2.630340e-08,1.353613e-16,1.787841e-25,0,1,N,N
2.194399e-08,8.002902e-17,6.744052e-26,1.825664e-08,5.138063e-17,3.095763e-26,1.828809e-08,5.988747e-17,4.213788e-26,2.316963e-08,1.166819e-16,1.631567e-25,2,55,N,N
1.764266e-08,3.683372e-17,2.023328e-26,1.531018e-08,2.864223e-17,1.257262e-26,1.497400e-08,3.703904e-17,1.762784e-26,1.927570e-08,7.051715e-17,6.849175e-26,3,76,N,N
2.520840e-08,1.065060e-16,9.387615e-26,2.007298e-08,6.333282e-17,4.193579e-26,2.050243e-08,7.251989e-17,5.253353e-26,2.671726e-08,1.432845e-16,1.923951e-25,0,65,N,N
1.263765e-08,2.213724e-17,9.687203e-27,1.083392e-08,1.472565e-17,4.673032e-27,1.049224e-08,1.666017e-17,6.426158e-27,1.288650e-08,3.269218e-17,2.290526e-26,0,104,N,N
1.246419e-08,2.388968e-17,1.159698e-26,1.159709e-08,1.901667e-17,7.462922e-27,1.065587e-08,1.907289e-17,7.899392e-27,1.345659e-08,3.546174e-17,2.379489e-26,0,6,N,N
1.940376e-08,5.810003e-17,4.730523e-26,1.729582e-08,4.400930e-17,2.660706e-26,1.679022e-08,5.036836e-17,3.406452e-26,1.989656e-08,7.695963e-17,8.194514e-26,0,51,N,N
2.268991e-08,8.162973e-17,7.980272e-26,1.975997e-08,5.540661e-17,3.702437e-26,1.945864e-08,6.194524e-17,4.042165e-26,2.160016e-08,8.847842e-17,8.161050e-26,1,98,N,N
3.026145e-08,1.286231e-16,1.453104e-25,2.556897e-08,9.389901e-17,8.000742e-26,2.585735e-08,1.086104e-16,1.012184e-25,3.198796e-08,2.091566e-16,3.347226e-25,1,80,N,N
2.490213e-08,9.515125e-17,9.728853e-26,2.194551e-08,6.649375e-17,4.764052e-26,2.087004e-08,6.569553e-17,4.856428e-26,2.472555e-08,1.124081e-16,1.415704e-25,0,71,N,N
2.435180e-08,1.059407e-16,1.178871e-25,2.195035e-08,8.016794e-17,7.119249e-26,2.023308e-08,8.318669e-17,6.769373e-26,2.312013e-08,1.196568e-16,1.481442e-25,1,78,N,N
3.010397e-08,1.455755e-16,1.678866e-25,2.615315e-08,9.987483e-17,8.152616e-26,2.508106e-08,1.151990e-16,1.042979e-25,2.955912e-08,1.815953e-16,3.162336e-25,0,90,N,N
1.577009e-08,3.913985e-17,2.484700e-26,1.421491e-08,2.809607e-17,1.356991e-26,1.398322e-08,3.559835e-17,2.009238e-26,1.671124e-08,5.945244e-17,6.028489e-26,3,57,N,N
1.811389e-08,5.034166e-17,2.974660e-26,1.612223e-08,3.269330e-17,1.530987e-26,1.529031e-08,3.261443e-17,1.813339e-26,1.809994e-08,6.329382e-17,6.077316e-26,0,20,N,N
1.460669e-08,3.313120e-17,1.967594e-26,1.300448e-08,2.401323e-17,1.049398e-26,1.310106e-08,3.137753e-17,1.676025e-26,1.525772e-08,5.006670e-17,4.698968e-26,2,57,N,N
2.113796e-08,6.740672e-17,5.464666e-26,1.835557e-08,4.809866e-17,2.816681e-26,1.773327e-08,4.945824e-17,3.290864e-26,2.133701e-08,8.976893e-17,1.045129e-25,2,103,N,N
3.030904e-08,1.178609e-16,9.111115e-26,2.535072e-08,7.147623e-17,4.491468e-26,2.541643e-08,8.453985e-17,6.487432e-26,3.090028e-08,1.562696e-16,2.071214e-25,2,88,N,N
3.057462e-08,1.587862e-16,2.226575e-25,2.733974e-08,1.160523e-16,1.210614e-25,2.699184e-08,1.335399e-16,1.478685e-25,3.073003e-08,1.974537e-16,3.311676e-25,0,82,N,N
2.344691e-08,9.745040e-17,1.014644e-25,1.932878e-08,5.762909e-17,3.961424e-26,1.956159e-08,7.238145e-17,5.851734e-26,2.458371e-08,1.338759e-16,2.052160e-25,3,50,N,N
2.719809e-08,1.133984e-16,1.207614e-25,2.232563e-08,7.588082e-17,5.394192e-26,2.344415e-08,9.265509e-17,8.312421e-26,2.842756e-08,1.680254e-16,2.706050e-25,0,35,N,N
2.138860e-08,5.931232e-17,3.343950e-26,1.634394e-08,4.207397e-17,1.961525e-26,1.793599e-08,4.969800e-17,2.805041e-26,2.160755e-08,9.589997e-17,1.104504e-25,1,85,N,N
2.283559e-08,7.788603e-17,6.742368e-26,1.975766e-08,4.980187e-17,2.969239e-26,1.915909e-08,5.100773e-17,3.342207e-26,2.311666e-08,1.044931e-16,1.283660e-25,0,89,N,N
2.930635e-08,1.257615e-16,1.420836e-25,2.386555e-08,8.394421e-17,6.364819e-26,2.307594e-08,8.802301e-17,6.587014e-26,2.649123e-08,1.446667e-16,1.985601e-25,2,56,N,N
1.973007e-08,4.790144e-17,3.040645e-26,1.766604e-08,3.721238e-17,2.053897e-26,1.694111e-08,4.621229e-17,2.547578e-26,2.055756e-08,9.377023e-17,1.000511e-25,1,79,N,N
2.594757e-08,1.048448e-16,1.064469e-25,2.280309e-08,7.512891e-17,6.033435e-26,2.148041e-08,8.047618e-17,6.659493e-26,2.576436e-08,1.437833e-16,2.242816e-25,0,69,N,N
2.020484e-08,6.832885e-17,6.366900e-26,1.761547e-08,4.921972e-17,2.973842e-26,1.682249e-08,4.728894e-17,2.943037e-26,2.057336e-08,8.165418e-17,8.923724e-26,2,96,N,N
1.617175e-08,4.165464e-17,2.942292e-26,1.484464e-08,3.589183e-17,2.002278e-26,1.365167e-08,3.719689e-17,2.072050e-26,1.620526e-08,5.744726e-17,5.399298e-26,0,87,N,N
2.033004e-08,6.545852e-17,5.650701e-26,1.859685e-08,5.507228e-17,3.919840e-26,1.711795e-08,5.155604e-17,3.890154e-26,2.011101e-08,8.524067e-17,1.012090e-25,0,21,N,N
2.360194e-08,7.740370e-17,6.238671e-26,1.982974e-08,5.613746e-17,3.239795e-26,2.068956e-08,6.712308e-17,4.694603e-26,2.316110e-08,1.044961e-16,1.253666e-25,0,46,N,N
2.336355e-08,8.310805e-17,7.756336e-26,1.986991e-08,4.949710e-17,3.049834e-26,1.934353e-08,5.371471e-17,3.603437e-26,2.330997e-08,1.063124e-16,1.363652e-25,1,89,N,N
2.216604e-08,7.161991e-17,6.036835e-26,1.918222e-08,4.709445e-17,2.738933e-26,1.848067e-08,4.819149e-17,3.103202e-26,2.201929e-08,9.095139e-17,1.046080e-25,1,60,N,N
2.881712e-08,1.114374e-16,1.148019e-25,2.550510e-08,8.413650e-17,6.088050e-26,2.386553e-08,9.534862e-17,8.005006e-26,3.059376e-08,1.724277e-16,2.708348e-25,1,37,N,N
1.776731e-08,4.049017e-17,2.400535e-26,1.555570e-08,3.122733e-17,1.446663e-26,1.564239e-08,4.237666e-17,2.225276e-26,1.892368e-08,7.538612e-17,8.252643e-26,1,76,N,N
1.829641e-08,5.837797e-17,5.143975e-26,1.514730e-08,3.823126e-17,2.080972e-26,1.572027e-08,4.375864e-17,2.553015e-26,1.893437e-08,6.806695e-17,6.246723e-26,3,67,N,N
1.619438e-08,4.714043e-17,3.314664e-26,1.437419e-08,3.045507e-17,1.619925e-26,1.329847e-08,3.138682e-17,1.716365e-26,1.681941e-08,6.177684e-17,6.505605e-26,0,44,N,N
2.112179e-08,6.643091e-17,5.144253e-26,1.791700e-08,3.940203e-17,2.139234e-26,1.729658e-08,3.859013e-17,2.191361e-26,2.063737e-08,7.671940e-17,7.748596e-26,1,101,N,N
2.306322e-08,7.465654e-17,6.515305e-26,2.208822e-08,6.352601e-17,4.472246e-26,1.970016e-08,5.692481e-17,3.657326e-26,2.365431e-08,1.000601e-16,1.090285e-25,1,74,N,N
2.422750e-08,8.407910e-17,7.897686e-26,2.230301e-08,6.649213e-17,4.749978e-26,2.043627e-08,6.466449e-17,4.313530e-26,2.417060e-08,1.077107e-16,1.271176e-25,2,74,N,N
1.956834e-08,5.925029e-17,4.785104e-26,1.732291e-08,4.257082e-17,2.597230e-26,1.632380e-08,4.507908e-17,2.849733e-26,2.023735e-08,8.168727e-17,8.767185e-26,1,25,N,N
2.082520e-08,6.632474e-17,5.517438e-26,1.785385e-08,5.032569e-17,2.847783e-26,1.740860e-08,6.093443e-17,4.173243e-26,2.208871e-08,1.202403e-16,1.868347e-25,3,94,N,N
2.170781e-08,6.882768e-17,5.750173e-26,1.793737e-08,4.639814e-17,2.755448e-26,1.802495e-08,4.635254e-17,2.753257e-26,2.097176e-08,7.689626e-17,7.629841e-26,1,68,N,N
4.630276e-08,2.763383e-16,3.152565e-25,3.699120e-08,2.157028e-16,2.337298e-25,4.031210e-08,3.101257e-16,4.236017e-25,4.677703e-08,4.530053e-16,1.229527e-24,3,58,N,N
2.817574e-08,1.330350e-16,1.466206e-25,2.371921e-08,7.192532e-17,5.560636e-26,2.289430e-08,7.466364e-17,6.508025e-26,2.796805e-08,1.587521e-16,2.272122e-25,0,31,N,N
2.163680e-08,7.351219e-17,6.433479e-26,1.879827e-08,5.620363e-17,3.558599e-26,1.801519e-08,5.481291e-17,4.050033e-26,2.258705e-08,1.116456e-16,1.526717e-25,3,52,N,N
1.990432e-08,5.448657e-17,3.879624e-26,1.831437e-08,4.560821e-17,2.863709e-26,1.665107e-08,5.079850e-17,3.536414e-26,2.116585e-08,1.016528e-16,1.305983e-25,0,33,N,N
2.958099e-08,1.342446e-16,1.502173e-25,2.612170e-08,9.571767e-17,7.678888e-26,2.507717e-08,1.114366e-16,1.014211e-25,2.938865e-08,1.851560e-16,3.293418e-25,2,90,N,N
1.858453e-08,4.770396e-17,3.201782e-26,1.486889e-08,3.047745e-17,1.442977e-26,1.492617e-08,3.524003e-17,1.811271e-26,1.902423e-08,6.623944e-17,6.251125e-26,1,42,N,N
2.125123e-08,8.236135e-17,7.570596e-26,1.748982e-08,4.913137e-17,3.101999e-26,1.784796e-08,6.255330e-17,4.798383e-26,2.336471e-08,1.318740e-16,2.105029e-25,1,50,N,N
2.873965e-08,1.125729e-16,1.086283e-25,2.424771e-08,7.506355e-17,5.765183e-26,2.366166e-08,9.635873e-17,8.138815e-26,2.801888e-08,1.561472e-16,2.392362e-25,1,102,N,N
1.915084e-08,6.444363e-17,5.210032e-26,1.610824e-08,3.909457e-17,2.325806e-26,1.654632e-08,4.944314e-17,3.223952e-26,1.950421e-08,8.445333e-17,8.919301e-26,3,73,N,N
2.226438e-08,7.350454e-17,6.235989e-26,1.864729e-08,4.587170e-17,2.838038e-26,1.752382e-08,5.065565e-17,3.044115e-26,2.090977e-08,8.076023e-17,7.582392e-26,2,77,N,N
2.360669e-08,9.171786e-17,6.612894e-26,1.902990e-08,5.933321e-17,3.591161e-26,1.969505e-08,6.681655e-17,4.644843e-26,2.601585e-08,1.372488e-16,1.781257e-25,3,65,N,N
1.709275e-08,4.336741e-17,2.896166e-26,1.532664e-08,3.106688e-17,1.498768e-26,1.494775e-08,3.800999e-17,2.121891e-26,1.791915e-08,6.211717e-17,5.997821e-26,0,57,N,N
1.819429e-08,5.226408e-17,3.911650e-26,1.640798e-08,4.037359e-17,2.338848e-26,1.605134e-08,4.597801e-17,3.091286e-26,1.877607e-08,7.217828e-17,7.811714e-26,1,51,N,N
1.888392e-08,5.569265e-17,4.252808e-26,1.710698e-08,4.269390e-17,2.510942e-26,1.652557e-08,4.718034e-17,3.135585e-26,1.933331e-08,7.185653e-17,7.390814e-26,3,51,N,N
2.303312e-08,7.271386e-17,5.857957e-26,1.969595e-08,5.772313e-17,3.404886e-26,1.873020e-08,6.332236e-17,4.332716e-26,2.357182e-08,1.076477e-16,1.377942e-25,0,66,N,N
2.445432e-08,8.628567e-17,7.783777e-26,2.068420e-08,5.123771e-17,3.146362e-26,2.010529e-08,5.602240e-17,3.780356e-26,2.364677e-08,9.901335e-17,1.149718e-25,0,60,N,N
2.411334e-08,8.764188e-17,7.496437e-26,2.123016e-08,6.007401e-17,4.226257e-26,1.973261e-08,6.780145e-17,5.299782e-26,2.334279e-08,1.247786e-16,1.919246e-25,2,12,N,N
2.172731e-08,6.923093e-17,5.210562e-26,1.891293e-08,5.402863e-17,3.037908e-26,1.809000e-08,5.936486e-17,3.979434e-26,2.256617e-08,1.033459e-16,1.315031e-25,1,66,N,N
3.339908e-08,1.468448e-16,1.528937e-25,2.692011e-08,9.898363e-17,7.536537e-26,2.844568e-08,1.237263e-16,1.175081e-25,3.217371e-08,2.057686e-16,3.646578e-25,2,95,N,N
1.454574e-08,3.615206e-17,2.268075e-26,1.344969e-08,2.595742e-17,1.245850e-26,1.205365e-08,2.519702e-17,1.220735e-26,1.502566e-08,4.616630e-17,3.909006e-26,1,44,N,N
1.508706e-08,3.615258e-17,2.346050e-26,1.380041e-08,3.016159e-17,1.621082e-26,1.272270e-08,3.249564e-17,1.739185e-26,1.524524e-08,5.324888e-17,4.901635e-26,3,87,N,N
2.245479e-08,7.957180e-17,7.441356e-26,2.024412e-08,5.543623e-17,3.621785e-26,1.875615e-08,5.768765e-17,3.950639e-26,2.252177e-08,1.079288e-16,1.462312e-25,1,71,N,N
2.284230e-08,6.879747e-17,5.485429e-26,1.976596e-08,4.136122e-17,2.100324e-26,1.939585e-08,4.945695e-17,2.770891e-26,2.253133e-08,8.015893e-17,7.726720e-26,2,86,N,N
2.924247e-08,1.192921e-16,1.200982e-25,2.547904e-08,8.914316e-17,6.491586e-26,2.461548e-08,1.057081e-16,9.207209e-26,3.131101e-08,1.885856e-16,3.192208e-25,0,37,N,N
1.633950e-08,3.589599e-17,1.924934e-26,1.432005e-08,2.806275e-17,1.291332e-26,1.362396e-08,3.233830e-17,1.612789e-26,1.639441e-08,4.948203e-17,4.177566e-26,1,41,N,N
2.837912e-08,1.338219e-16,1.657703e-25,2.592947e-08,9.938895e-17,9.530747e-26,2.540906e-08,1.172124e-16,1.296390e-25,2.946355e-08,1.836563e-16,3.132856e-25,3,82,N,N
2.267692e-08,7.715302e-17,6.743476e-26,1.976408e-08,4.854276e-17,2.898995e-26,1.915546e-08,5.275965e-17,3.552853e-26,2.292300e-08,1.048447e-16,1.352538e-25,2,89,N,N
2.355711e-08,9.523531e-17,9.765757e-26,1.943783e-08,5.830318e-17,3.941498e-26,1.908415e-08,6.964159e-17,5.297739e-26,2.478283e-08,1.329258e-16,1.986907e-25,0,50,N,N
2.157258e-08,6.863474e-17,5.231315e-26,1.838109e-08,3.932809e-17,2.172842e-26,1.795334e-08,4.044144e-17,2.368594e-26,2.114951e-08,8.168678e-17,8.364662e-26,2,101,N,N
2.884407e-08,1.213451e-16,1.347336e-25,2.624856e-08,8.797698e-17,7.353384e-26,2.494553e-08,9.540285e-17,8.961724e-26,3.002055e-08,1.807664e-16,2.971383e-25,0,29,N,N
2.278111e-08,7.133044e-17,5.699923e-26,1.757271e-08,4.837721e-17,2.444601e-26,1.844533e-08,5.702293e-17,3.165453e-26,2.132985e-08,8.310060e-17,8.401133e-26,0,81,N,N
1.807998e-08,5.385373e-17,3.779638e-26,1.463142e-08,3.778911e-17,1.783278e-26,1.515201e-08,4.768563e-17,3.325422e-26,1.971621e-08,9.696650e-17,1.284301e-25,1,97,N,N
1.791427e-08,5.753717e-17,5.108326e-26,1.471679e-08,3.794303e-17,1.957821e-26,1.549169e-08,4.243909e-17,2.428271e-26,1.769528e-08,5.815565e-17,5.179652e-26,1,67,N,N
2.014388e-08,6.649254e-17,5.878043e-26,1.762513e-08,5.029211e-17,3.147553e-26,1.651407e-08,5.394111e-17,3.575276e-26,2.022437e-08,9.341219e-17,1.138304e-25,0,78,N,N
2.113989e-08,7.185790e-17,6.709545e-26,1.935958e-08,6.214574e-17,4.267229e-26,1.774094e-08,6.267452e-17,4.566126e-26,2.207592e-08,1.136728e-16,1.563707e-25,2,78,N,N
1.633156e-08,4.128769e-17,2.750331e-26,1.372601e-08,2.767599e-17,1.259104e-26,1.338056e-08,3.076178e-17,1.544048e-26,1.624469e-08,5.363268e-17,4.750683e-26,2,47,N,N
3.479923e-08,1.852425e-16,2.550796e-25,2.918267e-08,1.158987e-16,1.078904e-25,2.933267e-08,1.475952e-16,1.639213e-25,3.443727e-08,2.447463e-16,4.930952e-25,2,63,N,N
8.808426e-09,1.333135e-17,5.447948e-27,7.869639e-09,8.762143e-18,2.343633e-27,7.230354e-09,8.005723e-18,1.950310e-27,9.284363e-09,1.623427e-17,7.300155e-27,0,72,N,N
2.059153e-08,7.063642e-17,6.486431e-26,1.828827e-08,5.521643e-17,3.632959e-26,1.676749e-08,5.335467e-17,3.673781e-26,2.130354e-08,9.396829e-17,1.157239e-25,0,9,N,N
1.915456e-08,5.262961e-17,3.731060e-26,1.517847e-08,3.334724e-17,1.542123e-26,1.585203e-08,3.980722e-17,2.196987e-26,1.903070e-08,7.369113e-17,7.506243e-26,3,85,N,N
2.071741e-08,6.234892e-17,4.986118e-26,1.778146e-08,3.886657e-17,2.000885e-26,1.684492e-08,4.423174e-17,2.247969e-26,2.015934e-08,7.614014e-17,6.844414e-26,2,70,N,N
2.133283e-08,6.697729e-17,5.677868e-26,1.792984e-08,4.346963e-17,2.370852e-26,1.672165e-08,4.719530e-17,2.502699e-26,2.155487e-08,8.855454e-17,9.657576e-26,2,59,N,N
2.105126e-08,6.597549e-17,5.028509e-26,1.896966e-08,4.880029e-17,3.025932e-26,1.763315e-08,5.676193e-17,3.894315e-26,2.062254e-08,9.657045e-17,1.296464e-25,1,12,N,N
2.930375e-08,1.263707e-16,1.454097e-25,2.649028e-08,9.818615e-17,8.862785e-26,2.442353e-08,9.028523e-17,8.171423e-26,2.995856e-08,1.716552e-16,2.679815e-25,3,83,N,N
2.712246e-08,9.774353e-17,9.316069e-26,2.313893e-08,6.487620e-17,4.488583e-26,2.301413e-08,7.929056e-17,6.704779e-26,2.758529e-08,1.532700e-16,2.309554e-25,0,62,N,N
2.260197e-08,7.891964e-17,7.387499e-26,1.954433e-08,6.051799e-17,4.391251e-26,1.868352e-08,7.089584e-17,5.620032e-26,2.366600e-08,1.319669e-16,1.815166e-25,3,64,N,N
2.430130e-08,8.722508e-17,8.015485e-26,2.137953e-08,6.089274e-17,4.411755e-26,1.985767e-08,6.274410e-17,4.926849e-26,2.466517e-08,1.323556e-16,2.013352e-25,2,69,N,N
1.608971e-08,4.026485e-17,2.683643e-26,1.385983e-08,2.849526e-17,1.369426e-26,1.348440e-08,3.116275e-17,1.657444e-26,1.593447e-08,5.477139e-17,5.382247e-26,1,47,N,N
1.911187e-08,5.606795e-17,4.273703e-26,1.700711e-08,4.491871e-17,2.607915e-26,1.585985e-08,4.873207e-17,2.892398e-26,2.043849e-08,8.689456e-17,1.006862e-25,1,75,N,N
2.159417e-08,6.693506e-17,5.492009e-26,1.865352e-08,4.635441e-17,2.578779e-26,1.713466e-08,4.908194e-17,2.801418e-26,2.249617e-08,9.662974e-17,1.129436e-25,1,59,N,N
2.546510e-08,9.316433e-17,8.381165e-26,2.298427e-08,6.869387e-17,5.136605e-26,2.108236e-08,7.683352e-17,6.404047e-26,2.523398e-08,1.469408e-16,2.464359e-25,0,12,N,N
2.683840e-08,1.002550e-16,9.426766e-26,2.214599e-08,5.960479e-17,3.713574e-26,2.249466e-08,7.865935e-17,5.780179e-26,2.788209e-08,1.409631e-16,1.946697e-25,0,40,N,N
2.400786e-08,9.341429e-17,9.861705e-26,1.986583e-08,6.899583e-17,5.531532e-26,1.988371e-08,7.801520e-17,6.791096e-26,2.384855e-08,1.344069e-16,1.821007e-25,0,64,N,N
1.977970e-08,6.018563e-17,4.242877e-26,1.672667e-08,4.366899e-17,2.192996e-26,1.638431e-08,4.883502e-17,2.907146e-26,2.043494e-08,8.126941e-17,9.000395e-26,3,66,N,N
8.026649e-09,1.119059e-17,4.128419e-27,7.280202e-09,7.260176e-18,1.853813e-27,6.776723e-09,7.023571e-18,1.670631e-27,8.292277e-09,1.429088e-17,6.935564e-27,1,72,N,N
2.012455e-08,7.806232e-17,7.925133e-26,1.796794e-08,5.599800e-17,3.957525e-26,1.725225e-08,5.747955e-17,3.660250e-26,2.009124e-08,8.966468e-17,8.794920e-26,0,4,N,N
2.270135e-08,9.374993e-17,9.792970e-26,1.851674e-08,5.473048e-17,3.716702e-26,1.865784e-08,6.509485e-17,5.340300e-26,2.303090e-08,1.191016e-16,1.758092e-25,2,50,N,N
1.957725e-08,5.513142e-17,3.866619e-26,1.711623e-08,3.937059e-17,2.005122e-26,1.650510e-08,4.744248e-17,2.676981e-26,2.000541e-08,7.341574e-17,7.222064e-26,0,61,N,N
2.169045e-08,6.948038e-17,5.751352e-26,1.897316e-08,4.461568e-17,2.599991e-26,1.825824e-08,4.855394e-17,3.149270e-26,2.182372e-08,9.121707e-17,1.071750e-25,3,60,N,N
1.901018e-08,5.686166e-17,4.514088e-26,1.677740e-08,4.322544e-17,2.541271e-26,1.562548e-08,4.737279e-17,2.817154e-26,1.990290e-08,8.229838e-17,9.317981e-26,3,75,N,N
2.606336e-08,9.171588e-17,8.573142e-26,2.194116e-08,6.534598e-17,4.286582e-26,2.286258e-08,8.744784e-17,7.445466e-26,2.666298e-08,1.421832e-16,2.035804e-25,1,62,N,N
2.893142e-08,1.191028e-16,1.319432e-25,2.427947e-08,8.701600e-17,7.026082e-26,2.477799e-08,1.025249e-16,9.031003e-26,3.018161e-08,1.887789e-16,2.788831e-25,2,80,N,N
1.696986e-08,4.492944e-17,3.055505e-26,1.461990e-08,3.218235e-17,1.658835e-26,1.335453e-08,3.199236e-17,1.797605e-26,1.756961e-08,6.763359e-17,7.053101e-26,0,91,N,N
3.302640e-08,1.436814e-16,1.426204e-25,2.759793e-08,1.000054e-16,7.644955e-26,2.859988e-08,1.295766e-16,1.244837e-25,3.295547e-08,2.294524e-16,4.400494e-25,1,95,N,N
2.359758e-08,8.259992e-17,6.923660e-26,2.034605e-08,5.498167e-17,3.393549e-26,2.000650e-08,6.221572e-17,4.562533e-26,2.368206e-08,1.105705e-16,1.405554e-25,1,103,N,N
2.173159e-08,6.569507e-17,5.212297e-26,1.859178e-08,4.767539e-17,2.766424e-26,1.833486e-08,4.751329e-17,2.967638e-26,2.200490e-08,8.267319e-17,8.305624e-26,0,68,N,N
1.551802e-08,3.365244e-17,1.868090e-26,1.370277e-08,2.393389e-17,9.923840e-27,1.329736e-08,2.704793e-17,1.319451e-26,1.590972e-08,4.951852e-17,4.247105e-26,2,104,N,N
2.224587e-08,7.753029e-17,6.866267e-26,1.944449e-08,5.720628e-17,3.844058e-26,1.862546e-08,6.072164e-17,4.701572e-26,2.258941e-08,1.131339e-16,1.567537e-25,2,52,N,N
2.325334e-08,8.255491e-17,7.287292e-26,2.012602e-08,5.413439e-17,3.341092e-26,1.978334e-08,5.494545e-17,3.799249e-26,2.324801e-08,1.091697e-16,1.411083e-25,3,89,N,N
2.404945e-08,8.615866e-17,8.220883e-26,2.041373e-08,6.315164e-17,4.501177e-26,2.029920e-08,8.626237e-17,6.302380e-26,2.497748e-08,1.482911e-16,2.370995e-25,0,30,N,N
1.424469e-08,2.909346e-17,1.505285e-26,1.247992e-08,2.001943e-17,7.728996e-27,1.208110e-08,2.289231e-17,1.036354e-26,1.469003e-08,4.402381e-17,3.707637e-26,3,104,N,N
2.329050e-08,7.602607e-17,6.398569e-26,1.984553e-08,4.974643e-17,3.008009e-26,1.993192e-08,6.716606e-17,4.892980e-26,2.383408e-08,1.141816e-16,1.542604e-25,0,45,N,N
2.241917e-08,7.450587e-17,6.684081e-26,1.919680e-08,4.679658e-17,2.594667e-26,1.832992e-08,5.194830e-17,2.838869e-26,2.192280e-08,8.905121e-17,8.046510e-26,1,70,N,N
1.664372e-08,3.600950e-17,2.074833e-26,1.376582e-08,2.563800e-17,1.004334e-26,1.434203e-08,2.864378e-17,1.219493e-26,1.640346e-08,4.841508e-17,3.470417e-26,1,99,N,N
2.168426e-08,7.408563e-17,6.912978e-26,1.888105e-08,5.123902e-17,3.308683e-26,1.888277e-08,5.206615e-17,3.481718e-26,2.058596e-08,8.631278e-17,9.623702e-26,2,98,N,N
2.414119e-08,9.404671e-17,1.000502e-25,2.020658e-08,6.801041e-17,4.934894e-26,2.018612e-08,7.575180e-17,6.051792e-26,2.484813e-08,1.306044e-16,1.898272e-25,0,19,N,N
2.413792e-08,9.343122e-17,9.032635e-26,2.125663e-08,6.612409e-17,5.158815e-26,2.014223e-08,7.084608e-17,5.605816e-26,2.363325e-08,1.207219e-16,1.734762e-25,3,69,N,N
1.439132e-08,2.789549e-17,1.451196e-26,1.291721e-08,2.353792e-17,1.046948e-26,1.213198e-08,2.701073e-17,1.305511e-26,1.489299e-08,4.577723e-17,3.979561e-26,0,24,N,N
2.206413e-08,6.965822e-17,5.964760e-26,1.911071e-08,4.605372e-17,2.488629e-26,1.790258e-08,4.857458e-17,2.537822e-26,2.123471e-08,8.191216e-17,6.663522e-26,3,70,N,N
2.613175e-08,1.044868e-16,1.123815e-25,2.338799e-08,6.653771e-17,4.944846e-26,2.208103e-08,6.461529e-17,4.924975e-26,2.620650e-08,1.062376e-16,1.107960e-25,2,100,N,N
2.241343e-08,7.682395e-17,6.306358e-26,1.887102e-08,4.936398e-17,2.805923e-26,1.885010e-08,5.957132e-17,4.077064e-26,2.270539e-08,1.049217e-16,1.309584e-25,3,103,N,N
1.984063e-08,6.414108e-17,5.631279e-26,1.759755e-08,4.892478e-17,3.130691e-26,1.607248e-08,4.738775e-17,3.049231e-26,2.050592e-08,9.496570e-17,1.253910e-25,0,93,N,N
2.406517e-08,9.048587e-17,8.914429e-26,2.162398e-08,6.446044e-17,4.599324e-26,1.998032e-08,6.509585e-17,4.838018e-26,2.436577e-08,1.229869e-16,1.763495e-25,3,71,N,N
2.707257e-08,1.078511e-16,1.110095e-25,2.290808e-08,7.674062e-17,5.572653e-26,2.246056e-08,9.197041e-17,7.814420e-26,2.658061e-08,1.535005e-16,2.496045e-25,3,53,N,N
1.769707e-08,5.081654e-17,3.668390e-26,1.560991e-08,3.409859e-17,1.896652e-26,1.433071e-08,3.587447e-17,2.040099e-26,1.831990e-08,6.790579e-17,6.608893e-26,3,54,N,N
2.161514e-08,7.415489e-17,6.910721e-26,1.932861e-08,4.970755e-17,3.201547e-26,1.826549e-08,4.663483e-17,3.034972e-26,2.178875e-08,7.829140e-17,7.480776e-26,3,100,N,N
2.376979e-08,8.138745e-17,6.804384e-26,1.999828e-08,4.958780e-17,3.181650e-26,1.852987e-08,5.372904e-17,3.335840e-26,2.193409e-08,8.477337e-17,7.820317e-26,0,77,N,N
3.291919e-08,1.734339e-16,2.240487e-25,2.663942e-08,1.059420e-16,8.707551e-26,2.777828e-08,1.448452e-16,1.525285e-25,3.263163e-08,2.423450e-16,5.105152e-25,2,48,N,N
2.291985e-08,7.048851e-17,5.804911e-26,2.110155e-08,5.396109e-17,3.450217e-26,1.929967e-08,5.428719e-17,3.445763e-26,2.322137e-08,9.876198e-17,1.146856e-25,3,74,N,N
2.000950e-08,5.276466e-17,3.610963e-26,1.702059e-08,4.430325e-17,2.422426e-26,1.701923e-08,5.007441e-17,2.909178e-26,2.023961e-08,7.511432e-17,7.349094e-26,0,41,N,N
2.272032e-08,6.568844e-17,4.945756e-26,1.998907e-08,4.874081e-17,2.946908e-26,1.883623e-08,5.653848e-17,3.657174e-26,2.238967e-08,9.646182e-17,1.047434e-25,3,84,N,N
1.418760e-08,3.006977e-17,1.669758e-26,1.217757e-08,2.065404e-17,7.932974e-27,1.148599e-08,2.111717e-17,7.870314e-27,1.402576e-08,3.243652e-17,2.028934e-26,0,7,N,N
1.989335e-08,6.494084e-17,4.869681e-26,1.576516e-08,4.174039e-17,2.221427e-26,1.633835e-08,4.576555e-17,2.663000e-26,2.101361e-08,8.884372e-17,9.077904e-26,2,65,N,N
1.076829e-08,2.311525e-17,1.124452e-26,1.025225e-08,1.703237e-17,7.202441e-27,9.370167e-09,1.633299e-17,6.189395e-27,1.110864e-08,2.339410e-17,1.272253e-26,0,5,N,N
1.613971e-08,4.389209e-17,3.268738e-26,1.475380e-08,2.894430e-17,1.413989e-26,1.397762e-08,3.042294e-17,1.631371e-26,1.671136e-08,6.507774e-17,7.299208e-26,2,49,N,N
