1.335491e+06,3.641853e+10,2.464777e+14,3.742611e+06,2.639273e+11,9.914180e+14,3.633987e+06,1.359560e+11,6.343146e+14,1.399428e+06,3.145187e+10,1.481650e+14,2,76,N,N
1.411018e+06,1.858977e+10,4.842738e+13,2.531048e+06,7.836012e+10,1.705368e+14,2.506788e+06,5.355801e+10,1.247039e+14,1.445704e+06,1.554671e+10,1.885016e+13,1,41,N,N
1.305673e+06,1.950336e+10,6.536094e+13,2.636399e+06,6.707104e+10,1.708835e+14,2.724046e+06,4.234844e+10,1.055665e+14,1.230168e+06,1.603613e+10,3.677600e+13,0,46,N,N
1.162868e+06,1.327399e+10,3.189544e+13,2.210890e+06,7.307815e+10,1.365038e+14,2.485030e+06,4.339634e+10,9.204679e+13,1.143719e+06,1.304878e+10,1.765264e+13,2,96,N,N
1.350134e+06,1.462297e+10,3.709979e+13,2.621518e+06,7.970006e+10,1.425251e+14,2.574016e+06,4.029076e+10,7.968187e+13,1.189880e+06,1.134115e+10,1.054373e+13,0,58,N,N
1.436695e+06,3.202412e+10,1.729914e+14,2.804333e+06,9.895629e+10,2.539601e+14,3.035345e+06,5.124858e+10,1.347336e+14,1.310437e+06,1.607161e+10,3.370611e+13,1,103,N,N
1.636222e+06,4.952292e+10,2.952891e+14,2.786670e+06,1.526097e+11,3.027490e+14,2.760649e+06,6.436553e+10,1.508686e+14,1.386778e+06,2.519687e+10,1.133498e+14,2,55,N,N
1.436240e+06,1.560530e+10,1.888426e+13,2.778997e+06,4.531169e+10,1.086337e+14,2.710277e+06,3.736897e+10,8.865360e+13,1.347435e+06,1.376433e+10,1.544715e+13,2,84,N,N
1.655065e+06,2.253832e+10,5.542601e+13,2.999437e+06,5.501802e+10,1.261859e+14,3.004075e+06,4.080163e+10,1.043087e+14,1.454665e+06,1.526416e+10,1.419580e+13,0,29,N,N
1.426022e+06,1.740087e+10,3.972892e+13,2.687950e+06,6.701605e+10,1.340627e+14,2.573570e+06,3.769763e+10,7.830740e+13,1.315530e+06,1.285475e+10,1.168479e+13,0,52,N,N
1.692264e+06,1.088211e+11,7.735271e+14,2.585502e+06,1.756871e+11,3.934050e+14,2.826842e+06,7.612741e+10,2.086471e+14,1.411539e+06,2.209470e+10,8.554442e+13,2,80,N,N
1.580349e+06,3.149369e+10,1.335864e+14,2.712149e+06,7.265603e+10,1.341924e+14,2.675319e+06,3.794784e+10,8.110611e+13,1.418314e+06,1.424156e+10,2.480650e+13,2,65,N,N
1.584130e+06,3.847965e+10,2.057274e+14,2.749137e+06,1.333349e+11,2.625347e+14,2.775152e+06,7.309416e+10,1.628280e+14,1.476766e+06,2.764453e+10,1.288124e+14,3,55,N,N
1.206198e+06,1.487184e+10,2.976496e+13,2.425997e+06,7.161538e+10,1.604469e+14,2.385126e+06,5.563200e+10,1.497264e+14,1.105885e+06,1.172216e+10,2.023592e+13,3,68,N,N
1.634694e+06,3.684109e+10,2.047706e+14,2.781863e+06,1.150192e+11,2.457774e+14,2.785623e+06,5.997199e+10,1.505027e+14,1.588226e+06,2.348494e+10,5.515852e+13,0,47,N,N
1.203659e+06,1.869298e+10,7.094476e+13,2.503856e+06,5.449890e+10,1.333857e+14,2.588849e+06,4.305205e+10,1.123163e+14,1.184409e+06,1.459273e+10,3.652461e+13,0,15,N,N
9.564923e+05,2.406470e+10,1.515122e+14,2.777016e+06,1.785889e+11,4.072296e+14,2.809353e+06,8.584951e+10,2.455506e+14,1.200251e+06,2.337061e+10,1.065800e+14,1,76,N,N
1.339003e+06,1.543125e+10,2.829286e+13,2.563050e+06,1.082224e+11,1.819750e+14,2.212056e+06,6.486143e+10,1.067666e+14,1.336833e+06,1.219660e+10,1.594341e+13,3,91,N,N
9.491009e+05,2.732144e+10,1.899058e+14,2.990289e+06,2.384654e+11,6.431950e+14,2.796163e+06,1.072688e+11,3.258711e+14,1.059321e+06,2.504406e+10,1.491861e+14,0,76,N,N
1.346133e+06,1.753279e+10,5.041444e+13,2.481123e+06,5.637222e+10,1.175444e+14,2.540752e+06,4.515331e+10,1.103670e+14,1.279862e+06,1.357695e+10,9.619220e+12,1,62,N,N
1.565662e+06,1.391564e+10,2.993970e+13,2.273779e+06,9.733587e+10,1.377228e+14,2.054428e+06,5.529490e+10,9.816898e+13,1.313039e+06,8.808225e+09,8.856425e+12,0,75,N,N
1.572035e+06,4.239972e+10,2.428633e+14,2.604680e+06,1.390375e+11,2.845039e+14,2.667868e+06,6.555323e+10,1.465122e+14,1.459665e+06,2.512560e+10,1.085207e+14,1,55,N,N
1.218795e+06,1.466212e+10,3.326357e+13,2.289345e+06,7.415285e+10,1.321793e+14,2.365680e+06,4.374294e+10,9.326254e+13,1.128198e+06,1.168033e+10,1.305530e+13,3,96,N,N
1.336434e+06,1.401574e+10,1.680786e+13,2.751228e+06,6.646172e+10,1.333458e+14,2.646312e+06,4.696063e+10,9.720754e+13,1.236109e+06,1.272644e+10,1.006549e+13,0,57,N,N
1.300666e+06,1.917564e+10,6.940154e+13,2.650658e+06,7.520102e+10,1.612901e+14,2.505032e+06,4.655220e+10,1.070456e+14,1.291962e+06,1.249850e+10,1.983279e+13,1,82,N,N
1.234108e+06,1.313697e+10,2.396118e+13,2.371940e+06,9.699411e+10,1.862616e+14,2.354317e+06,5.557346e+10,1.140774e+14,1.237391e+06,1.169233e+10,1.773495e+13,0,39,N,N
1.337962e+06,9.857583e+09,1.350149e+13,2.365462e+06,8.566483e+10,1.377907e+14,2.675597e+06,5.751619e+10,1.192052e+14,1.239180e+06,1.065389e+10,4.131329e+12,1,66,N,N
1.245026e+06,1.426864e+10,1.955866e+13,2.708057e+06,5.576275e+10,1.265205e+14,2.762535e+06,3.729288e+10,8.806770e+13,1.309596e+06,1.361189e+10,9.626117e+12,0,63,N,N
1.239925e+06,3.571352e+10,2.272567e+14,2.336580e+06,1.758096e+11,3.241794e+14,2.397364e+06,1.091396e+11,2.323796e+14,1.104712e+06,2.371927e+10,1.274915e+14,0,81,N,N
1.599511e+06,3.072143e+10,1.348600e+14,3.106776e+06,1.186812e+11,3.123288e+14,3.250247e+06,7.815767e+10,2.290852e+14,1.532105e+06,2.199178e+10,5.567349e+13,1,98,N,N
1.615761e+06,3.016088e+10,1.372446e+14,2.639669e+06,7.789628e+10,1.745923e+14,2.719229e+06,5.216335e+10,1.320093e+14,1.474557e+06,2.138596e+10,2.783042e+13,2,79,N,N
1.273737e+06,1.699706e+10,5.187680e+13,2.575445e+06,7.397344e+10,1.272206e+14,2.658628e+06,3.803433e+10,7.760990e+13,1.222110e+06,1.204443e+10,1.315892e+13,3,48,N,N
1.201793e+06,1.973489e+10,4.165080e+13,2.816293e+06,4.474687e+10,1.315099e+14,2.841263e+06,3.790558e+10,1.105298e+14,1.213669e+06,1.506417e+10,1.772385e+13,2,86,N,N
1.494197e+06,2.732047e+10,1.183901e+14,2.534079e+06,8.332889e+10,1.891664e+14,2.446965e+06,4.638795e+10,1.119514e+14,1.359857e+06,1.665750e+10,2.640488e+13,0,27,N,N
1.514672e+06,2.617085e+10,1.056948e+14,2.738940e+06,8.281708e+10,2.024315e+14,2.701238e+06,4.855855e+10,1.228253e+14,1.427888e+06,1.876436e+10,2.015425e+13,3,79,N,N
1.387858e+06,1.973869e+10,3.188198e+13,2.930172e+06,4.977267e+10,1.171374e+14,2.783263e+06,3.795097e+10,8.845642e+13,1.413731e+06,1.565231e+10,1.259037e+13,0,26,N,N
1.357829e+06,1.576983e+10,2.530063e+13,3.007673e+06,9.894292e+10,2.258345e+14,2.691382e+06,6.782464e+10,1.476494e+14,1.385754e+06,1.673781e+10,3.699001e+13,1,61,N,N
1.606397e+06,3.935911e+10,2.382850e+14,2.792217e+06,1.157976e+11,2.409291e+14,2.920682e+06,6.458477e+10,1.609762e+14,1.596324e+06,2.354065e+10,5.975478e+13,1,47,N,N
1.571089e+06,3.704320e+10,1.625273e+14,2.782496e+06,8.817553e+10,1.459886e+14,2.619818e+06,4.593590e+10,8.512375e+13,1.443353e+06,1.661404e+10,4.186612e+13,1,97,N,N
1.377562e+06,1.668809e+10,3.123918e+13,2.608732e+06,6.449022e+10,1.525714e+14,2.630974e+06,4.336976e+10,9.996541e+13,1.381703e+06,1.451426e+10,1.059415e+13,0,0,N,N
1.359663e+06,2.060803e+10,4.133403e+13,2.857364e+06,6.734520e+10,1.550146e+14,2.763449e+06,4.804968e+10,1.151413e+14,1.367666e+06,1.672493e+10,2.056725e+13,2,104,N,N
1.617100e+06,1.595647e+10,3.901861e+13,2.231185e+06,1.025209e+11,1.367891e+14,2.181612e+06,4.964203e+10,8.216036e+13,1.311849e+06,9.617995e+09,8.923856e+12,3,75,N,N
1.516093e+06,2.767894e+10,1.257415e+14,2.531822e+06,1.678300e+11,2.315907e+14,2.633042e+06,7.369546e+10,1.459593e+14,1.402079e+06,1.752911e+10,2.171682e+13,2,51,N,N
1.463088e+06,2.441768e+10,1.011830e+14,2.578120e+06,7.254847e+10,1.740874e+14,2.550132e+06,4.560320e+10,1.072103e+14,1.322200e+06,1.418876e+10,3.086737e+13,3,90,N,N
1.427490e+06,1.557531e+10,2.535267e+13,2.498672e+06,9.727554e+10,1.449016e+14,2.477322e+06,4.640663e+10,9.217852e+13,1.145126e+06,1.078992e+10,5.644563e+12,3,77,N,N
1.313417e+06,1.569774e+10,3.681509e+13,2.557887e+06,5.990305e+10,1.466470e+14,2.760861e+06,3.746088e+10,9.039759e+13,1.390065e+06,1.531889e+10,2.560461e+13,0,31,N,N
1.291926e+06,1.372878e+10,2.667636e+13,2.230557e+06,7.653079e+10,1.402308e+14,2.446729e+06,4.402792e+10,1.005582e+14,1.157280e+06,1.153113e+10,4.616199e+12,1,5,N,N
1.594175e+06,2.595258e+10,1.039106e+14,2.827451e+06,9.480623e+10,2.134558e+14,2.659099e+06,4.920739e+10,1.258111e+14,1.422306e+06,1.777925e+10,3.526903e+13,3,99,N,N
1.202625e+06,3.086965e+10,1.839669e+14,2.140728e+06,1.533071e+11,2.330188e+14,2.095703e+06,8.240412e+10,1.560961e+14,1.190026e+06,2.202659e+10,9.944622e+13,0,42,N,N
1.385343e+06,2.726611e+10,1.296731e+14,3.088010e+06,1.095370e+11,2.763370e+14,2.925610e+06,6.981984e+10,1.732912e+14,1.414076e+06,2.182699e+10,4.819322e+13,0,70,N,N
1.667798e+06,1.005351e+11,7.447634e+14,2.532854e+06,1.596169e+11,3.576117e+14,2.669729e+06,6.913426e+10,1.838497e+14,1.348449e+06,1.976873e+10,7.050305e+13,1,80,N,N
1.513378e+06,1.621603e+10,4.112992e+13,2.566419e+06,7.731961e+10,1.567828e+14,2.533945e+06,3.911394e+10,8.735103e+13,1.326682e+06,1.351184e+10,1.152454e+13,1,34,N,N
1.579162e+06,2.641734e+10,1.094078e+14,2.548775e+06,7.934970e+10,1.471955e+14,2.485762e+06,4.882845e+10,1.008169e+14,1.434618e+06,1.411150e+10,3.150178e+13,3,93,N,N
1.430215e+06,2.334786e+10,9.379016e+13,2.579603e+06,9.249155e+10,1.710956e+14,2.411838e+06,5.381822e+10,1.182759e+14,1.338897e+06,1.453366e+10,3.581008e+13,0,93,N,N
1.583194e+06,2.157669e+10,6.518795e+13,2.988621e+06,7.043579e+10,1.506300e+14,2.824511e+06,4.732664e+10,1.190940e+14,1.542729e+06,1.708639e+10,2.451033e+13,0,6,N,N
1.476821e+06,2.383402e+10,9.168670e+13,2.747962e+06,6.409665e+10,1.564725e+14,2.869432e+06,3.846081e+10,9.501878e+13,1.372085e+06,1.560417e+10,2.290913e+13,0,18,N,N
1.345223e+06,2.991580e+10,1.544165e+14,2.533298e+06,1.235708e+11,2.243052e+14,2.557439e+06,6.677579e+10,1.276419e+14,1.228112e+06,1.562427e+10,4.657633e+13,0,50,N,N
1.432347e+06,2.845386e+10,1.288298e+14,2.744274e+06,9.374928e+10,2.425615e+14,2.812499e+06,4.604086e+10,1.286820e+14,1.350605e+06,2.281795e+10,6.408262e+13,2,101,N,N
1.463220e+06,1.802597e+10,2.859405e+13,2.672386e+06,4.054346e+10,9.683095e+13,2.714335e+06,2.845855e+10,6.496511e+13,1.253625e+06,1.454919e+10,8.017390e+12,3,74,N,N
1.007894e+06,1.091122e+10,2.012413e+13,2.348925e+06,1.361737e+11,1.998685e+14,2.321763e+06,1.202201e+11,1.850153e+14,8.769477e+05,1.117380e+10,2.408073e+13,3,54,N,N
1.349997e+06,1.576858e+10,3.140674e+13,2.553667e+06,9.682937e+10,1.408136e+14,2.653721e+06,5.132107e+10,1.013724e+14,1.274076e+06,1.356830e+10,6.438810e+12,1,77,N,N
1.315250e+06,1.376857e+10,2.261876e+13,2.352809e+06,9.749755e+10,1.496998e+14,2.287573e+06,5.934146e+10,1.052990e+14,1.298557e+06,1.234920e+10,1.086929e+13,0,91,N,N
1.516492e+06,2.036445e+10,6.049040e+13,2.458231e+06,5.572705e+10,1.172153e+14,2.556051e+06,3.966392e+10,9.910615e+13,1.276637e+06,1.354718e+10,9.468317e+12,2,62,N,N
1.261644e+06,3.469727e+10,2.048384e+14,2.332563e+06,1.933204e+11,3.250743e+14,2.275939e+06,8.549696e+10,1.636662e+14,1.200697e+06,2.161268e+10,9.712641e+13,2,81,N,N
1.267561e+06,1.510811e+10,3.227041e+13,2.634743e+06,9.099942e+10,1.869769e+14,2.425544e+06,4.643264e+10,1.015872e+14,1.243105e+06,1.147999e+10,1.784048e+13,2,92,N,N
1.322317e+06,1.429264e+10,3.681077e+13,2.516071e+06,6.627707e+10,1.061524e+14,2.507786e+06,3.804498e+10,7.294552e+13,1.155788e+06,9.587159e+09,7.394271e+12,1,58,N,N
1.435229e+06,2.220816e+10,8.578730e+13,2.679721e+06,6.830211e+10,1.566995e+14,2.680736e+06,4.655734e+10,1.142632e+14,1.353295e+06,1.441013e+10,2.976083e+13,0,90,N,N
1.740145e+06,3.938312e+10,2.122062e+14,3.106188e+06,1.090309e+11,2.431438e+14,3.214060e+06,6.738031e+10,1.902413e+14,1.561587e+06,2.424474e+10,8.108143e+13,3,73,N,N
1.427172e+06,2.069108e+10,7.153642e+13,2.468416e+06,9.455467e+10,1.526048e+14,2.632949e+06,8.060353e+10,1.692687e+14,1.260938e+06,1.149971e+10,2.307796e+13,1,78,N,N
1.544179e+06,2.264049e+10,5.470213e+13,3.074068e+06,4.587603e+10,1.165478e+14,3.016465e+06,3.296263e+10,8.091856e+13,1.491041e+06,1.925221e+10,1.342091e+13,2,49,N,N
9.836017e+05,4.365678e+10,3.936843e+14,2.835328e+06,3.022741e+11,7.799008e+14,3.042041e+06,1.613016e+11,4.798705e+14,1.214995e+06,3.072562e+10,1.895141e+14,1,67,N,N
1.568191e+06,1.783895e+10,4.878027e+13,2.450610e+06,8.035604e+10,1.725526e+14,2.457594e+06,3.929209e+10,9.268532e+13,1.386961e+06,1.214274e+10,1.049038e+13,0,34,N,N
1.234293e+06,1.571407e+10,3.255994e+13,2.574864e+06,8.698434e+10,1.746443e+14,2.547933e+06,4.590737e+10,1.052111e+14,1.167880e+06,1.235548e+10,9.119201e+12,0,71,N,N
1.553941e+06,2.261290e+10,7.396676e+13,2.540238e+06,1.138733e+11,1.407354e+14,2.477810e+06,5.924295e+10,9.751795e+13,1.361995e+06,1.121269e+10,1.875471e+13,3,64,N,N
1.415653e+06,2.122574e+10,4.406860e+13,2.831025e+06,7.126641e+10,1.616457e+14,2.801066e+06,5.031881e+10,1.200117e+14,1.289399e+06,1.563697e+10,2.037098e+13,3,104,N,N
1.600807e+06,1.705198e+10,4.512372e+13,2.503861e+06,1.204678e+11,1.682800e+14,2.174507e+06,4.800210e+10,8.378960e+13,1.246991e+06,1.002879e+10,6.312717e+12,2,75,N,N
1.380128e+06,1.171930e+10,2.074391e+13,2.383089e+06,7.781972e+10,1.120800e+14,2.443664e+06,6.194028e+10,1.123342e+14,1.275520e+06,1.051698e+10,6.948626e+12,3,66,N,N
1.303408e+06,1.869672e+10,4.185441e+13,2.566143e+06,6.331592e+10,1.492147e+14,2.747973e+06,5.262013e+10,1.283138e+14,1.254047e+06,1.764300e+10,2.891182e+13,0,89,N,N
1.108795e+06,1.352008e+10,3.437667e+13,2.308027e+06,1.186588e+11,1.962251e+14,2.065447e+06,6.395844e+10,1.229785e+14,1.159205e+06,9.538298e+09,5.174274e+12,0,32,N,N
1.234709e+06,1.295364e+10,1.381502e+13,2.325235e+06,5.580107e+10,1.121700e+14,2.220850e+06,3.864611e+10,8.312829e+13,1.164673e+06,1.064557e+10,8.696437e+12,0,102,N,N
1.521076e+06,3.129758e+10,1.600613e+14,2.998124e+06,9.666583e+10,2.524895e+14,2.935581e+06,5.090136e+10,1.337176e+14,1.414088e+06,1.739999e+10,3.708153e+13,2,103,N,N
1.266915e+06,1.527225e+10,2.651923e+13,2.303512e+06,6.924543e+10,1.259062e+14,2.316565e+06,4.641671e+10,1.017029e+14,1.201623e+06,1.193613e+10,6.088604e+12,0,5,N,N
1.477521e+06,2.126073e+10,7.027352e+13,2.705923e+06,1.087655e+11,2.015098e+14,2.650692e+06,6.680317e+10,1.479477e+14,1.329294e+06,1.759912e+10,3.760966e+13,1,59,N,N
1.515837e+06,3.883835e+10,1.566487e+14,2.639121e+06,1.055754e+11,1.735771e+14,2.570435e+06,4.986507e+10,8.553614e+13,1.433423e+06,1.773049e+10,5.001298e+13,3,97,N,N
1.492682e+06,3.572644e+10,1.438319e+14,2.748074e+06,9.733335e+10,1.724640e+14,2.603856e+06,4.444617e+10,8.128126e+13,1.463112e+06,1.786812e+10,5.004434e+13,0,97,N,N
1.460104e+06,1.961469e+10,4.468759e+13,3.089912e+06,5.655915e+10,1.365318e+14,2.923307e+06,4.508488e+10,1.177352e+14,1.385256e+06,1.731695e+10,2.575901e+13,1,88,N,N
1.388372e+06,1.128797e+10,1.471836e+13,2.404846e+06,8.248655e+10,1.350596e+14,2.457122e+06,5.936270e+10,1.113943e+14,1.252756e+06,9.194900e+09,5.480332e+12,0,66,N,N
1.543258e+06,1.918183e+10,5.623549e+13,2.546557e+06,1.068605e+11,1.479824e+14,2.463971e+06,5.985297e+10,1.119326e+14,1.344772e+06,1.047888e+10,1.581673e+13,0,64,N,N
1.415945e+06,2.438612e+10,1.002612e+14,2.506327e+06,8.539338e+10,1.526114e+14,2.463637e+06,5.516186e+10,1.116029e+14,1.330972e+06,1.576460e+10,4.355102e+13,1,93,N,N
1.308604e+06,2.657454e+10,1.304099e+14,2.724988e+06,7.310359e+10,2.106125e+14,2.828664e+06,5.040947e+10,1.456624e+14,1.353174e+06,1.989292e+10,6.617138e+13,3,95,N,N
1.344595e+06,1.714113e+10,4.693906e+13,2.412035e+06,9.366291e+10,2.080856e+14,2.452613e+06,5.231962e+10,1.274005e+14,1.270690e+06,1.409206e+10,1.994305e+13,1,25,N,N
1.155054e+06,1.185374e+10,1.507419e+13,2.233879e+06,6.121685e+10,1.052820e+14,2.305328e+06,4.931856e+10,8.924994e+13,1.067391e+06,8.552859e+09,6.628779e+12,3,53,N,N
1.360834e+06,1.503219e+10,2.422619e+13,2.482005e+06,8.709619e+10,1.365837e+14,2.515016e+06,5.104786e+10,9.869742e+13,1.262779e+06,1.255301e+10,6.039499e+12,0,77,N,N
1.425385e+06,1.712913e+10,3.625856e+13,2.961956e+06,8.793039e+10,2.139969e+14,2.712998e+06,7.495963e+10,1.813598e+14,1.232604e+06,1.710898e+10,4.828828e+13,0,61,N,N
1.304886e+06,1.880299e+10,4.218451e+13,2.314508e+06,7.413986e+10,1.741106e+14,2.386319e+06,5.595515e+10,1.455768e+14,1.164977e+06,1.391441e+10,2.769348e+13,2,68,N,N
1.716418e+06,4.409501e+10,2.725314e+14,2.861838e+06,1.304522e+11,2.716076e+14,2.945247e+06,6.901765e+10,1.732148e+14,1.684129e+06,2.568593e+10,7.500573e+13,2,47,N,N
1.334708e+06,1.865194e+10,5.653563e+13,2.548726e+06,7.883964e+10,1.692136e+14,2.457027e+06,4.960180e+10,1.157593e+14,1.281566e+06,1.264482e+10,1.474484e+13,0,41,N,N
1.314484e+06,1.573057e+10,3.990320e+13,2.468197e+06,8.398703e+10,1.739315e+14,2.475927e+06,3.995612e+10,9.283974e+13,1.230015e+06,1.259138e+10,1.090381e+13,1,71,N,N
1.567812e+06,2.220941e+10,5.633563e+13,2.913345e+06,5.540460e+10,1.373827e+14,2.858363e+06,4.526349e+10,1.135725e+14,1.452220e+06,1.747603e+10,2.663607e+13,2,88,N,N
1.533542e+06,2.413251e+10,9.485412e+13,2.476668e+06,8.135100e+10,1.967970e+14,2.574203e+06,4.000391e+10,9.821637e+13,1.529521e+06,2.109147e+10,4.336287e+13,0,72,N,N
1.440592e+06,2.778500e+10,1.299557e+14,2.823821e+06,1.241294e+11,2.423387e+14,2.707657e+06,6.241885e+10,1.306501e+14,1.415992e+06,1.799974e+10,3.881569e+13,1,87,N,N
1.525711e+06,3.610851e+10,1.649886e+14,2.749738e+06,9.583836e+10,1.529074e+14,2.535665e+06,4.734236e+10,8.217137e+13,1.443580e+06,1.693106e+10,4.623220e+13,2,97,N,N
1.301915e+06,2.851293e+10,1.519280e+14,2.834402e+06,1.546736e+11,3.062692e+14,2.661043e+06,9.235423e+10,2.106164e+14,1.390108e+06,1.933094e+10,6.203215e+13,2,87,N,N
1.328742e+06,1.541743e+10,2.371507e+13,2.497682e+06,7.658909e+10,1.721527e+14,2.505216e+06,4.990301e+10,1.066276e+14,1.309457e+06,1.205091e+10,1.827066e+13,0,92,N,N
1.488884e+06,2.627469e+10,1.159877e+14,2.601903e+06,8.936792e+10,1.880178e+14,2.562072e+06,4.877030e+10,1.182708e+14,1.593145e+06,2.338224e+10,6.609695e+13,2,72,N,N
1.562599e+06,2.321740e+10,7.628833e+13,2.939987e+06,9.690192e+10,2.516644e+14,2.668649e+06,4.728735e+10,1.210313e+14,1.362275e+06,1.557865e+10,2.477906e+13,0,99,N,N
1.160167e+06,2.045783e+10,8.945351e+13,2.393490e+06,1.427311e+11,2.340882e+14,2.358184e+06,4.770017e+10,9.936074e+13,1.165570e+06,1.092590e+10,7.626545e+12,1,37,N,N
1.372098e+06,1.972787e+10,4.316221e+13,2.608605e+06,7.326987e+10,1.744828e+14,2.689692e+06,4.320261e+10,1.124524e+14,1.145588e+06,1.488568e+10,1.259893e+13,0,1,N,N
1.372004e+06,2.052652e+10,4.664631e+13,2.461125e+06,7.207157e+10,1.551016e+14,2.396553e+06,5.642985e+10,1.429050e+14,1.105535e+06,1.335614e+10,2.283947e+13,1,68,N,N
1.579695e+06,6.551304e+10,4.102371e+14,2.599928e+06,1.385849e+11,3.396967e+14,2.667164e+06,6.437464e+10,1.721054e+14,1.346961e+06,1.880225e+10,6.351705e+13,0,80,N,N
1.342811e+06,1.691563e+10,3.557602e+13,2.898394e+06,8.434070e+10,1.904120e+14,2.622523e+06,6.908193e+10,1.640857e+14,1.379371e+06,1.526185e+10,3.068174e+13,3,61,N,N
1.586057e+06,2.415979e+10,9.148472e+13,2.551432e+06,8.240094e+10,1.639783e+14,2.452083e+06,4.605442e+10,9.156213e+13,1.438316e+06,1.629556e+10,3.846533e+13,2,93,N,N
1.672815e+06,3.004985e+10,1.315092e+14,2.790490e+06,1.122382e+11,1.977725e+14,2.600917e+06,5.214632e+10,1.083303e+14,1.493216e+06,1.736556e+10,3.870374e+13,0,35,N,N
1.381300e+06,1.670146e+10,2.112651e+13,2.500694e+06,8.209516e+10,1.567895e+14,2.328904e+06,6.414085e+10,1.353198e+14,1.323775e+06,1.508563e+10,1.719883e+13,0,8,N,N
1.085313e+06,4.844899e+10,4.317133e+14,2.754202e+06,2.653637e+11,6.121318e+14,2.884880e+06,1.607648e+11,4.631705e+14,1.197265e+06,3.300024e+10,2.124905e+14,2,67,N,N
1.217795e+06,1.185948e+10,1.522947e+13,2.437471e+06,6.515738e+10,1.336465e+14,2.456642e+06,3.920799e+10,9.302936e+13,1.144970e+06,1.154082e+10,9.504204e+12,2,102,N,N
1.351672e+06,1.591464e+10,3.393292e+13,2.645296e+06,7.032506e+10,1.475254e+14,2.664151e+06,4.518162e+10,1.029717e+14,1.286917e+06,1.328307e+10,1.553191e+13,1,52,N,N
1.422607e+06,1.785605e+10,5.089927e+13,2.352206e+06,6.447960e+10,1.427451e+14,2.681001e+06,4.134275e+10,1.069377e+14,1.280100e+06,1.450102e+10,1.323610e+13,3,62,N,N
1.419319e+06,2.302789e+10,8.841719e+13,2.661820e+06,8.386633e+10,1.789693e+14,2.645800e+06,4.669548e+10,1.034339e+14,1.357296e+06,1.662407e+10,2.632555e+13,0,45,N,N
1.469266e+06,2.798010e+10,1.288414e+14,2.694961e+06,7.919353e+10,1.911232e+14,2.669990e+06,4.487321e+10,1.061489e+14,1.304167e+06,1.490497e+10,3.512193e+13,1,90,N,N
1.455809e+06,2.833153e+10,1.365757e+14,2.857634e+06,9.369289e+10,2.306047e+14,2.912933e+06,5.096547e+10,1.350398e+14,1.328067e+06,1.687263e+10,3.766362e+13,3,103,N,N
1.472562e+06,3.333177e+10,1.867900e+14,2.897579e+06,9.730712e+10,2.397967e+14,2.847224e+06,4.538528e+10,1.166475e+14,1.282647e+06,1.545559e+10,2.884422e+13,0,103,N,N
1.292685e+06,1.705758e+10,4.679702e+13,2.888455e+06,1.064015e+11,2.420323e+14,2.762304e+06,7.226508e+10,1.647716e+14,1.272213e+06,1.764900e+10,5.086400e+13,2,61,N,N
1.389583e+06,1.494879e+10,1.773554e+13,2.761038e+06,4.198352e+10,9.482603e+13,2.728351e+06,3.671917e+10,8.388907e+13,1.421428e+06,1.412994e+10,1.591337e+13,0,84,N,N
1.311110e+06,2.869788e+10,1.490876e+14,2.598059e+06,8.424052e+10,2.438161e+14,2.808729e+06,5.797435e+10,1.768932e+14,1.322566e+06,2.109544e+10,7.964988e+13,2,95,N,N
1.386341e+06,2.752651e+10,1.319646e+14,2.686260e+06,1.312232e+11,2.091535e+14,2.686663e+06,6.061958e+10,1.170383e+14,1.328095e+06,1.730901e+10,4.028062e+13,0,4,N,N
1.037900e+06,1.190681e+10,2.259137e+13,2.391431e+06,1.383572e+11,1.912007e+14,2.175750e+06,1.005698e+11,1.628300e+14,8.975712e+05,1.143716e+10,2.192592e+13,2,54,N,N
1.279491e+06,1.979377e+10,4.402335e+13,2.763282e+06,4.445155e+10,1.221042e+14,2.862099e+06,3.654493e+10,1.001687e+14,1.273372e+06,1.663259e+10,2.174336e+13,1,86,N,N
1.310919e+06,2.409595e+10,1.087975e+14,2.498482e+06,1.153460e+11,2.037735e+14,2.506039e+06,6.098959e+10,1.342686e+14,1.366561e+06,1.605078e+10,3.426332e+13,1,44,N,N
1.313770e+06,2.207621e+10,9.076006e+13,2.512786e+06,1.078847e+11,2.036396e+14,2.488455e+06,7.250057e+10,1.478053e+14,1.339310e+06,1.906121e+10,5.022065e+13,0,59,N,N
1.461201e+06,2.157605e+10,5.264835e+13,2.827626e+06,5.038107e+10,1.286387e+14,2.721638e+06,3.720583e+10,1.007124e+14,1.317190e+06,1.451677e+10,1.436846e+13,2,100,N,N
1.250425e+06,2.028135e+10,7.563639e+13,2.534830e+06,6.849032e+10,1.713849e+14,2.693121e+06,4.220324e+10,1.080219e+14,1.222231e+06,1.667707e+10,4.110160e+13,1,46,N,N
1.309128e+06,2.939561e+10,1.578265e+14,2.143613e+06,1.361141e+11,1.992213e+14,2.018450e+06,7.767814e+10,1.405601e+14,1.373141e+06,2.452791e+10,1.078375e+14,1,42,N,N
1.229062e+06,1.391743e+10,3.374871e+13,2.407494e+06,1.101598e+11,1.833637e+14,2.330687e+06,4.807092e+10,9.966769e+13,1.141041e+06,1.044114e+10,3.995245e+12,2,37,N,N
1.430699e+06,2.629815e+10,1.130322e+14,2.906848e+06,7.844839e+10,1.840013e+14,2.726308e+06,5.190868e+10,1.268685e+14,1.382569e+06,1.594340e+10,3.819362e+13,1,36,N,N
1.343152e+06,1.433932e+10,1.819484e+13,2.722973e+06,5.199957e+10,1.234081e+14,2.607455e+06,3.581444e+10,8.590153e+13,1.243682e+06,1.185327e+10,9.466744e+12,1,63,N,N
1.615461e+06,3.251778e+10,1.427668e+14,2.538792e+06,7.585115e+10,1.506177e+14,2.704073e+06,4.203091e+10,9.263316e+13,1.394953e+06,1.465233e+10,2.545437e+13,1,65,N,N
1.314897e+06,1.318899e+10,3.092037e+13,2.474255e+06,6.792777e+10,1.044597e+14,2.415781e+06,4.014462e+10,7.741046e+13,1.189774e+06,1.013627e+10,8.723475e+12,3,58,N,N
1.585976e+06,2.790632e+10,1.143521e+14,2.641242e+06,7.613269e+10,1.612349e+14,2.651471e+06,4.001671e+10,8.563842e+13,1.397590e+06,1.417180e+10,2.617589e+13,0,65,N,N
1.135062e+06,1.035319e+10,1.239057e+13,2.250449e+06,5.899730e+10,9.476133e+13,2.227646e+06,5.097522e+10,9.340768e+13,1.041630e+06,8.752672e+09,6.392018e+12,1,53,N,N
1.254100e+06,2.352240e+10,1.063712e+14,2.590815e+06,1.214013e+11,2.865023e+14,2.609319e+06,6.486716e+10,1.618023e+14,1.274663e+06,1.675008e+10,4.226168e+13,0,7,N,N
1.372068e+06,2.010866e+10,5.228809e+13,2.608082e+06,6.969725e+10,1.523757e+14,2.709233e+06,4.037623e+10,1.016859e+14,1.302963e+06,1.655069e+10,1.954367e+13,1,60,N,N
1.223416e+06,1.630552e+10,1.256157e+13,2.730670e+06,7.893172e+10,1.725226e+14,2.455457e+06,5.776779e+10,1.304843e+14,1.131937e+06,1.230549e+10,8.304491e+12,0,3,N,N
1.086835e+06,2.367156e+10,1.141887e+14,2.393853e+06,1.603000e+11,2.637660e+14,2.484846e+06,7.099130e+10,1.462036e+14,1.247927e+06,1.448831e+10,2.804411e+13,1,33,N,N
1.638498e+06,8.117474e+10,5.053643e+14,2.589627e+06,1.437280e+11,2.968875e+14,2.680200e+06,6.452101e+10,1.725518e+14,1.417025e+06,2.148445e+10,7.728466e+13,3,80,N,N
1.381852e+06,1.429621e+10,2.016646e+13,2.405525e+06,6.140609e+10,1.068341e+14,2.430406e+06,3.743016e+10,8.258022e+13,1.352971e+06,1.398721e+10,4.862720e+12,3,83,N,N
1.516683e+06,2.123876e+10,7.387621e+13,2.537224e+06,1.025179e+11,1.641080e+14,2.524242e+06,7.270413e+10,1.330705e+14,1.427981e+06,1.448657e+10,3.476725e+13,2,78,N,N
1.235518e+06,1.925352e+10,4.853646e+13,2.545162e+06,7.392229e+10,1.738958e+14,2.510553e+06,5.668041e+10,1.381768e+14,1.134141e+06,1.470897e+10,2.810075e+13,0,68,N,N
1.467797e+06,2.544718e+10,1.104672e+14,2.690529e+06,1.298893e+11,2.341522e+14,2.495548e+06,9.341044e+10,2.020055e+14,1.331334e+06,1.672561e+10,4.680917e+13,0,19,N,N
1.277781e+06,1.948413e+10,5.042634e+13,2.432761e+06,6.192990e+10,1.439172e+14,2.531237e+06,5.568502e+10,1.371396e+14,1.223634e+06,1.717389e+10,3.631962e+13,1,89,N,N
1.689269e+06,2.978591e+10,1.217298e+14,2.697592e+06,1.076640e+11,1.833688e+14,2.723086e+06,5.316884e+10,1.118052e+14,1.439169e+06,1.577647e+10,2.625856e+13,1,35,N,N
1.291331e+06,1.483092e+10,4.254214e+13,2.216570e+06,1.005651e+11,1.515248e+14,2.310098e+06,5.580719e+10,1.003663e+14,1.218458e+06,1.105774e+10,1.897578e+13,2,94,N,N
1.284750e+06,2.625480e+10,1.319162e+14,2.782900e+06,1.379315e+11,2.748012e+14,2.690440e+06,7.273676e+10,1.539543e+14,1.422106e+06,1.891571e+10,4.368357e+13,0,87,N,N
1.433583e+06,1.786630e+10,4.899386e+13,2.624504e+06,6.174267e+10,1.271755e+14,2.573691e+06,4.362105e+10,1.052629e+14,1.271555e+06,1.180195e+10,1.155254e+13,0,22,N,N
1.468952e+06,2.018397e+10,4.422914e+13,3.051271e+06,5.382667e+10,1.291019e+14,2.900237e+06,4.081888e+10,1.074021e+14,1.444660e+06,1.646072e+10,2.196800e+13,0,88,N,N
1.638696e+06,3.392167e+10,1.757673e+14,3.313066e+06,1.213336e+11,3.185828e+14,2.959131e+06,5.840835e+10,1.673371e+14,1.551094e+06,2.184166e+10,6.160721e+13,1,73,N,N
1.423391e+06,1.529235e+10,4.066928e+13,2.259573e+06,9.055193e+10,1.184322e+14,2.386472e+06,7.226628e+10,1.231718e+14,1.269227e+06,1.071020e+10,1.187778e+13,0,38,N,N
1.460960e+06,2.499999e+10,1.045052e+14,2.686305e+06,1.588673e+11,2.289891e+14,2.591714e+06,7.558562e+10,1.578321e+14,1.391226e+06,1.685322e+10,1.890581e+13,3,51,N,N
1.190597e+06,1.480042e+10,4.240153e+13,2.580004e+06,7.877024e+10,1.547695e+14,2.616734e+06,3.641988e+10,7.908989e+13,1.183589e+06,1.180548e+10,1.504225e+13,0,48,N,N
1.628809e+06,2.750065e+10,1.055990e+14,3.095351e+06,1.012709e+11,2.561794e+14,3.213493e+06,7.160558e+10,2.130645e+14,1.502054e+06,2.093652e+10,5.512118e+13,3,98,N,N
8.262440e+05,1.037285e+10,2.980386e+13,2.382627e+06,1.728274e+11,2.315524e+14,2.321839e+06,1.033255e+11,1.776690e+14,7.754733e+05,1.076107e+10,2.625013e+13,1,54,N,N
1.478026e+06,2.304330e+10,6.058365e+13,2.554273e+06,4.654731e+10,1.113449e+14,2.863899e+06,3.441934e+10,8.437545e+13,1.366329e+06,1.642162e+10,1.919461e+13,1,100,N,N
1.393886e+06,1.615852e+10,2.731937e+13,2.668621e+06,5.617250e+10,1.237717e+14,2.639676e+06,4.168120e+10,1.050239e+14,1.450592e+06,1.570832e+10,1.162036e+13,1,0,N,N
1.264646e+06,1.361592e+10,3.290978e+13,2.545494e+06,5.572014e+10,1.385847e+14,2.749491e+06,3.604394e+10,8.307089e+13,1.353493e+06,1.348083e+10,1.124043e+13,1,12,N,N
1.520053e+06,2.505388e+10,1.006341e+14,2.425422e+06,7.778792e+10,1.743413e+14,2.408934e+06,4.585048e+10,1.166752e+14,1.505373e+06,2.031350e+10,5.141247e+13,3,72,N,N
1.410896e+06,2.307585e+10,9.383450e+13,2.499854e+06,1.095970e+11,2.187110e+14,2.496486e+06,5.663243e+10,1.388226e+14,1.317184e+06,1.732871e+10,5.696744e+13,2,85,N,N
1.591329e+06,2.823626e+10,9.527735e+13,3.105218e+06,9.078110e+10,2.533430e+14,3.072738e+06,6.239058e+10,1.789304e+14,1.504608e+06,1.991386e+10,3.960632e+13,0,98,N,N
1.492074e+06,1.870201e+10,5.670422e+13,2.713902e+06,6.545346e+10,1.433138e+14,2.751956e+06,4.476239e+10,1.091713e+14,1.430760e+06,1.468266e+10,2.064223e+13,0,11,N,N
1.436416e+06,2.707973e+10,1.260114e+14,2.416965e+06,1.114671e+11,1.877269e+14,2.487761e+06,6.238715e+10,1.184271e+14,1.251349e+06,1.496621e+10,3.921235e+13,2,50,N,N
1.262589e+06,1.781808e+10,3.748397e+13,2.805135e+06,7.928638e+10,1.808980e+14,2.626085e+06,4.268907e+10,1.048485e+14,1.323991e+06,1.671911e+10,2.092254e+13,1,104,N,N
1.289704e+06,1.480631e+10,3.793608e+13,2.503017e+06,7.004196e+10,1.333282e+14,2.621332e+06,4.204078e+10,9.817564e+13,1.189828e+06,1.190963e+10,1.444073e+13,2,48,N,N
1.448394e+06,1.867924e+10,3.641107e+13,2.910963e+06,4.025855e+10,9.802759e+13,2.996638e+06,2.830068e+10,6.414588e+13,1.472908e+06,1.760283e+10,9.313531e+12,0,49,N,N
1.411261e+06,2.904328e+10,1.428546e+14,2.670554e+06,1.279644e+11,2.371854e+14,2.600507e+06,6.540014e+10,1.298494e+14,1.265585e+06,1.617928e+10,4.803481e+13,1,50,N,N
1.668178e+06,4.236208e+10,2.585636e+14,2.746990e+06,1.152713e+11,2.474422e+14,2.837209e+06,6.804022e+10,1.821271e+14,1.489659e+06,1.997208e+10,4.818978e+13,3,47,N,N
1.377752e+06,1.643452e+10,3.291847e+13,2.508877e+06,5.817517e+10,1.108854e+14,2.695911e+06,4.232436e+10,9.368902e+13,1.235141e+06,1.227375e+10,1.167337e+13,2,52,N,N
1.355412e+06,2.267485e+10,9.373183e+13,2.568226e+06,7.295789e+10,1.806485e+14,2.633027e+06,4.741784e+10,1.198897e+14,1.324188e+06,1.457641e+10,3.195631e+13,2,90,N,N
1.421414e+06,1.535383e+10,3.930681e+13,2.443671e+06,6.903917e+10,1.097389e+14,2.685626e+06,4.181277e+10,8.055450e+13,1.235995e+06,1.060084e+10,8.944472e+12,2,58,N,N
1.395895e+06,2.000499e+10,7.008553e+13,2.419435e+06,6.336935e+10,1.201056e+14,2.632138e+06,3.848623e+10,7.898960e+13,1.319194e+06,1.511092e+10,2.002687e+13,3,69,N,N
1.367916e+06,1.552164e+10,2.356528e+13,2.672490e+06,4.974280e+10,9.893354e+13,2.554786e+06,3.286652e+10,7.012503e+13,1.349573e+06,1.369161e+10,9.398106e+12,2,63,N,N
1.671657e+06,3.231077e+10,1.337555e+14,3.230007e+06,1.024845e+11,2.617545e+14,3.245464e+06,7.445548e+10,1.972294e+14,1.569827e+06,2.385438e+10,7.047138e+13,2,98,N,N
1.276682e+06,2.347557e+10,1.001090e+14,2.376254e+06,1.316402e+11,2.830849e+14,2.548369e+06,8.437070e+10,1.913251e+14,1.175990e+06,1.876607e+10,5.673370e+13,1,40,N,N
1.496485e+06,2.466131e+10,9.978121e+13,2.430701e+06,1.103572e+11,2.119392e+14,2.505907e+06,5.109443e+10,1.169694e+14,1.436103e+06,2.113077e+10,7.780130e+13,3,85,N,N
1.465526e+06,1.809856e+10,5.434376e+13,2.517556e+06,9.958120e+10,1.691047e+14,2.649060e+06,6.585547e+10,1.238761e+14,1.397468e+06,1.422208e+10,3.354779e+13,3,78,N,N
1.441855e+06,2.044633e+10,4.423908e+13,3.029690e+06,4.333693e+10,1.080311e+14,2.958276e+06,3.173598e+10,7.748773e+13,1.448589e+06,1.759818e+10,1.050627e+13,1,49,N,N
1.419685e+06,2.120161e+10,6.444882e+13,2.562319e+06,7.946610e+10,1.877429e+14,2.396850e+06,4.651931e+10,1.195419e+14,1.396719e+06,1.857402e+10,3.344953e+13,1,72,N,N
1.583535e+06,2.193346e+10,7.117441e+13,2.592139e+06,1.356067e+11,2.550744e+14,2.634575e+06,7.642757e+10,1.503773e+14,1.402428e+06,1.651535e+10,3.509720e+13,0,24,N,N
1.465314e+06,2.018208e+10,5.818564e+13,2.544187e+06,6.874489e+10,1.516423e+14,2.522065e+06,4.747612e+10,1.135090e+14,1.332759e+06,1.542959e+10,2.067272e+13,1,45,N,N
1.391748e+06,2.471115e+10,1.084970e+14,2.467392e+06,1.547469e+11,2.417590e+14,2.645367e+06,7.731947e+10,1.468832e+14,1.398338e+06,1.809713e+10,2.431073e+13,0,51,N,N
1.387153e+06,1.932073e+10,4.253289e+13,2.655562e+06,5.289116e+10,1.348507e+14,2.712849e+06,3.145159e+10,7.551511e+13,1.309130e+06,1.518146e+10,1.480734e+13,0,100,N,N
1.169381e+06,1.417934e+10,3.302195e+13,2.450184e+06,7.437629e+10,1.487555e+14,2.398889e+06,5.070048e+10,9.875335e+13,1.126558e+06,1.317007e+10,2.236585e+13,1,96,N,N
1.367848e+06,2.082185e+10,7.729670e+13,2.532928e+06,7.168780e+10,1.522041e+14,2.684577e+06,4.924256e+10,1.075307e+14,1.259227e+06,1.238053e+10,1.986438e+13,3,82,N,N
1.342534e+06,2.447952e+10,1.111872e+14,2.395319e+06,9.769839e+10,1.647685e+14,2.550362e+06,6.526298e+10,1.254229e+14,1.263852e+06,1.493231e+10,4.086565e+13,3,50,N,N
1.306606e+06,1.930232e+10,4.222470e+13,2.641236e+06,6.486298e+10,1.584115e+14,2.694643e+06,5.648757e+10,1.497432e+14,1.218101e+06,1.581561e+10,2.276566e+13,3,89,N,N
1.376928e+06,2.511458e+10,1.144164e+14,2.747117e+06,9.327123e+10,2.088639e+14,2.745818e+06,5.015947e+10,1.215728e+14,1.297147e+06,1.317451e+10,2.210098e+13,2,82,N,N
1.518075e+06,4.045847e+10,2.387717e+14,2.691230e+06,1.308172e+11,2.540711e+14,2.659331e+06,6.552526e+10,1.473415e+14,1.385458e+06,2.470634e+10,1.105833e+14,0,55,N,N
1.426695e+06,2.432575e+10,9.787787e+13,2.622514e+06,6.569921e+10,1.913152e+14,2.734283e+06,4.484179e+10,1.258172e+14,1.320090e+06,1.552863e+10,2.469534e+13,0,20,N,N
1.388767e+06,2.391308e+10,9.591595e+13,2.609484e+06,7.850789e+10,1.761848e+14,2.537381e+06,5.182973e+10,1.249188e+14,1.344474e+06,1.437385e+10,3.410184e+13,0,36,N,N
1.590723e+06,2.210905e+10,7.365706e+13,2.760566e+06,5.936984e+10,1.287080e+14,2.918732e+06,4.095813e+10,8.628969e+13,1.462088e+06,1.424022e+10,2.403648e+13,0,56,N,N
1.346516e+06,1.451699e+10,3.839770e+13,2.244521e+06,1.074339e+11,1.886153e+14,2.327621e+06,5.903846e+10,1.124670e+14,1.240893e+06,1.026750e+10,1.703511e+13,1,94,N,N
1.349152e+06,1.526820e+10,2.056024e+13,2.464577e+06,1.015933e+11,1.657022e+14,2.257613e+06,5.797589e+10,1.034226e+14,1.141056e+06,9.945908e+09,8.463483e+12,2,91,N,N
1.515351e+06,2.881970e+10,1.239947e+14,2.993645e+06,8.962216e+10,2.253315e+14,2.898873e+06,7.153936e+10,1.958604e+14,1.474428e+06,2.225564e+10,4.719465e+13,1,70,N,N
1.342012e+06,2.684390e+10,1.333627e+14,2.656803e+06,1.255211e+11,2.287509e+14,2.515419e+06,6.724676e+10,1.481478e+14,1.306606e+06,1.430442e+10,3.121917e+13,0,44,N,N
1.251221e+06,1.534814e+10,4.661344e+13,2.294176e+06,1.019330e+11,1.652038e+14,2.146695e+06,6.055059e+10,1.053002e+14,1.237299e+06,1.118848e+10,2.236083e+13,3,94,N,N
1.664082e+06,3.099018e+10,1.334627e+14,2.993353e+06,8.832202e+10,2.188524e+14,2.914631e+06,4.617519e+10,1.150941e+14,1.445237e+06,2.008965e+10,1.943100e+13,1,79,N,N
1.539501e+06,1.999760e+10,5.636620e+13,2.889337e+06,5.555268e+10,1.258948e+14,2.822147e+06,4.244651e+10,9.724657e+13,1.394952e+06,1.407984e+10,2.736126e+13,3,56,N,N
1.348087e+06,2.542272e+10,1.169670e+14,2.606037e+06,9.258576e+10,2.325028e+14,2.903967e+06,7.267139e+10,1.985279e+14,1.403080e+06,1.966483e+10,3.992708e+13,3,70,N,N
1.435292e+06,1.914822e+10,4.437989e+13,2.906624e+06,5.427123e+10,1.343923e+14,2.818414e+06,4.127732e+10,1.012549e+14,1.451121e+06,1.674726e+10,2.505134e+13,3,88,N,N
1.312272e+06,1.576310e+10,4.366518e+13,2.529383e+06,8.447927e+10,1.607540e+14,2.637122e+06,3.937155e+10,8.986034e+13,1.194565e+06,1.266989e+10,8.367891e+12,3,71,N,N
1.447485e+06,1.783871e+10,2.854812e+13,2.799525e+06,3.935975e+10,9.140534e+13,2.691647e+06,3.098900e+10,7.579593e+13,1.256788e+06,1.442837e+10,8.603859e+12,0,74,N,N
1.134937e+06,2.689985e+10,1.540985e+14,2.275958e+06,1.441579e+11,2.332847e+14,2.339141e+06,9.675594e+10,1.697797e+14,1.071415e+06,1.725827e+10,6.984803e+13,0,17,N,N
1.505665e+06,2.298888e+10,7.798857e+13,2.497557e+06,1.325552e+11,1.963994e+14,2.747020e+06,6.952749e+10,1.381528e+14,1.357185e+06,1.549520e+10,1.252999e+13,1,51,N,N
1.524633e+06,1.785205e+10,5.112138e+13,2.493856e+06,1.046922e+11,1.651736e+14,2.493276e+06,6.539803e+10,1.210177e+14,1.356357e+06,1.018791e+10,1.479128e+13,1,64,N,N
1.341732e+06,1.470968e+10,1.710174e+13,2.624164e+06,8.270547e+10,1.192414e+14,2.532898e+06,5.681275e+10,1.062517e+14,1.194911e+06,1.179918e+10,6.012818e+12,2,77,N,N
1.511612e+06,2.635914e+10,1.142454e+14,2.485861e+06,1.460485e+11,2.387813e+14,2.417076e+06,5.782538e+10,1.139767e+14,1.403379e+06,2.413865e+10,1.026264e+14,1,85,N,N
1.416032e+06,1.571273e+10,4.108599e+13,2.155240e+06,8.419532e+10,1.108672e+14,2.289169e+06,7.056620e+10,1.189459e+14,1.275327e+06,9.733464e+09,1.043635e+13,1,38,N,N
1.309569e+06,1.503743e+10,2.828039e+13,2.441873e+06,9.949105e+10,1.643014e+14,2.239571e+06,6.634170e+10,1.138979e+14,1.313013e+06,1.131149e+10,1.284906e+13,1,91,N,N
1.379171e+06,1.992601e+10,5.396870e+13,2.761232e+06,4.852819e+10,1.143406e+14,2.626195e+06,3.546368e+10,9.049993e+13,1.350708e+06,1.612481e+10,1.923672e+13,3,100,N,N
1.525488e+06,2.520194e+10,1.039712e+14,2.442508e+06,1.028153e+11,1.727828e+14,2.546419e+06,6.369530e+10,1.350702e+14,1.437734e+06,1.373890e+10,2.359112e+13,0,10,N,N
1.626857e+06,2.490028e+10,8.929019e+13,2.794328e+06,9.575020e+10,2.461306e+14,2.703689e+06,5.660671e+10,1.471490e+14,1.377242e+06,1.572423e+10,3.061039e+13,1,99,N,N
1.247569e+06,1.243515e+10,1.380798e+13,2.519761e+06,6.304402e+10,1.314702e+14,2.501239e+06,4.115618e+10,9.041803e+13,1.157422e+06,1.268742e+10,4.469074e+12,1,83,N,N
1.333668e+06,1.932610e+10,5.893732e+13,2.825178e+06,7.336792e+10,1.834071e+14,2.748634e+06,4.540998e+10,1.149696e+14,1.344022e+06,1.750887e+10,3.192825e+13,0,28,N,N
1.442045e+06,2.146880e+10,7.588440e+13,2.721262e+06,1.079915e+11,2.140227e+14,2.696086e+06,7.966663e+10,1.767254e+14,1.378738e+06,1.725828e+10,4.038688e+13,3,59,N,N
1.432231e+06,2.796419e+10,1.173843e+14,2.830872e+06,8.279897e+10,2.248324e+14,2.782642e+06,4.862596e+10,1.329788e+14,1.372724e+06,2.131479e+10,5.787776e+13,0,101,N,N
6.447576e+05,1.516345e+10,8.133587e+13,1.775697e+06,1.776697e+11,2.230165e+14,1.755713e+06,9.396104e+10,1.457120e+14,7.786873e+05,1.450845e+10,6.541338e+13,0,2,N,N
1.687574e+06,2.919568e+10,1.242038e+14,2.787707e+06,1.030345e+11,2.314009e+14,2.693593e+06,5.096782e+10,1.357244e+14,1.428944e+06,1.820795e+10,3.348239e+13,2,99,N,N
1.507053e+06,2.223174e+10,7.369129e+13,2.728558e+06,7.847540e+10,1.792648e+14,2.649714e+06,4.664996e+10,1.094955e+14,1.268130e+06,1.223992e+10,2.012208e+13,0,14,N,N
1.513856e+06,1.608739e+10,2.452462e+13,2.768057e+06,4.190507e+10,8.844879e+13,2.689560e+06,3.504093e+10,8.126097e+13,1.470195e+06,1.585891e+10,2.057750e+13,1,84,N,N
1.319583e+06,1.639818e+10,3.227322e+13,2.547517e+06,8.355052e+10,1.727684e+14,2.495808e+06,4.797449e+10,9.818602e+13,1.273729e+06,1.215948e+10,1.952528e+13,3,92,N,N
1.645543e+06,2.242359e+10,4.870920e+13,2.942885e+06,4.127461e+10,1.003028e+14,3.183386e+06,3.228348e+10,7.585608e+13,1.486509e+06,2.021024e+10,1.103493e+13,3,49,N,N
1.192479e+06,2.795089e+10,1.652701e+14,2.653995e+06,1.847292e+11,3.997380e+14,2.543507e+06,9.483248e+10,2.255146e+14,1.194939e+06,2.249813e+10,9.713615e+13,0,40,N,N
1.300800e+06,1.423587e+10,2.241295e+13,2.746021e+06,6.973911e+10,1.307189e+14,2.678898e+06,4.562622e+10,9.884028e+13,1.268591e+06,1.400919e+10,1.260923e+13,2,57,N,N
1.321743e+06,2.952924e+10,1.619656e+14,2.711838e+06,7.717712e+10,2.337029e+14,2.870572e+06,5.075321e+10,1.493966e+14,1.376059e+06,2.084194e+10,7.295031e+13,0,95,N,N
1.276843e+06,2.257687e+10,9.363389e+13,2.825494e+06,9.359105e+10,2.113785e+14,2.881858e+06,5.844075e+10,1.482554e+14,1.308067e+06,1.990963e+10,4.165423e+13,2,60,N,N
1.751106e+06,4.245046e+10,2.290373e+14,3.257637e+06,1.488940e+11,3.620019e+14,3.078204e+06,6.717092e+10,1.853702e+14,1.556546e+06,2.482593e+10,8.246825e+13,2,73,N,N
9.976099e+05,5.211622e+10,4.675630e+14,2.654854e+06,2.826650e+11,6.594996e+14,2.730103e+06,1.577521e+11,4.529686e+14,1.209717e+06,3.560650e+10,2.422734e+14,3,67,N,N
1.560498e+06,3.056761e+10,1.486583e+14,2.906651e+06,8.803574e+10,1.986665e+14,2.944160e+06,5.723145e+10,1.424854e+14,1.483874e+06,2.032523e+10,3.391061e+13,2,70,N,N
1.400914e+06,1.813360e+10,4.944446e+13,2.612516e+06,6.952294e+10,1.361271e+14,2.737616e+06,4.278415e+10,9.204417e+13,1.345202e+06,1.541531e+10,1.921600e+13,3,52,N,N
1.468777e+06,1.943876e+10,4.447929e+13,2.605772e+06,5.765443e+10,1.282754e+14,2.820084e+06,3.973482e+10,9.501288e+13,1.263722e+06,1.438388e+10,1.287897e+13,1,43,N,N
1.353113e+06,3.325352e+10,1.864337e+14,2.600957e+06,8.297040e+10,2.512837e+14,2.739861e+06,5.458120e+10,1.554948e+14,1.368980e+06,2.217893e+10,8.779760e+13,1,95,N,N
1.439128e+06,1.883532e+10,5.067505e+13,2.472289e+06,5.420988e+10,1.194380e+14,2.611758e+06,4.268410e+10,1.040613e+14,1.216940e+06,1.341884e+10,8.159897e+12,0,62,N,N
1.404775e+06,1.686582e+10,4.009543e+13,2.616991e+06,1.253658e+11,2.066525e+14,2.610574e+06,8.538375e+10,1.460856e+14,1.316392e+06,1.058824e+10,1.506715e+13,0,9,N,N
1.432283e+06,3.358609e+10,1.801553e+14,2.763682e+06,1.507232e+11,2.693872e+14,2.715110e+06,7.295306e+10,1.616746e+14,1.516628e+06,2.033981e+10,5.415550e+13,3,87,N,N
1.253383e+06,1.801668e+10,4.148921e+13,2.791334e+06,4.880163e+10,1.480795e+14,2.800866e+06,3.605330e+10,1.017594e+14,1.271735e+06,1.663393e+10,2.103507e+13,3,86,N,N
1.226500e+06,3.807067e+10,2.480489e+14,2.344460e+06,2.019048e+11,3.846191e+14,2.255100e+06,9.033033e+10,1.728519e+14,1.109091e+06,2.203688e+10,1.102939e+14,1,81,N,N
1.492178e+06,1.281464e+10,2.018056e+13,2.478388e+06,7.726834e+10,1.149706e+14,2.388936e+06,6.435754e+10,1.187396e+14,1.358728e+06,1.048570e+10,7.596162e+12,2,66,N,N
1.111789e+06,2.580320e+10,1.240730e+14,2.752708e+06,1.922881e+11,3.582029e+14,2.579199e+06,7.098620e+10,1.409262e+14,1.340469e+06,1.573831e+10,3.479745e+13,0,33,N,N
1.114271e+06,1.023526e+10,1.200325e+13,2.239079e+06,5.919852e+10,9.869187e+13,2.243898e+06,5.692732e+10,1.019952e+14,1.005529e+06,8.889482e+09,6.650197e+12,0,53,N,N
1.454027e+06,2.359588e+10,9.382412e+13,2.689231e+06,1.282083e+11,2.685450e+14,2.692510e+06,7.357751e+10,1.534975e+14,1.397033e+06,2.067735e+10,6.328116e+13,2,59,N,N
1.454834e+06,2.303646e+10,9.012729e+13,2.662206e+06,9.904448e+10,2.354410e+14,2.722703e+06,7.146045e+10,1.632237e+14,1.257498e+06,1.281455e+10,2.783466e+13,0,16,N,N
1.439467e+06,1.733254e+10,3.065631e+13,2.880921e+06,4.714203e+10,1.048773e+14,2.857882e+06,3.054369e+10,6.880602e+13,1.253663e+06,1.565474e+10,7.592285e+12,2,74,N,N
1.196072e+06,1.264380e+10,1.312446e+13,2.489252e+06,5.646365e+10,1.297705e+14,2.245607e+06,3.976700e+10,8.946425e+13,1.145605e+06,1.019719e+10,9.753441e+12,3,102,N,N
1.340841e+06,1.804431e+10,5.614153e+13,2.465197e+06,5.588248e+10,1.047640e+14,2.545754e+06,3.921368e+10,9.336520e+13,1.301891e+06,1.411023e+10,1.761591e+13,1,69,N,N
1.317570e+06,2.086870e+10,3.626017e+13,2.663904e+06,4.329038e+10,1.268899e+14,2.680038e+06,3.395915e+10,9.392614e+13,1.246803e+06,1.563675e+10,1.902176e+13,0,86,N,N
1.384666e+06,1.994615e+10,3.725627e+13,2.842970e+06,7.924533e+10,1.914433e+14,2.800802e+06,4.914164e+10,1.278402e+14,1.236672e+06,1.427202e+10,1.722218e+13,0,104,N,N
1.391403e+06,1.583844e+10,4.033172e+13,2.717978e+06,5.686115e+10,1.329632e+14,2.532429e+06,3.570559e+10,8.543086e+13,1.272749e+06,1.304062e+10,1.177064e+13,0,12,N,N
8.280915e+05,9.944870e+09,2.626061e+13,2.320222e+06,1.606773e+11,2.258811e+14,2.282730e+06,1.163807e+11,1.952260e+14,7.319431e+05,1.005291e+10,2.454398e+13,0,54,N,N
1.475479e+06,1.620813e+10,2.485404e+13,2.709025e+06,4.136621e+10,9.670068e+13,2.815226e+06,2.962234e+10,6.844104e+13,1.299742e+06,1.490451e+10,8.688561e+12,1,74,N,N
1.442502e+06,1.607742e+10,2.659493e+13,2.468876e+06,6.117740e+10,1.185536e+14,2.416462e+06,3.950901e+10,8.127182e+13,1.218300e+06,1.174808e+10,4.456080e+12,2,83,N,N
1.253707e+06,1.507451e+10,3.256923e+13,2.426704e+06,7.680830e+10,1.524211e+14,2.443513e+06,4.655273e+10,9.814561e+13,1.234901e+06,1.245933e+10,2.109165e+13,1,92,N,N
1.434673e+06,3.130829e+10,1.564596e+14,2.820440e+06,8.880962e+10,2.387019e+14,2.735284e+06,5.431463e+10,1.552134e+14,1.345174e+06,2.163444e+10,7.175264e+13,3,101,N,N
1.533552e+06,2.142061e+10,7.295333e+13,3.066501e+06,6.543338e+10,1.529895e+14,3.083126e+06,5.068595e+10,1.086016e+14,1.440929e+06,1.488874e+10,2.870297e+13,1,56,N,N
1.467083e+06,2.234870e+10,7.009192e+13,2.447827e+06,8.711997e+10,1.827992e+14,2.415733e+06,6.372165e+10,1.612958e+14,1.339060e+06,1.602920e+10,2.940544e+13,0,25,N,N
1.329638e+06,1.571669e+10,3.931125e+13,2.543830e+06,8.376796e+10,1.548150e+14,2.637318e+06,3.818976e+10,8.651149e+13,1.235885e+06,1.362556e+10,9.334382e+12,2,71,N,N
1.460035e+06,1.445025e+10,3.552055e+13,2.486030e+06,1.237000e+11,1.829941e+14,2.170209e+06,5.030928e+10,7.629493e+13,1.322340e+06,1.011217e+10,9.449697e+12,1,75,N,N
1.433762e+06,2.859467e+10,1.341995e+14,2.835103e+06,8.944846e+10,2.557109e+14,2.839873e+06,5.126787e+10,1.481050e+14,1.340415e+06,2.155485e+10,6.763278e+13,1,101,N,N
1.539525e+06,2.705721e+10,9.170260e+13,3.027237e+06,8.093381e+10,2.045532e+14,2.915776e+06,5.554938e+10,1.454499e+14,1.433449e+06,2.108906e+10,5.339540e+13,0,23,N,N
1.215537e+06,1.401978e+10,3.651644e+13,2.362813e+06,1.180237e+11,2.104899e+14,2.287082e+06,5.033163e+10,1.060776e+14,1.148716e+06,1.078518e+10,5.282189e+12,0,37,N,N
1.399449e+06,2.497396e+10,1.117832e+14,2.605306e+06,1.195810e+11,2.707966e+14,2.369735e+06,4.820458e+10,9.601808e+13,1.399348e+06,1.788319e+10,5.704748e+13,0,85,N,N
1.194385e+06,1.419303e+10,2.918347e+13,2.390004e+06,7.118691e+10,1.501224e+14,2.334425e+06,4.776865e+10,9.707926e+13,1.097724e+06,1.192154e+10,1.591275e+13,0,96,N,N
1.539366e+06,1.979865e+10,6.283136e+13,2.533553e+06,9.818326e+10,1.553084e+14,2.539265e+06,6.767529e+10,1.390208e+14,1.322694e+06,1.135638e+10,2.264056e+13,0,78,N,N
1.573309e+06,1.991033e+10,6.150728e+13,2.828887e+06,6.029333e+10,1.332325e+14,2.904178e+06,4.052721e+10,8.816245e+13,1.537880e+06,1.558597e+10,2.487713e+13,2,56,N,N
1.407932e+06,1.790709e+10,4.937384e+13,2.499817e+06,5.165392e+10,1.092588e+14,2.578626e+06,3.802235e+10,8.713874e+13,1.273078e+06,1.269416e+10,1.409801e+13,0,69,N,N
1.329665e+06,1.424562e+10,2.749042e+13,2.701910e+06,6.884730e+10,1.504251e+14,2.715451e+06,4.988560e+10,1.202175e+14,1.279354e+06,1.157463e+10,1.233094e+13,3,57,N,N
1.334618e+06,1.351316e+10,1.650525e+13,2.664192e+06,6.456242e+10,1.232687e+14,2.719674e+06,5.216102e+10,1.077361e+14,1.330101e+06,1.425357e+10,1.302120e+13,1,57,N,N
1.306851e+06,1.910664e+10,4.064931e+13,2.560439e+06,6.294938e+10,1.479498e+14,2.585169e+06,4.879733e+10,1.209934e+14,1.291124e+06,1.752534e+10,2.809057e+13,2,89,N,N
1.288063e+06,1.438482e+10,3.968655e+13,2.472026e+06,1.141338e+11,1.905843e+14,2.359884e+06,6.090407e+10,1.152381e+14,1.219260e+06,1.012203e+10,1.726723e+13,0,94,N,N
1.695034e+06,3.951094e+10,2.265934e+14,2.949934e+06,1.051253e+11,2.928009e+14,2.712867e+06,5.470691e+10,1.539943e+14,1.305573e+06,1.683712e+10,1.988093e+13,0,79,N,N
1.389651e+06,2.927239e+10,1.518691e+14,2.701333e+06,1.213502e+11,2.676111e+14,2.827580e+06,9.381788e+10,2.379361e+14,1.293464e+06,1.893027e+10,6.663130e+13,0,21,N,N
1.377739e+06,2.004216e+10,7.235206e+13,2.568766e+06,7.615912e+10,1.637748e+14,2.668936e+06,4.694572e+10,1.064736e+14,1.232851e+06,1.221487e+10,1.738967e+13,0,82,N,N
1.446772e+06,1.562559e+10,2.285250e+13,2.568542e+06,5.996597e+10,1.089659e+14,2.484770e+06,4.519221e+10,1.001164e+14,1.199360e+06,1.285090e+10,4.974262e+12,0,83,N,N
1.161848e+06,1.400116e+10,3.759220e+13,2.712642e+06,8.311207e+10,1.726585e+14,2.541373e+06,4.392975e+10,1.003377e+14,1.124456e+06,1.176551e+10,1.649039e+13,1,48,N,N
1.518333e+06,1.766902e+10,3.065106e+13,2.724437e+06,4.738957e+10,1.111550e+14,2.598951e+06,3.893971e+10,8.465509e+13,1.390304e+06,1.381261e+10,1.967924e+13,3,84,N,N
1.343469e+06,2.071738e+10,5.562644e+13,2.663094e+06,7.144081e+10,1.754213e+14,2.617876e+06,4.369723e+10,1.114435e+14,1.306087e+06,1.575867e+10,1.895903e+13,0,60,N,N
1.329534e+06,2.179078e+10,6.445300e+13,2.819162e+06,7.968305e+10,1.840331e+14,2.731772e+06,4.759749e+10,1.186095e+14,1.302825e+06,1.688961e+10,2.825725e+13,3,60,N,N
1.487839e+06,3.805107e+10,2.106130e+14,2.702562e+06,9.659671e+10,2.462444e+14,2.653173e+06,5.702582e+10,1.765006e+14,1.337100e+06,1.927184e+10,6.807866e+13,0,13,N,N
1.699444e+06,3.564490e+10,1.813249e+14,2.890783e+06,8.370795e+10,1.699782e+14,2.566660e+06,3.778952e+10,8.350567e+13,1.530717e+06,1.963273e+10,5.178623e+13,0,30,N,N
1.205655e+06,3.496124e+10,2.207084e+14,2.142973e+06,1.686536e+11,2.896236e+14,2.209409e+06,9.505083e+10,2.025680e+14,1.114763e+06,2.220612e+10,1.114042e+14,3,81,N,N
1.544745e+06,1.630234e+10,2.775052e+13,2.653007e+06,6.064438e+10,1.304860e+14,2.693641e+06,3.583934e+10,8.649476e+13,1.423924e+06,1.255942e+10,1.021620e+13,3,63,N,N
1.594077e+06,1.779869e+10,4.824366e+13,2.605455e+06,1.116556e+11,1.723819e+14,2.458654e+06,5.774087e+10,1.009375e+14,1.466663e+06,1.179993e+10,1.931101e+13,2,64,N,N
1.393253e+06,1.831416e+10,5.398994e+13,2.575691e+06,6.036628e+10,1.262047e+14,2.756415e+06,4.264705e+10,9.709293e+13,1.375664e+06,1.555078e+10,2.032906e+13,2,69,N,N
1.322143e+06,1.480678e+10,4.014002e+13,2.558621e+06,5.460428e+10,1.254891e+14,2.717236e+06,3.389826e+10,8.233018e+13,1.257510e+06,1.338681e+10,1.008544e+13,2,12,N,N
1.513480e+06,2.166910e+10,7.749571e+13,2.394299e+06,1.097956e+11,1.916336e+14,2.398465e+06,5.683201e+10,1.151293e+14,1.436077e+06,1.438950e+10,1.949016e+13,1,10,N,N
1.416647e+06,1.932325e+10,4.759497e+13,2.707648e+06,6.069800e+10,1.418715e+14,2.855123e+06,4.045706e+10,9.851819e+13,1.274817e+06,1.500049e+10,1.236532e+13,0,43,N,N
9.326187e+05,3.963777e+10,3.405366e+14,2.614547e+06,2.647166e+11,5.836175e+14,2.630508e+06,1.422039e+11,3.784880e+14,1.145858e+06,2.784422e+10,1.629974e+14,0,67,N,N
1.156954e+06,1.149989e+10,1.749331e+13,2.215266e+06,5.925250e+10,9.706094e+13,2.229797e+06,5.157255e+10,8.797933e+13,1.106022e+06,9.152448e+09,6.867925e+12,2,53,N,N
1.652732e+06,3.245400e+10,1.354850e+14,2.512165e+06,7.560823e+10,1.561765e+14,2.669134e+06,4.015591e+10,8.871529e+13,1.455858e+06,1.492027e+10,2.869293e+13,3,65,N,N
9.339963e+05,2.748774e+10,1.931738e+14,2.977345e+06,2.312008e+11,5.488834e+14,2.717974e+06,9.257317e+10,2.720435e+14,1.084538e+06,2.445575e+10,1.378126e+14,3,76,N,N
1.278836e+06,1.371149e+10,1.820590e+13,2.581283e+06,6.417607e+10,1.378449e+14,2.324428e+06,4.366477e+10,9.975234e+13,1.151416e+06,1.036088e+10,1.136612e+13,1,102,N,N
1.684232e+06,3.974080e+10,2.211189e+14,3.029820e+06,1.208423e+11,3.158261e+14,3.082364e+06,6.589067e+10,1.832691e+14,1.630302e+06,2.406627e+10,7.945861e+13,0,73,N,N
