4.355787e+06,5.638720e+11,-3.599970e+14,1.204737e+07,2.491315e+12,6.313348e+16,1.153521e+07,1.867393e+12,2.483450e+16,4.492235e+06,5.590188e+11,6.058260e+14,2,76,N,N
4.403396e+06,4.333711e+11,1.140890e+15,7.897109e+06,1.266678e+12,3.634226e+16,7.772605e+06,1.052283e+12,2.730217e+16,4.480639e+06,4.262665e+11,2.179296e+15,1,41,N,N
4.093756e+06,4.141218e+11,1.526869e+15,8.188268e+06,1.134878e+12,2.760785e+16,8.398558e+06,9.487779e+11,1.913785e+16,3.843092e+06,3.821431e+11,2.002006e+15,0,46,N,N
3.617835e+06,3.325096e+11,1.809607e+15,6.848140e+06,1.184148e+12,3.110393e+16,7.645880e+06,9.467305e+11,2.302088e+16,3.548666e+06,3.168997e+11,2.116492e+15,2,96,N,N
4.183574e+06,4.021342e+11,3.164571e+15,8.104759e+06,1.363236e+12,3.674915e+16,7.906910e+06,1.003153e+12,2.221396e+16,3.679693e+06,3.238602e+11,2.266073e+15,0,58,N,N
4.594310e+06,4.914818e+11,-2.116906e+15,8.890150e+06,8.988785e+11,9.291353e+15,9.431733e+06,8.846140e+11,4.034026e+15,4.084929e+06,4.068047e+11,2.397720e+15,1,103,N,N
5.255970e+06,7.387773e+11,4.203913e+15,8.867321e+06,1.327162e+12,3.163571e+16,8.612774e+06,9.024550e+11,1.182101e+16,4.392729e+06,5.552692e+11,1.011981e+16,2,55,N,N
4.456982e+06,4.746674e+11,2.853043e+15,8.498021e+06,1.019272e+12,2.441913e+16,8.283542e+06,9.874294e+11,2.235845e+16,4.178105e+06,4.200745e+11,2.850117e+15,2,84,N,N
5.141496e+06,6.356090e+11,3.509684e+15,9.238949e+06,1.132554e+12,2.684846e+16,9.204262e+06,1.020570e+12,1.968173e+16,4.503821e+06,4.507998e+11,3.162596e+15,0,29,N,N
4.432661e+06,4.448407e+11,1.511024e+15,8.322270e+06,1.109321e+12,2.461546e+16,7.917080e+06,8.458274e+11,1.395095e+16,4.072808e+06,3.776586e+11,2.464332e+15,0,52,N,N
5.593261e+06,9.916889e+11,-5.613979e+14,8.476483e+06,7.703863e+11,7.834880e+15,8.959656e+06,6.690684e+11,-5.948308e+15,4.469479e+06,5.097665e+11,4.855829e+15,2,80,N,N
4.987163e+06,6.476775e+11,3.291129e+15,8.428822e+06,9.796748e+11,2.115242e+16,8.249358e+06,7.499851e+11,1.144149e+16,4.419101e+06,4.751713e+11,4.895054e+15,2,65,N,N
5.035357e+06,6.711939e+11,6.260862e+15,8.683490e+06,1.377548e+12,3.242726e+16,8.658268e+06,1.032772e+12,1.758060e+16,4.663643e+06,6.043048e+11,9.809630e+15,3,55,N,N
3.772579e+06,3.550225e+11,2.125115e+15,7.533346e+06,1.075671e+12,2.727914e+16,7.400610e+06,1.029816e+12,2.692093e+16,3.449702e+06,2.816792e+11,1.372829e+15,3,68,N,N
5.158640e+06,6.818545e+11,4.694150e+15,8.751165e+06,1.430961e+12,3.910334e+16,8.655646e+06,1.082562e+12,2.160634e+16,4.960062e+06,6.364526e+11,7.944586e+15,0,47,N,N
3.789797e+06,3.561920e+11,1.321540e+15,7.780391e+06,9.233509e+11,1.705228e+16,8.006160e+06,9.296705e+11,1.896467e+16,3.695873e+06,3.429325e+11,1.784626e+15,0,15,N,N
3.165417e+06,2.885106e+11,-5.173754e+14,8.927712e+06,1.560575e+12,4.252180e+16,8.896744e+06,1.037300e+12,1.608241e+16,3.834609e+06,3.805560e+11,2.457317e+15,1,76,N,N
4.164718e+06,3.739378e+11,1.814082e+15,7.951501e+06,1.495933e+12,4.242115e+16,6.835425e+06,1.070682e+12,2.488142e+16,4.141392e+06,3.648634e+11,3.170924e+15,3,91,N,N
3.180833e+06,2.801317e+11,-2.194182e+15,9.766526e+06,1.554086e+12,3.423882e+16,8.941980e+06,1.040286e+12,1.577043e+16,3.451654e+06,3.211576e+11,1.678888e+14,0,76,N,N
4.214964e+06,4.061648e+11,2.613057e+14,7.712884e+06,7.575866e+11,1.315061e+16,7.836147e+06,8.133572e+11,1.321263e+16,3.981714e+06,3.784528e+11,1.220126e+15,1,62,N,N
4.856672e+06,5.315451e+11,7.066643e+15,7.020430e+06,1.457349e+12,4.000717e+16,6.319693e+06,9.597552e+11,2.363711e+16,4.072197e+06,3.333765e+11,3.839510e+15,0,75,N,N
5.036963e+06,6.443922e+11,4.855696e+15,8.270527e+06,1.305789e+12,2.867940e+16,8.328387e+06,8.724876e+11,1.059985e+16,4.609470e+06,5.631900e+11,9.695416e+15,1,55,N,N
3.789167e+06,3.583758e+11,1.917233e+15,7.082272e+06,1.231974e+12,3.407036e+16,7.279433e+06,9.670311e+11,2.370611e+16,3.499018e+06,3.042771e+11,2.175627e+15,3,96,N,N
4.138908e+06,3.725646e+11,7.592924e+14,8.464700e+06,1.216358e+12,3.075308e+16,8.123631e+06,9.882477e+11,2.057245e+16,3.829152e+06,3.227660e+11,6.937186e+14,0,57,N,N
4.093287e+06,3.992547e+11,2.669745e+14,8.290821e+06,8.942202e+11,1.273960e+16,7.797488e+06,7.219225e+11,7.747397e+15,4.018988e+06,3.636510e+11,1.305695e+15,1,82,N,N
3.825269e+06,3.778219e+11,5.086314e+15,7.322674e+06,1.599082e+12,5.005183e+16,7.223724e+06,1.051661e+12,2.770546e+16,3.858671e+06,3.706971e+11,5.225232e+15,0,39,N,N
4.136449e+06,3.550658e+11,2.251879e+15,7.283521e+06,1.321417e+12,3.350952e+16,8.195461e+06,1.098724e+12,2.669781e+16,3.826005e+06,3.215805e+11,2.073525e+15,1,66,N,N
3.867045e+06,3.745358e+11,1.674529e+15,8.362761e+06,1.122290e+12,2.657418e+16,8.485555e+06,9.662206e+11,1.927821e+16,4.052297e+06,3.754731e+11,1.880028e+15,0,63,N,N
4.043310e+06,3.378104e+11,-2.859914e+15,7.550805e+06,1.503083e+12,4.163061e+16,7.627762e+06,1.212499e+12,3.261507e+16,3.554583e+06,2.921892e+11,1.000129e+15,0,81,N,N
5.015883e+06,7.474549e+11,1.649232e+16,9.711606e+06,1.599862e+12,4.469989e+16,1.008766e+07,1.308742e+12,2.547560e+16,4.792531e+06,6.395204e+11,1.193625e+16,1,98,N,N
5.067408e+06,5.784775e+11,2.327685e+15,8.295567e+06,9.744561e+11,2.311717e+16,8.447298e+06,1.024605e+12,2.257196e+16,4.582841e+06,5.069794e+11,3.187183e+15,2,79,N,N
3.983394e+06,4.024781e+11,2.617834e+15,7.992582e+06,1.258779e+12,3.295032e+16,8.167316e+06,1.028664e+12,2.545146e+16,3.779699e+06,3.364337e+11,2.718060e+15,3,48,N,N
3.756317e+06,4.263346e+11,3.344259e+15,8.715229e+06,1.014804e+12,1.944271e+16,8.750723e+06,1.055143e+12,2.218575e+16,3.769825e+06,3.743368e+11,2.442945e+15,2,86,N,N
4.700825e+06,5.419518e+11,1.414540e+15,7.919720e+06,1.082880e+12,2.842744e+16,7.567730e+06,8.063942e+11,1.429950e+16,4.240264e+06,4.347095e+11,2.281696e+15,0,27,N,N
4.747163e+06,5.319599e+11,2.003578e+15,8.585901e+06,1.166693e+12,3.207202e+16,8.373417e+06,1.083809e+12,2.595184e+16,4.434532e+06,4.683454e+11,2.764466e+15,3,79,N,N
4.324291e+06,4.842648e+11,1.138998e+15,9.017436e+06,1.031692e+12,2.299535e+16,8.546510e+06,8.931129e+11,1.600772e+16,4.379344e+06,4.359090e+11,1.676936e+15,0,26,N,N
4.231363e+06,3.798828e+11,1.188974e+13,9.380417e+06,1.334755e+12,3.706937e+16,8.362746e+06,1.061950e+12,2.277621e+16,4.321157e+06,4.186187e+11,3.043344e+15,1,61,N,N
5.081328e+06,7.273756e+11,5.622197e+15,8.788531e+06,1.414006e+12,3.734778e+16,9.078387e+06,1.119600e+12,2.198048e+16,4.984955e+06,6.034351e+11,7.086913e+15,1,47,N,N
4.938154e+06,7.126312e+11,7.299805e+15,8.666515e+06,1.148501e+12,2.669890e+16,8.075011e+06,8.807989e+11,1.571132e+16,4.507203e+06,5.386495e+11,7.093408e+15,1,97,N,N
4.279398e+06,4.430981e+11,2.882317e+15,8.051512e+06,1.089914e+12,2.830674e+16,8.074251e+06,9.267102e+11,1.900811e+16,4.278569e+06,4.177153e+11,2.792298e+15,0,0,N,N
4.256214e+06,4.543617e+11,9.774955e+14,8.857241e+06,1.163270e+12,2.631419e+16,8.504478e+06,1.055056e+12,1.983511e+16,4.252298e+06,4.392573e+11,2.734196e+15,2,104,N,N
5.018277e+06,5.924663e+11,8.455946e+15,6.900710e+06,1.503671e+12,4.043524e+16,6.696513e+06,9.075492e+11,2.166257e+16,4.072572e+06,3.556765e+11,4.132663e+15,3,75,N,N
4.756091e+06,6.002935e+11,6.105791e+15,7.927002e+06,1.986495e+12,5.606317e+16,8.140804e+06,1.202686e+12,2.897625e+16,4.347038e+06,4.478862e+11,5.805119e+15,2,51,N,N
4.613119e+06,4.939364e+11,1.801659e+14,8.078004e+06,8.871097e+11,1.539455e+16,7.915821e+06,7.680981e+11,1.075417e+16,4.124148e+06,4.013115e+11,3.167706e+15,3,90,N,N
4.437572e+06,4.358161e+11,2.693824e+15,7.709986e+06,1.415259e+12,3.718794e+16,7.588638e+06,9.496189e+11,1.974623e+16,3.552777e+06,2.965176e+11,2.384091e+15,3,77,N,N
4.102878e+06,3.933731e+11,1.166354e+15,7.934564e+06,1.008182e+12,2.164018e+16,8.510592e+06,8.190378e+11,1.169899e+16,4.322177e+06,4.167587e+11,1.371857e+15,0,31,N,N
4.009081e+06,3.800528e+11,3.037517e+15,6.879980e+06,1.180537e+12,3.173729e+16,7.498680e+06,9.379120e+11,2.291600e+16,3.585163e+06,3.093509e+11,2.006971e+15,1,5,N,N
5.013489e+06,6.752828e+11,1.056482e+16,8.775069e+06,1.284353e+12,3.504025e+16,8.196189e+06,9.425053e+11,1.839722e+16,4.449306e+06,5.383440e+11,8.994787e+15,3,99,N,N
3.884119e+06,3.444614e+11,-2.000516e+15,6.833896e+06,1.619609e+12,4.500650e+16,6.596615e+06,1.058481e+12,2.580529e+16,3.794873e+06,3.290048e+11,2.313135e+15,0,42,N,N
4.396840e+06,4.802468e+11,-2.373972e+15,9.730208e+06,1.435801e+12,3.734880e+16,9.116947e+06,1.177157e+12,2.333681e+16,4.426650e+06,4.821976e+11,1.396747e+15,0,70,N,N
5.504948e+06,9.082822e+11,1.081810e+15,8.282030e+06,7.628416e+11,7.855558e+15,8.457065e+06,6.582563e+11,-2.963785e+15,4.255670e+06,4.616162e+11,3.954614e+15,1,80,N,N
4.714296e+06,5.207837e+11,5.035874e+15,7.907197e+06,1.228638e+12,3.392719e+16,7.757850e+06,8.385178e+11,1.606573e+16,4.121588e+06,4.132714e+11,3.365381e+15,1,34,N,N
4.935465e+06,6.107722e+11,4.993408e+15,7.912951e+06,1.230096e+12,3.397187e+16,7.659561e+06,9.693225e+11,2.235478e+16,4.458968e+06,4.746397e+11,5.855486e+15,3,93,N,N
4.472968e+06,4.898420e+11,3.457609e+15,8.038202e+06,1.326002e+12,3.812315e+16,7.462789e+06,9.931609e+11,2.372545e+16,4.159859e+06,4.372349e+11,5.238711e+15,0,93,N,N
4.952071e+06,6.248656e+11,5.358323e+15,9.208429e+06,1.230679e+12,3.398240e+16,8.675544e+06,9.957824e+11,2.131471e+16,4.800554e+06,5.662440e+11,5.695189e+15,0,6,N,N
4.634679e+06,5.262421e+11,1.741421e+15,8.567545e+06,9.255467e+11,1.551920e+16,8.854548e+06,8.230095e+11,7.707748e+15,4.264328e+06,4.333052e+11,2.124514e+15,0,18,N,N
4.327985e+06,3.767539e+11,-3.681908e+15,8.045029e+06,1.207002e+12,2.887813e+16,7.995956e+06,9.417765e+11,1.599484e+16,3.857242e+06,3.172865e+11,1.498675e+15,0,50,N,N
4.526218e+06,5.274438e+11,1.255841e+14,8.643920e+06,1.053355e+12,1.576333e+16,8.735510e+06,8.374425e+11,7.712993e+15,4.238622e+06,4.806182e+11,3.210945e+15,2,101,N,N
4.541252e+06,5.081520e+11,2.197967e+15,8.197981e+06,9.193404e+11,2.018851e+16,8.296899e+06,8.609606e+11,1.656326e+16,3.879326e+06,3.719536e+11,1.726290e+15,3,74,N,N
3.159986e+06,2.227152e+11,7.739166e+14,7.362495e+06,1.921545e+12,5.591682e+16,7.272811e+06,1.874546e+12,5.091942e+16,2.757908e+06,2.214010e+11,1.771916e+15,3,54,N,N
4.212061e+06,3.937294e+11,6.315456e+14,7.918455e+06,1.370413e+12,3.347242e+16,8.144656e+06,1.006862e+12,2.010669e+16,3.937018e+06,3.484879e+11,2.358925e+15,1,77,N,N
4.076106e+06,3.498220e+11,1.915319e+15,7.291545e+06,1.425769e+12,3.872910e+16,7.049608e+06,1.068902e+12,2.670960e+16,4.019314e+06,3.670396e+11,3.404306e+15,0,91,N,N
4.747125e+06,5.343257e+11,7.409477e+14,7.621647e+06,8.070294e+11,1.648074e+16,7.857396e+06,7.652454e+11,1.176806e+16,3.960831e+06,3.764297e+11,1.173504e+15,2,62,N,N
4.081462e+06,3.577262e+11,-1.709637e+15,7.491610e+06,1.852371e+12,5.310858e+16,7.217325e+06,9.187539e+11,1.937528e+16,3.825823e+06,3.170999e+11,4.342634e+14,2,81,N,N
3.948771e+06,3.613903e+11,2.493246e+15,8.155914e+06,1.407667e+12,4.038038e+16,7.468107e+06,9.356289e+11,2.168166e+16,3.867059e+06,3.555000e+11,3.675490e+15,2,92,N,N
4.105216e+06,4.021098e+11,2.958527e+15,7.751313e+06,1.132479e+12,2.782028e+16,7.681309e+06,9.185504e+11,2.015643e+16,3.582216e+06,2.934146e+11,1.977693e+15,1,58,N,N
4.512053e+06,4.960627e+11,4.993332e+14,8.344209e+06,8.741304e+11,1.371688e+16,8.293554e+06,8.218240e+11,1.160372e+16,4.211193e+06,4.193248e+11,2.919885e+15,0,90,N,N
5.458954e+06,8.258641e+11,1.208621e+16,9.713846e+06,1.389678e+12,3.625242e+16,9.975540e+06,1.188812e+12,2.337621e+16,4.879395e+06,6.658191e+11,1.175583e+16,3,73,N,N
4.472791e+06,4.743430e+11,2.981669e+15,7.687181e+06,1.177868e+12,2.932210e+16,8.154146e+06,1.214905e+12,2.876594e+16,3.927901e+06,3.452205e+11,2.859005e+15,1,78,N,N
4.819554e+06,5.859266e+11,1.765505e+15,9.471958e+06,1.109984e+12,2.196606e+16,9.251989e+06,9.496620e+11,1.619268e+16,4.631794e+06,5.364333e+11,3.166511e+15,2,49,N,N
3.372131e+06,3.116818e+11,-5.374222e+15,9.361483e+06,2.099414e+12,7.249552e+16,9.721889e+06,1.702956e+12,3.987870e+16,3.964317e+06,3.699413e+11,-1.941347e+15,1,67,N,N
4.879508e+06,5.367493e+11,5.200621e+15,7.590686e+06,1.280342e+12,3.632983e+16,7.543718e+06,8.545232e+11,1.684915e+16,4.310661e+06,4.093492e+11,3.573364e+15,0,34,N,N
3.851545e+06,3.629092e+11,1.821052e+15,7.992306e+06,1.316497e+12,3.390153e+16,7.835954e+06,9.964654e+11,2.211593e+16,3.619662e+06,3.253019e+11,2.719286e+15,0,71,N,N
4.829891e+06,5.778485e+11,6.055208e+15,7.873491e+06,1.519726e+12,3.698665e+16,7.631992e+06,1.028852e+12,2.311471e+16,4.225153e+06,4.089347e+11,5.619745e+15,3,64,N,N
4.439199e+06,4.716105e+11,4.429588e+14,8.783427e+06,1.139887e+12,2.565286e+16,8.624450e+06,1.074582e+12,2.058111e+16,4.008340e+06,3.871517e+11,2.246399e+15,3,104,N,N
4.961836e+06,5.777403e+11,7.987904e+15,7.741580e+06,1.771730e+12,5.192914e+16,6.680951e+06,9.100492e+11,2.154783e+16,3.859719e+06,3.226334e+11,3.181839e+15,2,75,N,N
4.278695e+06,3.815091e+11,2.131687e+15,7.340314e+06,1.144920e+12,2.796053e+16,7.505001e+06,1.068803e+12,2.480451e+16,3.944491e+06,3.353190e+11,2.261099e+15,3,66,N,N
4.088893e+06,3.950724e+11,-5.265721e+14,8.020906e+06,8.800225e+11,1.285936e+16,8.551179e+06,9.061163e+11,1.099524e+16,3.916881e+06,3.762215e+11,2.497171e+14,0,89,N,N
3.470062e+06,2.936555e+11,1.853981e+15,7.190331e+06,1.725881e+12,5.215222e+16,6.385452e+06,1.128789e+12,2.930869e+16,3.578842e+06,2.724549e+11,2.453330e+15,0,32,N,N
3.822837e+06,3.497022e+11,1.983850e+15,7.171502e+06,1.124046e+12,3.122527e+16,6.837238e+06,9.442489e+11,2.516296e+16,3.606464e+06,3.063648e+11,2.090127e+15,0,102,N,N
4.829971e+06,5.544983e+11,-1.695852e+15,9.457486e+06,9.752960e+11,1.081306e+16,9.112213e+06,9.100507e+11,7.808239e+15,4.401420e+06,4.665028e+11,2.649828e+15,2,103,N,N
3.930852e+06,3.696328e+11,2.707640e+15,7.116293e+06,1.158289e+12,3.258463e+16,7.116285e+06,9.453921e+11,2.316991e+16,3.719378e+06,3.324777e+11,2.058295e+15,0,5,N,N
4.618494e+06,4.403393e+11,1.224799e+15,8.460955e+06,1.623599e+12,4.998819e+16,8.241402e+06,1.242695e+12,3.393004e+16,4.141642e+06,3.988905e+11,2.786300e+15,1,59,N,N
4.777292e+06,6.272798e+11,6.109573e+15,8.295118e+06,1.163706e+12,2.746953e+16,7.965222e+06,8.138160e+11,1.303976e+16,4.476837e+06,5.327863e+11,7.072491e+15,3,97,N,N
4.695806e+06,6.476983e+11,6.997253e+15,8.583775e+06,1.241894e+12,3.177316e+16,8.030046e+06,8.342719e+11,1.345919e+16,4.566714e+06,5.389819e+11,7.747269e+15,0,97,N,N
4.550551e+06,4.793897e+11,1.060955e+15,9.579859e+06,9.790350e+11,1.440552e+16,9.037219e+06,8.892187e+11,8.087213e+15,4.308053e+06,4.319966e+11,1.127131e+15,1,88,N,N
4.293260e+06,3.868656e+11,2.444789e+15,7.404985e+06,1.266519e+12,3.341475e+16,7.537819e+06,1.048133e+12,2.477635e+16,3.869950e+06,3.077194e+11,2.171291e+15,0,66,N,N
4.792847e+06,5.737984e+11,6.331997e+15,7.856673e+06,1.471790e+12,3.873507e+16,7.568658e+06,1.048971e+12,2.514542e+16,4.179888e+06,4.097208e+11,6.071333e+15,0,64,N,N
4.428374e+06,4.887188e+11,3.339129e+15,7.814792e+06,1.246811e+12,3.480012e+16,7.628244e+06,9.737014e+11,2.246841e+16,4.146926e+06,4.489881e+11,5.482983e+15,1,93,N,N
4.173180e+06,4.443289e+11,-6.942571e+14,8.605604e+06,7.502399e+11,3.170416e+15,8.840777e+06,7.075732e+11,6.258255e+14,4.253827e+06,4.571160e+11,6.806322e+14,3,95,N,N
4.197053e+06,4.065597e+11,3.521349e+15,7.507127e+06,1.414235e+12,4.091723e+16,7.571728e+06,1.018693e+12,2.494833e+16,3.956062e+06,3.798970e+11,4.019400e+15,1,25,N,N
3.575446e+06,3.095047e+11,1.627501e+15,6.901017e+06,1.104765e+12,2.749454e+16,7.095716e+06,1.053633e+12,2.504885e+16,3.304392e+06,2.477495e+11,1.597302e+15,3,53,N,N
4.229843e+06,3.686556e+11,8.182554e+14,7.683984e+06,1.269670e+12,3.121984e+16,7.711985e+06,9.983481e+11,2.125859e+16,3.902588e+06,3.494660e+11,2.542696e+15,0,77,N,N
4.459294e+06,3.779764e+11,-9.784921e+14,9.278219e+06,1.054956e+12,2.325582e+16,8.460002e+06,1.161703e+12,2.819634e+16,3.867999e+06,3.686089e+11,2.146243e+15,0,61,N,N
4.083367e+06,4.066010e+11,2.377826e+15,7.243334e+06,1.071606e+12,2.833551e+16,7.426134e+06,9.687356e+11,2.175842e+16,3.639993e+06,3.226098e+11,2.226785e+15,2,68,N,N
5.442799e+06,7.788668e+11,2.745014e+15,9.048695e+06,1.485825e+12,4.005749e+16,9.169047e+06,1.166109e+12,2.458183e+16,5.267520e+06,6.557719e+11,8.170134e+15,2,47,N,N
4.169431e+06,4.123212e+11,5.767991e+14,7.946857e+06,1.252951e+12,3.696668e+16,7.607346e+06,9.948480e+11,2.509628e+16,3.973926e+06,3.464411e+11,1.726495e+15,0,41,N,N
4.098442e+06,3.837549e+11,2.358831e+15,7.666205e+06,1.322507e+12,3.499745e+16,7.626789e+06,9.071372e+11,1.932773e+16,3.807667e+06,3.334053e+11,2.506293e+15,1,71,N,N
4.904937e+06,5.510505e+11,6.161287e+14,9.038159e+06,9.040460e+11,1.468556e+16,8.842004e+06,8.298570e+11,8.536696e+15,4.523799e+06,4.667102e+11,1.377477e+15,2,88,N,N
4.794347e+06,5.874856e+11,9.772714e+15,7.674609e+06,1.393979e+12,4.606705e+16,7.910076e+06,9.502107e+11,2.345905e+16,4.767507e+06,5.809208e+11,9.750907e+15,0,72,N,N
4.524752e+06,4.919904e+11,2.136502e+15,8.843421e+06,1.703721e+12,5.819678e+16,8.386633e+06,1.145961e+12,3.110155e+16,4.402650e+06,4.783891e+11,5.043583e+15,1,87,N,N
4.793796e+06,6.497710e+11,5.988945e+15,8.606028e+06,1.154673e+12,2.598947e+16,7.848762e+06,8.127174e+11,1.354664e+16,4.490309e+06,4.977846e+11,6.132962e+15,2,97,N,N
4.145048e+06,4.115582e+11,-2.407975e+14,8.990119e+06,1.687148e+12,5.492181e+16,8.343500e+06,1.371805e+12,4.162499e+16,4.338501e+06,4.477494e+11,3.998536e+15,2,87,N,N
4.125376e+06,3.995024e+11,3.092576e+15,7.712109e+06,1.259770e+12,3.425227e+16,7.699879e+06,1.014397e+12,2.716816e+16,4.062996e+06,3.896389e+11,4.293903e+15,0,92,N,N
4.662413e+06,5.466279e+11,7.576418e+15,8.089224e+06,1.416631e+12,4.167081e+16,7.911484e+06,1.072958e+12,3.053258e+16,4.966897e+06,5.907002e+11,9.206007e+15,2,72,N,N
4.899995e+06,6.255020e+11,9.250724e+15,9.095657e+06,1.419972e+12,4.216894e+16,8.206036e+06,9.776270e+11,2.131707e+16,4.259234e+06,4.940339e+11,7.946710e+15,0,99,N,N
3.647151e+06,3.598441e+11,2.855616e+15,7.520688e+06,2.007913e+12,6.433270e+16,7.283359e+06,9.834571e+11,2.537637e+16,3.609969e+06,2.915368e+11,2.392968e+15,1,37,N,N
4.289912e+06,4.499493e+11,2.177309e+15,8.127179e+06,1.110273e+12,2.656932e+16,8.285228e+06,9.703101e+11,1.890203e+16,3.568725e+06,3.534587e+11,3.069587e+15,0,1,N,N
4.286262e+06,4.346321e+11,1.944742e+15,7.703514e+06,9.658732e+11,2.078391e+16,7.476348e+06,1.016948e+12,2.559880e+16,3.452045e+06,2.902868e+11,1.191056e+15,1,68,N,N
5.144767e+06,7.099335e+11,7.841263e+14,8.435823e+06,7.523507e+11,4.837076e+15,8.420548e+06,6.978705e+11,1.330185e+14,4.242207e+06,4.631283e+11,4.401395e+15,0,80,N,N
4.200948e+06,3.749647e+11,-7.683524e+14,9.034093e+06,1.133208e+12,2.819761e+16,8.143211e+06,1.139839e+12,2.690429e+16,4.296736e+06,4.134361e+11,3.340775e+15,3,61,N,N
4.950888e+06,6.176026e+11,5.167345e+15,7.913290e+06,1.266507e+12,3.532136e+16,7.550081e+06,8.895088e+11,1.957092e+16,4.480503e+06,5.223574e+11,6.761821e+15,2,93,N,N
5.223213e+06,7.014095e+11,9.467502e+15,8.666352e+06,1.589492e+12,4.608483e+16,7.999957e+06,1.064489e+12,2.411791e+16,4.639846e+06,5.487035e+11,9.458068e+15,0,35,N,N
4.296225e+06,4.377569e+11,2.063080e+15,7.751226e+06,1.284726e+12,3.775720e+16,7.208891e+06,1.074146e+12,2.542756e+16,4.108035e+06,4.008790e+11,2.763745e+15,0,8,N,N
3.688342e+06,3.546355e+11,-6.591553e+15,9.026272e+06,1.940910e+12,5.680953e+16,9.256394e+06,1.529633e+12,3.194858e+16,3.931440e+06,3.416084e+11,-3.289981e+15,2,67,N,N
3.771696e+06,3.394662e+11,2.295939e+15,7.518924e+06,1.290591e+12,3.596234e+16,7.555308e+06,1.027442e+12,2.847739e+16,3.540399e+06,3.100263e+11,2.202808e+15,2,102,N,N
4.209595e+06,4.053187e+11,1.517506e+15,8.210911e+06,1.138675e+12,2.335720e+16,8.224129e+06,9.509707e+11,1.596230e+16,3.992650e+06,3.657030e+11,2.399119e+15,1,52,N,N
4.446087e+06,4.417752e+11,7.140238e+14,7.327307e+06,8.380624e+11,1.624255e+16,8.285635e+06,7.612952e+11,8.968468e+15,3.978359e+06,3.755984e+11,8.601030e+14,3,62,N,N
4.452805e+06,4.866201e+11,2.530983e+15,8.278367e+06,1.259881e+12,3.328699e+16,8.171760e+06,9.264136e+11,1.911706e+16,4.225359e+06,4.336298e+11,3.556488e+15,0,45,N,N
4.647712e+06,5.248690e+11,-4.424742e+14,8.445591e+06,9.054995e+11,1.701347e+16,8.279008e+06,8.142908e+11,1.163120e+16,4.063678e+06,4.142424e+11,3.442204e+15,1,90,N,N
4.622213e+06,4.928652e+11,-1.262608e+15,9.015359e+06,9.493730e+11,9.394919e+15,9.065275e+06,8.526725e+11,5.342891e+15,4.141448e+06,4.120285e+11,2.162416e+15,3,103,N,N
4.707488e+06,5.110362e+11,-2.308768e+15,9.167513e+06,9.102818e+11,9.047274e+15,8.851224e+06,8.408632e+11,6.426067e+15,3.992200e+06,3.815345e+11,2.270789e+15,0,103,N,N
4.066432e+06,3.431774e+11,-1.743580e+15,9.105542e+06,1.164253e+12,2.782754e+16,8.629776e+06,1.027998e+12,1.985659e+16,4.000388e+06,3.660050e+11,1.260570e+15,2,61,N,N
4.307690e+06,4.386253e+11,2.334742e+15,8.450628e+06,9.446135e+11,2.079809e+16,8.341786e+06,9.603215e+11,2.107545e+16,4.408427e+06,4.600080e+11,2.845273e+15,0,84,N,N
4.195653e+06,4.618871e+11,-7.881067e+14,8.261332e+06,7.367268e+11,2.624334e+15,8.826363e+06,6.634092e+11,-3.012634e+15,4.170376e+06,4.425136e+11,-9.476548e+12,2,95,N,N
4.364728e+06,4.719495e+11,3.200456e+15,8.424060e+06,1.569015e+12,4.472241e+16,8.334111e+06,9.411393e+11,1.792870e+16,4.136527e+06,4.052971e+11,3.732707e+15,0,4,N,N
3.248396e+06,2.568546e+11,1.368677e+15,7.472340e+06,1.941721e+12,5.672012e+16,6.800736e+06,1.547614e+12,4.038771e+16,2.818679e+06,2.245152e+11,1.370475e+15,2,54,N,N
3.995680e+06,4.494874e+11,2.819109e+15,8.547961e+06,9.989866e+11,2.103013e+16,8.815522e+06,1.031210e+12,2.177474e+16,3.964248e+06,4.214641e+11,2.415341e+15,1,86,N,N
4.149859e+06,3.976730e+11,-5.905289e+14,7.873824e+06,1.519291e+12,4.678091e+16,7.804285e+06,1.055138e+12,2.781812e+16,4.263930e+06,3.964719e+11,1.599658e+15,1,44,N,N
4.146804e+06,3.910480e+11,-1.201182e+14,7.922300e+06,1.405745e+12,3.996242e+16,7.780507e+06,1.131577e+12,2.877195e+16,4.182009e+06,3.994932e+11,1.942220e+15,0,59,N,N
4.564850e+06,5.085300e+11,5.778838e+14,8.703665e+06,9.905010e+11,2.120540e+16,8.339929e+06,9.315311e+11,1.869901e+16,4.081104e+06,3.992271e+11,1.718025e+15,2,100,N,N
3.931323e+06,4.039638e+11,1.165545e+15,7.898950e+06,1.063135e+12,2.359604e+16,8.325517e+06,9.248615e+11,1.890040e+16,3.826909e+06,3.803060e+11,1.922787e+15,1,46,N,N
4.187387e+06,3.816574e+11,-6.677011e+14,6.813292e+06,1.489080e+12,3.784940e+16,6.352255e+06,1.038067e+12,2.519149e+16,4.348015e+06,4.055102e+11,3.724161e+15,1,42,N,N
3.829282e+06,3.194797e+11,1.028403e+15,7.505149e+06,1.672066e+12,5.117302e+16,7.186130e+06,1.057050e+12,2.866159e+16,3.525006e+06,2.809264e+11,2.327901e+15,2,37,N,N
4.480208e+06,5.388683e+11,4.700768e+15,9.068776e+06,1.341247e+12,3.995236e+16,8.452873e+06,1.105623e+12,2.665857e+16,4.294875e+06,4.518348e+11,3.796915e+15,1,36,N,N
4.168547e+06,4.027144e+11,1.634790e+15,8.401467e+06,1.099364e+12,2.733519e+16,8.006512e+06,9.022675e+11,1.669298e+16,3.843784e+06,3.306834e+11,1.475022e+15,1,63,N,N
5.094429e+06,6.875411e+11,4.711399e+15,7.919714e+06,9.257443e+11,1.944164e+16,8.343229e+06,7.627643e+11,1.046187e+16,4.353335e+06,4.692718e+11,4.296532e+15,1,65,N,N
4.071621e+06,3.857287e+11,3.115903e+15,7.625713e+06,1.163309e+12,2.751682e+16,7.416077e+06,9.456679e+11,2.008903e+16,3.679812e+06,3.102218e+11,2.120094e+15,3,58,N,N
4.989804e+06,6.374901e+11,4.116329e+15,8.219133e+06,1.002897e+12,2.235395e+16,8.169474e+06,7.581330e+11,1.102857e+16,4.364909e+06,4.757269e+11,4.678010e+15,0,65,N,N
3.507974e+06,2.841281e+11,1.279764e+15,6.927797e+06,1.039448e+12,2.504215e+16,6.850361e+06,1.033385e+12,2.416766e+16,3.231881e+06,2.453622e+11,1.029525e+15,1,53,N,N
3.979569e+06,3.854089e+11,-4.375898e+14,8.193701e+06,1.396363e+12,4.015041e+16,8.167435e+06,9.399544e+11,1.714775e+16,4.000613e+06,3.807396e+11,2.407527e+15,0,7,N,N
4.307403e+06,4.504137e+11,-3.481747e+14,8.130461e+06,1.044990e+12,2.078645e+16,8.383370e+06,8.684477e+11,1.294804e+16,4.053352e+06,3.809471e+11,8.791419e+14,1,60,N,N
3.811164e+06,3.814867e+11,2.101370e+15,8.428692e+06,1.371854e+12,4.040378e+16,7.566064e+06,1.127639e+12,2.877661e+16,3.518610e+06,3.269804e+11,2.471420e+15,0,3,N,N
3.517431e+06,2.583887e+11,-3.114998e+15,7.622220e+06,1.668320e+12,4.717405e+16,7.731609e+06,1.128033e+12,2.826693e+16,3.908536e+06,3.435411e+11,1.222955e+15,1,33,N,N
5.360196e+06,8.399742e+11,3.966772e+14,8.403238e+06,7.500260e+11,7.262881e+15,8.470924e+06,6.319357e+11,-2.563671e+15,4.465868e+06,5.226234e+11,4.849527e+15,3,80,N,N
4.285014e+06,4.110105e+11,1.509945e+15,7.409600e+06,1.038109e+12,2.408542e+16,7.445330e+06,8.176533e+11,1.619552e+16,4.183517e+06,3.853080e+11,1.597118e+15,3,83,N,N
4.744898e+06,4.953226e+11,3.595988e+15,7.914407e+06,1.327927e+12,3.446666e+16,7.821759e+06,1.162522e+12,2.719437e+16,4.447002e+06,4.339797e+11,4.930886e+15,2,78,N,N
3.882098e+06,3.841666e+11,8.414556e+14,7.967108e+06,1.098529e+12,2.756204e+16,7.809761e+06,1.086614e+12,2.530102e+16,3.542061e+06,3.211088e+11,1.741332e+15,0,68,N,N
4.603851e+06,5.018381e+11,3.822387e+15,8.469414e+06,1.558693e+12,4.581761e+16,7.815810e+06,1.457452e+12,4.222475e+16,4.145991e+06,4.079487e+11,5.417167e+15,0,19,N,N
4.020160e+06,3.952132e+11,-1.076202e+15,7.633773e+06,8.059530e+11,1.053961e+16,7.915286e+06,8.225918e+11,9.699814e+15,3.836213e+06,3.576541e+11,-2.577286e+14,1,89,N,N
5.275487e+06,7.443256e+11,1.176808e+16,8.353126e+06,1.477728e+12,4.120226e+16,8.342980e+06,1.073995e+12,2.382716e+16,4.485635e+06,5.323019e+11,8.753991e+15,1,35,N,N
4.025803e+06,3.944375e+11,5.150291e+15,6.878605e+06,1.497798e+12,4.157382e+16,7.113449e+06,1.057503e+12,2.931907e+16,3.792856e+06,3.541946e+11,4.918115e+15,2,94,N,N
4.065779e+06,4.056398e+11,2.161941e+14,8.785948e+06,1.678540e+12,5.610553e+16,8.370491e+06,1.261564e+12,3.585313e+16,4.415328e+06,4.762993e+11,4.885890e+15,0,87,N,N
4.459052e+06,4.821315e+11,3.420738e+15,8.116391e+06,1.191309e+12,3.234773e+16,7.934192e+06,1.054080e+12,2.910682e+16,3.944142e+06,3.534525e+11,2.963861e+15,0,22,N,N
4.584936e+06,5.127789e+11,1.981087e+15,9.426255e+06,9.979595e+11,1.648433e+16,8.951060e+06,8.636854e+11,8.275822e+15,4.480739e+06,4.412558e+11,1.484895e+15,0,88,N,N
5.144764e+06,7.286610e+11,8.853710e+15,1.039069e+07,1.569260e+12,4.512075e+16,9.172884e+06,1.120421e+12,2.164021e+16,4.831754e+06,6.372036e+11,1.273234e+16,1,73,N,N
4.442020e+06,4.338029e+11,3.861342e+15,7.008160e+06,1.250679e+12,3.012991e+16,7.367339e+06,1.159481e+12,2.643038e+16,3.938433e+06,3.319882e+11,2.813756e+15,0,38,N,N
4.577169e+06,5.470530e+11,5.811690e+15,8.375469e+06,1.955702e+12,5.672478e+16,8.027160e+06,1.249798e+12,3.119004e+16,4.311261e+06,4.442994e+11,5.226504e+15,3,51,N,N
3.721179e+06,3.516927e+11,2.681865e+15,8.003369e+06,1.353370e+12,3.727089e+16,8.041804e+06,9.674535e+11,2.168801e+16,3.666864e+06,3.210244e+11,2.609770e+15,0,48,N,N
5.094307e+06,7.627861e+11,1.631007e+16,9.608335e+06,1.518112e+12,4.074487e+16,9.952741e+06,1.299887e+12,2.819870e+16,4.702507e+06,6.226968e+11,1.224970e+16,3,98,N,N
2.633608e+06,1.756270e+11,1.036241e+14,7.516019e+06,2.261571e+12,6.555555e+16,7.282673e+06,1.602927e+12,4.464944e+16,2.470133e+06,1.928287e+11,9.790714e+14,1,54,N,N
4.620324e+06,5.434931e+11,6.458638e+14,7.870288e+06,8.653142e+11,1.778000e+16,8.769492e+06,8.934520e+11,1.576848e+16,4.242192e+06,4.476067e+11,1.808918e+15,1,100,N,N
4.324661e+06,4.636217e+11,3.513308e+15,8.199444e+06,1.083991e+12,2.759175e+16,8.091547e+06,9.344419e+11,2.071078e+16,4.492942e+06,4.740397e+11,3.353328e+15,1,0,N,N
3.931774e+06,3.727085e+11,2.381197e+15,7.920083e+06,1.185078e+12,3.480121e+16,8.473165e+06,1.056969e+12,2.685999e+16,4.188503e+06,3.956161e+11,2.545773e+15,1,12,N,N
4.766081e+06,5.736015e+11,6.680894e+15,7.541730e+06,1.257219e+12,3.756870e+16,7.445677e+06,1.003280e+12,2.740794e+16,4.686345e+06,5.209041e+11,8.080190e+15,3,72,N,N
4.440942e+06,5.129951e+11,6.476783e+15,7.826499e+06,1.271239e+12,3.316401e+16,7.736061e+06,9.719686e+11,2.276631e+16,4.126395e+06,4.804330e+11,1.075036e+16,2,85,N,N
4.971774e+06,7.438227e+11,1.701370e+16,9.635097e+06,1.475759e+12,3.992764e+16,9.487174e+06,1.201920e+12,2.477251e+16,4.697199e+06,6.125529e+11,1.160681e+16,0,98,N,N
4.661203e+06,5.208329e+11,2.141241e+15,8.363432e+06,1.124813e+12,2.910868e+16,8.438883e+06,9.537677e+11,2.054227e+16,4.446702e+06,4.669519e+11,3.941523e+15,0,11,N,N
4.575746e+06,4.341037e+11,-1.992863e+15,7.630456e+06,1.233065e+12,2.962083e+16,7.754383e+06,9.750934e+11,1.882004e+16,3.923265e+06,3.339426e+11,1.940858e+15,2,50,N,N
3.955234e+06,3.854457e+11,5.034684e+14,8.706174e+06,1.226840e+12,2.794319e+16,8.098420e+06,9.292164e+11,1.763327e+16,4.123152e+06,4.213762e+11,2.045848e+15,1,104,N,N
4.019559e+06,3.741578e+11,2.606935e+15,7.759662e+06,1.213841e+12,3.082243e+16,8.066742e+06,1.041773e+12,2.497822e+16,3.685471e+06,3.291032e+11,2.422126e+15,2,48,N,N
4.511248e+06,5.058359e+11,2.279199e+15,8.943746e+06,1.047253e+12,2.261881e+16,9.174411e+06,9.509629e+11,1.565807e+16,4.563548e+06,4.965826e+11,2.316905e+15,0,49,N,N
4.512643e+06,4.258553e+11,-1.749674e+15,8.452316e+06,1.326021e+12,3.237805e+16,8.126262e+06,9.639552e+11,1.743548e+16,3.977214e+06,3.310982e+11,1.631022e+15,1,50,N,N
5.294380e+06,7.477249e+11,4.762339e+15,8.645138e+06,1.376377e+12,3.779113e+16,8.835082e+06,1.168316e+12,2.463388e+16,4.664556e+06,5.426010e+11,6.168595e+15,3,47,N,N
4.285511e+06,4.231968e+11,1.584000e+15,7.754872e+06,9.857793e+11,2.029375e+16,8.279069e+06,9.336232e+11,1.647304e+16,3.831024e+06,3.555066e+11,2.354127e+15,2,52,N,N
4.280860e+06,4.530494e+11,3.592061e+14,8.042974e+06,8.670896e+11,1.421684e+16,8.166971e+06,7.993058e+11,1.087812e+16,4.122562e+06,4.075659e+11,2.649082e+15,2,90,N,N
4.411388e+06,4.612373e+11,3.675985e+15,7.540463e+06,1.165041e+12,2.817271e+16,8.239098e+06,1.007695e+12,2.190961e+16,3.819664e+06,3.205919e+11,2.214302e+15,2,58,N,N
4.364286e+06,4.594608e+11,5.863307e+14,7.569227e+06,9.321305e+11,2.241526e+16,8.152522e+06,8.345457e+11,1.529026e+16,4.097096e+06,3.972568e+11,1.526100e+15,3,69,N,N
4.239501e+06,4.327419e+11,2.371807e+15,8.244706e+06,1.100093e+12,2.641407e+16,7.850210e+06,8.439169e+11,1.558140e+16,4.166881e+06,3.874776e+11,1.736306e+15,2,63,N,N
5.238409e+06,8.066613e+11,1.718974e+16,1.005027e+07,1.502374e+12,3.916225e+16,1.004935e+07,1.249922e+12,2.586483e+16,4.913231e+06,6.919779e+11,1.352903e+16,2,98,N,N
4.085291e+06,3.710711e+11,-2.053134e+15,7.535850e+06,1.569079e+12,4.848775e+16,7.982030e+06,1.226560e+12,3.005288e+16,3.718512e+06,3.222818e+11,4.384070e+14,1,40,N,N
4.700927e+06,5.485652e+11,7.246766e+15,7.603938e+06,1.321068e+12,3.327386e+16,7.762526e+06,9.056720e+11,1.998155e+16,4.505250e+06,5.688282e+11,1.234743e+16,3,85,N,N
4.572975e+06,4.378900e+11,1.719019e+15,7.848960e+06,1.307365e+12,3.359397e+16,8.194335e+06,1.102783e+12,2.460081e+16,4.340635e+06,3.948710e+11,4.013674e+15,3,78,N,N
4.497299e+06,5.087317e+11,1.555384e+15,9.321474e+06,1.044563e+12,2.023201e+16,9.069390e+06,9.458505e+11,1.556058e+16,4.489250e+06,4.971894e+11,2.179407e+15,1,49,N,N
4.427736e+06,4.899497e+11,5.960477e+15,7.933169e+06,1.363107e+12,4.136317e+16,7.399310e+06,1.006093e+12,2.727022e+16,4.333183e+06,4.517933e+11,6.165101e+15,1,72,N,N
4.938352e+06,5.705327e+11,5.493753e+15,8.065648e+06,1.910673e+12,5.992413e+16,8.133474e+06,1.342967e+12,3.698154e+16,4.371522e+06,4.697992e+11,6.460796e+15,0,24,N,N
4.574096e+06,4.932390e+11,2.674573e+15,7.885064e+06,1.151380e+12,3.071628e+16,7.778327e+06,9.901315e+11,2.408348e+16,4.142976e+06,4.343387e+11,3.789788e+15,1,45,N,N
4.374748e+06,5.104341e+11,4.728802e+15,7.735837e+06,1.866883e+12,5.426523e+16,8.182849e+06,1.224505e+12,2.997156e+16,4.340955e+06,4.592054e+11,5.811288e+15,0,51,N,N
4.330774e+06,4.691115e+11,1.260596e+15,8.177615e+06,1.002778e+12,2.368812e+16,8.297550e+06,8.641627e+11,1.635950e+16,4.058545e+06,4.093503e+11,2.177007e+15,0,100,N,N
3.637187e+06,3.335007e+11,1.755915e+15,7.582569e+06,1.259073e+12,3.622602e+16,7.395923e+06,1.015474e+12,2.419767e+16,3.498694e+06,3.208144e+11,2.131463e+15,1,96,N,N
4.309120e+06,4.287742e+11,-1.542389e+14,7.930005e+06,8.569912e+11,1.426285e+16,8.324003e+06,8.325001e+11,1.100618e+16,3.915673e+06,3.558460e+11,1.499022e+15,3,82,N,N
4.286406e+06,3.830492e+11,-2.740207e+15,7.549976e+06,1.096361e+12,2.477722e+16,7.935761e+06,1.042556e+12,2.259829e+16,3.949994e+06,3.353787e+11,2.271307e+15,3,50,N,N
4.098135e+06,4.151211e+11,-5.314143e+14,8.253741e+06,9.244652e+11,1.543975e+16,8.374889e+06,9.758562e+11,1.416825e+16,3.799120e+06,3.435845e+11,2.200383e+14,3,89,N,N
4.373874e+06,4.380889e+11,-3.217244e+14,8.667510e+06,9.133404e+11,1.292091e+16,8.571490e+06,7.321708e+11,3.537708e+15,4.039466e+06,3.499748e+11,1.347780e+15,2,82,N,N
4.858484e+06,6.370131e+11,5.005509e+15,8.524700e+06,1.245576e+12,2.720242e+16,8.305394e+06,8.970018e+11,1.344795e+16,4.371473e+06,5.327289e+11,9.074325e+15,0,55,N,N
4.511251e+06,5.060139e+11,-3.196620e+14,8.194550e+06,9.134338e+11,1.561829e+16,8.453380e+06,8.709862e+11,1.246198e+16,4.127027e+06,4.358964e+11,2.926950e+15,0,20,N,N
4.358366e+06,4.602713e+11,3.243588e+15,8.214163e+06,1.314959e+12,4.087265e+16,7.918529e+06,1.208994e+12,3.506917e+16,4.178484e+06,3.861726e+11,3.899087e+15,0,36,N,N
4.963138e+06,5.938359e+11,3.549014e+15,8.526415e+06,1.061111e+12,2.447460e+16,8.947892e+06,9.406833e+11,1.704761e+16,4.552303e+06,4.972818e+11,5.476603e+15,0,56,N,N
4.198295e+06,4.223063e+11,5.180079e+15,6.959669e+06,1.583934e+12,4.622955e+16,7.160733e+06,1.109305e+12,3.131788e+16,3.864682e+06,3.651290e+11,5.218450e+15,1,94,N,N
4.186629e+06,4.107933e+11,2.595917e+15,7.616949e+06,1.500805e+12,3.990729e+16,6.955943e+06,1.071667e+12,2.800773e+16,3.533351e+06,2.901908e+11,2.359484e+15,2,91,N,N
4.787154e+06,5.525999e+11,-1.744889e+15,9.406747e+06,1.243386e+12,2.776475e+16,9.036008e+06,1.272866e+12,2.482941e+16,4.601032e+06,5.180622e+11,2.183632e+15,1,70,N,N
4.255928e+06,4.324853e+11,-1.319142e+15,8.363908e+06,1.592195e+12,5.073054e+16,7.835491e+06,1.117418e+12,2.902928e+16,4.082250e+06,3.618767e+11,1.815307e+15,0,44,N,N
3.913145e+06,3.740740e+11,4.732371e+15,7.119080e+06,1.490455e+12,4.350886e+16,6.628581e+06,1.054736e+12,2.749883e+16,3.845070e+06,3.491804e+11,4.760997e+15,3,94,N,N
5.221939e+06,6.112581e+11,1.995869e+15,9.360889e+06,1.267266e+12,3.379347e+16,9.013262e+06,1.015117e+12,2.002611e+16,4.487761e+06,4.971436e+11,3.454946e+15,1,79,N,N
4.806498e+06,5.607385e+11,3.508784e+15,8.919824e+06,9.799888e+11,1.904589e+16,8.664877e+06,9.057785e+11,1.502010e+16,4.348423e+06,4.856247e+11,5.360276e+15,3,56,N,N
4.272195e+06,4.548859e+11,-1.589519e+15,8.240092e+06,1.087914e+12,2.338169e+16,9.071539e+06,1.265192e+12,2.429353e+16,4.385496e+06,4.448362e+11,1.288466e+15,3,70,N,N
4.473058e+06,4.773210e+11,1.079575e+15,8.981932e+06,9.543019e+11,1.666171e+16,8.691699e+06,8.242278e+11,9.766411e+15,4.510149e+06,4.572450e+11,1.400799e+15,3,88,N,N
4.087758e+06,3.976109e+11,2.206961e+15,7.843891e+06,1.347042e+12,3.685679e+16,8.097023e+06,9.411457e+11,2.029068e+16,3.696223e+06,3.265614e+11,2.099443e+15,3,71,N,N
4.492953e+06,4.783655e+11,1.860195e+15,8.592977e+06,9.122298e+11,1.839765e+16,8.243979e+06,9.113115e+11,1.877862e+16,3.891157e+06,3.756383e+11,2.017688e+15,0,74,N,N
3.674434e+06,2.954366e+11,-2.886273e+15,7.299606e+06,1.419743e+12,3.850586e+16,7.383829e+06,1.292621e+12,3.327743e+16,3.417904e+06,2.673582e+11,2.470377e+14,0,17,N,N
4.692116e+06,5.847915e+11,7.562421e+15,7.771632e+06,1.785858e+12,5.104553e+16,8.453828e+06,1.275150e+12,3.319171e+16,4.202611e+06,4.302150e+11,5.922222e+15,1,51,N,N
4.743046e+06,5.529553e+11,5.592365e+15,7.704229e+06,1.444650e+12,3.926789e+16,7.658032e+06,1.097466e+12,2.575143e+16,4.215939e+06,4.117555e+11,5.928562e+15,1,64,N,N
4.161924e+06,3.870964e+11,1.609201e+15,8.076649e+06,1.284591e+12,3.054302e+16,7.764613e+06,1.083808e+12,2.505375e+16,3.697668e+06,3.257389e+11,2.310459e+15,2,77,N,N
4.748714e+06,5.497339e+11,9.867470e+15,7.828361e+06,1.604100e+12,4.514927e+16,7.505114e+06,9.612891e+11,2.284857e+16,4.390596e+06,5.714407e+11,1.577893e+16,1,85,N,N
4.411878e+06,4.240177e+11,3.033721e+15,6.683670e+06,1.174194e+12,2.449797e+16,7.063693e+06,1.169556e+12,2.758784e+16,3.955011e+06,3.432828e+11,2.841455e+15,1,38,N,N
4.071610e+06,3.689223e+11,1.780714e+15,7.571963e+06,1.432025e+12,3.999761e+16,6.913501e+06,1.137892e+12,2.863466e+16,4.066928e+06,3.615315e+11,3.364586e+15,1,91,N,N
4.325435e+06,4.615249e+11,-6.960159e+13,8.510765e+06,9.016412e+11,1.817514e+16,8.061106e+06,8.582273e+11,1.656059e+16,4.194068e+06,4.314884e+11,2.074032e+15,3,100,N,N
4.779758e+06,5.950527e+11,8.412577e+15,7.573138e+06,1.376896e+12,3.886072e+16,7.834064e+06,1.143467e+12,2.809418e+16,4.471956e+06,4.805699e+11,6.847407e+15,0,10,N,N
5.105469e+06,6.867731e+11,1.056233e+16,8.676191e+06,1.316246e+12,3.699934e+16,8.332895e+06,1.016314e+12,2.065053e+16,4.306382e+06,4.804259e+11,7.911298e+15,1,99,N,N
3.866626e+06,3.473393e+11,7.050177e+14,7.749783e+06,1.085462e+12,2.545957e+16,7.662031e+06,8.649400e+11,1.795909e+16,3.573420e+06,3.102481e+11,9.261585e+14,1,83,N,N
4.195645e+06,4.147326e+11,6.988383e+13,8.829442e+06,1.058557e+12,1.889244e+16,8.517072e+06,9.035003e+11,1.453661e+16,4.198466e+06,4.194616e+11,2.117526e+15,0,28,N,N
4.523822e+06,4.124054e+11,5.830219e+14,8.527854e+06,1.586395e+12,5.253895e+16,8.392445e+06,1.433133e+12,3.981508e+16,4.277513e+06,3.966695e+11,3.825159e+15,3,59,N,N
4.525634e+06,5.272937e+11,3.650860e+14,8.883704e+06,1.023773e+12,1.692497e+16,8.623391e+06,9.227630e+11,1.182131e+16,4.295979e+06,4.812884e+11,3.800073e+15,0,101,N,N
2.140518e+06,1.503183e+11,4.471747e+14,5.793302e+06,1.948508e+12,5.180432e+16,5.637220e+06,1.205152e+12,2.789038e+16,2.527897e+06,1.786801e+11,-6.541507e+13,0,2,N,N
5.310835e+06,7.620887e+11,1.212016e+16,8.676337e+06,1.310176e+12,3.722869e+16,8.310334e+06,9.693415e+11,1.801375e+16,4.461369e+06,5.283419e+11,8.810203e+15,2,99,N,N
4.740440e+06,4.823783e+11,1.428121e+15,8.514758e+06,1.010260e+12,1.964938e+16,8.198258e+06,8.638046e+11,1.384182e+16,3.957690e+06,3.589877e+11,1.866869e+15,0,14,N,N
4.702138e+06,5.283932e+11,3.187567e+15,8.467476e+06,9.501889e+11,2.143374e+16,8.226682e+06,9.173754e+11,1.904624e+16,4.553324e+06,4.987014e+11,3.121554e+15,1,84,N,N
4.101638e+06,4.153949e+11,3.722018e+15,7.872553e+06,1.334042e+12,3.608343e+16,7.672802e+06,9.732062e+11,2.460678e+16,3.951328e+06,3.680966e+11,4.067374e+15,3,92,N,N
5.121463e+06,6.205447e+11,3.091342e+15,9.052822e+06,1.038601e+12,2.128611e+16,9.749323e+06,1.060656e+12,1.932388e+16,4.606111e+06,5.252716e+11,2.724505e+15,3,49,N,N
3.888228e+06,3.173469e+11,-4.567749e+15,8.509626e+06,1.827129e+12,5.865828e+16,8.037851e+06,1.225209e+12,2.930350e+16,3.818066e+06,3.408155e+11,-5.585318e+13,0,40,N,N
4.043869e+06,3.739568e+11,4.659986e+14,8.466820e+06,1.235604e+12,2.917803e+16,8.246344e+06,9.682480e+11,1.986408e+16,3.939989e+06,3.416948e+11,1.081107e+14,2,57,N,N
4.226150e+06,4.785775e+11,-1.014625e+15,8.580594e+06,7.522850e+11,2.469386e+15,8.976000e+06,7.043824e+11,-2.129247e+15,4.320957e+06,4.664591e+11,4.470554e+14,0,95,N,N
4.057170e+06,3.902860e+11,-1.534723e+15,8.895710e+06,1.145175e+12,2.018746e+16,8.995669e+06,1.035945e+12,1.679584e+16,4.100280e+06,4.106884e+11,2.196384e+14,2,60,N,N
5.501917e+06,8.534182e+11,1.301332e+16,1.024055e+07,1.716589e+12,5.099609e+16,9.570946e+06,1.082809e+12,2.045302e+16,4.864263e+06,6.615129e+11,1.134163e+16,2,73,N,N
3.449737e+06,3.187454e+11,-5.223278e+15,8.785037e+06,1.822794e+12,5.421214e+16,8.799123e+06,1.376666e+12,2.552984e+16,3.986566e+06,3.635782e+11,-3.153498e+15,3,67,N,N
4.938790e+06,5.675165e+11,-2.446554e+15,9.095243e+06,1.217467e+12,2.996030e+16,9.133628e+06,1.089402e+12,2.113809e+16,4.622313e+06,4.885367e+11,2.111308e+15,2,70,N,N
4.378300e+06,4.213164e+11,5.764720e+14,8.135937e+06,1.055043e+12,2.222672e+16,8.449260e+06,8.906641e+11,1.357785e+16,4.176623e+06,4.172289e+11,2.629295e+15,3,52,N,N
4.589268e+06,4.966163e+11,9.583301e+14,8.088770e+06,8.802074e+11,1.497775e+16,8.691639e+06,8.719753e+11,1.284832e+16,3.924786e+06,3.745328e+11,1.505045e+15,1,43,N,N
4.325149e+06,5.033166e+11,-7.966765e+14,8.266380e+06,7.536892e+11,2.913237e+15,8.597114e+06,6.095875e+11,-1.472017e+15,4.314679e+06,4.725231e+11,3.077714e+14,1,95,N,N
4.496502e+06,4.741670e+11,5.040374e+14,7.660222e+06,7.612574e+11,1.290071e+16,8.034749e+06,8.252667e+11,1.384353e+16,3.779156e+06,3.536540e+11,1.116791e+15,0,62,N,N
4.366168e+06,4.514538e+11,4.959923e+15,8.112555e+06,1.889815e+12,5.965189e+16,8.054993e+06,1.520890e+12,4.541423e+16,4.081289e+06,3.635237e+11,4.388235e+15,0,9,N,N
4.534209e+06,5.089159e+11,6.923624e+14,8.726278e+06,1.705358e+12,5.792673e+16,8.460743e+06,1.185934e+12,3.397602e+16,4.727127e+06,5.429520e+11,6.505912e+15,3,87,N,N
3.921220e+06,4.198550e+11,2.401983e+15,8.650104e+06,1.070625e+12,2.332650e+16,8.630487e+06,9.921225e+11,2.068120e+16,3.955105e+06,4.165778e+11,2.105857e+15,3,86,N,N
4.022405e+06,3.406228e+11,-4.477583e+15,7.587862e+06,1.888763e+12,5.882686e+16,7.165256e+06,1.056147e+12,2.422537e+16,3.549801e+06,2.890964e+11,5.622657e+14,1,81,N,N
4.630651e+06,4.250266e+11,3.015054e+15,7.632153e+06,1.184044e+12,2.915029e+16,7.349322e+06,1.121458e+12,2.692098e+16,4.209066e+06,3.626697e+11,3.144225e+15,2,66,N,N
3.605442e+06,2.543340e+11,-2.695207e+15,8.738079e+06,2.108488e+12,7.152642e+16,8.031510e+06,1.082342e+12,2.280702e+16,4.205238e+06,3.872426e+11,1.496478e+15,0,33,N,N
3.446183e+06,2.581402e+11,1.077571e+15,6.922803e+06,1.050224e+12,2.435470e+16,6.933763e+06,1.156102e+12,2.868566e+16,3.106272e+06,2.332637e+11,1.240114e+15,0,53,N,N
4.578399e+06,4.561799e+11,1.967078e+15,8.452861e+06,1.785318e+12,5.757300e+16,8.392632e+06,1.306125e+12,3.305988e+16,4.367570e+06,4.526217e+11,3.886665e+15,2,59,N,N
4.567642e+06,4.979703e+11,3.616979e+15,8.320096e+06,1.239257e+12,3.174441e+16,8.412606e+06,1.233181e+12,3.225854e+16,3.916894e+06,3.929366e+11,5.024839e+15,0,16,N,N
4.465757e+06,4.861001e+11,2.336342e+15,8.842442e+06,1.024796e+12,2.299664e+16,8.745682e+06,9.029122e+11,1.837758e+16,3.879645e+06,3.861531e+11,2.080169e+15,2,74,N,N
3.703493e+06,3.288652e+11,1.718209e+15,7.669086e+06,1.199536e+12,3.527347e+16,6.916521e+06,9.618347e+11,2.499063e+16,3.544777e+06,2.973790e+11,1.864590e+15,3,102,N,N
4.188527e+06,4.283904e+11,1.071876e+15,7.680020e+06,9.008783e+11,1.974999e+16,7.891907e+06,8.592822e+11,1.872718e+16,4.037066e+06,3.725070e+11,1.826707e+15,1,69,N,N
4.121165e+06,4.869879e+11,3.230862e+15,8.246506e+06,1.020753e+12,2.260442e+16,8.248142e+06,9.503166e+11,1.927813e+16,3.884806e+06,3.950755e+11,2.648055e+15,0,86,N,N
4.337287e+06,4.484995e+11,1.986068e+15,8.817317e+06,1.293202e+12,3.132769e+16,8.619439e+06,1.134988e+12,2.433144e+16,3.847063e+06,3.608910e+11,2.788066e+15,0,104,N,N
4.323716e+06,4.517136e+11,2.655033e+15,8.423523e+06,1.226063e+12,3.420326e+16,7.812416e+06,9.873386e+11,2.581915e+16,3.948747e+06,3.715638e+11,2.083426e+15,0,12,N,N
2.636632e+06,1.725122e+11,1.138627e+14,7.317028e+06,2.082601e+12,6.130650e+16,7.177647e+06,1.772103e+12,4.831094e+16,2.329710e+06,1.772045e+11,1.104980e+15,0,54,N,N
4.568993e+06,4.775917e+11,2.105580e+15,8.308452e+06,9.385125e+11,1.993615e+16,8.611828e+06,8.876312e+11,1.699722e+16,4.016682e+06,3.906172e+11,1.936833e+15,1,74,N,N
4.480138e+06,4.500415e+11,8.544399e+14,7.610765e+06,1.019777e+12,2.424837e+16,7.413824e+06,8.434781e+11,1.710146e+16,3.766378e+06,3.174127e+11,1.284112e+15,2,83,N,N
3.899143e+06,3.732283e+11,3.116694e+15,7.512606e+06,1.235437e+12,3.293769e+16,7.530041e+06,9.807533e+11,2.541869e+16,3.832318e+06,3.567750e+11,3.765595e+15,1,92,N,N
4.556394e+06,5.549375e+11,-6.714832e+14,8.896596e+06,9.465604e+11,1.209385e+16,8.524695e+06,8.816004e+11,9.342954e+15,4.235376e+06,4.616340e+11,3.085748e+15,3,101,N,N
4.783741e+06,5.694358e+11,3.821540e+15,9.466988e+06,1.168371e+12,2.864884e+16,9.467316e+06,1.066547e+12,2.067618e+16,4.490109e+06,4.958714e+11,5.179574e+15,1,56,N,N
4.581280e+06,5.047130e+11,4.705664e+15,7.630616e+06,1.297144e+12,3.670861e+16,7.497164e+06,1.121533e+12,2.844148e+16,4.167813e+06,4.148095e+11,4.249826e+15,0,25,N,N
4.139282e+06,3.978931e+11,2.257716e+15,7.870213e+06,1.318308e+12,3.416326e+16,8.090658e+06,9.299329e+11,1.976302e+16,3.826642e+06,3.618560e+11,2.594937e+15,2,71,N,N
4.526878e+06,4.786280e+11,5.649470e+15,7.704158e+06,1.841109e+12,5.324815e+16,6.677841e+06,9.221595e+11,2.212103e+16,4.098010e+06,3.638974e+11,4.650182e+15,1,75,N,N
4.540807e+06,5.334147e+11,2.822754e+14,8.904678e+06,1.072906e+12,1.833936e+16,8.822090e+06,9.035599e+11,1.004357e+16,4.213560e+06,4.641770e+11,3.027833e+15,1,101,N,N
4.819617e+06,6.257181e+11,7.021032e+15,9.383740e+06,1.351191e+12,3.743217e+16,9.003172e+06,1.148188e+12,2.670686e+16,4.470409e+06,5.426653e+11,7.437019e+15,0,23,N,N
3.790067e+06,3.269821e+11,1.352282e+15,7.384426e+06,1.738999e+12,5.552437e+16,7.057049e+06,1.039266e+12,2.809687e+16,3.547825e+06,2.898340e+11,2.282161e+15,0,37,N,N
4.415674e+06,4.886101e+11,5.738120e+15,8.158772e+06,1.431527e+12,4.292338e+16,7.319684e+06,8.793450e+11,2.048969e+16,4.384684e+06,5.272798e+11,1.142434e+16,0,85,N,N
3.714053e+06,3.502768e+11,1.939986e+15,7.393400e+06,1.248229e+12,3.637176e+16,7.189599e+06,9.931645e+11,2.357605e+16,3.408467e+06,3.017114e+11,2.213250e+15,0,96,N,N
4.798076e+06,4.982169e+11,3.129885e+15,7.880007e+06,1.280878e+12,3.002876e+16,7.857356e+06,1.170768e+12,3.100628e+16,4.107253e+06,3.479882e+11,3.501274e+15,0,78,N,N
4.898281e+06,5.561373e+11,3.525606e+15,8.732738e+06,1.021667e+12,2.207753e+16,8.903743e+06,9.241796e+11,1.468927e+16,4.777303e+06,5.375562e+11,6.133128e+15,2,56,N,N
4.384557e+06,4.735759e+11,1.567084e+15,7.755387e+06,8.983667e+11,2.010093e+16,7.950342e+06,8.401166e+11,1.621015e+16,3.944576e+06,3.654109e+11,1.643949e+15,0,69,N,N
4.145267e+06,3.907574e+11,4.076484e+15,8.330076e+06,1.258007e+12,3.230394e+16,8.340433e+06,1.065509e+12,2.428302e+16,3.977176e+06,3.250040e+11,2.233144e+15,3,57,N,N
4.137465e+06,3.707370e+11,9.756650e+14,8.197468e+06,1.164712e+12,2.874578e+16,8.354800e+06,1.007020e+12,2.070702e+16,4.120229e+06,3.631792e+11,4.139544e+14,1,57,N,N
4.096918e+06,4.138191e+11,-2.587346e+14,7.986157e+06,9.127508e+11,1.466028e+16,8.040046e+06,8.228831e+11,1.021481e+16,4.028590e+06,3.866574e+11,2.058293e+14,2,89,N,N
4.017890e+06,3.800898e+11,4.518661e+15,7.648164e+06,1.660153e+12,4.985870e+16,7.267143e+06,1.130549e+12,3.114740e+16,3.781937e+06,3.287729e+11,4.453490e+15,0,94,N,N
5.382161e+06,6.427802e+11,-1.565213e+15,9.334977e+06,1.184262e+12,3.013035e+16,8.465958e+06,1.043761e+12,1.929675e+16,4.066012e+06,3.947371e+11,2.663552e+15,0,79,N,N
4.450861e+06,3.916450e+11,-5.170659e+15,8.648408e+06,1.106330e+12,2.751568e+16,8.956818e+06,1.133949e+12,2.200881e+16,4.093560e+06,3.540662e+11,-1.159337e+15,0,21,N,N
4.339619e+06,4.020601e+11,-1.067814e+14,8.057395e+06,8.674086e+11,1.325891e+16,8.294870e+06,7.443420e+11,6.967100e+15,3.838335e+06,3.356024e+11,1.329692e+15,0,82,N,N
4.489846e+06,4.427148e+11,8.402212e+14,7.912072e+06,1.006936e+12,2.331054e+16,7.627520e+06,8.949388e+11,1.838115e+16,3.707037e+06,3.241491e+11,1.071506e+15,0,83,N,N
3.629974e+06,3.178109e+11,2.109254e+15,8.438129e+06,1.418325e+12,3.867595e+16,7.850775e+06,1.021294e+12,2.333149e+16,3.486500e+06,2.988784e+11,1.947623e+15,1,48,N,N
4.712960e+06,5.077021e+11,2.155995e+15,8.394400e+06,9.723440e+11,2.193459e+16,7.995607e+06,9.511860e+11,2.019854e+16,4.301664e+06,4.187599e+11,2.472125e+15,3,84,N,N
4.223428e+06,4.425046e+11,-3.667646e+14,8.323192e+06,1.050319e+12,2.087553e+16,8.109295e+06,8.887339e+11,1.457626e+16,4.065706e+06,3.785995e+11,1.188685e+15,0,60,N,N
4.193152e+06,4.307966e+11,-1.342465e+15,8.820957e+06,1.071100e+12,2.138255e+16,8.467363e+06,9.136633e+11,1.352448e+16,4.066518e+06,3.913313e+11,1.394926e+15,3,60,N,N
4.772853e+06,5.405189e+11,-2.316140e+15,8.601105e+06,7.545093e+11,2.466027e+15,8.328477e+06,7.152832e+11,1.148235e+15,4.226883e+06,4.168075e+11,9.294981e+14,0,13,N,N
5.318867e+06,7.873989e+11,1.015386e+16,8.959041e+06,1.307979e+12,3.649016e+16,7.896093e+06,9.090599e+11,2.084991e+16,4.757941e+06,5.946570e+11,9.925006e+15,0,30,N,N
3.924195e+06,3.457274e+11,-2.477771e+15,6.926684e+06,1.518780e+12,4.092681e+16,7.042131e+06,1.060306e+12,2.728041e+16,3.574398e+06,2.872979e+11,4.113758e+14,3,81,N,N
4.798246e+06,4.993170e+11,3.305493e+15,8.204649e+06,1.200056e+12,3.039346e+16,8.285564e+06,9.141014e+11,1.718516e+16,4.410185e+06,3.934760e+11,2.330132e+15,3,63,N,N
4.946098e+06,5.733237e+11,7.399930e+15,8.033680e+06,1.618581e+12,4.732429e+16,7.534026e+06,1.039747e+12,2.378884e+16,4.561839e+06,4.684742e+11,7.898068e+15,2,64,N,N
4.346615e+06,4.399749e+11,1.235444e+15,8.021500e+06,1.022240e+12,2.448070e+16,8.529870e+06,9.510420e+11,2.044652e+16,4.261978e+06,4.219166e+11,1.972891e+15,2,69,N,N
4.110617e+06,4.235362e+11,2.719140e+15,7.944973e+06,1.185560e+12,3.321411e+16,8.372832e+06,9.895959e+11,2.422397e+16,3.891952e+06,3.565953e+11,2.112348e+15,2,12,N,N
4.738328e+06,5.772026e+11,6.818944e+15,7.423169e+06,1.431322e+12,3.964920e+16,7.384421e+06,9.915267e+11,2.184762e+16,4.462142e+06,4.860143e+11,6.163379e+15,1,10,N,N
4.432166e+06,4.544214e+11,-8.251397e+12,8.432671e+06,9.285638e+11,1.468391e+16,8.807802e+06,8.848205e+11,1.088868e+16,3.952659e+06,3.724464e+11,1.191665e+15,0,43,N,N
3.189005e+06,2.856280e+11,-3.787861e+15,8.609113e+06,1.874921e+12,5.926492e+16,8.431010e+06,1.417332e+12,2.970174e+16,3.736717e+06,3.322304e+11,-1.104366e+14,0,67,N,N
3.579419e+06,3.034966e+11,1.557138e+15,6.851942e+06,1.068385e+12,2.653005e+16,6.872126e+06,1.047240e+12,2.346710e+16,3.417403e+06,2.613938e+11,1.406668e+15,2,53,N,N
5.218134e+06,7.003479e+11,3.789794e+15,7.833160e+06,9.388844e+11,1.966840e+16,8.242637e+06,7.436195e+11,9.901871e+15,4.545908e+06,4.984908e+11,4.823189e+15,3,65,N,N
3.136859e+06,2.694586e+11,-2.032278e+15,9.688976e+06,1.563494e+12,3.697432e+16,8.661702e+06,1.003992e+12,1.471314e+16,3.519681e+06,3.258002e+11,5.347227e+14,3,76,N,N
3.968810e+06,3.665552e+11,1.810746e+15,7.959399e+06,1.220922e+12,3.511456e+16,7.157982e+06,1.020199e+12,2.617950e+16,3.567406e+06,2.965965e+11,2.140196e+15,1,102,N,N
5.301255e+06,8.025262e+11,1.146230e+16,9.520433e+06,1.463075e+12,3.951274e+16,9.575067e+06,1.129614e+12,2.106470e+16,5.092145e+06,6.847488e+11,1.051747e+16,0,73,N,N
