1.246531e+06,4.033501e+11,1.478978e+16,2,76,N,N
9.700104e+05,2.374998e+11,6.085066e+15,1,41,N,N
9.941020e+05,2.531589e+11,7.012931e+15,0,46,N,N
8.980681e+05,2.064933e+11,5.845613e+15,2,96,N,N
8.980451e+05,2.030316e+11,6.367683e+15,0,58,N,N
1.030888e+06,2.715416e+11,8.297239e+15,1,103,N,N
9.990809e+05,2.513046e+11,9.058274e+15,2,55,N,N
1.012165e+06,2.612252e+11,7.215475e+15,2,84,N,N
1.038502e+06,2.713406e+11,7.070531e+15,0,29,N,N
9.647634e+05,2.339312e+11,6.714823e+15,0,52,N,N
1.064925e+06,2.834314e+11,1.016697e+16,2,80,N,N
9.737885e+05,2.391399e+11,7.884626e+15,2,65,N,N
9.977832e+05,2.495097e+11,9.133529e+15,3,55,N,N
9.498264e+05,2.301433e+11,5.612405e+15,3,68,N,N
1.031964e+06,2.695720e+11,8.548406e+15,0,47,N,N
9.664956e+05,2.374993e+11,5.837627e+15,0,15,N,N
1.024466e+06,2.633200e+11,6.970369e+15,1,76,N,N
8.928003e+05,2.015455e+11,6.639861e+15,3,91,N,N
9.875676e+05,2.478877e+11,5.837993e+15,0,76,N,N
9.671256e+05,2.381610e+11,6.321375e+15,1,62,N,N
8.612763e+05,1.836329e+11,5.548962e+15,0,75,N,N
9.967613e+05,2.491281e+11,8.659110e+15,1,55,N,N
8.919383e+05,2.037680e+11,5.833566e+15,3,96,N,N
9.610903e+05,2.305489e+11,5.470997e+15,0,57,N,N
9.633085e+05,2.323324e+11,7.169687e+15,1,82,N,N
9.141915e+05,2.125059e+11,6.054257e+15,0,39,N,N
9.015557e+05,1.996089e+11,4.685801e+15,1,66,N,N
9.626988e+05,2.351834e+11,6.102775e+15,0,63,N,N
9.043132e+05,2.082512e+11,6.633079e+15,0,81,N,N
1.088205e+06,2.989547e+11,9.070722e+15,1,98,N,N
1.061978e+06,2.690511e+11,4.857435e+15,2,79,N,N
9.066768e+05,2.086935e+11,6.348888e+15,3,48,N,N
1.061787e+06,2.910507e+11,7.079152e+15,2,86,N,N
9.916659e+05,2.455610e+11,5.346355e+15,0,27,N,N
1.069516e+06,2.819069e+11,7.526118e+15,3,79,N,N
1.051740e+06,2.808139e+11,6.834272e+15,0,26,N,N
9.810936e+05,2.377793e+11,5.711097e+15,1,61,N,N
1.040425e+06,2.736819e+11,8.697197e+15,1,47,N,N
9.554964e+05,2.247385e+11,8.486150e+15,1,97,N,N
9.939718e+05,2.495840e+11,6.443090e+15,0,0,N,N
1.030936e+06,2.699459e+11,7.242626e+15,2,104,N,N
8.631422e+05,1.835397e+11,5.611135e+15,3,75,N,N
9.316386e+05,2.171687e+11,6.729162e+15,2,51,N,N
9.712317e+05,2.385394e+11,7.105321e+15,3,90,N,N
9.021015e+05,2.017843e+11,5.246858e+15,3,77,N,N
9.834045e+05,2.432067e+11,6.253562e+15,0,31,N,N
8.966258e+05,2.048146e+11,5.704864e+15,1,5,N,N
1.023931e+06,2.669585e+11,7.948562e+15,3,99,N,N
8.691105e+05,1.922055e+11,6.045456e+15,0,42,N,N
1.015254e+06,2.664936e+11,8.911870e+15,0,70,N,N
1.055653e+06,2.800047e+11,9.970140e+15,1,80,N,N
9.547546e+05,2.339476e+11,7.288471e+15,1,34,N,N
9.328460e+05,2.185288e+11,7.039905e+15,3,93,N,N
9.229993e+05,2.155842e+11,6.971107e+15,0,93,N,N
1.024205e+06,2.653629e+11,8.290660e+15,0,6,N,N
1.020458e+06,2.652506e+11,8.135232e+15,0,18,N,N
9.331817e+05,2.137061e+11,5.913590e+15,0,50,N,N
1.070351e+06,2.908364e+11,7.270853e+15,2,101,N,N
1.007740e+06,2.598307e+11,6.780811e+15,3,74,N,N
8.685604e+05,1.889304e+11,5.963536e+15,3,54,N,N
9.172755e+05,2.076079e+11,5.529269e+15,1,77,N,N
8.969589e+05,2.030519e+11,6.604366e+15,0,91,N,N
9.895613e+05,2.491260e+11,6.794534e+15,2,62,N,N
9.043691e+05,2.066100e+11,6.240323e+15,2,81,N,N
9.107746e+05,2.102701e+11,6.336160e+15,2,92,N,N
8.721364e+05,1.929790e+11,6.109280e+15,1,58,N,N
9.909074e+05,2.459075e+11,6.760760e+15,0,90,N,N
1.090004e+06,2.876101e+11,7.450212e+15,3,73,N,N
8.910600e+05,1.941027e+11,5.450885e+15,1,78,N,N
1.068503e+06,2.913472e+11,7.812551e+15,2,49,N,N
1.066115e+06,2.873604e+11,1.000421e+16,1,67,N,N
9.359262e+05,2.237200e+11,6.801375e+15,0,34,N,N
9.218578e+05,2.161883e+11,5.789985e+15,0,71,N,N
9.003856e+05,1.993068e+11,7.278455e+15,3,64,N,N
1.015751e+06,2.624003e+11,7.183368e+15,3,104,N,N
8.766725e+05,1.909612e+11,5.797213e+15,2,75,N,N
8.894993e+05,1.964283e+11,5.359500e+15,3,66,N,N
1.000977e+06,2.528065e+11,5.257377e+15,0,89,N,N
8.482891e+05,1.836663e+11,5.708077e+15,0,32,N,N
8.916753e+05,2.058260e+11,6.117562e+15,0,102,N,N
1.047871e+06,2.805730e+11,8.785372e+15,2,103,N,N
8.924800e+05,2.010522e+11,5.108818e+15,0,5,N,N
8.851835e+05,2.026666e+11,6.139510e+15,1,59,N,N
9.620563e+05,2.251229e+11,8.222433e+15,3,97,N,N
9.675540e+05,2.318620e+11,8.873825e+15,0,97,N,N
1.047137e+06,2.778932e+11,7.257176e+15,1,88,N,N
8.900122e+05,1.953243e+11,4.844408e+15,0,66,N,N
9.101136e+05,2.021133e+11,6.556833e+15,0,64,N,N
9.122947e+05,2.102932e+11,6.745938e+15,1,93,N,N
1.031986e+06,2.760908e+11,8.440970e+15,3,95,N,N
9.363013e+05,2.240546e+11,6.071767e+15,1,25,N,N
8.282960e+05,1.753501e+11,5.212940e+15,3,53,N,N
9.053590e+05,2.033873e+11,5.270554e+15,0,77,N,N
9.544463e+05,2.291596e+11,5.653528e+15,0,61,N,N
9.531502e+05,2.314720e+11,5.656436e+15,2,68,N,N
1.058743e+06,2.836358e+11,9.343178e+15,2,47,N,N
9.620715e+05,2.336215e+11,6.121464e+15,0,41,N,N
9.348710e+05,2.221265e+11,6.085746e+15,1,71,N,N
1.059565e+06,2.841866e+11,7.542135e+15,2,88,N,N
1.009199e+06,2.574086e+11,6.945086e+15,0,72,N,N
9.596204e+05,2.281854e+11,7.021257e+15,1,87,N,N
9.707187e+05,2.256460e+11,7.696879e+15,2,97,N,N
9.660695e+05,2.238734e+11,5.423810e+15,2,87,N,N
9.259734e+05,2.162193e+11,6.029264e+15,0,92,N,N
1.006540e+06,2.542022e+11,6.793217e+15,2,72,N,N
1.032772e+06,2.712363e+11,7.398815e+15,0,99,N,N
8.740225e+05,1.929652e+11,5.369044e+15,1,37,N,N
9.795039e+05,2.453775e+11,6.488828e+15,0,1,N,N
9.544706e+05,2.306066e+11,5.288196e+15,1,68,N,N
1.044258e+06,2.736127e+11,9.448628e+15,0,80,N,N
9.708893e+05,2.332249e+11,5.781209e+15,3,61,N,N
9.362782e+05,2.216394e+11,7.185206e+15,2,93,N,N
9.688665e+05,2.346487e+11,7.790652e+15,0,35,N,N
9.418775e+05,2.245595e+11,6.132549e+15,0,8,N,N
1.071525e+06,2.890921e+11,1.023790e+16,2,67,N,N
9.095695e+05,2.135381e+11,6.391218e+15,2,102,N,N
9.671888e+05,2.368286e+11,7.091106e+15,1,52,N,N
9.912197e+05,2.498938e+11,6.409044e+15,3,62,N,N
9.640739e+05,2.358980e+11,7.094744e+15,0,45,N,N
1.001498e+06,2.496653e+11,6.981540e+15,1,90,N,N
1.016659e+06,2.648514e+11,8.026133e+15,3,103,N,N
9.951806e+05,2.566290e+11,7.851053e+15,0,103,N,N
9.810502e+05,2.394602e+11,5.999107e+15,2,61,N,N
1.007953e+06,2.582784e+11,7.507008e+15,0,84,N,N
1.036640e+06,2.761423e+11,8.262172e+15,2,95,N,N
9.347247e+05,2.103615e+11,5.141829e+15,0,4,N,N
8.390108e+05,1.784953e+11,5.574957e+15,2,54,N,N
1.051556e+06,2.835498e+11,6.581632e+15,1,86,N,N
9.487920e+05,2.254317e+11,7.172632e+15,1,44,N,N
8.641078e+05,1.935101e+11,5.930711e+15,0,59,N,N
1.034578e+06,2.716089e+11,6.741564e+15,2,100,N,N
9.966367e+05,2.536467e+11,6.758281e+15,1,46,N,N
8.723711e+05,1.927732e+11,6.011225e+15,1,42,N,N
8.891259e+05,1.988423e+11,5.631912e+15,2,37,N,N
9.793881e+05,2.441448e+11,8.606937e+15,1,36,N,N
9.730316e+05,2.401051e+11,6.287068e+15,1,63,N,N
1.004094e+06,2.530567e+11,8.212125e+15,1,65,N,N
8.601047e+05,1.893994e+11,6.216048e+15,3,58,N,N
9.944098e+05,2.479438e+11,8.042799e+15,0,65,N,N
8.258665e+05,1.748011e+11,5.414978e+15,1,53,N,N
9.800403e+05,2.451051e+11,6.968946e+15,0,7,N,N
9.961427e+05,2.526236e+11,6.480883e+15,1,60,N,N
9.302251e+05,2.206354e+11,6.060407e+15,0,3,N,N
9.440563e+05,2.201492e+11,6.955484e+15,1,33,N,N
1.039645e+06,2.700800e+11,9.309081e+15,3,80,N,N
9.050872e+05,2.086052e+11,5.781759e+15,3,83,N,N
8.814387e+05,1.928524e+11,6.587531e+15,2,78,N,N
9.748434e+05,2.428138e+11,6.532869e+15,0,68,N,N
9.423635e+05,2.200528e+11,7.311844e+15,0,19,N,N
9.982276e+05,2.529151e+11,6.086543e+15,1,89,N,N
9.575909e+05,2.285753e+11,6.801594e+15,1,35,N,N
8.433094e+05,1.793745e+11,5.785404e+15,2,94,N,N
9.553546e+05,2.233400e+11,6.394504e+15,0,87,N,N
9.543089e+05,2.284934e+11,6.185217e+15,0,22,N,N
1.058361e+06,2.825155e+11,7.418916e+15,0,88,N,N
1.100496e+06,2.961511e+11,7.861846e+15,1,73,N,N
8.444408e+05,1.784345e+11,5.822158e+15,0,38,N,N
9.303093e+05,2.165028e+11,6.566678e+15,3,51,N,N
9.157421e+05,2.137257e+11,6.607259e+15,0,48,N,N
1.084610e+06,2.961983e+11,9.009405e+15,3,98,N,N
8.553083e+05,1.856534e+11,6.013555e+15,1,54,N,N
1.033693e+06,2.725601e+11,6.930428e+15,1,100,N,N
9.981265e+05,2.539285e+11,7.018870e+15,1,0,N,N
9.387471e+05,2.259591e+11,6.725504e+15,1,12,N,N
9.947874e+05,2.510637e+11,6.999158e+15,3,72,N,N
9.509219e+05,2.286027e+11,7.230773e+15,2,85,N,N
1.092988e+06,3.040900e+11,9.476960e+15,0,98,N,N
9.983419e+05,2.526179e+11,7.836781e+15,0,11,N,N
9.206775e+05,2.090526e+11,6.261750e+15,2,50,N,N
1.022498e+06,2.664701e+11,7.339147e+15,1,104,N,N
9.169064e+05,2.129958e+11,6.469126e+15,2,48,N,N
1.055436e+06,2.830842e+11,7.208819e+15,0,49,N,N
9.305808e+05,2.112356e+11,5.511869e+15,1,50,N,N
1.037730e+06,2.685418e+11,7.524219e+15,3,47,N,N
9.662448e+05,2.346367e+11,6.568978e+15,2,52,N,N
9.791400e+05,2.407751e+11,6.526953e+15,2,90,N,N
8.809420e+05,1.955970e+11,6.207594e+15,2,58,N,N
9.497977e+05,2.263025e+11,5.831909e+15,3,69,N,N
9.669329e+05,2.379227e+11,6.839876e+15,2,63,N,N
1.107329e+06,3.099030e+11,9.746553e+15,2,98,N,N
9.715875e+05,2.403329e+11,6.757904e+15,1,40,N,N
9.563020e+05,2.310725e+11,7.625374e+15,3,85,N,N
8.956636e+05,1.993444e+11,6.753487e+15,3,78,N,N
1.063527e+06,2.875656e+11,7.134887e+15,1,49,N,N
9.970171e+05,2.525417e+11,6.443777e+15,1,72,N,N
9.346404e+05,2.223752e+11,7.736351e+15,0,24,N,N
9.715919e+05,2.401634e+11,6.951363e+15,1,45,N,N
9.326564e+05,2.172878e+11,6.687774e+15,0,51,N,N
1.027339e+06,2.691613e+11,6.733795e+15,0,100,N,N
9.000854e+05,2.074378e+11,5.927771e+15,1,96,N,N
9.578557e+05,2.310964e+11,7.247180e+15,3,82,N,N
9.234124e+05,2.107946e+11,6.308928e+15,3,50,N,N
9.977269e+05,2.500372e+11,4.960414e+15,3,89,N,N
9.690802e+05,2.347187e+11,7.255998e+15,2,82,N,N
9.921635e+05,2.465463e+11,8.528838e+15,0,55,N,N
1.031426e+06,2.706126e+11,6.977167e+15,0,20,N,N
9.307540e+05,2.197410e+11,7.932055e+15,0,36,N,N
9.928728e+05,2.515342e+11,8.942384e+15,0,56,N,N
8.663762e+05,1.895475e+11,6.176115e+15,1,94,N,N
8.918460e+05,2.007067e+11,6.518214e+15,2,91,N,N
9.766873e+05,2.519957e+11,8.683242e+15,1,70,N,N
9.508863e+05,2.268252e+11,7.121532e+15,0,44,N,N
8.418227e+05,1.778247e+11,5.325248e+15,3,94,N,N
1.099837e+06,2.966587e+11,7.659089e+15,1,79,N,N
9.981052e+05,2.508488e+11,8.150541e+15,3,56,N,N
9.562975e+05,2.421803e+11,8.292199e+15,3,70,N,N
1.054803e+06,2.819201e+11,7.833963e+15,3,88,N,N
9.415774e+05,2.258601e+11,6.544131e+15,3,71,N,N
9.442273e+05,2.338305e+11,6.363400e+15,0,74,N,N
8.955594e+05,1.989962e+11,6.026812e+15,0,17,N,N
9.257651e+05,2.142848e+11,6.326296e+15,1,51,N,N
9.210644e+05,2.075480e+11,6.768529e+15,1,64,N,N
9.014902e+05,2.006607e+11,5.163897e+15,2,77,N,N
9.192570e+05,2.126207e+11,7.092956e+15,1,85,N,N
8.428445e+05,1.794948e+11,6.045231e+15,1,38,N,N
8.888109e+05,1.991918e+11,6.535954e+15,1,91,N,N
1.025267e+06,2.685420e+11,6.958079e+15,3,100,N,N
9.346524e+05,2.204370e+11,7.342396e+15,0,10,N,N
1.040525e+06,2.742096e+11,7.699405e+15,1,99,N,N
9.178267e+05,2.150277e+11,5.887379e+15,1,83,N,N
1.031171e+06,2.693276e+11,7.586761e+15,0,28,N,N
8.896386e+05,2.022351e+11,5.717069e+15,3,59,N,N
1.072917e+06,2.937759e+11,7.652944e+15,0,101,N,N
7.915231e+05,1.579990e+11,4.375070e+15,0,2,N,N
1.036356e+06,2.723815e+11,8.066236e+15,2,99,N,N
9.584445e+05,2.335086e+11,6.639049e+15,0,14,N,N
1.010648e+06,2.607184e+11,7.941789e+15,1,84,N,N
9.001401e+05,2.061770e+11,6.276776e+15,3,92,N,N
1.071334e+06,2.919000e+11,7.780152e+15,3,49,N,N
1.004675e+06,2.539615e+11,7.058922e+15,0,40,N,N
9.673692e+05,2.349876e+11,6.168329e+15,2,57,N,N
1.053213e+06,2.846038e+11,8.559888e+15,0,95,N,N
1.010443e+06,2.612273e+11,7.675681e+15,2,60,N,N
1.101092e+06,2.926853e+11,7.532147e+15,2,73,N,N
1.057989e+06,2.823305e+11,9.563409e+15,3,67,N,N
1.005918e+06,2.591553e+11,8.450589e+15,2,70,N,N
9.728333e+05,2.396884e+11,7.307123e+15,3,52,N,N
1.011877e+06,2.598898e+11,7.335683e+15,1,43,N,N
1.048392e+06,2.830360e+11,8.941791e+15,1,95,N,N
9.819764e+05,2.463261e+11,6.666274e+15,0,62,N,N
9.078058e+05,2.041378e+11,6.837795e+15,0,9,N,N
9.629224e+05,2.262488e+11,6.438592e+15,3,87,N,N
1.058665e+06,2.888317e+11,7.352580e+15,3,86,N,N
9.018087e+05,2.059552e+11,6.565064e+15,1,81,N,N
8.895359e+05,1.951990e+11,5.684435e+15,2,66,N,N
9.656273e+05,2.310914e+11,7.747015e+15,0,33,N,N
8.232869e+05,1.735774e+11,5.334485e+15,0,53,N,N
9.316088e+05,2.234541e+11,7.736714e+15,2,59,N,N
9.671296e+05,2.317452e+11,6.103998e+15,0,16,N,N
9.996459e+05,2.562625e+11,6.910878e+15,2,74,N,N
9.184764e+05,2.162999e+11,6.441966e+15,3,102,N,N
9.398715e+05,2.251925e+11,6.430595e+15,1,69,N,N
1.034966e+06,2.750572e+11,6.264711e+15,0,86,N,N
1.024022e+06,2.649209e+11,6.385154e+15,0,104,N,N
9.512312e+05,2.306930e+11,6.567380e+15,0,12,N,N
8.476404e+05,1.833201e+11,6.001693e+15,0,54,N,N
9.762137e+05,2.467470e+11,6.683269e+15,1,74,N,N
9.234894e+05,2.162103e+11,5.880887e+15,2,83,N,N
8.979993e+05,2.057576e+11,6.136129e+15,1,92,N,N
1.074298e+06,2.953764e+11,8.450716e+15,3,101,N,N
1.000353e+06,2.509263e+11,8.462224e+15,1,56,N,N
9.550039e+05,2.276625e+11,5.233081e+15,0,25,N,N
9.401811e+05,2.249191e+11,6.591576e+15,2,71,N,N
8.729809e+05,1.867533e+11,5.528875e+15,1,75,N,N
1.079305e+06,2.977994e+11,7.830845e+15,1,101,N,N
1.065828e+06,2.879257e+11,8.490682e+15,0,23,N,N
8.863315e+05,1.974634e+11,5.292225e+15,0,37,N,N
9.487432e+05,2.261838e+11,6.841604e+15,0,85,N,N
8.984587e+05,2.066352e+11,5.917916e+15,0,96,N,N
8.765434e+05,1.915984e+11,6.462798e+15,0,78,N,N
9.962080e+05,2.518210e+11,8.675409e+15,2,56,N,N
9.599600e+05,2.342775e+11,6.321148e+15,0,69,N,N
9.499654e+05,2.273903e+11,5.964036e+15,3,57,N,N
9.639374e+05,2.324290e+11,6.016021e+15,1,57,N,N
1.005168e+06,2.551460e+11,5.366960e+15,2,89,N,N
8.628706e+05,1.849787e+11,5.358546e+15,0,94,N,N
1.096458e+06,2.956546e+11,6.983055e+15,0,79,N,N
1.016181e+06,2.561329e+11,7.077733e+15,0,21,N,N
9.576781e+05,2.286255e+11,6.472254e+15,0,82,N,N
9.199857e+05,2.157834e+11,5.910201e+15,0,83,N,N
9.185809e+05,2.135372e+11,6.485274e+15,1,48,N,N
9.967688e+05,2.519846e+11,7.440344e+15,3,84,N,N
9.695927e+05,2.422442e+11,6.287663e+15,0,60,N,N
1.001704e+06,2.528583e+11,6.180863e+15,3,60,N,N
1.028435e+06,2.689460e+11,8.539763e+15,0,13,N,N
9.966393e+05,2.475042e+11,8.423740e+15,0,30,N,N
8.969905e+05,2.042785e+11,6.492890e+15,3,81,N,N
9.552300e+05,2.300668e+11,6.212387e+15,3,63,N,N
9.030935e+05,1.983806e+11,6.630262e+15,2,64,N,N
9.580996e+05,2.334946e+11,6.821058e+15,2,69,N,N
9.671804e+05,2.400762e+11,7.175790e+15,2,12,N,N
9.267368e+05,2.179225e+11,7.411358e+15,1,10,N,N
1.026460e+06,2.655853e+11,7.320954e+15,0,43,N,N
1.007498e+06,2.538218e+11,7.819273e+15,0,67,N,N
8.306478e+05,1.752500e+11,5.172493e+15,2,53,N,N
9.825249e+05,2.447010e+11,8.101266e+15,3,65,N,N
1.036639e+06,2.712147e+11,7.700020e+15,3,76,N,N
9.254982e+05,2.182207e+11,6.319845e+15,1,102,N,N
1.095502e+06,2.989058e+11,9.262331e+15,0,73,N,N
