3.778543e+06,3.750315e+11,9.180167e+15,6.340995e+06,1.345511e+12,3.168166e+16,5.953470e+06,2.533506e+12,7.521510e+16,2.080485e+06,3.973749e+11,1.991578e+16,2,76,N,N
3.320875e+06,3.688545e+11,1.020269e+16,5.997560e+06,1.158309e+12,3.364202e+16,5.866875e+06,2.417401e+12,8.597277e+16,2.731756e+06,4.853242e+11,2.230643e+16,1,41,N,N
2.475010e+06,2.205786e+11,5.001111e+15,4.574673e+06,9.133465e+11,1.772039e+16,4.182999e+06,9.409867e+11,2.008392e+16,1.689720e+06,2.106473e+11,6.817789e+15,0,46,N,N
2.204207e+06,2.392621e+11,6.523208e+15,4.877484e+06,1.335318e+12,3.421960e+16,4.330092e+06,1.113404e+12,3.053550e+16,1.715900e+06,2.078244e+11,6.291151e+15,2,96,N,N
1.538763e+06,7.576744e+10,9.132476e+14,2.678339e+06,3.091703e+11,3.322542e+15,2.224362e+06,4.377317e+11,5.773942e+15,8.946223e+05,7.933607e+10,1.784101e+15,0,58,N,N
1.717837e+06,1.208844e+11,1.396318e+15,4.013022e+06,4.895479e+11,1.046870e+16,3.826708e+06,9.069825e+11,2.345545e+16,2.012220e+06,4.414354e+11,1.974034e+16,1,103,N,N
2.892674e+06,5.638536e+11,1.650039e+16,4.380655e+06,9.959227e+11,2.037161e+16,3.689532e+06,1.058722e+12,2.631983e+16,1.408098e+06,1.978986e+11,7.341556e+15,2,55,N,N
2.769822e+06,2.151556e+11,4.124379e+15,5.000330e+06,5.935448e+11,1.241615e+16,4.523179e+06,1.233308e+12,3.392169e+16,1.731951e+06,2.360984e+11,8.163420e+15,2,84,N,N
2.371366e+06,2.193538e+11,5.107235e+15,4.249483e+06,5.311340e+11,1.191494e+16,3.874432e+06,7.903844e+11,2.205246e+16,1.527909e+06,1.885423e+11,5.109228e+15,0,29,N,N
2.009411e+06,1.915353e+11,4.661748e+15,3.891446e+06,7.269017e+11,1.580469e+16,3.263100e+06,8.728369e+11,2.294907e+16,1.184535e+06,1.474728e+11,4.598210e+15,0,52,N,N
2.087848e+06,1.668762e+11,3.323088e+15,3.792599e+06,6.888884e+11,1.314980e+16,3.664231e+06,8.787147e+11,1.819773e+16,1.831207e+06,3.230268e+11,1.149879e+16,2,80,N,N
2.356163e+06,3.526361e+11,1.189634e+16,4.829945e+06,1.561531e+12,3.754278e+16,4.327181e+06,1.193447e+12,2.988335e+16,1.703307e+06,2.564395e+11,9.992245e+15,2,65,N,N
2.695039e+06,4.153800e+11,1.044667e+16,4.172774e+06,8.356054e+11,1.504413e+16,3.521983e+06,8.826436e+11,1.941094e+16,1.243238e+06,1.511966e+11,4.698607e+15,3,55,N,N
2.408184e+06,1.865095e+11,3.480749e+15,4.756631e+06,8.294802e+11,1.840110e+16,4.375484e+06,8.055704e+11,1.925757e+16,1.825372e+06,2.113401e+11,6.230354e+15,3,68,N,N
3.444064e+06,4.737311e+11,1.577829e+16,6.194098e+06,1.276631e+12,4.514818e+16,6.324780e+06,2.268650e+12,9.175569e+16,2.642461e+06,5.473295e+11,2.954232e+16,0,47,N,N
1.683339e+06,1.823206e+11,4.606506e+15,3.078821e+06,3.046216e+11,4.839855e+15,2.786590e+06,4.923909e+11,9.498177e+15,1.135385e+06,9.727193e+10,1.719623e+15,0,15,N,N
3.847500e+06,5.028940e+11,1.519650e+16,6.300213e+06,1.408764e+12,3.607658e+16,6.128775e+06,2.762212e+12,8.481157e+16,2.508585e+06,6.365041e+11,3.549601e+16,1,76,N,N
2.798689e+06,3.232871e+11,9.467115e+15,4.543744e+06,9.918542e+11,2.641789e+16,4.183184e+06,1.315978e+12,4.035433e+16,1.704860e+06,2.304091e+11,7.985028e+15,3,91,N,N
3.427413e+06,2.619869e+11,5.012463e+15,5.938340e+06,9.153770e+11,1.733276e+16,5.276846e+06,1.623635e+12,3.963184e+16,2.042820e+06,3.247756e+11,1.322929e+16,0,76,N,N
2.169299e+06,1.811466e+11,3.781318e+15,4.235967e+06,8.249210e+11,1.434807e+16,3.519954e+06,1.294459e+12,2.767701e+16,1.264006e+06,1.264029e+11,3.220809e+15,1,62,N,N
2.586662e+06,2.798450e+11,7.562721e+15,4.753265e+06,1.068034e+12,2.604257e+16,5.354536e+06,3.252307e+12,9.131657e+16,2.272061e+06,4.008816e+11,1.757042e+16,0,75,N,N
2.810885e+06,4.885132e+11,1.466119e+16,4.427309e+06,1.006907e+12,2.042438e+16,3.755248e+06,1.092569e+12,2.732182e+16,1.205434e+06,1.416245e+11,3.993111e+15,1,55,N,N
2.104799e+06,2.092831e+11,5.178979e+15,4.517273e+06,9.910952e+11,2.471319e+16,4.498964e+06,1.291195e+12,3.392048e+16,1.894940e+06,2.598221e+11,9.255547e+15,3,96,N,N
2.770409e+06,3.296295e+11,9.808120e+15,4.905613e+06,7.871591e+11,1.848061e+16,4.409373e+06,1.350604e+12,3.996770e+16,1.810607e+06,2.380515e+11,7.870405e+15,0,57,N,N
1.719374e+06,1.501075e+11,3.158527e+15,3.489724e+06,5.994043e+11,1.349794e+16,3.523798e+06,1.629345e+12,4.439603e+16,1.453203e+06,1.805183e+11,5.860679e+15,1,82,N,N
3.197248e+06,3.633506e+11,9.821193e+15,5.521652e+06,8.412388e+11,1.844969e+16,5.125344e+06,1.616821e+12,4.300051e+16,2.116026e+06,2.225049e+11,5.767868e+15,0,39,N,N
3.984788e+06,7.569498e+11,2.469190e+16,6.069266e+06,1.666392e+12,4.057233e+16,4.959479e+06,2.038721e+12,6.340041e+16,1.804800e+06,2.635991e+11,9.258434e+15,1,66,N,N
1.592208e+06,1.078861e+11,1.857131e+15,3.194853e+06,2.724428e+11,3.998861e+15,2.960311e+06,5.839884e+11,1.079147e+16,1.115404e+06,1.030683e+11,2.311410e+15,0,63,N,N
3.037140e+06,3.386328e+11,9.605096e+15,6.582954e+06,2.556991e+12,5.888520e+16,6.540141e+06,2.879298e+12,6.873067e+16,3.052800e+06,6.106073e+11,2.579031e+16,0,81,N,N
3.277101e+06,4.988193e+11,1.883279e+16,5.533771e+06,1.160534e+12,3.405782e+16,6.219183e+06,2.652165e+12,8.218705e+16,3.228702e+06,7.486841e+11,3.506847e+16,1,98,N,N
2.934906e+06,2.524342e+11,4.340396e+15,4.832733e+06,9.183480e+11,2.897243e+16,6.523638e+06,2.308895e+12,7.281823e+16,4.013590e+06,2.475073e+12,1.535523e+17,2,79,N,N
1.802935e+06,1.727117e+11,3.558501e+15,3.668916e+06,5.626818e+11,7.725365e+15,3.047962e+06,9.684460e+11,1.713202e+16,9.787678e+05,9.434689e+10,2.253062e+15,3,48,N,N
2.284711e+06,1.467064e+11,2.100048e+15,5.012934e+06,4.675667e+11,7.161373e+15,4.752720e+06,8.102849e+11,1.430045e+16,2.286263e+06,2.358823e+11,6.185170e+15,2,86,N,N
2.922596e+06,4.151999e+11,1.386964e+16,6.476818e+06,1.649148e+12,5.724541e+16,7.104719e+06,2.661370e+12,9.258020e+16,3.742972e+06,1.280373e+12,7.938257e+16,0,27,N,N
3.433039e+06,3.060053e+11,6.547230e+15,4.890021e+06,6.749314e+11,1.966800e+16,5.390105e+06,1.622112e+12,6.004421e+16,2.816951e+06,1.316081e+12,1.087491e+17,3,79,N,N
2.471975e+06,2.525437e+11,5.837465e+15,5.165964e+06,5.004708e+11,1.113952e+16,4.990935e+06,1.197304e+12,3.731897e+16,1.884883e+06,2.756545e+11,9.178428e+15,0,26,N,N
3.967106e+06,1.071252e+12,3.976872e+16,6.027334e+06,1.902250e+12,4.904876e+16,4.928187e+06,1.955129e+12,6.168119e+16,1.993180e+06,3.367470e+11,1.489186e+16,1,61,N,N
4.201555e+06,8.034907e+11,3.930911e+16,7.434627e+06,2.284543e+12,9.648468e+16,6.490575e+06,2.587763e+12,1.253097e+17,2.779842e+06,8.052333e+11,6.137388e+16,1,47,N,N
3.459273e+06,7.036619e+11,2.895688e+16,6.466146e+06,3.146083e+12,8.985585e+16,3.830730e+06,1.458506e+12,5.494955e+16,1.423753e+06,3.154261e+11,1.907081e+16,1,97,N,N
2.940391e+06,3.058992e+11,8.046722e+15,5.169236e+06,8.564469e+11,1.894221e+16,4.917886e+06,1.181753e+12,2.819928e+16,2.720136e+06,4.032132e+11,1.366245e+16,0,0,N,N
2.690037e+06,2.461440e+11,4.777084e+15,5.458827e+06,8.611465e+11,2.265733e+16,4.704334e+06,1.160508e+12,3.712465e+16,1.897439e+06,2.742339e+11,9.479670e+15,2,104,N,N
2.832778e+06,3.873488e+11,1.283560e+16,4.826952e+06,1.117779e+12,3.071439e+16,4.984768e+06,2.333725e+12,7.550125e+16,2.322479e+06,4.579183e+11,2.278692e+16,3,75,N,N
3.414953e+06,5.396048e+11,2.022132e+16,5.041532e+06,9.816439e+11,3.079473e+16,4.620426e+06,1.758452e+12,6.866223e+16,2.161811e+06,3.676599e+11,1.630115e+16,2,51,N,N
1.965916e+06,2.109517e+11,5.205993e+15,3.646004e+06,6.332845e+11,1.156864e+16,3.433405e+06,1.135735e+12,2.431724e+16,1.523593e+06,2.374272e+11,8.833540e+15,3,90,N,N
2.001078e+06,1.594028e+11,2.564371e+15,4.440240e+06,6.214361e+11,1.369613e+16,4.807744e+06,1.362734e+12,3.196506e+16,2.259770e+06,2.979816e+11,9.620675e+15,3,77,N,N
1.293970e+06,9.878727e+10,1.171142e+15,2.986412e+06,2.507699e+11,4.285698e+15,2.325419e+06,2.118702e+11,4.151679e+15,9.548503e+05,8.150713e+10,1.225518e+15,0,31,N,N
3.003502e+06,4.402522e+11,1.534695e+16,5.413229e+06,1.236110e+12,4.745927e+16,5.539167e+06,2.078656e+12,8.924439e+16,2.541161e+06,4.367021e+11,1.865774e+16,1,5,N,N
3.967838e+06,4.441960e+11,1.162219e+16,7.448468e+06,1.997568e+12,4.670347e+16,6.864345e+06,1.717947e+12,4.138098e+16,3.257043e+06,5.385163e+11,1.992495e+16,3,99,N,N
2.713178e+06,2.441203e+11,5.544437e+15,5.688807e+06,1.380687e+12,3.535629e+16,5.379207e+06,1.810499e+12,5.135472e+16,1.907628e+06,2.651085e+11,8.805694e+15,0,42,N,N
2.754992e+06,2.874553e+11,7.534153e+15,5.239662e+06,7.292287e+11,1.543239e+16,5.777800e+06,1.760723e+12,3.971839e+16,2.966822e+06,5.870347e+11,2.254668e+16,0,70,N,N
2.174563e+06,1.720348e+11,3.296311e+15,3.593614e+06,5.315137e+11,9.777188e+15,3.459358e+06,6.560943e+11,1.335065e+16,1.581835e+06,2.196733e+11,7.398913e+15,1,80,N,N
2.871801e+06,3.543856e+11,1.096760e+16,5.984567e+06,1.579179e+12,4.775774e+16,5.352201e+06,2.203509e+12,7.795646e+16,1.936882e+06,3.529108e+11,1.676880e+16,1,34,N,N
3.088162e+06,4.109466e+11,1.391464e+16,5.853343e+06,1.968781e+12,6.756465e+16,4.884994e+06,1.934947e+12,8.109614e+16,1.676243e+06,4.063617e+11,2.622416e+16,3,93,N,N
2.755768e+06,3.463320e+11,1.082799e+16,5.107072e+06,1.267438e+12,4.084685e+16,4.786492e+06,1.707014e+12,6.126419e+16,1.943573e+06,4.315604e+11,2.533698e+16,0,93,N,N
2.826206e+06,3.160106e+11,8.462673e+15,5.108145e+06,9.042209e+11,2.772434e+16,4.929573e+06,1.520669e+12,5.570220e+16,2.175753e+06,4.126013e+11,2.050414e+16,0,6,N,N
1.820030e+06,1.280106e+11,2.295430e+15,3.060715e+06,2.720176e+11,4.346513e+15,2.769043e+06,2.557790e+11,4.340733e+15,1.319098e+06,1.160430e+11,2.608422e+15,0,18,N,N
2.238477e+06,3.054488e+11,9.337000e+15,3.932881e+06,7.268989e+11,1.597082e+16,3.572818e+06,1.229192e+12,3.374691e+16,1.368893e+06,1.900909e+11,6.897251e+15,0,50,N,N
2.091709e+06,1.798559e+11,3.801823e+15,3.913022e+06,3.115119e+11,5.681047e+15,3.773406e+06,4.133826e+11,9.020847e+15,1.655354e+06,1.778950e+11,4.001970e+15,2,101,N,N
2.096300e+06,1.303356e+11,1.987740e+15,3.668729e+06,3.696306e+11,6.888683e+15,4.110535e+06,8.760635e+11,1.866356e+16,1.983534e+06,2.563608e+11,8.374450e+15,3,74,N,N
2.417213e+06,2.618276e+11,7.020788e+15,4.663872e+06,7.720601e+11,2.279893e+16,4.579025e+06,1.435401e+12,4.932378e+16,1.640197e+06,2.323266e+11,6.115133e+15,3,54,N,N
2.002357e+06,1.578233e+11,2.319752e+15,4.358885e+06,6.410042e+11,1.494582e+16,4.780932e+06,1.319164e+12,3.261760e+16,2.254303e+06,2.969636e+11,9.659170e+15,1,77,N,N
2.927812e+06,4.921512e+11,1.854077e+16,4.756819e+06,1.103032e+12,3.088788e+16,3.904761e+06,1.118548e+12,3.778327e+16,1.448801e+06,2.109727e+11,7.138340e+15,0,91,N,N
2.145219e+06,1.829804e+11,3.927073e+15,3.958825e+06,6.217343e+11,1.160576e+16,3.177468e+06,5.397230e+11,1.163728e+16,1.191755e+06,1.290576e+11,3.561643e+15,2,62,N,N
3.304537e+06,4.404327e+11,1.464078e+16,7.085783e+06,3.517027e+12,9.166432e+16,6.720729e+06,2.971361e+12,7.736976e+16,3.229536e+06,7.838543e+11,3.703872e+16,2,81,N,N
2.740440e+06,2.333180e+11,4.879455e+15,5.591334e+06,1.136795e+12,1.875892e+16,5.420396e+06,2.710445e+12,5.122563e+16,2.264726e+06,4.953522e+11,1.875925e+16,2,92,N,N
1.537448e+06,6.839386e+10,7.709746e+14,2.898293e+06,4.455448e+11,4.999722e+15,2.522966e+06,6.529295e+11,9.042615e+15,9.845850e+05,1.008675e+11,2.473878e+15,1,58,N,N
2.027702e+06,2.375603e+11,5.775797e+15,3.532272e+06,5.572281e+11,9.427473e+15,3.412913e+06,1.062177e+12,2.153858e+16,1.366558e+06,1.612763e+11,4.945009e+15,0,90,N,N
2.016754e+06,2.181648e+11,4.938900e+15,4.834431e+06,1.038508e+12,3.413673e+16,4.631185e+06,1.588711e+12,5.608767e+16,2.221303e+06,6.558010e+11,3.999979e+16,3,73,N,N
1.849440e+06,2.021285e+11,5.331413e+15,3.692709e+06,8.096174e+11,2.434900e+16,4.331970e+06,1.899140e+12,5.827989e+16,2.555720e+06,7.753774e+11,3.676638e+16,1,78,N,N
2.832503e+06,4.203682e+11,1.599102e+16,5.304780e+06,9.172911e+11,2.684243e+16,4.688713e+06,1.192210e+12,4.317060e+16,1.782749e+06,3.782592e+11,2.119427e+16,2,49,N,N
3.095659e+06,6.455956e+11,3.337933e+16,6.438947e+06,3.078997e+12,1.116066e+17,5.871876e+06,2.700786e+12,9.906287e+16,2.877658e+06,6.302302e+11,3.285576e+16,1,67,N,N
2.948964e+06,3.410444e+11,9.763445e+15,5.988713e+06,1.520525e+12,4.682327e+16,5.927143e+06,3.293862e+12,1.214207e+17,2.149861e+06,5.367899e+11,3.423340e+16,0,34,N,N
1.993281e+06,1.725196e+11,3.800606e+15,3.939653e+06,6.421358e+11,1.305389e+16,3.636984e+06,6.439065e+11,1.400805e+16,1.849841e+06,2.118075e+11,6.215886e+15,0,71,N,N
2.417310e+06,2.965501e+11,9.174228e+15,4.192563e+06,1.000302e+12,2.689737e+16,3.923287e+06,1.534581e+12,4.860395e+16,1.968812e+06,5.352106e+11,2.955376e+16,3,64,N,N
2.525501e+06,2.375674e+11,4.445705e+15,5.234823e+06,8.366271e+11,2.339338e+16,4.777870e+06,1.300311e+12,4.362121e+16,2.008647e+06,3.514475e+11,1.590661e+16,3,104,N,N
3.138108e+06,4.764864e+11,1.680374e+16,5.425306e+06,1.641561e+12,4.809773e+16,5.663814e+06,3.979065e+12,1.362509e+17,2.492211e+06,6.822201e+11,4.307228e+16,2,75,N,N
4.110081e+06,9.587009e+11,3.494209e+16,6.400582e+06,2.192122e+12,5.564179e+16,5.189310e+06,2.283122e+12,6.984096e+16,1.945351e+06,2.765887e+11,9.936554e+15,3,66,N,N
2.678815e+06,3.342511e+11,9.914482e+15,4.780851e+06,6.832411e+11,1.437994e+16,4.049610e+06,7.003529e+11,1.740227e+16,1.518904e+06,1.793104e+11,4.714383e+15,0,89,N,N
3.238237e+06,5.870527e+11,2.703644e+16,6.165096e+06,2.486139e+12,9.110726e+16,5.863453e+06,4.253073e+12,1.787983e+17,2.656760e+06,8.634676e+11,6.430270e+16,0,32,N,N
1.989755e+06,1.148688e+11,1.556534e+15,3.908318e+06,4.202352e+11,6.606569e+15,3.507210e+06,7.701479e+11,1.448616e+16,1.754350e+06,2.304272e+11,6.901567e+15,0,102,N,N
2.005594e+06,1.655204e+11,2.761927e+15,4.294113e+06,7.096808e+11,1.726735e+16,3.967069e+06,8.559463e+11,2.338862e+16,1.808762e+06,2.604089e+11,9.722709e+15,2,103,N,N
4.040832e+06,2.134090e+12,1.835453e+17,5.519424e+06,1.528694e+12,7.348197e+16,6.598661e+06,3.714588e+12,1.904167e+17,3.061673e+06,7.079637e+11,4.259494e+16,0,5,N,N
2.573665e+06,2.516494e+11,5.895605e+15,4.577936e+06,6.733740e+11,1.253060e+16,4.524124e+06,1.345826e+12,2.970700e+16,2.073935e+06,3.067360e+11,1.132846e+16,1,59,N,N
2.692232e+06,2.813048e+11,7.497193e+15,4.368997e+06,1.129234e+12,3.205205e+16,3.583950e+06,1.073177e+12,3.586721e+16,1.693709e+06,4.441721e+11,2.852343e+16,3,97,N,N
2.560777e+06,2.529270e+11,6.369014e+15,4.154500e+06,8.254893e+11,2.104370e+16,3.761709e+06,1.256695e+12,3.794527e+16,1.800813e+06,4.362288e+11,2.320457e+16,0,97,N,N
1.907382e+06,1.044145e+11,1.443410e+15,3.703804e+06,2.283690e+11,2.742245e+15,3.288155e+06,4.154105e+11,6.524517e+15,1.454668e+06,1.187219e+11,2.400065e+15,1,88,N,N
3.210292e+06,3.654657e+11,1.003397e+16,5.548294e+06,1.269509e+12,3.072001e+16,4.950734e+06,2.001654e+12,5.961304e+16,1.902871e+06,2.585759e+11,8.898614e+15,0,66,N,N
2.199042e+06,2.763238e+11,8.930619e+15,4.073465e+06,1.322754e+12,4.298107e+16,3.793776e+06,1.214421e+12,4.036478e+16,2.252690e+06,8.180260e+11,4.707519e+16,0,64,N,N
2.707023e+06,3.315041e+11,1.013051e+16,5.077028e+06,1.240420e+12,3.967640e+16,4.937952e+06,1.890330e+12,6.640790e+16,2.173914e+06,5.269366e+11,3.247881e+16,1,93,N,N
2.761745e+06,2.617518e+11,5.052700e+15,4.533241e+06,6.912353e+11,9.178032e+15,3.601536e+06,6.483476e+11,1.015861e+16,1.559040e+06,1.573354e+11,3.969153e+15,3,95,N,N
2.322443e+06,2.331336e+11,5.664373e+15,4.267804e+06,7.546209e+11,1.965196e+16,4.160736e+06,1.154925e+12,3.437687e+16,1.506289e+06,1.871395e+11,5.272205e+15,1,25,N,N
2.133954e+06,1.827394e+11,3.992776e+15,4.199496e+06,8.452224e+11,1.614909e+16,3.560346e+06,1.076271e+12,2.428581e+16,1.543505e+06,2.386699e+11,9.272854e+15,3,53,N,N
1.872044e+06,1.340509e+11,1.620707e+15,3.981902e+06,4.626001e+11,9.898906e+15,4.623305e+06,1.171203e+12,2.652580e+16,2.306042e+06,3.074162e+11,9.724468e+15,0,77,N,N
3.185426e+06,4.242307e+11,1.200131e+16,5.201757e+06,8.911167e+11,1.940298e+16,4.996569e+06,1.883836e+12,4.927738e+16,2.266371e+06,3.289777e+11,1.199525e+16,0,61,N,N
2.255495e+06,1.732799e+11,2.717448e+15,4.614786e+06,7.928594e+11,1.871311e+16,4.310610e+06,6.842452e+11,1.677426e+16,1.815581e+06,2.345376e+11,7.822678e+15,2,68,N,N
4.121003e+06,7.686209e+11,3.661376e+16,7.750348e+06,2.629193e+12,1.020138e+17,6.749545e+06,2.920285e+12,1.266407e+17,2.962197e+06,7.646940e+11,5.113299e+16,2,47,N,N
3.728425e+06,4.336459e+11,1.279811e+16,6.558669e+06,2.173022e+12,6.632569e+16,6.477595e+06,2.916582e+12,9.435555e+16,3.202385e+06,7.060870e+11,3.589193e+16,0,41,N,N
2.185260e+06,2.491235e+11,7.070509e+15,3.889385e+06,5.441978e+11,1.153502e+16,3.848912e+06,9.558791e+11,2.373992e+16,1.622718e+06,2.794697e+11,1.226960e+16,1,71,N,N
2.100153e+06,1.436120e+11,2.447834e+15,4.133520e+06,4.173661e+11,5.101739e+15,3.490509e+06,4.124934e+11,5.875001e+15,1.481650e+06,1.013765e+11,1.745811e+15,2,88,N,N
5.046244e+06,1.348383e+12,9.043476e+16,1.035908e+07,4.101691e+12,2.410655e+17,1.182888e+07,6.510610e+12,3.880301e+17,5.290395e+06,2.158791e+12,2.185259e+17,0,72,N,N
3.200903e+06,4.334103e+11,1.499554e+16,5.187862e+06,1.426002e+12,5.092727e+16,5.075890e+06,2.567531e+12,1.041999e+17,2.333199e+06,6.356835e+11,4.206877e+16,1,87,N,N
2.980113e+06,4.044930e+11,1.378618e+16,5.316679e+06,2.068782e+12,6.116360e+16,4.214037e+06,1.630782e+12,5.605288e+16,1.737480e+06,4.308285e+11,2.618729e+16,2,97,N,N
2.730886e+06,3.579479e+11,1.161473e+16,4.647787e+06,1.155618e+12,4.237493e+16,4.924875e+06,2.190325e+12,8.515696e+16,3.034282e+06,1.163888e+12,7.187946e+16,2,87,N,N
3.013061e+06,3.127259e+11,7.491546e+15,5.519279e+06,9.086903e+11,1.633824e+16,4.367316e+06,1.248107e+12,2.873478e+16,1.621550e+06,2.632767e+11,1.108821e+16,0,92,N,N
5.408109e+06,1.678131e+12,1.279709e+17,1.125672e+07,5.214930e+12,3.724290e+17,1.163554e+07,6.924204e+12,5.291758e+17,5.193645e+06,4.127787e+12,7.626072e+17,2,72,N,N
3.806868e+06,4.597715e+11,1.394518e+16,7.957396e+06,2.731427e+12,7.464853e+16,7.451453e+06,2.553309e+12,7.164481e+16,3.312510e+06,6.739904e+11,3.037438e+16,0,99,N,N
2.932835e+06,2.799973e+11,6.564775e+15,5.525651e+06,9.084350e+11,1.765609e+16,4.506420e+06,1.293880e+12,3.202179e+16,1.810571e+06,2.038748e+11,5.874826e+15,1,37,N,N
1.985725e+06,1.344013e+11,2.198621e+15,3.580870e+06,3.216372e+11,5.539658e+15,3.775694e+06,9.585596e+11,2.112062e+16,2.027220e+06,3.505596e+11,1.323930e+16,0,1,N,N
2.374999e+06,2.131920e+11,4.448794e+15,5.006517e+06,1.108197e+12,2.824174e+16,4.951417e+06,1.016448e+12,2.513279e+16,2.163832e+06,2.669221e+11,8.444052e+15,1,68,N,N
2.170575e+06,2.222661e+11,5.375254e+15,4.150149e+06,1.004276e+12,2.117480e+16,4.071040e+06,1.304555e+12,2.960831e+16,1.647451e+06,2.910308e+11,1.215083e+16,0,80,N,N
3.826536e+06,8.893902e+11,2.855879e+16,5.666343e+06,1.463688e+12,3.510593e+16,5.119285e+06,2.077437e+12,5.792096e+16,2.125010e+06,3.166727e+11,1.224760e+16,3,61,N,N
3.210502e+06,4.217169e+11,1.407379e+16,5.876365e+06,1.911120e+12,5.940302e+16,4.971819e+06,1.905573e+12,6.905201e+16,1.837584e+06,3.954556e+11,2.260672e+16,2,93,N,N
3.514105e+06,5.929618e+11,2.240932e+16,6.256435e+06,2.224233e+12,6.299819e+16,4.798253e+06,1.458119e+12,4.720479e+16,2.248943e+06,4.938278e+11,2.663429e+16,0,35,N,N
3.275088e+06,3.926647e+11,1.110831e+16,5.672108e+06,1.028921e+12,3.442816e+16,5.279900e+06,1.421531e+12,5.572210e+16,2.580747e+06,5.491138e+11,3.053576e+16,0,8,N,N
3.234104e+06,6.495279e+11,3.137586e+16,6.025634e+06,2.291099e+12,7.714937e+16,5.959053e+06,2.866309e+12,9.830830e+16,3.191507e+06,8.408037e+11,4.477973e+16,2,67,N,N
1.913234e+06,1.160824e+11,1.720441e+15,3.795161e+06,3.720862e+11,5.482398e+15,3.463298e+06,6.634761e+11,1.163016e+16,1.766796e+06,2.131376e+11,5.819979e+15,2,102,N,N
2.068512e+06,2.000459e+11,4.930994e+15,3.981977e+06,8.153767e+11,1.995862e+16,3.085591e+06,5.344533e+11,1.458064e+16,1.212640e+06,1.487287e+11,4.381125e+15,1,52,N,N
2.541020e+06,2.895941e+11,6.814105e+15,4.405535e+06,7.546674e+11,1.274335e+16,2.994646e+06,5.240596e+11,1.117463e+16,1.114323e+06,1.086316e+11,2.269009e+15,3,62,N,N
2.744416e+06,2.835567e+11,7.175064e+15,4.837150e+06,6.817868e+11,1.442106e+16,4.340185e+06,1.494122e+12,3.985514e+16,1.897666e+06,3.049953e+11,1.270127e+16,0,45,N,N
2.005484e+06,2.613788e+11,6.870134e+15,3.534079e+06,5.704623e+11,1.015653e+16,3.245775e+06,9.150924e+11,1.958439e+16,1.278526e+06,1.719841e+11,5.991918e+15,1,90,N,N
1.749727e+06,1.379539e+11,1.966400e+15,4.212232e+06,6.081710e+11,1.364364e+16,4.211234e+06,1.253946e+12,3.208456e+16,1.920150e+06,3.284281e+11,1.344909e+16,3,103,N,N
1.679135e+06,1.234490e+11,1.510401e+15,4.032920e+06,4.891156e+11,1.014824e+16,3.755333e+06,6.650938e+11,1.588319e+16,1.813094e+06,2.240023e+11,7.106355e+15,0,103,N,N
3.742077e+06,8.251497e+11,2.844114e+16,5.877269e+06,1.739873e+12,4.259670e+16,4.933602e+06,1.794404e+12,5.122112e+16,2.220691e+06,3.432128e+11,1.361640e+16,2,61,N,N
2.799298e+06,2.157533e+11,4.088217e+15,5.288185e+06,7.244777e+11,1.500708e+16,4.666707e+06,1.214313e+12,3.107300e+16,2.067883e+06,3.011221e+11,1.108393e+16,0,84,N,N
2.559635e+06,2.077977e+11,4.112612e+15,4.512603e+06,7.985366e+11,1.266913e+16,3.591142e+06,6.396288e+11,1.139556e+16,1.541878e+06,1.733535e+11,4.990096e+15,2,95,N,N
2.503994e+06,4.263302e+11,1.877908e+16,5.410338e+06,2.074760e+12,8.139310e+16,6.422964e+06,3.868672e+12,1.459624e+17,3.705938e+06,1.767427e+12,1.161536e+17,0,4,N,N
2.333918e+06,2.353880e+11,5.566375e+15,4.838562e+06,7.685364e+11,2.192619e+16,4.556802e+06,1.444582e+12,5.079690e+16,1.700273e+06,2.445813e+11,6.770070e+15,2,54,N,N
2.329088e+06,1.706834e+11,2.809661e+15,4.905203e+06,5.112971e+11,8.958723e+15,4.867195e+06,9.034850e+11,1.744414e+16,2.413230e+06,2.898631e+11,8.407905e+15,1,86,N,N
2.440087e+06,2.993811e+11,7.914263e+15,4.800181e+06,8.381724e+11,2.762722e+16,5.009035e+06,1.698164e+12,6.638453e+16,2.484044e+06,5.347380e+11,3.007586e+16,1,44,N,N
2.185149e+06,1.765033e+11,3.632994e+15,4.319685e+06,5.405446e+11,9.523628e+15,4.657570e+06,1.356139e+12,2.769447e+16,2.130614e+06,2.799889e+11,9.017049e+15,0,59,N,N
2.180431e+06,1.973318e+11,4.431277e+15,3.628042e+06,3.254858e+11,6.238880e+15,3.417742e+06,3.823166e+11,8.278717e+15,1.832296e+06,1.502275e+11,2.518211e+15,2,100,N,N
2.331502e+06,1.792504e+11,3.496184e+15,4.617500e+06,8.050484e+11,1.260809e+16,4.337203e+06,9.778354e+11,1.687265e+16,1.899385e+06,1.576455e+11,3.337942e+15,1,46,N,N
2.534329e+06,2.073255e+11,4.122661e+15,5.272326e+06,1.145054e+12,2.790932e+16,5.091029e+06,1.463568e+12,3.895189e+16,1.844514e+06,2.273659e+11,6.770229e+15,1,42,N,N
3.629516e+06,4.995388e+11,1.446165e+16,6.021491e+06,1.326377e+12,3.111469e+16,4.879366e+06,1.635480e+12,4.755986e+16,1.914005e+06,2.794630e+11,1.045751e+16,2,37,N,N
2.041490e+06,2.965472e+11,1.113210e+16,3.803066e+06,9.299901e+11,3.406169e+16,4.459364e+06,1.848233e+12,6.954262e+16,2.538643e+06,9.728438e+11,6.557473e+16,1,36,N,N
1.797452e+06,1.482455e+11,3.043589e+15,3.252714e+06,3.008987e+11,4.427143e+15,2.812014e+06,4.754825e+11,8.929662e+15,1.094925e+06,1.033333e+11,2.333470e+15,1,63,N,N
2.475316e+06,4.023225e+11,1.220613e+16,4.801365e+06,1.290276e+12,2.442262e+16,4.242509e+06,1.138792e+12,2.417712e+16,1.501036e+06,1.699233e+11,4.972106e+15,1,65,N,N
1.433048e+06,6.345313e+10,7.116914e+14,2.983616e+06,5.864690e+11,6.393748e+15,2.673387e+06,7.306278e+11,9.227691e+15,9.537494e+05,8.457634e+10,1.847169e+15,3,58,N,N
2.561601e+06,4.109693e+11,1.262480e+16,4.506798e+06,1.098033e+12,2.311100e+16,4.282052e+06,1.220968e+12,2.861828e+16,1.483570e+06,1.881754e+11,6.155971e+15,0,65,N,N
2.125074e+06,1.521690e+11,2.442325e+15,3.692842e+06,7.316309e+11,8.882277e+15,3.171488e+06,8.973870e+11,1.336952e+16,1.401269e+06,1.703814e+11,4.721930e+15,1,53,N,N
3.832726e+06,5.969141e+11,2.204984e+16,6.424238e+06,1.489017e+12,4.262867e+16,6.772703e+06,2.612285e+12,8.061401e+16,3.086979e+06,5.185971e+11,2.185272e+16,0,7,N,N
2.212874e+06,1.932773e+11,4.221506e+15,4.399216e+06,5.744442e+11,1.165184e+16,3.846876e+06,6.307594e+11,1.458746e+16,1.921601e+06,2.554179e+11,8.804122e+15,1,60,N,N
2.877866e+06,3.386931e+11,1.009379e+16,5.489737e+06,1.226913e+12,3.576647e+16,4.696514e+06,1.351891e+12,4.421017e+16,2.278504e+06,4.127566e+11,1.891088e+16,0,3,N,N
3.483300e+06,3.746451e+11,7.586337e+15,6.121094e+06,1.143748e+12,4.002414e+16,6.047961e+06,2.718061e+12,1.198820e+17,2.821335e+06,8.501767e+11,6.133061e+16,1,33,N,N
2.027960e+06,1.589545e+11,3.177547e+15,3.723949e+06,7.017586e+11,1.431310e+16,3.681308e+06,7.401811e+11,1.548519e+16,1.910087e+06,3.462623e+11,1.223114e+16,3,80,N,N
1.902948e+06,1.343694e+11,2.116850e+15,3.581022e+06,4.686592e+11,9.577923e+15,3.271512e+06,5.376009e+11,1.217717e+16,1.371924e+06,1.304140e+11,2.957370e+15,3,83,N,N
2.306595e+06,2.477695e+11,6.773757e+15,4.329152e+06,1.148713e+12,3.351944e+16,4.223203e+06,1.756408e+12,5.712279e+16,2.003861e+06,5.014403e+11,2.921373e+16,2,78,N,N
2.409617e+06,2.032726e+11,4.064768e+15,5.123957e+06,1.053111e+12,2.373855e+16,4.316210e+06,7.555159e+11,1.826771e+16,1.829711e+06,1.857914e+11,4.475660e+15,0,68,N,N
2.413004e+06,2.923786e+11,8.706886e+15,4.623672e+06,1.322949e+12,3.513814e+16,4.192561e+06,1.454861e+12,4.334608e+16,1.491330e+06,2.036352e+11,6.752949e+15,0,19,N,N
2.247402e+06,2.639878e+11,7.929568e+15,4.519803e+06,6.183162e+11,1.365430e+16,4.082764e+06,7.911477e+11,2.021949e+16,1.680117e+06,2.059974e+11,6.391366e+15,1,89,N,N
2.898017e+06,4.202900e+11,1.556176e+16,5.777940e+06,1.915725e+12,6.538541e+16,5.304960e+06,2.049364e+12,7.501637e+16,2.428946e+06,5.335633e+11,2.899654e+16,1,35,N,N
3.020949e+06,4.243707e+11,1.475951e+16,5.330165e+06,1.424431e+12,4.080336e+16,4.489909e+06,1.929063e+12,6.967498e+16,1.834481e+06,4.956490e+11,3.337972e+16,2,94,N,N
3.206915e+06,4.593882e+11,1.681779e+16,5.217172e+06,1.570291e+12,5.655444e+16,5.231122e+06,2.798449e+12,1.115687e+17,2.491239e+06,6.504459e+11,3.917844e+16,0,87,N,N
2.722701e+06,2.615422e+11,5.886925e+15,5.442250e+06,1.292147e+12,3.487399e+16,4.948563e+06,1.943677e+12,5.871041e+16,2.042963e+06,3.925800e+11,1.901558e+16,0,22,N,N
2.032238e+06,1.571648e+11,3.045735e+15,4.125933e+06,4.376558e+11,7.636433e+15,3.835322e+06,5.725367e+11,1.134459e+16,1.670816e+06,1.560261e+11,3.701336e+15,0,88,N,N
1.897237e+06,1.999044e+11,4.118564e+15,5.134008e+06,1.167279e+12,3.606408e+16,4.639442e+06,1.392906e+12,4.579224e+16,2.078241e+06,4.422366e+11,2.303303e+16,1,73,N,N
2.474471e+06,3.179053e+11,1.048653e+16,4.473841e+06,1.574239e+12,5.259982e+16,3.880231e+06,1.773535e+12,7.090128e+16,1.677995e+06,4.165827e+11,2.695274e+16,0,38,N,N
3.491449e+06,5.694075e+11,2.124870e+16,5.116742e+06,9.981366e+11,2.929918e+16,4.537795e+06,1.615598e+12,5.931796e+16,2.064232e+06,2.919552e+11,1.035777e+16,3,51,N,N
1.696045e+06,1.437922e+11,2.836297e+15,3.291420e+06,3.985055e+11,5.620310e+15,2.962575e+06,8.108959e+11,1.452890e+16,9.669140e+05,9.554571e+10,2.382533e+15,0,48,N,N
3.289643e+06,5.474294e+11,2.254035e+16,5.542695e+06,1.195485e+12,3.739766e+16,5.526388e+06,1.643618e+12,5.508564e+16,2.619888e+06,5.218819e+11,2.613988e+16,3,98,N,N
2.398409e+06,2.384051e+11,5.616327e+15,4.741323e+06,7.651773e+11,2.234982e+16,4.426744e+06,1.334732e+12,4.835796e+16,1.646800e+06,2.312306e+11,6.406422e+15,1,54,N,N
2.238814e+06,2.042577e+11,4.665492e+15,3.671895e+06,3.563735e+11,7.273524e+15,3.473124e+06,4.092178e+11,9.275798e+15,1.868226e+06,1.696562e+11,3.288533e+15,1,100,N,N
3.072420e+06,3.163119e+11,7.197186e+15,5.225160e+06,9.931272e+11,1.766746e+16,4.609179e+06,1.203619e+12,2.450473e+16,2.077965e+06,2.355668e+11,6.766347e+15,1,0,N,N
1.615942e+06,1.108029e+11,1.355144e+15,3.789498e+06,6.074286e+11,1.269863e+16,3.600446e+06,1.183656e+12,3.014502e+16,1.333373e+06,2.003882e+11,8.016997e+15,1,12,N,N
5.084571e+06,1.388702e+12,9.616819e+16,9.349449e+06,2.525300e+12,1.425740e+17,1.161508e+07,6.147073e+12,3.957071e+17,4.868339e+06,1.882774e+12,1.897120e+17,3,72,N,N
3.201557e+06,3.003601e+11,7.098073e+15,6.433823e+06,2.403225e+12,5.043683e+16,5.722693e+06,1.526563e+12,3.395778e+16,2.234821e+06,4.038078e+11,1.729259e+16,2,85,N,N
3.366186e+06,5.360602e+11,2.166810e+16,5.996577e+06,1.515782e+12,5.010676e+16,6.073579e+06,2.344717e+12,8.246157e+16,2.985945e+06,7.142293e+11,3.948168e+16,0,98,N,N
2.077314e+06,1.948215e+11,4.599302e+15,3.697144e+06,6.792119e+11,1.723666e+16,3.414196e+06,7.606563e+11,2.172537e+16,1.453497e+06,2.021693e+11,7.042005e+15,0,11,N,N
2.485709e+06,4.672724e+11,1.804294e+16,4.119570e+06,8.913883e+11,2.274354e+16,3.189168e+06,8.285801e+11,2.604743e+16,1.358412e+06,2.023207e+11,7.879970e+15,2,50,N,N
2.300668e+06,1.982765e+11,2.909096e+15,4.801004e+06,5.502856e+11,1.314937e+16,4.709349e+06,1.057721e+12,3.084702e+16,2.215026e+06,3.535453e+11,1.459737e+16,1,104,N,N
1.937820e+06,2.347949e+11,6.019927e+15,3.931884e+06,7.527060e+11,1.216744e+16,3.053958e+06,9.302212e+11,1.890482e+16,1.032810e+06,1.342947e+11,4.685379e+15,2,48,N,N
3.116095e+06,4.303628e+11,1.196034e+16,5.187505e+06,6.528665e+11,1.247434e+16,4.005179e+06,6.078863e+11,1.440702e+16,1.505780e+06,2.121673e+11,7.484878e+15,0,49,N,N
2.708313e+06,5.766699e+11,2.242557e+16,4.262430e+06,9.819314e+11,2.498993e+16,3.540751e+06,1.365957e+12,4.475802e+16,1.890585e+06,7.607600e+11,5.579836e+16,1,50,N,N
3.876067e+06,6.587924e+11,2.861587e+16,6.548580e+06,1.687066e+12,6.409931e+16,6.621006e+06,2.729835e+12,1.121311e+17,3.089462e+06,8.196312e+11,5.309510e+16,3,47,N,N
1.995706e+06,1.859773e+11,4.414709e+15,3.881109e+06,7.031675e+11,1.622927e+16,3.244285e+06,8.644398e+11,2.439311e+16,1.180795e+06,1.476884e+11,4.266879e+15,2,52,N,N
1.948816e+06,1.820211e+11,3.877419e+15,3.368721e+06,4.299351e+11,7.108931e+15,3.264059e+06,8.437965e+11,1.696260e+16,1.384862e+06,1.819790e+11,6.058816e+15,2,90,N,N
1.573962e+06,9.266138e+10,1.347672e+15,3.060693e+06,5.149207e+11,6.119606e+15,2.597731e+06,7.368200e+11,1.096856e+16,8.799463e+05,9.465166e+10,2.696537e+15,2,58,N,N
1.975447e+06,1.845369e+11,3.381252e+15,4.074683e+06,6.970192e+11,1.968958e+16,4.237735e+06,1.236303e+12,3.777224e+16,1.886086e+06,3.399798e+11,1.567452e+16,3,69,N,N
1.669119e+06,1.262281e+11,2.416818e+15,3.498031e+06,4.892583e+11,8.524840e+15,3.122614e+06,8.320501e+11,1.726974e+16,1.195162e+06,1.236569e+11,3.265284e+15,2,63,N,N
3.243290e+06,4.652672e+11,1.698058e+16,5.760457e+06,1.328025e+12,4.109640e+16,5.306932e+06,1.250039e+12,4.047074e+16,2.761170e+06,6.398754e+11,3.419044e+16,2,98,N,N
2.910497e+06,2.542642e+11,5.626590e+15,5.488459e+06,8.690451e+11,1.647255e+16,5.193150e+06,1.300688e+12,2.856746e+16,2.184059e+06,2.335261e+11,6.228299e+15,1,40,N,N
3.037029e+06,3.630325e+11,1.106689e+16,6.324016e+06,1.956127e+12,5.130002e+16,5.403074e+06,1.435722e+12,4.074670e+16,2.407045e+06,4.638112e+11,2.165725e+16,3,85,N,N
2.261380e+06,2.411289e+11,6.544163e+15,4.052898e+06,8.445186e+11,2.328689e+16,4.239552e+06,1.762690e+12,5.639011e+16,1.978081e+06,5.214923e+11,3.289516e+16,3,78,N,N
3.684330e+06,7.520529e+11,2.473104e+16,4.843970e+06,5.464373e+11,1.168029e+16,3.793486e+06,5.391918e+11,1.445152e+16,1.491592e+06,2.346296e+11,8.924517e+15,1,49,N,N
5.104015e+06,1.453231e+12,1.045186e+17,9.378897e+06,2.877100e+12,1.761025e+17,1.157574e+07,6.808241e+12,4.646385e+17,4.797751e+06,2.446869e+12,3.138272e+17,1,72,N,N
3.563130e+06,4.267339e+11,1.285313e+16,5.334198e+06,1.097131e+12,3.410644e+16,5.201966e+06,2.175570e+12,8.332096e+16,2.485875e+06,5.178649e+11,2.781982e+16,0,24,N,N
3.449868e+06,5.423215e+11,1.549618e+16,5.436766e+06,1.120542e+12,2.442435e+16,4.111101e+06,1.318521e+12,3.785544e+16,1.655491e+06,3.269110e+11,1.698267e+16,1,45,N,N
2.921350e+06,3.825708e+11,1.272050e+16,5.117099e+06,1.127491e+12,3.470898e+16,4.705653e+06,1.741849e+12,6.329380e+16,2.226181e+06,3.850218e+11,1.724381e+16,0,51,N,N
2.321410e+06,2.298633e+11,5.805996e+15,3.775416e+06,4.018185e+11,8.440123e+15,3.425847e+06,3.975269e+11,8.999947e+15,1.887844e+06,1.693756e+11,3.158331e+15,0,100,N,N
2.014570e+06,2.077263e+11,5.123951e+15,4.724555e+06,1.323006e+12,3.510732e+16,4.471857e+06,1.312624e+12,3.577190e+16,1.848829e+06,2.653141e+11,9.923942e+15,1,96,N,N
1.629161e+06,1.259963e+11,2.122210e+15,3.177430e+06,3.996065e+11,9.116818e+15,2.938942e+06,7.530473e+11,2.135707e+16,1.282890e+06,1.526416e+11,4.550017e+15,3,82,N,N
2.432782e+06,4.020579e+11,1.381678e+16,4.034233e+06,7.733685e+11,1.786231e+16,3.436983e+06,1.151268e+12,3.340852e+16,1.307870e+06,1.972114e+11,7.885719e+15,3,50,N,N
2.889271e+06,5.177397e+11,1.819196e+16,5.010464e+06,9.635128e+11,2.196340e+16,3.987870e+06,6.773006e+11,1.738817e+16,1.609061e+06,2.062073e+11,6.516007e+15,3,89,N,N
1.744056e+06,1.392984e+11,2.734848e+15,3.296783e+06,4.967644e+11,1.094410e+16,3.235518e+06,1.035682e+12,2.629573e+16,1.502337e+06,1.906121e+11,6.133299e+15,2,82,N,N
2.488469e+06,3.239853e+11,8.560486e+15,4.021268e+06,7.105899e+11,1.385041e+16,3.598346e+06,9.287811e+11,2.166512e+16,1.385852e+06,1.668800e+11,5.216733e+15,0,55,N,N
1.581314e+06,1.179706e+11,8.360532e+14,3.661222e+06,3.339370e+11,6.760763e+15,3.411984e+06,4.304229e+11,1.042470e+16,1.613727e+06,1.946321e+11,5.315471e+15,0,20,N,N
2.331155e+06,4.089369e+11,1.694618e+16,4.698070e+06,2.104140e+12,6.379673e+16,4.268150e+06,1.536519e+12,4.625454e+16,2.083955e+06,6.668115e+11,4.147572e+16,0,36,N,N
2.317026e+06,2.053072e+11,4.614693e+15,4.836860e+06,1.157493e+12,2.258611e+16,4.680722e+06,1.274581e+12,2.570511e+16,2.322296e+06,4.308309e+11,1.488739e+16,0,56,N,N
3.097728e+06,4.484027e+11,1.540465e+16,5.154117e+06,1.237395e+12,3.294890e+16,4.908989e+06,2.481761e+12,8.138489e+16,1.823533e+06,4.171821e+11,2.450622e+16,1,94,N,N
2.666556e+06,3.069899e+11,9.011211e+15,3.952286e+06,6.059023e+11,1.595773e+16,4.040043e+06,1.171783e+12,3.683253e+16,1.569596e+06,2.267856e+11,8.158692e+15,2,91,N,N
2.725138e+06,3.150188e+11,8.921014e+15,5.617414e+06,9.031097e+11,1.860965e+16,5.929276e+06,1.982388e+12,4.355883e+16,3.260132e+06,7.647513e+11,2.828104e+16,1,70,N,N
2.242762e+06,3.035643e+11,8.999723e+15,5.030087e+06,9.456262e+11,3.374897e+16,5.102135e+06,1.774101e+12,7.394504e+16,2.371788e+06,5.695053e+11,3.615009e+16,0,44,N,N
3.168394e+06,4.548694e+11,1.521805e+16,5.309722e+06,1.376444e+12,3.672765e+16,4.855800e+06,2.621676e+12,8.870717e+16,1.832409e+06,4.696019e+11,2.944525e+16,3,94,N,N
3.134843e+06,2.481747e+11,4.558269e+15,4.972785e+06,6.292926e+11,1.646245e+16,6.536532e+06,2.596381e+12,8.038959e+16,3.564060e+06,1.678993e+12,1.008743e+17,1,79,N,N
2.566439e+06,2.941708e+11,8.450486e+15,4.761956e+06,1.270217e+12,3.008087e+16,4.731374e+06,1.261642e+12,3.014012e+16,2.497227e+06,5.899049e+11,2.590956e+16,3,56,N,N
2.499443e+06,2.478157e+11,6.204417e+15,5.586827e+06,9.455100e+11,1.842516e+16,5.874749e+06,1.873799e+12,3.847098e+16,3.393530e+06,7.909923e+11,2.709013e+16,3,70,N,N
1.907541e+06,1.446049e+11,2.519554e+15,3.801193e+06,3.360155e+11,6.029555e+15,3.697260e+06,5.253153e+11,1.090054e+16,1.794221e+06,2.004968e+11,5.788177e+15,3,88,N,N
2.298990e+06,2.519466e+11,6.802663e+15,3.949344e+06,6.069866e+11,1.249140e+16,3.692724e+06,8.021118e+11,1.929278e+16,1.619901e+06,2.187517e+11,7.720809e+15,3,71,N,N
1.753564e+06,9.187001e+10,9.709539e+14,3.552081e+06,3.153754e+11,5.042592e+15,4.268574e+06,8.669957e+11,1.514455e+16,2.354484e+06,3.083243e+11,8.192535e+15,0,74,N,N
3.883661e+06,7.150991e+11,3.280090e+16,6.159602e+06,2.553880e+12,1.166079e+17,4.717373e+06,2.253217e+12,1.306097e+17,1.792266e+06,4.783539e+11,3.248830e+16,0,17,N,N
3.592235e+06,6.181878e+11,2.440975e+16,5.284937e+06,1.179729e+12,3.851853e+16,4.609658e+06,1.753527e+12,7.148234e+16,2.077824e+06,3.911877e+11,1.920325e+16,1,51,N,N
2.343099e+06,3.301368e+11,1.199847e+16,4.375441e+06,1.690751e+12,6.135223e+16,4.144017e+06,1.540424e+12,5.704014e+16,1.924513e+06,5.795371e+11,3.976779e+16,1,64,N,N
2.097102e+06,1.792913e+11,3.221032e+15,4.274008e+06,6.397078e+11,1.547359e+16,4.918503e+06,1.529577e+12,3.810529e+16,2.398934e+06,3.708954e+11,1.306938e+16,2,77,N,N
3.577955e+06,3.932712e+11,1.079503e+16,7.188292e+06,3.203674e+12,7.717412e+16,6.125178e+06,1.859895e+12,4.791258e+16,2.448663e+06,5.257800e+11,2.609408e+16,1,85,N,N
2.332683e+06,2.604745e+11,7.450919e+15,3.925364e+06,8.856556e+11,2.576411e+16,3.489016e+06,1.342594e+12,4.663829e+16,1.443182e+06,2.846377e+11,1.510496e+16,1,38,N,N
2.588672e+06,2.824261e+11,7.842534e+15,4.782085e+06,1.242874e+12,3.401761e+16,4.123970e+06,1.284656e+12,3.978329e+16,1.737287e+06,2.418304e+11,8.771497e+15,1,91,N,N
2.315246e+06,2.499453e+11,6.867839e+15,4.109282e+06,6.054972e+11,1.417893e+16,3.758575e+06,5.685913e+11,1.402417e+16,1.951382e+06,1.988856e+11,4.561771e+15,3,100,N,N
2.371929e+06,2.003992e+11,4.249422e+15,4.958889e+06,1.231951e+12,2.737826e+16,4.277261e+06,1.241542e+12,3.044119e+16,1.846836e+06,3.542288e+11,1.519262e+16,0,10,N,N
4.045750e+06,5.009537e+11,1.499899e+16,7.618930e+06,2.432045e+12,6.537109e+16,7.252420e+06,2.131111e+12,5.792310e+16,3.432663e+06,7.137525e+11,3.156974e+16,1,99,N,N
2.262458e+06,1.825700e+11,3.736783e+15,4.012238e+06,6.944374e+11,1.485320e+16,3.606133e+06,7.975862e+11,1.899020e+16,1.491274e+06,1.585350e+11,4.273730e+15,1,83,N,N
2.391521e+06,1.752494e+11,3.188311e+15,4.366648e+06,4.826790e+11,8.682478e+15,3.824267e+06,7.851020e+11,1.795511e+16,1.539371e+06,1.884100e+11,5.946262e+15,0,28,N,N
2.559025e+06,2.367120e+11,5.207765e+15,4.637500e+06,6.641836e+11,1.183034e+16,4.542768e+06,1.474157e+12,3.213675e+16,1.901297e+06,2.752935e+11,1.004830e+16,3,59,N,N
2.132595e+06,2.155393e+11,5.441905e+15,4.249713e+06,4.696141e+11,1.060387e+16,4.243768e+06,5.718922e+11,1.426591e+16,1.901831e+06,2.280474e+11,6.173572e+15,0,101,N,N
3.219658e+06,6.898358e+11,3.810812e+16,5.729117e+06,2.375752e+12,1.215633e+17,5.953907e+06,2.789636e+12,1.406658e+17,3.064266e+06,7.176058e+11,4.324122e+16,0,2,N,N
4.392114e+06,6.827786e+11,2.143535e+16,7.586223e+06,2.170971e+12,5.473133e+16,6.878831e+06,1.834958e+12,4.893830e+16,3.077273e+06,5.685515e+11,2.518501e+16,2,99,N,N
1.755737e+06,1.182761e+11,1.650587e+15,3.447294e+06,3.881281e+11,7.587553e+15,3.462637e+06,7.047681e+11,1.584855e+16,1.571516e+06,1.790894e+11,5.303466e+15,0,14,N,N
2.635791e+06,1.900276e+11,3.355805e+15,4.716015e+06,4.695572e+11,8.615360e+15,4.461805e+06,1.118071e+12,2.679850e+16,2.074808e+06,3.106214e+11,1.142573e+16,1,84,N,N
2.941298e+06,2.672437e+11,5.519735e+15,5.522361e+06,1.011267e+12,1.545948e+16,4.935096e+06,2.014182e+12,3.692720e+16,2.035072e+06,3.864374e+11,1.476445e+16,3,92,N,N
3.398571e+06,5.825701e+11,2.051173e+16,5.278846e+06,7.924031e+11,1.905543e+16,4.505980e+06,9.988811e+11,3.076435e+16,1.634307e+06,2.767307e+11,1.174749e+16,3,49,N,N
3.184882e+06,3.661950e+11,1.058923e+16,6.037936e+06,1.067144e+12,2.440152e+16,5.637958e+06,1.722054e+12,4.702157e+16,2.337412e+06,3.343598e+11,1.233840e+16,0,40,N,N
3.011937e+06,4.105671e+11,1.417248e+16,5.358184e+06,1.083837e+12,3.080006e+16,4.481993e+06,1.642887e+12,5.992401e+16,1.927610e+06,3.582802e+11,1.750471e+16,2,57,N,N
2.401095e+06,1.660444e+11,2.841492e+15,4.253573e+06,5.221102e+11,7.093753e+15,3.556615e+06,6.222624e+11,1.016458e+16,1.450372e+06,1.438726e+11,3.665419e+15,0,95,N,N
2.028887e+06,1.739216e+11,3.472477e+15,4.059434e+06,4.017774e+11,7.885381e+15,3.793196e+06,7.383108e+11,1.816510e+16,1.933841e+06,2.838463e+11,1.073804e+16,2,60,N,N
2.712506e+06,3.730701e+11,1.293790e+16,5.608033e+06,1.703033e+12,6.306075e+16,5.006059e+06,2.173755e+12,8.888242e+16,1.818993e+06,4.289768e+11,2.719590e+16,2,73,N,N
2.980657e+06,5.215113e+11,2.295019e+16,5.683657e+06,2.051407e+12,6.889251e+16,5.465906e+06,2.174086e+12,7.310779e+16,2.911272e+06,8.727810e+11,5.208156e+16,3,67,N,N
2.801996e+06,3.164188e+11,8.652558e+15,5.441147e+06,8.156257e+11,1.690463e+16,5.933512e+06,2.025048e+12,4.533442e+16,3.000295e+06,6.490429e+11,2.587907e+16,2,70,N,N
2.034069e+06,1.966799e+11,4.867591e+15,4.302641e+06,1.072112e+12,2.434908e+16,3.176128e+06,6.821874e+11,1.815844e+16,1.222397e+06,1.523473e+11,4.689855e+15,3,52,N,N
2.172886e+06,1.929685e+11,4.059046e+15,3.816310e+06,5.814626e+11,1.483900e+16,3.674617e+06,7.326856e+11,2.077551e+16,1.511107e+06,1.837940e+11,5.106300e+15,1,43,N,N
2.683629e+06,2.332773e+11,4.683031e+15,4.492467e+06,7.119897e+11,1.051459e+16,3.592429e+06,6.962860e+11,1.235779e+16,1.505154e+06,1.966931e+11,6.562307e+15,1,95,N,N
2.113223e+06,1.583843e+11,3.009992e+15,3.677851e+06,3.672540e+11,5.873498e+15,2.965427e+06,4.399033e+11,8.794970e+15,1.147776e+06,1.026859e+11,2.135808e+15,0,62,N,N
3.535942e+06,6.862753e+11,3.368027e+16,6.514979e+06,2.343506e+12,9.235935e+16,5.976136e+06,3.285787e+12,1.540409e+17,2.397928e+06,4.840338e+11,2.472999e+16,0,9,N,N
2.973402e+06,3.943345e+11,1.324807e+16,4.831821e+06,1.220184e+12,4.458069e+16,5.083727e+06,2.600121e+12,1.074136e+17,2.672354e+06,9.217717e+11,6.404716e+16,3,87,N,N
2.561774e+06,1.858526e+11,3.335254e+15,4.867530e+06,4.320645e+11,6.949163e+15,4.582807e+06,7.292377e+11,1.377739e+16,2.259081e+06,2.717246e+11,8.213241e+15,3,86,N,N
3.500914e+06,5.419641e+11,2.002954e+16,8.095354e+06,4.876424e+12,1.195643e+17,7.337309e+06,4.259345e+12,1.071315e+17,3.451423e+06,8.777635e+11,3.919384e+16,1,81,N,N
3.425715e+06,5.126750e+11,1.852250e+16,6.218902e+06,2.279118e+12,6.655779e+16,5.509239e+06,2.756827e+12,9.513719e+16,2.186641e+06,5.645872e+11,3.581132e+16,2,66,N,N
3.840213e+06,5.108999e+11,1.526306e+16,6.171338e+06,1.158161e+12,4.464605e+16,6.098184e+06,2.711471e+12,1.380556e+17,2.722617e+06,8.375978e+11,6.698240e+16,0,33,N,N
1.894769e+06,1.143887e+11,1.753488e+15,3.647345e+06,5.879074e+11,8.215774e+15,3.527907e+06,1.112740e+12,1.751833e+16,1.594654e+06,2.123339e+11,5.927915e+15,0,53,N,N
2.427551e+06,2.423073e+11,6.017587e+15,4.823693e+06,8.610479e+11,1.682541e+16,5.123321e+06,1.782928e+12,3.847237e+16,2.182679e+06,3.466256e+11,1.317402e+16,2,59,N,N
2.169225e+06,2.052249e+11,2.642561e+15,4.427358e+06,1.237641e+12,4.434009e+16,5.494001e+06,3.278969e+12,1.143765e+17,3.981980e+06,2.387665e+12,1.229667e+17,0,16,N,N
2.193682e+06,1.645147e+11,3.078361e+15,4.126302e+06,5.844609e+11,1.186600e+16,4.531689e+06,1.176430e+12,2.576014e+16,2.261274e+06,3.503022e+11,1.259297e+16,2,74,N,N
2.024811e+06,1.384088e+11,2.322957e+15,4.111413e+06,4.905437e+11,8.126853e+15,3.592366e+06,7.842584e+11,1.523720e+16,1.673731e+06,1.955429e+11,5.602811e+15,3,102,N,N
2.085331e+06,1.842872e+11,3.500765e+15,4.031903e+06,4.854972e+11,1.168008e+16,3.792214e+06,9.264083e+11,2.901708e+16,1.668780e+06,3.202704e+11,1.628847e+16,1,69,N,N
2.191509e+06,1.632311e+11,2.343812e+15,5.050441e+06,5.705495e+11,1.052556e+16,4.910522e+06,9.429564e+11,1.939510e+16,2.271324e+06,2.773362e+11,8.629419e+15,0,86,N,N
2.538279e+06,2.194439e+11,3.963378e+15,5.149466e+06,6.848747e+11,1.722328e+16,4.633489e+06,1.090580e+12,3.434119e+16,1.905986e+06,2.850541e+11,1.028518e+16,0,104,N,N
1.700832e+06,1.244271e+11,2.081779e+15,3.488093e+06,5.141786e+11,1.073182e+16,3.170635e+06,7.358982e+11,1.811165e+16,1.320269e+06,2.210826e+11,9.698929e+15,0,12,N,N
2.231560e+06,2.264936e+11,5.079760e+15,4.653929e+06,7.304470e+11,2.060807e+16,4.456646e+06,1.310667e+12,4.426736e+16,1.721499e+06,2.225865e+11,5.952272e+15,0,54,N,N
2.159594e+06,1.533804e+11,2.693073e+15,3.857911e+06,4.564994e+11,8.828259e+15,4.315787e+06,8.962055e+11,1.869319e+16,2.219554e+06,3.188726e+11,1.073469e+16,1,74,N,N
2.754211e+06,2.840286e+11,7.117209e+15,4.358672e+06,9.630134e+11,2.168767e+16,3.666154e+06,8.236825e+11,2.053747e+16,1.581791e+06,1.901276e+11,5.941585e+15,2,83,N,N
2.312528e+06,1.442884e+11,2.184908e+15,4.938761e+06,7.642017e+11,1.257404e+16,4.448451e+06,1.221332e+12,2.345237e+16,1.825834e+06,2.291715e+11,7.088712e+15,1,92,N,N
2.195711e+06,2.148242e+11,5.272189e+15,4.282541e+06,4.402327e+11,9.291873e+15,4.239501e+06,6.426217e+11,1.570860e+16,1.819332e+06,2.253249e+11,6.890647e+15,3,101,N,N
2.389641e+06,2.372446e+11,6.015498e+15,4.706442e+06,1.365373e+12,3.160248e+16,4.871934e+06,1.561963e+12,3.588936e+16,2.441944e+06,5.226171e+11,2.147185e+16,1,56,N,N
2.576380e+06,2.906370e+11,8.383340e+15,4.449227e+06,1.132037e+12,3.096166e+16,4.308507e+06,1.269814e+12,3.640037e+16,1.568572e+06,2.230684e+11,7.920003e+15,0,25,N,N
2.274226e+06,2.673872e+11,7.828628e+15,4.536991e+06,1.180100e+12,2.613824e+16,4.011359e+06,1.065004e+12,2.604425e+16,1.763239e+06,2.465922e+11,8.831083e+15,2,71,N,N
3.047774e+06,3.931262e+11,1.180414e+16,5.037453e+06,1.328037e+12,3.656817e+16,4.985631e+06,2.331199e+12,7.420035e+16,2.442815e+06,5.428580e+11,2.981004e+16,1,75,N,N
2.264058e+06,2.282774e+11,5.875492e+15,4.362674e+06,4.633497e+11,9.396715e+15,4.087075e+06,5.245842e+11,1.197847e+16,1.764926e+06,1.899587e+11,4.686888e+15,1,101,N,N
3.127066e+06,4.151975e+11,1.407154e+16,6.435857e+06,1.647743e+12,5.134387e+16,6.263424e+06,2.092089e+12,6.911557e+16,3.479811e+06,1.181129e+12,6.585794e+16,0,23,N,N
3.699177e+06,5.031709e+11,1.341758e+16,6.121667e+06,1.350315e+12,2.887314e+16,4.880653e+06,1.714217e+12,4.592227e+16,1.853275e+06,2.547365e+11,9.104313e+15,0,37,N,N
2.981302e+06,3.184882e+11,8.366624e+15,6.027353e+06,2.030621e+12,4.311104e+16,5.306217e+06,1.358796e+12,3.050189e+16,2.234171e+06,3.229827e+11,1.139726e+16,0,85,N,N
1.853344e+06,1.545414e+11,2.880156e+15,4.281969e+06,8.269204e+11,1.864471e+16,4.476309e+06,1.220919e+12,2.833652e+16,1.876814e+06,2.241210e+11,6.904218e+15,0,96,N,N
1.908869e+06,1.930930e+11,4.784233e+15,4.188040e+06,9.657540e+11,2.539861e+16,4.059940e+06,1.617473e+12,4.814309e+16,2.034728e+06,4.928263e+11,2.517886e+16,0,78,N,N
2.157611e+06,1.912461e+11,4.304431e+15,4.727889e+06,1.069323e+12,2.222024e+16,4.857172e+06,1.421585e+12,2.959626e+16,2.341801e+06,4.678485e+11,1.791470e+16,2,56,N,N
1.880547e+06,1.537900e+11,2.291238e+15,4.140274e+06,6.895125e+11,1.723993e+16,4.153153e+06,1.200931e+12,3.372354e+16,1.853019e+06,3.356162e+11,1.552595e+16,0,69,N,N
3.455541e+06,5.897287e+11,2.252530e+16,5.074518e+06,8.686421e+11,2.404414e+16,4.515743e+06,1.656664e+12,6.002806e+16,1.838849e+06,3.133575e+11,1.380441e+16,3,57,N,N
3.341922e+06,5.060429e+11,1.800659e+16,5.050718e+06,8.811903e+11,2.411839e+16,4.188547e+06,1.291127e+12,4.622165e+16,1.842759e+06,3.104262e+11,1.331646e+16,1,57,N,N
2.676541e+06,3.080655e+11,8.830277e+15,4.596617e+06,5.455154e+11,1.139794e+16,4.056658e+06,7.845940e+11,2.063141e+16,1.775275e+06,2.625219e+11,1.014813e+16,2,89,N,N
3.080133e+06,4.193816e+11,1.344136e+16,5.394061e+06,1.341920e+12,3.424173e+16,4.678453e+06,2.141366e+12,7.078144e+16,1.568406e+06,3.186411e+11,1.741230e+16,0,94,N,N
2.907214e+06,2.105221e+11,3.344155e+15,5.245403e+06,7.840388e+11,1.821881e+16,5.571137e+06,1.322235e+12,3.343571e+16,2.593184e+06,3.987453e+11,1.491430e+16,0,79,N,N
2.417548e+06,3.735767e+11,1.480494e+16,4.429138e+06,1.327960e+12,4.811137e+16,3.931725e+06,1.129793e+12,4.430127e+16,1.841852e+06,3.053823e+11,1.253607e+16,0,21,N,N
1.707975e+06,1.461758e+11,2.970925e+15,3.298195e+06,5.279047e+11,1.244649e+16,3.290670e+06,9.919878e+11,2.640466e+16,1.347908e+06,1.577245e+11,4.755448e+15,0,82,N,N
2.428076e+06,2.165364e+11,4.898948e+15,4.239043e+06,7.524220e+11,1.533432e+16,3.442807e+06,6.342752e+11,1.487890e+16,1.432994e+06,1.439567e+11,3.536205e+15,0,83,N,N
1.846852e+06,1.958252e+11,4.289976e+15,3.577489e+06,5.430885e+11,7.958918e+15,2.926229e+06,7.155767e+11,1.312673e+16,9.991351e+05,9.643813e+10,2.156049e+15,1,48,N,N
2.546004e+06,1.738510e+11,2.522495e+15,4.687540e+06,5.695092e+11,1.185863e+16,4.618541e+06,1.148960e+12,2.745062e+16,2.355466e+06,4.163913e+11,1.553476e+16,3,84,N,N
1.953333e+06,1.453755e+11,2.496115e+15,3.975718e+06,3.672274e+11,6.594107e+15,3.854073e+06,6.092523e+11,1.290891e+16,1.793130e+06,1.832774e+11,4.781576e+15,0,60,N,N
2.165632e+06,1.894365e+11,4.144548e+15,4.083354e+06,4.232985e+11,8.144269e+15,3.764050e+06,7.807782e+11,1.916465e+16,1.790162e+06,2.294750e+11,7.628242e+15,3,60,N,N
1.369406e+06,8.282453e+10,1.091437e+15,3.046420e+06,2.305186e+11,3.340234e+15,3.218348e+06,5.157251e+11,8.698556e+15,1.657187e+06,1.716705e+11,4.391515e+15,0,13,N,N
2.144247e+06,2.002429e+11,4.688983e+15,4.350713e+06,9.867211e+11,2.423537e+16,4.973219e+06,3.174677e+12,8.910130e+16,2.087189e+06,8.224254e+11,5.453028e+16,0,30,N,N
3.860026e+06,6.728032e+11,2.519800e+16,7.977137e+06,4.414834e+12,1.034376e+17,7.071637e+06,4.040789e+12,1.034541e+17,2.993416e+06,6.485434e+11,3.012021e+16,3,81,N,N
1.800595e+06,1.494834e+11,3.050788e+15,3.329609e+06,4.216193e+11,6.606961e+15,3.049407e+06,7.735498e+11,1.466281e+16,1.065976e+06,1.033933e+11,2.392795e+15,3,63,N,N
2.445189e+06,3.931830e+11,1.572769e+16,4.845500e+06,2.024716e+12,6.247732e+16,4.082257e+06,1.552345e+12,5.164416e+16,2.188758e+06,6.984415e+11,4.104879e+16,2,64,N,N
2.020193e+06,1.736048e+11,3.404730e+15,3.936006e+06,4.448325e+11,1.012057e+16,3.591147e+06,6.687264e+11,1.884988e+16,1.490327e+06,2.316350e+11,9.081341e+15,2,69,N,N
1.568141e+06,1.095811e+11,1.313115e+15,3.532702e+06,4.141295e+11,8.480046e+15,3.362278e+06,8.278467e+11,2.102628e+16,1.327950e+06,2.062220e+11,8.545187e+15,2,12,N,N
2.746240e+06,2.691160e+11,6.431506e+15,4.721196e+06,1.014050e+12,2.219397e+16,3.930247e+06,1.089941e+12,2.888821e+16,1.578375e+06,2.748271e+11,1.236831e+16,1,10,N,N
2.462255e+06,2.371743e+11,5.807420e+15,3.643846e+06,4.756235e+11,1.150825e+16,3.342756e+06,4.708446e+11,1.247364e+16,1.409169e+06,1.646512e+11,3.580319e+15,0,43,N,N
2.858612e+06,5.095002e+11,2.294190e+16,5.888718e+06,2.524432e+12,8.395634e+16,5.712535e+06,2.489228e+12,8.080559e+16,2.813271e+06,5.387119e+11,2.403297e+16,0,67,N,N
2.096838e+06,1.464608e+11,2.221878e+15,3.878977e+06,7.220633e+11,7.734913e+15,3.146022e+06,9.060923e+11,1.232073e+16,1.327416e+06,1.444051e+11,3.597760e+15,2,53,N,N
2.711403e+06,4.794757e+11,1.438356e+16,4.904071e+06,1.517293e+12,3.118026e+16,4.222009e+06,1.166882e+12,2.768531e+16,1.408327e+06,1.784764e+11,5.834226e+15,3,65,N,N
3.600338e+06,2.974048e+11,6.182497e+15,5.872967e+06,9.862401e+11,2.184523e+16,5.976568e+06,2.398315e+12,6.384638e+16,2.238613e+06,3.687096e+11,1.577259e+16,3,76,N,N
1.869656e+06,1.202723e+11,1.513315e+15,3.831017e+06,4.463476e+11,8.492175e+15,3.897089e+06,1.074899e+12,2.344169e+16,1.820616e+06,2.504634e+11,8.375899e+15,1,102,N,N
2.777600e+06,3.312648e+11,1.003601e+16,5.604577e+06,1.305092e+12,3.316762e+16,5.097159e+06,2.035212e+12,5.772055e+16,1.990606e+06,3.649151e+11,1.625162e+16,0,73,N,N
