1.066045e+08,1.527788e+14,2.581990e+06,1.641141e+07,2.367839e+13,1.795079e+14,9.801265e+13,5.338146e+07,1.679311e+15,3.806640e+08,3.834481e+07,-4.543361e+15,-1.555584e+15,-3.885241e+15,6.571123e+07,3.177096e+15,6.158741e+07,1.638421e+07,4.649960e+14,6.562896e+14,3.002506e+14,2,76
5.865760e+07,2.025807e+14,3.986847e+06,7.798409e+05,1.457085e+11,-1.097582e+13,7.539767e+11,2.538643e+07,3.719225e+14,1.444019e+08,1.291743e+07,-5.555499e+14,-2.486388e+14,-4.695003e+14,3.946628e+07,1.107002e+15,4.308504e+07,3.646639e+06,-2.553379e+13,-9.878313e+13,-2.593331e+13,1,41
6.823720e+07,1.762830e+14,7.920137e+06,5.104522e+06,-1.926397e+13,5.022371e+13,-1.411267e+13,3.146778e+07,5.581412e+14,1.422194e+08,1.633601e+07,-7.871964e+14,-3.858617e+14,-6.399664e+14,4.473687e+07,1.515813e+15,1.375816e+07,1.218811e+06,-4.746377e+12,-4.448561e+13,-2.304109e+11,0,46
5.342825e+07,1.631428e+14,8.242576e+06,6.802241e+06,-4.702397e+13,8.085869e+13,-4.104286e+13,2.494337e+07,2.481721e+14,1.198229e+08,1.294129e+07,-4.890291e+14,-1.966990e+14,-4.679449e+14,3.769779e+07,9.613733e+14,2.712677e+07,1.423258e+06,-8.754727e+12,-4.301782e+13,1.408816e+11,2,96
5.583918e+07,2.867973e+14,6.447758e+06,2.898180e+06,6.762855e+12,-1.144986e+13,4.082339e+12,2.292447e+07,2.581596e+14,1.413392e+08,1.219640e+07,-4.629875e+14,-1.844882e+14,-2.880618e+14,3.985180e+07,1.084669e+15,2.672463e+07,1.612774e+06,-1.058677e+13,-5.252659e+13,-8.681418e+12,0,58
7.252783e+07,2.916382e+14,2.187538e+06,6.806632e+06,1.844491e+13,1.081005e+14,3.038997e+13,3.055690e+07,6.259085e+14,1.649914e+08,1.721366e+07,-9.172489e+14,-4.305903e+14,-8.166002e+14,4.757904e+07,1.763830e+15,1.019719e+07,4.483951e+06,3.028100e+13,1.798446e+14,-6.742956e+12,1,103
6.598707e+07,5.201168e+14,1.098591e+07,3.104950e+06,-1.717368e+13,7.070001e+13,-1.038906e+13,2.574346e+07,3.061130e+14,1.483028e+08,1.568161e+07,-7.562381e+14,-2.743064e+14,-6.930561e+14,4.854005e+07,1.642562e+15,1.063151e+07,5.108068e+05,1.629692e+11,-1.704014e+13,-1.232999e+12,2,55
6.819650e+07,2.895111e+14,8.529258e+06,8.029433e+05,1.185200e+12,1.343483e+13,2.722352e+12,2.848089e+07,5.190234e+14,1.380019e+08,1.332699e+07,-5.649503e+14,-3.021103e+14,-5.006869e+14,4.546037e+07,1.577692e+15,3.179351e+06,1.688692e+06,3.577610e+12,6.491067e+13,7.935321e+10,2,84
7.719059e+07,3.569935e+14,7.465214e+06,5.170552e+06,3.076186e+13,9.716997e+13,3.205542e+13,3.180377e+07,7.113870e+14,1.260182e+08,1.226151e+07,-4.810658e+14,-3.266216e+14,-4.933656e+14,5.051996e+07,2.065023e+15,6.019468e+06,5.722967e+06,3.209885e+13,2.599551e+14,-6.368544e+11,0,29
5.932123e+07,2.658666e+14,1.941385e+06,2.751281e+06,2.738904e+12,4.154436e+13,2.339746e+12,2.461801e+07,3.411904e+14,1.495757e+08,1.364625e+07,-6.165020e+14,-2.520406e+14,-6.739141e+14,4.088618e+07,1.212328e+15,2.122009e+07,3.337091e+06,2.192307e+13,4.538757e+13,1.530159e+13,0,52
7.953591e+07,6.554242e+14,1.583206e+07,3.374659e+07,7.499808e+14,8.619442e+14,7.427694e+14,3.080448e+07,5.434980e+14,1.435398e+08,1.633288e+07,-7.898491e+14,-3.804835e+14,-8.485048e+14,5.625477e+07,2.386354e+15,5.153202e+07,2.713219e+07,1.004258e+15,1.225365e+15,8.891613e+14,2,80
6.822845e+07,5.749023e+14,3.013584e+06,1.909744e+06,1.170515e+12,3.822085e+13,4.748334e+12,2.629848e+07,3.293393e+14,1.241618e+08,1.371699e+07,-5.660691e+14,-2.489234e+14,-4.816190e+14,5.015812e+07,1.835165e+15,1.551769e+07,3.483653e+06,1.588553e+13,5.031137e+13,2.712781e+13,2,65
6.541912e+07,5.065734e+14,1.057927e+07,4.761550e+06,-1.796577e+13,9.203373e+13,-3.288163e+13,2.563545e+07,3.008167e+14,1.582473e+08,1.699110e+07,-8.751154e+14,-2.940363e+14,-8.752725e+14,4.807600e+07,1.603564e+15,8.577431e+06,8.666730e+04,-7.454697e+10,-2.288512e+12,-1.078091e+10,3,55
5.711383e+07,1.200463e+14,9.617128e+05,8.092265e+06,-1.023547e+13,8.393040e+13,-2.348212e+12,2.658439e+07,3.873624e+14,1.243483e+08,1.127846e+07,-3.969416e+14,-2.150989e+14,-4.549246e+14,3.751770e+07,9.771505e+14,4.543222e+07,3.792413e+06,-3.703723e+12,-4.347957e+13,5.978198e+12,3,68
6.924241e+07,4.114228e+14,1.699523e+07,6.324982e+06,-4.911515e+13,1.124651e+14,-5.825241e+13,2.966671e+07,3.771327e+14,1.466188e+08,1.819684e+07,-9.140806e+14,-3.435336e+14,-9.039258e+14,4.987568e+07,1.806858e+15,6.742581e+06,2.311717e+05,-2.759357e+11,-7.384571e+12,-1.516906e+10,0,47
6.915743e+07,1.600940e+14,1.246454e+06,1.123336e+06,-1.251313e+12,6.962735e+12,3.560407e+10,3.112390e+07,6.450433e+14,1.390877e+08,1.434995e+07,-5.804192e+14,-3.479145e+14,-5.258842e+14,4.377253e+07,1.504130e+15,1.377365e+07,1.899071e+06,4.315219e+12,3.998562e+12,4.638515e+12,0,15
6.071099e+07,1.127200e+14,4.058029e+05,4.022385e+06,8.407026e+11,3.638401e+13,-5.445636e+12,2.844128e+07,4.720315e+14,1.591969e+08,1.463502e+07,-6.698261e+14,-3.085445e+14,-6.932052e+14,3.900789e+07,1.107661e+15,6.190177e+07,6.890796e+06,2.598578e+12,-3.659937e+13,2.053325e+13,1,76
4.370888e+07,1.666967e+14,1.926511e+07,3.016026e+06,-2.201389e+13,3.859134e+13,-2.836488e+13,1.995015e+07,1.198373e+14,1.363189e+08,1.086968e+07,-3.915751e+14,-1.149284e+14,-3.912031e+14,3.276475e+07,5.781532e+14,5.654926e+07,3.294968e+06,-1.394860e+13,-5.763897e+13,-1.651797e+13,3,91
6.249685e+07,1.149089e+14,2.296992e+06,7.443362e+06,3.061143e+13,7.975248e+13,1.978682e+13,2.998810e+07,4.800971e+14,1.690027e+08,1.555855e+07,-7.584238e+14,-3.315059e+14,-7.120960e+14,4.065159e+07,1.219195e+15,5.844269e+07,1.166582e+07,2.464233e+14,2.348061e+14,2.155576e+14,0,76
6.488023e+07,2.528570e+14,2.953786e+07,1.691619e+06,5.756876e+12,1.848678e+13,6.121423e+12,2.740277e+07,4.753173e+14,1.264382e+08,1.190286e+07,-3.615332e+14,-2.259776e+14,-3.986209e+14,4.319807e+07,1.430703e+15,4.131267e+06,5.656645e+06,2.435679e+13,2.122921e+14,9.539777e+12,1,62
4.596197e+07,3.399274e+14,5.722306e+06,1.031333e+06,-2.355287e+12,1.846179e+13,-1.185504e+11,1.805421e+07,9.093482e+13,1.054637e+08,6.392873e+06,-1.657358e+14,-6.094372e+13,-1.367165e+14,3.648528e+07,7.795396e+14,2.947166e+07,8.532941e+05,-4.227603e+12,-2.307180e+13,-3.264566e+12,0,75
6.484932e+07,4.599979e+14,6.990418e+06,8.250548e+06,-4.958550e+13,1.351424e+14,-1.908095e+13,2.573123e+07,3.199554e+14,1.501542e+08,1.583124e+07,-7.694282e+14,-2.829118e+14,-5.624684e+14,4.717356e+07,1.538651e+15,1.185622e+07,5.964753e+05,1.295081e+12,1.957474e+13,1.235230e+12,1,55
5.320754e+07,1.628298e+14,9.415877e+06,6.818145e+06,-5.368741e+13,8.670957e+13,-4.535779e+13,2.474906e+07,2.490911e+14,1.265529e+08,1.322336e+07,-5.381821e+14,-2.072255e+14,-5.365692e+14,3.744446e+07,9.301703e+14,3.653153e+07,2.121446e+06,-1.862605e+13,-6.461927e+13,-1.815309e+12,3,96
5.523057e+07,1.925817e+14,1.109320e+06,3.713139e+06,-6.798842e+12,3.146703e+13,1.281949e+11,2.365635e+07,3.340083e+14,1.300589e+08,1.048840e+07,-3.774944e+14,-1.886282e+14,-2.497585e+14,3.745580e+07,1.003002e+15,3.961086e+07,4.094137e+06,1.006706e+12,-3.940014e+13,8.484410e+12,0,57
6.146098e+07,2.612096e+14,1.904843e+06,6.504287e+06,2.111911e+13,9.406867e+13,1.673531e+13,2.591713e+07,3.818878e+14,1.365446e+08,1.455200e+07,-6.422980e+14,-2.827952e+14,-5.732345e+14,4.199011e+07,1.300874e+15,1.115023e+07,3.934026e+06,2.563673e+13,1.198661e+14,-7.498947e+12,1,82
4.678610e+07,2.105517e+14,2.722142e+07,1.289966e+05,-6.888657e+10,-1.868787e+12,1.283529e+10,2.005057e+07,1.508145e+14,1.220525e+08,8.397270e+06,-2.638764e+14,-1.025394e+14,-2.647899e+14,3.450915e+07,7.158608e+14,3.373402e+07,3.156295e+06,2.635504e+13,1.330348e+13,3.241407e+13,0,39
4.580944e+07,1.926797e+14,1.880604e+04,7.623974e+06,2.089732e+11,1.045810e+14,-3.126957e+12,2.065245e+07,1.275360e+14,1.344159e+08,8.486427e+06,-2.735881e+14,-9.357717e+13,-2.862783e+14,3.452523e+07,7.321956e+14,4.845714e+07,7.768856e+06,1.504079e+14,1.704226e+14,1.291719e+14,1,66
6.838940e+07,2.639529e+14,4.073295e+06,7.513634e+05,1.201388e+12,1.219717e+13,8.479061e+11,2.873998e+07,5.527256e+14,1.372567e+08,1.299035e+07,-5.478535e+14,-3.051740e+14,-5.651387e+14,4.488276e+07,1.575254e+15,1.361303e+07,2.437878e+06,1.244635e+13,3.555194e+13,1.062784e+13,0,63
4.734719e+07,1.839474e+14,4.536571e+06,3.040680e+07,-3.505889e+14,4.115885e+14,-4.505749e+14,2.117002e+07,1.679108e+14,1.350019e+08,1.514395e+07,-5.094640e+14,-1.627294e+14,-4.982048e+14,3.455786e+07,6.965199e+14,6.911145e+07,8.444889e+06,1.110549e+14,8.574719e+13,-5.962170e+13,0,81
8.019170e+07,4.789246e+14,5.500368e+06,2.656853e+07,3.096985e+14,5.774041e+14,1.846679e+14,3.416851e+07,5.851588e+14,1.109434e+08,1.430901e+07,-5.700396e+14,-3.459486e+14,-5.858683e+14,5.602152e+07,2.372413e+15,4.645532e+07,1.861791e+07,5.422572e+14,8.836143e+14,5.748061e+14,1,98
7.616556e+07,3.129171e+14,3.972981e+06,7.220872e+06,2.826757e+13,1.250317e+14,2.207709e+13,3.578712e+07,5.220507e+14,1.399653e+08,1.880926e+07,-8.888328e+14,-4.013775e+14,-8.852041e+14,5.342403e+07,2.185031e+15,3.160341e+07,1.688876e+07,3.896548e+14,6.453864e+14,3.499981e+14,2,79
6.120269e+07,2.799916e+14,2.859135e+06,4.796178e+05,2.809595e+11,-4.818613e+11,6.521387e+11,2.557322e+07,3.653186e+14,1.424960e+08,1.367294e+07,-6.021507e+14,-2.610121e+14,-6.931880e+14,4.222220e+07,1.272639e+15,3.088613e+07,2.657438e+06,-2.275657e+13,-9.395150e+13,-2.181905e+13,3,48
8.174809e+07,8.045348e+13,3.391114e+06,1.165509e+06,1.371343e+12,9.498795e+12,1.380458e+12,3.895498e+07,1.151092e+15,1.286550e+08,1.343117e+07,-5.582445e+14,-4.556361e+14,-5.987332e+14,4.787328e+07,1.905887e+15,6.848532e+06,1.723421e+06,5.219909e+12,2.891752e+13,1.562074e+12,2,86
6.829185e+07,2.677923e+14,1.498120e+06,7.013695e+06,7.327094e+12,1.012667e+14,3.010436e+13,3.119650e+07,4.546425e+14,1.196274e+08,1.248878e+07,-4.702566e+14,-2.654689e+14,-3.854073e+14,4.699612e+07,1.678879e+15,9.639354e+06,4.211393e+06,2.555808e+13,1.716431e+14,2.645827e+13,0,27
7.317980e+07,3.595881e+14,2.986217e+06,1.466165e+06,-2.647716e+12,1.263256e+13,5.371086e+10,3.045925e+07,5.687531e+14,1.378587e+08,1.388797e+07,-5.858434e+14,-3.229902e+14,-4.659032e+14,4.936873e+07,1.869294e+15,1.891117e+07,3.285491e+06,1.775913e+13,2.500036e+13,2.007997e+13,3,79
7.132489e+07,2.225398e+14,5.427449e+06,2.306261e+05,-2.338553e+11,3.418676e+12,-2.214219e+11,3.055031e+07,6.745115e+14,1.385081e+08,1.326476e+07,-5.684226e+14,-3.444571e+14,-5.661130e+14,4.535373e+07,1.662600e+15,1.105529e+07,7.892731e+05,-9.601776e+11,-2.349914e+13,-1.037070e+12,0,26
5.519022e+07,1.746440e+14,3.979019e+05,4.358165e+06,5.238234e+12,5.236222e+13,4.990593e+12,2.461295e+07,3.143539e+14,1.384728e+08,1.091162e+07,-3.596799e+14,-1.752210e+14,-3.472374e+14,3.757240e+07,9.863301e+14,5.264626e+07,6.308777e+06,7.277322e+13,5.660658e+13,7.004527e+13,1,61
6.837005e+07,4.091363e+14,2.124761e+07,4.945957e+06,-5.068289e+13,9.834119e+13,-3.952904e+13,2.871530e+07,3.801000e+14,1.431637e+08,1.768825e+07,-8.344438e+14,-3.292123e+14,-8.460115e+14,4.892452e+07,1.746540e+15,5.767401e+06,2.102775e+05,-7.903200e+09,-7.605984e+12,1.347580e+11,1,47
7.040662e+07,7.554508e+14,2.759983e+05,1.584182e+07,3.277599e+13,4.351825e+14,3.975938e+13,2.694381e+07,2.556078e+14,1.292299e+08,1.553745e+07,-6.958535e+14,-2.483774e+14,-6.795340e+14,5.441965e+07,1.986989e+15,8.133718e+06,1.036949e+07,9.387597e+13,4.473870e+14,-3.293206e+12,1,97
6.347793e+07,2.377402e+14,2.034372e+05,4.207013e+06,2.686126e+12,4.046668e+13,-2.363119e+12,2.799829e+07,4.134990e+14,1.352248e+08,1.322842e+07,-5.575686e+14,-2.677606e+14,-4.978165e+14,4.314769e+07,1.379345e+15,1.159405e+07,1.364203e+06,4.189435e+12,1.593024e+13,-3.616522e+11,0,0
6.673675e+07,2.717396e+14,7.500227e+06,1.344106e+06,-2.230099e+12,9.609167e+12,1.434667e+12,2.804962e+07,5.033229e+14,1.451644e+08,1.387952e+07,-6.122273e+14,-3.084574e+14,-6.812380e+14,4.447465e+07,1.497871e+15,2.265762e+07,1.727844e+06,-1.047211e+13,-6.676793e+13,-8.318468e+12,2,104
4.726235e+07,3.907591e+14,8.699017e+06,1.421952e+05,-1.563622e+11,-1.598632e+12,-1.551097e+11,1.799430e+07,9.030125e+13,9.662424e+07,6.202466e+06,-1.518341e+14,-5.886918e+13,-1.383210e+14,3.776034e+07,8.572060e+14,1.708356e+07,1.668821e+06,8.857874e+12,2.661766e+13,8.930199e+12,3,75
4.908068e+07,2.506364e+14,1.888900e+07,1.546649e+06,-8.220247e+12,2.445918e+13,-5.606152e+12,2.047100e+07,1.658269e+14,1.233826e+08,1.067251e+07,-3.179718e+14,-1.207225e+14,-3.405413e+14,3.629807e+07,8.202553e+14,3.551800e+07,2.590969e+06,1.091988e+13,-2.992042e+13,1.354108e+12,2,51
6.875948e+07,3.742956e+14,4.733852e+06,2.160488e+06,1.286904e+12,2.296567e+13,-5.365535e+11,2.777642e+07,4.724087e+14,1.367887e+08,1.414740e+07,-5.970324e+14,-2.995508e+14,-6.138361e+14,4.702522e+07,1.690583e+15,4.290738e+06,1.713636e+06,4.156765e+12,6.162635e+13,3.207525e+12,3,90
4.803635e+07,2.239847e+14,5.010014e+06,4.731570e+06,-2.282125e+13,7.007841e+13,-2.912336e+13,2.099896e+07,1.514682e+14,1.073346e+08,8.856917e+06,-2.730227e+14,-1.089288e+14,-3.052856e+14,3.586239e+07,8.195907e+14,4.566395e+07,2.014881e+06,-1.915593e+13,-5.767393e+13,-4.265592e+12,3,77
7.500914e+07,3.062277e+14,1.625621e+07,9.000489e+05,2.969209e+12,1.327569e+13,1.205895e+12,3.170452e+07,6.675151e+14,1.448253e+08,1.415452e+07,-6.403433e+14,-3.654895e+14,-6.715908e+14,4.919345e+07,1.897456e+15,6.705468e+06,3.250970e+06,1.487493e+13,1.268566e+14,4.286893e+12,0,31
5.992244e+07,3.289102e+14,1.091846e+06,6.111819e+06,1.578812e+13,1.030109e+14,6.480773e+12,2.548979e+07,2.704500e+14,1.180391e+08,9.965185e+06,-3.194824e+14,-1.552448e+14,-3.347277e+14,4.357186e+07,1.293449e+15,2.307992e+07,3.099980e+06,2.455448e+13,5.447387e+13,2.440062e+11,1,5
6.858812e+07,4.355245e+14,2.588520e+06,1.501096e+07,-2.585689e+13,3.132671e+14,5.666422e+13,2.859488e+07,3.665517e+14,1.206428e+08,1.421091e+07,-5.866130e+14,-2.712523e+14,-5.422756e+14,4.944593e+07,1.709213e+15,1.776300e+07,6.025852e+06,6.167506e+13,2.472843e+14,4.421317e+13,3,99
4.510412e+07,2.178958e+14,4.512724e+07,3.652723e+06,-4.653886e+13,5.386220e+13,-3.682087e+13,1.938036e+07,1.221248e+14,1.192392e+08,1.147765e+07,-4.173968e+14,-1.253529e+14,-3.586776e+14,3.414163e+07,6.667780e+14,2.451010e+07,2.784783e+06,2.275446e+13,8.671690e+12,4.764889e+12,0,42
6.962974e+07,2.805540e+14,6.595352e+06,1.629220e+07,-1.587863e+14,2.661328e+14,-6.665077e+13,3.031425e+07,5.164252e+14,1.693644e+08,1.916703e+07,-1.091703e+15,-4.355691e+14,-9.590007e+14,4.693970e+07,1.637072e+15,1.869151e+07,4.163618e+06,3.177644e+13,1.113929e+14,-1.587902e+13,0,70
7.460862e+07,5.278694e+14,1.425691e+07,2.052029e+07,3.508109e+14,4.714556e+14,3.697874e+14,2.931942e+07,4.984463e+14,1.467201e+08,1.591954e+07,-7.664942e+14,-3.546864e+14,-7.464660e+14,5.228964e+07,2.052331e+15,3.612016e+07,1.639507e+07,3.889622e+14,6.827880e+14,3.160007e+14,1,80
6.506722e+07,3.985381e+14,2.142737e+06,1.618359e+06,-1.550377e+12,-3.136522e+13,-1.063862e+12,2.669559e+07,3.403216e+14,1.408712e+08,1.380271e+07,-5.883361e+14,-2.477707e+14,-4.516426e+14,4.664585e+07,1.530669e+15,2.209724e+06,8.466292e+04,3.529979e+10,2.232625e+12,-4.318455e+09,1,34
6.410781e+07,5.162383e+14,5.933364e+06,1.632188e+05,-6.761811e+10,9.745838e+11,-4.799859e+10,2.466291e+07,2.830892e+14,1.246772e+08,1.325379e+07,-5.385012e+14,-2.229729e+14,-5.711062e+14,4.730444e+07,1.563270e+15,1.016324e+06,1.665060e+06,2.482526e+11,6.305496e+13,5.549577e+11,3,93
6.066681e+07,3.535567e+14,2.186947e+07,1.060810e+06,-5.071937e+12,1.992286e+13,-5.224825e+12,2.575304e+07,2.607647e+14,1.194673e+08,1.429710e+07,-5.902902e+14,-2.308689e+14,-5.964215e+14,4.452652e+07,1.354156e+15,5.315371e+06,1.585165e+06,4.079302e+12,3.690817e+13,4.071036e+11,0,93
7.075512e+07,4.633099e+14,2.050964e+05,3.223586e+06,-1.471361e+12,5.710885e+13,2.201948e+12,2.834500e+07,4.448376e+14,1.407389e+08,1.537478e+07,-6.791846e+14,-3.139838e+14,-6.530193e+14,4.966864e+07,1.827008e+15,7.170405e+06,1.028774e+06,2.388546e+12,3.098253e+13,-1.090285e+12,0,6
7.512037e+07,3.357801e+14,3.019477e+06,4.141974e+06,1.050899e+13,6.069389e+13,9.952877e+12,3.165907e+07,6.451025e+14,1.429096e+08,1.536404e+07,-7.108703e+14,-3.873530e+14,-6.141983e+14,4.986782e+07,1.975765e+15,5.495618e+06,3.102648e+06,1.279910e+13,1.355122e+14,4.664607e+11,0,18
4.753066e+07,1.945164e+14,4.586438e+06,7.069632e+06,-2.873950e+13,9.378658e+13,-2.692814e+13,2.078382e+07,1.653263e+14,1.521091e+08,1.141337e+07,-4.707083e+14,-1.460493e+14,-4.883293e+14,3.467794e+07,7.937522e+14,3.254802e+07,3.047539e+06,2.247721e+13,4.438177e+13,1.847818e+13,0,50
7.564865e+07,2.633671e+14,2.703991e+06,1.598715e+06,2.680357e+12,-2.363040e+13,1.447287e+12,3.255792e+07,7.296922e+14,1.587238e+08,1.662947e+07,-8.215351e+14,-4.400996e+14,-6.154937e+14,4.878273e+07,1.866537e+15,2.992040e+06,3.695976e+05,2.995463e+11,-3.031717e+12,1.538463e+11,2,101
6.905080e+07,1.817644e+14,3.014007e+05,2.300688e+05,5.731756e+10,2.644470e+12,4.959168e+10,3.000191e+07,6.548322e+14,1.322205e+08,1.309844e+07,-5.424901e+14,-3.341825e+14,-5.273533e+14,4.347419e+07,1.524856e+15,1.006213e+07,8.620098e+05,-8.619286e+11,-2.122917e+13,-5.090933e+11,3,74
3.852493e+07,8.125177e+13,4.843254e+06,1.233347e+07,-8.596349e+13,1.045915e+14,-8.025153e+13,1.891854e+07,1.130436e+14,1.307764e+08,8.995599e+06,-3.084062e+14,-9.563021e+13,-2.638096e+14,2.793099e+07,3.849008e+14,1.002339e+08,4.898349e+06,-8.313532e+13,-6.596341e+13,-9.273689e+12,3,54
4.689766e+07,1.924278e+14,1.693664e+06,1.485990e+07,-6.929319e+13,2.047221e+14,-6.473325e+13,2.077520e+07,1.522564e+14,1.131923e+08,1.041631e+07,-3.576091e+14,-1.283548e+14,-3.829833e+14,3.460878e+07,7.584813e+14,5.177631e+07,3.406879e+06,1.187073e+13,-4.184028e+12,-8.983407e+12,1,77
4.320319e+07,1.760653e+14,1.411082e+07,7.135973e+05,1.372188e+12,-3.167768e+09,1.304663e+12,1.922401e+07,1.184180e+14,1.379113e+08,9.552257e+06,-3.464843e+14,-1.039304e+14,-3.116309e+14,3.233948e+07,5.755666e+14,5.590351e+07,3.377258e+06,-1.248112e+13,-5.655383e+13,-1.405412e+13,0,91
6.355749e+07,2.415159e+14,2.410568e+07,4.136112e+05,-1.179761e+12,6.130606e+12,-1.233263e+12,2.680419e+07,4.612037e+14,1.361586e+08,1.304248e+07,-4.482911e+14,-2.462004e+14,-4.969121e+14,4.225929e+07,1.358801e+15,4.368890e+05,7.559926e+05,3.836508e+10,2.684487e+13,-5.317408e+10,2,62
4.620136e+07,1.834021e+14,8.288218e+06,2.416253e+07,-3.415062e+14,3.204345e+14,-2.809197e+14,2.094139e+07,1.425364e+14,1.215916e+08,1.487045e+07,-5.585928e+14,-1.679964e+14,-4.767298e+14,3.436960e+07,6.833646e+14,6.702802e+07,5.700423e+06,-2.735218e+13,-4.160001e+13,-2.287366e+13,2,81
5.202355e+07,2.426694e+14,1.630109e+07,5.347995e+06,-4.673287e+13,8.262205e+13,-4.873702e+13,2.186807e+07,2.162440e+14,1.196174e+08,1.197766e+07,-4.451810e+14,-1.738672e+14,-4.088927e+14,3.738246e+07,9.321112e+14,3.335066e+07,2.429263e+06,-2.114547e+13,-7.414583e+13,-9.768127e+12,2,92
5.553406e+07,2.982677e+14,9.958578e+05,4.369992e+06,-1.728880e+12,7.532667e+13,8.070033e+12,2.245880e+07,2.498684e+14,1.256723e+08,1.129850e+07,-4.104484e+14,-1.747521e+14,-4.007610e+14,3.972897e+07,1.100082e+15,1.859654e+07,2.442469e+06,1.282015e+13,2.828408e+13,5.612679e+12,1,58
6.667284e+07,3.127567e+14,3.486376e+06,1.778252e+06,-6.617305e+11,1.524693e+13,-5.383502e+11,2.762019e+07,4.582595e+14,1.361252e+08,1.343032e+07,-5.516748e+14,-2.799829e+14,-5.772221e+14,4.526669e+07,1.573382e+15,5.212590e+06,1.471648e+06,2.105364e+12,2.283860e+13,5.445655e+12,0,90
8.574161e+07,5.256594e+14,5.180272e+07,1.538955e+05,4.341963e+11,-1.529394e+12,5.229303e+11,3.982013e+07,5.546693e+14,1.148130e+08,1.811244e+07,-8.068812e+14,-4.127810e+14,-9.243117e+14,6.265704e+07,2.990299e+15,2.484391e+05,4.979964e+06,5.435426e+12,2.648786e+14,5.966606e+12,3,73
5.624616e+07,3.501514e+14,1.745922e+07,6.803174e+06,-2.861257e+13,1.011894e+14,-3.173798e+13,2.538207e+07,1.541256e+14,8.934132e+07,1.233636e+07,-3.724306e+14,-1.442001e+14,-4.720550e+14,4.406420e+07,1.300997e+15,1.154201e+07,7.381583e+05,-1.514027e+12,-2.553553e+13,1.077508e+12,1,78
8.451773e+07,3.715206e+14,2.896706e+07,6.893667e+05,1.416392e+12,-1.230595e+13,1.984615e+12,3.535639e+07,9.000522e+14,1.526259e+08,1.624996e+07,-8.044420e+14,-4.863085e+14,-9.088766e+14,5.462729e+07,2.416982e+15,3.035296e+06,1.774992e+06,3.969195e+12,6.265630e+13,5.282094e+12,2,49
7.090695e+07,1.996999e+14,1.807472e+07,4.381302e+07,-1.097058e+15,5.769077e+14,-1.327982e+15,3.323123e+07,5.624186e+14,1.908374e+08,2.283393e+07,-1.478872e+15,-5.340058e+14,-1.421155e+15,4.719451e+07,1.482335e+15,6.575603e+07,7.013838e+06,1.206572e+14,1.917429e+14,-8.668825e+13,1,67
6.332716e+07,4.576774e+14,8.579263e+05,2.336968e+06,5.952547e+11,-7.637118e+12,1.178765e+12,2.482487e+07,2.942069e+14,1.287628e+08,1.212376e+07,-4.609585e+14,-1.998482e+14,-3.934127e+14,4.617968e+07,1.491688e+15,8.643825e+06,6.254672e+05,6.750537e+11,2.917540e+12,3.306321e+11,0,34
5.336973e+07,1.492470e+14,5.094827e+06,1.212213e+06,-2.323014e+12,1.210030e+13,-2.061364e+12,2.364394e+07,3.087267e+14,1.423041e+08,1.225558e+07,-5.113296e+14,-2.152752e+14,-5.558951e+14,3.584685e+07,8.847783e+14,4.624451e+07,3.312040e+06,-3.883245e+13,-9.460870e+13,-3.650802e+13,0,71
4.519439e+07,3.445766e+14,2.288359e+07,2.638525e+06,-1.890699e+13,4.846926e+13,-1.429815e+13,1.772994e+07,8.052798e+13,9.937232e+07,9.890550e+06,-3.068787e+14,-8.813980e+13,-2.727754e+14,3.626358e+07,7.756547e+14,2.045847e+07,1.769208e+06,3.219176e+12,-2.215539e+13,-7.599022e+11,3,64
6.408417e+07,2.293270e+14,7.557143e+06,1.204690e+06,-1.301072e+12,1.383208e+13,-1.505996e+12,2.731551e+07,4.677175e+14,1.426272e+08,1.332894e+07,-5.786616e+14,-2.876052e+14,-5.911198e+14,4.245862e+07,1.354321e+15,2.657446e+07,1.882092e+06,-1.138865e+13,-6.637177e+13,-1.009350e+13,3,104
4.280344e+07,2.508077e+14,1.291912e+07,1.833842e+06,-3.850077e+12,1.585801e+13,-1.375071e+12,1.758627e+07,8.910870e+13,1.108022e+08,6.699756e+06,-1.803270e+14,-6.156625e+13,-1.412354e+14,3.336458e+07,6.364680e+14,3.675495e+07,1.312766e+06,-4.892901e+12,-2.874988e+13,-4.981858e+12,2,75
4.755407e+07,2.662479e+14,2.993345e+05,7.021706e+06,2.780324e+12,1.059412e+14,3.821715e+12,1.994485e+07,1.287185e+14,1.235452e+08,7.632516e+06,-2.341898e+14,-8.637482e+13,-2.523169e+14,3.620998e+07,8.105214e+14,4.320184e+07,5.158853e+06,7.262017e+13,9.656603e+13,5.440222e+13,3,66
6.124111e+07,1.542154e+14,5.147024e+05,5.475147e+06,9.175930e+12,5.855752e+13,1.027949e+13,2.737913e+07,4.672061e+14,1.398995e+08,1.213621e+07,-4.902705e+14,-2.590201e+14,-5.517449e+14,3.973996e+07,1.212416e+15,2.876106e+07,5.708563e+06,6.726053e+13,1.221160e+14,5.149104e+13,0,89
4.127600e+07,1.463003e+14,6.275385e+06,5.685609e+06,-3.156003e+13,6.751136e+13,-9.791574e+12,1.856232e+07,1.132096e+14,1.264181e+08,7.882367e+06,-2.388789e+14,-8.158769e+13,-2.151539e+14,3.063612e+07,5.197680e+14,5.426407e+07,1.787625e+06,-1.278487e+13,-3.005714e+13,-2.394674e+12,0,32
5.488505e+07,1.453334e+14,5.241203e+05,2.580909e+06,-1.262683e+12,2.459896e+13,-1.318499e+12,2.485221e+07,3.259404e+14,1.310331e+08,1.187486e+07,-4.519538e+14,-2.094317e+14,-4.558503e+14,3.683939e+07,9.345082e+14,6.001249e+07,4.667890e+06,-6.875481e+13,-1.345551e+14,-3.654594e+13,0,102
7.404194e+07,3.259506e+14,1.714783e+06,3.660341e+06,6.974986e+12,6.588718e+13,1.278849e+13,3.085558e+07,6.353607e+14,1.657899e+08,1.730239e+07,-9.232415e+14,-4.347244e+14,-8.547960e+14,4.890196e+07,1.867282e+15,6.388636e+06,2.257236e+06,8.570676e+12,9.468620e+13,-1.841047e+12,2,103
5.509567e+07,1.981196e+14,5.760662e+06,3.672520e+06,-1.130788e+13,4.325786e+13,-1.398255e+13,2.555810e+07,2.425446e+14,1.123417e+08,1.191404e+07,-4.053358e+14,-1.761475e+14,-4.129398e+14,3.956876e+07,1.028638e+15,3.920092e+07,2.269806e+06,-5.802742e+12,-5.114462e+13,-1.924040e+12,0,5
5.539932e+07,2.212920e+14,3.382811e+06,4.502958e+06,-9.761366e+12,4.483486e+13,-6.620290e+12,2.524974e+07,2.352828e+14,1.842657e+08,1.334155e+07,-6.112658e+14,-1.954884e+14,-5.529964e+14,4.006059e+07,9.965153e+14,6.485929e+07,3.632712e+06,-2.423463e+13,-4.298800e+13,-1.033789e+13,1,59
6.640967e+07,6.835531e+14,4.956174e+06,9.843935e+06,6.863654e+13,2.552799e+14,8.446156e+13,2.636880e+07,1.958076e+14,1.241530e+08,1.562896e+07,-6.833501e+14,-2.164673e+14,-7.001231e+14,5.245755e+07,1.817086e+15,4.993127e+06,9.868177e+06,6.859296e+13,4.199295e+14,3.663248e+13,3,97
7.151366e+07,7.349655e+14,1.118054e+06,1.133771e+07,3.782081e+13,2.828932e+14,4.177775e+13,2.792595e+07,2.746479e+14,1.368745e+08,1.622587e+07,-7.540798e+14,-2.633139e+14,-7.100457e+14,5.497188e+07,2.011061e+15,6.604631e+06,6.902530e+06,4.608133e+13,2.928822e+14,-4.333749e+12,0,97
7.217624e+07,2.466905e+14,9.534956e+05,1.758301e+06,-2.259515e+12,2.079616e+13,-1.000640e+12,3.036234e+07,6.843749e+14,1.216858e+08,1.206787e+07,-4.089879e+14,-2.951737e+14,-4.178891e+14,4.601570e+07,1.749924e+15,1.127994e+07,1.436071e+06,3.231326e+12,4.114724e+12,3.112576e+12,1,88
4.612163e+07,2.242848e+14,3.409775e+05,6.247682e+06,6.840056e+12,8.108282e+13,5.655674e+12,2.017839e+07,1.209186e+14,1.291634e+08,8.036136e+06,-2.554517e+14,-8.723460e+13,-2.703174e+14,3.512534e+07,7.593810e+14,4.582973e+07,5.906128e+06,9.437577e+13,1.171043e+14,8.186351e+13,0,66
4.871398e+07,3.833272e+14,1.800092e+07,2.854091e+06,-1.943336e+13,5.470415e+13,-1.654417e+13,2.071317e+07,7.282930e+13,8.533388e+07,9.959348e+06,-2.874224e+14,-8.475068e+13,-2.870572e+14,4.018164e+07,9.861375e+14,6.003952e+06,4.289224e+05,6.589526e+11,1.984834e+12,-5.469288e+10,0,64
6.030142e+07,3.835545e+14,1.819372e+07,2.235869e+06,-1.345018e+13,4.023102e+13,-1.438784e+13,2.526915e+07,2.400398e+14,1.117433e+08,1.391243e+07,-5.421767e+14,-2.145771e+14,-5.830537e+14,4.485363e+07,1.387302e+15,6.548304e+06,8.740182e+05,2.038441e+12,3.643438e+12,-1.574179e+11,1,93
8.109945e+07,2.318297e+14,1.671238e+07,5.925812e+05,-1.016504e+12,-8.571998e+12,-9.154760e+11,3.563592e+07,9.151422e+14,1.574447e+08,1.791853e+07,-9.014885e+14,-5.267987e+14,-8.476812e+14,5.084932e+07,2.090960e+15,1.116209e+07,2.504902e+06,8.427827e+12,2.641368e+13,1.357790e+13,3,95
6.339186e+07,2.822342e+14,1.730213e+06,1.234477e+07,-4.117785e+13,1.915257e+14,-6.453230e+13,2.832789e+07,3.376614e+14,1.137355e+08,1.228274e+07,-4.574135e+14,-2.253738e+14,-4.084686e+14,4.505746e+07,1.444171e+15,2.366491e+07,3.244078e+06,2.002526e+13,3.793476e+13,-1.072716e+13,1,25
5.023876e+07,2.266605e+14,1.121313e+06,3.075276e+06,1.804675e+12,3.189430e+13,1.164690e+12,2.112780e+07,2.055442e+14,1.268023e+08,9.550798e+06,-3.262309e+14,-1.352471e+14,-3.907079e+14,3.608304e+07,8.475776e+14,4.238663e+07,3.982749e+06,1.639600e+13,-1.564596e+13,2.008655e+13,3,53
4.503144e+07,1.847903e+14,1.820750e+06,1.282694e+07,-5.735225e+13,1.643045e+14,-6.062695e+13,2.002657e+07,1.351804e+14,1.068793e+08,9.875178e+06,-3.205072e+14,-1.145219e+14,-3.734722e+14,3.358221e+07,7.073240e+14,4.898290e+07,3.081784e+06,-2.811898e+12,-2.635607e+13,-4.074328e+12,0,77
5.616389e+07,2.119757e+14,4.512088e+05,1.338719e+07,3.212580e+13,1.861782e+14,4.272957e+13,2.420561e+07,3.230060e+14,1.300512e+08,1.078605e+07,-2.655875e+14,-1.447896e+14,-2.611027e+14,3.872600e+07,1.045524e+15,4.476493e+07,1.001541e+07,2.036621e+14,2.314418e+14,9.370444e+13,0,61
5.980866e+07,1.247281e+14,5.212031e+04,1.822025e+07,-5.928604e+12,2.031951e+14,9.663325e+12,2.799756e+07,4.308174e+14,1.179976e+08,1.110804e+07,-3.726518e+14,-2.202601e+14,-4.179724e+14,3.916336e+07,1.063488e+15,6.646584e+07,8.307026e+06,9.781234e+13,3.138453e+13,4.712278e+12,2,68
7.006533e+07,4.112683e+14,3.477800e+07,3.388445e+06,-3.675487e+13,6.857643e+13,-3.654564e+13,2.987417e+07,3.980895e+14,1.528925e+08,1.923195e+07,-1.033797e+15,-3.807973e+14,-1.065525e+15,5.014220e+07,1.819390e+15,6.092542e+06,1.192854e+06,3.203390e+12,1.635647e+13,-3.422072e+11,2,47
5.686196e+07,1.738595e+14,1.147548e+07,6.069523e+06,-5.061232e+13,7.798589e+13,-4.858584e+13,2.591472e+07,3.232574e+14,1.342131e+08,1.465760e+07,-6.481312e+14,-2.622963e+14,-6.472737e+14,3.890002e+07,1.067688e+15,4.464444e+07,3.283513e+06,-3.575538e+13,-1.044245e+14,-1.053334e+13,0,41
5.741171e+07,2.018524e+14,4.929648e+06,1.580211e+05,-8.503858e+10,1.655631e+12,-6.431697e+10,2.473371e+07,3.430964e+14,1.444579e+08,1.288962e+07,-5.542374e+14,-2.386652e+14,-5.773426e+14,3.892351e+07,1.071390e+15,3.834980e+07,2.768434e+06,-2.647292e+13,-8.820178e+13,-2.719121e+13,1,71
7.545563e+07,2.959894e+14,1.494018e+06,4.867805e+06,1.278561e+13,6.613501e+13,1.019058e+13,3.148998e+07,7.177261e+14,1.252015e+08,1.225616e+07,-4.800818e+14,-3.282972e+14,-5.173025e+14,4.869431e+07,1.947982e+15,9.257352e+06,3.278187e+06,1.801528e+13,1.097136e+14,1.606626e+12,2,88
7.055801e+07,3.639348e+14,3.164757e+07,2.230391e+06,4.279050e+12,-4.210774e+13,6.694507e+12,3.042044e+07,4.469171e+14,1.239257e+08,1.450321e+07,-5.633519e+14,-2.792268e+14,-4.313166e+14,4.944083e+07,1.720584e+15,1.259196e+07,5.799270e+06,4.640907e+13,1.712017e+14,3.028070e+13,0,72
5.964274e+07,2.874922e+14,3.618764e+07,3.913565e+06,-4.568029e+13,6.492526e+13,-3.954195e+13,2.729298e+07,2.373360e+14,1.071606e+08,1.443416e+07,-5.676810e+14,-2.223267e+14,-5.141499e+14,4.424816e+07,1.341374e+15,3.445143e+07,5.171224e+06,4.038724e+13,-4.859405e+12,2.539119e+11,1,87
6.700461e+07,6.517123e+14,1.219362e+07,1.870966e+07,2.820302e+14,4.773398e+14,2.661469e+14,2.748136e+07,1.965399e+14,1.265808e+08,1.660825e+07,-7.510245e+14,-2.317264e+14,-7.112188e+14,5.299017e+07,1.871844e+15,1.328069e+07,2.221236e+07,3.815003e+14,9.589364e+14,3.578719e+14,2,97
5.279855e+07,1.348387e+14,3.980240e+07,5.450117e+06,-7.999154e+13,6.288267e+13,-7.173397e+13,2.771729e+07,1.831747e+14,1.062543e+08,2.066479e+07,-9.638849e+14,-2.794332e+14,-8.927735e+14,3.926979e+07,9.725728e+14,4.974383e+07,9.317313e+06,1.605493e+14,4.203014e+13,-1.292115e+12,2,87
5.298304e+07,2.408183e+14,1.409997e+07,5.336511e+05,1.212469e+12,-3.850329e+11,1.215887e+12,2.232835e+07,2.380644e+14,1.390359e+08,1.281718e+07,-4.829025e+14,-1.827693e+14,-4.239025e+14,3.783401e+07,9.476482e+14,2.658435e+07,2.380979e+06,-6.064991e+12,-5.277611e+13,-5.510419e+12,0,92
6.775078e+07,3.517756e+14,7.185012e+07,1.268088e+06,-7.859030e+12,-1.933850e+13,-7.523714e+12,2.918991e+07,4.052030e+14,1.215901e+08,1.444627e+07,-6.000965e+14,-2.891712e+14,-3.690213e+14,4.793889e+07,1.564430e+15,2.521109e+07,1.505994e+07,2.869734e+14,4.172333e+14,2.398809e+14,2,72
6.472032e+07,3.182711e+14,8.664588e+06,4.122143e+06,-2.671284e+12,7.147816e+13,1.010271e+13,2.850094e+07,3.512036e+14,1.378611e+08,1.646511e+07,-7.284635e+14,-2.943900e+14,-5.878803e+14,4.634097e+07,1.444256e+15,6.234628e+06,6.092455e+05,1.161364e+12,2.250861e+13,1.593768e+11,0,99
4.175358e+07,1.004477e+14,4.807392e+06,1.908040e+06,1.702505e+12,3.749320e+12,1.607689e+12,1.960845e+07,1.496780e+14,1.360397e+08,9.588032e+06,-3.215762e+14,-1.103585e+14,-2.848472e+14,2.952890e+07,4.980941e+14,8.564590e+07,5.151942e+06,-1.065217e+14,-1.102275e+14,-9.752391e+13,1,37
7.024236e+07,2.567785e+14,1.124029e+06,6.380777e+06,-5.786055e+12,4.846459e+13,3.157405e+12,3.012314e+07,5.883711e+14,1.184840e+08,1.142691e+07,-3.750187e+14,-2.588475e+14,-2.758763e+14,4.602967e+07,1.645811e+15,1.949864e+07,3.692517e+06,2.668613e+13,6.204414e+13,6.829946e+12,0,1
5.723880e+07,1.194628e+14,2.936813e+06,1.612707e+07,-2.242838e+13,1.288161e+14,-3.172650e+13,2.706024e+07,3.743712e+14,1.079940e+08,1.129225e+07,-3.662590e+14,-2.066452e+14,-3.850865e+14,3.789018e+07,9.998440e+14,5.651519e+07,4.840402e+06,-9.953011e+12,-5.561897e+13,-1.534300e+12,1,68
7.211994e+07,4.344156e+14,2.009425e+07,1.279879e+07,1.811956e+14,2.615630e+14,2.336927e+14,2.909756e+07,4.969551e+14,1.427198e+08,1.531331e+07,-7.158880e+14,-3.413171e+14,-6.191529e+14,4.993906e+07,1.850934e+15,2.686803e+07,1.239872e+07,2.208545e+14,4.858845e+14,1.768987e+14,0,80
5.499107e+07,2.005016e+14,7.742034e+05,1.135665e+07,3.486938e+12,1.136623e+14,-5.317503e+12,2.363760e+07,2.960917e+14,1.360273e+08,1.103121e+07,-3.597428e+14,-1.676302e+14,-3.666737e+14,3.779182e+07,1.020623e+15,4.213181e+07,6.779266e+06,1.011562e+14,1.217312e+14,7.309707e+13,3,61
6.569936e+07,5.032167e+14,3.395142e+05,5.018651e+04,2.490749e+09,-1.125800e+12,8.688601e+08,2.557028e+07,3.156269e+14,1.267328e+08,1.330161e+07,-5.280847e+14,-2.319719e+14,-5.253121e+14,4.793894e+07,1.620827e+15,8.202573e+05,2.206198e+05,-9.365515e+10,8.657359e+12,1.380507e+10,2,93
5.956423e+07,4.189763e+14,9.580159e+07,9.817108e+04,2.835241e+11,-4.578591e+11,2.690794e+11,2.461930e+07,2.101824e+14,1.050180e+08,1.443233e+07,-5.618020e+14,-2.092105e+14,-5.793581e+14,4.507150e+07,1.349633e+15,9.972532e+05,1.024412e+07,1.644459e+13,3.728548e+14,1.720128e+13,0,35
5.299295e+07,2.349801e+14,9.559181e+06,2.892833e+06,-1.346200e+13,4.262645e+13,-1.266952e+13,2.276968e+07,2.222430e+14,1.244977e+08,1.097222e+07,-3.926301e+14,-1.607976e+14,-3.826044e+14,3.809567e+07,9.820865e+14,4.028880e+07,2.322660e+06,-1.432531e+13,-6.145658e+13,-9.902701e+12,0,8
7.351626e+07,2.613705e+14,2.313350e+07,2.650058e+07,-6.561331e+14,4.283968e+14,-6.742216e+14,3.348620e+07,5.715141e+14,1.892424e+08,2.276164e+07,-1.487279e+15,-5.421015e+14,-1.552646e+15,4.964202e+07,1.670053e+15,4.833751e+07,2.870653e+06,1.503945e+12,1.333753e+13,-1.899811e+13,2,67
5.514376e+07,1.077367e+14,3.863853e+06,1.390499e+06,-1.502079e+12,1.116932e+13,-1.075205e+12,2.606439e+07,3.522259e+14,1.489823e+08,1.415948e+07,-6.409922e+14,-2.638313e+14,-5.957074e+14,3.638563e+07,8.961272e+14,5.995360e+07,4.819480e+06,-6.840729e+13,-1.297148e+14,-5.491402e+13,2,102
6.197821e+07,2.918619e+14,1.545809e+06,7.277892e+06,2.354225e+13,1.243263e+14,1.589034e+13,2.559466e+07,3.725559e+14,1.406114e+08,1.259209e+07,-5.292496e+14,-2.428238e+14,-5.325057e+14,4.267695e+07,1.323762e+15,2.877179e+07,5.570109e+06,6.359635e+13,1.175475e+14,1.916727e+13,1,52
6.699908e+07,2.285673e+14,4.393238e+07,3.541472e+05,1.374590e+12,5.354133e+12,1.399375e+12,2.897291e+07,5.543044e+14,1.301992e+08,1.277882e+07,-3.855721e+14,-2.514461e+14,-5.100089e+14,4.394896e+07,1.453312e+15,2.708605e+06,5.220132e+06,1.803836e+13,1.975886e+14,8.780931e+11,3,62
6.413982e+07,3.652667e+14,1.386397e+07,1.311910e+06,-3.584279e+12,8.725001e+12,-1.092188e+12,2.602008e+07,3.636644e+14,1.320729e+08,1.378574e+07,-5.705377e+14,-2.568766e+14,-4.469367e+14,4.510043e+07,1.481024e+15,1.741401e+07,5.812178e+06,5.779371e+13,1.228787e+14,5.994237e+13,0,45
6.912848e+07,3.132641e+14,1.526540e+06,1.742938e+05,-7.186115e+10,-2.859052e+12,-5.117879e+10,2.894715e+07,5.091233e+14,1.472830e+08,1.503131e+07,-7.058100e+14,-3.383884e+14,-7.221630e+14,4.656545e+07,1.655957e+15,1.447832e+06,1.644732e+05,-7.702081e+10,-6.396558e+12,-8.629145e+10,1,90
7.092195e+07,3.086546e+14,8.632400e+05,6.274005e+06,1.256727e+13,1.093830e+14,8.948982e+12,2.945459e+07,5.713103e+14,1.588317e+08,1.633865e+07,-8.309916e+14,-3.900316e+14,-8.576022e+14,4.702127e+07,1.728940e+15,1.078973e+07,3.942755e+06,2.552898e+13,1.483270e+14,-3.420247e+12,3,103
7.108988e+07,2.975154e+14,2.018021e+05,3.405558e+06,2.723149e+12,4.947736e+13,2.026212e+12,2.968933e+07,5.870514e+14,1.603066e+08,1.665706e+07,-8.605059e+14,-4.035054e+14,-9.177632e+14,4.688532e+07,1.716327e+15,6.032538e+06,1.599146e+06,4.772937e+12,5.306874e+13,-2.862522e+11,0,103
5.539577e+07,1.942852e+14,6.601056e+05,1.016658e+07,6.874471e+12,1.415252e+14,3.347164e+13,2.404288e+07,3.185481e+14,1.369418e+08,1.075006e+07,-3.668021e+14,-1.763328e+14,-3.207896e+14,3.791289e+07,1.011803e+15,4.033063e+07,7.178198e+06,1.111163e+14,1.497396e+14,5.498672e+13,2,61
6.795031e+07,2.759622e+14,3.323647e+06,1.660294e+06,2.934670e+12,2.146549e+13,2.505780e+12,2.885763e+07,5.055154e+14,1.442930e+08,1.426593e+07,-6.413743e+14,-3.187252e+14,-6.493190e+14,4.546848e+07,1.575824e+15,2.645723e+06,1.670490e+06,3.169553e+12,6.555469e+13,6.359727e+10,0,84
8.117203e+07,2.176590e+14,7.787554e+06,2.786741e+06,1.255061e+13,4.111198e+13,9.216583e+12,3.634539e+07,9.150321e+14,1.597117e+08,1.773692e+07,-9.093239e+14,-5.241279e+14,-1.028851e+15,5.109818e+07,2.085293e+15,1.258725e+07,5.706248e+06,4.723829e+13,1.912982e+14,6.199041e+13,2,95
5.305413e+07,2.476236e+14,3.603945e+07,1.132148e+06,6.076536e+12,-2.006413e+12,6.146878e+12,2.464464e+07,1.612662e+14,9.770176e+07,1.381605e+07,-4.714138e+14,-1.646417e+14,-4.349734e+14,4.038067e+07,1.060050e+15,3.436380e+07,9.730215e+06,1.774180e+14,2.006703e+14,4.076467e+13,0,4
3.766602e+07,6.808086e+13,1.128439e+07,6.267400e+06,-5.192525e+13,5.137034e+13,-4.658905e+13,1.869784e+07,1.155763e+14,1.357860e+08,8.520528e+06,-2.865100e+14,-9.113312e+13,-2.610937e+14,2.693640e+07,3.600076e+14,8.521166e+07,3.932588e+06,-7.063536e+13,-6.927010e+13,-3.771762e+13,2,54
8.202481e+07,1.212168e+14,2.816656e+06,9.205687e+05,1.199791e+12,9.568164e+12,1.126358e+12,3.907038e+07,1.028606e+15,1.388371e+08,1.499537e+07,-6.620976e+14,-4.724945e+14,-7.453203e+14,5.008022e+07,2.079622e+15,4.241084e+06,1.133864e+06,2.207811e+12,2.174943e+13,-2.352384e+11,1,86
5.472766e+07,2.610746e+14,8.653387e+06,2.223251e+06,-2.502367e+12,2.340291e+13,-2.289999e+12,2.335859e+07,2.353531e+14,1.464405e+08,1.428730e+07,-6.501508e+14,-2.182486e+14,-7.438453e+14,3.950791e+07,9.998222e+14,3.929651e+07,3.256008e+06,-2.715037e+13,-9.410685e+13,-2.182268e+13,1,44
5.521165e+07,2.227610e+14,3.150872e+06,1.523727e+06,-2.679979e+12,1.803347e+13,-1.692802e+12,2.473593e+07,2.467915e+14,1.671307e+08,1.215433e+07,-5.403604e+14,-1.890003e+14,-4.772030e+14,3.960278e+07,9.669133e+14,5.205592e+07,2.330358e+06,-2.422142e+13,-7.159430e+13,-1.785776e+13,0,59
6.908975e+07,1.985088e+14,2.570527e+05,1.445647e+06,8.606480e+11,-3.938427e+11,5.876997e+10,2.996754e+07,6.483336e+14,1.336790e+08,1.295015e+07,-5.354481e+14,-3.284446e+14,-6.281329e+14,4.387404e+07,1.533759e+15,5.064602e+06,3.881043e+05,-4.980345e+10,-5.551897e+12,8.671499e+10,2,100
6.954864e+07,1.745593e+14,1.231169e+07,3.919733e+06,-2.582316e+13,4.774823e+13,-2.213688e+13,3.242519e+07,5.828298e+14,1.407350e+08,1.660665e+07,-7.933036e+14,-3.972241e+14,-7.050470e+14,4.555142e+07,1.573665e+15,1.421434e+07,1.297718e+06,-4.621709e+12,-4.894148e+13,-9.803153e+11,1,46
4.625928e+07,2.722491e+14,4.636273e+07,1.755133e+06,-1.583209e+13,2.892349e+13,-1.248708e+13,1.930467e+07,1.152343e+14,1.081604e+08,1.120317e+07,-3.746006e+14,-1.156301e+14,-3.135213e+14,3.575717e+07,7.394669e+14,2.067115e+07,4.391660e+06,4.061258e+13,5.227842e+13,1.329254e+13,1,42
4.103844e+07,8.461923e+13,7.349151e+06,2.279226e+06,-9.311602e+12,2.066778e+13,-9.647457e+12,1.956851e+07,1.539413e+14,1.411359e+08,1.035466e+07,-3.887723e+14,-1.267162e+14,-4.086059e+14,2.866053e+07,4.625288e+14,7.847751e+07,4.768382e+06,-9.198316e+13,-1.003282e+14,-7.541502e+13,2,37
7.060096e+07,4.359711e+14,7.204881e+05,3.119781e+05,4.678952e+10,6.164994e+12,3.463092e+10,3.259192e+07,3.012112e+14,1.777938e+08,2.087008e+07,-1.269149e+15,-3.581999e+14,-1.225270e+15,5.331427e+07,2.010061e+15,1.990733e+06,8.039320e+05,7.295366e+11,2.358951e+13,1.031160e+12,1,36
6.817058e+07,2.199972e+14,8.885683e+06,1.711797e+06,5.981427e+12,2.490712e+13,5.951761e+12,2.922231e+07,5.855372e+14,1.382644e+08,1.317607e+07,-5.574848e+14,-3.173942e+14,-5.617259e+14,4.397272e+07,1.518675e+15,9.493997e+06,3.812936e+06,2.273234e+13,1.202234e+14,9.117176e+12,1,63
6.922448e+07,5.295852e+14,2.151579e+07,2.314498e+06,-2.249096e+12,2.702995e+13,3.828177e+12,2.687034e+07,3.822385e+14,1.284978e+08,1.399388e+07,-5.725602e+14,-2.673990e+14,-4.409465e+14,4.972992e+07,1.794250e+15,1.792338e+07,5.086842e+06,3.797089e+13,1.045534e+14,6.823018e+13,1,65
5.465755e+07,2.929400e+14,4.294270e+06,3.196403e+06,-8.433938e+12,5.101010e+13,-8.162483e+12,2.248355e+07,2.316128e+14,1.249810e+08,1.128314e+07,-4.156760e+14,-1.687694e+14,-4.648824e+14,3.956146e+07,1.055986e+15,1.851111e+07,1.066462e+06,-3.214483e+12,-2.619998e+13,-6.170369e+11,3,58
6.992573e+07,5.443783e+14,1.712029e+07,1.088064e+06,1.153523e+12,1.715667e+13,2.160316e+12,2.706942e+07,3.848223e+14,1.314720e+08,1.417643e+07,-6.119920e+14,-2.780815e+14,-5.302774e+14,5.036474e+07,1.837321e+15,1.781074e+07,4.004654e+06,1.922510e+13,3.961799e+13,4.278541e+13,0,65
4.939641e+07,2.342457e+14,6.367596e+06,9.070119e+06,6.817350e+13,1.342193e+14,7.703399e+13,2.067336e+07,1.845216e+14,1.179874e+08,8.995614e+06,-2.856179e+14,-1.199855e+14,-3.173306e+14,3.588641e+07,8.497819e+14,4.335956e+07,7.219550e+06,1.176085e+14,1.028445e+14,2.567050e+13,1,53
5.982035e+07,2.215674e+14,1.709802e+07,8.675717e+06,-7.993166e+13,1.216976e+14,-1.108706e+14,2.616320e+07,3.531893e+14,1.454893e+08,1.460456e+07,-6.596379e+14,-2.704238e+14,-6.700390e+14,4.104743e+07,1.156141e+15,3.592793e+07,2.505533e+06,-2.147252e+13,-7.393405e+13,-4.271797e+12,0,7
6.415886e+07,2.397266e+14,1.256182e+06,1.201109e+06,1.389532e+12,1.798016e+13,1.189533e+12,2.703749e+07,4.688351e+14,1.494787e+08,1.434862e+07,-6.641531e+14,-3.106340e+14,-6.848038e+14,4.250931e+07,1.386705e+15,1.949248e+07,2.425735e+06,6.919474e+12,-1.259047e+13,1.311482e+13,1,60
6.187596e+07,2.041233e+14,9.839970e+06,1.940723e+06,1.956741e+12,1.522345e+13,2.208286e+12,2.764619e+07,4.037621e+14,1.386308e+08,1.040261e+07,-3.949783e+14,-2.090043e+14,-3.418269e+14,4.184097e+07,1.189053e+15,4.984786e+07,4.653417e+06,2.835225e+13,-2.243941e+13,2.932471e+13,0,3
4.690327e+07,1.983294e+14,1.676086e+07,5.336776e+06,-4.714106e+13,6.465133e+13,-3.414848e+13,2.148052e+07,1.330777e+14,1.220384e+08,1.481775e+07,-6.300820e+14,-1.704380e+14,-5.343874e+14,3.536971e+07,7.435814e+14,3.737720e+07,3.034977e+06,5.228375e+10,-5.052206e+13,-9.116762e+11,1,33
7.300249e+07,5.379703e+14,1.323971e+07,2.174461e+07,3.527076e+14,5.043471e+14,2.618570e+14,2.885046e+07,4.445075e+14,1.388670e+08,1.603581e+07,-7.449489e+14,-3.344987e+14,-8.372913e+14,5.203544e+07,2.013405e+15,3.760787e+07,1.893855e+07,5.003980e+14,7.995521e+14,5.014501e+14,3,80
5.971600e+07,2.338212e+14,1.857786e+06,5.245068e+04,1.602870e+10,-4.049894e+11,1.308802e+10,2.521699e+07,3.696259e+14,1.281368e+08,1.022363e+07,-3.630804e+14,-1.940643e+14,-3.711558e+14,4.050768e+07,1.203977e+15,2.916409e+07,1.396339e+06,-8.514222e+12,-4.776137e+13,-6.860045e+12,3,83
5.403855e+07,3.944831e+14,1.488461e+07,3.762449e+06,2.792067e+13,7.059248e+13,1.749044e+13,2.109606e+07,1.727290e+14,1.110567e+08,1.106937e+07,-3.796527e+14,-1.429906e+14,-3.930689e+14,4.092424e+07,1.104711e+15,2.748882e+07,1.152873e+07,2.047505e+14,2.624335e+14,2.181834e+14,2,78
6.059596e+07,1.199867e+14,6.132398e+06,2.506415e+07,-2.858405e+14,2.731826e+14,-2.287024e+14,2.817028e+07,4.611043e+14,1.328608e+08,1.211378e+07,-4.857594e+14,-2.600028e+14,-4.921507e+14,3.912263e+07,1.067244e+15,7.551544e+07,8.577493e+06,8.692443e+13,2.933779e+13,1.924699e+13,0,68
5.132140e+07,1.904005e+14,1.351362e+07,5.637614e+06,-9.900311e+12,6.163574e+13,-1.542622e+13,2.312033e+07,2.099930e+14,1.532572e+08,1.314074e+07,-5.892516e+14,-1.904242e+14,-6.538063e+14,3.685128e+07,7.959604e+14,5.048777e+07,2.681605e+06,-2.604076e+13,-7.525283e+13,-1.352798e+13,0,19
6.270973e+07,1.773829e+14,9.913317e+05,5.870546e+06,1.338215e+13,7.552673e+13,1.171734e+13,2.742641e+07,4.910439e+14,1.421050e+08,1.241061e+07,-5.097093e+14,-2.714571e+14,-5.600232e+14,4.061857e+07,1.261017e+15,2.923802e+07,5.567863e+06,6.363754e+13,1.124019e+14,3.657543e+13,1,89
6.698684e+07,5.741829e+14,3.919870e+07,1.851422e+05,1.108266e+11,-4.414414e+12,1.835450e+11,2.863627e+07,2.206918e+14,9.684157e+07,1.348328e+07,-4.570466e+14,-1.850223e+14,-4.899740e+14,5.240793e+07,1.850009e+15,9.066052e+05,3.904996e+06,4.347016e+11,1.544156e+14,-5.988546e+11,1,35
4.305665e+07,2.273557e+14,1.724246e+07,4.313519e+05,-7.078162e+11,5.143269e+12,-7.172274e+11,1.788915e+07,1.021121e+14,1.159268e+08,9.268403e+06,-3.035567e+14,-9.356615e+13,-2.930344e+14,3.295170e+07,6.467004e+14,3.428627e+07,2.438024e+06,-5.827170e+12,-4.518128e+13,-5.138411e+12,2,94
5.496001e+07,1.673859e+14,2.880550e+07,1.905770e+06,-6.533481e+12,1.698924e+13,-5.060368e+12,2.711436e+07,2.226248e+14,1.222780e+08,1.943525e+07,-9.406077e+14,-2.880983e+14,-8.333375e+14,4.004590e+07,1.024574e+15,5.279029e+07,1.094436e+07,2.173518e+14,7.365667e+13,1.710778e+13,0,87
6.704626e+07,3.148613e+14,1.328219e+06,7.122585e+05,-6.348475e+11,-7.962259e+12,-9.193163e+11,2.910389e+07,4.105803e+14,1.355221e+08,1.443792e+07,-6.337312e+14,-2.912675e+14,-6.682642e+14,4.679567e+07,1.625816e+15,1.660573e+07,1.251870e+06,-4.804924e+12,-4.653010e+13,-2.335884e+12,0,22
7.610620e+07,2.545427e+14,6.368429e+05,3.132477e+06,3.949101e+12,3.720578e+13,2.597825e+12,3.258949e+07,7.619015e+14,1.156672e+08,1.129814e+07,-4.058700e+14,-3.109835e+14,-4.197577e+14,4.851360e+07,1.952514e+15,6.118185e+06,1.450580e+06,4.277933e+12,4.360486e+13,2.268980e+11,0,88
8.467667e+07,3.922007e+14,5.272208e+07,1.613027e+06,-9.908011e+12,2.696808e+13,-1.509813e+13,3.994094e+07,6.370865e+14,1.190519e+08,1.863256e+07,-8.553204e+14,-4.664752e+14,-8.601466e+14,5.944584e+07,2.715251e+15,2.145091e+06,3.121761e+06,6.390677e+12,1.300904e+14,-8.450960e+11,1,73
4.878305e+07,4.279516e+14,7.518934e+06,1.683251e+06,-1.652854e+12,2.576448e+13,-5.037836e+12,1.927247e+07,8.568629e+13,9.426417e+07,8.630429e+06,-2.296122e+14,-7.375194e+13,-2.552016e+14,3.971942e+07,9.569717e+14,1.659315e+07,7.425440e+05,2.533837e+12,3.306248e+12,-7.111538e+09,0,38
4.737779e+07,2.161459e+14,1.895205e+07,3.167915e+06,-2.445812e+13,4.644959e+13,-1.734900e+13,2.007953e+07,1.623268e+14,1.288342e+08,1.045160e+07,-3.023332e+14,-1.133275e+14,-3.292850e+14,3.477004e+07,7.455395e+14,3.808984e+07,1.867109e+06,-9.054112e+12,-4.695391e+13,-7.968449e+12,3,51
6.162736e+07,2.700712e+14,6.426356e+05,3.764432e+06,5.105830e+11,2.985243e+13,-1.399402e+12,2.577688e+07,3.850885e+14,1.363747e+08,1.291620e+07,-5.394859e+14,-2.520976e+14,-4.540917e+14,4.202739e+07,1.285279e+15,2.288632e+07,2.349884e+06,4.583080e+11,-2.207558e+13,3.786643e+12,0,48
7.913700e+07,4.656435e+14,5.218743e+06,2.345370e+07,-6.368749e+13,4.687663e+14,-1.033487e+14,3.350380e+07,5.954793e+14,1.098612e+08,1.425742e+07,-5.149446e+14,-3.327532e+14,-5.358663e+14,5.504626e+07,2.234310e+15,3.926059e+07,1.353915e+07,3.072697e+14,6.002358e+14,3.528849e+14,3,98
3.998882e+07,8.226521e+13,5.284323e+06,1.154454e+07,-9.016938e+13,1.004227e+14,-4.406233e+13,1.970637e+07,1.257593e+14,1.535223e+08,9.429193e+06,-3.484262e+14,-1.031639e+14,-3.034176e+14,2.877470e+07,4.202487e+14,1.019870e+08,5.915353e+06,-3.393956e+13,-3.170773e+13,1.287640e+13,1,54
7.030168e+07,2.246852e+14,5.904170e+05,5.507948e+05,3.052635e+11,-4.688812e+12,2.358243e+11,3.019079e+07,6.544251e+14,1.345673e+08,1.350605e+07,-5.553146e+14,-3.371258e+14,-6.784338e+14,4.512177e+07,1.616261e+15,3.962883e+06,3.426902e+05,-1.128247e+11,-9.303026e+12,-1.407031e+11,1,100
6.363981e+07,2.585747e+14,9.543522e+05,6.166519e+05,-4.455902e+11,7.122305e+12,1.910357e+11,2.722700e+07,4.176349e+14,1.396948e+08,1.356781e+07,-5.888335e+14,-2.768687e+14,-5.249722e+14,4.324186e+07,1.394783e+15,6.690226e+06,3.177442e+05,-3.026778e+11,-9.145231e+12,-3.462353e+10,1,0
7.202644e+07,2.859945e+14,8.604977e+06,1.923924e+06,6.169707e+12,7.215073e+12,3.699034e+12,3.063611e+07,6.104098e+14,1.413537e+08,1.390896e+07,-6.141433e+14,-3.421428e+14,-5.280352e+14,4.734646e+07,1.746048e+15,2.003973e+07,1.622876e+06,-9.093014e+12,-6.768362e+13,-9.845711e+12,1,12
6.405301e+07,3.007526e+14,4.242176e+07,1.337642e+06,-1.001195e+13,2.309795e+13,-9.893669e+12,2.756188e+07,3.670087e+14,1.331343e+08,1.451308e+07,-6.352525e+14,-2.774446e+14,-6.132312e+14,4.490318e+07,1.378905e+15,1.793770e+07,4.131795e+06,3.556577e+13,6.454220e+13,1.602496e+13,3,72
6.396571e+07,4.240602e+14,2.304462e+07,1.471786e+06,-7.540367e+12,2.934351e+13,-5.836690e+12,2.667519e+07,2.858008e+14,1.068321e+08,1.202050e+07,-4.307496e+14,-2.027882e+14,-3.968094e+14,4.716170e+07,1.502263e+15,4.189752e+06,9.483596e+05,1.182707e+12,2.698371e+13,-1.936877e+11,2,85
8.038780e+07,3.890874e+14,2.804145e+06,2.051898e+07,1.273255e+14,4.009640e+14,-1.563560e+12,3.449836e+07,6.851976e+14,1.128886e+08,1.357100e+07,-5.307916e+14,-3.550986e+14,-5.501169e+14,5.422086e+07,2.209712e+15,3.145169e+07,1.232210e+07,2.381071e+14,5.501270e+14,2.437043e+14,0,98
7.192704e+07,3.786124e+14,1.396970e+07,1.707779e+06,7.460565e+12,2.961378e+13,3.460110e+12,2.946207e+07,5.314932e+14,1.434559e+08,1.382804e+07,-6.152184e+14,-3.185178e+14,-6.170553e+14,4.887373e+07,1.803883e+15,4.201970e+06,3.256274e+06,1.065339e+13,1.258264e+14,8.718207e+12,0,11
4.799467e+07,1.999646e+14,9.655910e+06,5.765716e+06,-3.910902e+13,7.502023e+13,-3.460489e+13,2.070011e+07,1.740854e+14,1.538002e+08,1.177350e+07,-5.004244e+14,-1.551825e+14,-4.548293e+14,3.481158e+07,7.773010e+14,3.898106e+07,2.354700e+06,-4.843264e+12,-1.850359e+13,7.741666e+11,2,50
6.400110e+07,2.204940e+14,2.235510e+06,2.558824e+06,-4.231126e+12,3.317589e+13,-4.517557e+12,2.795366e+07,4.530662e+14,1.393280e+08,1.419397e+07,-6.270748e+14,-3.006827e+14,-5.626940e+14,4.280234e+07,1.372492e+15,2.551327e+07,1.725929e+06,-1.138498e+13,-6.385219e+13,-3.619211e+12,1,104
6.279019e+07,2.977845e+14,1.221911e+06,4.301543e+05,-1.811662e+11,7.410135e+12,-3.667319e+11,2.608589e+07,3.929399e+14,1.354379e+08,1.302234e+07,-5.351239e+14,-2.543075e+14,-6.129700e+14,4.311656e+07,1.347653e+15,2.112295e+07,1.654745e+06,-9.145669e+12,-5.689557e+13,-6.446278e+12,2,48
7.757359e+07,3.409619e+14,1.134532e+07,2.924133e+04,1.574410e+10,2.735980e+10,7.488343e+09,3.208572e+07,7.459551e+14,1.438075e+08,1.544527e+07,-6.902497e+14,-4.086026e+14,-8.011258e+14,5.046642e+07,2.069398e+15,6.801402e+05,6.060928e+05,3.854958e+11,2.227577e+13,4.407213e+11,0,49
4.860862e+07,2.108026e+14,6.097651e+06,3.017857e+06,-1.224033e+13,4.376706e+13,-1.002016e+13,2.128517e+07,1.643235e+14,1.529074e+08,1.136773e+07,-4.736210e+14,-1.456587e+14,-4.620651e+14,3.579265e+07,8.578091e+14,3.050449e+07,1.715163e+06,1.490984e+12,-2.791769e+11,2.460037e+12,1,50
6.746288e+07,3.459273e+14,3.570296e+07,5.588219e+06,-7.193253e+13,9.612450e+13,-6.930702e+13,3.113753e+07,3.186433e+14,1.340078e+08,1.784763e+07,-8.489881e+14,-3.095528e+14,-8.343436e+14,4.966028e+07,1.781127e+15,2.975364e+06,1.466699e+05,8.894826e+10,1.423165e+12,-3.389324e+10,3,47
5.992752e+07,2.684423e+14,9.708206e+05,2.141850e+06,-1.504784e+11,3.288309e+13,-5.140187e+11,2.499689e+07,3.562160e+14,1.452830e+08,1.322247e+07,-5.465937e+14,-2.411913e+14,-6.727773e+14,4.130264e+07,1.224910e+15,1.728629e+07,2.308932e+06,8.942258e+12,1.678793e+13,7.413928e+12,2,52
6.861552e+07,2.684942e+14,7.732707e+06,3.243791e+05,1.381706e+11,3.203065e+12,1.382994e+10,2.940600e+07,5.253246e+14,1.411509e+08,1.404202e+07,-6.247518e+14,-3.218192e+14,-6.365176e+14,4.569557e+07,1.592901e+15,3.448900e+06,9.147527e+05,7.134084e+11,1.251336e+13,2.156531e+12,2,90
5.810079e+07,3.642971e+14,1.232833e+05,4.948612e+06,-1.480148e+12,9.398756e+13,-5.168604e+12,2.305461e+07,2.582734e+14,1.254182e+08,1.097467e+07,-3.913552e+14,-1.713953e+14,-4.274929e+14,4.211321e+07,1.231548e+15,1.942676e+07,2.782722e+06,1.727299e+13,4.209042e+13,7.401544e+12,2,58
6.150528e+07,2.114707e+14,8.962967e+05,6.958511e+06,4.710913e+10,8.427777e+13,2.034985e+13,2.867689e+07,3.469437e+14,1.356888e+08,1.494445e+07,-6.684914e+14,-2.751037e+14,-5.738760e+14,4.287889e+07,1.391626e+15,1.155478e+07,3.012925e+06,1.688070e+13,6.652862e+13,-6.605732e+12,3,69
6.389584e+07,2.445351e+14,2.031876e+05,1.632462e+06,4.383842e+11,1.614278e+13,2.463868e+11,2.684241e+07,4.622183e+14,1.415012e+08,1.360568e+07,-5.961006e+14,-2.922857e+14,-5.285807e+14,4.245694e+07,1.387082e+15,1.439300e+07,1.640565e+06,2.680000e+12,-9.739175e+12,3.025427e+12,2,63
8.126527e+07,4.761390e+14,1.276253e+07,2.779936e+07,4.738332e+14,6.063363e+14,3.101331e+14,3.414274e+07,6.408022e+14,1.151530e+08,1.444954e+07,-5.735113e+14,-3.600177e+14,-5.956885e+14,5.595396e+07,2.361629e+15,5.229028e+07,2.206910e+07,7.397233e+14,1.019688e+15,7.872019e+14,2,98
5.111441e+07,9.739423e+13,3.566580e+06,1.531057e+07,-1.119730e+14,1.505085e+14,-1.041467e+14,2.412231e+07,2.936166e+14,1.510919e+08,1.211319e+07,-5.181314e+14,-2.075341e+14,-4.851327e+14,3.398048e+07,7.285804e+14,8.617920e+07,7.636132e+06,8.389920e+12,-3.247524e+13,4.024433e+13,1,40
5.934371e+07,3.624078e+14,5.995795e+07,6.858570e+04,1.288601e+10,5.185581e+11,9.525043e+09,2.503734e+07,2.416370e+14,1.114007e+08,1.413931e+07,-4.903161e+14,-2.014567e+14,-4.419938e+14,4.402689e+07,1.277741e+15,3.669163e+06,7.064897e+06,2.478869e+13,2.340836e+14,2.212499e+13,3,85
4.972158e+07,2.514267e+14,2.178023e+07,2.038782e+06,-1.231868e+13,3.115767e+13,-1.579449e+13,2.051918e+07,1.814150e+14,1.284768e+08,1.231166e+07,-4.894669e+14,-1.658263e+14,-5.146611e+14,3.625453e+07,8.541382e+14,2.520036e+07,2.099172e+06,-3.904752e+12,-4.487717e+13,-5.362215e+12,3,78
7.872938e+07,3.548582e+14,7.278824e+06,1.274670e+06,-1.327231e+12,1.722967e+13,-2.388541e+12,3.244280e+07,7.632424e+14,1.379589e+08,1.467887e+07,-6.325598e+14,-3.968201e+14,-7.171664e+14,5.120537e+07,2.147019e+15,1.084718e+06,1.823543e+05,-6.211425e+10,-6.836807e+12,-4.227197e+10,1,49
6.563745e+07,2.365899e+14,4.143968e+07,1.881248e+06,-1.537144e+13,2.794558e+13,-1.239509e+13,2.937601e+07,4.405231e+14,1.265801e+08,1.349842e+07,-5.569510e+14,-2.831653e+14,-4.867659e+14,4.470268e+07,1.380421e+15,2.936129e+07,4.884414e+06,5.391146e+13,3.383836e+13,1.908591e+13,1,72
6.087003e+07,5.245464e+14,1.335068e+07,1.082674e+06,-4.111055e+12,2.385960e+13,-2.634902e+12,2.422986e+07,1.927613e+14,1.415386e+08,1.308792e+07,-5.568664e+14,-1.797467e+14,-4.889355e+14,4.710180e+07,1.358182e+15,2.198697e+07,1.786442e+06,4.739560e+12,-2.375149e+13,4.519930e+11,0,24
6.758323e+07,3.616439e+14,2.332323e+06,3.717773e+05,-3.049801e+11,9.287967e+11,-1.829620e+11,2.767915e+07,4.406096e+14,1.447828e+08,1.403061e+07,-6.288577e+14,-2.936816e+14,-5.160738e+14,4.668355e+07,1.593277e+15,9.302512e+06,6.399313e+05,-1.117586e+12,-1.972049e+13,-6.387978e+11,1,45
4.835469e+07,2.161318e+14,1.874160e+07,2.102296e+06,1.696088e+11,9.701345e+12,2.789386e+12,2.059899e+07,1.707805e+14,1.261454e+08,1.039354e+07,-3.254011e+14,-1.231640e+14,-2.373354e+14,3.529115e+07,7.713389e+14,3.512421e+07,2.468863e+06,1.259089e+13,-2.280168e+13,3.009056e+12,0,51
7.252566e+07,2.018312e+14,8.448212e+05,7.797502e+05,-2.441979e+11,2.058504e+11,-5.819057e+11,3.155163e+07,7.223717e+14,1.334831e+08,1.286722e+07,-5.314960e+14,-3.451320e+14,-5.929220e+14,4.575631e+07,1.679550e+15,6.687902e+06,6.920372e+05,7.341436e+11,1.122399e+12,6.679392e+11,0,100
5.494722e+07,1.756129e+14,1.555870e+07,5.025582e+06,-4.329942e+13,6.417096e+13,-3.774914e+13,2.556970e+07,2.609567e+14,1.283009e+08,1.398820e+07,-5.921455e+14,-2.259656e+14,-5.403036e+14,3.880249e+07,1.011525e+15,2.715252e+07,1.777591e+06,-5.672523e+12,-4.449855e+13,-1.587063e+12,1,96
6.125793e+07,2.843201e+14,3.045979e+05,3.029058e+06,1.888703e+12,4.589612e+13,1.891086e+12,2.516861e+07,3.732775e+14,1.371170e+08,1.400967e+07,-6.131964e+14,-2.705122e+14,-6.733432e+14,4.198322e+07,1.306145e+15,1.021934e+07,1.939173e+06,6.765201e+12,3.158389e+13,1.453953e+12,3,82
4.772527e+07,1.997404e+14,1.332100e+07,5.814749e+06,-3.378350e+13,6.940748e+13,-3.237488e+13,2.045107e+07,1.746455e+14,1.453008e+08,1.104908e+07,-4.406150e+14,-1.453389e+14,-4.895069e+14,3.454341e+07,7.775107e+14,3.583998e+07,2.019048e+06,-7.771810e+12,-2.548176e+13,-2.932607e+12,3,50
6.311311e+07,1.805641e+14,1.207907e+06,5.004808e+06,1.166297e+13,5.587375e+13,1.095542e+13,2.797225e+07,4.777803e+14,1.397495e+08,1.206065e+07,-4.857767e+14,-2.602466e+14,-5.550495e+14,4.140838e+07,1.313598e+15,2.504234e+07,5.510679e+06,6.245452e+13,1.385554e+14,4.592653e+13,3,89
6.485666e+07,3.086072e+14,9.393516e+06,1.658213e+07,2.069449e+14,2.706692e+14,7.089215e+13,2.694164e+07,4.149803e+14,1.343899e+08,1.447451e+07,-6.379879e+14,-2.948342e+14,-6.102943e+14,4.448906e+07,1.494814e+15,1.874376e+07,1.204047e+07,1.807849e+14,4.544896e+14,-5.346766e+12,2,82
6.354327e+07,4.762989e+14,1.078241e+07,5.987599e+06,-4.519302e+13,1.181766e+14,-2.414036e+13,2.485565e+07,2.887044e+14,1.497892e+08,1.566777e+07,-7.589625e+14,-2.661648e+14,-6.152050e+14,4.667977e+07,1.514808e+15,9.189368e+06,2.438790e+05,-1.242653e+11,1.032080e+11,3.669080e+11,0,55
8.641728e+07,3.440948e+14,4.756139e+07,6.564620e+06,1.098240e+14,1.176049e+14,1.056800e+14,3.720531e+07,9.413651e+14,1.478561e+08,1.518750e+07,-7.138769e+14,-4.650139e+14,-7.026642e+14,5.574912e+07,2.449870e+15,1.707302e+07,1.263350e+07,1.826474e+14,5.746048e+14,9.880418e+13,0,20
6.740382e+07,4.232481e+14,1.077087e+05,2.938932e+05,4.325184e+10,6.000260e+12,2.913625e+10,2.928987e+07,3.084989e+14,1.569976e+08,2.036306e+07,-1.149323e+15,-3.565212e+14,-1.151229e+15,4.985458e+07,1.716024e+15,1.938579e+07,4.212439e+06,1.717246e+13,-4.401178e+12,3.432062e+12,0,36
6.805313e+07,4.671074e+14,9.646191e+05,6.474581e+06,1.617694e+13,1.394418e+14,1.633258e+13,2.733096e+07,3.676037e+14,1.481966e+08,1.696875e+07,-8.508242e+14,-3.252908e+14,-8.454125e+14,4.888139e+07,1.699846e+15,1.033725e+07,3.542758e+06,2.125781e+13,1.443575e+14,1.224078e+13,0,56
4.627083e+07,2.651233e+14,1.053573e+07,2.397889e+05,3.809294e+11,-2.193366e+12,4.273503e+11,1.926466e+07,1.181816e+14,1.248202e+08,1.012920e+07,-3.547096e+14,-1.087336e+14,-4.145277e+14,3.552611e+07,7.409255e+14,2.613442e+07,2.026560e+06,4.809281e+11,-3.057262e+13,1.439182e+12,1,94
4.399548e+07,1.934075e+14,1.463105e+07,1.789123e+06,-4.914704e+12,2.027655e+13,-4.883238e+12,1.959268e+07,1.125284e+14,1.279647e+08,1.046281e+07,-2.999492e+14,-9.516699e+13,-2.950608e+14,3.347617e+07,6.165429e+14,5.160377e+07,3.393057e+06,2.267820e+12,-4.180826e+13,-7.619672e+12,2,91
7.396897e+07,3.460334e+14,2.028088e+06,1.830056e+07,-9.367745e+13,3.362241e+14,-2.974642e+13,3.130725e+07,5.879637e+14,1.730836e+08,1.889467e+07,-1.078631e+15,-4.573187e+14,-1.035718e+15,4.972114e+07,1.867753e+15,2.255552e+07,6.407948e+06,7.311128e+13,2.177373e+14,-2.553138e+13,1,70
5.369035e+07,2.080768e+14,1.833631e+07,1.097138e+06,4.429595e+12,-5.828088e+12,5.412418e+12,2.382683e+07,2.459136e+14,1.543943e+08,1.544660e+07,-7.503532e+14,-2.412616e+14,-8.966739e+14,3.823612e+07,9.152003e+14,3.520191e+07,4.790631e+06,2.394842e+13,-3.428389e+13,8.891592e+12,0,44
4.216451e+07,2.049879e+14,2.012855e+07,5.692743e+05,-5.409687e+11,-8.076531e+12,-4.753047e+11,1.811449e+07,9.503747e+13,1.243064e+08,9.838535e+06,-3.334052e+14,-9.414342e+13,-3.530285e+14,3.242249e+07,6.265074e+14,2.627866e+07,2.237646e+06,8.357386e+12,-1.489033e+13,1.539268e+13,3,94
7.573554e+07,3.498710e+14,8.808632e+06,4.272385e+06,7.756309e+12,6.902059e+13,9.817126e+12,3.170776e+07,6.493391e+14,1.300606e+08,1.300988e+07,-5.177039e+14,-3.228430e+14,-4.287770e+14,5.026254e+07,1.959354e+15,2.656653e+07,8.243279e+06,1.166254e+14,2.062401e+14,1.489615e+14,1,79
6.865564e+07,4.375750e+14,2.538671e+06,4.924615e+06,1.542975e+13,8.723979e+13,1.478387e+13,2.877196e+07,3.601146e+14,1.435440e+08,1.657880e+07,-7.828503e+14,-3.075225e+14,-7.919892e+14,4.968907e+07,1.791344e+15,1.279329e+07,4.726339e+06,3.460819e+13,1.711289e+14,4.945183e+13,3,56
7.403962e+07,3.230810e+14,1.687211e+06,1.700592e+07,-9.050648e+13,2.946015e+14,-7.070206e+13,3.235922e+07,5.645160e+14,1.775826e+08,2.071016e+07,-1.245795e+15,-4.885287e+14,-1.177520e+15,5.028025e+07,1.883147e+15,2.336113e+07,5.159363e+06,4.852681e+13,1.422193e+14,-2.597983e+13,3,70
7.228295e+07,2.246760e+14,3.950097e+05,4.309982e+05,-5.844828e+10,3.495618e+12,-2.360802e+10,3.134644e+07,6.746714e+14,1.331213e+08,1.330239e+07,-5.371662e+14,-3.362392e+14,-5.377073e+14,4.633058e+07,1.745003e+15,7.194573e+06,4.270621e+05,-7.201576e+11,-1.756503e+13,-4.269155e+11,3,88
5.719206e+07,2.358988e+14,4.267090e+06,5.921705e+05,9.404785e+11,-3.502805e+12,1.153884e+12,2.399417e+07,3.207014e+14,1.425916e+08,1.298737e+07,-5.554734e+14,-2.314780e+14,-5.267117e+14,3.928429e+07,1.102337e+15,2.468794e+07,1.661851e+06,-9.925473e+12,-5.359584e+13,-9.997297e+12,3,71
6.948834e+07,1.855032e+14,2.476367e+06,4.091527e+06,1.099398e+13,5.432634e+13,1.734261e+13,3.069194e+07,6.349152e+14,1.301790e+08,1.348981e+07,-5.652817e+14,-3.398873e+14,-5.443432e+14,4.431159e+07,1.592951e+15,1.330989e+07,2.793637e+06,1.419056e+13,4.419216e+13,4.216675e+11,0,74
4.898609e+07,2.478119e+14,2.101519e+06,3.443961e+06,-1.566079e+11,3.031627e+13,-5.759213e+11,2.107913e+07,1.481317e+14,1.512946e+08,1.144518e+07,-4.540905e+14,-1.338183e+14,-4.790813e+14,3.681579e+07,8.073986e+14,4.187766e+07,1.747533e+06,-1.369693e+13,-3.741958e+13,-5.861703e+12,0,17
4.753898e+07,2.175180e+14,2.050953e+07,1.440601e+06,-6.301448e+12,1.843805e+13,-4.732750e+12,2.008474e+07,1.644023e+14,1.291641e+08,1.065789e+07,-3.007479e+14,-1.148461e+14,-3.282408e+14,3.483321e+07,7.547152e+14,3.063407e+07,1.988116e+06,4.419398e+12,-2.678399e+13,8.322607e+11,1,51
5.051473e+07,3.869720e+14,1.101295e+07,2.278391e+06,-9.179255e+12,4.076171e+13,-8.887153e+12,2.186347e+07,8.131754e+13,9.282153e+07,1.032206e+07,-3.189847e+14,-9.303152e+13,-3.376862e+14,4.150219e+07,1.053959e+15,4.317866e+06,1.756512e+05,1.351558e+11,-1.556571e+10,-2.521779e+09,1,64
4.408276e+07,1.667764e+14,5.871372e+06,8.027826e+06,-4.743412e+13,9.725478e+13,-4.865654e+13,1.986437e+07,1.305386e+14,1.041752e+08,9.435899e+06,-2.946589e+14,-1.077216e+14,-3.257735e+14,3.273153e+07,6.674949e+14,4.951914e+07,2.194169e+06,-2.283955e+13,-5.585818e+13,-1.080355e+12,2,77
5.885102e+07,4.516173e+14,1.161159e+08,2.247004e+07,1.139723e+15,4.735617e+14,1.047163e+15,2.401572e+07,1.887285e+14,9.897959e+07,1.141390e+07,-3.479560e+14,-1.460011e+14,-3.245634e+14,4.526685e+07,1.286191e+15,3.593610e+07,5.677207e+07,2.426133e+15,1.977829e+15,2.307384e+15,1,85
4.540546e+07,3.433285e+14,7.511524e+06,2.508643e+06,-8.413919e+12,4.538664e+13,-1.502860e+13,1.810843e+07,8.149218e+13,1.061607e+08,8.819125e+06,-2.689385e+14,-7.938077e+13,-3.003075e+14,3.642557e+07,7.741328e+14,2.543482e+07,8.616417e+05,-1.406104e+12,-2.005837e+13,-7.042877e+11,1,38
4.185002e+07,1.758361e+14,2.028138e+07,3.143565e+06,-2.464784e+13,4.089816e+13,-2.726992e+13,1.889006e+07,9.644398e+13,1.191660e+08,9.810802e+06,-3.179706e+14,-9.411945e+13,-3.055125e+14,3.203541e+07,5.564902e+14,4.593578e+07,2.809823e+06,3.256531e+12,-3.255088e+13,-5.062222e+12,1,91
7.150280e+07,2.094331e+14,2.704200e+04,1.455146e+06,-1.563311e+11,-1.192051e+12,2.407968e+11,3.109289e+07,6.887136e+14,1.358219e+08,1.347867e+07,-5.766942e+14,-3.537237e+14,-6.620399e+14,4.549443e+07,1.651691e+15,4.931672e+06,4.356181e+05,4.715859e+10,-4.370921e+12,1.387115e+11,3,100
6.034647e+07,4.808032e+14,7.898066e+06,2.477597e+06,-1.086821e+13,5.398615e+13,-1.007895e+13,2.460857e+07,2.022550e+14,1.076952e+08,1.301350e+07,-4.548468e+14,-1.742591e+14,-5.061548e+14,4.629767e+07,1.394653e+15,4.557926e+06,4.619900e+04,-1.629146e+10,-1.491318e+12,-2.724736e+10,0,10
7.128211e+07,4.084687e+14,5.529903e+06,1.353843e+07,2.229607e+13,2.715479e+14,1.055809e+14,3.082621e+07,4.129066e+14,1.240631e+08,1.444930e+07,-6.107878e+14,-2.934150e+14,-5.412998e+14,5.101311e+07,1.816463e+15,1.831309e+07,6.106584e+06,6.293989e+13,2.555501e+14,6.141541e+13,1,99
5.646835e+07,1.665539e+14,1.741405e+06,3.340613e+06,4.112738e+12,4.145659e+13,1.017162e+13,2.446143e+07,3.660999e+14,1.306388e+08,1.006137e+07,-3.647418e+14,-1.924754e+14,-3.233572e+14,3.736630e+07,1.026799e+15,2.947532e+07,3.361277e+06,2.645942e+13,3.093085e+13,1.786778e+13,1,83
6.699222e+07,2.441042e+14,4.792252e+06,1.152220e+06,-1.712605e+12,1.442914e+13,-9.067380e+11,2.846852e+07,5.448332e+14,1.434151e+08,1.449012e+07,-6.336274e+14,-3.275474e+14,-5.325916e+14,4.401589e+07,1.489101e+15,2.385831e+07,2.170843e+06,-1.531132e+13,-8.357070e+13,-1.250527e+13,0,28
5.656841e+07,2.063485e+14,6.687844e+06,4.996759e+05,8.132426e+11,-2.055457e+12,8.203558e+11,2.673191e+07,2.415002e+14,1.856122e+08,1.337190e+07,-6.060307e+14,-1.978967e+14,-6.045412e+14,4.103240e+07,1.047613e+15,5.676406e+07,2.597108e+06,-2.792744e+13,-8.398571e+13,-2.849298e+13,3,59
7.809494e+07,3.219996e+14,1.360708e+05,6.044410e+02,-4.539632e+06,8.882925e+09,-3.011604e+06,3.292868e+07,7.446874e+14,1.515490e+08,1.578688e+07,-7.504071e+14,-4.225522e+14,-7.300586e+14,5.085510e+07,2.046144e+15,2.029286e+06,1.199192e+05,4.472135e+10,-1.838654e+12,7.829757e+09,0,101
3.643346e+07,1.088952e+14,2.841297e+07,1.213590e+06,5.364464e+12,-1.473177e+12,5.269233e+12,1.798169e+07,6.470033e+13,9.248394e+07,1.270223e+07,-3.844468e+14,-9.167502e+13,-3.350624e+14,2.841354e+07,3.891073e+14,3.948514e+07,9.628229e+06,1.433895e+14,1.342049e+14,-1.746902e+13,0,2
7.421705e+07,5.540022e+14,3.719457e+06,6.158330e+06,1.795763e+13,1.423202e+14,3.910524e+13,2.992847e+07,4.348695e+14,1.204306e+08,1.396602e+07,-5.701374e+14,-2.908485e+14,-5.057054e+14,5.340364e+07,2.027948e+15,1.484061e+07,2.846114e+06,1.716260e+13,1.191109e+14,1.845157e+13,2,99
6.513965e+07,3.114225e+14,1.108407e+07,2.496909e+07,4.145942e+14,4.406111e+14,4.236749e+14,2.672406e+07,4.333467e+14,1.250943e+08,1.152591e+07,-4.317061e+14,-2.376415e+14,-4.095083e+14,4.436866e+07,1.475758e+15,3.367118e+07,1.946053e+07,4.957637e+14,7.250951e+14,-7.958231e+13,0,14
6.839897e+07,3.196585e+14,2.106807e+06,4.329896e+05,-3.722321e+11,-5.866720e+11,-3.794860e+11,2.835553e+07,4.927824e+14,1.456258e+08,1.472008e+07,-6.745398e+14,-3.246710e+14,-6.087002e+14,4.621473e+07,1.628375e+15,7.263073e+05,4.330195e+05,1.767059e+11,1.718624e+13,7.124517e+10,1,84
5.287216e+07,2.631949e+14,2.129615e+07,1.114644e+06,-5.233809e+12,1.789076e+13,-5.242709e+12,2.204378e+07,2.209376e+14,1.202400e+08,1.215400e+07,-3.900292e+14,-1.617679e+14,-3.527669e+14,3.825815e+07,9.702085e+14,2.800565e+07,3.275123e+06,9.784539e+12,-3.405265e+13,1.334697e+12,3,92
8.701540e+07,4.961107e+14,2.507047e+07,2.697802e+06,-2.067295e+13,5.999097e+13,-1.903704e+13,3.550225e+07,9.018662e+14,1.445332e+08,1.663432e+07,-5.783671e+14,-4.147962e+14,-8.069948e+14,5.761506e+07,2.660312e+15,7.154455e+05,4.593071e+04,-1.019790e+09,-1.529686e+12,-2.120582e+09,3,49
5.175016e+07,1.049845e+14,1.209916e+06,1.453891e+07,-5.823721e+13,1.410288e+14,3.308115e+12,2.418844e+07,3.003240e+14,1.546948e+08,1.146123e+07,-4.716891e+14,-1.948697e+14,-3.897994e+14,3.443153e+07,7.698581e+14,9.003105e+07,9.024534e+06,9.149656e+13,3.288934e+13,8.765483e+13,0,40
5.674399e+07,1.764325e+14,9.009752e+03,1.085375e+07,-2.223999e+12,1.416807e+14,1.349263e+12,2.450896e+07,3.620759e+14,1.389214e+08,1.130024e+07,-4.450512e+14,-2.138525e+14,-4.112898e+14,3.778194e+07,1.043583e+15,4.900057e+07,8.004358e+06,1.287647e+14,1.116701e+14,8.057309e+13,2,57
8.314151e+07,2.424046e+14,1.302665e+07,1.862228e+06,7.907759e+12,2.651347e+13,8.243656e+12,3.639677e+07,9.767351e+14,1.497368e+08,1.688249e+07,-8.203490e+14,-5.167682e+14,-8.382047e+14,5.191581e+07,2.189967e+15,1.691981e+07,5.373442e+06,4.403135e+13,1.215184e+14,6.776486e+13,0,95
6.487546e+07,1.901723e+14,1.569213e+06,2.672887e+06,-3.610174e+12,3.288224e+13,-3.582710e+12,2.848534e+07,5.120644e+14,1.830075e+08,1.780222e+07,-1.015563e+15,-4.027601e+14,-1.083261e+15,4.226893e+07,1.324976e+15,3.795593e+07,3.348195e+06,-2.506004e+13,-8.872909e+13,-1.234741e+13,2,60
9.047179e+07,5.872011e+14,4.690809e+07,1.898152e+06,8.011452e+12,3.654504e+13,8.440123e+12,4.169959e+07,6.073814e+14,1.197626e+08,1.900887e+07,-9.024548e+14,-4.679069e+14,-7.595424e+14,6.591187e+07,3.352260e+15,2.497440e+06,1.240775e+07,6.906828e+13,7.122328e+14,8.192332e+13,2,73
7.042833e+07,2.157288e+14,1.716777e+07,4.273740e+07,-1.141298e+15,6.270916e+14,-1.277194e+15,3.273362e+07,5.391947e+14,1.756459e+08,2.220338e+07,-1.283253e+15,-4.888631e+14,-1.466621e+15,4.742100e+07,1.506358e+15,5.801001e+07,7.367298e+06,1.291274e+14,2.194922e+14,-8.349018e+13,3,67
7.041978e+07,3.509068e+14,7.581320e+06,6.075287e+06,-4.047803e+13,1.034337e+14,-2.321307e+13,2.933114e+07,5.036071e+14,1.617195e+08,1.806186e+07,-9.302648e+14,-3.925831e+14,-8.725118e+14,4.798128e+07,1.735974e+15,9.654174e+06,9.916582e+05,4.453144e+11,-2.504321e+11,-3.522360e+11,2,70
6.046700e+07,2.870714e+14,1.674966e+06,3.041542e+06,1.037117e+12,4.509630e+13,1.289942e+12,2.492347e+07,3.498742e+14,1.510589e+08,1.404125e+07,-6.466193e+14,-2.626403e+14,-7.183589e+14,4.184565e+07,1.263487e+15,2.914350e+07,3.404791e+06,1.083750e+13,-1.336963e+12,1.148671e+13,3,52
6.975218e+07,2.493334e+14,6.309307e+06,3.299898e+06,1.115559e+13,4.251232e+13,8.727097e+12,2.972085e+07,5.897901e+14,1.476267e+08,1.418844e+07,-6.492434e+14,-3.445321e+14,-5.974486e+14,4.549199e+07,1.612835e+15,1.157117e+07,3.665743e+06,2.381743e+13,1.133930e+14,1.680300e+12,1,43
7.908751e+07,2.290459e+14,6.982531e+06,9.943614e+05,2.384001e+12,1.502610e+13,2.114597e+12,3.500391e+07,8.520113e+14,1.564860e+08,1.766294e+07,-9.149158e+14,-5.100350e+14,-9.989011e+14,5.001039e+07,1.989633e+15,1.599516e+07,4.114908e+06,2.668100e+13,6.885318e+13,3.578605e+13,1,95
6.469391e+07,2.172522e+14,2.460219e+07,1.778371e+05,-2.068918e+11,1.899125e+12,-2.239536e+11,2.762161e+07,5.064362e+14,1.313984e+08,1.199798e+07,-4.660775e+14,-2.664216e+14,-5.005093e+14,4.223980e+07,1.376103e+15,4.006936e+05,1.195704e+06,3.186099e+11,3.999851e+13,2.538877e+11,0,62
4.623783e+07,3.107909e+14,1.508633e+07,5.971962e+05,-1.707905e+12,1.052708e+13,-2.330038e+12,1.937207e+07,8.610518e+13,1.275923e+08,8.079333e+06,-2.448658e+14,-7.210120e+13,-2.508119e+14,3.696170e+07,7.313864e+14,5.445125e+07,2.785302e+06,-2.570688e+12,-5.258277e+13,-5.939106e+12,0,9
5.989660e+07,2.932376e+14,4.133483e+07,1.247264e+06,-8.140317e+12,2.017161e+13,-6.817463e+12,2.850299e+07,2.040499e+14,9.859697e+07,1.564976e+07,-6.135389e+14,-2.232280e+14,-5.614856e+14,4.562236e+07,1.417286e+15,3.677719e+07,1.005493e+07,1.814542e+14,1.778739e+14,3.405432e+13,3,87
8.181247e+07,1.218393e+14,1.009800e+07,1.259264e+06,2.649098e+12,9.698334e+12,1.925031e+12,3.799026e+07,1.082220e+15,1.385904e+08,1.456858e+07,-6.392622e+14,-4.721798e+14,-7.001220e+14,4.902751e+07,1.999164e+15,4.706378e+06,2.393751e+06,8.032652e+12,8.273673e+13,-5.769997e+11,3,86
4.802782e+07,1.948348e+14,6.733021e+06,2.078726e+07,-2.415669e+14,2.848386e+14,-1.999621e+14,2.166208e+07,1.644774e+14,1.356292e+08,1.659618e+07,-6.826569e+14,-1.972043e+14,-6.101627e+14,3.533594e+07,7.203366e+14,6.193175e+07,4.445801e+06,-2.526545e+13,-2.960244e+13,-1.682165e+13,1,81
5.180942e+07,3.610614e+14,1.757008e+06,1.693325e+05,-2.418120e+10,-8.885366e+11,1.804344e+10,2.069086e+07,1.468990e+14,1.084747e+08,6.687161e+06,-1.759478e+14,-8.067222e+13,-1.835958e+14,3.969232e+07,9.728339e+14,3.541917e+07,1.813070e+06,7.354728e+12,-1.885415e+13,4.471039e+12,2,66
4.860308e+07,2.282311e+14,2.282645e+07,2.352028e+06,-5.319700e+11,7.545315e+12,3.021733e+12,2.130816e+07,1.517669e+14,1.322542e+08,1.536938e+07,-6.517043e+14,-1.763635e+14,-4.856385e+14,3.628717e+07,8.190274e+14,2.488037e+07,3.570266e+06,2.854695e+13,7.479161e+12,4.197216e+12,0,33
4.529898e+07,1.648961e+14,1.574715e+05,7.841773e+06,-5.460080e+12,8.843385e+13,-3.469703e+12,1.969459e+07,1.688371e+14,1.240068e+08,9.481385e+06,-3.245535e+14,-1.230875e+14,-3.704976e+14,3.241479e+07,6.633103e+14,5.179337e+07,4.899978e+06,2.494138e+13,-1.155700e+13,2.367399e+13,0,53
5.960651e+07,2.510217e+14,4.574443e+06,7.877273e+06,-4.635240e+13,1.147518e+14,-3.220030e+13,2.667374e+07,2.961065e+14,1.910686e+08,1.515869e+07,-8.059059e+14,-2.590190e+14,-7.471385e+14,4.240451e+07,1.105667e+15,7.272212e+07,4.290960e+06,-4.634222e+13,-7.292135e+13,-8.384615e+12,2,59
6.105021e+07,2.749538e+14,1.797904e+07,1.445798e+07,-2.193849e+14,2.292139e+14,-2.345830e+14,2.898311e+07,2.415853e+14,1.017362e+08,1.474753e+07,-5.025153e+14,-2.075537e+14,-5.136965e+14,4.554228e+07,1.421881e+15,2.349816e+07,1.544032e+06,-5.631333e+12,-3.659501e+13,-3.294941e+12,0,16
6.994897e+07,2.017054e+14,1.755254e+06,1.352405e+06,-1.638234e+12,1.707333e+13,1.172753e+12,3.048923e+07,6.436876e+14,1.331953e+08,1.346523e+07,-5.694266e+14,-3.414830e+14,-4.906395e+14,4.467309e+07,1.598938e+15,1.160752e+07,1.100749e+06,-1.080976e+12,-2.472913e+13,2.713541e+11,2,74
5.673006e+07,1.491831e+14,2.483631e+06,1.053583e+06,3.993104e+11,6.454657e+12,-1.768134e+11,2.600138e+07,3.506279e+14,1.377338e+08,1.333679e+07,-5.603640e+14,-2.458913e+14,-5.549200e+14,3.802948e+07,1.003868e+15,4.800914e+07,3.829201e+06,-4.369877e+13,-1.100289e+14,-3.368291e+13,3,102
6.543417e+07,3.039541e+14,1.558297e+07,6.505303e+06,4.699800e+13,1.012779e+14,6.344705e+13,2.683755e+07,4.507000e+14,1.290229e+08,1.260091e+07,-4.947677e+14,-2.635120e+14,-4.346688e+14,4.422336e+07,1.507003e+15,1.802256e+07,8.183534e+06,9.936788e+13,2.579077e+14,-2.906334e+12,1,69
9.495874e+07,2.164630e+14,4.115966e+07,8.276454e+05,-4.324233e+12,-2.258081e+12,-4.753207e+12,4.393192e+07,1.340813e+15,1.303672e+08,1.378613e+07,-5.831468e+14,-5.033123e+14,-6.544048e+14,5.860388e+07,2.879566e+15,7.005116e+06,3.825517e+06,1.976660e+13,1.571733e+14,-4.074821e+12,0,86
6.959150e+07,2.533621e+14,2.503826e+06,2.939931e+06,4.263537e+12,4.369664e+13,7.319502e+12,2.985035e+07,5.692013e+14,1.342017e+08,1.190332e+07,-4.756923e+14,-2.838927e+14,-4.506985e+14,4.576251e+07,1.594666e+15,3.618928e+07,4.122423e+06,1.562665e+13,-1.262456e+13,1.943120e+13,0,104
7.481141e+07,3.907325e+14,2.675319e+07,1.029995e+06,-2.342620e+12,-1.638125e+13,-5.164723e+12,3.081701e+07,6.264424e+14,1.338274e+08,1.316467e+07,-5.511119e+14,-3.288364e+14,-3.239695e+14,5.051287e+07,1.949514e+15,8.411451e+06,3.690147e+06,2.035043e+13,7.515428e+13,1.594842e+13,0,12
3.988280e+07,7.667426e+13,2.975916e+06,1.776388e+07,-1.291545e+14,1.537395e+14,-1.012921e+14,1.974050e+07,1.298536e+14,1.491805e+08,9.504971e+06,-3.578302e+14,-1.083118e+14,-3.284794e+14,2.849409e+07,4.079978e+14,1.044033e+08,7.276741e+06,3.865237e+13,6.390414e+12,4.557435e+13,0,54
6.820821e+07,1.473533e+14,7.979775e+04,8.845217e+05,-2.469296e+10,7.585914e+12,1.078469e+11,3.054955e+07,6.532854e+14,1.412295e+08,1.434134e+07,-6.453922e+14,-3.665508e+14,-5.918001e+14,4.268387e+07,1.459103e+15,1.090319e+07,9.943913e+05,-1.028076e+12,-2.265780e+13,1.380518e+11,1,74
5.813846e+07,2.095435e+14,3.185235e+06,1.147788e+06,-5.238077e+11,1.377329e+13,2.092758e+12,2.483307e+07,3.575076e+14,1.283004e+08,1.056576e+07,-3.863622e+14,-1.989425e+14,-3.219573e+14,3.928715e+07,1.131345e+15,3.220467e+07,1.989644e+06,-7.963305e+12,-4.601111e+13,-1.245506e+12,2,83
5.232711e+07,2.352632e+14,2.451132e+07,1.957859e+06,-1.069800e+13,2.839650e+13,-1.379370e+13,2.272070e+07,2.044622e+14,1.144570e+08,1.339324e+07,-5.087016e+14,-1.879038e+14,-4.871213e+14,3.805892e+07,9.637218e+14,3.402035e+07,4.562608e+06,2.095629e+13,-3.464918e+13,-1.247117e+12,1,92
7.844823e+07,3.560269e+14,6.407427e+05,2.274465e+06,2.172228e+12,4.123758e+13,3.362999e+12,3.265692e+07,7.259580e+14,1.523116e+08,1.635271e+07,-8.152374e+14,-4.398139e+14,-8.032969e+14,5.152505e+07,2.108294e+15,3.728849e+06,9.587132e+05,1.807755e+12,4.369726e+13,-1.090166e+11,3,101
7.554185e+07,5.794882e+14,4.140510e+06,4.353564e+06,-1.827417e+13,1.033979e+14,-1.450453e+13,3.126950e+07,4.191919e+14,1.388299e+08,1.634299e+07,-7.559546e+14,-3.267348e+14,-7.840530e+14,5.512825e+07,2.201559e+15,8.922620e+06,1.762740e+06,4.873448e+12,4.565293e+13,8.331872e+12,1,56
6.310174e+07,2.559803e+14,5.167696e+06,3.779768e+06,-1.364731e+13,5.353135e+13,-1.355787e+13,3.023336e+07,2.860191e+14,1.121468e+08,1.558406e+07,-6.479915e+14,-2.625038e+14,-6.072902e+14,4.619183e+07,1.531169e+15,2.295931e+07,1.751590e+06,-2.082077e+12,-4.554969e+13,2.745493e+12,0,25
5.690723e+07,2.193562e+14,7.758753e+06,2.352625e+05,-2.483252e+11,2.759322e+12,-1.983354e+11,2.423249e+07,3.243035e+14,1.401422e+08,1.253480e+07,-5.241205e+14,-2.249998e+14,-5.836528e+14,3.901691e+07,1.074137e+15,2.728564e+07,2.064990e+06,-8.341286e+12,-5.066622e+13,-8.471002e+12,2,71
4.075540e+07,2.225426e+14,9.395631e+06,7.158360e+05,1.001961e+12,3.330679e+10,1.007509e+12,1.714928e+07,7.774971e+13,1.187099e+08,7.530571e+06,-1.951369e+14,-6.282636e+13,-1.484978e+14,3.206704e+07,5.622978e+14,2.892467e+07,1.411384e+06,7.343353e+11,-1.981270e+13,-1.810574e+11,1,75
8.038184e+07,3.183963e+14,3.307542e+05,2.842981e+06,4.633881e+10,7.394954e+12,-4.492492e+11,3.418124e+07,8.093912e+14,1.649054e+08,1.738761e+07,-9.142031e+14,-4.903277e+14,-7.636086e+14,5.202301e+07,2.143026e+15,3.593012e+06,6.692502e+05,9.976161e+11,3.032210e+13,2.071423e+11,1,101
7.105961e+07,2.909059e+14,3.117558e+07,1.202823e+07,-1.578388e+14,1.760684e+14,-1.500112e+14,3.066591e+07,5.491579e+14,1.271711e+08,1.457829e+07,-6.238875e+14,-3.398669e+14,-6.523772e+14,4.762639e+07,1.711124e+15,1.414202e+07,7.746982e+05,-1.817708e+12,-1.793849e+13,-1.747166e+11,0,23
4.274753e+07,1.023717e+14,1.173793e+07,1.722574e+06,-4.483102e+12,1.321124e+13,-4.473654e+12,2.009468e+07,1.578587e+14,1.406689e+08,1.016989e+07,-3.755801e+14,-1.256244e+14,-3.587119e+14,3.018470e+07,5.301320e+14,8.041848e+07,4.951723e+06,-9.271530e+13,-1.055663e+14,-9.794411e+13,0,37
5.827261e+07,4.127530e+14,7.340099e+07,4.198017e+05,2.184808e+12,7.730235e+12,1.430656e+12,2.444905e+07,2.143543e+14,9.937842e+07,1.406366e+07,-2.994042e+14,-1.467196e+14,-2.412917e+14,4.474710e+07,1.260071e+15,9.647103e+06,1.487603e+07,1.684124e+14,4.450595e+14,1.585875e+14,0,85
5.502152e+07,1.836477e+14,4.796835e+06,4.800244e+06,-2.302238e+13,6.062801e+13,-1.111108e+13,2.519360e+07,2.671689e+14,1.278256e+08,1.319259e+07,-5.404650e+14,-2.152169e+14,-4.755855e+14,3.869895e+07,1.016490e+15,3.024877e+07,1.664071e+06,-1.179575e+13,-5.283888e+13,-8.647007e+11,0,96
5.264878e+07,3.335212e+14,1.623200e+07,1.079248e+06,-3.506045e+12,1.899256e+13,-3.099324e+12,2.099825e+07,1.814236e+14,1.149760e+08,1.120825e+07,-3.974451e+14,-1.490454e+14,-3.750479e+14,3.924236e+07,1.012058e+15,2.346763e+07,2.297118e+06,2.925039e+12,-3.409194e+13,-1.108853e+12,0,78
6.766099e+07,4.494265e+14,1.193198e+06,3.707030e+06,7.236897e+12,5.368729e+13,9.232395e+11,2.745189e+07,3.711877e+14,1.388015e+08,1.612077e+07,-7.399338e+14,-3.023200e+14,-7.230679e+14,4.842537e+07,1.689841e+15,9.456346e+06,2.503487e+06,1.061813e+13,7.941272e+13,1.677997e+13,2,56
6.395243e+07,2.024570e+14,3.144882e+06,3.589425e+06,1.011352e+13,5.072148e+13,1.624405e+13,2.938031e+07,4.154059e+14,1.430297e+08,1.422665e+07,-6.416350e+14,-2.899257e+14,-6.010239e+14,4.358448e+07,1.455766e+15,5.041629e+06,2.931941e+06,1.087136e+13,9.875823e+13,-5.302690e+11,0,69
6.044377e+07,2.153570e+14,1.134891e+07,1.896215e+07,2.781479e+14,2.750030e+14,3.159169e+14,2.565990e+07,4.054055e+14,1.118408e+08,8.969489e+06,-2.840083e+14,-1.805197e+14,-2.878062e+14,4.031419e+07,1.211878e+15,5.141249e+07,1.774854e+07,5.346812e+14,5.046292e+14,7.789915e+13,3,57
5.627723e+07,1.883989e+14,3.662225e+05,8.826997e+06,-1.533756e+13,1.209425e+14,-1.706684e+13,2.407505e+07,3.424804e+14,1.331072e+08,1.055255e+07,-3.953469e+14,-1.951925e+14,-3.813089e+14,3.778347e+07,1.043234e+15,4.634343e+07,6.583275e+06,8.733798e+13,7.206995e+13,6.698673e+13,1,57
6.284447e+07,1.719411e+14,9.240335e+05,1.076800e+06,-3.971255e+10,1.316092e+13,-6.308003e+11,2.785476e+07,4.841858e+14,1.399038e+08,1.219477e+07,-4.994899e+14,-2.674296e+14,-5.214364e+14,4.085818e+07,1.288963e+15,2.186079e+07,2.262735e+06,8.994554e+12,1.213155e+13,9.175434e+12,2,89
4.372562e+07,2.169827e+14,2.697821e+07,2.087912e+05,-4.488759e+11,-2.285063e+12,-4.397422e+11,1.877755e+07,1.044844e+14,1.276801e+08,9.970705e+06,-3.365981e+14,-9.873158e+13,-3.390834e+14,3.350663e+07,6.795219e+14,2.330541e+07,2.411536e+06,1.512184e+13,6.283765e+12,2.311358e+13,0,94
7.286341e+07,2.211872e+14,2.090556e+06,6.095974e+06,-9.074449e+12,8.995184e+13,1.058883e+13,3.274068e+07,6.443979e+14,1.297556e+08,1.391355e+07,-5.856141e+14,-3.487618e+14,-5.494644e+14,4.749158e+07,1.731571e+15,3.868548e+07,3.801453e+06,-1.933519e+13,-9.849509e+13,2.004578e+12,0,79
6.165803e+07,2.649305e+14,4.124903e+06,8.568055e+05,-9.696370e+11,-2.628400e+12,1.010552e+12,2.654482e+07,3.754454e+14,1.739015e+08,1.757689e+07,-9.393085e+14,-3.346218e+14,-1.218071e+15,4.274237e+07,1.263919e+15,2.896935e+07,3.520745e+06,-2.381697e+13,-8.898551e+13,-1.898399e+13,0,21
6.051862e+07,2.380358e+14,1.907813e+06,1.502631e+07,8.039445e+13,2.034133e+14,1.733770e+13,2.628338e+07,3.568811e+14,1.271175e+08,1.385024e+07,-5.811413e+14,-2.616403e+14,-5.093149e+14,4.166493e+07,1.292774e+15,1.656104e+07,8.044563e+06,9.274522e+13,2.613927e+14,-1.532621e+13,0,82
5.686671e+07,1.877007e+14,4.791699e+06,8.559290e+06,5.481264e+13,1.161719e+14,6.511678e+13,2.429703e+07,3.574345e+14,1.244861e+08,9.646387e+06,-3.298751e+14,-1.808020e+14,-3.474955e+14,3.798916e+07,1.062985e+15,3.830952e+07,7.615455e+06,1.256467e+14,1.560031e+14,3.862838e+13,0,83
5.945407e+07,2.330758e+14,2.760460e+06,3.298494e+06,-9.788227e+12,4.377718e+13,-3.939060e+12,2.525504e+07,3.637698e+14,1.425169e+08,1.344086e+07,-5.879710e+14,-2.563250e+14,-5.088731e+14,4.043722e+07,1.173830e+15,3.952933e+07,3.836583e+06,-2.004759e+13,-7.613079e+13,-8.387920e+12,1,48
6.280450e+07,2.141318e+14,5.099517e+06,2.532892e+06,2.297766e+12,2.562236e+13,-6.715262e+11,2.845266e+07,3.893839e+14,1.479167e+08,1.612425e+07,-7.870125e+14,-3.180305e+14,-8.159161e+14,4.308207e+07,1.372842e+15,1.048327e+07,6.864752e+05,-1.840471e+12,-2.533169e+13,-2.130665e+11,3,84
6.569227e+07,2.176357e+14,3.931553e+05,1.609963e+06,-5.187946e+10,-3.548228e+12,1.511641e+12,2.821519e+07,5.206386e+14,1.526856e+08,1.450332e+07,-6.607401e+14,-3.246252e+14,-7.164345e+14,4.294627e+07,1.407830e+15,2.590263e+07,2.238743e+06,-8.945087e+12,-5.891701e+13,-6.690160e+12,0,60
6.412638e+07,2.638195e+14,1.731318e+06,5.746724e+05,-4.960142e+11,8.176409e+11,-3.920139e+11,2.672483e+07,4.511453e+14,1.397480e+08,1.327546e+07,-5.647923e+14,-2.797095e+14,-6.055723e+14,4.290723e+07,1.418043e+15,2.137745e+07,1.873215e+06,-4.072846e+12,-4.703433e+13,-1.895295e+12,3,60
8.701426e+07,4.619327e+14,2.629769e+07,5.715138e+06,6.977389e+13,1.222597e+14,7.698417e+13,3.579388e+07,8.909006e+14,1.341925e+08,1.491815e+07,-6.656670e+14,-4.446555e+14,-6.554344e+14,5.716680e+07,2.632857e+15,1.976470e+07,1.016461e+07,1.406531e+14,4.320943e+14,1.692824e+14,0,13
8.168955e+07,6.521550e+14,2.896085e+07,1.889484e+07,4.368307e+14,4.755534e+14,4.901462e+14,3.287673e+07,5.449148e+14,1.335726e+08,1.726567e+07,-8.250082e+14,-4.026223e+14,-7.812661e+14,5.834902e+07,2.535627e+15,1.581957e+07,2.850596e+07,6.021580e+14,1.394107e+15,5.720459e+14,0,30
4.635286e+07,1.811040e+14,5.047657e+06,1.674244e+07,-1.526442e+14,2.240967e+14,-1.433256e+14,2.069846e+07,1.550519e+14,1.309740e+08,1.409390e+07,-5.406712e+14,-1.634058e+14,-5.025998e+14,3.401221e+07,6.717480e+14,6.139838e+07,4.599610e+06,-2.600344e+13,-3.806124e+13,-3.736906e+12,3,81
7.591002e+07,4.591120e+14,2.595530e+07,1.149496e+06,4.734758e+12,2.376714e+13,4.541747e+12,3.028271e+07,5.949746e+14,1.236650e+08,1.173256e+07,-4.247506e+14,-2.792130e+14,-4.277256e+14,5.151805e+07,2.081870e+15,1.037030e+07,5.039310e+06,3.579407e+13,1.969435e+14,8.191230e+12,3,63
5.494403e+07,5.292386e+14,1.116385e+07,2.185899e+05,9.238218e+10,1.075256e+12,1.232710e+11,2.209666e+07,9.831721e+13,9.366010e+07,9.932293e+06,-3.026063e+14,-9.844188e+13,-2.531532e+14,4.507569e+07,1.257476e+15,4.003992e+06,1.484942e+06,2.152051e+12,4.724429e+13,7.600431e+11,2,64
6.798477e+07,3.388144e+14,1.392319e+07,1.724440e+07,1.198374e+14,2.661657e+14,2.518945e+14,2.784863e+07,4.769652e+14,1.332735e+08,1.333469e+07,-5.111567e+14,-2.745974e+14,-3.654557e+14,4.620068e+07,1.642240e+15,2.846033e+07,1.474546e+07,3.019133e+14,5.007483e+14,-4.152450e+13,2,69
7.240791e+07,2.449157e+14,2.206661e+07,1.514399e+05,1.180908e+11,-2.209603e+12,1.086310e+11,3.117802e+07,6.600797e+14,1.489442e+08,1.478183e+07,-6.922689e+14,-3.787911e+14,-6.334182e+14,4.672074e+07,1.709133e+15,1.012447e+07,2.654969e+06,1.358762e+13,4.439195e+13,1.215246e+13,2,12
5.810850e+07,4.427944e+14,6.271405e+05,9.466808e+06,-1.823567e+13,1.826205e+14,-2.878465e+13,2.323466e+07,2.066678e+14,1.163885e+08,1.216408e+07,-4.564002e+14,-1.736763e+14,-4.456330e+14,4.375232e+07,1.235549e+15,1.503058e+07,2.498692e+06,1.513521e+13,8.107194e+13,-4.331975e+12,1,10
6.763177e+07,2.887934e+14,3.563610e+06,3.502774e+06,1.078112e+13,5.812988e+13,1.422805e+13,2.789165e+07,5.181485e+14,1.411599e+08,1.347132e+07,-5.676018e+14,-3.002122e+14,-5.674103e+14,4.488000e+07,1.582917e+15,1.405533e+07,4.000094e+06,2.964831e+13,1.167811e+14,9.945137e+12,0,43
6.298946e+07,1.935170e+14,2.430095e+07,3.268359e+07,-9.197229e+14,4.515116e+14,-9.796658e+14,2.933430e+07,3.946632e+14,1.467802e+08,1.911764e+07,-1.012687e+15,-3.797378e+14,-1.034084e+15,4.313634e+07,1.232940e+15,5.195029e+07,4.203343e+06,1.789439e+13,3.437917e+13,-4.166508e+13,0,67
4.695934e+07,2.100412e+14,6.352894e+05,2.853803e+06,-3.350649e+12,2.568742e+13,1.439704e+09,1.965611e+07,1.725847e+14,1.219527e+08,9.008718e+06,-2.985996e+14,-1.183470e+14,-3.493565e+14,3.399224e+07,7.458403e+14,4.886743e+07,3.629079e+06,-1.327152e+13,-5.145296e+13,7.271098e+09,2,53
6.930439e+07,5.232567e+14,1.571307e+07,1.922108e+06,1.553127e+12,3.021690e+13,6.342231e+12,2.700977e+07,3.839805e+14,1.327276e+08,1.447357e+07,-6.328625e+14,-2.829789e+14,-5.065776e+14,4.978756e+07,1.789066e+15,2.115658e+07,4.919593e+06,3.235880e+13,6.192830e+13,6.437813e+13,3,65
6.387268e+07,1.238256e+14,1.183978e+06,1.056944e+07,-1.360879e+13,1.118086e+14,-3.091388e+13,2.970015e+07,5.315200e+14,1.724582e+08,1.606005e+07,-8.019837e+14,-3.600088e+14,-8.354941e+14,4.082662e+07,1.226221e+15,5.720716e+07,9.245640e+06,1.325683e+14,1.239728e+14,1.045851e+14,3,76
5.711084e+07,1.599212e+14,3.300250e+05,2.570223e+06,2.092302e+12,1.273062e+13,-3.774297e+10,2.636041e+07,3.308810e+14,1.329579e+08,1.315046e+07,-5.429661e+14,-2.368024e+14,-5.780946e+14,3.892539e+07,1.062665e+15,4.680569e+07,3.485898e+06,-4.333652e+13,-1.126569e+14,-1.475825e+13,1,102
8.455062e+07,4.906977e+14,4.437684e+07,6.095956e+05,1.632333e+12,5.122328e+12,7.949154e+11,3.773245e+07,6.183243e+14,1.308759e+08,1.868478e+07,-9.136384e+14,-4.587317e+14,-1.011128e+15,5.988405e+07,2.732485e+15,2.451340e+05,2.206457e+06,-1.084197e+12,1.152763e+14,-1.085116e+12,0,73
