5.342485e+07,1.451979e+13,1.825652e+16,1.279288e+16,3.287959e+07,2.834564e+14,3.860138e+17,5.611334e+16,3.665235e+07,5.600730e+14,6.350769e+16,4.512208e+15,7.398541e+08,2.908998e+16,7.666412e+17,1.765702e+18,3.030750e+08,7.158609e+16,2.295996e+19,2.477745e+18,4.726733e+08,1.985056e+17,2.786643e+19,3.166180e+18,3,72
5.596620e+07,6.655354e+12,5.469654e+16,1.261379e+16,3.624751e+07,3.015760e+14,4.797263e+17,5.965403e+16,3.860085e+07,6.575667e+14,1.571669e+16,8.840509e+14,6.359051e+08,3.610731e+16,2.206164e+18,2.486796e+18,2.459761e+08,4.171622e+16,2.323044e+19,2.463666e+18,4.320541e+08,1.576654e+17,2.316918e+19,2.440961e+18,3,93
5.878709e+07,2.383181e+12,6.746350e+15,3.094962e+15,3.358033e+07,5.737366e+14,2.913714e+17,2.742085e+16,3.483440e+07,7.841883e+14,5.454771e+16,3.066825e+15,7.300362e+08,2.157168e+16,2.229143e+18,6.172145e+17,3.079341e+08,7.646221e+16,2.878314e+19,3.107424e+18,4.535473e+08,1.828663e+17,2.822350e+19,3.052966e+18,0,26
6.694809e+07,7.857366e+12,2.869027e+15,2.149956e+16,4.070814e+07,5.582076e+14,6.557917e+17,6.866323e+16,4.339478e+07,9.211811e+14,1.181440e+17,5.876919e+15,5.726577e+08,1.960073e+16,2.694535e+17,2.356537e+18,2.292352e+08,4.170076e+16,1.481351e+19,1.643977e+18,3.691941e+08,1.199151e+17,1.789142e+19,2.783673e+18,3,96
5.033138e+07,2.432130e+12,3.225532e+16,3.101905e+16,3.299909e+07,2.621855e+14,3.025781e+17,5.159561e+16,3.417320e+07,5.119723e+14,6.007839e+16,2.984706e+15,6.849797e+08,3.851904e+16,2.531147e+17,3.424988e+17,2.873494e+08,4.123905e+16,3.584385e+19,2.433160e+18,4.819884e+08,1.897525e+17,5.663099e+19,7.272199e+18,1,55
5.343065e+07,3.931354e+12,1.160702e+16,1.226402e+16,3.413366e+07,3.851791e+14,3.069904e+17,3.574861e+16,3.384490e+07,6.711904e+14,1.955033e+16,1.114231e+15,6.557092e+08,2.820346e+16,1.039302e+18,3.595195e+18,2.735661e+08,4.740894e+16,3.231597e+19,3.015144e+18,4.394867e+08,1.590946e+17,3.130527e+19,3.298645e+18,3,90
6.653698e+07,2.705298e+12,1.101549e+16,9.455876e+15,4.161227e+07,5.482135e+14,7.152711e+17,5.576289e+16,4.312305e+07,8.025881e+14,1.318216e+17,4.257268e+15,6.189425e+08,2.441121e+16,3.288791e+18,1.099376e+18,2.453163e+08,4.790905e+16,1.824744e+19,2.079926e+18,4.003501e+08,1.406963e+17,1.714190e+19,1.807605e+18,1,5
5.619595e+07,2.473096e+12,7.129931e+15,5.045300e+15,3.502929e+07,4.084213e+14,3.485622e+17,3.969683e+16,3.599925e+07,6.857559e+14,3.908896e+16,2.155331e+15,6.979922e+08,2.583273e+16,1.639045e+18,5.822074e+17,2.928646e+08,6.273108e+16,2.741764e+19,2.865056e+18,4.482830e+08,1.756903e+17,2.238548e+19,2.276283e+18,0,27
5.124275e+07,4.122505e+12,1.253261e+16,9.819489e+15,3.035967e+07,3.851768e+14,2.232967e+17,2.959905e+16,3.171763e+07,6.115739e+14,4.759493e+16,3.235440e+15,7.207579e+08,2.786845e+16,2.453612e+18,3.656569e+17,3.016265e+08,6.466919e+16,3.116229e+19,2.875267e+18,4.682448e+08,1.894639e+17,3.194158e+19,4.197233e+18,0,28
6.625252e+07,3.849329e+12,9.315819e+16,7.352931e+16,4.367554e+07,5.519870e+14,4.236885e+17,8.410170e+16,4.277450e+07,8.581651e+14,1.409482e+17,4.460085e+15,6.649614e+08,2.899447e+16,1.001329e+19,8.479375e+17,3.009013e+08,4.044325e+16,2.378984e+19,1.336626e+18,4.639245e+08,1.859245e+17,3.592776e+19,3.989063e+18,0,67
6.624669e+07,2.713109e+13,3.336859e+16,2.521396e+16,4.181539e+07,3.796072e+14,8.156237e+17,7.693443e+16,4.679450e+07,7.604658e+14,1.943913e+17,7.853760e+15,5.648225e+08,2.899378e+16,3.784779e+18,9.796818e+16,2.143164e+08,3.289976e+16,1.434316e+19,1.377039e+18,3.835882e+08,1.280892e+17,3.225180e+19,5.254138e+18,3,91
6.364462e+07,2.292895e+12,3.585805e+16,1.195575e+16,4.060593e+07,4.754930e+14,5.514480e+17,7.101516e+16,4.184123e+07,8.047583e+14,1.180217e+17,1.163052e+16,6.524105e+08,3.394438e+16,4.745166e+18,1.200012e+17,2.584826e+08,4.503570e+16,2.425352e+19,2.380623e+18,4.402131e+08,1.631124e+17,4.828000e+19,7.324740e+18,0,16
5.091210e+07,5.570998e+12,2.042037e+16,9.782163e+15,3.293996e+07,2.456108e+14,3.937433e+17,5.430016e+16,3.524743e+07,4.854055e+14,4.488873e+16,3.694316e+15,7.470791e+08,2.817753e+16,7.887959e+18,7.281238e+15,3.141762e+08,7.104854e+16,3.452430e+19,3.424068e+18,4.806012e+08,1.967235e+17,5.444858e+19,7.803021e+18,3,99
4.962142e+07,6.344576e+11,2.345881e+16,1.884416e+16,3.301346e+07,2.581422e+14,4.040017e+17,4.986020e+16,3.355478e+07,4.602421e+14,5.131377e+16,2.850585e+15,5.901864e+08,4.031279e+16,2.454559e+18,9.743607e+16,2.171269e+08,3.061663e+16,1.716286e+19,1.766802e+18,4.153654e+08,1.444175e+17,3.279510e+19,3.971594e+18,3,78
5.460301e+07,4.249171e+12,4.100973e+15,3.912450e+15,3.289091e+07,3.878672e+14,3.622249e+17,3.953693e+16,3.491306e+07,6.545445e+14,8.417940e+16,5.781087e+15,6.035593e+08,1.880342e+16,2.260799e+18,4.887609e+17,2.450295e+08,4.934653e+16,1.480679e+19,1.713950e+18,3.818140e+08,1.286304e+17,1.419859e+19,1.499807e+18,2,102
5.940578e+07,6.852545e+12,4.888324e+15,7.333376e+15,3.608196e+07,4.465293e+14,4.496700e+17,5.123071e+16,3.827987e+07,8.049812e+14,5.969126e+16,3.537144e+15,6.680803e+08,3.189704e+16,1.164465e+19,9.624452e+16,2.623373e+08,5.346601e+16,2.139456e+19,2.389159e+18,4.376018e+08,1.678315e+17,1.777502e+19,2.791119e+18,0,22
5.595542e+07,3.119357e+12,3.606593e+15,3.129406e+15,3.287238e+07,4.565792e+14,4.266299e+17,4.142242e+16,3.459175e+07,6.428548e+14,2.145556e+16,9.625372e+14,7.079459e+08,2.834677e+16,8.941714e+18,4.443467e+17,2.874235e+08,6.413573e+16,2.839096e+19,3.406400e+18,4.548210e+08,1.768430e+17,3.510493e+19,3.765801e+18,1,84
5.157292e+07,1.802160e+11,1.871861e+16,1.397832e+16,3.209308e+07,3.679529e+14,2.874988e+17,3.967589e+16,3.251161e+07,5.723290e+14,4.833558e+16,3.924328e+15,6.489532e+08,3.543212e+16,2.763681e+18,1.452900e+17,2.623729e+08,4.101314e+16,2.905171e+19,2.303733e+18,4.478172e+08,1.677006e+17,3.770018e+19,5.969686e+18,2,82
5.614209e+07,1.678394e+11,2.156401e+15,2.511111e+16,3.524583e+07,4.282908e+14,3.742355e+17,4.291578e+16,3.544820e+07,6.063880e+14,1.127267e+17,6.341945e+15,6.589360e+08,1.759134e+16,4.343174e+18,8.871516e+16,2.808614e+08,6.069706e+16,1.810204e+19,1.817219e+18,4.125683e+08,1.534388e+17,1.998697e+19,2.788803e+18,3,68
6.532553e+08,9.902912e+15,5.900443e+17,2.468414e+18,3.375388e+08,5.011648e+16,7.599640e+19,7.386102e+18,4.300242e+08,1.319730e+17,7.990525e+18,3.598546e+18,1.136024e+08,9.115317e+15,3.212755e+19,4.432952e+19,2.032486e+07,6.185699e+13,7.507830e+16,1.107301e+17,1.118862e+08,1.231550e+16,4.991109e+19,4.953180e+19,3,80
6.049027e+07,5.969180e+12,3.190503e+16,2.165916e+16,3.948346e+07,3.451713e+14,6.280782e+17,7.034552e+16,4.191152e+07,6.724900e+14,6.351875e+16,2.691546e+15,6.367998e+08,3.436095e+16,9.209442e+18,2.879085e+17,2.468514e+08,4.277616e+16,2.295065e+19,2.466801e+18,4.299874e+08,1.553899e+17,3.436146e+19,4.258702e+18,1,10
5.672930e+07,4.975160e+11,3.636088e+16,1.209065e+16,3.585103e+07,4.114145e+14,4.829466e+17,6.215594e+16,3.645671e+07,6.194362e+14,2.227215e+16,1.713123e+15,7.135387e+08,3.830968e+16,7.185977e+18,8.263151e+17,2.838561e+08,5.576966e+16,3.423349e+19,3.678025e+18,4.774949e+08,1.875111e+17,4.275279e+19,4.834881e+18,0,56
5.679518e+07,2.530935e+12,4.295735e+15,3.892702e+15,3.323891e+07,5.409859e+14,2.125563e+17,2.488236e+16,3.356799e+07,8.134022e+14,2.595644e+16,2.173856e+15,7.817465e+08,1.510419e+16,7.957905e+17,1.954225e+18,3.467342e+08,9.903506e+16,3.279752e+19,3.661754e+18,4.682945e+08,1.941812e+17,1.057561e+19,1.214184e+18,1,86
5.528957e+07,2.557481e+11,4.425413e+16,1.047582e+15,3.406445e+07,4.394899e+14,2.472625e+17,4.871195e+16,3.433288e+07,6.996919e+14,4.707920e+16,1.893495e+16,8.594885e+08,5.906654e+16,6.792497e+18,5.252176e+17,3.477952e+08,7.460900e+16,5.206020e+19,4.734096e+18,5.865185e+08,2.853383e+17,8.599024e+19,1.111829e+19,1,73
5.328406e+07,1.684459e+13,6.551446e+15,4.521352e+16,3.189332e+07,2.992470e+14,2.903106e+17,3.842683e+16,3.598918e+07,5.629933e+14,1.703520e+17,1.008511e+16,6.557960e+08,1.989737e+16,2.041735e+18,1.115237e+17,2.820978e+08,5.493172e+16,1.690969e+19,1.333652e+18,4.214213e+08,1.615444e+17,2.182310e+19,4.311473e+18,1,40
1.231290e+08,1.896927e+13,1.527935e+17,2.750608e+17,7.014046e+07,2.718352e+15,1.289177e+18,1.827837e+17,7.185857e+07,3.293575e+15,4.271939e+17,4.801457e+16,9.300611e+08,2.549554e+16,6.534114e+18,7.043589e+18,4.347368e+08,1.200144e+17,7.658108e+19,5.535167e+18,5.898524e+08,2.831490e+17,6.947024e+19,7.578353e+18,2,76
6.136245e+07,6.417472e+12,1.860529e+16,7.276522e+16,3.740400e+07,5.712587e+14,2.583239e+17,4.407785e+16,3.757193e+07,8.288262e+14,1.300246e+17,1.419834e+16,6.354748e+08,1.283329e+16,1.147014e+19,1.388978e+18,3.017688e+08,5.199087e+16,2.071213e+19,1.155389e+18,4.080502e+08,1.437371e+17,2.481158e+19,2.959050e+18,0,76
5.262258e+07,1.652051e+13,4.364154e+15,1.804020e+16,3.099789e+07,3.096111e+14,3.828009e+17,3.231236e+16,3.502752e+07,5.504433e+14,1.013090e+17,4.294571e+15,5.191491e+08,2.184892e+16,2.873838e+18,1.204505e+18,1.989223e+08,3.064581e+16,1.171756e+19,1.313284e+18,3.443149e+08,1.028752e+17,1.263682e+19,1.370297e+18,2,53
6.223097e+07,3.922103e+12,2.726801e+16,1.381895e+16,3.990591e+07,4.766946e+14,6.453406e+17,6.405454e+16,4.053827e+07,7.850514e+14,2.278223e+15,9.127419e+14,6.820995e+08,3.868244e+16,1.723690e+18,1.456019e+18,2.743531e+08,4.691774e+16,3.366309e+19,3.295058e+18,4.677053e+08,1.800838e+17,4.527112e+19,4.482331e+18,1,65
5.957025e+07,1.039813e+13,7.866488e+15,3.593825e+16,3.846914e+07,3.371367e+14,6.379995e+17,4.392389e+16,4.145175e+07,5.738121e+14,1.671439e+17,4.500196e+15,5.224862e+08,2.256798e+16,1.855347e+18,2.647180e+17,2.013713e+08,3.214113e+16,9.493467e+18,9.789648e+17,3.460783e+08,1.048832e+17,1.069877e+19,1.128308e+18,0,32
5.600418e+07,1.795060e+12,2.045870e+16,1.891646e+16,3.564583e+07,3.649376e+14,3.299925e+17,5.051719e+16,3.691649e+07,7.384876e+14,4.428005e+16,2.581545e+15,8.142647e+08,3.964322e+16,8.664649e+18,5.630725e+16,3.416447e+08,7.539934e+16,4.778555e+19,4.251971e+18,5.400484e+08,2.417371e+17,8.269239e+19,1.240287e+19,3,98
6.098716e+07,6.463669e+12,1.881744e+16,1.144339e+16,4.001220e+07,3.419868e+14,6.490948e+17,6.955790e+16,4.254960e+07,7.253310e+14,3.815934e+16,1.152547e+15,6.458301e+08,3.599099e+16,1.314773e+19,7.179288e+16,2.509447e+08,4.385714e+16,2.451732e+19,2.695199e+18,4.366783e+08,1.592560e+17,3.201840e+19,4.789670e+18,0,10
5.226001e+07,9.193251e+12,8.717072e+15,1.559219e+16,3.353486e+07,2.480703e+14,3.842801e+17,5.530335e+16,3.651704e+07,5.513283e+14,5.664036e+16,3.218054e+15,7.864481e+08,3.263640e+16,1.052613e+19,2.309043e+17,3.303974e+08,7.683331e+16,3.957786e+19,3.824534e+18,5.092777e+08,2.215654e+17,5.783250e+19,1.026161e+19,2,99
5.572908e+07,1.105278e+13,1.031896e+16,3.035725e+16,3.283153e+07,3.943231e+14,3.143226e+17,3.256519e+16,3.589235e+07,6.458040e+14,1.215312e+17,5.649821e+15,6.596550e+08,3.240993e+16,1.788130e+18,7.271215e+16,2.604666e+08,4.841363e+16,2.061902e+19,1.958370e+18,4.399932e+08,1.686798e+17,3.679073e+19,5.581101e+18,3,61
6.150856e+07,1.598468e+13,7.851314e+15,1.139744e+16,4.019528e+07,6.411553e+14,3.965387e+17,4.206037e+16,3.620482e+07,8.603829e+14,6.787759e+15,4.184485e+15,7.157857e+08,1.594013e+16,8.142629e+16,7.161192e+18,3.299887e+08,6.933352e+16,4.466581e+19,4.246257e+18,4.528224e+08,1.726514e+17,2.787656e+19,3.853632e+18,3,95
5.098067e+07,5.650098e+12,3.979450e+16,3.791786e+16,3.283878e+07,2.662838e+14,3.121653e+17,5.013005e+16,3.468421e+07,5.230763e+14,5.999719e+16,3.451622e+15,6.742107e+08,3.828949e+16,6.641421e+17,1.213477e+18,2.785801e+08,4.050569e+16,3.443394e+19,2.606318e+18,4.729533e+08,1.830686e+17,5.159697e+19,5.836352e+18,0,55
6.149726e+07,5.797145e+13,4.195364e+14,1.289090e+16,3.654466e+07,3.041942e+14,6.021891e+17,4.765671e+16,4.411244e+07,7.063232e+14,2.128894e+17,5.403440e+15,6.286230e+08,4.142636e+16,1.821289e+19,3.683495e+18,2.283333e+08,3.917362e+16,1.572608e+19,1.763776e+18,4.310029e+08,1.622187e+17,3.864563e+19,1.160130e+19,2,66
5.331515e+07,1.110130e+12,3.980101e+16,1.288418e+16,3.411724e+07,3.836258e+14,4.185798e+17,5.191445e+16,3.378474e+07,5.278546e+14,1.508250e+16,1.274853e+15,7.126876e+08,4.052479e+16,7.030157e+18,1.833478e+18,2.818121e+08,5.444492e+16,3.433670e+19,3.667416e+18,4.796170e+08,1.904626e+17,4.268084e+19,4.611149e+18,3,56
5.806790e+07,5.918055e+12,4.342568e+15,3.236156e+15,3.376288e+07,5.057661e+14,4.131520e+17,3.889491e+16,3.568235e+07,7.212754e+14,2.969240e+16,1.603034e+15,7.022502e+08,2.425173e+16,8.403750e+18,6.729267e+17,2.895888e+08,6.685905e+16,2.706583e+19,3.245536e+18,4.451993e+08,1.704746e+17,3.197207e+19,3.324865e+18,2,84
5.157976e+07,5.972717e+12,1.073666e+16,1.588870e+16,3.256911e+07,3.083427e+14,3.997662e+17,4.874606e+16,3.408114e+07,4.856490e+14,9.216603e+16,6.094625e+15,6.034945e+08,2.741773e+16,5.036447e+18,2.932727e+17,2.348704e+08,4.198862e+16,1.664666e+19,1.807824e+18,3.999902e+08,1.383556e+17,2.473429e+19,4.007853e+18,2,92
5.664201e+07,6.317231e+12,2.812366e+15,1.395415e+16,3.343962e+07,4.656815e+14,3.942527e+17,3.296474e+16,3.537336e+07,6.891903e+14,2.049194e+16,7.116721e+14,6.636541e+08,2.313167e+16,5.995311e+18,6.116800e+17,2.783434e+08,5.742880e+16,2.642265e+19,2.598818e+18,4.283782e+08,1.563179e+17,2.399849e+19,2.683904e+18,2,62
5.083983e+07,8.787191e+12,4.818236e+15,1.305474e+16,3.005894e+07,3.492357e+14,2.977125e+17,2.289722e+16,3.232737e+07,5.070763e+14,8.775531e+16,3.439518e+15,6.063615e+08,2.095919e+16,3.572993e+18,6.460852e+17,2.466429e+08,4.827049e+16,1.756320e+19,1.981133e+18,3.892099e+08,1.316191e+17,1.485300e+19,1.475128e+18,0,83
5.160331e+07,1.450367e+13,6.602805e+15,1.559987e+16,2.938378e+07,3.422437e+14,2.802271e+17,2.566382e+16,3.315966e+07,5.796449e+14,9.021994e+16,4.169192e+15,6.482669e+08,2.873449e+16,1.143783e+18,2.868030e+17,2.547761e+08,5.063124e+16,1.987497e+19,2.193849e+18,4.242681e+08,1.577680e+17,3.006811e+19,3.239260e+18,1,57
8.446628e+07,2.160875e+13,1.259241e+17,7.434499e+16,5.143982e+07,8.082664e+14,9.947561e+17,1.250930e+17,5.605041e+07,1.378442e+15,3.082418e+17,1.654176e+16,5.941833e+08,2.004536e+16,5.705145e+17,6.775372e+16,2.465288e+08,4.322585e+16,1.734616e+19,1.582693e+18,3.865069e+08,1.281083e+17,2.083783e+19,2.432550e+18,3,59
6.329912e+07,6.858552e+12,5.993394e+15,8.642682e+15,3.812101e+07,5.327636e+14,5.164349e+17,4.566301e+16,4.023931e+07,9.130514e+14,1.511953e+16,1.951242e+15,6.883011e+08,3.235886e+16,3.334308e+18,1.633372e+18,2.760250e+08,5.567263e+16,2.853853e+19,3.254166e+18,4.538829e+08,1.734070e+17,3.331238e+19,3.301275e+18,0,11
8.593073e+07,5.409521e+12,2.451073e+16,1.221532e+16,5.370320e+07,1.063389e+15,7.676799e+17,8.372001e+16,5.334152e+07,1.979291e+15,1.312841e+16,5.259795e+15,7.405447e+08,3.186711e+16,7.952262e+17,3.831112e+17,3.258391e+08,5.928932e+16,4.242580e+19,3.356402e+18,4.975408e+08,2.065556e+17,4.193462e+19,4.859215e+18,0,13
6.538979e+07,1.742747e+13,5.022576e+16,9.813713e+15,4.291028e+07,3.380544e+14,9.405403e+17,9.324409e+16,4.703431e+07,7.508095e+14,7.419432e+16,5.746336e+15,5.939852e+08,4.516512e+16,1.309002e+19,1.134545e+17,2.134309e+08,2.913473e+16,1.893397e+19,2.014759e+18,4.237310e+08,1.481490e+17,5.119958e+19,6.858196e+18,1,64
5.999431e+07,1.223963e+13,4.764128e+16,9.461013e+15,4.004350e+07,2.932803e+14,6.385327e+17,8.168521e+16,4.287250e+07,7.269890e+14,3.511189e+16,6.617646e+15,7.000500e+08,4.143423e+16,3.130849e+18,9.243631e+17,2.742413e+08,5.158584e+16,2.871035e+19,3.136028e+18,4.733814e+08,1.875002e+17,3.714787e+19,3.884059e+18,1,35
5.885882e+07,1.282088e+13,2.515933e+16,1.284955e+16,3.588386e+07,3.859581e+14,5.025469e+17,4.590935e+16,3.922973e+07,6.947978e+14,1.065395e+17,4.511247e+15,6.168242e+08,2.350375e+16,1.545000e+18,5.559198e+17,2.458275e+08,4.769550e+16,1.688341e+19,1.791287e+18,3.990186e+08,1.418733e+17,2.255629e+19,2.449373e+18,0,8
6.217721e+07,1.150180e+13,5.156714e+16,1.817451e+15,3.465822e+07,5.894185e+14,2.505590e+17,2.973615e+16,3.791305e+07,1.067712e+15,4.017987e+16,3.504856e+15,8.234611e+08,1.504612e+16,4.965804e+18,5.596145e+16,3.673951e+08,1.127793e+17,3.482479e+19,3.942006e+18,4.885780e+08,2.118232e+17,8.150585e+18,1.289666e+18,0,86
5.746018e+07,4.406492e+12,4.754850e+15,1.357076e+16,3.342369e+07,5.070369e+14,3.044311e+17,2.836150e+16,3.506115e+07,7.611039e+14,4.327520e+16,3.247053e+15,6.646512e+08,2.376824e+16,2.043978e+18,1.887848e+18,2.731904e+08,5.791264e+16,2.347216e+19,2.539601e+18,4.259526e+08,1.569546e+17,1.590891e+19,1.624831e+18,1,63
5.302700e+07,1.973329e+13,2.229561e+16,3.961918e+16,3.357811e+07,2.425883e+14,3.616894e+17,4.464729e+16,3.776448e+07,5.545173e+14,1.234209e+17,5.388650e+15,6.201015e+08,3.516343e+16,3.353377e+18,1.857442e+17,2.392864e+08,4.008425e+16,1.653491e+19,1.604977e+18,4.241787e+08,1.522873e+17,3.608719e+19,4.656790e+18,2,51
5.148044e+07,5.338337e+12,1.504215e+15,1.512829e+16,3.068541e+07,3.495298e+14,2.894618e+17,3.621928e+16,3.282601e+07,5.666514e+14,8.114641e+16,5.178627e+15,6.056616e+08,2.712708e+16,1.080093e+18,1.990131e+18,2.388543e+08,4.235028e+16,1.888555e+19,2.093406e+18,4.007059e+08,1.363223e+17,1.873120e+19,2.134894e+18,3,48
6.240227e+07,1.589061e+12,3.558181e+15,3.534199e+16,3.797804e+07,5.471605e+14,4.167373e+17,4.330707e+16,3.902799e+07,8.448764e+14,9.403494e+16,9.892491e+15,6.886476e+08,2.674495e+16,8.635497e+18,7.892286e+17,2.868178e+08,5.698699e+16,2.843541e+19,2.646761e+18,4.499459e+08,1.735553e+17,3.766532e+19,8.791570e+18,0,14
5.706782e+07,1.821526e+13,3.425346e+16,6.563890e+16,3.578088e+07,2.941472e+14,4.517276e+17,4.470716e+16,4.003838e+07,5.389179e+14,2.295646e+17,9.426592e+15,5.262275e+08,2.443298e+16,1.549910e+18,2.473964e+17,1.998530e+08,2.962072e+16,8.282355e+18,7.822650e+17,3.556212e+08,1.133749e+17,1.346057e+19,1.461296e+18,1,54
5.524995e+07,1.556426e+13,1.255553e+15,2.061402e+16,3.219181e+07,3.669505e+14,3.488574e+17,3.938857e+16,3.613415e+07,6.767591e+14,9.488744e+16,5.855634e+15,6.720911e+08,2.980749e+16,8.902793e+18,1.092145e+17,2.709200e+08,5.316188e+16,2.610505e+19,2.615904e+18,4.420758e+08,1.670700e+17,3.726573e+19,5.628255e+18,1,52
5.693995e+07,9.357739e+12,8.167477e+15,1.368718e+16,3.279353e+07,4.826988e+14,2.871122e+17,2.815641e+16,3.514693e+07,7.473925e+14,6.045515e+16,3.806693e+15,6.510447e+08,2.242627e+16,2.287484e+18,1.960683e+18,2.679715e+08,5.612323e+16,2.199434e+19,2.441690e+18,4.164422e+08,1.499614e+17,1.517100e+19,1.537659e+18,0,63
6.129700e+07,5.587216e+12,1.388065e+16,2.344662e+16,3.793011e+07,4.929051e+14,3.264377e+17,4.810983e+16,3.912226e+07,9.763604e+14,4.566792e+16,3.796085e+15,7.607789e+08,2.085023e+16,1.273411e+18,3.575900e+18,3.395316e+08,7.757664e+16,4.116772e+19,3.656980e+18,4.829139e+08,2.009623e+17,3.793001e+19,4.431850e+18,3,101
6.554848e+07,3.410820e+13,1.996994e+16,1.231725e+16,4.071790e+07,3.690817e+14,7.916880e+17,6.949450e+16,4.640816e+07,7.722548e+14,1.714739e+17,6.715424e+15,5.636660e+08,2.981271e+16,4.576298e+18,4.199388e+16,2.099719e+08,3.311637e+16,1.372912e+19,1.430507e+18,3.822774e+08,1.272911e+17,3.107534e+19,4.197358e+18,2,91
5.018820e+07,1.019252e+11,9.757781e+15,5.031359e+15,3.020028e+07,4.189027e+14,2.557656e+17,2.756895e+16,2.988106e+07,5.543735e+14,1.884119e+16,3.492542e+15,8.317539e+08,3.089170e+16,8.701445e+18,2.971099e+18,3.511254e+08,9.575809e+16,4.813655e+19,5.413640e+18,5.247461e+08,2.347152e+17,2.523603e+19,2.518678e+18,3,49
5.992754e+07,1.459826e+13,2.345715e+15,3.199485e+15,3.467566e+07,4.616236e+14,4.161819e+17,4.264976e+16,3.846922e+07,7.936585e+14,1.246631e+17,8.884767e+15,5.790938e+08,1.649428e+16,3.272703e+18,1.753319e+17,2.360449e+08,4.635912e+16,1.303842e+19,1.547207e+18,3.641615e+08,1.176914e+17,1.341183e+19,1.439903e+18,0,102
6.142876e+07,3.832330e+12,3.978222e+15,9.251595e+15,3.671253e+07,5.179888e+14,4.714828e+17,4.533938e+16,3.866952e+07,8.296390e+14,4.209783e+16,1.882147e+15,6.891049e+08,2.366621e+16,6.947667e+18,1.149124e+18,2.846902e+08,6.388336e+16,2.576305e+19,2.932175e+18,4.364444e+08,1.669757e+17,2.758850e+19,3.055552e+18,1,0
6.464081e+07,9.853236e+11,6.784419e+16,1.989302e+15,4.200557e+07,4.815714e+14,7.198748e+17,1.019595e+17,4.269972e+07,8.376401e+14,1.622771e+16,9.375335e+15,6.645195e+08,4.151999e+16,4.952095e+18,5.250763e+18,2.566111e+08,4.233760e+16,2.921439e+19,2.658766e+18,4.587633e+08,1.743835e+17,2.857463e+19,3.028082e+18,0,36
5.108091e+07,3.175280e+12,6.151173e+15,4.986968e+15,3.065964e+07,3.599645e+14,2.319952e+17,3.043300e+16,3.230551e+07,6.543189e+14,2.586506e+16,1.813426e+15,7.302986e+08,2.988507e+16,2.243116e+18,1.641799e+18,3.064588e+08,6.494614e+16,3.842924e+19,3.929297e+18,4.773964e+08,1.902056e+17,4.029764e+19,4.030665e+18,0,18
6.120685e+07,4.498916e+13,8.266694e+16,4.980321e+15,3.882150e+07,2.504811e+14,6.358839e+17,1.069460e+17,4.538180e+07,7.526812e+14,1.793935e+16,3.766048e+16,7.039652e+08,7.010251e+16,1.250347e+19,6.730116e+17,2.575109e+08,3.405959e+16,3.548961e+19,2.754422e+18,5.200886e+08,2.228512e+17,7.106202e+19,1.021804e+19,2,97
8.898973e+08,4.805215e+16,1.375864e+19,8.247889e+18,3.821596e+08,8.500987e+16,9.924562e+19,1.184507e+19,5.984170e+08,2.960322e+17,2.250681e+18,1.234580e+18,1.268682e+06,1.454226e+12,2.504614e+14,3.045395e+13,1.228871e+06,1.496116e+12,2.353554e+13,6.531082e+12,5.096079e+04,1.605604e+09,1.051128e+11,1.375364e+11,2,79
5.524917e+07,1.124446e+13,4.945626e+16,4.921613e+15,3.182608e+07,4.043780e+14,2.676451e+17,3.558561e+16,3.515624e+07,6.887685e+14,4.746797e+16,8.073680e+15,8.265536e+08,5.191416e+16,1.198525e+19,2.654659e+18,3.270305e+08,7.575920e+16,3.622503e+19,3.284461e+18,5.514262e+08,2.710315e+17,4.647163e+19,5.437443e+18,3,79
6.229175e+07,1.615024e+12,2.131874e+15,6.875759e+15,3.568588e+07,6.564657e+14,2.546126e+17,2.939607e+16,3.677327e+07,9.843886e+14,3.583499e+16,3.174074e+15,7.689697e+08,1.488664e+16,3.127329e+17,2.788624e+18,3.411109e+08,9.599402e+16,3.133746e+19,3.496583e+18,4.612271e+08,1.876160e+17,1.152831e+19,1.711685e+18,3,86
7.579474e+07,1.659963e+13,7.173185e+15,4.387848e+16,4.892442e+07,5.461092e+14,1.208682e+18,1.247537e+17,5.247591e+07,1.026311e+15,1.627662e+17,9.531411e+15,5.370885e+08,2.961235e+16,7.366848e+18,1.109643e+17,1.975557e+08,2.860090e+16,1.261924e+19,1.425064e+18,3.687388e+08,1.164418e+17,2.374104e+19,2.901013e+18,1,94
5.749666e+07,4.787468e+12,1.267526e+16,2.773887e+16,3.445180e+07,4.714725e+14,3.448189e+17,4.272013e+16,3.585196e+07,6.803594e+14,1.051578e+17,7.344671e+15,6.052038e+08,2.853982e+16,8.101835e+17,2.274211e+18,2.363632e+08,4.088732e+16,1.910499e+19,1.992826e+18,4.042349e+08,1.394279e+17,1.938381e+19,2.270289e+18,1,48
5.932411e+07,2.800616e+12,1.679739e+16,2.909613e+16,3.722180e+07,4.347490e+14,3.499012e+17,5.143594e+16,3.857092e+07,8.128157e+14,6.973047e+16,5.020166e+15,8.262842e+08,3.359634e+16,7.283019e+18,2.649559e+17,3.539296e+08,8.445887e+16,4.789375e+19,4.150404e+18,5.369564e+08,2.390946e+17,7.907345e+19,1.147065e+19,0,98
5.540902e+07,4.375126e+12,1.972791e+16,3.765127e+16,3.318177e+07,4.083899e+14,2.955883e+17,3.287640e+16,3.520587e+07,6.103730e+14,1.345576e+17,6.491969e+15,6.736212e+08,3.276771e+16,2.154334e+18,1.217860e+16,2.695283e+08,5.045720e+16,2.237062e+19,1.988215e+18,4.492548e+08,1.759407e+17,3.939473e+19,5.915288e+18,1,61
6.507289e+07,1.225457e+13,5.858855e+14,2.198187e+16,3.928814e+07,4.972500e+14,5.921639e+17,6.143493e+16,4.277415e+07,8.891047e+14,1.296397e+17,6.473973e+15,5.880153e+08,2.010370e+16,3.554044e+16,2.067542e+18,2.362460e+08,4.436574e+16,1.563537e+19,1.766577e+18,3.774222e+08,1.258781e+17,1.752614e+19,2.454248e+18,0,96
5.186788e+07,1.271198e+13,1.277147e+16,3.008002e+16,3.178680e+07,2.758611e+14,3.761922e+17,3.932441e+16,3.535202e+07,4.786993e+14,1.593323e+17,9.054482e+15,5.577808e+08,2.521082e+16,3.796819e+18,1.431413e+17,2.155017e+08,3.640836e+16,1.065315e+19,1.070303e+18,3.700186e+08,1.210723e+17,1.916539e+19,2.487916e+18,2,37
5.601137e+07,2.612666e+12,5.198473e+15,3.022640e+15,3.284894e+07,4.698106e+14,3.972063e+17,3.814948e+16,3.435031e+07,6.578271e+14,2.667865e+16,1.091406e+15,7.043049e+08,2.866964e+16,8.465553e+18,3.139398e+17,2.837887e+08,6.341914e+16,2.627525e+19,3.110308e+18,4.527091e+08,1.769701e+17,3.229538e+19,3.585190e+18,0,84
7.665782e+07,6.738389e+13,8.003647e+16,1.490386e+16,4.742643e+07,4.435452e+14,1.087066e+18,1.434862e+17,5.560608e+07,1.260479e+15,1.930340e+16,2.760472e+16,6.774327e+08,5.709985e+16,1.752731e+19,6.417975e+16,2.528167e+08,3.603703e+16,3.197446e+19,2.788465e+18,4.879224e+08,1.944834e+17,6.453101e+19,1.045070e+19,0,97
5.225752e+07,1.914407e+12,4.467476e+15,1.617197e+15,2.997883e+07,4.666301e+14,2.179349e+17,2.218489e+16,3.079704e+07,6.129019e+14,4.450031e+16,3.357703e+15,6.288680e+08,6.923633e+15,2.432312e+18,1.011226e+18,2.890627e+08,6.857662e+16,2.327161e+19,2.682531e+18,3.683389e+08,1.156538e+17,1.453825e+19,2.028558e+18,0,74
5.746609e+07,6.437968e+12,2.549773e+15,1.421718e+16,3.418430e+07,4.388842e+14,3.545811e+17,4.360566e+16,3.662472e+07,7.508215e+14,8.912288e+16,5.404548e+15,7.278637e+08,2.411536e+16,1.415949e+18,2.536891e+17,3.066199e+08,7.162428e+16,2.809297e+19,2.802927e+18,4.609241e+08,1.862254e+17,3.233762e+19,3.851205e+18,1,104
4.951050e+07,4.007243e+12,2.289057e+15,4.503624e+15,2.839210e+07,3.709452e+14,1.674087e+17,1.780413e+16,3.025439e+07,6.011629e+14,4.966883e+16,2.839956e+15,7.500535e+08,2.533901e+16,1.080786e+18,1.060943e+16,3.170923e+08,7.509073e+16,3.324803e+19,3.317414e+18,4.762283e+08,1.968492e+17,3.657427e+19,4.979618e+18,1,88
6.643704e+08,1.070164e+16,5.938396e+17,1.268905e+18,3.369019e+08,5.206228e+16,7.299336e+19,7.297825e+18,4.363536e+08,1.394102e+17,8.442155e+18,2.928534e+18,9.756422e+07,7.026423e+15,2.418111e+19,3.293819e+19,1.602255e+07,2.698224e+13,3.054601e+16,7.093220e+16,9.749960e+07,9.396178e+15,3.747595e+19,3.734131e+19,0,80
7.726079e+07,4.217463e+13,9.913049e+15,4.173222e+16,4.590269e+07,6.729898e+14,9.289954e+17,9.224835e+16,5.149176e+07,1.314684e+15,7.660239e+16,4.745561e+15,6.495804e+08,2.752019e+16,1.783435e+19,1.015054e+18,2.611557e+08,5.179532e+16,2.161243e+19,2.369753e+18,4.256100e+08,1.533448e+17,3.005376e+19,6.810575e+18,0,34
5.420140e+07,3.558722e+12,1.796588e+16,9.761594e+15,3.452050e+07,3.316509e+14,4.441685e+17,5.794235e+16,3.609160e+07,5.709200e+14,8.242233e+16,7.586879e+15,5.883671e+08,2.334706e+16,2.526955e+18,3.229389e+17,2.326307e+08,4.172020e+16,1.601151e+19,1.712835e+18,3.854104e+08,1.290194e+17,1.996000e+19,2.260934e+18,1,92
5.848812e+07,4.755238e+12,3.490105e+15,7.179369e+15,3.801195e+07,3.528493e+14,4.667221e+17,6.028697e+16,3.977037e+07,8.024158e+14,7.672941e+16,5.287500e+15,6.803745e+08,2.762718e+16,6.633339e+18,1.419047e+17,2.769428e+08,5.735680e+16,2.287676e+19,2.347152e+18,4.417703e+08,1.710740e+17,1.880051e+19,3.795832e+18,0,25
5.614388e+07,4.148638e+12,3.925412e+16,2.339990e+16,3.386137e+07,4.605464e+14,3.121589e+17,4.356583e+16,3.473996e+07,6.610186e+14,7.131860e+16,5.526604e+15,7.105958e+08,2.343077e+16,3.645824e+18,3.579678e+18,3.062799e+08,6.480844e+16,3.423953e+19,2.935290e+18,4.568053e+08,1.739574e+17,3.220012e+19,4.455167e+18,0,70
7.719040e+07,4.423873e+13,5.752432e+15,7.072876e+15,4.415013e+07,7.040064e+14,7.479007e+17,6.384981e+16,5.065775e+07,1.349472e+15,1.953857e+17,7.888382e+15,6.633928e+08,2.436161e+16,1.200073e+19,3.239768e+16,2.670615e+08,5.821986e+16,1.819426e+19,1.880109e+18,4.223976e+08,1.594823e+17,2.309929e+19,4.527616e+18,0,3
6.879139e+07,2.476997e+13,1.036097e+17,2.888068e+16,4.157393e+07,4.949243e+14,5.588458e+17,7.791052e+16,4.654852e+07,9.328104e+14,1.807119e+17,1.449030e+16,5.626821e+08,1.552872e+16,1.848192e+18,4.335130e+17,2.409083e+08,3.943869e+16,1.619057e+19,1.299158e+18,3.641072e+08,1.140139e+17,1.963831e+19,2.155034e+18,0,59
5.424567e+07,7.701657e+12,4.244922e+16,3.048046e+16,3.610948e+07,2.614084e+14,4.342030e+17,8.278094e+16,3.809617e+07,4.998656e+14,1.151382e+17,7.863904e+15,5.638995e+08,2.191524e+16,7.192329e+17,1.543430e+17,2.380890e+08,3.228297e+16,1.559807e+19,1.012192e+18,3.845690e+08,1.301503e+17,2.377772e+19,3.106787e+18,2,81
5.596977e+07,4.328416e+12,1.393085e+16,3.938392e+16,3.334803e+07,4.297220e+14,2.902261e+17,3.506797e+16,3.524011e+07,6.383087e+14,1.137438e+17,5.174828e+15,6.471183e+08,2.831304e+16,7.478228e+16,6.026049e+17,2.637531e+08,4.648802e+16,2.181150e+19,1.837799e+18,4.316234e+08,1.615779e+17,3.389323e+19,3.807013e+18,2,61
6.838056e+07,2.169718e+13,1.654293e+16,1.517341e+16,4.575197e+07,3.461985e+14,1.043042e+18,9.340020e+16,5.004350e+07,8.610518e+14,8.753252e+16,3.407487e+15,6.214304e+08,5.600119e+16,2.065260e+19,5.040792e+15,2.156110e+08,2.974917e+16,1.929009e+19,2.128395e+18,4.518621e+08,1.677600e+17,4.929277e+19,7.628560e+18,2,64
5.805139e+07,2.873952e+13,9.494475e+15,1.455712e+16,3.864646e+07,6.157286e+14,3.622142e+17,3.573069e+16,3.328716e+07,7.063588e+14,5.918642e+15,4.879150e+15,7.432144e+08,2.271982e+16,1.953656e+18,8.052524e+18,3.316052e+08,6.925338e+16,4.534654e+19,4.342347e+18,4.806307e+08,1.951211e+17,3.015188e+19,5.097560e+18,0,95
6.235976e+07,3.251067e+12,1.036479e+16,9.958271e+15,3.717456e+07,5.478339e+14,4.610955e+17,4.494859e+16,3.897717e+07,8.425701e+14,6.288566e+16,2.703185e+15,6.924282e+08,2.663682e+16,7.563957e+18,8.247365e+17,2.811753e+08,6.239492e+16,2.472036e+19,2.658743e+18,4.430560e+08,1.726466e+17,2.783016e+19,3.182637e+18,0,0
4.445167e+07,1.861294e+11,1.333171e+16,1.043161e+15,2.654089e+07,3.367931e+14,1.804600e+17,1.828608e+16,2.611639e+07,4.240669e+14,2.024329e+16,2.819799e+15,7.768922e+08,2.347901e+16,1.069346e+18,1.649179e+18,3.309216e+08,8.741979e+16,3.796825e+19,4.196176e+18,4.818982e+08,2.011773e+17,1.992669e+19,2.120689e+18,1,49
6.768375e+07,4.724650e+12,8.206299e+15,1.664498e+16,3.951090e+07,6.990116e+14,5.334580e+17,4.524393e+16,4.132486e+07,1.022930e+15,2.006888e+16,2.383696e+15,6.670928e+08,2.095020e+16,4.546112e+18,8.521290e+17,2.833258e+08,5.894946e+16,2.723803e+19,2.644062e+18,4.258075e+08,1.565382e+17,2.451811e+19,2.851312e+18,3,62
5.845505e+07,8.688464e+12,1.468561e+16,2.640804e+16,3.543082e+07,4.180484e+14,5.207947e+17,4.178019e+16,3.800940e+07,6.194262e+14,1.366862e+17,5.874440e+15,5.053596e+08,2.030439e+16,1.892331e+18,1.564650e+18,1.935574e+08,2.926706e+16,1.041396e+19,1.162126e+18,3.343454e+08,9.765426e+16,1.180617e+19,1.382649e+18,0,53
5.830193e+07,4.868065e+12,4.465759e+16,1.851867e+16,3.910566e+07,2.909568e+14,6.086712e+17,7.854573e+16,4.124929e+07,6.338787e+14,1.041569e+17,7.941155e+15,6.249279e+08,4.007477e+16,1.121482e+18,1.130845e+17,2.421366e+08,3.607162e+16,1.730356e+19,1.315000e+18,4.350084e+08,1.626497e+17,3.713480e+19,4.452231e+18,1,33
5.633620e+07,2.023711e+12,4.400327e+16,1.419829e+16,3.321265e+07,4.783879e+14,2.519873e+17,3.462110e+16,3.446779e+07,6.703762e+14,5.270781e+16,4.203952e+15,8.538911e+08,4.735864e+16,9.161349e+18,7.321001e+17,3.536596e+08,8.235946e+16,3.821632e+19,2.843993e+18,5.670109e+08,2.875976e+17,5.225529e+19,7.800114e+18,0,79
5.361250e+07,6.399638e+12,8.199213e+15,1.603283e+16,3.325240e+07,3.273304e+14,4.166494e+17,4.877044e+16,3.556670e+07,5.656419e+14,8.544612e+16,5.348035e+15,6.003781e+08,2.563705e+16,2.818736e+18,1.817277e+17,2.343851e+08,4.265259e+16,1.619197e+19,1.802849e+18,3.941531e+08,1.356784e+17,2.139900e+19,2.432981e+18,0,92
5.433539e+07,1.665056e+12,9.728237e+15,1.187270e+16,3.370655e+07,4.175999e+14,3.539268e+17,4.633167e+16,3.395041e+07,6.189145e+14,5.147329e+16,3.500922e+15,6.309887e+08,3.379852e+16,3.157652e+18,5.867084e+17,2.518269e+08,3.974714e+16,2.681054e+19,2.332486e+18,4.325962e+08,1.573636e+17,3.599660e+19,4.287601e+18,1,82
5.395264e+07,3.016271e+12,3.198139e+16,1.269212e+16,3.470069e+07,4.264751e+14,2.877708e+17,3.432112e+16,3.336157e+07,6.685673e+14,1.654120e+16,6.027900e+14,6.847280e+08,3.553059e+16,1.741798e+18,4.769174e+18,2.788783e+08,4.907662e+16,3.409453e+19,3.246145e+18,4.641951e+08,1.790997e+17,3.803275e+19,4.079060e+18,1,90
5.742577e+07,1.853606e+13,3.435700e+15,1.429204e+16,3.476923e+07,3.670942e+14,4.421619e+17,4.267334e+16,3.833913e+07,7.045016e+14,6.691929e+16,2.350890e+15,5.811985e+08,3.171116e+16,5.647694e+18,1.500529e+17,2.193723e+08,3.438212e+16,1.795505e+19,1.987947e+18,3.971594e+08,1.324933e+17,2.317512e+19,2.794164e+18,2,58
6.005952e+07,2.066485e+13,6.481029e+15,1.070482e+16,3.694987e+07,3.474112e+14,6.384027e+17,4.920206e+16,4.143295e+07,6.574530e+14,1.346501e+17,4.286788e+15,5.833177e+08,2.194621e+16,3.130040e+18,6.275240e+16,2.307329e+08,4.313947e+16,1.165347e+19,1.359853e+18,3.769593e+08,1.248041e+17,2.469188e+19,2.590232e+18,0,39
6.082033e+07,1.212974e+12,4.502824e+15,4.329488e+16,3.776149e+07,4.914994e+14,3.920669e+17,4.830355e+16,3.871999e+07,7.288631e+14,1.777469e+17,1.114842e+16,6.762233e+08,1.893418e+16,3.173554e+18,3.640323e+16,2.903789e+08,6.319973e+16,1.874090e+19,1.732347e+18,4.253429e+08,1.624191e+17,2.096837e+19,3.596332e+18,2,68
6.106683e+07,3.684393e+12,8.924532e+15,1.620915e+16,3.724803e+07,4.973382e+14,5.046611e+17,5.201890e+16,3.905193e+07,7.953492e+14,8.077083e+16,4.813392e+15,6.234035e+08,2.583022e+16,3.091982e+18,6.416623e+17,2.489091e+08,4.759090e+16,1.947410e+19,2.050031e+18,4.080264e+08,1.437066e+17,2.497147e+19,2.654674e+18,2,71
5.595104e+07,1.057784e+13,5.498124e+16,3.796563e+16,3.749404e+07,2.525377e+14,4.898192e+17,7.776151e+16,4.017184e+07,5.556021e+14,8.217234e+16,2.082724e+15,5.668439e+08,2.978389e+16,1.060211e+18,1.801425e+18,2.255290e+08,2.934316e+16,1.541562e+19,1.164051e+18,3.955470e+08,1.375420e+17,2.023770e+19,2.375603e+18,0,17
6.091277e+07,4.715723e+12,3.440644e+15,1.408657e+16,3.815730e+07,4.443057e+14,5.781132e+17,6.461351e+16,3.986816e+07,7.293608e+14,1.042934e+17,4.755755e+15,5.848250e+08,1.963346e+16,1.638927e+17,1.929445e+18,2.365572e+08,4.362132e+16,1.661595e+19,1.831999e+18,3.763528e+08,1.243490e+17,1.721121e+19,2.300605e+18,1,96
6.204832e+07,2.752436e+13,3.673639e+14,7.188797e+15,3.710202e+07,3.955919e+14,5.790472e+17,4.332812e+16,4.218312e+07,7.777347e+14,1.612600e+17,5.068431e+15,6.188852e+08,3.318297e+16,1.667510e+19,3.682993e+18,2.347700e+08,4.210822e+16,1.603049e+19,1.716215e+18,4.143631e+08,1.497771e+17,3.920038e+19,1.133607e+19,3,77
5.219200e+07,9.813009e+12,1.895673e+16,1.408661e+16,3.457632e+07,2.167909e+14,5.763672e+17,4.179370e+16,3.753579e+07,3.972532e+14,7.894134e+16,1.202672e+15,5.884170e+08,3.670504e+16,1.332886e+19,5.491563e+16,2.134815e+08,3.466657e+16,1.301299e+19,1.556805e+18,4.036644e+08,1.409688e+17,2.426409e+19,3.548144e+18,2,75
8.833950e+07,5.086507e+13,6.466089e+16,1.531356e+16,4.934741e+07,1.089956e+15,8.169863e+17,7.237221e+16,5.544830e+07,2.028049e+15,5.884452e+16,1.594346e+16,6.893394e+08,3.188459e+16,1.806664e+19,1.355439e+18,2.743183e+08,5.770148e+16,2.318628e+19,2.480337e+18,4.518773e+08,1.756829e+17,1.969630e+19,6.909293e+18,3,63
6.998670e+07,4.727570e+11,8.383154e+16,6.636778e+16,4.526006e+07,6.095312e+14,5.465614e+17,9.899703e+16,4.530874e+07,9.872866e+14,1.302542e+17,3.124753e+15,7.454790e+08,3.762986e+16,1.707342e+19,1.461069e+18,3.307584e+08,5.238982e+16,3.011730e+19,2.133795e+18,5.167248e+08,2.294277e+17,4.271606e+19,4.858149e+18,2,67
6.930358e+07,5.224443e+13,8.898931e+16,3.699351e+15,4.374599e+07,3.398662e+14,8.693999e+17,1.280258e+17,5.094336e+07,9.803297e+14,1.918760e+16,2.720813e+16,6.696110e+08,6.165617e+16,1.675637e+19,1.879561e+17,2.455667e+08,3.221428e+16,3.165462e+19,2.667422e+18,4.901291e+08,1.975804e+17,6.619406e+19,1.070477e+19,3,97
5.507864e+07,1.440773e+12,4.665452e+16,5.893781e+15,3.440808e+07,3.869261e+14,2.604470e+17,5.074411e+16,3.542764e+07,7.498496e+14,3.308857e+16,1.429346e+16,8.353744e+08,5.121716e+16,6.002407e+18,3.237060e+17,3.443647e+08,7.236587e+16,5.446597e+19,5.093492e+18,5.671290e+08,2.624908e+17,8.166741e+19,1.064910e+19,0,73
6.207091e+07,6.495251e+12,1.226790e+16,4.122354e+16,4.110484e+07,3.483231e+14,7.569449e+17,8.793198e+16,4.359987e+07,6.449812e+14,1.620713e+17,9.724700e+15,5.144695e+08,2.751453e+16,3.499941e+18,4.793229e+17,1.899283e+08,2.579417e+16,1.126685e+19,1.209012e+18,3.551596e+08,1.078702e+17,2.223420e+19,2.430152e+18,2,94
5.927596e+07,6.507274e+12,7.104850e+16,1.579202e+16,3.900513e+07,3.587396e+14,4.839873e+17,7.400822e+16,4.035722e+07,7.344834e+14,6.646786e+16,9.942362e+15,6.599933e+08,4.266313e+16,1.053792e+18,1.884824e+18,2.551147e+08,4.281415e+16,2.323623e+19,2.125356e+18,4.542548e+08,1.752541e+17,3.622927e+19,3.801459e+18,1,87
5.797277e+07,9.566728e+11,1.090439e+15,2.757038e+16,3.472516e+07,5.027892e+14,2.747503e+17,3.461405e+16,3.556439e+07,8.124336e+14,7.031937e+16,9.924710e+15,6.680996e+08,1.891151e+16,8.204782e+17,1.368798e+18,2.878594e+08,6.049572e+16,2.250759e+19,2.479542e+18,4.225520e+08,1.554584e+17,1.745223e+19,2.032215e+18,0,15
5.068607e+07,1.175753e+13,2.932222e+16,1.136540e+16,3.429668e+07,1.685231e+14,5.799676e+17,5.023501e+16,3.771629e+07,3.769560e+14,6.645446e+16,2.629769e+15,5.487951e+08,3.298959e+16,6.760049e+18,3.544059e+17,1.998542e+08,2.848524e+16,1.427143e+19,1.529688e+18,3.803274e+08,1.234923e+17,1.608175e+19,1.985750e+18,0,38
5.461516e+07,2.381186e+13,2.332601e+16,3.157052e+15,3.297939e+07,2.892330e+14,3.589200e+17,5.988455e+16,3.784698e+07,6.033401e+14,7.201633e+16,1.659174e+16,8.001738e+08,4.025249e+16,4.050433e+18,8.380800e+17,3.228112e+08,8.019952e+16,2.601340e+19,2.800740e+18,5.191628e+08,2.384231e+17,3.454348e+19,3.651427e+18,2,72
5.496391e+07,2.740878e+12,2.291699e+15,2.279511e+16,3.325220e+07,4.157771e+14,3.380247e+17,4.001519e+16,3.462442e+07,6.417863e+14,8.567937e+16,6.175765e+15,6.058254e+08,2.615368e+16,1.886892e+18,1.748431e+18,2.402696e+08,4.286424e+16,1.917182e+19,2.085417e+18,3.998003e+08,1.357503e+17,1.952516e+19,2.166626e+18,0,48
5.580759e+07,3.719795e+12,2.080758e+16,7.783693e+15,3.583819e+07,3.269271e+14,5.027929e+17,6.749552e+16,3.775034e+07,5.895454e+14,3.972356e+16,4.860403e+15,7.473962e+08,2.542418e+16,1.327394e+19,1.827758e+17,3.174150e+08,7.445654e+16,3.439015e+19,3.608990e+18,4.745366e+08,1.934013e+17,5.209147e+19,8.781705e+18,0,99
6.985588e+07,7.027797e+12,1.037620e+16,7.594677e+15,3.904911e+07,7.962982e+14,4.074864e+17,4.143293e+16,4.169059e+07,1.174752e+15,7.908728e+16,5.502535e+15,7.109524e+08,2.006373e+16,6.159552e+16,5.389112e+17,3.010384e+08,7.329883e+16,2.494517e+19,2.879426e+18,4.406485e+08,1.717040e+17,2.281217e+19,2.341472e+18,0,100
5.702023e+07,1.155305e+13,3.480016e+16,1.850516e+16,3.428861e+07,4.608810e+14,3.425004e+17,4.562685e+16,3.571165e+07,7.252769e+14,4.083549e+16,2.472948e+15,6.954530e+08,2.230887e+16,7.374980e+17,2.150483e+18,2.974147e+08,6.315949e+16,2.779385e+19,2.499398e+18,4.460539e+08,1.725931e+17,2.378245e+19,2.609728e+18,2,60
4.843950e+07,1.838495e+12,9.057124e+15,1.807683e+16,3.018041e+07,2.927018e+14,2.210186e+17,3.452171e+16,3.135027e+07,5.304901e+14,5.007967e+16,2.682630e+15,7.815168e+08,3.157400e+16,2.125444e+18,4.019363e+17,3.282537e+08,7.653708e+16,3.588195e+19,3.579803e+18,5.049036e+08,2.195862e+17,4.869471e+19,5.703936e+18,0,23
4.900284e+07,5.030933e+11,9.865963e+15,4.642310e+15,2.895933e+07,4.133714e+14,2.185248e+17,2.189486e+16,2.869381e+07,5.238236e+14,1.631866e+16,1.043511e+15,7.762367e+08,2.570568e+16,2.646433e+18,3.425894e+18,3.267504e+08,8.489756e+16,3.804658e+19,4.233902e+18,4.859818e+08,2.036118e+17,2.329277e+19,2.718081e+18,0,49
5.928129e+07,8.902189e+12,1.658089e+16,4.198403e+16,3.870103e+07,3.154829e+14,6.420008e+17,6.626424e+16,4.155876e+07,5.979665e+14,1.267817e+17,7.344827e+15,5.373901e+08,2.925093e+16,3.901517e+18,3.502949e+17,1.993195e+08,2.844665e+16,1.242946e+19,1.347066e+18,3.693283e+08,1.168944e+17,2.415943e+19,2.764011e+18,0,94
5.034623e+07,1.134709e+13,3.756014e+16,1.131088e+16,3.409604e+07,1.726697e+14,5.669066e+17,5.094556e+16,3.725098e+07,3.670336e+14,6.079364e+16,2.409788e+15,5.287046e+08,2.881940e+16,3.013846e+18,1.140562e+18,1.955000e+08,2.741867e+16,1.325196e+19,1.400675e+18,3.638451e+08,1.128935e+17,1.672847e+19,1.752155e+18,1,38
5.397082e+07,9.545403e+12,1.386851e+16,1.133866e+16,3.343937e+07,3.130405e+14,4.163310e+17,5.104159e+16,3.633651e+07,5.737328e+14,9.626981e+16,6.813551e+15,5.950363e+08,2.584193e+16,3.934420e+18,1.598338e+15,2.318464e+08,4.124428e+16,1.638819e+19,1.791951e+18,3.924758e+08,1.336670e+17,2.132454e+19,2.920301e+18,3,92
5.759521e+07,1.315254e+13,5.885550e+16,4.532360e+16,3.775014e+07,3.016392e+14,4.562490e+17,8.364166e+16,4.028188e+07,5.832697e+14,1.265725e+17,6.466801e+15,5.580398e+08,2.207123e+16,4.174215e+17,2.340467e+17,2.339882e+08,3.126012e+16,1.542444e+19,1.010999e+18,3.816692e+08,1.279945e+17,2.326591e+19,2.868355e+18,3,81
5.568480e+07,8.762533e+12,2.571770e+14,1.088416e+15,3.129697e+07,4.682163e+14,2.056396e+17,2.086774e+16,3.405376e+07,7.915753e+14,5.873932e+16,3.946062e+15,7.736380e+08,3.064809e+16,3.768138e+18,8.814949e+17,3.207985e+08,7.764785e+16,3.451660e+19,3.629468e+18,4.952412e+08,2.140878e+17,3.855461e+19,7.182093e+18,0,88
5.506099e+07,1.128495e+13,4.482429e+16,3.362825e+16,3.624443e+07,2.729379e+14,4.317796e+17,8.710918e+16,3.857135e+07,5.255634e+14,1.101826e+17,5.417807e+15,5.589344e+08,2.207440e+16,7.079115e+17,4.115134e+16,2.387617e+08,3.020979e+16,1.495771e+19,8.532251e+17,3.853177e+08,1.302756e+17,2.154741e+19,3.116878e+18,1,81
5.188997e+07,4.317765e+12,1.038343e+16,1.930446e+16,3.154102e+07,3.560254e+14,3.035043e+17,3.260511e+16,3.325262e+07,6.041878e+14,2.861913e+16,2.824327e+15,6.419115e+08,2.364836e+16,1.452825e+18,2.321466e+18,2.657921e+08,5.174793e+16,2.459295e+19,2.496768e+18,4.177881e+08,1.486956e+17,1.750391e+19,1.719080e+18,1,69
5.859508e+07,2.202351e+13,2.490600e+16,5.258993e+16,3.672509e+07,2.978930e+14,4.791395e+17,5.035186e+16,4.137812e+07,5.712267e+14,2.822907e+17,1.077427e+16,5.227270e+08,2.259572e+16,1.345032e+18,1.042878e+17,2.006348e+08,2.980468e+16,8.015265e+18,7.329415e+17,3.502929e+08,1.110160e+17,1.301046e+19,1.465776e+18,0,54
7.000341e+07,6.967713e+12,1.557743e+16,1.479426e+16,4.240450e+07,6.232731e+14,7.072672e+17,8.981734e+16,4.503837e+07,1.033872e+15,3.636078e+16,2.284514e+15,7.287343e+08,4.847682e+16,8.683080e+18,6.281264e+16,2.787702e+08,5.360280e+16,3.365622e+19,3.692947e+18,4.974165e+08,2.051190e+17,4.704667e+19,6.077424e+18,1,56
6.335429e+07,3.288824e+12,3.733855e+16,1.448516e+16,4.222948e+07,3.807666e+14,6.342822e+17,1.071790e+17,4.384951e+07,7.586307e+14,1.179209e+17,1.957543e+16,6.664244e+08,3.594167e+16,2.422215e+18,3.716087e+16,2.659651e+08,4.597663e+16,2.369525e+19,2.208905e+18,4.520039e+08,1.730295e+17,4.506937e+19,6.116885e+18,0,85
5.020286e+07,1.155571e+12,4.388716e+16,1.114096e+16,3.309601e+07,2.768350e+14,3.498212e+17,5.087452e+16,3.367347e+07,5.288669e+14,1.851875e+16,2.213741e+15,7.465944e+08,3.811305e+16,1.950767e+18,9.591668e+16,3.098065e+08,6.254639e+16,3.594837e+19,3.304193e+18,4.978735e+08,2.070791e+17,4.876460e+19,6.536680e+18,3,47
6.263313e+07,9.654863e+12,3.909328e+16,2.333798e+16,3.751584e+07,4.882714e+14,5.190887e+17,5.200735e+16,4.060637e+07,7.946292e+14,9.234917e+16,3.959544e+15,5.709780e+08,3.040232e+16,2.413936e+18,1.670976e+18,2.149602e+08,3.354327e+16,1.649547e+19,1.794395e+18,3.886195e+08,1.282206e+17,2.358920e+19,2.550220e+18,0,58
5.390003e+07,1.438473e+13,1.607717e+16,3.865499e+16,3.471048e+07,2.376265e+14,4.293580e+17,4.048967e+16,3.849884e+07,4.756453e+14,2.469463e+17,9.211601e+15,5.260287e+08,2.409402e+16,7.354708e+17,9.366885e+16,1.972124e+08,3.032484e+16,8.026557e+18,8.384585e+17,3.518923e+08,1.122399e+17,1.354340e+19,1.561718e+18,2,54
5.920028e+07,5.516744e+12,7.310815e+16,3.780283e+16,3.789660e+07,3.671338e+14,4.632876e+17,7.570891e+16,4.006473e+07,7.180269e+14,5.946461e+16,2.922941e+15,6.867936e+08,4.349648e+16,1.389882e+18,5.102166e+17,2.789472e+08,4.026120e+16,3.601063e+19,2.775958e+18,4.862969e+08,1.912352e+17,5.967358e+19,7.254542e+18,3,55
5.285970e+07,5.215323e+12,1.598323e+16,1.324571e+16,3.260038e+07,3.311387e+14,3.851847e+17,3.866000e+16,3.481458e+07,5.576728e+14,5.987355e+16,2.446755e+15,5.637702e+08,2.749471e+16,4.778497e+18,6.685802e+17,2.163822e+08,3.377659e+16,1.693731e+19,1.849443e+18,3.810442e+08,1.222382e+17,2.018239e+19,2.150729e+18,1,58
5.676005e+07,2.672134e+13,4.871610e+16,1.160738e+16,3.737484e+07,2.057755e+14,5.377151e+17,8.016554e+16,4.248059e+07,5.211537e+14,1.214878e+17,1.944226e+16,4.745824e+08,1.689875e+16,4.352814e+17,2.194253e+17,1.970282e+08,2.400111e+16,6.377664e+18,4.243100e+17,3.203236e+08,9.353193e+16,5.862372e+18,6.703534e+17,0,2
5.957393e+07,1.736498e+12,9.152679e+15,1.189029e+16,3.636330e+07,5.162501e+14,3.284518e+17,4.440807e+16,3.692946e+07,8.518840e+14,4.451789e+16,2.797722e+15,6.942003e+08,2.085194e+16,5.506720e+17,7.664219e+17,2.950697e+08,6.576951e+16,2.642044e+19,2.846467e+18,4.388531e+08,1.679483e+17,2.197555e+19,2.334285e+18,1,46
5.722553e+07,2.406368e+12,7.370451e+15,1.936182e+16,3.549991e+07,4.412909e+14,2.808694e+17,4.193732e+16,3.627748e+07,8.230918e+14,5.219254e+16,3.982083e+15,7.713685e+08,1.962719e+16,8.288441e+17,3.909908e+18,3.453798e+08,8.318683e+16,4.051776e+19,3.792315e+18,4.838972e+08,2.025248e+17,3.461976e+19,4.218886e+18,0,101
4.780923e+07,5.295467e+12,1.351207e+16,1.735737e+16,2.768274e+07,3.362575e+14,2.046603e+17,2.205569e+16,2.956786e+07,5.020891e+14,4.708225e+16,3.029856e+15,7.025526e+08,2.853682e+16,5.697729e+18,1.010505e+18,2.905221e+08,6.078674e+16,3.091761e+19,2.918869e+18,4.578699e+08,1.801967e+17,3.107928e+19,3.824262e+18,0,43
5.102910e+07,1.127988e+13,4.584426e+16,2.744853e+16,3.523087e+07,1.743250e+14,4.271335e+17,7.164602e+16,3.782718e+07,4.423070e+14,7.384102e+16,2.140096e+15,5.484156e+08,2.113316e+16,5.191437e+18,2.124582e+17,2.288766e+08,3.130847e+16,1.081939e+19,8.972831e+17,3.715666e+08,1.213888e+17,1.632602e+19,1.812848e+18,0,42
6.493000e+07,1.102897e+13,5.077445e+16,1.191847e+16,4.154756e+07,4.279321e+14,6.649365e+17,7.550893e+16,4.427960e+07,9.211916e+14,1.484380e+16,6.667260e+14,6.242314e+08,3.261145e+16,1.424469e+18,2.247719e+18,2.442637e+08,4.154716e+16,2.237457e+19,2.351347e+18,4.215443e+08,1.502751e+17,2.262033e+19,2.361716e+18,2,93
5.323661e+07,3.356637e+12,1.152200e+16,1.604938e+16,3.222408e+07,4.104539e+14,2.551159e+17,3.533895e+16,3.306624e+07,6.542941e+14,5.317265e+16,4.054496e+15,6.679511e+08,1.588795e+16,2.755802e+18,2.357872e+18,3.004132e+08,6.070698e+16,3.124964e+19,2.698675e+18,4.230821e+08,1.477925e+17,3.397059e+19,3.866122e+18,0,103
6.885342e+07,8.898571e+12,4.558872e+16,7.918781e+15,4.444778e+07,4.650294e+14,6.675012e+17,9.874875e+16,4.741904e+07,9.769335e+14,1.319621e+17,1.915645e+16,6.843851e+08,3.557165e+16,4.758149e+18,4.023804e+16,2.758881e+08,5.021086e+16,2.671009e+19,2.479122e+18,4.605420e+08,1.792901e+17,4.452112e+19,6.451457e+18,2,85
5.405166e+07,1.873221e+13,1.046400e+16,1.490661e+16,3.256520e+07,3.051698e+14,4.314088e+17,3.609495e+16,3.662801e+07,5.341899e+14,1.420312e+17,4.709839e+15,6.083305e+08,3.388314e+16,7.398671e+18,3.526709e+17,2.297119e+08,3.887859e+16,1.639991e+19,1.581776e+18,4.119105e+08,1.480215e+17,3.364524e+19,6.184228e+18,1,77
6.647355e+07,2.748752e+13,2.321243e+16,1.227980e+16,4.227692e+07,3.696296e+14,8.780312e+17,8.090591e+16,4.727503e+07,7.640188e+14,1.717742e+17,7.538961e+15,5.602365e+08,2.994691e+16,5.339849e+18,3.013141e+16,2.094451e+08,3.223188e+16,1.355993e+19,1.367204e+18,3.808298e+08,1.265378e+17,3.194114e+19,4.927421e+18,1,91
5.936141e+07,3.905617e+12,7.762330e+16,1.037943e+16,3.894008e+07,3.585259e+14,4.858314e+17,7.888692e+16,4.043185e+07,7.254589e+14,6.741191e+16,1.267809e+16,6.749843e+08,4.899731e+16,2.039202e+18,1.921420e+17,2.552326e+08,4.173364e+16,2.239661e+19,1.908637e+18,4.709116e+08,1.914276e+17,3.938194e+19,5.594768e+18,2,87
5.911348e+07,1.956097e+13,3.518303e+15,1.909563e+16,3.323218e+07,4.801951e+14,3.080385e+17,3.277840e+16,3.729809e+07,8.663088e+14,6.918175e+16,5.944102e+15,6.986912e+08,2.614702e+16,6.217479e+18,2.328782e+17,2.901999e+08,6.224087e+16,2.984230e+19,2.888496e+18,4.512495e+08,1.753417e+17,2.952629e+19,3.867715e+18,1,43
5.962314e+07,5.907377e+12,2.632160e+15,6.770132e+15,3.414034e+07,5.442004e+14,2.735480e+17,2.907842e+16,3.631310e+07,8.923472e+14,5.622274e+16,3.189383e+15,7.467163e+08,2.846519e+16,3.239213e+18,3.578630e+16,3.109675e+08,7.195271e+16,3.420583e+19,3.478582e+18,4.785548e+08,1.987207e+17,3.864653e+19,5.254339e+18,3,88
5.384332e+07,3.611040e+12,8.342016e+15,5.125339e+15,3.326583e+07,3.551724e+14,3.633161e+17,4.191829e+16,3.501112e+07,6.394514e+14,3.892996e+16,2.290858e+15,6.896470e+08,2.702119e+16,3.829691e+18,9.296298e+17,2.821005e+08,5.994078e+16,2.763973e+19,2.953367e+18,4.448226e+08,1.703918e+17,2.574802e+19,2.791229e+18,1,45
5.321526e+07,4.753121e+12,4.526776e+15,2.534261e+15,3.209695e+07,3.719837e+14,3.514050e+17,3.893462e+16,3.395446e+07,6.014384e+14,7.476313e+16,6.072381e+15,6.066177e+08,2.159971e+16,3.139172e+18,4.381897e+17,2.418355e+08,4.776682e+16,1.525178e+19,1.781286e+18,3.885561e+08,1.332086e+17,1.573839e+19,1.639988e+18,3,102
5.386450e+07,5.510078e+12,6.857216e+15,1.902082e+16,3.204263e+07,3.807030e+14,3.705698e+17,4.072231e+16,3.436685e+07,5.965838e+14,7.732738e+16,4.619057e+15,6.445886e+08,3.010685e+16,3.685729e+18,1.135816e+18,2.554723e+08,4.746167e+16,2.363312e+19,2.449897e+18,4.271871e+08,1.557912e+17,3.582005e+19,3.903854e+18,0,52
5.816629e+07,8.234299e+12,2.707609e+15,2.246892e+16,3.532122e+07,4.105221e+14,5.165262e+17,4.010325e+16,3.790539e+07,6.411943e+14,1.044842e+17,5.517330e+15,5.130537e+08,2.082975e+16,2.711344e+18,2.066974e+18,1.976232e+08,2.975737e+16,1.229948e+19,1.345982e+18,3.406665e+08,9.998976e+16,1.426861e+19,1.667461e+18,1,53
6.841758e+07,2.895551e+13,7.977844e+15,2.224089e+16,4.127394e+07,5.120271e+14,7.893594e+17,7.794778e+16,4.611220e+07,1.003837e+15,4.737592e+16,2.868086e+15,6.611238e+08,2.591056e+16,9.312110e+18,8.611233e+16,2.701853e+08,5.574144e+16,2.427777e+19,2.703248e+18,4.300044e+08,1.551432e+17,3.101350e+19,3.750300e+18,1,34
6.123362e+07,4.503921e+12,4.375223e+15,9.025878e+15,3.483559e+07,5.919353e+14,3.149348e+17,3.345614e+16,3.695784e+07,8.991069e+14,6.020685e+16,3.778982e+15,7.152862e+08,2.010780e+16,9.461955e+16,9.195977e+17,3.061543e+08,7.325748e+16,2.866376e+19,3.211638e+18,4.452438e+08,1.734681e+17,2.602466e+19,2.730789e+18,1,100
5.602129e+07,2.866343e+12,5.126518e+16,1.168466e+16,3.720747e+07,3.016920e+14,4.907275e+17,6.970007e+16,3.871235e+07,6.442014e+14,3.404328e+16,4.251052e+15,6.102420e+08,3.182554e+16,9.528959e+17,2.283551e+18,2.385141e+08,3.894109e+16,2.058845e+19,2.079634e+18,4.140788e+08,1.449825e+17,2.179785e+19,2.435813e+18,1,93
5.568072e+07,2.628393e+12,6.216571e+16,3.889357e+15,3.476805e+07,4.080184e+14,2.701871e+17,5.548216e+16,3.556919e+07,7.372823e+14,3.839062e+16,3.659677e+16,8.940568e+08,7.442622e+16,2.178422e+19,4.194783e+17,3.555070e+08,7.481456e+16,5.810845e+19,5.265010e+18,6.233549e+08,3.180858e+17,9.706108e+19,1.721521e+19,2,73
5.263743e+07,8.262183e+12,2.227397e+16,7.271414e+15,3.541596e+07,2.146301e+14,6.152878e+17,3.948346e+16,3.816886e+07,3.952218e+14,8.276294e+16,7.876769e+14,5.791293e+08,3.793256e+16,1.507692e+19,5.303367e+17,2.085003e+08,3.246425e+16,1.248499e+19,1.479155e+18,4.006097e+08,1.375228e+17,2.372220e+19,4.657302e+18,0,75
5.589538e+07,2.037186e+13,1.095884e+15,8.314228e+15,3.167510e+07,4.085936e+14,3.421156e+17,2.763286e+16,3.606887e+07,6.827888e+14,8.563079e+16,3.877477e+15,6.098986e+08,2.405134e+16,6.549130e+18,3.433578e+16,2.433178e+08,4.740079e+16,1.647288e+19,1.814352e+18,3.970362e+08,1.359566e+17,1.600434e+19,2.189156e+18,2,83
5.300265e+07,1.170278e+13,1.780672e+15,1.145782e+16,3.066238e+07,3.897156e+14,3.237735e+17,2.469057e+16,3.370607e+07,5.707958e+14,8.057248e+16,3.827613e+15,5.868473e+08,1.984104e+16,2.932903e+18,3.911039e+17,2.383896e+08,4.548679e+16,1.637680e+19,1.803802e+18,3.786023e+08,1.230550e+17,1.442291e+19,1.362922e+18,1,83
5.557790e+07,5.479426e+12,5.428117e+16,2.258053e+16,3.537742e+07,3.417450e+14,3.730585e+17,5.459092e+16,3.720015e+07,6.906287e+14,3.071292e+16,2.082865e+15,7.368425e+08,3.473628e+16,1.159173e+18,4.530284e+17,3.061258e+08,6.207934e+16,3.528894e+19,3.304775e+18,4.891659e+08,2.001750e+17,4.770957e+19,5.270236e+18,0,47
7.785924e+07,5.933358e+12,1.358209e+17,3.142808e+15,5.136107e+07,8.355963e+14,1.267179e+18,1.456577e+17,4.895348e+07,1.067099e+15,3.253182e+16,7.163095e+15,6.771618e+08,3.812927e+16,2.089382e+18,1.411074e+19,2.675337e+08,4.652257e+16,3.498424e+19,3.396718e+18,4.614847e+08,1.735437e+17,4.263205e+19,6.718066e+18,1,36
6.478451e+07,1.787364e+13,1.376924e+16,1.450807e+16,3.730156e+07,5.707886e+14,3.267303e+17,3.503316e+16,4.106135e+07,1.029395e+15,1.014770e+17,6.651376e+15,6.964455e+08,2.036209e+16,7.905864e+18,8.643351e+16,2.969738e+08,6.793005e+16,2.494683e+19,2.433577e+18,4.373851e+08,1.673834e+17,2.114885e+19,3.898073e+18,0,1
5.974163e+07,4.122926e+12,5.688775e+16,3.470197e+16,3.887424e+07,3.577091e+14,4.698445e+17,7.648144e+16,4.083159e+07,7.579796e+14,5.967904e+16,2.771286e+15,6.909472e+08,3.916352e+16,6.589763e+17,8.161989e+16,2.897837e+08,4.181379e+16,3.825181e+19,2.686342e+18,4.864723e+08,1.910839e+17,6.228947e+19,9.267735e+18,2,55
5.933932e+07,5.992918e+12,1.163762e+16,6.404675e+16,3.486980e+07,5.099332e+14,2.505662e+17,4.118841e+16,3.691009e+07,7.970765e+14,1.188822e+17,1.339620e+16,7.080617e+08,2.502199e+16,1.579295e+18,3.693481e+17,3.212193e+08,5.646733e+16,2.705855e+19,1.491004e+18,4.715084e+08,1.935737e+17,3.301054e+19,4.013705e+18,3,76
6.087236e+07,3.324788e+12,1.497405e+16,7.420333e+15,3.907503e+07,4.600136e+14,6.513059e+17,6.678258e+16,3.946170e+07,7.364438e+14,2.705823e+15,6.114089e+14,6.797859e+08,3.949927e+16,1.242200e+18,1.848993e+18,2.699046e+08,4.639155e+16,3.213886e+19,3.292378e+18,4.650916e+08,1.793561e+17,4.174979e+19,4.170812e+18,0,65
7.487146e+07,1.868666e+13,1.002944e+16,3.014551e+16,4.320598e+07,7.479653e+14,5.243757e+17,5.919547e+16,4.752804e+07,1.399410e+15,1.558756e+17,1.222586e+16,7.509402e+08,2.530447e+16,6.419499e+18,3.859734e+17,3.152077e+08,7.674037e+16,2.559275e+19,2.712117e+18,4.739564e+08,1.997044e+17,3.128914e+19,5.614587e+18,0,104
6.226816e+07,1.358922e+13,2.343207e+16,1.580406e+16,3.713772e+07,4.716299e+14,4.751188e+17,5.718249e+16,4.057261e+07,8.721368e+14,6.724254e+16,4.969372e+15,7.370448e+08,3.579784e+16,3.339943e+18,1.614607e+17,2.983263e+08,6.341282e+16,3.385041e+19,3.622266e+18,4.856572e+08,2.001643e+17,5.351509e+19,6.653489e+18,0,6
5.083161e+07,1.642374e+13,1.509773e+16,3.816937e+16,3.251516e+07,2.286355e+14,3.315616e+17,4.016970e+16,3.585793e+07,4.903259e+14,1.199287e+17,4.955594e+15,6.200117e+08,3.485776e+16,2.256576e+18,9.395571e+16,2.401466e+08,3.986845e+16,1.694845e+19,1.595375e+18,4.230458e+08,1.527970e+17,3.567099e+19,4.628509e+18,0,51
5.531669e+07,1.937319e+12,2.729261e+16,2.220753e+16,3.630869e+07,3.900201e+14,3.072009e+17,5.230544e+16,3.572913e+07,6.748212e+14,6.222819e+16,4.769946e+15,8.211913e+08,3.819874e+16,7.492184e+18,1.783038e+17,3.506825e+08,7.756107e+16,5.135286e+19,4.258634e+18,5.452076e+08,2.432069e+17,8.669998e+19,1.332477e+19,1,98
6.998290e+08,1.566717e+16,6.305526e+17,2.446845e+18,3.479105e+08,5.414245e+16,7.810047e+19,7.391312e+18,4.672582e+08,1.609770e+17,1.166529e+19,4.699801e+18,6.839329e+07,3.804497e+15,3.454128e+19,4.021475e+19,9.479457e+06,1.971026e+13,1.845139e+16,5.170265e+16,6.886324e+07,4.709577e+15,4.580424e+19,4.574258e+19,1,80
5.452055e+07,3.794514e+12,1.270429e+16,1.706585e+16,3.330315e+07,4.019623e+14,3.556869e+17,3.697468e+16,3.455846e+07,5.993240e+14,9.906575e+16,5.991717e+15,6.109017e+08,2.156560e+16,9.552004e+17,5.834220e+17,2.485685e+08,4.888258e+16,1.604763e+19,1.682307e+18,3.915388e+08,1.343456e+17,1.724166e+19,1.820833e+18,0,71
5.552583e+07,2.816538e+12,3.916396e+16,1.338979e+16,3.715047e+07,3.072669e+14,5.151942e+17,6.137629e+16,3.804648e+07,6.094402e+14,5.287286e+16,4.441801e+15,5.987410e+08,4.024341e+16,4.992003e+18,2.234606e+17,2.227813e+08,3.171126e+16,1.999159e+19,2.058963e+18,4.216224e+08,1.474527e+17,3.613557e+19,5.636594e+18,1,78
6.021460e+07,2.914093e+12,1.993831e+16,1.484887e+16,3.770228e+07,5.535302e+14,4.088544e+17,4.360545e+16,3.678195e+07,7.913543e+14,2.065879e+16,1.110517e+15,6.627648e+08,3.081712e+16,1.163576e+18,3.894688e+18,2.705873e+08,4.822081e+16,3.154760e+19,3.146399e+18,4.441114e+08,1.642439e+17,3.470307e+19,3.708166e+18,0,90
4.996886e+07,9.472750e+12,1.629976e+15,1.979323e+16,2.944561e+07,3.068320e+14,2.746906e+17,2.408690e+16,3.251736e+07,5.544241e+14,7.891326e+16,6.537071e+15,6.781481e+08,2.796987e+16,1.263255e+19,4.055975e+18,2.727220e+08,5.764564e+16,2.063102e+19,2.275203e+18,4.388984e+08,1.680213e+17,3.476648e+19,1.056182e+19,3,57
6.656852e+07,4.326581e+11,5.335180e+14,1.969755e+16,4.171130e+07,6.499973e+14,4.695040e+17,4.464914e+16,4.107442e+07,1.072193e+15,1.413534e+16,1.263233e+16,7.817677e+08,2.444747e+16,1.643413e+18,1.731430e+18,3.423820e+08,8.209992e+16,4.400799e+19,4.339884e+18,4.953778e+08,2.102592e+17,3.223562e+19,3.313765e+18,0,20
5.389660e+07,1.253822e+13,8.586188e+14,2.524743e+16,3.076263e+07,3.919925e+14,3.029106e+17,2.803235e+16,3.418176e+07,6.269985e+14,9.995340e+16,7.068451e+15,6.562003e+08,2.806238e+16,1.687900e+18,2.432329e+17,2.604427e+08,5.259605e+16,2.101121e+19,2.283533e+18,4.279097e+08,1.599470e+17,3.084841e+19,3.367484e+18,2,57
5.918771e+07,3.222765e+12,1.860920e+16,1.626873e+16,3.662164e+07,5.432310e+14,3.485312e+17,4.757051e+16,3.601024e+07,7.788144e+14,5.397820e+16,4.174988e+15,7.254649e+08,2.720989e+16,1.527834e+18,3.417279e+18,3.134590e+08,6.391634e+16,3.965245e+19,3.453229e+18,4.748163e+08,1.866141e+17,4.730992e+19,4.957724e+18,2,103
5.837787e+07,2.500485e+12,1.585140e+15,9.890740e+15,3.379310e+07,5.295776e+14,2.321508e+17,2.345169e+16,3.536554e+07,8.497565e+14,5.605060e+16,3.275289e+15,7.689604e+08,2.831308e+16,1.371306e+18,2.470497e+17,3.235643e+08,7.745026e+16,3.452605e+19,3.417144e+18,4.914241e+08,2.098493e+17,3.927068e+19,5.894148e+18,2,88
5.060418e+07,9.715134e+11,1.035940e+16,1.614980e+16,3.159320e+07,3.539343e+14,2.796972e+17,3.687933e+16,3.180404e+07,5.237794e+14,6.600228e+16,4.336963e+15,6.318341e+08,3.167831e+16,2.965106e+18,2.712910e+17,2.559561e+08,4.113079e+16,2.650589e+19,2.224460e+18,4.295530e+08,1.558156e+17,3.497165e+19,4.685704e+18,0,82
5.165083e+07,1.177458e+13,3.321193e+16,4.392609e+16,3.166212e+07,2.809409e+14,3.335492e+17,4.212413e+16,3.491585e+07,5.038845e+14,9.576587e+16,4.039900e+15,5.834300e+08,3.165503e+16,1.054606e+18,6.904010e+17,2.324049e+08,3.097962e+16,1.776034e+19,1.268703e+18,4.074200e+08,1.424782e+17,3.318656e+19,3.680768e+18,3,50
4.914538e+07,9.051735e+12,4.124899e+16,9.051162e+15,3.272978e+07,2.031042e+14,3.779234e+17,5.998406e+16,3.502830e+07,4.519268e+14,3.667216e+16,4.890100e+15,6.739835e+08,4.232551e+16,1.379182e+18,1.677536e+18,2.588497e+08,4.538378e+16,2.489743e+19,2.706936e+18,4.621108e+08,1.786848e+17,4.054147e+19,4.452878e+18,0,35
7.707588e+07,3.552332e+13,6.901438e+16,2.764255e+14,5.042672e+07,4.530221e+14,9.327491e+17,1.491659e+17,5.596571e+07,1.191642e+15,2.475697e+17,6.869059e+16,6.844962e+08,4.291988e+16,1.208852e+19,1.288263e+18,2.676345e+08,4.449886e+16,2.209673e+19,1.967384e+18,4.739132e+08,1.892876e+17,5.342921e+19,1.212726e+19,1,85
5.039168e+07,4.034191e+12,9.693233e+15,2.626794e+16,2.913326e+07,3.724057e+14,2.058185e+17,2.150424e+16,3.113991e+07,5.460366e+14,6.980712e+16,4.491888e+15,6.683223e+08,1.603986e+16,5.699177e+17,1.842963e+18,2.915572e+08,6.282192e+16,2.494977e+19,2.284152e+18,4.178193e+08,1.554253e+17,2.000624e+19,2.130580e+18,0,89
5.275874e+07,2.347348e+11,4.376847e+16,1.196490e+16,3.405441e+07,3.682373e+14,4.257974e+17,5.611537e+16,3.358577e+07,5.149157e+14,1.580122e+16,2.678045e+15,7.076040e+08,3.905389e+16,7.053708e+18,1.628962e+18,2.810692e+08,5.361580e+16,3.551776e+19,3.735230e+18,4.773784e+08,1.869201e+17,4.422696e+19,4.638728e+18,2,56
5.732002e+07,1.300477e+13,5.409360e+16,3.545493e+15,3.242894e+07,4.538764e+14,2.597757e+17,3.528901e+16,3.603296e+07,7.415511e+14,4.364617e+16,9.785605e+15,8.729291e+08,5.704436e+16,5.300417e+18,1.121569e+19,3.496772e+08,8.269978e+16,4.136965e+19,3.491356e+18,5.853537e+08,3.067103e+17,5.705621e+19,6.608168e+18,1,79
5.882615e+07,2.987441e+12,2.128698e+16,1.178784e+16,3.551258e+07,4.953194e+14,4.233982e+17,4.236037e+16,3.684624e+07,7.670329e+14,1.849267e+16,1.304574e+15,6.398759e+08,2.220765e+16,6.371099e+17,3.484782e+18,2.655088e+08,5.239176e+16,2.476515e+19,2.573265e+18,4.137585e+08,1.457149e+17,2.032137e+19,2.376819e+18,0,69
6.072292e+07,2.901763e+12,6.644018e+15,1.707147e+16,3.792839e+07,4.575972e+14,5.631216e+17,5.870959e+16,3.936203e+07,7.141503e+14,9.069608e+16,3.849984e+15,5.775105e+08,1.919636e+16,2.631958e+17,1.845055e+18,2.326388e+08,4.279147e+16,1.571975e+19,1.759154e+18,3.711624e+08,1.210450e+17,1.743173e+19,2.415796e+18,2,96
5.520200e+07,6.103054e+12,5.661193e+16,1.470967e+16,3.568094e+07,2.998319e+14,4.011190e+17,6.562067e+16,3.789146e+07,6.206659e+14,6.309533e+16,8.260405e+15,6.789784e+08,4.723446e+16,9.547024e+17,1.691654e+18,2.606883e+08,4.464452e+16,2.337375e+19,2.087978e+18,4.681528e+08,1.879945e+17,3.680924e+19,3.936904e+18,0,87
5.626273e+07,2.164098e+12,5.286850e+16,2.187375e+16,3.538653e+07,4.009892e+14,3.959220e+17,5.594868e+16,3.625018e+07,6.811627e+14,2.138452e+16,1.193623e+15,7.022298e+08,3.524216e+16,3.426133e+16,9.109888e+16,2.947273e+08,4.986803e+16,2.918137e+19,1.998118e+18,4.789415e+08,1.990529e+17,3.679913e+19,5.093958e+18,0,21
6.376466e+07,3.177999e+12,4.519950e+15,1.469952e+16,3.912506e+07,6.155083e+14,4.104228e+17,5.290832e+16,3.910131e+07,9.488116e+14,5.003526e+16,3.359773e+15,6.870708e+08,2.095396e+16,1.474060e+18,1.221512e+18,2.909833e+08,6.423900e+16,2.630278e+19,2.852555e+18,4.354582e+08,1.645233e+17,2.312191e+19,2.661397e+18,0,46
5.304801e+07,5.374993e+12,5.209082e+15,2.397074e+16,3.096539e+07,3.928262e+14,2.462061e+17,2.744351e+16,3.325204e+07,6.261662e+14,7.495787e+16,4.281408e+15,6.668474e+08,1.719541e+16,3.276619e+17,9.315175e+17,2.901706e+08,6.061884e+16,2.564142e+19,2.253100e+18,4.207390e+08,1.569836e+17,2.133686e+19,2.309114e+18,1,89
5.055369e+07,9.870034e+12,9.808493e+15,6.153652e+15,2.968555e+07,3.325734e+14,2.486299e+17,3.020057e+16,3.245773e+07,6.089475e+14,4.839240e+16,3.747967e+15,6.916131e+08,1.992698e+16,6.111003e+17,8.119937e+17,2.963877e+08,6.593129e+16,2.747732e+19,2.699078e+18,4.364423e+08,1.657036e+17,2.132998e+19,2.239833e+18,1,60
5.611654e+07,1.019761e+13,8.282427e+15,4.594003e+16,3.490843e+07,3.313453e+14,4.455164e+17,4.440102e+16,3.798740e+07,5.807762e+14,1.646624e+17,9.783981e+15,5.517039e+08,2.342822e+16,3.500066e+18,1.818973e+16,2.136874e+08,3.678316e+16,9.769061e+18,1.028788e+18,3.634403e+08,1.164112e+17,1.578850e+19,1.923576e+18,1,37
6.301277e+07,2.448421e+12,1.311818e+16,7.693570e+16,3.733600e+07,5.862729e+14,2.906217e+17,4.697454e+16,3.886233e+07,8.781799e+14,1.541067e+17,1.597963e+16,6.861311e+08,2.516612e+16,6.491956e+17,4.472657e+17,3.047645e+08,5.279008e+16,2.485736e+19,1.438550e+18,4.573999e+08,1.838838e+17,3.319242e+19,4.201991e+18,1,76
7.492382e+07,4.821627e+11,1.256614e+17,1.249341e+17,4.863758e+07,7.122196e+14,5.949345e+17,1.071627e+17,4.824938e+07,1.133151e+15,1.774809e+17,1.073698e+16,7.097168e+08,3.107866e+16,1.812119e+19,1.747974e+18,3.230504e+08,4.697229e+16,2.808445e+19,1.700212e+18,4.930071e+08,2.089109e+17,4.295004e+19,4.980466e+18,3,67
6.531292e+07,6.107703e+12,6.437074e+16,2.703846e+16,4.215640e+07,4.540365e+14,6.600796e+17,8.287930e+16,4.403909e+07,8.807777e+14,5.510196e+16,3.642995e+15,6.371712e+08,3.543634e+16,7.975657e+17,2.342047e+17,2.500434e+08,4.148553e+16,2.006141e+19,1.766985e+18,4.344718e+08,1.633984e+17,3.121503e+19,3.546740e+18,0,44
6.127157e+07,1.492277e+12,1.295428e+16,2.159048e+16,3.786273e+07,5.068412e+14,3.231075e+17,4.713622e+16,3.887454e+07,9.658786e+14,4.240590e+16,3.202128e+15,7.687463e+08,1.835593e+16,2.196660e+18,4.860774e+18,3.470244e+08,8.312526e+16,4.197520e+19,3.928180e+18,4.818686e+08,1.997717e+17,3.611950e+19,4.793169e+18,1,101
4.795355e+07,5.955327e+12,4.623389e+15,1.127302e+15,2.713942e+07,3.710673e+14,1.812897e+17,1.819202e+16,2.873054e+07,5.246724e+14,4.537696e+16,3.778942e+15,6.664898e+08,1.348135e+16,6.893114e+17,1.228905e+18,2.904960e+08,6.936502e+16,2.363716e+19,2.771690e+18,4.037586e+08,1.414610e+17,1.652221e+19,2.041990e+18,1,74
5.129781e+07,7.387257e+12,2.391413e+15,2.338723e+15,2.828600e+07,4.163852e+14,1.903205e+17,1.974010e+16,3.098406e+07,6.260303e+14,5.491947e+16,4.117860e+15,7.011524e+08,1.977860e+16,1.867037e+18,5.801279e+17,2.955800e+08,7.215620e+16,2.307590e+19,2.709391e+18,4.334731e+08,1.644893e+17,1.481738e+19,1.515520e+18,2,74
5.712960e+07,6.625956e+12,1.572151e+16,1.287540e+16,3.742803e+07,3.728775e+14,4.600397e+17,5.267256e+16,3.810007e+07,6.984912e+14,5.960099e+16,4.008088e+15,6.593634e+08,2.217153e+16,3.163190e+18,1.051180e+17,2.736285e+08,5.852499e+16,2.111236e+19,2.283847e+18,4.214611e+08,1.528386e+17,1.723762e+19,2.180503e+18,1,25
5.968307e+07,3.316799e+12,1.697734e+16,4.644076e+16,3.958450e+07,3.361149e+14,6.832886e+17,7.608177e+16,4.135590e+07,5.712214e+14,1.371426e+17,8.095646e+15,5.060117e+08,2.501631e+16,1.332753e+18,1.172978e+18,1.897245e+08,2.541532e+16,1.129354e+19,1.192316e+18,3.468434e+08,1.027616e+17,2.167454e+19,2.372833e+18,3,94
6.204212e+07,5.702451e+12,2.925685e+14,3.237727e+16,3.730269e+07,5.070561e+14,3.977051e+17,4.776970e+16,3.965161e+07,7.696033e+14,1.878047e+17,1.093416e+16,6.719632e+08,1.964759e+16,2.483497e+18,2.214530e+17,2.840327e+08,6.163602e+16,1.821389e+19,1.764572e+18,4.238608e+08,1.621885e+17,2.137235e+19,3.674950e+18,1,68
5.388059e+07,3.870769e+12,2.454226e+16,1.646654e+16,3.350749e+07,3.493154e+14,4.209721e+17,4.289525e+16,3.526396e+07,5.441869e+14,6.782573e+16,2.732468e+15,5.414284e+08,2.416283e+16,6.828516e+18,1.061959e+18,2.101516e+08,3.148546e+16,1.679194e+19,1.881430e+18,3.650665e+08,1.114103e+17,1.938695e+19,2.031751e+18,3,58
6.649870e+07,1.962222e+12,8.504856e+15,2.025443e+16,3.898849e+07,6.937394e+14,4.511328e+17,4.421529e+16,4.019694e+07,1.038145e+15,5.043682e+16,8.824473e+15,6.946685e+08,2.918203e+16,3.776045e+18,1.936836e+16,2.837041e+08,5.842018e+16,2.732522e+19,2.790596e+18,4.534102e+08,1.784601e+17,2.395510e+19,3.464033e+18,0,31
5.852321e+07,1.323072e+13,1.300220e+16,3.614329e+16,3.402977e+07,4.358360e+14,4.127878e+17,4.535863e+16,3.766258e+07,7.330445e+14,9.912776e+16,7.512614e+15,6.612362e+08,2.984914e+16,5.983530e+18,6.638953e+17,2.654377e+08,5.106255e+16,2.575005e+19,2.612690e+18,4.360059e+08,1.617004e+17,3.765419e+19,4.403477e+18,3,52
5.361429e+07,4.703528e+12,3.748107e+16,1.611955e+16,3.578026e+07,2.556568e+14,5.446667e+17,6.707712e+16,3.762596e+07,5.092569e+14,6.699305e+16,5.598606e+15,6.382074e+08,4.223788e+16,8.273218e+17,2.386941e+16,2.472167e+08,3.811535e+16,1.840342e+19,1.494639e+18,4.430403e+08,1.668224e+17,4.080828e+19,5.421533e+18,0,33
5.737298e+07,3.446209e+12,2.367467e+16,1.155625e+16,3.648605e+07,4.809745e+14,3.432577e+17,3.970032e+16,3.552080e+07,7.458803e+14,2.200497e+16,8.030675e+14,6.472015e+08,2.706182e+16,1.318095e+18,5.108126e+18,2.704845e+08,4.632802e+16,3.095113e+19,2.877979e+18,4.332099e+08,1.557634e+17,3.211309e+19,3.827914e+18,2,90
5.206477e+07,1.384502e+13,4.970789e+16,1.825361e+16,3.631657e+07,1.630457e+14,4.472993e+17,7.910874e+16,3.934617e+07,4.769970e+14,6.966903e+16,4.623203e+15,5.784206e+08,2.464660e+16,3.575780e+18,1.012386e+17,2.403663e+08,3.390277e+16,1.257402e+19,1.012108e+18,3.944737e+08,1.365194e+17,1.842747e+19,2.010812e+18,1,42
5.102166e+07,8.171569e+12,4.073607e+16,4.649625e+16,3.132093e+07,2.960699e+14,3.156885e+17,3.802878e+16,3.392002e+07,4.761180e+14,8.654732e+16,3.832321e+15,5.892772e+08,3.186850e+16,1.043635e+18,4.105964e+17,2.373552e+08,3.102441e+16,1.894379e+19,1.252916e+18,4.132619e+08,1.465759e+17,3.419033e+19,4.042546e+18,1,50
6.614010e+07,1.514707e+13,4.522380e+15,5.952499e+15,3.905160e+07,5.791215e+14,5.388987e+17,5.405173e+16,4.215460e+07,1.005741e+15,8.331659e+16,4.894562e+15,6.126628e+08,2.435079e+16,5.279631e+18,3.924409e+16,2.408984e+08,4.712296e+16,1.568784e+19,1.825657e+18,3.968152e+08,1.384610e+17,1.770120e+19,2.088938e+18,1,102
5.082084e+07,2.616072e+12,4.000034e+16,4.955399e+15,3.217435e+07,3.345329e+14,2.354432e+17,4.865799e+16,3.257939e+07,6.023165e+14,3.117539e+16,1.942273e+16,8.673790e+08,6.761139e+16,1.249972e+19,1.251587e+17,3.473448e+08,7.087702e+16,5.595489e+19,5.032538e+18,6.034233e+08,2.975133e+17,9.341679e+19,1.364422e+19,3,73
5.509924e+07,1.353815e+13,5.639076e+15,1.069682e+16,3.341107e+07,3.258220e+14,4.698670e+17,3.735317e+16,3.705215e+07,5.483130e+14,1.460320e+17,4.590644e+15,5.824103e+08,3.059040e+16,8.433859e+18,2.219186e+17,2.186865e+08,3.651011e+16,1.418890e+19,1.447995e+18,3.914952e+08,1.347104e+17,3.036548e+19,5.322612e+18,2,77
5.957035e+07,2.092957e+12,1.934809e+16,1.107598e+16,3.883277e+07,4.440256e+14,6.147943e+17,6.171932e+16,3.875347e+07,6.962210e+14,2.639772e+15,5.440908e+14,6.683516e+08,3.401149e+16,4.674661e+18,1.090440e+18,2.743046e+08,4.630038e+16,3.532714e+19,3.549254e+18,4.558644e+08,1.682344e+17,4.182816e+19,4.325219e+18,3,65
4.744315e+07,1.095481e+13,1.840717e+15,1.423511e+16,2.729086e+07,2.905782e+14,2.263187e+17,1.988440e+16,3.047141e+07,4.867567e+14,7.680891e+16,3.987865e+15,6.524334e+08,2.760157e+16,1.784641e+18,2.851278e+16,2.579678e+08,5.247249e+16,1.968726e+19,2.186336e+18,4.240947e+08,1.581931e+17,2.818633e+19,3.274223e+18,0,57
5.160422e+07,1.435918e+13,2.041616e+16,4.105324e+16,3.280490e+07,2.391776e+14,3.397949e+17,3.949357e+16,3.634185e+07,5.085589e+14,1.255500e+17,4.918094e+15,6.077718e+08,3.234485e+16,2.188444e+18,4.069289e+16,2.352305e+08,3.970077e+16,1.519467e+19,1.477348e+18,4.122460e+08,1.449932e+17,3.190409e+19,3.691114e+18,1,51
5.223388e+07,2.576676e+13,1.725401e+16,4.374964e+16,3.241836e+07,2.252811e+14,3.239185e+17,3.795756e+16,3.737175e+07,5.586133e+14,1.264524e+17,4.948439e+15,6.173021e+08,3.314635e+16,1.592541e+18,1.293936e+17,2.394204e+08,4.040186e+16,1.662792e+19,1.613895e+18,4.192435e+08,1.498724e+17,3.396866e+19,3.831650e+18,3,51
5.384394e+07,1.362031e+13,8.666193e+15,4.216436e+16,3.322158e+07,2.963522e+14,4.815364e+17,3.492372e+16,3.669054e+07,4.530713e+14,1.589222e+17,7.775113e+15,5.551779e+08,2.736087e+16,2.190210e+18,2.625038e+17,2.090191e+08,3.289680e+16,1.361733e+19,1.499551e+18,3.741621e+08,1.213680e+17,2.807544e+19,3.098002e+18,0,66
5.062983e+07,7.945869e+12,1.413352e+16,1.173860e+16,3.013963e+07,3.437444e+14,2.443501e+17,2.871330e+16,3.215640e+07,5.983017e+14,4.986846e+16,3.083664e+15,6.651978e+08,1.351835e+16,1.253233e+18,5.717957e+17,2.959953e+08,6.625722e+16,2.517135e+19,2.426740e+18,4.089715e+08,1.445521e+17,1.701413e+19,1.789111e+18,0,60
5.736266e+07,3.773193e+12,4.085420e+15,7.108899e+15,3.338582e+07,5.018514e+14,3.475987e+17,3.334381e+16,3.522448e+07,7.853218e+14,1.651572e+16,9.970314e+14,6.647212e+08,2.333857e+16,7.852169e+18,1.812578e+18,2.729482e+08,5.879159e+16,2.273574e+19,2.553559e+18,4.247112e+08,1.544133e+17,1.327485e+19,1.246117e+18,2,12
5.546223e+07,9.667294e+12,5.964849e+15,4.847237e+16,3.431958e+07,3.293158e+14,5.253512e+17,3.490743e+16,3.738020e+07,4.700525e+14,1.734938e+17,9.815477e+15,5.703646e+08,2.879435e+16,4.306376e+18,9.623831e+15,2.142068e+08,3.523967e+16,1.357928e+19,1.517404e+18,3.837202e+08,1.276630e+17,2.834075e+19,3.421729e+18,1,66
6.027862e+07,1.673949e+13,6.706336e+15,1.335303e+16,3.964314e+07,6.114975e+14,3.773349e+17,4.170537e+16,3.556085e+07,8.226587e+14,7.956412e+15,3.380604e+15,7.230167e+08,2.064616e+16,4.192512e+17,6.028841e+18,3.250678e+08,6.582801e+16,4.243919e+19,3.840175e+18,4.666371e+08,1.846550e+17,2.731278e+19,3.651967e+18,2,95
6.540444e+07,9.950333e+12,5.679888e+16,3.627721e+16,4.191744e+07,4.482353e+14,6.648474e+17,8.437075e+16,4.443241e+07,8.802985e+14,5.389229e+16,3.682915e+15,6.301724e+08,3.630517e+16,6.663383e+16,1.516086e+18,2.469922e+08,3.942633e+16,2.077076e+19,1.800013e+18,4.344063e+08,1.617707e+17,3.214774e+19,3.334819e+18,1,44
5.818979e+07,1.082165e+13,6.090692e+16,1.385024e+16,3.871949e+07,2.918507e+14,4.696966e+17,7.307877e+16,4.136186e+07,7.703748e+14,6.176670e+16,1.350030e+16,6.920758e+08,5.091133e+16,2.314331e+18,5.163989e+17,2.641002e+08,4.472119e+16,2.608426e+19,2.332889e+18,4.843077e+08,1.969515e+17,3.885956e+19,4.129651e+18,3,87
6.058045e+07,2.761960e+12,5.575581e+15,1.857516e+16,3.726836e+07,5.123445e+14,4.730831e+17,4.984948e+16,3.819851e+07,7.711482e+14,8.162146e+16,5.220704e+15,6.272263e+08,2.422367e+16,4.164592e+18,2.173186e+17,2.534812e+08,5.023458e+16,1.870442e+19,2.014124e+18,4.066611e+08,1.426005e+17,2.103258e+19,2.484533e+18,1,71
5.898320e+07,4.838689e+11,1.797578e+15,4.093770e+15,3.382797e+07,6.147864e+14,2.065056e+17,2.395737e+16,3.424707e+07,8.512642e+14,4.084096e+16,3.100129e+15,7.881114e+08,1.219023e+16,5.596615e+17,1.163867e+18,3.550702e+08,1.062345e+17,3.017155e+19,3.446735e+18,4.638086e+08,1.913573e+17,9.005531e+18,9.778296e+17,2,86
5.813471e+07,9.796348e+12,1.547618e+16,4.828291e+16,3.596482e+07,3.705076e+14,4.810001e+17,4.686381e+16,3.898843e+07,6.088409e+14,1.848856e+17,1.066043e+16,5.483156e+08,2.342986e+16,2.889010e+18,6.103218e+17,2.135493e+08,3.630054e+16,1.036510e+19,1.079316e+18,3.609092e+08,1.145863e+17,1.714761e+19,1.762600e+18,0,37
4.824898e+07,7.708810e+12,5.964720e+15,1.652973e+16,2.920215e+07,2.785448e+14,2.713936e+17,3.271328e+16,3.179022e+07,4.950563e+14,5.760735e+16,3.696734e+15,6.748011e+08,2.553684e+16,1.114552e+18,4.213461e+17,2.763547e+08,5.926229e+16,1.895301e+19,2.013124e+18,4.344956e+08,1.661226e+17,2.026978e+19,2.059423e+18,1,41
5.681601e+07,9.687563e+11,1.255993e+16,1.992344e+16,3.492735e+07,4.535412e+14,3.729013e+17,4.625934e+16,3.561908e+07,6.933017e+14,5.736649e+16,3.768225e+15,6.278987e+08,3.126805e+16,3.385869e+18,6.278087e+17,2.540965e+08,4.083935e+16,2.656264e+19,2.328772e+18,4.266656e+08,1.528327e+17,3.584717e+19,4.613344e+18,3,82
5.822254e+07,8.426745e+12,1.131920e+16,2.834955e+16,3.311252e+07,4.988467e+14,2.751594e+17,2.836414e+16,3.596921e+07,7.670594e+14,7.830068e+16,4.947862e+15,6.668909e+08,1.610581e+16,1.791871e+17,2.267295e+18,2.897861e+08,6.305014e+16,2.487785e+19,2.330131e+18,4.163673e+08,1.539512e+17,2.080518e+19,2.279675e+18,2,89
5.060306e+07,6.466354e+12,4.575849e+16,4.643523e+16,3.112135e+07,2.875815e+14,3.000991e+17,3.690578e+16,3.364706e+07,4.757449e+14,8.009982e+16,3.245440e+15,5.860825e+08,3.053533e+16,6.241819e+17,8.444825e+17,2.399241e+08,3.058708e+16,1.977272e+19,1.242697e+18,4.112016e+08,1.446143e+17,3.419207e+19,3.856908e+18,0,50
5.316746e+07,4.076459e+12,1.145651e+16,1.870885e+16,3.251877e+07,3.840079e+14,2.230152e+17,3.537428e+16,3.359956e+07,7.036152e+14,4.709876e+16,3.488295e+15,7.626609e+08,2.073658e+16,9.164910e+17,2.496618e+18,3.387947e+08,7.914904e+16,3.703626e+19,3.381717e+18,4.819607e+08,2.022056e+17,3.216662e+19,3.652985e+18,2,101
6.425933e+07,7.319600e+12,1.138460e+16,1.559244e+16,3.666391e+07,6.278655e+14,3.554311e+17,3.176779e+16,3.923486e+07,1.035237e+15,3.475443e+16,9.466063e+15,7.602909e+08,3.291056e+16,8.179491e+18,1.324148e+17,3.098448e+08,7.376646e+16,3.362780e+19,3.746860e+18,4.900216e+08,2.064260e+17,3.538375e+19,5.355899e+18,0,29
5.373890e+07,8.157529e+12,4.505524e+16,5.287850e+16,3.579809e+07,2.541672e+14,3.823165e+17,7.717474e+16,3.786721e+07,4.959522e+14,1.397442e+17,7.521804e+15,5.653298e+08,1.974512e+16,1.077057e+17,4.209018e+16,2.469120e+08,3.219625e+16,1.621245e+19,8.913121e+17,3.859071e+08,1.309204e+17,2.396461e+19,3.742053e+18,0,81
7.692492e+07,6.984805e+13,7.784178e+16,7.055275e+15,4.744952e+07,4.508629e+14,1.073452e+18,1.455476e+17,5.573633e+07,1.282534e+15,2.331597e+16,3.528246e+16,6.688568e+08,5.944834e+16,1.710486e+19,2.271489e+17,2.450417e+08,3.423743e+16,3.080158e+19,2.917443e+18,4.838283e+08,1.920114e+17,6.025156e+19,9.686827e+18,1,97
7.129877e+07,8.182458e+10,9.743566e+16,1.021971e+17,4.624188e+07,6.402601e+14,5.155982e+17,9.661640e+16,4.599798e+07,1.010682e+15,1.762107e+17,7.664451e+15,7.213740e+08,2.945327e+16,1.523159e+19,5.355033e+17,3.359137e+08,4.828238e+16,3.026019e+19,1.753327e+18,5.018952e+08,2.165043e+17,4.274038e+19,4.720872e+18,1,67
5.912571e+07,9.060894e+12,2.227446e+16,1.928402e+16,3.811354e+07,3.375635e+14,5.318998e+17,6.073111e+16,4.084493e+07,7.624162e+14,5.520072e+16,2.770465e+15,5.850268e+08,3.969899e+16,4.494150e+18,7.471497e+16,2.145681e+08,2.978559e+16,1.795944e+19,1.893840e+18,4.132177e+08,1.419308e+17,3.152492e+19,3.931874e+18,0,78
6.316818e+07,3.367458e+13,7.073161e+15,1.312848e+16,3.919097e+07,3.329335e+14,6.031741e+17,7.409121e+16,4.493314e+07,9.560660e+14,8.283662e+16,5.163438e+15,6.099601e+08,4.499623e+16,8.038517e+18,2.603371e+17,2.215256e+08,3.164717e+16,1.829162e+19,1.890127e+18,4.325423e+08,1.562310e+17,3.253373e+19,5.854461e+18,2,78
6.324978e+07,6.040826e+12,6.964305e+16,2.607722e+16,3.968396e+07,4.832685e+14,5.119436e+17,7.220765e+16,4.146073e+07,8.672625e+14,3.426019e+16,1.967205e+15,7.788376e+08,4.119099e+16,5.090662e+17,1.180581e+17,3.209008e+08,6.902814e+16,3.852790e+19,3.631757e+18,5.186438e+08,2.240016e+17,5.427398e+19,6.673226e+18,2,47
4.816716e+07,7.797899e+12,1.217361e+16,9.725861e+15,2.787457e+07,3.206853e+14,2.226435e+17,2.345582e+16,3.034879e+07,5.242596e+14,4.594588e+16,2.558919e+15,6.527548e+08,2.455942e+16,1.820653e+18,2.777188e+18,2.653586e+08,5.451465e+16,2.269710e+19,2.477714e+18,4.208845e+08,1.530505e+17,1.757143e+19,1.981892e+18,2,63
6.590029e+07,2.328060e+13,1.214064e+16,1.358255e+16,3.980298e+07,4.603381e+14,5.730365e+17,7.896830e+16,4.448749e+07,9.365750e+14,9.449221e+16,1.369101e+16,7.750024e+08,3.376792e+16,4.512611e+18,3.957264e+17,3.148051e+08,7.895563e+16,2.416838e+19,2.713071e+18,4.962906e+08,2.175677e+17,2.943541e+19,3.102597e+18,0,72
5.858632e+07,2.550291e+13,1.261786e+16,3.852061e+16,3.883589e+07,2.172787e+14,7.168865e+17,6.805402e+16,4.387111e+07,4.830359e+14,1.953688e+17,5.803440e+15,6.127856e+08,4.308714e+16,8.726639e+18,3.976238e+15,2.190038e+08,3.526659e+16,1.522673e+19,1.617828e+18,4.252845e+08,1.581455e+17,3.343101e+19,4.867599e+18,0,9
6.746461e+07,2.993492e+12,7.143387e+16,1.706799e+16,4.454806e+07,4.519802e+14,6.860701e+17,1.059711e+17,4.623494e+07,8.890723e+14,1.149297e+17,1.406113e+16,6.617984e+08,3.528099e+16,2.893431e+18,4.149057e+17,2.658914e+08,4.424653e+16,2.594385e+19,2.323159e+18,4.514542e+08,1.710969e+17,4.745643e+19,5.932315e+18,3,85
5.568756e+07,6.428595e+12,2.819135e+16,1.286311e+16,3.356245e+07,4.105585e+14,3.137048e+17,4.523288e+16,3.543288e+07,6.951924e+14,6.546477e+16,6.577382e+15,7.235376e+08,2.940384e+16,1.380333e+18,8.915633e+17,3.029946e+08,6.373975e+16,3.280886e+19,2.928963e+18,4.717400e+08,1.870574e+17,3.246833e+19,3.630360e+18,2,70
8.566199e+07,2.507401e+13,1.492612e+17,8.860561e+16,5.180291e+07,8.529174e+14,9.820758e+17,1.292433e+17,5.645725e+07,1.421487e+15,2.944728e+17,1.337650e+16,6.351134e+08,2.720162e+16,3.739439e+17,2.174084e+17,2.573672e+08,4.559772e+16,2.074610e+19,1.808453e+18,4.218392e+08,1.529164e+17,2.695275e+19,3.143174e+18,2,59
5.587001e+07,1.140388e+13,8.166237e+15,6.784383e+15,3.261735e+07,4.478834e+14,2.969215e+17,3.012465e+16,3.480442e+07,7.612247e+14,2.991722e+16,2.587467e+15,6.811595e+08,2.575758e+16,6.926409e+18,7.678460e+17,2.781868e+08,6.012622e+16,2.392824e+19,2.632178e+18,4.378389e+08,1.639889e+17,1.085449e+19,1.185136e+18,1,12
6.013238e+07,3.646142e+13,8.543602e+14,5.837978e+15,3.363175e+07,4.369157e+14,4.150929e+17,3.179523e+16,3.951777e+07,8.232849e+14,1.088625e+17,7.559809e+15,6.147566e+08,2.339531e+16,9.217399e+18,1.179565e+18,2.465984e+08,4.867423e+16,1.699282e+19,1.897784e+18,3.983837e+08,1.368688e+17,1.694760e+19,4.477478e+18,3,83
5.881179e+07,1.221547e+12,7.585573e+14,4.661326e+15,3.492173e+07,5.311372e+14,4.181821e+17,3.378734e+16,3.584934e+07,7.247189e+14,2.565746e+16,1.007772e+15,6.583383e+08,2.005464e+16,6.235648e+18,1.308994e+18,2.793146e+08,5.824127e+16,2.590351e+19,2.559599e+18,4.178330e+08,1.514923e+17,2.132416e+19,2.245821e+18,0,62
5.191209e+07,9.630338e+12,3.046133e+16,1.922086e+16,3.518699e+07,2.015609e+14,5.684180e+17,6.563869e+16,3.783493e+07,4.136373e+14,7.430656e+16,4.460163e+15,5.762816e+08,4.736177e+16,7.319288e+18,1.162462e+17,2.026117e+08,2.505085e+16,1.661992e+19,1.676965e+18,4.191636e+08,1.442090e+17,5.042616e+19,6.253843e+18,3,64
5.047020e+07,5.260681e+12,1.079789e+16,2.582377e+16,3.122747e+07,3.307668e+14,2.799612e+17,3.106327e+16,3.264799e+07,5.714258e+14,2.914313e+16,3.509654e+15,6.638443e+08,2.671014e+16,2.310692e+18,8.889427e+17,2.743258e+08,5.403028e+16,2.660202e+19,2.638084e+18,4.359682e+08,1.609232e+17,1.804796e+19,1.696494e+18,2,69
4.843662e+07,4.537235e+12,3.662305e+16,1.786501e+16,3.094674e+07,2.596935e+14,2.827649e+17,4.135383e+16,3.248348e+07,4.989856e+14,2.438947e+16,1.349128e+15,7.500745e+08,3.688820e+16,1.037066e+18,6.564202e+17,3.121588e+08,6.488559e+16,3.546279e+19,3.296713e+18,4.982973e+08,2.066728e+17,4.711665e+19,5.062257e+18,1,47
5.211846e+07,1.121282e+13,2.261763e+16,1.363862e+16,3.472714e+07,2.108657e+14,5.919656e+17,4.555314e+16,3.794758e+07,3.920260e+14,6.274666e+16,8.906033e+14,5.629954e+08,3.918888e+16,9.453918e+18,1.473882e+17,1.985656e+08,2.923261e+16,1.193217e+19,1.438087e+18,3.959310e+08,1.331982e+17,2.439321e+19,2.821168e+18,1,75
7.580932e+07,1.434319e+13,1.099208e+17,7.265667e+16,4.645484e+07,6.572059e+14,7.692431e+17,1.014296e+17,5.017784e+07,1.085106e+15,2.384574e+17,1.075244e+16,5.706158e+08,1.595108e+16,1.905465e+18,6.904224e+17,2.423506e+08,4.102013e+16,1.708945e+19,1.458975e+18,3.683204e+08,1.163136e+17,2.116348e+19,2.355955e+18,1,59
5.915634e+07,5.009331e+12,2.841749e+15,1.914194e+15,3.455067e+07,5.274614e+14,3.536590e+17,3.281649e+16,3.626370e+07,8.364052e+14,1.407058e+16,6.703782e+14,6.782839e+08,2.702193e+16,1.067769e+19,4.815428e+17,2.752808e+08,5.872927e+16,2.429589e+19,2.708995e+18,4.371428e+08,1.633403e+17,1.282228e+19,1.586776e+18,0,12
5.310373e+07,1.892475e+13,1.085155e+16,5.202488e+16,3.146563e+07,3.025168e+14,2.512067e+17,3.699102e+16,3.575550e+07,5.760351e+14,1.664780e+17,1.000644e+16,6.789018e+08,2.474551e+16,1.826249e+18,3.477639e+17,2.944169e+08,5.345769e+16,1.921667e+19,1.249667e+18,4.481409e+08,1.815721e+17,2.717864e+19,6.135412e+18,0,40
6.267065e+07,1.278120e+13,4.961439e+16,1.240171e+16,4.189023e+07,3.050055e+14,8.702533e+17,8.613739e+16,4.524821e+07,6.648164e+14,7.666689e+16,5.574179e+15,5.900551e+08,4.617106e+16,1.167278e+19,1.282134e+17,2.100482e+08,2.807824e+16,1.782316e+19,1.901178e+18,4.234704e+08,1.478554e+17,4.966135e+19,6.448188e+18,0,64
5.274865e+07,1.228142e+13,5.571098e+15,2.984472e+16,3.288229e+07,2.692041e+14,4.877031e+17,3.589316e+16,3.636445e+07,4.331224e+14,1.404964e+17,5.145392e+15,5.622146e+08,2.879913e+16,2.843811e+18,4.234771e+16,2.104396e+08,3.348033e+16,1.368179e+19,1.537315e+18,3.797198e+08,1.248308e+17,2.895476e+19,3.358058e+18,3,66
5.516042e+07,7.334359e+12,1.126721e+16,1.086834e+16,3.388939e+07,3.482917e+14,3.841813e+17,5.491756e+16,3.654857e+07,5.702062e+14,9.408763e+16,7.057190e+15,7.548046e+08,2.554130e+16,1.218253e+18,1.662210e+18,3.156515e+08,7.934559e+16,2.170168e+19,2.368714e+18,4.738594e+08,2.021100e+17,2.653285e+19,2.932277e+18,1,72
6.398903e+07,8.532438e+12,6.590732e+16,2.097043e+16,4.079760e+07,4.258617e+14,6.086667e+17,8.282162e+16,4.351481e+07,7.958254e+14,9.425934e+16,1.918263e+16,6.403103e+08,4.477535e+16,1.986836e+18,1.187042e+18,2.425405e+08,3.627838e+16,2.056991e+19,1.684889e+18,4.520862e+08,1.764744e+17,3.828456e+19,4.049867e+18,0,4
5.141718e+07,1.131849e+13,3.862178e+16,3.953916e+16,3.132605e+07,2.816999e+14,3.340755e+17,4.010772e+16,3.465914e+07,4.948569e+14,8.526400e+16,3.068551e+15,5.836736e+08,3.284692e+16,1.151861e+18,9.034018e+16,2.301065e+08,3.022445e+16,1.769289e+19,1.246113e+18,4.098311e+08,1.446489e+17,3.284540e+19,4.326195e+18,2,50
5.484866e+07,5.212152e+12,1.219536e+16,3.992593e+16,3.288445e+07,3.885018e+14,2.735581e+17,3.083364e+16,3.514173e+07,6.349116e+14,1.105405e+17,5.495697e+15,6.359187e+08,2.265310e+16,1.906348e+16,2.740083e+16,2.649517e+08,4.896070e+16,2.032960e+19,1.788106e+18,4.153332e+08,1.488887e+17,3.081116e+19,3.869068e+18,0,61
5.805782e+07,8.482488e+12,1.702964e+16,7.034426e+15,3.393324e+07,4.704973e+14,3.400781e+17,3.974464e+16,3.640900e+07,7.930856e+14,5.309737e+16,4.028099e+15,7.046445e+08,2.519939e+16,1.757555e+18,7.717712e+16,2.929385e+08,6.509340e+16,2.591854e+19,2.589878e+18,4.502365e+08,1.781329e+17,2.331502e+19,2.852571e+18,3,60
5.197372e+07,9.735038e+12,2.253277e+16,9.407860e+15,3.486876e+07,2.054146e+14,5.827105e+17,3.854471e+16,3.785560e+07,3.993184e+14,7.442944e+16,1.793064e+15,5.834329e+08,4.102849e+16,1.360356e+19,1.118776e+16,2.075741e+08,3.148761e+16,1.361061e+19,1.583549e+18,4.083356e+08,1.417399e+17,2.250632e+19,3.315045e+18,3,75
5.441708e+07,6.148382e+12,6.957119e+14,9.615690e+15,3.192363e+07,4.125854e+14,3.333949e+17,2.676717e+16,3.412053e+07,6.459340e+14,2.849855e+16,2.502638e+15,6.663197e+08,2.153859e+16,8.452145e+18,5.098882e+17,2.802211e+08,5.885227e+16,2.611397e+19,2.668031e+18,4.242742e+08,1.560818e+17,2.285914e+19,2.980149e+18,1,62
6.649300e+08,8.444346e+15,6.281534e+17,3.911462e+18,3.492750e+08,5.374094e+16,7.812991e+19,7.352978e+18,4.341208e+08,1.330391e+17,1.069975e+19,5.361797e+18,1.386014e+08,1.268462e+16,4.664337e+19,7.625042e+19,2.667476e+07,1.126200e+14,2.509394e+17,2.785050e+17,1.336325e+08,1.754047e+16,8.064422e+19,8.066818e+19,2,80
5.922158e+07,2.013670e+13,2.061976e+16,1.915826e+16,3.767883e+07,2.962137e+14,6.624026e+17,5.693779e+16,4.203376e+07,5.813230e+14,1.615111e+17,5.687403e+15,5.759165e+08,2.991920e+16,4.707656e+18,2.899119e+15,2.166774e+08,3.520660e+16,1.378904e+19,1.418803e+18,3.882823e+08,1.320343e+17,3.050997e+19,4.202439e+18,0,91
5.943318e+07,2.067818e+13,2.466666e+16,8.881415e+15,3.957262e+07,5.917953e+14,3.924863e+17,4.051003e+16,3.513392e+07,7.847011e+14,3.491542e+15,1.658034e+15,7.282180e+08,2.158367e+16,1.509738e+17,7.716518e+18,3.283616e+08,6.570183e+16,4.659025e+19,4.205994e+18,4.724157e+08,1.870829e+17,3.196044e+19,4.341478e+18,1,95
5.592188e+07,2.927983e+12,1.716087e+16,2.280794e+16,3.471616e+07,4.866489e+14,2.996340e+17,4.081988e+16,3.402213e+07,6.893790e+14,4.845358e+16,3.898850e+15,7.123788e+08,2.567224e+16,2.659277e+18,2.473699e+18,3.093032e+08,6.211958e+16,3.787914e+19,3.263559e+18,4.654828e+08,1.794870e+17,4.123419e+19,4.214921e+18,1,103
6.409907e+07,2.859014e+12,1.079840e+16,6.251788e+16,3.832115e+07,5.855192e+14,3.828205e+17,4.945332e+16,3.995797e+07,8.033518e+14,2.083495e+17,1.368065e+16,6.637455e+08,1.956124e+16,1.218467e+17,5.427154e+17,2.810910e+08,5.988481e+16,1.858965e+19,1.755055e+18,4.191010e+08,1.579207e+17,2.045495e+19,2.219432e+18,0,68
5.572663e+07,3.135728e+12,4.852652e+15,1.779327e+16,3.357792e+07,4.191459e+14,3.084732e+17,3.747194e+16,3.525490e+07,7.136594e+14,7.122188e+16,4.305355e+15,7.371178e+08,2.486662e+16,4.138387e+17,1.139690e+18,3.122836e+08,7.256262e+16,2.864424e+19,2.789750e+18,4.677756e+08,1.925709e+17,3.079466e+19,3.363378e+18,2,104
5.709653e+07,1.018197e+13,5.726915e+14,2.459362e+16,3.351364e+07,4.260924e+14,4.064103e+17,4.124853e+16,3.645730e+07,6.879158e+14,8.955151e+16,7.099264e+15,6.588700e+08,3.084438e+16,5.463806e+18,2.318875e+17,2.611415e+08,5.091049e+16,2.328616e+19,2.448590e+18,4.340912e+08,1.614313e+17,3.559186e+19,4.320217e+18,2,52
5.105392e+07,1.078832e+13,1.166034e+16,3.015626e+16,2.924232e+07,3.448464e+14,2.037572e+17,2.149523e+16,3.251531e+07,5.984544e+14,7.263041e+16,5.111681e+15,6.658114e+08,1.670771e+16,2.662199e+17,1.245688e+18,2.892317e+08,6.162779e+16,2.438341e+19,2.223477e+18,4.179064e+08,1.553689e+17,1.913885e+19,2.023194e+18,3,89
6.112777e+07,1.847526e+13,5.331633e+16,1.557374e+16,3.714187e+07,4.036875e+14,4.045047e+17,7.368352e+16,4.104752e+07,9.451558e+14,4.771721e+16,5.228179e+16,7.832630e+08,6.028030e+16,1.373431e+19,1.769987e+17,3.005246e+08,6.005509e+16,3.779597e+19,4.063442e+18,5.400275e+08,2.415663e+17,5.886170e+19,7.451459e+18,0,30
5.480144e+07,1.040465e+13,1.500479e+15,1.654725e+16,3.241732e+07,3.721947e+14,3.128357e+17,3.721810e+16,3.551675e+07,7.097164e+14,7.544581e+16,4.847017e+15,7.289684e+08,2.458406e+16,1.735191e+18,3.358744e+16,3.076741e+08,7.113496e+16,2.747043e+19,2.683124e+18,4.623778e+08,1.881811e+17,3.221515e+19,4.347743e+18,3,104
5.196116e+07,4.990296e+12,8.802921e+15,5.316445e+15,3.215649e+07,3.205250e+14,3.312081e+17,4.494318e+16,3.405962e+07,5.952714e+14,5.096132e+16,4.884284e+15,6.765776e+08,2.900919e+16,5.475821e+18,1.771859e+16,2.747500e+08,5.414318e+16,2.557688e+19,2.542601e+18,4.439635e+08,1.707431e+17,2.656556e+19,4.143414e+18,0,45
5.777186e+07,6.543700e+12,3.185270e+16,1.864806e+16,3.466716e+07,4.501162e+14,3.189664e+17,4.596522e+16,3.663483e+07,7.639768e+14,7.287407e+16,6.461925e+15,6.667874e+08,1.129374e+16,1.068675e+19,6.766491e+17,3.074093e+08,6.607466e+16,3.362495e+19,2.883875e+18,4.108102e+08,1.368228e+17,3.077179e+19,3.530615e+18,1,70
5.403181e+07,3.372735e+12,2.985049e+16,1.212955e+16,3.525741e+07,2.945285e+14,4.290151e+17,5.966835e+16,3.708436e+07,5.592300e+14,4.105890e+16,3.038166e+15,7.742922e+08,2.985165e+16,1.015644e+19,2.835650e+17,3.292639e+08,7.522291e+16,3.995350e+19,3.699521e+18,5.005815e+08,2.126766e+17,6.400986e+19,1.128604e+19,1,99
5.908974e+07,3.899668e+12,2.013033e+16,2.262188e+16,3.698414e+07,4.092949e+14,3.322425e+17,5.553051e+16,3.888948e+07,8.420792e+14,6.678111e+16,4.464922e+15,8.346602e+08,3.834123e+16,4.034651e+18,8.265852e+16,3.569443e+08,8.018307e+16,5.230858e+19,4.264685e+18,5.517599e+08,2.519328e+17,9.280848e+19,1.510688e+19,2,98
5.838294e+07,5.952894e+12,2.984875e+16,4.022811e+16,3.832479e+07,3.144627e+14,4.991419e+17,7.333629e+16,4.066658e+07,6.095373e+14,1.432938e+17,5.073204e+15,6.542121e+08,4.469222e+16,5.497366e+18,3.920005e+17,2.513280e+08,3.906539e+16,1.987153e+19,1.544840e+18,4.566743e+08,1.802100e+17,3.810499e+19,7.961746e+18,0,19
4.914347e+07,3.163538e+12,1.766461e+16,1.058180e+16,3.009195e+07,3.127715e+14,2.999663e+17,3.433592e+16,3.158258e+07,5.173482e+14,2.173296e+16,1.149068e+15,6.373817e+08,2.602958e+16,1.445801e+18,3.103205e+18,2.589606e+08,4.868939e+16,2.372726e+19,2.383740e+18,4.182365e+08,1.501939e+17,1.851436e+19,2.038819e+18,3,69
8.307476e+07,2.514800e+13,3.800908e+16,5.492560e+16,5.420891e+07,5.705211e+14,1.362886e+18,1.399255e+17,5.922122e+07,1.393593e+15,1.216764e+17,6.865123e+15,6.428971e+08,3.514490e+16,1.995587e+18,3.327061e+18,2.466725e+08,4.445698e+16,2.187313e+19,2.344946e+18,4.321218e+08,1.611431e+17,2.881073e+19,3.487195e+18,0,24
6.147271e+07,7.069294e+12,2.732298e+16,1.649872e+16,3.723205e+07,5.086396e+14,4.016499e+17,5.763216e+16,3.896527e+07,8.468028e+14,8.851595e+16,8.938950e+15,6.551156e+08,1.061468e+16,1.347927e+19,1.091050e+17,3.012963e+08,6.382563e+16,3.246315e+19,2.985119e+18,4.042551e+08,1.318788e+17,3.022312e+19,3.290170e+18,3,70
5.599366e+07,4.662099e+12,1.290522e+15,7.601708e+15,3.194361e+07,4.898313e+14,2.575356e+17,2.720583e+16,3.390942e+07,7.384271e+14,6.063915e+16,3.617114e+15,7.120949e+08,2.210142e+16,5.185619e+17,5.906232e+17,3.000769e+08,7.127661e+16,2.574932e+19,2.911652e+18,4.458214e+08,1.749201e+17,2.431182e+19,2.553193e+18,2,100
5.314581e+07,2.861911e+12,1.829542e+16,1.436651e+16,3.306702e+07,4.383860e+14,2.818520e+17,3.842060e+16,3.246568e+07,6.169253e+14,3.646729e+16,2.737742e+15,6.922901e+08,2.286254e+16,1.953403e+18,4.252624e+18,3.015223e+08,5.998583e+16,3.602207e+19,3.215085e+18,4.497783e+08,1.663181e+17,4.086469e+19,4.786501e+18,3,103
5.743204e+07,5.992146e+12,4.554534e+16,1.296380e+16,3.727031e+07,3.146066e+14,4.662149e+17,6.667452e+16,3.970772e+07,7.200266e+14,3.707835e+16,3.275196e+15,6.173161e+08,3.117561e+16,4.871245e+17,1.932119e+18,2.428044e+08,4.074361e+16,2.139424e+19,2.168054e+18,4.159333e+08,1.468529e+17,2.281182e+19,2.444525e+18,0,93
5.718258e+07,2.602902e+12,9.429257e+15,1.449598e+16,3.562030e+07,4.416976e+14,4.576212e+17,4.780927e+16,3.632443e+07,6.782232e+14,6.257343e+16,3.703132e+15,6.210215e+08,2.417500e+16,2.499159e+18,1.158214e+18,2.511791e+08,4.832390e+16,2.008106e+19,2.146876e+18,4.038535e+08,1.400520e+17,2.233692e+19,2.285017e+18,3,71
6.349115e+07,1.686779e+13,1.683221e+15,3.837501e+16,3.772689e+07,4.829152e+14,6.054749e+17,4.632905e+16,4.152193e+07,7.906556e+14,1.301503e+17,1.106555e+16,5.185115e+08,2.056188e+16,4.044296e+18,1.085246e+18,2.005977e+08,3.139696e+16,1.154371e+19,1.293047e+18,3.418776e+08,1.012097e+17,1.278784e+19,1.367504e+18,3,53
5.930637e+07,1.652419e+13,3.519073e+16,4.255808e+16,3.834584e+07,3.043559e+14,5.322046e+17,5.574573e+16,4.202966e+07,5.714215e+14,2.729847e+17,1.101960e+16,5.656257e+08,3.196194e+16,2.840964e+18,1.195437e+18,2.092217e+08,3.210985e+16,8.830938e+18,8.105484e+17,3.872854e+08,1.355062e+17,1.836218e+19,4.750055e+18,3,54
5.770189e+07,6.406762e+12,2.833935e+15,5.041687e+15,3.295340e+07,5.018064e+14,2.864096e+17,3.037827e+16,3.533526e+07,8.019721e+14,6.338964e+16,3.724073e+15,7.149617e+08,1.982649e+16,4.088121e+17,9.243247e+17,3.056305e+08,7.333785e+16,2.787511e+19,3.125163e+18,4.446667e+08,1.733191e+17,2.532821e+19,2.731615e+18,3,100
5.294235e+07,1.275502e+13,1.064238e+16,1.120803e+16,3.219994e+07,3.001455e+14,4.170714e+17,3.319493e+16,3.563207e+07,5.112962e+14,1.256051e+17,3.970739e+15,5.881066e+08,2.909198e+16,4.521816e+18,3.138178e+17,2.255776e+08,3.830703e+16,1.543899e+19,1.553243e+18,3.925967e+08,1.342436e+17,3.101716e+19,5.191334e+18,0,77
5.516212e+07,1.165468e+13,1.322899e+15,1.055216e+16,3.247776e+07,3.858958e+14,3.224923e+17,3.975440e+16,3.552784e+07,6.895784e+14,9.233264e+16,6.001462e+15,6.225905e+08,2.912397e+16,1.833581e+18,1.188265e+18,2.439931e+08,4.475535e+16,1.899273e+19,2.147937e+18,4.116256e+08,1.449069e+17,1.869623e+19,1.960413e+18,2,48
4.726713e+07,2.772659e+12,5.687435e+15,2.898420e+15,2.665899e+07,3.628290e+14,1.702327e+17,1.743607e+16,2.832201e+07,5.110272e+14,4.528321e+16,3.325614e+15,7.080701e+08,1.979380e+16,3.352641e+18,1.085992e+18,2.992470e+08,7.356996e+16,2.588429e+19,3.059763e+18,4.377217e+08,1.673261e+17,1.768140e+19,1.829770e+18,3,74
5.043561e+07,5.522972e+12,1.038761e+16,1.794802e+16,3.068335e+07,3.234687e+14,3.148406e+17,3.680643e+16,3.254567e+07,5.207256e+14,6.540378e+16,4.181580e+15,6.348283e+08,2.380958e+16,1.682245e+17,1.162088e+18,2.572880e+08,5.147914e+16,1.743938e+19,1.877030e+18,4.093179e+08,1.479868e+17,2.086416e+19,2.219934e+18,0,41
5.278468e+07,3.185512e+12,1.130540e+16,3.151343e+15,3.137029e+07,3.867379e+14,3.771336e+17,4.142882e+16,3.314865e+07,5.664146e+14,3.148046e+16,2.288425e+15,6.886432e+08,2.943871e+16,4.775373e+18,9.997835e+17,2.756857e+08,5.865320e+16,2.672649e+19,3.084090e+18,4.469067e+08,1.708719e+17,3.216589e+19,3.350521e+18,3,84
6.017489e+07,2.416708e+12,4.973116e+16,3.527315e+16,3.828443e+07,4.465649e+14,4.555192e+17,6.480892e+16,3.912033e+07,7.076114e+14,7.507915e+16,4.308319e+15,6.734715e+08,2.191483e+16,8.012783e+17,8.219002e+17,2.927992e+08,5.652039e+16,2.221333e+19,1.838137e+18,4.382514e+08,1.675039e+17,2.846036e+19,2.975380e+18,0,7
5.747004e+07,4.823930e+12,2.526068e+16,1.281911e+16,3.669991e+07,3.735290e+14,5.369426e+17,5.974094e+16,3.835223e+07,6.782299e+14,1.009814e+16,9.132152e+14,6.689784e+08,3.678982e+16,1.746700e+18,1.773435e+18,2.698274e+08,4.572711e+16,3.091143e+19,3.045245e+18,4.573293e+08,1.712676e+17,4.335573e+19,4.343010e+18,2,65
5.422380e+07,4.604742e+12,1.561843e+16,8.566791e+15,3.389403e+07,3.433891e+14,4.244015e+17,3.902640e+16,3.569631e+07,4.944956e+14,1.229499e+17,7.309633e+15,6.239706e+08,2.483796e+16,2.264189e+18,4.381921e+17,2.464724e+08,4.876555e+16,1.668827e+19,1.865283e+18,4.033699e+08,1.444138e+17,1.941399e+19,2.083785e+18,0,5
5.353751e+07,9.248796e+11,1.264251e+16,7.948879e+14,3.235551e+07,4.847150e+14,2.850884e+17,2.918559e+16,3.163387e+07,6.304291e+14,1.828491e+16,3.013832e+15,8.152769e+08,2.711651e+16,4.665075e+18,2.237418e+18,3.495945e+08,9.442984e+16,4.639316e+19,5.004409e+18,5.111175e+08,2.218398e+17,2.535769e+19,2.519721e+18,2,49
