1.261328e+07,1.187112e+13,2.533700e+18,6.757222e+07,4.645923e+14,6.994603e+19,8.011835e+07,1.520040e+15,2.447590e+20,8.613946e+07,1.471136e+15,3.741725e+20,0,57
1.079995e+07,1.169017e+13,2.732749e+18,7.309025e+07,4.615656e+14,8.664158e+19,8.527042e+07,1.664728e+15,3.354855e+20,7.898540e+07,1.348030e+15,4.432235e+20,0,58
1.472720e+07,2.100605e+13,5.728095e+18,4.996200e+07,3.772988e+14,9.954697e+19,8.193213e+07,1.489706e+15,3.615358e+20,6.807624e+07,9.593058e+14,2.631262e+20,0,78
1.800689e+07,2.572106e+13,7.368819e+18,5.726492e+07,4.514866e+14,1.049794e+20,8.820237e+07,1.861780e+15,5.097666e+20,5.293307e+07,5.009514e+14,1.083891e+20,2,51
1.499833e+07,2.095953e+13,5.818906e+18,4.080104e+07,2.939371e+14,8.341794e+19,8.453941e+07,1.556287e+15,3.767069e+20,7.200433e+07,1.074930e+15,3.090822e+20,2,78
2.236120e+07,5.341974e+13,1.449766e+19,3.973475e+07,3.572142e+14,1.096948e+20,9.252919e+07,2.081739e+15,6.790377e+20,6.298564e+07,6.648558e+14,2.372882e+20,2,55
5.340676e+06,4.345783e+12,8.167163e+17,3.720491e+07,2.014389e+14,5.126542e+19,7.228847e+07,1.280933e+15,2.694826e+20,4.764573e+07,4.399890e+14,8.254056e+19,1,54
1.657302e+07,2.696554e+13,7.500990e+18,3.846476e+07,3.056436e+14,8.674210e+19,7.296931e+07,1.264725e+15,3.541518e+20,6.045766e+07,6.930851e+14,1.506060e+20,0,33
1.040744e+07,1.496190e+13,3.348004e+18,4.802883e+07,3.292777e+14,7.241396e+19,1.009880e+08,2.363354e+15,4.716790e+20,8.738067e+07,1.403769e+15,4.220987e+20,1,45
6.799432e+06,6.325725e+12,1.474116e+18,9.750133e+07,9.366649e+14,2.164213e+20,7.261610e+07,1.214189e+15,2.724405e+20,6.394738e+07,8.855628e+14,2.037408e+20,0,75
2.648939e+07,6.490543e+13,1.763296e+19,3.678518e+07,3.102665e+14,7.553291e+19,1.185885e+08,3.500037e+15,6.936385e+20,7.772259e+07,9.648650e+14,2.822860e+20,0,79
2.188678e+07,4.770424e+13,1.217600e+19,3.645184e+07,2.968489e+14,8.219628e+19,9.025427e+07,1.980416e+15,5.856028e+20,6.091466e+07,6.285025e+14,2.333391e+20,0,55
5.868059e+06,6.149291e+12,1.255537e+18,7.519600e+07,5.153007e+14,7.457024e+19,8.877254e+07,1.856628e+15,3.598246e+20,8.790074e+07,1.660646e+15,4.401545e+20,2,102
1.377860e+07,1.187177e+13,2.353897e+18,3.844379e+07,2.102260e+14,3.516649e+19,9.275346e+07,1.959592e+15,2.856301e+20,8.028343e+07,1.354905e+15,3.661210e+20,0,83
9.795865e+06,9.457916e+12,1.775224e+18,4.498844e+07,2.638903e+14,4.362054e+19,1.104356e+08,2.770833e+15,4.383358e+20,9.300164e+07,1.754001e+15,6.047224e+20,0,63
1.705853e+07,3.204068e+13,7.888045e+18,3.695646e+07,2.765053e+14,7.466003e+19,9.202661e+07,1.911632e+15,4.874018e+20,7.573130e+07,1.131498e+15,2.779855e+20,0,87
1.259224e+07,2.076193e+13,4.943668e+18,4.495393e+07,4.355927e+14,1.027035e+20,9.889161e+07,2.325107e+15,5.387746e+20,7.107243e+07,7.976186e+14,1.994321e+20,3,72
1.207080e+07,1.736902e+13,5.340099e+18,1.132043e+08,1.205762e+15,2.843927e+20,7.300875e+07,1.249955e+15,3.383517e+20,6.413620e+07,8.245568e+14,2.212289e+20,2,64
1.916220e+07,3.671159e+13,1.163719e+19,1.048864e+08,1.333747e+15,2.980930e+20,9.015488e+07,1.989767e+15,6.294456e+20,6.217562e+07,6.446959e+14,1.841861e+20,1,35
1.244884e+07,1.365906e+13,2.774526e+18,2.759187e+07,1.491285e+14,2.547648e+19,9.080619e+07,1.887211e+15,2.712071e+20,8.536021e+07,1.320317e+15,4.643324e+20,2,62
1.948527e+07,3.116450e+13,7.685125e+18,2.816847e+07,1.717280e+14,2.969404e+19,9.655420e+07,2.206212e+15,4.151553e+20,9.285669e+07,1.689646e+15,5.202510e+20,0,43
1.108639e+07,1.440591e+13,3.339263e+18,4.930136e+07,3.815190e+14,8.249671e+19,1.078545e+08,2.759362e+15,6.017465e+20,7.003929e+07,8.593361e+14,2.533548e+20,1,25
1.599501e+07,1.750317e+13,4.169821e+18,5.620391e+07,4.259039e+14,7.182326e+19,7.947090e+07,1.513808e+15,2.626599e+20,8.369206e+07,1.395568e+15,3.488708e+20,2,57
1.100885e+07,1.229114e+13,2.804333e+18,3.908883e+07,2.662017e+14,5.656380e+19,8.989539e+07,1.853922e+15,4.108614e+20,4.442075e+07,3.826589e+14,7.567593e+19,1,37
2.345450e+07,5.852872e+13,2.055839e+19,7.257029e+07,8.204174e+14,1.871449e+20,1.085530e+08,2.908966e+15,7.998208e+20,7.048125e+07,6.622536e+14,1.748388e+20,1,99
1.750996e+07,1.958457e+13,4.936222e+18,7.249089e+07,4.113379e+14,9.064048e+19,8.857608e+07,1.758961e+15,3.651450e+20,7.176186e+07,1.058371e+15,3.076725e+20,2,66
7.755150e+06,6.657041e+12,1.234386e+18,3.376381e+07,1.648500e+14,3.507443e+19,9.458866e+07,2.029407e+15,3.278292e+20,7.656911e+07,1.059724e+15,2.385914e+20,0,8
1.643590e+07,2.284383e+13,6.359570e+18,3.476930e+07,2.919173e+14,5.775080e+19,9.921179e+07,2.363134e+15,3.331280e+20,6.553712e+07,5.732767e+14,1.364762e+20,3,68
3.563876e+06,2.753943e+12,5.315407e+17,4.210654e+07,1.730935e+14,4.081390e+19,8.426464e+07,1.481020e+15,2.885581e+20,7.095231e+07,1.043310e+15,2.117247e+20,0,91
2.188638e+07,6.759138e+13,2.252722e+19,3.617276e+07,3.247957e+14,1.006751e+20,7.907765e+07,1.510408e+15,4.067297e+20,7.311915e+07,9.422155e+14,3.663217e+20,1,80
1.045322e+07,1.376905e+13,3.211806e+18,5.925821e+07,4.159798e+14,7.489182e+19,9.824462e+07,2.178289e+15,5.063028e+20,7.940372e+07,1.338623e+15,4.308399e+20,3,48
2.593854e+07,4.507484e+13,1.430313e+19,3.947103e+07,2.877989e+14,7.272248e+19,9.184729e+07,1.964611e+15,4.698876e+20,7.670872e+07,1.221660e+15,3.032596e+20,1,59
1.464420e+07,2.097423e+13,5.905616e+18,7.292738e+07,5.096620e+14,1.175241e+20,6.986499e+07,1.085030e+15,2.919047e+20,5.507629e+07,6.234995e+14,1.495823e+20,3,64
1.115391e+07,1.315813e+13,2.513516e+18,8.671297e+07,8.102600e+14,1.006383e+20,9.716482e+07,2.296115e+15,3.368358e+20,9.073015e+07,1.609528e+15,4.904186e+20,1,74
2.194986e+07,4.633061e+13,1.016870e+19,4.265672e+07,4.100874e+14,1.217072e+20,1.024639e+08,2.542968e+15,8.047187e+20,7.616628e+07,1.021025e+15,3.000783e+20,2,47
1.543072e+07,3.393884e+13,7.362363e+18,3.452235e+07,2.967546e+14,8.631027e+19,8.785944e+07,1.812895e+15,4.567073e+20,8.240522e+07,1.114170e+15,5.569757e+20,0,13
2.126044e+07,4.674779e+13,1.341218e+19,8.249699e+07,8.740450e+14,1.535842e+20,8.093620e+07,1.550469e+15,3.572521e+20,8.267820e+07,1.233092e+15,3.915067e+20,2,56
6.175847e+06,5.462407e+12,1.048220e+18,3.879606e+07,2.080967e+14,4.389698e+19,8.991143e+07,1.814666e+15,3.641127e+20,6.045890e+07,7.536140e+14,1.547291e+20,0,37
1.695395e+07,2.987088e+13,6.282946e+18,3.460481e+07,2.697959e+14,5.397670e+19,1.015712e+08,2.435435e+15,5.014211e+20,8.957780e+07,1.472280e+15,5.691911e+20,0,18
1.940542e+07,3.339104e+13,9.606071e+18,3.477668e+07,2.656966e+14,7.138983e+19,1.040133e+08,2.542820e+15,6.800705e+20,6.146559e+07,6.368142e+14,2.219870e+20,0,85
2.377831e+07,5.670880e+13,1.785415e+19,3.562804e+07,2.900910e+14,8.722220e+19,6.215000e+07,9.531171e+14,2.796058e+20,4.259984e+07,3.037314e+14,8.107820e+19,3,81
1.238640e+07,1.220549e+13,2.575993e+18,3.961741e+07,2.634070e+14,4.845757e+19,9.837108e+07,2.264156e+15,4.735048e+20,7.274146e+07,1.032751e+15,2.339445e+20,0,71
3.894119e+06,2.920858e+12,5.568471e+17,3.233190e+07,1.422122e+14,3.165345e+19,7.991813e+07,1.500311e+15,2.851873e+20,5.223370e+07,5.489508e+14,8.896801e+19,2,54
1.271116e+07,1.442766e+13,3.161716e+18,5.713297e+07,3.710093e+14,6.682356e+19,9.757399e+07,2.202405e+15,3.642256e+20,9.159684e+07,1.530852e+15,4.953732e+20,0,0
1.988350e+07,3.735752e+13,1.118887e+19,4.679421e+07,4.355228e+14,1.277488e+20,9.566674e+07,2.178645e+15,6.361766e+20,6.151907e+07,6.243520e+14,2.276894e+20,3,85
1.327661e+07,2.096935e+13,5.670167e+18,8.975834e+07,8.844104e+14,1.992785e+20,8.246124e+07,1.616947e+15,4.290077e+20,6.951523e+07,8.935881e+14,2.149430e+20,0,10
2.136761e+07,5.914225e+13,1.931996e+19,3.468691e+07,2.958456e+14,8.134290e+19,8.014129e+07,1.561998e+15,4.048642e+20,7.648500e+07,1.063152e+15,4.072363e+20,0,80
8.674999e+06,9.581231e+12,2.054933e+18,6.669595e+07,4.484922e+14,9.003149e+19,9.116501e+07,1.914264e+15,3.848774e+20,7.382882e+07,1.031933e+15,2.328440e+20,0,92
2.019891e+07,3.610298e+13,9.901185e+18,3.105536e+07,2.288338e+14,4.392708e+19,8.368262e+07,1.744124e+15,3.062215e+20,7.493596e+07,9.583124e+14,2.492179e+20,1,89
1.790734e+07,3.078077e+13,7.599011e+18,2.812207e+07,1.699201e+14,3.447058e+19,8.995309e+07,1.900854e+15,4.166973e+20,7.268828e+07,9.715619e+14,3.338246e+20,1,82
1.503557e+07,2.746698e+13,6.651102e+18,2.803158e+07,1.975023e+14,4.057297e+19,8.952255e+07,1.917363e+15,3.934024e+20,7.786834e+07,1.018501e+15,4.001479e+20,2,90
1.911349e+07,3.602708e+13,7.657037e+18,3.873483e+07,3.359913e+14,9.436944e+19,9.385500e+07,2.140255e+15,6.029070e+20,7.808739e+07,1.050934e+15,3.127111e+20,3,47
1.347737e+07,1.570728e+13,3.284152e+18,2.742420e+07,1.532965e+14,2.899813e+19,9.021347e+07,1.898019e+15,2.804796e+20,8.787669e+07,1.393919e+15,4.682002e+20,1,62
8.738776e+06,8.892375e+12,1.945525e+18,7.626638e+07,4.666891e+14,8.402831e+19,8.278423e+07,1.568649e+15,3.203371e+20,7.275092e+07,1.131073e+15,3.827116e+20,3,58
1.862144e+07,3.394996e+13,8.768948e+18,2.717139e+07,1.605506e+14,3.165981e+19,9.182919e+07,1.990657e+15,4.284303e+20,7.264056e+07,9.759639e+14,3.233791e+20,0,82
9.703499e+06,1.200853e+13,2.528464e+18,3.851289e+07,2.754923e+14,5.749104e+19,1.010718e+08,2.407167e+15,3.860132e+20,7.578030e+07,1.034222e+15,2.796835e+20,1,41
1.818499e+07,2.727945e+13,6.769097e+18,3.281917e+07,2.128648e+14,3.849024e+19,9.823342e+07,2.272490e+15,4.086250e+20,9.643625e+07,1.803515e+15,6.068336e+20,1,43
2.197223e+07,4.375653e+13,1.084967e+19,3.633098e+07,2.742445e+14,6.443671e+19,1.240199e+08,3.674518e+15,6.526842e+20,8.801677e+07,1.390828e+15,4.573163e+20,1,79
1.348696e+07,2.368774e+13,4.729435e+18,8.170085e+07,7.924250e+14,1.233718e+20,9.869995e+07,2.321763e+15,3.780789e+20,1.058738e+08,1.999993e+15,5.747821e+20,1,49
1.059316e+07,1.150332e+13,2.490452e+18,4.394104e+07,3.265046e+14,6.481443e+19,1.003361e+08,2.332465e+15,5.342119e+20,6.845997e+07,9.452054e+14,2.412161e+20,1,71
1.311996e+07,2.189851e+13,4.323794e+18,9.311314e+07,9.432747e+14,1.429007e+20,9.454427e+07,2.136418e+15,3.611387e+20,1.081520e+08,2.185922e+15,6.099098e+20,0,49
2.242991e+07,4.312215e+13,1.495339e+19,3.346991e+07,2.706187e+14,5.276795e+19,9.597990e+07,2.191051e+15,3.784012e+20,6.282897e+07,5.765999e+14,1.230402e+20,1,68
2.009752e+07,3.919320e+13,9.347285e+18,3.623795e+07,2.827081e+14,6.935860e+19,1.151397e+08,3.158303e+15,6.270951e+20,9.062025e+07,1.432586e+15,5.086337e+20,2,79
1.485242e+07,2.665677e+13,6.371102e+18,2.971246e+07,2.135660e+14,4.237914e+19,9.113433e+07,1.964842e+15,3.774296e+20,7.600814e+07,9.629932e+14,3.811144e+20,0,90
2.093471e+07,4.467676e+13,1.135580e+19,3.911680e+07,3.383323e+14,9.034496e+19,9.864028e+07,2.370222e+15,6.220871e+20,9.680693e+07,1.876062e+15,5.071126e+20,3,70
8.275381e+06,7.727204e+12,1.574928e+18,4.090813e+07,2.283537e+14,4.243394e+19,9.923703e+07,2.214242e+15,4.201254e+20,7.588186e+07,1.049055e+15,3.116169e+20,0,96
1.143816e+07,1.362268e+13,3.159047e+18,8.903845e+07,8.035429e+14,1.194149e+20,8.994491e+07,1.934574e+15,3.646243e+20,8.979436e+07,1.446777e+15,4.296044e+20,1,0
1.062467e+07,1.607855e+13,3.011631e+18,4.117833e+07,4.009288e+14,6.897508e+19,1.246918e+08,3.637964e+15,6.055959e+20,9.975348e+07,1.699252e+15,6.563923e+20,3,86
9.008140e+06,1.048828e+13,2.038131e+18,3.719064e+07,2.563146e+14,5.286007e+19,9.276284e+07,2.027641e+15,3.346430e+20,7.472357e+07,1.008379e+15,2.789604e+20,0,41
1.029358e+07,1.141704e+13,2.472891e+18,6.368233e+07,4.265896e+14,9.201173e+19,8.893745e+07,1.822399e+15,3.896870e+20,7.206544e+07,1.001467e+15,2.232451e+20,3,92
1.348656e+07,1.819561e+13,4.000698e+18,4.151285e+07,4.303242e+14,7.754244e+19,9.304801e+07,2.101771e+15,4.077671e+20,7.288443e+07,8.314591e+14,3.286695e+20,0,15
1.298594e+07,1.794890e+13,5.202780e+18,9.202805e+07,7.754311e+14,1.662180e+20,6.833892e+07,1.087832e+15,2.767328e+20,6.025134e+07,7.051616e+14,1.776477e+20,1,64
1.445551e+07,2.280580e+13,7.027119e+18,8.114585e+07,6.663633e+14,1.972538e+20,9.160531e+07,1.909311e+15,5.770427e+20,7.652630e+07,1.091746e+15,2.677292e+20,0,24
1.663022e+07,2.577259e+13,7.457551e+18,4.651680e+07,3.622472e+14,9.018083e+19,7.928966e+07,1.435817e+15,3.539775e+20,6.924368e+07,9.622323e+14,3.087084e+20,1,78
2.866732e+07,9.364813e+13,3.706215e+19,4.296391e+07,4.601630e+14,1.193239e+20,8.054714e+07,1.497998e+15,4.918697e+20,5.137418e+07,4.250561e+14,1.518782e+20,3,76
5.979683e+06,6.017372e+12,1.175542e+18,6.358413e+07,3.753398e+14,6.140901e+19,9.177943e+07,1.907940e+15,3.588922e+20,9.154609e+07,1.746439e+15,5.576337e+20,1,102
8.456870e+06,9.005754e+12,2.001298e+18,8.232823e+07,5.552748e+14,9.478362e+19,8.232206e+07,1.577317e+15,3.134954e+20,7.103145e+07,1.037478e+15,3.279129e+20,1,58
1.724798e+07,2.388431e+13,5.879329e+18,3.667041e+07,2.770742e+14,5.703723e+19,1.021728e+08,2.522641e+15,5.201110e+20,8.477067e+07,1.203100e+15,3.128603e+20,1,104
2.420515e+07,5.158014e+13,1.887528e+19,3.125779e+07,2.200215e+14,4.396102e+19,9.231647e+07,2.079808e+15,4.025784e+20,6.931352e+07,8.917668e+14,2.398122e+20,0,61
7.732652e+06,9.069416e+12,2.388575e+18,8.074861e+07,6.101640e+14,1.375605e+20,7.676259e+07,1.363207e+15,3.447878e+20,6.094411e+07,7.260486e+14,1.543039e+20,1,94
2.168418e+07,4.881767e+13,1.305199e+19,4.060104e+07,3.578581e+14,8.876526e+19,9.910996e+07,2.366509e+15,5.659501e+20,9.966461e+07,1.998908e+15,5.194811e+20,1,70
2.086571e+07,4.055383e+13,1.234856e+19,7.332742e+07,7.419131e+14,1.584992e+20,1.112554e+08,3.016326e+15,7.364080e+20,7.286066e+07,7.126048e+14,1.820832e+20,0,99
2.020762e+07,3.917793e+13,8.435441e+18,4.299523e+07,4.014701e+14,1.112769e+20,9.852174e+07,2.361898e+15,7.190836e+20,7.311829e+07,9.085153e+14,2.613422e+20,1,47
6.661396e+06,4.805761e+12,8.462313e+17,4.214616e+07,1.574022e+14,2.783402e+19,7.790354e+07,1.255093e+15,2.213131e+20,8.367315e+07,1.591638e+15,4.893513e+20,2,53
1.213894e+07,1.145522e+13,2.512873e+18,4.606623e+07,2.292568e+14,5.912888e+19,7.881085e+07,1.329541e+15,3.124581e+20,6.295127e+07,7.999119e+14,1.937806e+20,0,38
2.462070e+07,5.442975e+13,1.916940e+19,3.350232e+07,2.504854e+14,5.977172e+19,7.341422e+07,1.307093e+15,2.752313e+20,5.256497e+07,4.948431e+14,1.166877e+20,0,50
1.821339e+07,4.111362e+13,9.530346e+18,9.019493e+07,1.087461e+15,2.473805e+20,1.042914e+08,2.567402e+15,8.152415e+20,8.456148e+07,1.377349e+15,5.559314e+20,0,30
1.714556e+07,2.454556e+13,5.596918e+18,3.154860e+07,2.265471e+14,4.806670e+19,9.611495e+07,2.256611e+15,4.078718e+20,8.017735e+07,1.127299e+15,2.875553e+20,3,60
1.417509e+07,1.877403e+13,4.321736e+18,5.880380e+07,5.544118e+14,7.427483e+19,9.953221e+07,2.395912e+15,3.890613e+20,8.968673e+07,1.331661e+15,4.877420e+20,2,100
2.068690e+07,4.761777e+13,1.330239e+19,3.342671e+07,2.685357e+14,5.641670e+19,9.892950e+07,2.383864e+15,5.462385e+20,7.498859e+07,9.426441e+14,3.321557e+20,0,103
1.593699e+07,1.978288e+13,5.291886e+18,8.062296e+07,6.111835e+14,1.218287e+20,7.879927e+07,1.517397e+15,3.459373e+20,5.948498e+07,6.685789e+14,1.328271e+20,1,51
2.181245e+07,4.815780e+13,1.435937e+19,8.980173e+07,9.576152e+14,1.911272e+20,7.630196e+07,1.414075e+15,3.454531e+20,8.812925e+07,1.465839e+15,4.709893e+20,0,56
1.989258e+07,3.980912e+13,1.102291e+19,2.841970e+07,1.850133e+14,3.930110e+19,9.380944e+07,2.075494e+15,4.702239e+20,7.246993e+07,9.458534e+14,3.399510e+20,2,82
1.472454e+07,2.778108e+13,6.025957e+18,8.746508e+07,9.059603e+14,1.472277e+20,1.025841e+08,2.527090e+15,4.831943e+20,1.137437e+08,2.363740e+15,7.881062e+20,2,49
1.801173e+07,3.329747e+13,8.434820e+18,3.057085e+07,2.306687e+14,3.931238e+19,1.047175e+08,2.627653e+15,4.550789e+20,9.444297e+07,1.569736e+15,6.262006e+20,2,88
2.223469e+07,5.296464e+13,1.469193e+19,3.692626e+07,3.153021e+14,8.987725e+19,9.307717e+07,2.104153e+15,6.335564e+20,6.052162e+07,6.145768e+14,2.171642e+20,1,55
2.245421e+07,4.613548e+13,1.436341e+19,4.028826e+07,3.216356e+14,6.466443e+19,9.648578e+07,2.244254e+15,4.730837e+20,8.284357e+07,1.221959e+15,3.907657e+20,0,14
7.224769e+06,5.982472e+12,1.190195e+18,5.347702e+07,2.276825e+14,3.996366e+19,7.999282e+07,1.334585e+15,2.388345e+20,8.781892e+07,1.741351e+15,5.629989e+20,3,53
1.785569e+07,3.574775e+13,8.077587e+18,3.527104e+07,3.101829e+14,6.209841e+19,1.078924e+08,2.704972e+15,5.604379e+20,7.597659e+07,8.326180e+14,2.897884e+20,0,101
3.352427e+07,1.301587e+14,4.297459e+19,5.420129e+07,7.377114e+14,2.520732e+20,7.639845e+07,1.405968e+15,5.528643e+20,5.827384e+07,5.630912e+14,1.803261e+20,2,67
2.016548e+07,3.813140e+13,1.050242e+19,9.511737e+07,1.095030e+15,2.101039e+20,8.989183e+07,1.975660e+15,4.663199e+20,8.119761e+07,1.095055e+15,3.678484e+20,0,6
2.799390e+07,7.073535e+13,2.804447e+19,3.994313e+07,3.872721e+14,9.809024e+19,7.262934e+07,1.217657e+15,2.943788e+20,4.334303e+07,2.804075e+14,7.197088e+19,0,40
1.870340e+07,3.299034e+13,9.217662e+18,3.461821e+07,2.331540e+14,6.137765e+19,1.054577e+08,2.590252e+15,6.162170e+20,7.119675e+07,8.990235e+14,3.331579e+20,0,16
1.326989e+07,1.103189e+13,2.228413e+18,7.155187e+07,3.353380e+14,5.666321e+19,7.044991e+07,1.102036e+15,1.877499e+20,7.921980e+07,1.314147e+15,2.598973e+20,2,77
3.282071e+07,1.343364e+14,4.712358e+19,5.315297e+07,7.157467e+14,2.571143e+20,7.294292e+07,1.273897e+15,5.152333e+20,5.438031e+07,4.972610e+14,1.741789e+20,3,67
2.403690e+07,6.930169e+13,2.842781e+19,8.812209e+07,1.199665e+15,2.284795e+20,1.232814e+08,3.801433e+15,1.006674e+21,6.780144e+07,5.829744e+14,1.956127e+20,2,98
6.419964e+06,4.659251e+12,8.527583e+17,6.519195e+07,2.785782e+14,4.546077e+19,7.367095e+07,1.208713e+15,2.139559e+20,8.123922e+07,1.485362e+15,4.959256e+20,1,53
1.390989e+07,2.252604e+13,5.492917e+18,3.990376e+07,3.050873e+14,8.074656e+19,8.415412e+07,1.682728e+15,3.691911e+20,6.791423e+07,8.712922e+14,2.239443e+20,0,44
1.198527e+07,1.465913e+13,2.991136e+18,3.046979e+07,1.933557e+14,3.217320e+19,1.132192e+08,2.950263e+15,4.101654e+20,9.534287e+07,1.536842e+15,5.872696e+20,0,26
1.760811e+07,2.443034e+13,6.097885e+18,3.655842e+07,2.797483e+14,5.529150e+19,1.088721e+08,2.814728e+15,5.460967e+20,8.515536e+07,1.249070e+15,3.181290e+20,3,104
2.240345e+07,7.299268e+13,2.444532e+19,3.759374e+07,3.523151e+14,1.193324e+20,8.415005e+07,1.676471e+15,4.904762e+20,7.343842e+07,9.770407e+14,3.925959e+20,2,80
1.067238e+07,1.413772e+13,3.252045e+18,6.355252e+07,4.992797e+14,8.557120e+19,9.845512e+07,2.249572e+15,5.361844e+20,7.272000e+07,1.053826e+15,3.160285e+20,0,48
1.162440e+07,1.827512e+13,4.782467e+18,8.953223e+07,9.646078e+14,1.642079e+20,8.785253e+07,1.840556e+15,3.979904e+20,7.957431e+07,1.099928e+15,4.267358e+20,0,11
1.737244e+07,3.080851e+13,7.661008e+18,3.240129e+07,2.532125e+14,3.972563e+19,1.093114e+08,2.817440e+15,4.647569e+20,9.213852e+07,1.506267e+15,6.033877e+20,0,88
1.086190e+07,1.458841e+13,3.551803e+18,5.867510e+07,4.476053e+14,7.837792e+19,1.014319e+08,2.371854e+15,5.486500e+20,7.504922e+07,1.136648e+15,3.585935e+20,2,48
1.514565e+07,3.248176e+13,5.695206e+18,3.293121e+07,2.717120e+14,6.572022e+19,8.665138e+07,1.781436e+15,3.347740e+20,8.763709e+07,1.314652e+15,6.375176e+20,3,95
9.810178e+06,1.443000e+13,2.730223e+18,4.972428e+07,5.315134e+14,8.762196e+19,1.409730e+08,4.728671e+15,8.386930e+20,1.131297e+08,2.244314e+15,9.036170e+20,0,86
1.530022e+07,3.570912e+13,6.688289e+18,3.474620e+07,3.001087e+14,7.505987e+19,8.572545e+07,1.784965e+15,3.271638e+20,9.266186e+07,1.464061e+15,7.421241e+20,0,95
1.731697e+07,3.658263e+13,7.584131e+18,3.745722e+07,3.515501e+14,7.714419e+19,1.054229e+08,2.604506e+15,5.687925e+20,7.775805e+07,8.402034e+14,3.078428e+20,1,101
1.333302e+07,1.676823e+13,3.434511e+18,8.229846e+07,7.509440e+14,9.739662e+19,9.691843e+07,2.287470e+15,3.324000e+20,1.008643e+08,2.001659e+15,6.555282e+20,0,74
1.062475e+07,7.840347e+12,1.398629e+18,5.065452e+07,2.680372e+14,3.733221e+19,8.979964e+07,1.840438e+15,2.505157e+20,8.136727e+07,1.341520e+15,3.470843e+20,1,83
6.942132e+06,7.075471e+12,1.330486e+18,4.219679e+07,2.444527e+14,5.653819e+19,9.344748e+07,1.939303e+15,4.177764e+20,7.477512e+07,1.082543e+15,2.747497e+20,1,92
2.273725e+07,6.084101e+13,2.302143e+19,9.393271e+07,1.382608e+15,2.765715e+20,1.138826e+08,3.250619e+15,9.168560e+20,6.965245e+07,6.387952e+14,2.255847e+20,3,98
1.018820e+07,8.088929e+12,1.534345e+18,5.915845e+07,3.431182e+14,5.292477e+19,9.566181e+07,2.078767e+15,3.236559e+20,8.039391e+07,1.373920e+15,3.693980e+20,3,83
1.334036e+07,2.256550e+13,5.110473e+18,4.361292e+07,4.151476e+14,8.630951e+19,1.031335e+08,2.530434e+15,5.349554e+20,8.205351e+07,1.128118e+15,3.985973e+20,0,46
3.782648e+06,2.787749e+12,5.294456e+17,3.481229e+07,1.630883e+14,3.602542e+19,7.660487e+07,1.382649e+15,2.755727e+20,5.718502e+07,6.902663e+14,1.219761e+20,3,54
9.736760e+06,1.015234e+13,2.215434e+18,6.783393e+07,5.395004e+14,8.962677e+19,9.586760e+07,2.162185e+15,4.711602e+20,6.039419e+07,7.506841e+14,1.743480e+20,2,71
1.345793e+07,1.298102e+13,2.864014e+18,6.321048e+07,4.547418e+14,7.454758e+19,7.987049e+07,1.511297e+15,2.376160e+20,8.650711e+07,1.520846e+15,3.866645e+20,1,57
1.150333e+07,1.461434e+13,3.244816e+18,6.923418e+07,6.906149e+14,9.015362e+19,1.081076e+08,2.812690e+15,4.641752e+20,9.019825e+07,1.354881e+15,5.007414e+20,0,100
2.848272e+07,5.705121e+13,1.914939e+19,4.246048e+07,3.548346e+14,1.029882e+20,9.387159e+07,2.104357e+15,5.804157e+20,8.056044e+07,1.323513e+15,3.866476e+20,2,59
2.674428e+07,6.800948e+13,2.199090e+19,3.785665e+07,3.194058e+14,9.887908e+19,6.393732e+07,1.019931e+15,3.114331e+20,4.578501e+07,3.688449e+14,1.005485e+20,1,81
1.840834e+07,3.613294e+13,9.033678e+18,3.832547e+07,3.150906e+14,9.305637e+19,8.560437e+07,1.709170e+15,4.505980e+20,7.055854e+07,9.580726e+14,2.083659e+20,2,87
2.409471e+07,4.891150e+13,1.665688e+19,3.486019e+07,2.657684e+14,6.410275e+19,7.872130e+07,1.489277e+15,3.141664e+20,5.342867e+07,5.120458e+14,1.248759e+20,1,50
1.655474e+07,3.256261e+13,8.611808e+18,5.917319e+07,5.453301e+14,1.134803e+20,8.803298e+07,1.838786e+15,4.299034e+20,7.371653e+07,9.289225e+14,3.948838e+20,0,65
7.692637e+06,6.457083e+12,1.209908e+18,3.627982e+07,1.587819e+14,3.957732e+19,8.589460e+07,1.559490e+15,3.205958e+20,6.998837e+07,9.997774e+14,2.182576e+20,3,91
2.089477e+07,3.684909e+13,1.215398e+19,3.700591e+07,3.393175e+14,6.841708e+19,1.011212e+08,2.479766e+15,3.938861e+20,6.421710e+07,5.710722e+14,1.236117e+20,2,68
2.206375e+07,4.727941e+13,1.368119e+19,3.995619e+07,3.823451e+14,8.764145e+19,9.433652e+07,1.968633e+15,4.060529e+20,5.800164e+07,5.214649e+14,1.417909e+20,0,7
6.118398e+06,4.585549e+12,9.041085e+17,4.245112e+07,1.885671e+14,4.468318e+19,9.081119e+07,1.754944e+15,3.718885e+20,6.343347e+07,8.248877e+14,1.840231e+20,0,32
2.355403e+07,5.894807e+13,2.074580e+19,7.065163e+07,7.970353e+14,1.808537e+20,1.128908e+08,3.151637e+15,8.599682e+20,6.737806e+07,6.277472e+14,1.946581e+20,2,99
2.500494e+07,6.917401e+13,1.555700e+19,6.672328e+07,8.207438e+14,2.166634e+20,1.186189e+08,3.414896e+15,1.068516e+21,9.161826e+07,1.544517e+15,6.406889e+20,1,73
2.249130e+07,6.522465e+13,2.115494e+19,3.557324e+07,3.067499e+14,9.161545e+19,8.202426e+07,1.578706e+15,4.284620e+20,7.333911e+07,9.867484e+14,3.781492e+20,3,80
1.645569e+07,3.352295e+13,8.334452e+18,6.074735e+07,5.999402e+14,1.275985e+20,8.570404e+07,1.753047e+15,4.655084e+20,6.970988e+07,8.276835e+14,3.350916e+20,3,65
1.544471e+07,3.722870e+13,6.754062e+18,3.292366e+07,2.727077e+14,7.418547e+19,8.364758e+07,1.668460e+15,3.371314e+20,8.791505e+07,1.380509e+15,6.713831e+20,1,95
1.113423e+07,1.340902e+13,2.573424e+18,3.038128e+07,1.786445e+14,3.392571e+19,9.803213e+07,2.167265e+15,3.429099e+20,8.604911e+07,1.368132e+15,5.765375e+20,0,69
1.741677e+07,2.404574e+13,6.672739e+18,4.279142e+07,2.941326e+14,6.707612e+19,8.905080e+07,1.883695e+15,4.885838e+20,5.550622e+07,5.552525e+14,1.222736e+20,0,51
1.469039e+07,2.145541e+13,5.785783e+18,8.063704e+07,6.970700e+14,1.544743e+20,8.250588e+07,1.626650e+15,4.210213e+20,6.586976e+07,7.971552e+14,1.990720e+20,1,10
3.370418e+06,2.587514e+12,5.208359e+17,8.232094e+07,6.768965e+14,1.258396e+20,7.412518e+07,1.278530e+15,2.096950e+20,7.155377e+07,1.041949e+15,2.271905e+20,0,39
2.272520e+07,3.877599e+13,1.213223e+19,3.052169e+07,1.915407e+14,4.339314e+19,9.772816e+07,2.281303e+15,4.249862e+20,7.572594e+07,1.146329e+15,2.996845e+20,1,61
1.860112e+07,2.663207e+13,7.653695e+18,5.753900e+07,4.365106e+14,9.754038e+19,8.648576e+07,1.818965e+15,4.824593e+20,5.233818e+07,4.862251e+14,9.722738e+19,3,51
2.419030e+07,4.550242e+13,1.503856e+19,3.687438e+07,3.262961e+14,6.326314e+19,9.912736e+07,2.411258e+15,4.127624e+20,6.476937e+07,6.556628e+14,1.421116e+20,0,68
1.964530e+07,3.369559e+13,9.994104e+18,3.551133e+07,2.779377e+14,7.893445e+19,1.117312e+08,2.989621e+15,8.079967e+20,6.251160e+07,6.183038e+14,2.398105e+20,2,85
1.275067e+07,1.730524e+13,3.552613e+18,3.494505e+07,2.319314e+14,4.831419e+19,1.070255e+08,2.509574e+15,4.162751e+20,8.291079e+07,1.308826e+15,4.573760e+20,2,69
1.167506e+07,1.060005e+13,2.185432e+18,7.970663e+07,4.402461e+14,8.178554e+19,7.150552e+07,1.191336e+15,2.090883e+20,6.693217e+07,9.034708e+14,2.193125e+20,0,66
1.931588e+07,4.337475e+13,1.227682e+19,3.420925e+07,2.890830e+14,6.282074e+19,9.675638e+07,2.261835e+15,5.147585e+20,7.515926e+07,9.441525e+14,3.379005e+20,1,103
1.819170e+07,3.780494e+13,7.836021e+18,3.752381e+07,3.534738e+14,7.259663e+19,1.070300e+08,2.535699e+15,5.589688e+20,6.686381e+07,6.718308e+14,2.004713e+20,2,101
2.058392e+07,4.322686e+13,1.068777e+19,4.795247e+07,4.347432e+14,1.076889e+20,9.249910e+07,2.075780e+15,5.115786e+20,8.765325e+07,1.491171e+15,3.902388e+20,2,70
1.707114e+07,2.264968e+13,5.343005e+18,3.157645e+07,2.206634e+14,3.644433e+19,1.142788e+08,3.084901e+15,5.305707e+20,8.467486e+07,1.397953e+15,3.924703e+20,0,1
1.310018e+07,1.700602e+13,3.751123e+18,2.697495e+07,1.640558e+14,2.990772e+19,9.291367e+07,1.979234e+15,3.054013e+20,8.182224e+07,1.278797e+15,4.295335e+20,3,62
4.436526e+07,2.073937e+14,1.097146e+20,6.678040e+07,1.084485e+15,3.797400e+20,1.330730e+08,4.361671e+15,2.067605e+21,1.086988e+08,2.198354e+15,1.001284e+21,2,76
2.009688e+07,3.812381e+13,8.568518e+18,4.900992e+07,4.793729e+14,1.365245e+20,9.927380e+07,2.408241e+15,7.243311e+20,7.573083e+07,9.790195e+14,2.928931e+20,0,47
1.484262e+07,2.670237e+13,6.245087e+18,3.955059e+07,3.688701e+14,7.790597e+19,1.007727e+08,2.389918e+15,5.040980e+20,7.960082e+07,1.046321e+15,3.594057e+20,1,46
8.041103e+06,8.403257e+12,2.085437e+18,9.779610e+07,9.390594e+14,2.124372e+20,7.597805e+07,1.334520e+15,3.366248e+20,5.677896e+07,6.908727e+14,1.487667e+20,3,75
8.071190e+06,8.105022e+12,1.900563e+18,8.182797e+07,6.155676e+14,1.367705e+20,7.272877e+07,1.172532e+15,2.838931e+20,6.003997e+07,7.546555e+14,1.554916e+20,1,75
9.332984e+06,1.188849e+13,2.489532e+18,1.127379e+08,1.232241e+15,2.025093e+20,8.298809e+07,1.675856e+15,3.109301e+20,8.939944e+07,1.382621e+15,5.269347e+20,1,84
2.077437e+07,3.559829e+13,9.890171e+18,3.162334e+07,2.336800e+14,4.035178e+19,8.994384e+07,1.998410e+15,3.076549e+20,7.417196e+07,9.534138e+14,2.427750e+20,0,89
5.097075e+06,4.019878e+12,7.389042e+17,3.675142e+07,1.898047e+14,4.717157e+19,7.188518e+07,1.276905e+15,2.610920e+20,4.808080e+07,4.569283e+14,8.484084e+19,0,54
2.227220e+07,4.074679e+13,1.450985e+19,3.729603e+07,2.975502e+14,8.972167e+19,1.148642e+08,3.085429e+15,1.018100e+21,5.365675e+07,5.025317e+14,2.099426e+20,1,85
1.228201e+07,1.772411e+13,3.282568e+18,3.648169e+07,3.344973e+14,4.843363e+19,1.321924e+08,4.141586e+15,6.525934e+20,1.039628e+08,1.876116e+15,7.580940e+20,2,86
1.056209e+07,1.232055e+13,2.803537e+18,6.277123e+07,5.070414e+14,9.643760e+19,1.186423e+08,3.194368e+15,6.097177e+20,9.966248e+07,2.027535e+15,7.879846e+20,3,63
1.292151e+07,2.154563e+13,5.573372e+18,7.114951e+07,6.475338e+14,1.426929e+20,8.714737e+07,1.712766e+15,4.047477e+20,7.654380e+07,1.056456e+15,3.488663e+20,2,93
1.728956e+07,3.598362e+13,9.170708e+18,5.419159e+07,4.866291e+14,1.007502e+20,8.836884e+07,1.837220e+15,4.520625e+20,6.892738e+07,8.250570e+14,3.453096e+20,1,65
5.751931e+06,5.875592e+12,1.117276e+18,7.433390e+07,4.640014e+14,7.072778e+19,8.426733e+07,1.653414e+15,3.015309e+20,9.482088e+07,1.909223e+15,5.681103e+20,3,102
1.585279e+07,2.531701e+13,6.662772e+18,9.523133e+07,1.208910e+15,1.834427e+20,1.023800e+08,2.563545e+15,4.735940e+20,8.760012e+07,1.469868e+15,5.564530e+20,0,29
8.560144e+06,1.020786e+13,1.968802e+18,3.636260e+07,2.284975e+14,4.274036e+19,1.135252e+08,2.766050e+15,4.519111e+20,1.016125e+08,2.178241e+15,9.755557e+20,0,12
7.540891e+06,6.816704e+12,1.339499e+18,4.297789e+07,2.530469e+14,4.949033e+19,9.584169e+07,2.039096e+15,4.068342e+20,7.392721e+07,1.005965e+15,2.872772e+20,3,96
1.412385e+07,2.099248e+13,4.821069e+18,3.736455e+07,2.666419e+14,6.223085e+19,1.020089e+08,2.439883e+15,5.141278e+20,7.871005e+07,1.140834e+15,3.242409e+20,0,45
1.326145e+07,2.644923e+13,5.879639e+18,3.679386e+07,2.587340e+14,7.537763e+19,9.423783e+07,1.902540e+15,5.515073e+20,9.575044e+07,1.762438e+15,7.622800e+20,1,36
1.343823e+07,2.717236e+13,7.311075e+18,9.651474e+07,1.265573e+15,2.913370e+20,1.108580e+08,2.946217e+15,8.002828e+20,7.295654e+07,8.445379e+14,2.415710e+20,0,72
1.080602e+07,1.030512e+13,2.096874e+18,4.094586e+07,1.944974e+14,4.233196e+19,9.756692e+07,2.108019e+15,3.516688e+20,1.128568e+08,2.741701e+15,6.507031e+20,0,3
1.119589e+07,9.893634e+12,2.035178e+18,8.856960e+07,6.060539e+14,1.126795e+20,7.007339e+07,1.183939e+15,2.196054e+20,6.013046e+07,7.632804e+14,1.769520e+20,1,66
1.395293e+07,2.086201e+13,5.631955e+18,3.849136e+07,2.958056e+14,9.243519e+19,7.436410e+07,1.325336e+15,3.558582e+20,5.841820e+07,6.268165e+14,1.277918e+20,1,33
1.017405e+07,1.449919e+13,2.582312e+18,3.459637e+07,2.956321e+14,5.031513e+19,1.292399e+08,3.892300e+15,6.819421e+20,1.039023e+08,1.835443e+15,7.700173e+20,1,86
8.362837e+06,1.066719e+13,2.084589e+18,3.653254e+07,2.349210e+14,4.489390e+19,1.144289e+08,2.796108e+15,4.376394e+20,1.010610e+08,2.164967e+15,8.862629e+20,1,12
9.117360e+06,1.011523e+13,2.609402e+18,6.416217e+07,3.384835e+14,1.035899e+20,9.186172e+07,1.743050e+15,4.385580e+20,6.583003e+07,8.454752e+14,1.967463e+20,0,9
1.893779e+07,3.590365e+13,9.400755e+18,4.763204e+07,3.625130e+14,1.076097e+20,8.872998e+07,1.662654e+15,5.487326e+20,7.780146e+07,1.182220e+15,5.242817e+20,0,97
1.041705e+07,7.708454e+12,1.349394e+18,4.282712e+07,2.223315e+14,3.663863e+19,9.285891e+07,1.940432e+15,2.908471e+20,8.471234e+07,1.519870e+15,4.159456e+20,2,83
1.801500e+07,3.833572e+13,1.030776e+19,6.185320e+07,5.690391e+14,1.157592e+20,8.395634e+07,1.658878e+15,4.165400e+20,6.809754e+07,8.096038e+14,3.189177e+20,2,65
1.917351e+07,4.087461e+13,1.144925e+19,3.391712e+07,2.833353e+14,6.335807e+19,9.987828e+07,2.426875e+15,5.517080e+20,8.072261e+07,1.092213e+15,4.212759e+20,2,103
3.581656e+06,2.580064e+12,4.442457e+17,4.218425e+07,2.024816e+14,4.038783e+19,8.971824e+07,1.771354e+15,3.430622e+20,6.413263e+07,8.745936e+14,1.759487e+20,2,37
7.241634e+06,7.860571e+12,1.852357e+18,6.546052e+07,4.154613e+14,8.927900e+19,7.429652e+07,1.264254e+15,3.083445e+20,5.357023e+07,5.657001e+14,1.365166e+20,2,94
2.786446e+07,5.544270e+13,1.855370e+19,3.563838e+07,2.568448e+14,6.498067e+19,9.064352e+07,1.966869e+15,4.755499e+20,6.715695e+07,8.628710e+14,2.068104e+20,0,59
1.436283e+07,2.334488e+13,5.853353e+18,4.173542e+07,3.256299e+14,8.362224e+19,8.160705e+07,1.545347e+15,3.683865e+20,6.544462e+07,8.028505e+14,2.040146e+20,1,44
6.223785e+06,4.275680e+12,7.136359e+17,3.698887e+07,1.315123e+14,2.451111e+19,7.622687e+07,1.182618e+15,1.958298e+20,8.478521e+07,1.651411e+15,4.706694e+20,0,53
3.622734e+07,1.431870e+14,5.457506e+19,5.330413e+07,7.139118e+14,2.281071e+20,7.938027e+07,1.522781e+15,5.936940e+20,5.762884e+07,5.630894e+14,1.838276e+20,1,67
1.018123e+07,1.165685e+13,2.817490e+18,8.136402e+07,5.530560e+14,1.009826e+20,8.822259e+07,1.799304e+15,3.634520e+20,7.137550e+07,1.076739e+15,3.722434e+20,2,58
2.164568e+07,4.703473e+13,1.085103e+19,3.766168e+07,3.246505e+14,1.013866e+20,7.579175e+07,1.431961e+15,3.409842e+20,7.361878e+07,1.042567e+15,3.063940e+20,0,21
1.584388e+07,2.158185e+13,6.153842e+18,8.614300e+07,9.128753e+14,1.540776e+20,8.316474e+07,1.710553e+15,2.990906e+20,8.317664e+07,1.374570e+15,3.868229e+20,3,57
1.324304e+07,2.206745e+13,5.505248e+18,6.881555e+07,6.189825e+14,1.475881e+20,8.703088e+07,1.697642e+15,4.140377e+20,7.305719e+07,9.725435e+14,2.934028e+20,3,93
1.369406e+07,2.431851e+13,5.733397e+18,4.473454e+07,3.703374e+14,9.918787e+19,8.997982e+07,1.808918e+15,4.754690e+20,7.192489e+07,1.007621e+15,2.686874e+20,1,87
1.987369e+07,2.709605e+13,7.000637e+18,3.421651e+07,2.296329e+14,4.655671e+19,9.223605e+07,1.945941e+15,4.012151e+20,9.003723e+07,1.576211e+15,4.591013e+20,1,52
1.520000e+07,2.027008e+13,4.989353e+18,3.661718e+07,2.862602e+14,5.416146e+19,1.009206e+08,2.353717e+15,4.598581e+20,9.260233e+07,1.587119e+15,6.821856e+20,0,31
1.097434e+07,1.362450e+13,2.956079e+18,3.365150e+07,2.293156e+14,5.449368e+19,1.110765e+08,2.957186e+15,6.554684e+20,7.170860e+07,8.676076e+14,2.865384e+20,0,25
1.319961e+07,1.571356e+13,3.964215e+18,3.486560e+07,2.243730e+14,6.044818e+19,4.697153e+07,5.134358e+14,1.422983e+20,3.606721e+07,1.981350e+14,3.973352e+19,0,2
1.754657e+07,2.507093e+13,6.318062e+18,4.413104e+07,3.598698e+14,6.938683e+19,1.068028e+08,2.715856e+15,5.131369e+20,8.803174e+07,1.353054e+15,3.489633e+20,2,104
1.336226e+07,1.762848e+13,3.766079e+18,5.301700e+07,4.697158e+14,6.906835e+19,9.960839e+07,2.390841e+15,3.955236e+20,9.176459e+07,1.388988e+15,5.380953e+20,1,100
1.417742e+07,1.833890e+13,3.829725e+18,6.658900e+07,4.834312e+14,9.221948e+19,8.932695e+07,1.817133e+15,3.317024e+20,9.411288e+07,1.669942e+15,6.198969e+20,3,84
1.808557e+07,2.665677e+13,7.319093e+18,5.287288e+07,5.342899e+14,9.961246e+19,1.157165e+08,3.237248e+15,6.436114e+20,8.392858e+07,1.123510e+15,2.945499e+20,0,104
1.898648e+07,3.487110e+13,8.305885e+18,3.451162e+07,2.334533e+14,6.954772e+19,8.209022e+07,1.388592e+15,4.240608e+20,7.697175e+07,1.189163e+15,4.866835e+20,3,97
1.867263e+07,3.619310e+13,1.035925e+19,9.758749e+07,1.182449e+15,2.712761e+20,8.246155e+07,1.662357e+15,4.843659e+20,6.175152e+07,6.595809e+14,1.693602e+20,0,35
2.674047e+07,7.401561e+13,2.827289e+19,4.122129e+07,4.206551e+14,9.398545e+19,8.588923e+07,1.754527e+15,4.903636e+20,5.083751e+07,4.165653e+14,1.458176e+20,1,76
4.958072e+06,4.509689e+12,8.341426e+17,6.500304e+07,3.536886e+14,5.686358e+19,8.584959e+07,1.667652e+15,2.948917e+20,9.340975e+07,1.949298e+15,5.808951e+20,0,102
1.763731e+07,3.081392e+13,8.066680e+18,2.827306e+07,1.766080e+14,3.675250e+19,9.147310e+07,1.957114e+15,3.967010e+20,7.440360e+07,9.962255e+14,3.296053e+20,3,82
1.225648e+07,1.362067e+13,2.777910e+18,2.752347e+07,1.450685e+14,2.466690e+19,9.476033e+07,2.074084e+15,3.091675e+20,8.937592e+07,1.485886e+15,5.436628e+20,0,62
7.943622e+06,8.513018e+12,1.671298e+18,1.110599e+08,1.174334e+15,1.707617e+20,8.596610e+07,1.792210e+15,2.933183e+20,9.220429e+07,1.520301e+15,5.870920e+20,2,84
1.405120e+07,1.408043e+13,3.095028e+18,6.949934e+07,3.702325e+14,7.332363e+19,7.560352e+07,1.300852e+15,2.502658e+20,6.392501e+07,8.012946e+14,2.137907e+20,3,66
2.357485e+07,4.475672e+13,1.443294e+19,3.925944e+07,3.425000e+14,8.507004e+19,8.197386e+07,1.621426e+15,3.606743e+20,5.110097e+07,4.090722e+14,9.761595e+19,1,40
2.381518e+07,6.749676e+13,2.725602e+19,8.286432e+07,1.107986e+15,2.451800e+20,1.222476e+08,3.743876e+15,1.082305e+21,6.931623e+07,6.462095e+14,2.352427e+20,1,98
9.149634e+06,8.822843e+12,1.606729e+18,4.719061e+07,2.582839e+14,4.206122e+19,1.003517e+08,2.240864e+15,3.493759e+20,9.538947e+07,1.935510e+15,6.736619e+20,2,63
3.033755e+07,1.048574e+14,3.437637e+19,4.758683e+07,5.707981e+14,1.787881e+20,7.071262e+07,1.190554e+15,4.295956e+20,5.017397e+07,4.141230e+14,1.303879e+20,0,67
1.439764e+07,2.521274e+13,5.029795e+18,9.687807e+07,1.010605e+15,1.679666e+20,1.057067e+08,2.674273e+15,5.134076e+20,1.161283e+08,2.555805e+15,8.019427e+20,3,49
1.789267e+07,3.287054e+13,8.370268e+18,3.613321e+07,3.040764e+14,6.173068e+19,9.194909e+07,2.064670e+15,4.034871e+20,8.801911e+07,1.481118e+15,3.862462e+20,0,28
1.299748e+07,2.127175e+13,5.003059e+18,4.580798e+07,3.624220e+14,9.543925e+19,9.039862e+07,1.820460e+15,4.412937e+20,7.417621e+07,1.012059e+15,3.047679e+20,0,93
1.804067e+07,3.317703e+13,8.517581e+18,3.046980e+07,2.322392e+14,3.760554e+19,9.963123e+07,2.341576e+15,3.790250e+20,9.459654e+07,1.653309e+15,6.049374e+20,1,88
8.612197e+06,8.115667e+12,1.644072e+18,3.511747e+07,2.004713e+14,3.845206e+19,9.940208e+07,2.216398e+15,4.305524e+20,7.423898e+07,9.766010e+14,2.987692e+20,1,96
2.472654e+07,5.582273e+13,2.005832e+19,2.934118e+07,1.951385e+14,4.243383e+19,8.723104e+07,1.878193e+15,3.720889e+20,6.653373e+07,8.369538e+14,1.957630e+20,2,61
1.351314e+07,1.254134e+13,2.834776e+18,8.269562e+07,5.254896e+14,9.148694e+19,7.835470e+07,1.437199e+15,2.699802e+20,7.380305e+07,1.104463e+15,2.233752e+20,3,77
1.736543e+07,2.209784e+13,5.520839e+18,4.987362e+07,3.420129e+14,6.177982e+19,8.968006e+07,1.837152e+15,3.562465e+20,8.912445e+07,1.499964e+15,4.430131e+20,2,52
1.276150e+07,1.787816e+13,3.646151e+18,3.300602e+07,2.170336e+14,4.365135e+19,9.335210e+07,1.921182e+15,3.168179e+20,7.188808e+07,1.005773e+15,3.017571e+20,3,69
8.232578e+06,7.867894e+12,1.592424e+18,3.925263e+07,2.544620e+14,4.641024e+19,9.441213e+07,2.028215e+15,3.896607e+20,6.914314e+07,8.391784e+14,2.508105e+20,2,96
1.103970e+07,1.321742e+13,2.839699e+18,1.050750e+08,1.060870e+15,1.636288e+20,8.341955e+07,1.681817e+15,2.855346e+20,9.635323e+07,1.714275e+15,6.436210e+20,0,84
2.801738e+07,9.100798e+13,3.858979e+19,4.267500e+07,4.548866e+14,1.204919e+20,7.470325e+07,1.257396e+15,4.109466e+20,5.388160e+07,5.036611e+14,2.029437e+20,0,76
1.614530e+07,3.153369e+13,7.216841e+18,3.451503e+07,2.918078e+14,7.310401e+19,1.073607e+08,2.811429e+15,6.177564e+20,9.964790e+07,1.458889e+15,6.969611e+20,0,20
1.904028e+07,3.534637e+13,9.335066e+18,5.083966e+07,3.861677e+14,1.140669e+20,8.795222e+07,1.606330e+15,5.184102e+20,8.020598e+07,1.264162e+15,5.626108e+20,1,97
2.404594e+07,6.045763e+13,1.926780e+19,8.659106e+07,9.463155e+14,2.010612e+20,9.030689e+07,1.945489e+15,5.257408e+20,9.108713e+07,1.549383e+15,5.713565e+20,1,56
7.757737e+06,8.037743e+12,1.817554e+18,8.153807e+07,5.628184e+14,1.021242e+20,8.810533e+07,1.830963e+15,3.464913e+20,7.222018e+07,1.069169e+15,3.281353e+20,1,5
1.813454e+07,3.329514e+13,9.144314e+18,4.141114e+07,3.325665e+14,1.066961e+20,6.653211e+07,1.106671e+15,3.015924e+20,4.755736e+07,4.088563e+14,7.522589e+19,0,17
1.953119e+07,4.383448e+13,1.205159e+19,3.490267e+07,3.009026e+14,6.823723e+19,9.443756e+07,2.163322e+15,4.715491e+20,7.726584e+07,9.973558e+14,3.589048e+20,3,103
2.131270e+07,3.592130e+13,8.648994e+18,3.647034e+07,3.026255e+14,6.931142e+19,9.287308e+07,2.129561e+15,4.456289e+20,7.985590e+07,1.214947e+15,2.859181e+20,2,60
2.163219e+07,5.928424e+13,1.210603e+19,5.446961e+07,6.347773e+14,1.706611e+20,1.111555e+08,2.980423e+15,9.199052e+20,8.517622e+07,1.246904e+15,5.394523e+20,0,73
7.728175e+06,8.176751e+12,1.874257e+18,5.271765e+07,3.082759e+14,7.191584e+19,7.520061e+07,1.269099e+15,2.936516e+20,5.505974e+07,6.006853e+14,1.385428e+20,3,94
2.310449e+07,4.227281e+13,1.350079e+19,3.242142e+07,2.171047e+14,5.188371e+19,7.853683e+07,1.480668e+15,3.041429e+20,5.433506e+07,5.468840e+14,1.306182e+20,2,50
2.206545e+07,4.107719e+13,1.347224e+19,3.060478e+07,1.986537e+14,3.956434e+19,9.438796e+07,2.123088e+15,3.976569e+20,7.317673e+07,1.031445e+15,2.668754e+20,3,61
1.589027e+07,2.059456e+13,4.331855e+18,3.180173e+07,2.244222e+14,4.474229e+19,9.634501e+07,2.202092e+15,4.041522e+20,8.146039e+07,1.192100e+15,3.016550e+20,1,60
2.023332e+07,2.822710e+13,7.080127e+18,3.156357e+07,2.042687e+14,3.983545e+19,8.768363e+07,1.760695e+15,3.475346e+20,8.697338e+07,1.468297e+15,4.140496e+20,3,52
1.584241e+07,3.235094e+13,8.121025e+18,4.266303e+07,3.685829e+14,1.125170e+20,9.462418e+07,2.017989e+15,5.958354e+20,6.870345e+07,9.057210e+14,2.284119e+20,3,87
9.470558e+06,1.245972e+13,2.669064e+18,5.383999e+07,3.884953e+14,8.112601e+19,1.064253e+08,2.538436e+15,5.212852e+20,8.617121e+07,1.388327e+15,4.455391e+20,0,22
1.311072e+07,1.684101e+13,4.418321e+18,8.104195e+07,7.363066e+14,1.302199e+20,9.938901e+07,2.374035e+15,5.978402e+20,6.683984e+07,7.736865e+14,2.583991e+20,1,34
2.363447e+07,6.365594e+13,2.496042e+19,9.388390e+07,1.354375e+15,2.410406e+20,1.143883e+08,3.255849e+15,7.866578e+20,8.150858e+07,1.118368e+15,3.622479e+20,0,98
2.199517e+07,3.851994e+13,1.184780e+19,3.379744e+07,2.387720e+14,5.600511e+19,7.555033e+07,1.368185e+15,2.695096e+20,5.601358e+07,5.937484e+14,1.374817e+20,3,50
1.763615e+07,3.812035e+13,8.602270e+18,3.549468e+07,3.170545e+14,7.367362e+19,1.020383e+08,2.501587e+15,5.531625e+20,7.520398e+07,7.942931e+14,2.706868e+20,3,101
7.029380e+06,6.662702e+12,1.530428e+18,9.246751e+07,7.819983e+14,1.645997e+20,7.877427e+07,1.425355e+15,3.227569e+20,5.515925e+07,6.608661e+14,1.341971e+20,2,75
2.058381e+07,3.925126e+13,1.000464e+19,6.219408e+07,6.118649e+14,1.351049e+20,1.072214e+08,2.837882e+15,5.913019e+20,8.165177e+07,1.115069e+15,3.586428e+20,0,23
8.309486e+06,8.574686e+12,1.869240e+18,6.699070e+07,3.400032e+14,6.824863e+19,9.170816e+07,1.973112e+15,3.538847e+20,8.233760e+07,1.415770e+15,3.935192e+20,0,5
1.328885e+07,1.774752e+13,3.754750e+18,7.685723e+07,6.882123e+14,8.729168e+19,1.024037e+08,2.532507e+15,4.033351e+20,8.837828e+07,1.576804e+15,5.069355e+20,2,74
2.004680e+07,3.513012e+13,8.410527e+18,3.428481e+07,2.204340e+14,6.343112e+19,8.901772e+07,1.624213e+15,4.859502e+20,8.061456e+07,1.320176e+15,5.759958e+20,2,97
1.610130e+07,3.946938e+13,8.007313e+18,3.429027e+07,2.958468e+14,8.082529e+19,8.717628e+07,1.744118e+15,3.514205e+20,8.397372e+07,1.227370e+15,5.520991e+20,2,95
1.380586e+07,2.653127e+13,6.542000e+18,5.119476e+07,5.591852e+14,1.486097e+20,1.087122e+08,2.771415e+15,6.825892e+20,7.462185e+07,8.815153e+14,2.312310e+20,2,72
1.942363e+07,2.226856e+13,5.787532e+18,5.751565e+07,2.963731e+14,5.598157e+19,7.892014e+07,1.429041e+15,2.936608e+20,7.339415e+07,1.124422e+15,2.234157e+20,1,77
4.030243e+06,3.326818e+12,6.940884e+17,6.120156e+07,2.635792e+14,6.328410e+19,7.633343e+07,1.247643e+15,2.685671e+20,7.475107e+07,1.129066e+15,2.427068e+20,2,91
4.367775e+06,3.366926e+12,6.354005e+17,4.164347e+07,1.832416e+14,4.587606e+19,7.956932e+07,1.320913e+15,2.788136e+20,7.160431e+07,1.048985e+15,2.286272e+20,1,91
1.061785e+07,9.002258e+12,1.810144e+18,4.961245e+07,2.347453e+14,5.950795e+19,7.515656e+07,1.198909e+15,2.731256e+20,6.418568e+07,8.161829e+14,1.790028e+20,1,38
1.396660e+07,1.763250e+13,4.153386e+18,5.866214e+07,4.169859e+14,9.031923e+19,8.830403e+07,1.799039e+15,3.807845e+20,7.242801e+07,9.802026e+14,2.307414e+20,2,92
8.281142e+06,9.587765e+12,2.461889e+18,6.947797e+07,4.700211e+14,9.668098e+19,7.777804e+07,1.375111e+15,3.144647e+20,5.706807e+07,6.445620e+14,1.416185e+20,0,94
2.013692e+07,3.463052e+13,1.055643e+19,4.020718e+07,2.977037e+14,8.809039e+19,9.849641e+07,2.323725e+15,5.413384e+20,5.770386e+07,5.985696e+14,1.632265e+20,0,19
1.277680e+07,1.822222e+13,5.261391e+18,9.509783e+07,8.604082e+14,1.855258e+20,6.648256e+07,1.044352e+15,2.658950e+20,5.832363e+07,6.564542e+14,1.593564e+20,0,64
1.563531e+07,2.374460e+13,5.460042e+18,2.913717e+07,2.075516e+14,3.497230e+19,9.881953e+07,2.300515e+15,3.807181e+20,9.793769e+07,1.797689e+15,7.294669e+20,3,88
8.620495e+06,1.091448e+13,2.160752e+18,3.557038e+07,2.521878e+14,4.349542e+19,1.073805e+08,2.513332e+15,4.102632e+20,7.920010e+07,1.387560e+15,5.419595e+20,2,12
1.030035e+07,1.449411e+13,3.242993e+18,4.469181e+07,4.037109e+14,9.097439e+19,1.180693e+08,3.309261e+15,6.746063e+20,7.104772e+07,7.595975e+14,1.947057e+20,1,72
1.500758e+07,2.526001e+13,7.295824e+18,4.477520e+07,4.298328e+14,1.321997e+20,6.672645e+07,1.095403e+15,2.888392e+20,3.910024e+07,2.558713e+14,5.024637e+19,0,42
1.936045e+07,2.751543e+13,7.622492e+18,3.377923e+07,2.316452e+14,5.979753e+19,9.260672e+07,1.991378e+15,4.771211e+20,5.707021e+07,5.806570e+14,1.833653e+20,0,4
2.654523e+07,7.061155e+13,2.379613e+19,3.638756e+07,3.021886e+14,9.585019e+19,6.695504e+07,1.120584e+15,3.323858e+20,4.329979e+07,3.167538e+14,9.155112e+19,0,81
1.569875e+07,2.813746e+13,6.471908e+18,2.781333e+07,1.903153e+14,4.120502e+19,9.139735e+07,1.980811e+15,4.087507e+20,7.570978e+07,9.799684e+14,3.720213e+20,3,90
2.333416e+07,5.133054e+13,1.368724e+19,4.079385e+07,3.638140e+14,1.040032e+20,9.143714e+07,1.996771e+15,6.498312e+20,6.652911e+07,7.832351e+14,2.801527e+20,3,55
2.309027e+07,5.347243e+13,1.734526e+19,7.341917e+07,8.036753e+14,1.787883e+20,1.035742e+08,2.645051e+15,7.227035e+20,6.810348e+07,6.374864e+14,1.669139e+20,3,99
1.281305e+07,2.077872e+13,4.639605e+18,4.042694e+07,3.026540e+14,7.803132e+19,8.587209e+07,1.627630e+15,4.046629e+20,7.108405e+07,9.589277e+14,2.849753e+20,1,93
2.074686e+07,4.398512e+13,1.219342e+19,7.359772e+07,6.914729e+14,1.252442e+20,8.616418e+07,1.758961e+15,4.099117e+20,8.703454e+07,1.364700e+15,4.676817e+20,3,56
1.745599e+07,2.482124e+13,5.745835e+18,3.207234e+07,2.304659e+14,4.607615e+19,9.686301e+07,2.261247e+15,4.047203e+20,8.509586e+07,1.306034e+15,3.415539e+20,0,60
1.244642e+07,1.663544e+13,3.422961e+18,3.357684e+07,2.195918e+14,4.411804e+19,9.473078e+07,2.033307e+15,3.191282e+20,7.542337e+07,1.094638e+15,3.674490e+20,1,69
1.555997e+07,2.919562e+13,6.636464e+18,2.759106e+07,1.904811e+14,4.085041e+19,9.200949e+07,2.019811e+15,4.253025e+20,7.709949e+07,1.022382e+15,3.925643e+20,1,90
1.447615e+07,1.970201e+13,5.514021e+18,8.251286e+07,7.804869e+14,1.475968e+20,9.915238e+07,2.377926e+15,6.035268e+20,6.801952e+07,8.420017e+14,2.707263e+20,0,34
1.983769e+07,3.251553e+13,8.850278e+18,3.182495e+07,2.291113e+14,4.128865e+19,9.228981e+07,2.096071e+15,3.148590e+20,8.009396e+07,1.105678e+15,2.755549e+20,3,89
1.694719e+07,2.838052e+13,6.470334e+18,3.621461e+07,2.691995e+14,6.364983e+19,1.144070e+08,3.095041e+15,5.823501e+20,8.691688e+07,1.348540e+15,4.012229e+20,3,79
1.743590e+07,2.100940e+13,4.903049e+18,3.939092e+07,2.545142e+14,4.960645e+19,8.797033e+07,1.761407e+15,3.449151e+20,8.849490e+07,1.538693e+15,4.564516e+20,0,52
1.636127e+07,1.597000e+13,3.595984e+18,6.372640e+07,3.082945e+14,5.816412e+19,7.294852e+07,1.193452e+15,2.078757e+20,7.706468e+07,1.233551e+15,2.475466e+20,0,77
2.154907e+07,4.623844e+13,1.196680e+19,3.975734e+07,3.397780e+14,8.691177e+19,9.446587e+07,2.172173e+15,5.261502e+20,9.035103e+07,1.611468e+15,4.025506e+20,0,70
1.369799e+07,1.807984e+13,3.902451e+18,3.958136e+07,3.369257e+14,5.335828e+19,9.988776e+07,2.408967e+15,3.910608e+20,8.906070e+07,1.295946e+15,5.063440e+20,3,100
1.545553e+07,2.404094e+13,5.524924e+18,3.393308e+07,2.607623e+14,5.290729e+19,9.689486e+07,2.270037e+15,4.017207e+20,6.937098e+07,7.393362e+14,2.486016e+20,0,27
1.385967e+07,2.249480e+13,6.343066e+18,4.432360e+07,4.064790e+14,1.239241e+20,7.026240e+07,1.199972e+15,3.190132e+20,4.223424e+07,3.088826e+14,6.626962e+19,1,42
1.062327e+07,1.255242e+13,2.457846e+18,9.063285e+07,8.417611e+14,1.001993e+20,9.601148e+07,2.261859e+15,3.383856e+20,9.509313e+07,1.743344e+15,5.499935e+20,3,74
2.395319e+07,7.171337e+13,1.709825e+19,6.589660e+07,8.046886e+14,2.018475e+20,1.175301e+08,3.321513e+15,1.157801e+21,8.381718e+07,1.254144e+15,5.142019e+20,3,73
2.393058e+07,7.374046e+13,1.684308e+19,6.260614e+07,8.059640e+14,2.255257e+20,1.199931e+08,3.472198e+15,1.285336e+21,8.443287e+07,1.318727e+15,6.003870e+20,2,73
9.404893e+06,9.378656e+12,1.764828e+18,5.080341e+07,2.948998e+14,4.613896e+19,1.070863e+08,2.648366e+15,4.029621e+20,9.733423e+07,1.892330e+15,7.074957e+20,1,63
1.657789e+07,2.336449e+13,6.144352e+18,4.448959e+07,3.394584e+14,8.798781e+19,7.764602e+07,1.342569e+15,3.184577e+20,6.493601e+07,8.648414e+14,2.167487e+20,3,78
1.356706e+07,2.820086e+13,6.775474e+18,4.100064e+07,3.219550e+14,9.429901e+19,9.042422e+07,1.758943e+15,4.545788e+20,9.340576e+07,1.804726e+15,6.202995e+20,0,36
2.653935e+07,4.966614e+13,1.623163e+19,4.191104e+07,3.343574e+14,9.194270e+19,9.460741e+07,2.093537e+15,4.926751e+20,7.897294e+07,1.294421e+15,3.328003e+20,3,59
1.015312e+07,1.146492e+13,2.568076e+18,7.126283e+07,5.948779e+14,1.015400e+20,9.420786e+07,2.120817e+15,4.950565e+20,5.421707e+07,6.121499e+14,1.366942e+20,3,71
1.928634e+07,3.001367e+13,7.984793e+18,3.054874e+07,2.124156e+14,3.711459e+19,8.977554e+07,1.977056e+15,2.997900e+20,7.813862e+07,1.039366e+15,2.853606e+20,2,89
1.325943e+07,1.783677e+13,4.090280e+18,3.791715e+07,2.631098e+14,5.431731e+19,9.832483e+07,2.223791e+15,4.999994e+20,7.557577e+07,1.174287e+15,3.799567e+20,1,48
2.392203e+07,5.475251e+13,1.713087e+19,3.527553e+07,2.788221e+14,8.232426e+19,6.781739e+07,1.112170e+15,3.006524e+20,4.313997e+07,3.131204e+14,8.082959e+19,2,81
