1.530159e+06,3.799770e+11,5.983637e+15,2,76,N,N
6.309716e+05,5.630173e+10,6.158068e+14,1,41,N,N
7.091316e+05,5.199316e+10,3.454066e+14,0,46,N,N
5.877176e+05,4.551873e+10,5.447476e+14,2,96,N,N
6.076420e+05,6.642326e+10,8.714253e+14,0,58,N,N
7.616883e+05,7.026503e+10,5.555620e+14,1,103,N,N
6.668599e+05,8.483800e+10,1.384189e+15,2,55,N,N
6.112811e+05,4.600783e+10,4.461703e+14,2,84,N,N
6.852832e+05,5.601762e+10,4.258680e+14,0,29,N,N
6.248080e+05,6.260166e+10,7.037562e+14,0,52,N,N
1.978372e+03,3.684997e+04,3.930462e+03,2,80,N,N
5.142102e+05,4.553157e+10,6.630218e+14,2,65,N,N
6.587333e+05,8.227334e+10,1.256649e+15,3,55,N,N
6.761226e+05,5.578932e+10,5.401146e+14,3,68,N,N
7.301031e+05,8.755757e+10,1.098372e+15,0,47,N,N
7.970036e+05,6.552403e+10,4.280114e+14,0,15,N,N
8.934754e+05,1.234040e+11,1.002968e+15,1,76,N,N
4.325318e+05,3.232288e+10,5.249314e+14,3,91,N,N
9.347493e+05,1.335875e+11,1.007128e+15,0,76,N,N
6.225499e+05,5.596622e+10,6.139562e+14,1,62,N,N
3.786475e+05,3.123935e+10,6.238673e+14,0,75,N,N
6.653537e+05,7.240223e+10,9.130439e+14,1,55,N,N
5.571218e+05,3.806133e+10,3.809802e+14,3,96,N,N
6.083362e+05,5.274703e+10,5.060843e+14,0,57,N,N
5.953123e+05,5.224190e+10,4.386865e+14,1,82,N,N
4.722578e+05,3.237733e+10,5.459150e+14,0,39,N,N
5.257185e+05,5.079644e+10,9.975963e+14,1,66,N,N
6.735373e+05,5.589263e+10,4.334622e+14,0,63,N,N
5.806766e+05,5.885093e+10,7.488241e+14,0,81,N,N
7.671168e+05,8.032817e+10,6.096576e+14,1,98,N,N
6.211622e+05,5.023086e+10,3.521987e+14,2,79,N,N
6.288031e+05,5.596000e+10,5.158453e+14,3,48,N,N
8.932056e+05,7.123881e+10,3.183622e+14,2,86,N,N
6.629933e+05,5.595138e+10,4.171893e+14,0,27,N,N
6.716414e+05,6.152352e+10,4.941741e+14,3,79,N,N
6.957717e+05,5.408993e+10,4.223389e+14,0,26,N,N
7.106795e+05,8.156035e+10,8.334963e+14,1,61,N,N
7.071086e+05,7.514879e+10,8.901271e+14,1,47,N,N
3.810351e+05,2.914345e+10,5.251191e+14,1,97,N,N
5.764317e+05,4.146725e+10,3.695192e+14,0,0,N,N
7.630860e+05,6.587065e+10,4.841578e+14,2,104,N,N
3.568416e+05,2.818521e+10,5.228548e+14,3,75,N,N
5.670099e+05,5.568468e+10,8.296207e+14,2,51,N,N
6.774141e+05,6.606719e+10,7.427136e+14,3,90,N,N
4.325947e+05,3.165674e+10,4.511709e+14,3,77,N,N
6.902568e+05,5.375092e+10,4.217971e+14,0,31,N,N
4.850332e+05,3.697763e+10,4.917371e+14,1,5,N,N
6.178444e+05,5.912723e+10,7.682871e+14,3,99,N,N
5.241405e+05,4.967848e+10,8.107135e+14,0,42,N,N
8.161603e+05,1.055517e+11,1.044876e+15,0,70,N,N
0.000000e+00,0.000000e+00,0.000000e+00,1,80,N,N
5.196204e+05,3.952331e+10,5.686055e+14,1,34,N,N
5.156753e+05,4.403902e+10,5.849139e+14,3,93,N,N
5.544081e+05,4.571680e+10,5.530579e+14,0,93,N,N
6.204739e+05,4.967780e+10,4.926245e+14,0,6,N,N
7.248430e+05,7.280686e+10,5.660298e+14,0,18,N,N
6.026903e+05,6.337562e+10,7.347185e+14,0,50,N,N
8.324671e+05,7.488951e+10,4.381479e+14,2,101,N,N
7.400024e+05,6.589690e+10,4.851790e+14,3,74,N,N
5.102033e+05,4.413478e+10,6.425093e+14,3,54,N,N
5.265575e+05,5.496628e+10,8.669372e+14,1,77,N,N
4.574063e+05,3.752398e+10,7.233202e+14,0,91,N,N
5.940866e+05,5.131799e+10,6.422555e+14,2,62,N,N
5.514811e+05,5.232453e+10,7.002603e+14,2,81,N,N
5.696483e+05,5.073442e+10,6.470636e+14,2,92,N,N
5.241892e+05,4.373178e+10,4.808615e+14,1,58,N,N
6.615848e+05,5.102741e+10,4.345809e+14,0,90,N,N
7.620061e+05,8.011891e+10,7.929824e+14,3,73,N,N
4.944860e+05,4.249435e+10,6.001038e+14,1,78,N,N
7.067790e+05,6.686232e+10,5.164734e+14,2,49,N,N
9.996605e+05,1.633688e+11,2.247257e+15,1,67,N,N
4.984142e+05,3.567506e+10,4.029878e+14,0,34,N,N
6.369003e+05,5.296207e+10,5.945865e+14,0,71,N,N
3.994053e+05,3.524593e+10,6.472899e+14,3,64,N,N
7.261805e+05,6.841176e+10,6.249002e+14,3,104,N,N
4.162246e+05,3.536760e+10,6.818704e+14,2,75,N,N
4.632576e+05,3.857489e+10,6.320800e+14,3,66,N,N
7.835749e+05,7.388061e+10,5.284788e+14,0,89,N,N
4.699639e+05,3.881477e+10,7.058613e+14,0,32,N,N
5.515706e+05,3.584958e+10,3.793851e+14,0,102,N,N
7.756145e+05,7.191515e+10,6.352129e+14,2,103,N,N
5.352753e+05,4.457494e+10,5.312009e+14,0,5,N,N
6.956113e+05,9.180314e+10,1.235350e+15,1,59,N,N
4.065027e+05,3.491970e+10,6.881227e+14,3,97,N,N
3.928416e+05,2.983011e+10,5.280147e+14,0,97,N,N
7.876995e+05,7.491676e+10,5.243943e+14,1,88,N,N
4.995387e+05,4.829546e+10,8.740450e+14,0,66,N,N
3.811886e+05,2.997324e+10,5.401819e+14,0,64,N,N
5.329119e+05,4.670842e+10,6.284367e+14,1,93,N,N
8.022047e+05,6.574722e+10,5.821736e+14,3,95,N,N
6.081185e+05,5.072022e+10,5.647922e+14,1,25,N,N
5.082564e+05,4.811673e+10,8.313225e+14,3,53,N,N
4.817525e+05,4.402914e+10,6.513945e+14,0,77,N,N
6.739204e+05,6.864405e+10,6.205300e+14,0,61,N,N
7.510639e+05,7.756576e+10,7.796649e+14,2,68,N,N
7.555448e+05,1.005660e+11,1.396595e+15,2,47,N,N
6.294680e+05,5.522570e+10,5.760641e+14,0,41,N,N
6.116081e+05,4.319015e+10,4.466509e+14,1,71,N,N
7.702235e+05,6.501122e+10,4.285973e+14,2,88,N,N
6.237777e+05,5.087924e+10,5.093395e+14,0,72,N,N
5.637789e+05,4.717051e+10,5.938850e+14,1,87,N,N
4.193873e+05,3.860264e+10,7.801559e+14,2,97,N,N
5.720999e+05,4.970040e+10,5.831970e+14,2,87,N,N
5.721170e+05,4.788494e+10,6.208975e+14,0,92,N,N
6.301062e+05,5.483045e+10,5.322793e+14,2,72,N,N
5.999951e+05,5.168418e+10,6.056840e+14,0,99,N,N
4.992959e+05,3.778515e+10,5.503581e+14,1,37,N,N
6.597502e+05,4.696445e+10,3.053048e+14,0,1,N,N
7.229447e+05,7.469708e+10,7.640619e+14,1,68,N,N
6.853223e+05,7.744640e+10,1.120238e+15,0,80,N,N
6.298293e+05,5.698750e+10,4.831595e+14,3,61,N,N
5.218502e+05,3.932773e+10,4.991184e+14,2,93,N,N
5.768699e+05,5.764947e+10,7.858464e+14,0,35,N,N
5.196659e+05,3.866983e+10,4.921256e+14,0,8,N,N
9.626146e+05,1.511390e+11,2.022046e+15,2,67,N,N
6.093971e+05,4.659298e+10,5.150476e+14,2,102,N,N
6.041089e+05,5.232044e+10,4.691721e+14,1,52,N,N
6.092541e+05,4.437535e+10,4.181923e+14,3,62,N,N
6.278569e+05,5.792250e+10,5.816980e+14,0,45,N,N
6.980463e+05,6.195487e+10,5.986171e+14,1,90,N,N
7.571438e+05,7.392809e+10,6.349253e+14,3,103,N,N
7.675758e+05,7.292551e+10,5.435491e+14,0,103,N,N
7.012752e+05,7.401141e+10,6.072137e+14,2,61,N,N
5.939672e+05,4.582088e+10,4.273523e+14,0,84,N,N
8.192365e+05,7.716278e+10,7.444386e+14,2,95,N,N
5.270383e+05,4.468479e+10,5.615485e+14,0,4,N,N
5.003737e+05,4.022375e+10,6.822113e+14,2,54,N,N
8.525387e+05,7.180618e+10,3.165338e+14,1,86,N,N
5.226412e+05,3.752770e+10,4.539092e+14,1,44,N,N
6.024677e+05,5.778709e+10,4.693375e+14,0,59,N,N
7.287858e+05,5.686821e+10,3.412146e+14,2,100,N,N
7.372473e+05,5.740851e+10,3.785774e+14,1,46,N,N
5.116781e+05,5.181295e+10,9.758583e+14,1,42,N,N
5.272057e+05,4.191342e+10,6.647878e+14,2,37,N,N
4.841090e+05,3.796361e+10,5.785168e+14,1,36,N,N
6.831878e+05,5.729618e+10,4.791300e+14,1,63,N,N
5.292403e+05,4.397660e+10,6.158849e+14,1,65,N,N
5.523903e+05,5.330700e+10,6.977084e+14,3,58,N,N
5.215364e+05,4.525750e+10,6.312096e+14,0,65,N,N
4.736170e+05,3.939280e+10,5.861445e+14,1,53,N,N
6.781262e+05,5.580948e+10,4.936833e+14,0,7,N,N
6.978936e+05,6.494480e+10,5.508459e+14,1,60,N,N
5.043801e+05,3.228099e+10,3.759699e+14,0,3,N,N
4.988582e+05,4.256368e+10,6.475674e+14,1,33,N,N
6.646899e+05,7.575188e+10,1.163570e+15,3,80,N,N
5.260535e+05,4.026257e+10,4.773278e+14,3,83,N,N
4.467001e+05,3.428175e+10,4.409181e+14,2,78,N,N
8.421724e+05,1.064715e+11,9.761337e+14,0,68,N,N
5.912603e+05,5.472753e+10,6.418792e+14,0,19,N,N
7.400551e+05,6.219458e+10,3.817569e+14,1,89,N,N
5.304638e+05,4.549233e+10,6.231656e+14,1,35,N,N
4.176663e+05,2.963310e+10,4.258885e+14,2,94,N,N
5.637549e+05,4.892361e+10,5.699116e+14,0,87,N,N
5.452418e+05,4.062331e+10,3.987529e+14,0,22,N,N
7.443618e+05,6.345171e+10,4.025855e+14,0,88,N,N
8.156567e+05,9.284175e+10,6.945309e+14,1,73,N,N
3.914889e+05,3.418129e+10,6.085291e+14,0,38,N,N
5.434205e+05,4.708491e+10,5.635169e+14,3,51,N,N
6.036557e+05,4.746934e+10,4.082008e+14,0,48,N,N
7.595675e+05,7.266629e+10,5.593710e+14,3,98,N,N
5.328721e+05,4.888439e+10,7.319384e+14,1,54,N,N
7.316949e+05,5.506513e+10,3.202668e+14,1,100,N,N
5.972621e+05,4.479207e+10,4.393667e+14,1,0,N,N
6.173489e+05,5.383327e+10,5.430883e+14,1,12,N,N
6.226434e+05,5.546796e+10,5.748055e+14,3,72,N,N
5.483750e+05,4.213745e+10,4.640549e+14,2,85,N,N
7.507339e+05,6.840584e+10,5.064164e+14,0,98,N,N
6.013591e+05,4.830044e+10,5.431923e+14,0,11,N,N
5.748952e+05,5.338695e+10,5.641159e+14,2,50,N,N
6.857929e+05,5.378199e+10,4.014135e+14,1,104,N,N
6.290687e+05,5.306903e+10,5.163070e+14,2,48,N,N
7.762348e+05,8.524321e+10,6.524516e+14,0,49,N,N
6.048557e+05,6.022642e+10,6.525079e+14,1,50,N,N
6.801176e+05,7.658830e+10,1.012862e+15,3,47,N,N
6.224438e+05,5.991815e+10,6.682790e+14,2,52,N,N
6.917192e+05,6.032573e+10,6.222987e+14,2,90,N,N
5.356492e+05,4.832524e+10,6.010634e+14,2,58,N,N
6.368149e+05,6.603500e+10,7.415889e+14,3,69,N,N
6.835788e+05,6.667592e+10,6.141757e+14,2,63,N,N
7.644644e+05,7.236900e+10,4.854819e+14,2,98,N,N
6.786258e+05,6.212288e+10,6.142235e+14,1,40,N,N
5.419913e+05,4.094685e+10,4.163776e+14,3,85,N,N
4.995207e+05,4.581572e+10,6.386957e+14,3,78,N,N
7.546375e+05,7.491782e+10,5.426000e+14,1,49,N,N
6.800086e+05,6.406538e+10,6.541575e+14,1,72,N,N
4.699306e+05,3.562820e+10,5.633807e+14,0,24,N,N
6.287763e+05,5.750879e+10,6.484057e+14,1,45,N,N
5.664268e+05,5.489737e+10,7.686514e+14,0,51,N,N
7.368150e+05,4.947287e+10,2.522588e+14,0,100,N,N
5.769336e+05,4.461919e+10,4.966549e+14,1,96,N,N
6.264272e+05,5.540818e+10,5.080666e+14,3,82,N,N
5.976531e+05,6.004963e+10,7.174503e+14,3,50,N,N
7.626077e+05,6.798430e+10,4.643395e+14,3,89,N,N
6.596578e+05,6.824028e+10,6.353608e+14,2,82,N,N
6.547028e+05,7.453025e+10,9.954064e+14,0,55,N,N
7.590104e+05,6.523141e+10,5.490520e+14,0,20,N,N
4.977307e+05,4.271605e+10,6.308756e+14,0,36,N,N
6.161739e+05,7.130661e+10,9.141089e+14,0,56,N,N
3.878716e+05,2.228179e+10,2.655651e+14,1,94,N,N
3.990466e+05,2.763709e+10,4.482162e+14,2,91,N,N
8.264209e+05,1.107859e+11,1.094275e+15,1,70,N,N
5.393986e+05,3.904550e+10,4.562688e+14,0,44,N,N
4.426509e+05,3.271427e+10,4.865180e+14,3,94,N,N
7.031093e+05,5.969743e+10,3.610049e+14,1,79,N,N
5.731897e+05,5.557258e+10,6.217431e+14,3,56,N,N
8.388472e+05,1.161237e+11,1.205360e+15,3,70,N,N
7.092188e+05,5.422738e+10,3.404615e+14,3,88,N,N
5.973261e+05,4.715602e+10,5.684946e+14,3,71,N,N
7.876884e+05,8.311964e+10,6.335058e+14,0,74,N,N
5.694577e+05,6.522250e+10,1.059319e+15,0,17,N,N
5.419923e+05,4.546632e+10,6.137727e+14,1,51,N,N
3.808179e+05,2.918021e+10,5.136798e+14,1,64,N,N
4.570384e+05,3.702184e+10,5.412578e+14,2,77,N,N
4.721009e+05,3.170927e+10,3.570703e+14,1,85,N,N
4.280607e+05,4.035848e+10,8.033581e+14,1,38,N,N
4.103950e+05,2.973923e+10,5.045614e+14,1,91,N,N
7.107202e+05,5.681277e+10,3.471884e+14,3,100,N,N
4.547349e+05,3.495229e+10,4.421183e+14,0,10,N,N
6.643091e+05,6.633081e+10,8.976722e+14,1,99,N,N
5.816025e+05,5.020748e+10,6.723438e+14,1,83,N,N
7.392424e+05,6.985247e+10,5.040276e+14,0,28,N,N
6.385296e+05,6.813234e+10,6.588859e+14,3,59,N,N
8.360686e+05,7.428192e+10,4.862800e+14,0,101,N,N
4.333691e+05,3.633718e+10,6.029302e+14,0,2,N,N
6.369170e+05,6.311369e+10,7.631928e+14,2,99,N,N
6.414669e+05,5.956888e+10,5.209172e+14,0,14,N,N
5.956608e+05,5.010777e+10,5.271922e+14,1,84,N,N
5.310104e+05,4.533535e+10,5.840232e+14,3,92,N,N
7.363290e+05,7.630824e+10,6.200209e+14,3,49,N,N
7.430703e+05,7.455840e+10,6.539672e+14,0,40,N,N
6.470917e+05,6.463493e+10,6.448487e+14,2,57,N,N
8.453230e+05,7.791731e+10,7.455047e+14,0,95,N,N
8.473869e+05,1.117969e+11,1.057526e+15,2,60,N,N
7.227072e+05,7.265494e+10,6.640686e+14,2,73,N,N
9.903093e+05,1.710390e+11,2.622998e+15,3,67,N,N
7.531932e+05,9.131638e+10,9.043055e+14,2,70,N,N
6.530802e+05,7.074327e+10,7.918470e+14,3,52,N,N
6.611738e+05,5.192350e+10,4.093442e+14,1,43,N,N
8.035548e+05,7.193779e+10,7.978661e+14,1,95,N,N
6.072892e+05,4.951080e+10,5.424157e+14,0,62,N,N
4.426340e+05,4.123553e+10,9.062231e+14,0,9,N,N
5.480529e+05,4.795085e+10,7.185454e+14,3,87,N,N
8.466168e+05,6.192260e+10,2.646812e+14,3,86,N,N
5.807462e+05,6.207231e+10,8.323056e+14,1,81,N,N
4.024135e+05,2.898711e+10,3.836326e+14,2,66,N,N
5.282384e+05,4.922628e+10,7.933836e+14,0,33,N,N
5.030760e+05,4.621966e+10,7.042688e+14,0,53,N,N
7.383717e+05,1.069671e+11,1.522460e+15,2,59,N,N
5.726445e+05,4.450414e+10,4.426559e+14,0,16,N,N
7.414775e+05,7.196229e+10,5.177188e+14,2,74,N,N
5.983514e+05,4.658041e+10,5.417424e+14,3,102,N,N
6.173472e+05,6.106342e+10,6.371600e+14,1,69,N,N
7.866781e+05,5.966002e+10,2.418748e+14,0,86,N,N
7.252109e+05,5.871436e+10,4.383289e+14,0,104,N,N
5.826549e+05,4.529285e+10,4.815027e+14,0,12,N,N
5.360062e+05,4.999271e+10,7.245269e+14,0,54,N,N
7.552324e+05,7.366150e+10,6.064207e+14,1,74,N,N
5.592953e+05,4.338975e+10,4.808446e+14,2,83,N,N
5.320319e+05,4.300906e+10,5.365652e+14,1,92,N,N
7.788585e+05,6.290276e+10,4.107624e+14,3,101,N,N
6.351440e+05,7.593960e+10,9.856904e+14,1,56,N,N
6.316828e+05,5.649282e+10,6.018468e+14,0,25,N,N
5.900164e+05,4.356646e+10,5.143386e+14,2,71,N,N
3.942269e+05,3.418897e+10,6.758545e+14,1,75,N,N
8.373272e+05,7.037443e+10,4.717752e+14,1,101,N,N
8.428923e+05,8.799115e+10,5.726874e+14,0,23,N,N
5.097354e+05,3.556031e+10,5.000751e+14,0,37,N,N
5.400326e+05,4.251085e+10,4.831778e+14,0,85,N,N
5.706715e+05,4.029980e+10,4.000657e+14,0,96,N,N
4.656245e+05,3.857402e+10,5.003330e+14,0,78,N,N
5.934600e+05,5.971470e+10,7.349596e+14,2,56,N,N
6.077196e+05,5.097310e+10,5.079486e+14,0,69,N,N
6.140214e+05,5.503642e+10,5.574433e+14,3,57,N,N
6.379014e+05,6.241222e+10,7.180072e+14,1,57,N,N
7.491629e+05,5.974351e+10,3.904078e+14,2,89,N,N
4.527001e+05,3.505663e+10,5.772253e+14,0,94,N,N
8.350513e+05,9.127492e+10,5.769547e+14,0,79,N,N
7.408783e+05,8.732967e+10,1.139970e+15,0,21,N,N
6.418275e+05,6.316023e+10,5.855799e+14,0,82,N,N
6.069731e+05,5.541160e+10,6.662700e+14,0,83,N,N
6.845608e+05,7.101562e+10,7.249215e+14,1,48,N,N
6.381208e+05,6.176307e+10,6.077538e+14,3,84,N,N
7.124928e+05,6.325698e+10,4.540922e+14,0,60,N,N
6.842432e+05,5.683881e+10,3.848402e+14,3,60,N,N
6.986963e+05,4.196781e+10,2.906639e+14,0,13,N,N
6.030830e+05,5.334890e+10,5.290390e+14,0,30,N,N
5.463673e+05,4.928361e+10,5.814858e+14,3,81,N,N
5.604810e+05,3.769785e+10,2.862349e+14,3,63,N,N
3.662061e+05,2.866812e+10,5.336737e+14,2,64,N,N
6.734726e+05,7.235903e+10,8.485338e+14,2,69,N,N
6.064137e+05,4.693484e+10,5.060423e+14,2,12,N,N
4.866297e+05,4.184522e+10,5.724643e+14,1,10,N,N
7.331268e+05,7.673830e+10,6.792989e+14,0,43,N,N
8.827432e+05,1.284956e+11,1.761980e+15,0,67,N,N
4.827618e+05,4.043240e+10,5.521726e+14,2,53,N,N
5.238940e+05,4.737565e+10,7.325404e+14,3,65,N,N
9.037588e+05,1.165389e+11,8.173525e+14,3,76,N,N
5.419194e+05,3.378694e+10,3.193205e+14,1,102,N,N
7.864702e+05,8.308303e+10,7.602588e+14,0,73,N,N
