1.610078e+04,2.584865e+08,1.305143e+10,1.304384e+10,1.910445e+04,2.955082e+08,1.413219e+10,1.319628e+10,3.028123e+03,9.038429e+06,1.040631e+07,4.564951e+06,3,72,N,N
4.876738e+07,2.208609e+15,6.790312e+16,7.605098e+15,5.389982e+07,1.757205e+15,2.438639e+18,3.897983e+17,6.905697e+06,2.797656e+13,7.036854e+15,6.927817e+15,3,93,N,N
4.912525e+07,2.251055e+15,1.089632e+17,1.280124e+16,5.149657e+07,2.123740e+15,1.361412e+18,1.914064e+17,4.051480e+06,7.054703e+12,2.253028e+15,2.112206e+15,0,26,N,N
1.134828e+06,1.277284e+12,4.877483e+13,4.845368e+13,1.325486e+06,9.017693e+11,2.759889e+14,6.669239e+13,1.955378e+05,3.643520e+10,3.491534e+11,3.094697e+11,3,96,N,N
3.001767e+06,8.897520e+12,4.647356e+14,4.574601e+14,3.190642e+06,7.947987e+12,1.642559e+15,7.027348e+14,2.078008e+05,3.581134e+10,2.395169e+11,1.770011e+11,1,55,N,N
2.018285e+07,3.943996e+14,4.757212e+15,2.085601e+15,2.094148e+07,3.654302e+14,8.228083e+16,9.657224e+15,1.082667e+06,6.074927e+11,3.752203e+13,1.056431e+13,3,90,N,N
1.569928e+05,2.450621e+10,7.016954e+10,6.743897e+10,1.838828e+05,1.931687e+10,2.309075e+12,2.677826e+11,2.737455e+04,7.235669e+08,6.081282e+09,5.202281e+09,1,5,N,N
1.854079e+08,2.688279e+16,4.966863e+18,5.598960e+17,1.870814e+08,2.634610e+16,2.699960e+19,3.650647e+18,2.312384e+07,5.224263e+13,5.044202e+16,3.635846e+16,0,27,N,N
1.743213e+06,3.005881e+12,3.905448e+14,3.870785e+14,1.813151e+06,2.774112e+12,5.198875e+14,4.448176e+14,7.946283e+04,4.891750e+09,3.349077e+10,2.013516e+10,0,28,N,N
7.279104e+04,5.268180e+09,3.990415e+11,3.972034e+11,8.874403e+04,3.793606e+09,6.253017e+11,3.799979e+11,1.617042e+04,2.545322e+08,1.265039e+10,1.247025e+10,0,67,N,N
9.861559e+05,9.641054e+11,2.095559e+14,2.088138e+14,1.520414e+06,3.271831e+11,3.854184e+14,2.892767e+14,5.387062e+05,2.855188e+11,3.291034e+12,3.129078e+12,3,91,N,N
5.148427e+05,2.623360e+11,8.808861e+12,8.610646e+12,5.942795e+05,1.962274e+11,4.980073e+13,1.088417e+13,8.212184e+04,6.311582e+09,7.115296e+10,4.348207e+10,0,16,N,N
1.435423e+04,2.056626e+08,5.218186e+09,5.180490e+09,2.134936e+04,4.122991e+08,1.185537e+10,4.691877e+09,7.028482e+03,4.908117e+07,1.991093e+08,1.801163e+08,3,99,N,N
1.012065e+07,9.906404e+13,5.251655e+16,5.012413e+16,1.303243e+07,1.240989e+14,9.983092e+16,3.780940e+16,3.107925e+06,8.483211e+12,1.342570e+15,1.195610e+15,3,78,N,N
1.250537e+07,1.487814e+14,1.891032e+15,5.030613e+14,1.564284e+07,8.304044e+13,1.416909e+17,1.263186e+16,3.445270e+06,9.844902e+12,2.531040e+14,1.397642e+14,2,102,N,N
3.072460e+07,8.721828e+14,2.920706e+16,3.394631e+15,3.357958e+07,8.286814e+14,6.307172e+17,1.056876e+17,4.052351e+06,8.476356e+12,2.044008e+15,2.169278e+15,0,22,N,N
1.481271e+06,2.165193e+12,3.213924e+14,3.196549e+14,1.911042e+06,1.123096e+12,8.851502e+14,4.132690e+14,4.397571e+05,1.848185e+11,3.926029e+12,3.429040e+12,1,84,N,N
1.449804e+06,2.054237e+12,8.511390e+12,5.731725e+12,2.009661e+06,7.777099e+11,1.488898e+15,1.549340e+14,5.768163e+05,3.134659e+11,1.038481e+12,4.353951e+11,2,82,N,N
1.025230e+06,1.040482e+12,1.332744e+13,1.267936e+13,1.090761e+06,9.111648e+11,1.068865e+14,2.467341e+13,7.077128e+04,4.317129e+09,2.931557e+10,2.293217e+10,3,68,N,N
5.498024e+04,3.007875e+09,2.060491e+11,2.050037e+11,6.866547e+04,1.847053e+09,6.194320e+11,2.485509e+11,1.384825e+04,1.886020e+08,2.193572e+09,2.205031e+09,3,80,N,N
2.207698e+05,4.850823e+10,3.009202e+12,2.988701e+12,2.736188e+05,4.765072e+10,9.631447e+12,2.359811e+12,5.337308e+04,2.795022e+09,9.167713e+10,9.345531e+10,1,10,N,N
7.731038e+06,5.859508e+13,2.913636e+14,2.324931e+14,8.523038e+06,4.711086e+13,1.396630e+16,1.090228e+15,8.682968e+05,6.278963e+11,4.697749e+13,3.930285e+13,0,56,N,N
8.953248e+05,7.945859e+11,7.846990e+12,7.678495e+12,1.183864e+06,3.687914e+11,3.456289e+14,5.000828e+13,2.924772e+05,8.328873e+10,1.969523e+10,1.511154e+10,1,86,N,N
4.248758e+08,7.518148e+16,1.722997e+19,1.776240e+18,4.066822e+08,8.562477e+16,1.998757e+20,3.642266e+19,1.324986e+08,1.192938e+15,2.589782e+18,1.201061e+18,1,73,N,N
1.504566e+06,2.237168e+12,1.061566e+15,1.055510e+15,1.769570e+06,1.804091e+12,6.243660e+14,1.249148e+15,2.749511e+05,7.036386e+10,1.472418e+13,1.450342e+13,1,40,N,N
2.858835e+06,8.082077e+12,2.117205e+15,2.098850e+15,2.895128e+06,7.951894e+12,2.108430e+15,2.111266e+15,5.308719e+04,1.325766e+09,1.843157e+10,8.514599e+09,2,76,N,N
8.474401e+06,6.988082e+13,1.987987e+15,1.828113e+15,9.872208e+06,4.959179e+13,3.697795e+16,5.377842e+15,1.512733e+06,1.954135e+12,1.528757e+13,3.517439e+12,0,76,N,N
1.171813e+07,1.329607e+14,6.468402e+16,6.290787e+16,1.288871e+07,1.118727e+14,7.647072e+16,6.529726e+16,1.371128e+06,1.370369e+12,1.580396e+14,9.747860e+13,2,53,N,N
9.577036e+04,9.149128e+09,6.674962e+11,6.630268e+11,1.129397e+05,6.263118e+09,1.710000e+12,8.735665e+11,1.729466e+04,2.955165e+08,1.811025e+09,1.636033e+09,1,65,N,N
1.914251e+06,3.617051e+12,8.065849e+13,7.950957e+13,2.021482e+06,3.254015e+12,5.385825e+14,1.220986e+14,1.198118e+05,1.155324e+10,1.012393e+10,7.399013e+08,0,32,N,N
4.251818e+08,8.914731e+16,1.887060e+19,3.785996e+18,4.144588e+08,1.000788e+17,1.952814e+20,3.323930e+19,1.263843e+08,4.125338e+14,1.504753e+18,1.548849e+18,3,98,N,N
1.921185e+05,3.641114e+10,4.897380e+12,4.803796e+12,3.200236e+05,7.249775e+10,4.927962e+12,1.003489e+13,1.293574e+05,1.637064e+10,3.551893e+11,3.457913e+11,0,10,N,N
7.713148e+07,5.297754e+15,3.879135e+17,4.726893e+16,7.945587e+07,5.011797e+15,3.400588e+18,4.396363e+17,6.671319e+06,9.720412e+12,2.279496e+15,2.326273e+15,2,99,N,N
1.655222e+07,2.664070e+14,7.631757e+16,7.439892e+16,1.736734e+07,2.433705e+14,9.590908e+16,7.792528e+16,1.050902e+06,6.754573e+11,6.450914e+13,4.010027e+13,3,61,N,N
2.166480e+06,4.647957e+12,5.156933e+12,5.185333e+12,2.488914e+06,3.367295e+12,1.475360e+15,1.539121e+14,3.330042e+05,1.042359e+11,3.030969e+11,1.850390e+11,3,95,N,N
1.525426e+06,2.305180e+12,3.475798e+14,3.458902e+14,2.011943e+06,1.102161e+12,9.716401e+14,5.418555e+14,4.939900e+05,2.368401e+11,6.872698e+11,3.611614e+11,0,55,N,N
2.854967e+07,7.863149e+14,4.943555e+16,3.565182e+16,3.131209e+07,7.454452e+14,4.829715e+17,7.017010e+16,3.280077e+06,7.815786e+12,1.324383e+15,1.369400e+15,2,66,N,N
1.565562e+08,2.199901e+16,1.748710e+18,4.403619e+17,1.774453e+08,1.760613e+16,4.372118e+19,7.444292e+18,2.922426e+07,4.799822e+14,2.383621e+17,2.496056e+17,3,56,N,N
3.858527e+06,1.468722e+13,5.041134e+15,4.979787e+15,4.047621e+06,1.349830e+13,5.389710e+15,5.212310e+15,2.168229e+05,3.575664e+10,3.742910e+11,1.340380e+11,2,84,N,N
3.113453e+06,9.480420e+12,3.579309e+13,2.314393e+13,4.419952e+06,3.299722e+12,9.699281e+15,1.333753e+15,1.340925e+06,1.707000e+12,7.329702e+12,4.622999e+12,2,92,N,N
6.376067e+03,4.021497e+07,3.822815e+08,3.697681e+08,1.356342e+04,1.684561e+08,4.204592e+09,4.517724e+09,7.231816e+03,5.177890e+07,8.969133e+08,8.777689e+08,2,62,N,N
2.150476e+07,4.321488e+14,9.198908e+15,2.014744e+15,2.632326e+07,2.572648e+14,3.870896e+17,2.335075e+16,5.535766e+06,2.323099e+13,2.697710e+15,2.016588e+15,0,83,N,N
9.305936e+05,8.587799e+11,9.500899e+13,9.443828e+13,9.463352e+05,8.304094e+11,1.065612e+14,9.715784e+13,1.966677e+04,2.478250e+08,4.462392e+09,3.115109e+09,1,57,N,N
6.040518e+07,3.367399e+15,2.122210e+17,1.502198e+17,7.433976e+07,2.135740e+15,4.627302e+18,4.478827e+17,1.634051e+07,1.948099e+14,1.593900e+16,6.003180e+15,3,59,N,N
3.323929e+06,1.083751e+13,1.736634e+15,1.724345e+15,3.976806e+06,7.296526e+12,3.254043e+15,1.970748e+15,6.851874e+05,4.295956e+11,5.485405e+13,5.100951e+13,0,11,N,N
2.711163e+06,7.218694e+12,7.050567e+14,6.934198e+14,3.233199e+06,4.840766e+12,2.186229e+15,8.505166e+14,5.469131e+05,2.737914e+11,2.372653e+13,2.170641e+13,0,13,N,N
3.601593e+08,6.775948e+16,6.174007e+18,8.323766e+17,3.845474e+08,5.566208e+16,2.200611e+20,5.073220e+19,1.279462e+08,9.441957e+14,2.932762e+18,3.238014e+18,1,64,N,N
1.044441e+07,1.015777e+14,2.685362e+15,3.004976e+14,1.157772e+07,8.316595e+13,6.019031e+16,8.955822e+15,1.499395e+06,1.363172e+12,9.268171e+13,1.054863e+14,1,35,N,N
5.184240e+07,2.467224e+15,1.122803e+17,1.264453e+16,5.439733e+07,2.283670e+15,1.588166e+18,2.134096e+17,4.727963e+06,7.788074e+12,1.485469e+15,1.458673e+15,0,8,N,N
3.373878e+06,1.113952e+13,1.035198e+14,7.816675e+13,4.162323e+06,6.782110e+12,7.176153e+15,1.143774e+15,8.254453e+05,6.232547e+11,1.656617e+13,1.859738e+13,0,86,N,N
9.585551e+06,8.921491e+13,4.079824e+16,3.960608e+16,1.025587e+07,8.214027e+13,4.404364e+16,3.904703e+16,8.184999e+05,4.494388e+11,3.409308e+13,1.791857e+13,1,63,N,N
1.342042e+06,1.776809e+12,8.069556e+14,7.983874e+14,1.445347e+06,1.773208e+12,7.376990e+14,8.300325e+14,1.142836e+05,1.083989e+10,3.437776e+11,2.885412e+11,2,51,N,N
5.174269e+06,2.623969e+13,1.628942e+16,1.611751e+16,5.778752e+06,2.079377e+13,1.538623e+16,1.738901e+16,6.626127e+05,3.660044e+11,5.719759e+13,5.040126e+13,3,48,N,N
1.083459e+07,1.125666e+14,2.719339e+15,2.015955e+15,1.374781e+07,6.848845e+13,8.340722e+16,8.609302e+15,3.144135e+06,8.489580e+12,1.722790e+14,9.523078e+13,0,14,N,N
9.050549e+06,8.002692e+13,1.174592e+15,1.078084e+15,9.430901e+06,7.362747e+13,1.033075e+16,1.933521e+15,4.851308e+05,1.446717e+11,1.778960e+13,1.428224e+13,1,54,N,N
4.106753e+06,1.656862e+13,1.895744e+14,1.728984e+14,4.635499e+06,1.255395e+13,4.145614e+15,4.373472e+14,5.652679e+05,2.796952e+11,2.270202e+13,2.030986e+13,1,52,N,N
8.082768e+06,6.340823e+13,3.802138e+15,3.525251e+15,8.677685e+06,5.445157e+13,1.121464e+16,4.174816e+15,7.160150e+05,3.546069e+11,6.727078e+13,5.772731e+13,0,63,N,N
2.299271e+06,5.227758e+12,2.844824e+14,2.819183e+14,2.460634e+06,4.515895e+12,8.477757e+14,3.632564e+14,1.742508e+05,2.616879e+10,5.965357e+11,4.896226e+11,3,101,N,N
1.766637e+06,3.099347e+12,1.946073e+14,1.927551e+14,1.936366e+06,2.607126e+12,5.788190e+14,2.219080e+14,1.760713e+05,2.881008e+10,2.556274e+11,2.162621e+11,2,91,N,N
1.156416e+08,1.163121e+16,9.218615e+17,1.069278e+17,1.239099e+08,9.918129e+15,1.452881e+19,2.310117e+18,1.606271e+07,9.239846e+13,4.964529e+16,4.363730e+16,3,49,N,N
6.346209e+06,3.919322e+13,2.901070e+15,2.791702e+15,7.645322e+06,2.657615e+13,1.488288e+16,3.462987e+15,1.387370e+06,1.704018e+12,1.578702e+14,1.363236e+14,0,102,N,N
2.568346e+06,6.519583e+12,4.775046e+14,4.714305e+14,2.722368e+06,5.832467e+12,1.067430e+15,5.399144e+14,1.690242e+05,2.381045e+10,9.638697e+10,4.699516e+10,1,0,N,N
5.471280e+07,2.604272e+15,1.714345e+17,2.052237e+16,6.255587e+07,1.963854e+15,3.663616e+18,7.206099e+17,1.153013e+07,6.603052e+13,3.273921e+16,3.182534e+16,0,36,N,N
2.058266e+06,4.143277e+12,1.932111e+15,1.902487e+15,2.461657e+06,3.292489e+12,9.280604e+14,2.323976e+15,4.294646e+05,1.646179e+11,2.605682e+13,2.469139e+13,0,18,N,N
8.822963e+06,7.129272e+13,2.346651e+15,3.640500e+14,1.065481e+07,5.161517e+13,5.601099e+16,1.319744e+16,2.211311e+06,3.435066e+12,6.508643e+14,6.775377e+14,2,97,N,N
1.285554e+08,9.670194e+14,1.803364e+18,4.643237e+16,9.027780e+07,4.836150e+15,2.333683e+18,2.259958e+17,5.921006e+07,1.470500e+15,2.857860e+17,2.884174e+16,2,79,N,N
3.398666e+07,1.128726e+15,1.034842e+17,9.203868e+16,3.824920e+07,1.052825e+15,9.368238e+17,1.430833e+17,4.671301e+06,1.821029e+13,3.748027e+15,3.910976e+15,3,79,N,N
9.597913e+05,9.130460e+11,1.376395e+14,1.376755e+14,1.143439e+06,6.205905e+11,2.313827e+14,1.562400e+14,1.881093e+05,3.389557e+10,1.576069e+12,1.490058e+12,3,86,N,N
8.889401e+06,7.737013e+13,2.510427e+16,2.479328e+16,9.857284e+06,6.841884e+13,3.498830e+16,2.344666e+16,1.065071e+06,9.369794e+11,3.251274e+13,1.959585e+13,1,94,N,N
4.599081e+06,2.076925e+13,8.439539e+15,8.305995e+15,5.111917e+06,1.788853e+13,7.919522e+15,8.501647e+15,5.597216e+05,2.642264e+11,3.319462e+13,2.919325e+13,1,48,N,N
4.519066e+08,1.046976e+17,2.415528e+19,4.874927e+18,4.495173e+08,1.113325e+17,2.454428e+20,4.417144e+19,1.369146e+08,5.878327e+14,2.837587e+18,2.302445e+18,0,98,N,N
1.101870e+07,1.187848e+14,2.043313e+16,2.022882e+16,1.130450e+07,1.130183e+14,3.290361e+16,2.086938e+16,4.059099e+05,8.508045e+10,2.019160e+12,3.556154e+11,1,61,N,N
9.078888e+05,8.150654e+11,7.779311e+12,7.674232e+12,1.225686e+06,4.156010e+11,2.933092e+14,1.344338e+13,3.229509e+05,1.013091e+11,2.953723e+12,2.790913e+12,0,96,N,N
9.194912e+05,8.034405e+11,1.495081e+13,5.920703e+12,1.199428e+06,1.414166e+12,9.015467e+12,9.975312e+12,3.034010e+05,7.848991e+10,1.559586e+12,2.909489e+11,2,37,N,N
9.910223e+05,9.721588e+11,4.194892e+13,4.161219e+13,1.252031e+06,5.659932e+11,2.522532e+14,5.374653e+13,2.662336e+05,6.829791e+10,1.239977e+12,1.131242e+12,0,84,N,N
3.197473e+05,1.010335e+11,1.067411e+12,1.029237e+12,4.352305e+05,5.837653e+10,2.500930e+13,1.567039e+12,1.174230e+05,1.333666e+10,5.478930e+10,2.746589e+10,0,97,N,N
1.624445e+07,2.441564e+14,7.343775e+15,1.050663e+15,2.009206e+07,2.243364e+14,8.217823e+16,4.159132e+15,4.472513e+06,1.480513e+13,7.980389e+14,5.826377e+14,0,74,N,N
5.395012e+05,2.894383e+11,4.677204e+13,4.665529e+13,7.347980e+05,1.195616e+11,1.403726e+14,7.524848e+13,1.968699e+05,3.815623e+10,3.497797e+10,1.292504e+10,1,104,N,N
2.239353e+06,4.914430e+12,1.076751e+15,1.060693e+15,2.906272e+06,2.890207e+12,1.180349e+15,1.401638e+15,6.916929e+05,4.478169e+11,5.046912e+13,4.756254e+13,1,88,N,N
5.843450e+05,3.399559e+11,6.402578e+13,6.374396e+13,6.354917e+05,2.999546e+11,6.717452e+13,6.432985e+13,5.261816e+04,2.621516e+09,3.435958e+10,3.169808e+10,0,80,N,N
2.399781e+06,5.690800e+12,8.639506e+13,8.322032e+13,2.611698e+06,4.830420e+12,1.183920e+15,1.669766e+14,2.262676e+05,4.491068e+10,1.921580e+11,1.282262e+11,0,34,N,N
1.899990e+06,3.555940e+12,5.532206e+14,5.448207e+14,2.541997e+06,2.290895e+12,1.283334e+15,5.745257e+14,6.575558e+05,4.129977e+11,4.239087e+12,2.872562e+12,1,92,N,N
3.009048e+07,8.451269e+14,2.925943e+16,3.829419e+15,3.179980e+07,7.549572e+14,5.164129e+17,6.771727e+16,2.729320e+06,3.242059e+12,3.368669e+14,3.568029e+14,0,25,N,N
4.687303e+06,2.139772e+13,3.498630e+15,3.383602e+15,6.040381e+06,1.466133e+13,8.530204e+15,3.715504e+15,1.418633e+06,1.844751e+12,6.567141e+13,5.022301e+13,0,70,N,N
3.590299e+06,1.273003e+13,5.523317e+14,5.432871e+14,4.169351e+06,9.417847e+12,2.787081e+15,6.187289e+14,6.018627e+05,3.357225e+11,2.225333e+13,2.064136e+13,0,3,N,N
1.217066e+07,1.421426e+14,7.825867e+14,3.344192e+14,1.650839e+07,6.318664e+13,1.820212e+17,1.936118e+16,4.586841e+06,1.882921e+13,1.001831e+14,9.722760e+12,0,59,N,N
1.671103e+07,2.702168e+14,2.532842e+16,2.042407e+16,1.814536e+07,2.536985e+14,1.259222e+17,2.678411e+16,1.720481e+06,2.077745e+12,1.533715e+14,1.624883e+14,2,81,N,N
1.269614e+07,1.558714e+14,1.192470e+16,1.127465e+16,1.363899e+07,1.346297e+14,5.194826e+16,1.621691e+16,1.154165e+06,8.908434e+11,8.550416e+13,5.616042e+13,2,61,N,N
4.069728e+03,1.649726e+07,3.368912e+07,3.322249e+07,5.185654e+03,1.310195e+07,7.663579e+08,5.845857e+07,1.124049e+03,1.257075e+06,9.463896e+05,7.595943e+05,2,64,N,N
2.741495e+06,7.438234e+12,3.301004e+14,3.259965e+14,2.837225e+06,7.008254e+12,7.232537e+14,3.457749e+14,1.099305e+05,9.176285e+09,6.978962e+10,4.044064e+10,0,95,N,N
1.112639e+06,1.225957e+12,1.851921e+14,1.842547e+14,1.432093e+06,6.964036e+11,4.262181e+14,2.039027e+14,3.253582e+05,1.026512e+11,1.153261e+12,1.021079e+12,0,0,N,N
1.123074e+05,1.256336e+10,1.069720e+12,1.063507e+12,1.285356e+05,1.408338e+10,1.427513e+12,9.687983e+11,1.644994e+04,2.633624e+08,1.065428e+09,1.087251e+09,1,49,N,N
2.847893e+06,7.992675e+12,2.681696e+15,2.645999e+15,3.126200e+06,7.565955e+12,2.286727e+15,2.772988e+15,3.003426e+05,7.770546e+10,3.769912e+12,3.217701e+12,3,62,N,N
7.486035e+06,5.429854e+13,3.506541e+15,3.309850e+15,8.703360e+06,3.803951e+13,2.331997e+16,5.152259e+15,1.336049e+06,1.487486e+12,2.750005e+14,2.371168e+14,0,53,N,N
2.657823e+05,7.020841e+10,8.450741e+12,8.407287e+12,3.553602e+05,4.217802e+10,2.073383e+13,7.215248e+12,9.056038e+04,8.024534e+09,4.072854e+10,3.766637e+10,1,33,N,N
3.448679e+04,1.156353e+09,4.531558e+09,1.786338e+09,9.125978e+04,6.749706e+09,5.909595e+11,4.751237e+11,5.726958e+04,3.223962e+09,2.505774e+11,2.451729e+11,0,79,N,N
1.888177e+07,3.476097e+14,1.746389e+17,1.730060e+17,1.978327e+07,3.149374e+14,2.345260e+17,1.796282e+17,1.147447e+06,8.204893e+11,4.883619e+13,2.472468e+13,0,92,N,N
1.022232e+06,1.035027e+12,3.467788e+13,3.423637e+13,1.232052e+06,6.864239e+11,2.639856e+14,4.782376e+13,2.147659e+05,4.404997e+10,4.018692e+11,3.402181e+11,1,82,N,N
6.247527e+06,3.796726e+13,1.116698e+15,9.599158e+14,7.036805e+06,2.915712e+13,1.051608e+16,1.419233e+15,8.758189e+05,6.237892e+11,9.807048e+13,8.499246e+13,1,90,N,N
6.644664e+07,4.253559e+15,1.599237e+18,1.521979e+18,7.715611e+07,3.094811e+15,6.852662e+18,2.207774e+18,1.226658e+07,1.147303e+14,3.784903e+16,4.470012e+16,2,58,N,N
5.810695e+06,3.316865e+13,3.574595e+12,3.512365e+11,6.442798e+06,2.631870e+13,8.294057e+15,5.656971e+14,6.836047e+05,4.006557e+11,2.708683e+13,2.369928e+13,0,39,N,N
1.184301e+06,1.387862e+12,1.044362e+13,9.434034e+12,1.259403e+06,1.217758e+12,1.389421e+14,2.528910e+13,8.138419e+04,5.685863e+09,1.983722e+10,1.288118e+10,2,68,N,N
1.876236e+06,3.427197e+12,3.572697e+13,2.923500e+13,2.866952e+06,8.933263e+11,3.175381e+15,5.012496e+14,1.015871e+06,9.816601e+11,5.575170e+12,4.834240e+12,2,71,N,N
3.890448e+06,1.474448e+13,3.843358e+15,3.602104e+15,4.592145e+06,1.754692e+13,4.987719e+15,3.122352e+15,7.586637e+05,4.932075e+11,1.522819e+13,8.447791e+12,0,17,N,N
1.206912e+06,1.443768e+12,9.845877e+13,9.697310e+13,1.302082e+06,1.297242e+12,1.920226e+14,1.022797e+14,1.005493e+05,9.065655e+09,2.646650e+10,1.572623e+10,1,96,N,N
4.623864e+05,2.107494e+11,5.258472e+12,5.229167e+12,1.016020e+06,1.204841e+10,2.117451e+14,1.192424e+14,5.569678e+05,3.066856e+11,1.592544e+13,1.609010e+13,3,77,N,N
1.072539e+08,1.021646e+16,6.445617e+17,7.408457e+16,1.176369e+08,8.239285e+15,1.447939e+19,2.316521e+18,1.656161e+07,1.279909e+14,4.730693e+16,4.435290e+16,2,75,N,N
1.095565e+07,1.166275e+14,2.221619e+16,2.155943e+16,1.171804e+07,1.040202e+14,3.469464e+16,2.210355e+16,9.201876e+05,5.812690e+11,7.377843e+13,5.356980e+13,3,63,N,N
1.557227e+08,2.000205e+16,2.757222e+18,3.112290e+17,1.588257e+08,1.921241e+16,1.810054e+19,2.519505e+18,1.740333e+07,3.971690e+13,2.736234e+16,2.637884e+16,2,67,N,N
1.837968e+07,3.001760e+14,1.374172e+16,1.933540e+15,2.245020e+07,1.969014e+14,3.291960e+17,7.377721e+16,5.124808e+06,1.683135e+13,3.478780e+15,3.653575e+15,3,97,N,N
2.164200e+08,2.764269e+16,7.773062e+18,8.869776e+17,2.212002e+08,3.150688e+16,4.427060e+19,8.084631e+18,5.541608e+07,2.312125e+14,4.086668e+17,4.561777e+17,0,73,N,N
2.802901e+06,7.763644e+12,4.698622e+15,4.653263e+15,3.059521e+06,7.507871e+12,4.631334e+15,4.642686e+15,2.763621e+05,6.594254e+10,6.552596e+11,1.566692e+11,2,94,N,N
3.635785e+07,1.277709e+15,1.478062e+17,1.224578e+17,4.176938e+07,1.145386e+15,1.347617e+18,2.254680e+17,6.067822e+06,2.938623e+13,8.054112e+15,8.728717e+15,1,87,N,N
8.785700e+06,7.538283e+13,8.994774e+15,8.774860e+15,9.379712e+06,6.602179e+13,1.635767e+16,9.646860e+15,6.988562e+05,3.540525e+11,3.904383e+13,3.092450e+13,0,15,N,N
1.914303e+07,3.462627e+14,1.323375e+16,6.310791e+15,2.231693e+07,3.272528e+14,2.792228e+17,4.442616e+16,3.723701e+06,1.018086e+13,2.114525e+15,2.294373e+15,0,38,N,N
4.393763e+08,1.383192e+17,4.330761e+18,4.658469e+17,5.728960e+08,8.575516e+16,6.025570e+20,2.613734e+20,2.017152e+08,1.849427e+16,3.678896e+19,4.869615e+19,2,72,N,N
6.034757e+06,3.563587e+13,9.787679e+15,9.734664e+15,6.724332e+06,2.784941e+13,1.517664e+16,1.115574e+16,7.578427e+05,4.761887e+11,5.140563e+13,4.373484e+13,0,48,N,N
6.143019e+08,1.624549e+17,6.088868e+19,7.576127e+18,5.684135e+08,2.038019e+17,3.534627e+20,5.639688e+19,1.683200e+08,3.983256e+15,3.623024e+18,1.643583e+18,0,99,N,N
2.819343e+06,7.790804e+12,2.772524e+15,2.722973e+15,3.418298e+06,5.983876e+12,1.452504e+15,3.313693e+15,6.331160e+05,3.635405e+11,4.287925e+13,3.988362e+13,0,100,N,N
5.591123e+06,2.978544e+13,3.459461e+14,6.165582e+13,7.511112e+06,1.516848e+13,2.369945e+16,1.937591e+15,2.054141e+06,3.711158e+12,4.758227e+13,3.246677e+13,2,60,N,N
6.270670e+07,3.520697e+15,2.500617e+17,3.179610e+16,6.540891e+07,3.313010e+15,2.307696e+18,3.128798e+17,6.075107e+06,1.050555e+13,3.124943e+15,2.910046e+15,0,23,N,N
5.989517e+05,3.560765e+11,9.614252e+13,9.558889e+13,6.449685e+05,3.162551e+11,1.075794e+14,9.836072e+13,4.849313e+04,2.118081e+09,1.912650e+09,2.966671e+08,0,49,N,N
1.558395e+07,2.364944e+14,3.172739e+15,2.968519e+15,1.642064e+07,2.114808e+14,5.557618e+16,7.893336e+15,1.042276e+06,7.079953e+11,3.971249e+13,2.340892e+13,0,94,N,N
7.035638e+05,4.919582e+11,5.013818e+13,4.996738e+13,7.624921e+05,4.140900e+11,9.797727e+13,5.661672e+13,6.115397e+04,3.473160e+09,2.881944e+10,2.222560e+10,1,38,N,N
6.207988e+06,3.769243e+13,1.872147e+16,1.847154e+16,7.395063e+06,2.576061e+13,2.023761e+16,2.154932e+16,1.262298e+06,1.411744e+12,7.444789e+13,5.758947e+13,3,92,N,N
2.853309e+07,7.827400e+14,1.359627e+16,2.968660e+15,3.079280e+07,6.645522e+14,5.963765e+17,8.905115e+16,2.815661e+06,5.406615e+12,7.338326e+14,7.588373e+14,3,81,N,N
3.520418e+05,1.233814e+11,9.810646e+12,9.825049e+12,4.667087e+05,5.726573e+10,4.007198e+13,1.279974e+13,1.154519e+05,1.316030e+10,1.798491e+11,1.748136e+11,0,88,N,N
2.556810e+07,6.025975e+14,5.613100e+16,2.334359e+16,3.055212e+07,8.306292e+14,1.559301e+17,2.025125e+16,6.039777e+06,2.484264e+13,3.711486e+15,2.626427e+15,1,81,N,N
9.311246e+07,7.805396e+15,3.984763e+17,4.588055e+16,1.004096e+08,6.673998e+15,8.794197e+18,1.428999e+18,1.207662e+07,6.318078e+13,3.191962e+16,3.020023e+16,1,69,N,N
4.583387e+06,2.066032e+13,2.966522e+14,2.841867e+14,4.842122e+06,1.855726e+13,2.433427e+15,4.199644e+14,2.971205e+05,6.723242e+10,5.322634e+12,4.523108e+12,0,54,N,N
1.533442e+08,2.063247e+16,1.654892e+18,2.787613e+17,1.738468e+08,1.695525e+16,4.046005e+19,7.177249e+18,3.030711e+07,4.588982e+14,2.533124e+17,2.774890e+17,1,56,N,N
2.560292e+05,6.366191e+10,1.712329e+11,3.220113e+10,3.232955e+05,9.047023e+10,2.303181e+12,6.722596e+11,7.112516e+04,4.530877e+09,1.923992e+11,1.923434e+11,0,85,N,N
2.469687e+07,5.575870e+14,3.037045e+16,5.939331e+15,2.893138e+07,6.838683e+14,2.349217e+17,3.625092e+16,5.327898e+06,1.795217e+13,2.623064e+15,2.559300e+15,3,47,N,N
6.252543e+06,3.796222e+13,4.431018e+15,4.269985e+15,7.073725e+06,3.309007e+13,6.344511e+15,4.286541e+15,9.136303e+05,6.783044e+11,1.156028e+14,1.040534e+14,0,58,N,N
5.844701e+06,3.355093e+13,9.061952e+15,8.890568e+15,6.174472e+06,3.213976e+13,9.155087e+15,8.890693e+15,3.860963e+05,1.090851e+11,5.000415e+12,3.661617e+12,2,54,N,N
1.427998e+06,2.023672e+12,1.339115e+14,1.336725e+14,1.757531e+06,1.229200e+12,6.142884e+14,1.799988e+14,3.350213e+05,1.086260e+11,8.351357e+11,7.699539e+11,3,55,N,N
6.704036e+06,4.381812e+13,1.350209e+16,1.325235e+16,7.451140e+06,3.734238e+13,1.530032e+16,1.348216e+16,8.383012e+05,5.601276e+11,6.258200e+13,5.137851e+13,1,58,N,N
1.003688e+07,9.491939e+13,2.374979e+15,5.252055e+14,1.113235e+07,8.918179e+13,4.662938e+16,6.847671e+15,1.390527e+06,1.238273e+12,1.584566e+14,1.743610e+14,0,2,N,N
2.049362e+06,4.117462e+12,2.330387e+14,2.159713e+14,2.760087e+06,2.550089e+12,1.505710e+15,3.917955e+14,7.312708e+05,5.051739e+11,1.290539e+12,3.870263e+11,1,46,N,N
3.809560e+06,1.425252e+13,7.413443e+15,7.330413e+15,4.273964e+06,1.140334e+13,5.319889e+15,8.342047e+15,5.032808e+05,2.175365e+11,2.236090e+13,1.991525e+13,0,101,N,N
2.034494e+06,3.959994e+12,3.990592e+13,5.292530e+12,3.058215e+06,1.217683e+12,4.096856e+15,8.826491e+14,1.068351e+06,1.060757e+12,4.128919e+13,4.024495e+13,0,43,N,N
3.719452e+07,1.324263e+15,2.399327e+16,5.701100e+15,3.952369e+07,1.180770e+15,8.318625e+17,1.097966e+17,3.135928e+06,5.640679e+12,5.441928e+14,6.254215e+14,0,42,N,N
3.643454e+06,1.282606e+13,8.066030e+15,7.837725e+15,4.731216e+06,1.216362e+13,4.239656e+15,9.460836e+15,1.158684e+06,1.186991e+12,1.607823e+14,1.457574e+14,2,93,N,N
2.568799e+07,6.084241e+14,2.263210e+16,6.348368e+15,3.043175e+07,5.337701e+14,3.892733e+17,3.947280e+16,5.769860e+06,2.259175e+13,4.788858e+14,5.330009e+13,0,103,N,N
3.096279e+08,6.582939e+16,1.499315e+19,1.694817e+18,3.207164e+08,6.093005e+16,1.234564e+20,2.123338e+19,6.420994e+07,9.829431e+14,9.581826e+17,7.286722e+17,2,85,N,N
4.067806e+05,1.634402e+11,4.377779e+12,4.305479e+12,8.566307e+05,3.841969e+10,1.214270e+14,5.856854e+13,4.524289e+05,2.025991e+11,9.392025e+12,9.553980e+12,1,77,N,N
1.497576e+05,2.091808e+10,2.179113e+11,1.127598e+11,5.872571e+05,3.146205e+11,3.426046e+13,2.936329e+13,4.426264e+05,1.914703e+11,1.631350e+13,1.605653e+13,1,91,N,N
8.410570e+04,6.868527e+09,1.010765e+10,1.296152e+09,1.875317e+05,2.964940e+10,1.564753e+11,8.388378e+10,1.046911e+05,1.071414e+10,5.803752e+10,5.795049e+10,2,87,N,N
1.428180e+06,2.013715e+12,2.053640e+14,2.033932e+14,1.875763e+06,1.078124e+12,7.398655e+14,2.370434e+14,4.572288e+05,2.007341e+11,1.331432e+13,1.261038e+13,1,43,N,N
1.504785e+05,2.146914e+10,1.228408e+11,1.859008e+10,3.479599e+05,9.244552e+10,2.628386e+13,1.662049e+13,2.014377e+05,3.912773e+10,7.797691e+12,7.760424e+12,3,88,N,N
7.295055e+07,5.056395e+15,1.747724e+17,3.859382e+16,8.263152e+07,4.176048e+15,7.341833e+18,1.322588e+18,1.153211e+07,9.848888e+13,5.216965e+16,5.206958e+16,1,45,N,N
5.256992e+06,2.689173e+13,5.785997e+15,5.675454e+15,6.640125e+06,1.621529e+13,1.216400e+16,6.988805e+15,1.458252e+06,1.926261e+12,1.415045e+14,1.206506e+14,3,102,N,N
4.808498e+06,2.266292e+13,1.242519e+15,1.206739e+15,5.343149e+06,1.786790e+13,6.096650e+15,1.776596e+15,5.829338e+05,2.858693e+11,2.164065e+13,1.837366e+13,0,52,N,N
6.228147e+06,3.788818e+13,3.428944e+15,3.378485e+15,6.782080e+06,3.137982e+13,9.621636e+15,4.283842e+15,6.267437e+05,3.070646e+11,3.530731e+13,3.055050e+13,1,53,N,N
1.032420e+06,1.055200e+12,1.594584e+14,1.571970e+14,1.178116e+06,1.012301e+12,1.701727e+14,1.548016e+14,1.513746e+05,2.127579e+10,1.850512e+11,1.471951e+11,1,34,N,N
2.412404e+06,5.735639e+12,3.037355e+13,2.915703e+13,2.876847e+06,3.759188e+12,1.882898e+15,1.793734e+14,4.819936e+05,2.165918e+11,7.193025e+12,6.364750e+12,1,100,N,N
5.149762e+05,2.626107e+11,5.168677e+13,5.124154e+13,6.283298e+05,2.520985e+11,5.732353e+13,4.913766e+13,1.166655e+05,1.291253e+10,5.300789e+10,4.729223e+10,1,93,N,N
2.726956e+08,5.773568e+16,3.637281e+17,1.450910e+17,3.029688e+08,4.419962e+16,1.269219e+20,2.427848e+19,6.316671e+07,9.354683e+14,6.286150e+17,8.481982e+17,2,73,N,N
3.965545e+06,1.550574e+13,3.850135e+15,3.814063e+15,4.333959e+06,1.362873e+13,4.476399e+15,3.847163e+15,3.995240e+05,1.358522e+11,6.103438e+12,5.359006e+12,0,75,N,N
6.656986e+06,4.259500e+13,1.573794e+15,1.367883e+15,8.813883e+06,2.016340e+13,2.951310e+16,3.029774e+15,2.288439e+06,4.665888e+12,5.266646e+14,4.679430e+14,2,83,N,N
1.310206e+07,1.623286e+14,2.055151e+15,5.019532e+14,1.663693e+07,8.620998e+13,1.530620e+17,9.418515e+15,3.896109e+06,1.249576e+13,9.724169e+14,7.792974e+14,1,83,N,N
4.120931e+07,1.518976e+15,9.731838e+16,1.145759e+16,4.445662e+07,1.407891e+15,1.098591e+18,1.542902e+17,5.484048e+06,1.120741e+13,1.818102e+15,1.846439e+15,0,47,N,N
6.695051e+07,3.774365e+15,3.019557e+17,3.497207e+16,7.687233e+07,2.812243e+15,5.870176e+18,1.152165e+18,1.544350e+07,1.041222e+14,5.364046e+16,5.061085e+16,1,36,N,N
5.094898e+06,2.544151e+13,6.006446e+15,5.934215e+15,5.340583e+06,2.359925e+13,6.055700e+15,6.089896e+15,3.000872e+05,6.105613e+10,5.153140e+12,4.211474e+12,0,1,N,N
3.058977e+06,9.220235e+12,3.073062e+15,3.042516e+15,3.554301e+06,6.859059e+12,3.094586e+15,3.369314e+15,5.219492e+05,2.458358e+11,2.760374e+13,2.645358e+13,2,55,N,N
2.892823e+06,8.251161e+12,6.288424e+15,6.239079e+15,3.327104e+06,6.578849e+12,4.593047e+15,6.846297e+15,4.594487e+05,1.890420e+11,1.816549e+13,1.694622e+13,3,76,N,N
3.309363e+07,9.715696e+14,5.319605e+16,5.979914e+15,3.554172e+07,8.271698e+14,7.770289e+17,1.107551e+17,4.371714e+06,7.524940e+12,1.200340e+15,1.106961e+15,0,65,N,N
5.036394e+06,2.490496e+13,6.958407e+15,6.877508e+15,5.648850e+06,2.020585e+13,6.077637e+15,7.549999e+15,6.633368e+05,3.786808e+11,5.256238e+13,4.818555e+13,0,104,N,N
6.099216e+05,3.701067e+11,2.410341e+13,2.390180e+13,8.885075e+05,1.624795e+11,1.667570e+14,6.443763e+13,2.803219e+05,7.764588e+10,5.766374e+12,5.822466e+12,0,6,N,N
2.885487e+06,8.192084e+12,1.750048e+14,1.705919e+14,3.176431e+06,6.795663e+12,1.481798e+15,2.146623e+14,3.146261e+05,8.475077e+10,5.420168e+12,5.066049e+12,0,51,N,N
1.399661e+04,1.912592e+08,1.630014e+09,1.474281e+09,3.200654e+04,9.773700e+08,9.504582e+09,1.404711e+09,1.819535e+04,3.245667e+08,1.063562e+09,8.543662e+08,1,98,N,N
7.971036e+05,6.319312e+11,3.270810e+13,3.258418e+13,1.014353e+06,3.433753e+11,2.199803e+14,4.446816e+13,2.194651e+05,4.721676e+10,5.699779e+11,5.292114e+11,1,80,N,N
1.117727e+07,1.199921e+14,6.956800e+14,1.635725e+14,1.357281e+07,7.486024e+13,9.060487e+16,6.851319e+15,2.618776e+06,5.741715e+12,3.009934e+14,2.148557e+14,0,71,N,N
8.246412e+05,6.753507e+11,1.050726e+13,1.055079e+13,1.066322e+06,3.464690e+11,2.415174e+14,4.682736e+13,2.446100e+05,5.844380e+10,2.642696e+10,6.889702e+09,1,78,N,N
1.040254e+07,1.045231e+14,6.886973e+14,2.840822e+14,1.175335e+07,7.873951e+13,4.281161e+16,2.667282e+15,1.530098e+06,1.829323e+12,2.798081e+14,2.274938e+14,0,90,N,N
8.088067e+05,6.485431e+11,1.150334e+14,1.139869e+14,8.436486e+05,6.076379e+11,1.126457e+14,1.175156e+14,3.860271e+04,1.224128e+09,4.015881e+10,3.340570e+10,3,57,N,N
5.566789e+06,3.018553e+13,2.245968e+15,2.093761e+15,7.058953e+06,1.944229e+13,1.404347e+16,3.145672e+15,1.568628e+06,2.230540e+12,3.412737e+13,2.177641e+13,0,20,N,N
1.103740e+06,1.206222e+12,1.811594e+13,1.765807e+13,1.140090e+06,1.128634e+12,7.403836e+13,2.517782e+13,4.181635e+04,1.322458e+09,2.327102e+10,1.747853e+10,2,57,N,N
1.951352e+07,3.588362e+14,5.290359e+15,9.530198e+14,2.253854e+07,2.542053e+14,2.882077e+17,3.071059e+16,3.595645e+06,9.181715e+12,1.687380e+14,2.894884e+13,2,103,N,N
1.703880e+06,2.848230e+12,1.333323e+14,1.264868e+14,2.431425e+06,1.477770e+12,1.169571e+15,2.086786e+14,7.439369e+05,5.294226e+11,5.337033e+12,4.349333e+12,2,88,N,N
5.546902e+05,3.051553e+11,1.738844e+14,1.733853e+14,6.549507e+05,2.236991e+11,1.138763e+14,1.981340e+14,1.033055e+05,1.008598e+10,2.975053e+11,2.758963e+11,0,82,N,N
1.435153e+06,1.948545e+12,4.027841e+13,2.338275e+13,1.805983e+06,3.101516e+12,9.072680e+13,8.321113e+13,4.110998e+05,1.382533e+11,6.364701e+12,4.034812e+12,3,50,N,N
2.092590e+06,4.231849e+12,6.730444e+13,2.554838e+13,2.436751e+06,4.580710e+12,7.300386e+14,9.746900e+13,3.796094e+05,1.194139e+11,2.748177e+12,2.914055e+12,0,35,N,N
6.637304e+07,3.867412e+15,3.044763e+17,3.451340e+16,6.912594e+07,3.549294e+15,2.778338e+18,3.955348e+17,6.937541e+06,1.669053e+13,4.517238e+15,4.366368e+15,1,85,N,N
1.070846e+07,1.111495e+14,1.072343e+16,1.029922e+16,1.161921e+07,9.560161e+13,2.302150e+16,1.049989e+16,1.077070e+06,8.314805e+11,1.799206e+14,1.533888e+14,0,89,N,N
3.144176e+06,9.793522e+12,7.933536e+12,6.281584e+12,3.415928e+06,8.230082e+12,2.512213e+15,2.880587e+14,2.865369e+05,7.384957e+10,3.261490e+10,4.320160e+10,2,56,N,N
2.089853e+05,4.325614e+10,9.039650e+11,9.040610e+11,2.730587e+05,2.085046e+10,9.565802e+12,1.499269e+12,6.510461e+04,4.112433e+09,3.464791e+11,3.388074e+11,1,79,N,N
1.393867e+05,1.938133e+10,3.301440e+11,3.238458e+11,1.644242e+05,1.310083e+10,4.338633e+12,9.326760e+11,2.520788e+04,6.287855e+08,1.110996e+10,1.105371e+10,0,69,N,N
1.366489e+06,1.842213e+12,3.720574e+14,3.667888e+14,1.551573e+06,1.626107e+12,3.273638e+14,3.950784e+14,1.951940e+05,3.440560e+10,4.080630e+11,3.223198e+11,2,96,N,N
5.255129e+07,2.552380e+15,1.156456e+17,2.234935e+16,5.799042e+07,2.268400e+15,2.429033e+18,3.683428e+17,7.486013e+06,3.036516e+13,7.794154e+15,8.554544e+15,0,87,N,N
3.394173e+06,1.137091e+13,2.909688e+14,2.750976e+14,3.656590e+06,1.101473e+13,1.954160e+15,3.292678e+14,2.851246e+05,6.889319e+10,8.838912e+11,1.080819e+12,0,21,N,N
4.844809e+07,2.191537e+15,9.249396e+16,1.249613e+16,5.139296e+07,2.025985e+15,1.494763e+18,2.088512e+17,4.581839e+06,9.703871e+12,2.483359e+15,2.524929e+15,0,46,N,N
5.329423e+06,2.775047e+13,1.934241e+14,1.497730e+14,5.940315e+06,2.175179e+13,5.192546e+15,4.200187e+14,6.726122e+05,3.740659e+11,5.287535e+13,4.749533e+13,1,89,N,N
1.259849e+07,1.522897e+14,2.698963e+15,1.734955e+15,1.449000e+07,1.098750e+14,7.220730e+16,6.137039e+15,2.150802e+06,3.582259e+12,4.355894e+14,3.425984e+14,1,60,N,N
8.501894e+06,6.997071e+13,4.795583e+14,2.956585e+14,1.039777e+07,4.187029e+13,5.034964e+16,3.823024e+15,2.033653e+06,3.597908e+12,2.012425e+14,1.471461e+14,1,37,N,N
3.527754e+06,1.229736e+13,5.548385e+15,5.500348e+15,3.617741e+06,1.202161e+13,5.265814e+15,5.568164e+15,1.127963e+05,8.101029e+09,4.251697e+11,3.610012e+11,1,76,N,N
1.771390e+08,2.493133e+16,3.942491e+18,4.499261e+17,1.802776e+08,2.489277e+16,2.309975e+19,3.354572e+18,2.247703e+07,5.070805e+13,4.872691e+16,5.340870e+16,3,67,N,N
8.762241e+07,7.031981e+15,3.265396e+17,3.663906e+16,9.655777e+07,5.856227e+15,9.425491e+18,1.506309e+18,1.270866e+07,8.539813e+13,2.889204e+16,2.934625e+16,0,44,N,N
2.076759e+06,4.263450e+12,1.749048e+15,1.744081e+15,2.363623e+06,3.160894e+12,1.653747e+15,2.053948e+15,2.996378e+05,8.249105e+10,5.317766e+12,4.843484e+12,1,101,N,N
1.077570e+07,1.089327e+14,2.216294e+15,2.477201e+14,1.328567e+07,6.804948e+13,8.851970e+16,8.814394e+15,2.848624e+06,6.325750e+12,7.838069e+13,1.985560e+13,1,74,N,N
9.638130e+06,9.011138e+13,2.800246e+16,2.748902e+16,1.047146e+07,7.914135e+13,2.818222e+16,2.851625e+16,9.866852e+05,7.131548e+11,9.494737e+13,7.559321e+13,2,74,N,N
4.451897e+05,1.958313e+11,2.240127e+13,2.217645e+13,5.225785e+05,1.969211e+11,2.144319e+13,2.251786e+13,8.010258e+04,6.003437e+09,7.156128e+10,6.306015e+10,1,25,N,N
1.474936e+07,2.123259e+14,1.045140e+16,1.017283e+16,1.567282e+07,1.895612e+14,5.854310e+16,1.243737e+16,1.101739e+06,8.609638e+11,3.040603e+13,1.251376e+13,3,94,N,N
2.864394e+05,8.164509e+10,1.518274e+13,1.511944e+13,3.557002e+05,6.522480e+10,2.217010e+13,1.377904e+13,6.998953e+04,4.798748e+09,4.300718e+09,1.416405e+09,1,68,N,N
4.424873e+06,1.916253e+13,4.420938e+15,4.356009e+15,5.075962e+06,1.565083e+13,5.234088e+15,4.475779e+15,7.001503e+05,4.272489e+11,4.830778e+13,4.286387e+13,3,58,N,N
4.237058e+06,1.755901e+13,2.509583e+15,2.455937e+15,4.792720e+06,1.384652e+13,4.639757e+15,2.603943e+15,6.050144e+05,3.098166e+11,3.670119e+13,3.278930e+13,0,31,N,N
4.435943e+06,1.926562e+13,6.953420e+15,6.839907e+15,5.256463e+06,1.609354e+13,5.957000e+15,7.302304e+15,8.720432e+05,6.762514e+11,7.437219e+13,6.707402e+13,3,52,N,N
2.617375e+05,6.809778e+10,1.449270e+12,1.431944e+12,2.992861e+05,4.995492e+10,9.997039e+12,2.698512e+12,3.833077e+04,1.417878e+09,2.273040e+09,5.195189e+08,0,33,N,N
1.494571e+07,2.141830e+14,7.210688e+15,5.385692e+15,1.705329e+07,1.641294e+14,1.040017e+17,1.053746e+16,2.421040e+06,4.442486e+12,5.038960e+14,3.492097e+14,2,90,N,N
1.977983e+06,3.863919e+12,1.524452e+13,1.285622e+13,2.219637e+06,3.063930e+12,8.422862e+14,7.186770e+13,2.539642e+05,5.846098e+10,8.707152e+11,7.753415e+11,1,42,N,N
1.703894e+06,2.882482e+12,4.700534e+13,4.537206e+13,1.742686e+06,2.754758e+12,2.139465e+14,6.279640e+13,4.494340e+04,1.520151e+09,4.160138e+09,4.368872e+08,1,50,N,N
6.889584e+06,4.662175e+13,1.916238e+16,1.895863e+16,7.350306e+06,4.334911e+13,2.099109e+16,1.874374e+16,5.255561e+05,2.127063e+11,3.396390e+12,1.120438e+12,1,102,N,N
3.746164e+08,6.427410e+16,1.788550e+19,1.872512e+18,3.650368e+08,7.177021e+16,1.546371e+20,2.905253e+19,1.134767e+08,9.519901e+14,1.580920e+18,1.242944e+18,3,73,N,N
2.648762e+05,6.929848e+10,1.369203e+13,1.361209e+13,5.123475e+05,5.944422e+10,1.843155e+13,1.413295e+13,2.493467e+05,6.135973e+10,8.135095e+11,7.732295e+11,2,77,N,N
2.031357e+07,3.807570e+14,1.222414e+16,1.529178e+15,2.214056e+07,3.177027e+14,2.746872e+17,4.057720e+16,2.627564e+06,3.821569e+12,5.173321e+14,5.323384e+14,3,65,N,N
3.293702e+06,1.064394e+13,1.040609e+15,1.023212e+15,3.903539e+06,8.508598e+12,1.989916e+15,9.716489e+14,6.415111e+05,3.741858e+11,4.875523e+13,4.570990e+13,0,57,N,N
4.450880e+07,1.884588e+15,1.163049e+17,6.536426e+16,4.971152e+07,1.720710e+15,1.767890e+18,2.619345e+17,6.317959e+06,2.809641e+13,7.899760e+15,8.126044e+15,1,51,N,N
3.621059e+06,1.288518e+13,3.533759e+14,3.422296e+14,4.207409e+06,9.343547e+12,2.772396e+15,4.246639e+14,6.179635e+05,3.445727e+11,5.104108e+13,4.868900e+13,3,51,N,N
6.441511e+06,4.089313e+13,1.021305e+16,1.011786e+16,6.642448e+06,3.835577e+13,1.296385e+16,1.048887e+16,2.492183e+05,4.072412e+10,2.548899e+12,1.851624e+12,0,66,N,N
2.786585e+07,7.186512e+14,1.864465e+16,2.084362e+15,3.228517e+07,5.314444e+14,5.798628e+17,5.142516e+16,5.477564e+06,1.973466e+13,8.773223e+14,3.697056e+14,0,60,N,N
7.981410e+06,6.208296e+13,3.600225e+16,3.537940e+16,8.880893e+06,5.701797e+13,3.404889e+16,3.560102e+16,1.009589e+06,8.132095e+11,7.395306e+13,5.299497e+13,2,12,N,N
2.991970e+06,8.860119e+12,2.302511e+15,2.282679e+15,3.058951e+06,8.508597e+12,2.529764e+15,2.316991e+15,8.327149e+04,4.493423e+09,8.781703e+10,3.741502e+10,1,66,N,N
1.065752e+08,1.007547e+16,8.284065e+17,1.418659e+17,1.157425e+08,9.262853e+15,1.153311e+19,1.943190e+18,1.540395e+07,9.745669e+13,7.648648e+16,7.768257e+16,2,95,N,N
3.340436e+06,1.096473e+13,8.168610e+15,8.106234e+15,4.100587e+06,6.956861e+12,6.196477e+15,9.468524e+15,7.956680e+05,5.797952e+11,5.929947e+13,5.404134e+13,1,44,N,N
4.685622e+07,2.044363e+15,1.142847e+17,4.239128e+16,5.344189e+07,1.932987e+15,1.963413e+18,3.026015e+17,8.258105e+06,4.370511e+13,1.259408e+16,1.343090e+16,3,87,N,N
7.725288e+07,5.797489e+15,1.156142e+18,1.069279e+18,8.995269e+07,4.548915e+15,1.033162e+19,2.195218e+18,1.400049e+07,1.617292e+14,8.843764e+16,9.527792e+16,1,71,N,N
1.915482e+06,3.613852e+12,2.477879e+13,2.317655e+13,2.367787e+06,2.122329e+12,1.574781e+15,1.686570e+14,4.668605e+05,2.047043e+11,9.015838e+11,5.753256e+11,2,86,N,N
9.390280e+06,8.574424e+13,1.724659e+14,2.073934e+13,1.093115e+07,5.958494e+13,4.131910e+16,2.519915e+15,1.671334e+06,2.375732e+12,2.105965e+14,1.717645e+14,0,37,N,N
1.709035e+06,2.889923e+12,7.328400e+14,7.266059e+14,1.775259e+06,2.800511e+12,7.238204e+14,7.281548e+14,7.604276e+04,4.423297e+09,8.310144e+10,6.029376e+10,1,41,N,N
1.497093e+06,2.191871e+12,9.389901e+14,9.198059e+14,1.909993e+06,2.045640e+12,5.696352e+14,1.071021e+15,4.318779e+05,1.710655e+11,1.115260e+13,9.886580e+12,3,82,N,N
1.281567e+07,1.595713e+14,3.428932e+16,3.363531e+16,1.314131e+07,1.550345e+14,4.028750e+16,3.283450e+16,5.136783e+05,1.070876e+11,9.547726e+12,4.944110e+12,2,89,N,N
9.412271e+06,8.610824e+13,5.466594e+15,5.262364e+15,1.094327e+07,6.151524e+13,2.973902e+16,6.624498e+15,1.664130e+06,2.347464e+12,5.461857e+14,5.051234e+14,0,50,N,N
4.728566e+06,2.196586e+13,1.240673e+15,1.219275e+15,4.926221e+06,2.052834e+13,2.933963e+15,1.639815e+15,2.395798e+05,3.910698e+10,7.963107e+11,4.917824e+11,2,101,N,N
2.388875e+06,5.618922e+12,2.397070e+15,2.372313e+15,2.576903e+06,4.911654e+12,1.933187e+15,2.566422e+15,2.086867e+05,3.542096e+10,4.672516e+12,4.416373e+12,0,29,N,N
4.297580e+07,1.747336e+15,5.455097e+16,1.446585e+16,4.595056e+07,1.517505e+15,1.362226e+18,1.950044e+17,4.150929e+06,9.724789e+12,1.460420e+15,1.504505e+15,0,81,N,N
2.072236e+07,3.937960e+14,1.283279e+16,1.479126e+15,2.490900e+07,2.467899e+14,4.641526e+17,1.020143e+17,5.065011e+06,1.810503e+13,4.888832e+15,5.237139e+15,1,97,N,N
1.430437e+08,1.681747e+16,2.305672e+18,2.610041e+17,1.453909e+08,1.635755e+16,1.427904e+19,1.967584e+18,1.572176e+07,4.342533e+13,2.118322e+16,1.982266e+16,1,67,N,N
1.193134e+07,1.361547e+14,1.879566e+15,1.041298e+15,1.603255e+07,6.223799e+13,1.681321e+17,1.318135e+16,4.365374e+06,1.682557e+13,5.318432e+14,2.800452e+14,0,78,N,N
8.880686e+06,7.602660e+13,3.381969e+14,1.158186e+14,1.146452e+07,3.764560e+13,7.133327e+16,4.385928e+15,2.745221e+06,6.685572e+12,4.181483e+14,3.151816e+14,2,78,N,N
4.246909e+07,1.633063e+15,8.790912e+16,1.028965e+16,4.657743e+07,1.514606e+15,1.316620e+18,1.992995e+17,6.171516e+06,1.765572e+13,3.391499e+15,3.587851e+15,2,47,N,N
3.234590e+06,1.027472e+13,1.681734e+14,1.631406e+14,3.535197e+06,8.599761e+12,1.435531e+15,2.179189e+14,3.299699e+05,9.135957e+10,1.019768e+13,9.259103e+12,2,63,N,N
2.897398e+06,8.149022e+12,7.821913e+13,8.861414e+12,3.075699e+06,7.173448e+12,1.837386e+15,2.507971e+14,2.210912e+05,3.375965e+10,1.499482e+12,1.518721e+12,0,72,N,N
3.811915e+06,1.427337e+13,2.055934e+15,1.999232e+15,4.210864e+06,1.339044e+13,3.056079e+15,1.925530e+15,4.339578e+05,1.591739e+11,3.296613e+12,2.316812e+12,0,9,N,N
2.719648e+05,7.329927e+10,7.820610e+12,7.685498e+12,3.198048e+05,6.915943e+10,5.777365e+12,8.456775e+12,4.909429e+04,2.290510e+09,4.889460e+10,4.510104e+10,3,85,N,N
1.036375e+07,1.037109e+14,7.664043e+14,3.762790e+14,1.258987e+07,6.385989e+13,7.074581e+16,6.106598e+15,2.406379e+06,4.963330e+12,1.566983e+14,9.849763e+13,2,70,N,N
7.241394e+06,5.140173e+13,7.747098e+15,7.670885e+15,8.812843e+06,3.147695e+13,2.815809e+16,1.016032e+16,1.644629e+06,2.474423e+12,1.258514e+14,1.070781e+14,2,59,N,N
7.655823e+06,5.735690e+13,1.140950e+15,1.077859e+15,8.299672e+06,4.925539e+13,9.953331e+15,1.462416e+15,7.268087e+05,4.185843e+11,3.293914e+13,2.679078e+13,1,12,N,N
1.361586e+07,1.755570e+14,1.520765e+16,1.181638e+16,1.751287e+07,1.274043e+14,7.164096e+16,1.428587e+16,4.274835e+06,1.524857e+13,3.365630e+15,2.903711e+15,3,83,N,N
1.787081e+06,3.140450e+12,1.147738e+15,1.135398e+15,2.134812e+06,2.282676e+12,7.492500e+14,1.370278e+15,3.633461e+05,1.211386e+11,1.078712e+13,1.018681e+13,0,62,N,N
1.699210e+05,2.875579e+10,2.137229e+11,2.119212e+11,1.979663e+05,2.221020e+10,1.990969e+12,2.406788e+11,2.840022e+04,7.866591e+08,1.194074e+10,1.133008e+10,3,64,N,N
2.301399e+06,5.227682e+12,7.582465e+14,7.543695e+14,2.507301e+06,4.550335e+12,1.032299e+15,7.851030e+14,2.209589e+05,4.255676e+10,1.187776e+12,1.003228e+12,2,69,N,N
4.925681e+07,2.338810e+15,2.318424e+17,1.928032e+17,5.490668e+07,2.118588e+15,2.288945e+18,3.653563e+17,6.588548e+06,3.223670e+13,7.578016e+15,8.188957e+15,1,47,N,N
3.121474e+06,9.627907e+12,6.090732e+14,6.046377e+14,3.330083e+06,8.692104e+12,2.166022e+15,9.753074e+14,2.272711e+05,4.351960e+10,8.576245e+10,8.652252e+09,1,75,N,N
1.559090e+07,2.342230e+14,5.083452e+16,4.923755e+16,1.934979e+07,1.443051e+14,1.537067e+17,6.300764e+16,4.059060e+06,1.418378e+13,1.398307e+15,1.066472e+15,1,59,N,N
9.884294e+06,9.490553e+13,3.433605e+16,3.362908e+16,1.142304e+07,9.013236e+13,3.623446e+16,3.263439e+16,1.693700e+06,2.392686e+12,1.665963e+14,1.192678e+14,0,12,N,N
2.705551e+06,7.186233e+12,1.220091e+13,7.747574e+12,2.878388e+06,6.370004e+12,9.193626e+14,8.197498e+13,1.980290e+05,2.987752e+10,2.115957e+12,1.867812e+12,0,40,N,N
3.966984e+08,5.237657e+16,2.053803e+19,2.073008e+18,3.864117e+08,5.723915e+16,1.984735e+20,4.594222e+19,1.581004e+08,1.760977e+15,5.467254e+18,3.328860e+18,0,64,N,N
5.071154e+06,2.536081e+13,1.707181e+15,1.686855e+15,5.285647e+06,2.334918e+13,4.390545e+15,2.034443e+15,2.500007e+05,4.601483e+10,2.605770e+12,2.042777e+12,3,66,N,N
5.203243e+08,1.635568e+17,2.651384e+19,3.503178e+18,5.563281e+08,1.685703e+17,4.005739e+20,1.035900e+20,1.569622e+08,2.886715e+15,1.257674e+19,1.160969e+19,1,72,N,N
2.002702e+07,3.649484e+14,1.407964e+16,1.638822e+15,2.182197e+07,3.381981e+14,1.864212e+17,2.663261e+16,2.718641e+06,3.297738e+12,2.237394e+14,2.135590e+14,0,4,N,N
2.020722e+06,4.026571e+12,1.187777e+15,1.159060e+15,2.152796e+06,4.082343e+12,1.115131e+15,1.171447e+15,1.478554e+05,1.749902e+10,2.922378e+11,1.238714e+11,2,50,N,N
1.947072e+07,3.593855e+14,3.836226e+16,3.184014e+16,2.315549e+07,2.685358e+14,1.689676e+17,4.504752e+16,4.209923e+06,1.359412e+13,1.554699e+15,9.845850e+14,0,61,N,N
9.612442e+06,8.941546e+13,1.007933e+16,9.490261e+15,1.054554e+07,7.305268e+13,2.323325e+16,1.154362e+16,1.093120e+06,8.738679e+11,1.681520e+14,1.397744e+14,3,60,N,N
1.365942e+08,1.622609e+16,1.141221e+18,1.420140e+17,1.542753e+08,1.260569e+16,3.078035e+19,5.399672e+18,2.690823e+07,3.525284e+14,1.738225e+17,1.684938e+17,3,75,N,N
8.653679e+05,7.399057e+11,2.113757e+14,2.098193e+14,1.089966e+06,4.791076e+11,1.342797e+14,2.656459e+14,2.299707e+05,5.052994e+10,2.331364e+12,2.196393e+12,1,62,N,N
1.399942e+05,1.954052e+10,2.052655e+11,2.051150e+11,1.791154e+05,1.030192e+10,3.182279e+12,8.546701e+11,3.932946e+04,1.531232e+09,4.728293e+10,4.701561e+10,2,80,N,N
4.043926e+05,1.623049e+11,6.163459e+13,6.138753e+13,7.387885e+05,1.533416e+11,1.392500e+14,4.727611e+13,3.365382e+05,1.119297e+11,3.242413e+12,3.170908e+12,0,91,N,N
8.908883e+07,7.324900e+15,4.290218e+17,4.809774e+16,9.765834e+07,5.994738e+15,9.912460e+18,1.748326e+18,1.207745e+07,8.383267e+13,4.929679e+16,4.771745e+16,1,95,N,N
1.624187e+07,2.499800e+14,3.006616e+15,3.897966e+14,1.899823e+07,1.825290e+14,1.877299e+17,1.926204e+16,3.188901e+06,7.607654e+12,1.049305e+14,1.454923e+13,1,103,N,N
8.519010e+05,7.213595e+11,4.010635e+13,3.987950e+13,1.007003e+06,5.513707e+11,1.435934e+14,4.457399e+13,1.579551e+05,2.407898e+10,2.527088e+10,2.069029e+10,0,68,N,N
2.739902e+06,7.406388e+12,7.415754e+14,7.373631e+14,3.122819e+06,5.473570e+12,1.773389e+15,9.862953e+14,4.022384e+05,1.472798e+11,8.119845e+12,7.308552e+12,2,104,N,N
4.915673e+06,2.364234e+13,9.758970e+15,9.588523e+15,5.695546e+06,2.186807e+13,8.708894e+15,9.895880e+15,8.369036e+05,6.101543e+11,4.789506e+13,3.987616e+13,2,52,N,N
1.082737e+07,1.144693e+14,3.384900e+16,3.291727e+16,1.127183e+07,1.144009e+14,3.941229e+16,3.094683e+16,5.744155e+05,2.006647e+11,8.559882e+12,2.569677e+12,3,89,N,N
5.242468e+08,5.361836e+16,1.859469e+17,1.934093e+17,4.789157e+08,7.713636e+16,2.551236e+20,6.931584e+19,2.492096e+08,8.832960e+15,6.169273e+18,6.211779e+18,0,30,N,N
3.402053e+06,1.141205e+13,1.811319e+14,1.746106e+14,3.685317e+06,9.614156e+12,1.537799e+15,2.933509e+14,3.071504e+05,8.036005e+10,4.935084e+12,4.426810e+12,3,104,N,N
3.697576e+06,1.346853e+13,9.393508e+13,9.337445e+13,3.954916e+06,1.186405e+13,1.977453e+15,3.084262e+14,2.849669e+05,6.683208e+10,1.573167e+12,1.190080e+12,0,45,N,N
1.989867e+07,3.668108e+14,1.216357e+16,2.193065e+15,2.442173e+07,2.515619e+14,3.264062e+17,3.344189e+16,5.270538e+06,2.063598e+13,2.927225e+14,3.742192e+13,1,70,N,N
6.776560e+08,2.049356e+17,7.592141e+19,8.602704e+18,6.371347e+08,2.513081e+17,4.759634e+20,7.851400e+19,1.863677e+08,3.705195e+15,5.819192e+18,2.840592e+18,1,99,N,N
4.772453e+08,1.223580e+17,3.084843e+19,3.873007e+18,4.742625e+08,1.250204e+17,2.932775e+20,5.196950e+19,1.254144e+08,1.458828e+15,3.976688e+18,1.947197e+18,2,98,N,N
4.619586e+05,2.123402e+11,1.010970e+13,1.001764e+13,4.914179e+05,1.860782e+11,3.128631e+13,1.347387e+13,3.065899e+04,8.720390e+08,1.173611e+09,9.270484e+08,0,19,N,N
5.374803e+04,2.879468e+09,1.420403e+11,1.416596e+11,7.425921e+04,1.134974e+09,1.232337e+12,3.365082e+11,2.060497e+04,4.208014e+08,3.831557e+09,3.540105e+09,3,69,N,N
3.999644e+06,1.579800e+13,8.662867e+14,8.550131e+14,4.255413e+06,1.382147e+13,3.457682e+15,1.243319e+15,2.819928e+05,6.551325e+10,1.350151e+11,3.283784e+10,0,24,N,N
1.661967e+07,2.543129e+14,7.861849e+15,8.817997e+14,2.097245e+07,1.579152e+14,2.514210e+17,2.875957e+16,5.025376e+06,1.917775e+13,1.768037e+14,2.720101e+13,3,70,N,N
1.615273e+06,2.574463e+12,2.561001e+14,2.544052e+14,1.958810e+06,1.590483e+12,7.964121e+14,3.334614e+14,3.543356e+05,1.185212e+11,8.183165e+12,7.700117e+12,2,100,N,N
2.060271e+07,3.991823e+14,7.672071e+15,1.040604e+15,2.377039e+07,2.970496e+14,2.990809e+17,3.038199e+16,3.791924e+06,1.010445e+13,2.154446e+14,3.748666e+13,3,103,N,N
9.356831e+05,8.672427e+11,3.699285e+13,3.650466e+13,1.071169e+06,6.900750e+11,1.959306e+14,4.675790e+13,1.401013e+05,1.835810e+10,2.719096e+10,1.882821e+10,0,93,N,N
5.425392e+06,2.857335e+13,8.504603e+13,1.998133e+13,7.124926e+06,1.333914e+13,2.450319e+16,1.735548e+15,1.779560e+06,2.888899e+12,8.588999e+13,6.533630e+13,3,71,N,N
1.668429e+07,2.687888e+14,1.049486e+17,1.023051e+17,1.796883e+07,2.319026e+14,1.512519e+17,1.066107e+17,1.587996e+06,1.657616e+12,1.536844e+14,7.778886e+13,3,53,N,N
2.333406e+06,5.374201e+12,1.720008e+15,1.697115e+15,2.454210e+06,5.111437e+12,1.706945e+15,1.710800e+15,1.373585e+05,1.468903e+10,2.806822e+11,1.318327e+11,3,54,N,N
3.211248e+06,1.016626e+13,1.545028e+15,1.538585e+15,3.457717e+06,8.886651e+12,2.158546e+15,1.577718e+15,2.699855e+05,6.120280e+10,2.618557e+12,2.235044e+12,3,100,N,N
2.186017e+06,4.540564e+12,3.687125e+13,5.020205e+12,4.055453e+06,4.629748e+11,5.794675e+15,1.891517e+15,1.924617e+06,3.517143e+12,1.883573e+14,1.876373e+14,0,77,N,N
6.651759e+06,4.334310e+13,7.961582e+14,7.450033e+14,7.162451e+06,3.804212e+13,7.232169e+15,9.265400e+14,5.789089e+05,2.610444e+11,2.103559e+13,1.667596e+13,2,48,N,N
8.590566e+06,7.139402e+13,5.545206e+14,3.634652e+14,9.455107e+06,5.794327e+13,1.503229e+16,1.049511e+15,1.005803e+06,7.612469e+11,1.072181e+14,8.974354e+13,3,74,N,N
4.328247e+07,1.714142e+15,7.895532e+16,8.975494e+15,4.534654e+07,1.552800e+15,1.122216e+18,1.481982e+17,3.944372e+06,5.490780e+12,7.401953e+14,8.038450e+14,0,41,N,N
1.259816e+05,1.577204e+10,8.776022e+10,8.559799e+10,2.180069e+05,7.491247e+09,7.223777e+12,2.776662e+12,9.245725e+04,8.470615e+09,6.166823e+11,6.209521e+11,3,84,N,N
1.447755e+06,2.082655e+12,8.113819e+14,8.080936e+14,1.718877e+06,1.438441e+12,8.612134e+14,8.952466e+14,2.772913e+05,7.351120e+10,2.958077e+11,1.994905e+11,0,7,N,N
1.881395e+07,3.205006e+14,1.367243e+16,1.590334e+15,2.041557e+07,2.757450e+14,2.039844e+17,3.036024e+16,2.513216e+06,2.968238e+12,3.752481e+14,3.593611e+14,2,65,N,N
1.006787e+08,8.624033e+15,9.258099e+17,1.045337e+17,1.027141e+08,8.267308e+15,5.594496e+18,7.022239e+17,9.848600e+06,1.088085e+13,4.931630e+15,3.048431e+15,0,5,N,N
9.081372e+07,7.296175e+15,4.977359e+17,5.830687e+16,9.728973e+07,6.427776e+15,7.818031e+18,1.224412e+18,1.188473e+07,5.427504e+13,2.528531e+16,2.405128e+16,2,49,N,N
