9.490000e+07,2.135880e+15,1.306638e+18,9.760154e+16,7.717602e+07,4.088406e+15,3.366577e+18,3.640314e+17,3.096207e+07,3.142278e+14,1.187055e+17,2.411247e+15,3,72,N,N
6.526808e+07,8.995127e+14,7.119896e+17,6.027057e+16,5.491291e+07,1.632886e+15,2.165677e+18,2.489199e+17,2.499952e+07,1.082540e+14,8.110197e+16,4.435417e+15,3,93,N,N
7.777801e+07,1.708658e+15,1.502523e+18,1.072383e+17,6.444248e+07,2.989495e+15,2.109671e+18,2.133292e+17,2.310796e+07,1.817339e+14,5.329321e+16,8.436735e+13,0,26,N,N
7.271559e+07,1.505696e+15,1.224553e+18,9.726735e+16,6.116787e+07,2.535098e+15,2.497826e+18,2.880062e+17,2.236901e+07,1.358650e+14,5.618111e+16,1.214561e+15,3,96,N,N
8.277404e+07,1.157739e+15,1.831957e+18,1.072187e+17,6.548221e+07,2.685358e+15,2.925343e+18,3.197735e+17,3.145880e+07,2.993160e+14,1.202402e+17,1.100616e+15,1,55,N,N
6.853781e+07,1.201356e+15,1.188381e+18,8.615002e+16,5.723024e+07,2.112747e+15,2.003169e+18,2.244158e+17,2.257450e+07,1.300589e+14,4.485483e+16,4.749507e+14,3,90,N,N
6.994310e+07,1.146224e+15,1.055263e+18,7.668881e+16,5.813172e+07,2.107859e+15,2.238868e+18,2.458133e+17,2.429433e+07,1.403512e+14,7.313733e+16,3.196289e+14,1,5,N,N
9.129345e+07,2.197966e+15,1.845890e+18,1.857005e+17,7.493899e+07,4.013149e+15,3.657518e+18,4.723099e+17,2.809979e+07,3.331443e+14,6.149424e+16,1.943640e+15,0,27,N,N
8.663988e+07,1.724032e+15,2.149823e+18,1.531543e+17,7.063580e+07,3.420968e+15,3.054132e+18,3.519401e+17,2.911604e+07,2.567199e+14,7.494849e+16,1.112005e+15,0,28,N,N
1.205815e+08,2.509655e+15,3.151151e+18,1.476705e+17,9.321139e+07,6.001337e+15,5.887239e+18,7.453493e+17,4.317456e+07,8.538357e+14,1.919227e+17,6.657826e+15,0,67,N,N
6.273391e+07,6.633383e+14,8.270166e+17,3.386074e+16,5.147240e+07,1.368335e+15,1.916720e+18,1.763874e+17,2.575157e+07,1.272538e+14,1.442269e+17,2.264325e+15,3,91,N,N
8.388337e+07,1.546145e+15,1.468923e+18,6.462069e+16,6.971230e+07,2.863204e+15,3.902513e+18,5.320728e+17,3.040219e+07,3.384217e+14,1.037477e+17,3.404984e+15,0,16,N,N
9.548218e+07,1.739641e+15,2.051654e+18,8.663388e+16,7.622576e+07,3.704869e+15,4.211626e+18,5.060909e+17,3.461942e+07,4.326622e+14,1.671982e+17,2.591351e+15,3,99,N,N
6.466364e+07,6.013800e+14,7.365436e+17,2.903380e+16,5.213789e+07,1.373107e+15,1.884840e+18,2.014059e+17,2.764812e+07,1.615362e+14,1.336884e+17,5.132568e+13,3,78,N,N
7.367957e+07,1.453053e+15,1.357126e+18,9.741372e+16,6.213681e+07,2.465647e+15,2.550935e+18,2.819407e+17,2.403387e+07,1.382695e+14,6.749055e+16,4.315119e+14,2,102,N,N
6.285238e+07,1.073653e+15,7.855919e+17,7.020002e+16,5.271442e+07,1.842616e+15,1.896909e+18,2.466055e+17,1.994895e+07,1.080491e+14,3.237988e+16,4.015353e+15,0,22,N,N
7.719980e+07,1.450244e+15,1.517216e+18,1.179583e+17,6.386833e+07,2.642060e+15,2.927381e+18,3.433011e+17,2.580396e+07,1.808062e+14,7.526227e+16,1.405870e+15,1,84,N,N
7.943577e+07,1.134913e+15,1.622739e+18,7.481936e+16,6.293942e+07,2.517856e+15,2.843523e+18,3.553490e+17,2.927930e+07,2.946663e+14,7.899983e+16,4.242632e+15,2,82,N,N
8.950238e+07,1.924601e+15,1.777048e+18,9.005523e+16,7.216776e+07,3.781182e+15,2.571771e+18,2.599296e+17,2.829778e+07,3.005856e+14,1.086125e+17,1.659369e+15,3,68,N,N
9.853159e+07,1.246162e+15,2.179706e+18,7.549395e+16,7.624011e+07,3.330566e+15,4.773138e+18,6.322571e+17,4.101193e+07,6.400262e+14,2.129650e+17,8.091450e+15,3,80,N,N
7.189997e+07,9.014875e+14,1.025352e+18,5.950534e+16,5.869889e+07,1.870982e+15,2.648665e+18,3.062013e+17,2.882013e+07,1.742726e+14,1.293498e+17,5.246694e+13,1,10,N,N
8.924473e+07,1.222008e+15,1.795378e+18,8.544037e+16,7.041512e+07,2.892851e+15,4.026278e+18,5.268969e+17,3.546329e+07,3.799518e+14,1.347131e+17,4.038700e+15,0,56,N,N
1.103842e+08,3.797700e+15,3.500316e+18,2.780790e+17,9.151680e+07,6.532426e+15,4.983880e+18,6.098828e+17,2.989535e+07,3.678568e+14,5.986253e+16,5.842794e+15,1,86,N,N
2.996906e+04,8.819203e+08,1.874743e+09,2.323149e+08,3.062544e+04,8.447223e+08,1.881471e+10,2.354331e+09,9.613071e+02,6.060192e+05,6.437545e+06,5.720124e+06,1,73,N,N
7.927654e+07,1.367928e+15,1.641351e+18,8.822832e+16,6.346602e+07,2.788790e+15,1.961019e+18,1.690455e+17,2.649607e+07,2.574312e+14,9.965577e+16,4.168016e+15,1,40,N,N
1.749246e+08,6.195354e+15,1.195572e+19,7.777062e+17,1.407874e+08,1.279295e+16,1.165859e+19,1.165574e+18,6.207839e+07,1.364685e+15,4.643580e+17,8.186383e+15,2,76,N,N
9.041925e+07,1.758643e+15,2.728307e+18,1.565151e+17,7.278476e+07,3.570638e+15,1.901672e+18,1.487273e+17,3.087695e+07,3.860890e+14,1.150631e+17,6.638331e+15,0,76,N,N
5.983139e+07,6.619952e+14,8.774323e+17,6.522916e+16,4.999227e+07,1.306964e+15,1.613895e+18,1.470275e+17,2.430576e+07,1.146847e+14,7.480407e+16,8.297092e+14,2,53,N,N
6.369283e+07,8.983752e+14,7.334246e+17,5.615599e+16,5.285753e+07,1.665075e+15,2.019412e+18,2.338611e+17,2.292981e+07,1.191832e+14,6.437552e+16,9.219398e+14,1,65,N,N
5.365259e+07,6.614434e+14,6.805400e+17,6.178855e+16,4.539646e+07,1.153915e+15,1.217723e+18,9.087684e+16,1.968482e+07,7.290078e+13,5.757690e+16,4.774763e+15,0,32,N,N
9.738512e+07,2.088731e+15,2.913017e+18,2.043535e+17,7.860996e+07,4.271292e+15,4.211183e+18,5.031125e+17,3.290809e+07,4.381436e+14,6.719531e+16,3.046799e+15,3,98,N,N
6.521488e+07,9.047347e+14,8.709588e+17,5.947825e+16,5.478033e+07,1.676998e+15,2.455078e+18,3.367351e+17,2.471725e+07,1.243440e+14,7.546388e+16,3.011457e+15,0,10,N,N
9.548993e+07,1.800285e+15,2.514181e+18,1.671047e+17,7.604278e+07,3.841958e+15,3.973572e+18,4.534860e+17,3.361796e+07,4.184029e+14,1.203501e+17,7.899931e+13,2,99,N,N
6.689198e+07,9.494762e+14,1.218105e+18,6.389557e+16,5.436586e+07,1.876114e+15,1.361977e+18,1.023679e+17,2.357786e+07,1.739713e+14,8.519631e+16,5.151166e+15,3,61,N,N
9.051457e+07,2.511120e+15,2.143008e+18,1.788780e+17,7.583876e+07,4.196813e+15,3.732226e+18,4.638065e+17,2.574484e+07,2.234229e+14,5.332027e+16,4.086062e+15,3,95,N,N
7.907643e+07,1.088337e+15,1.576116e+18,1.095373e+17,6.308435e+07,2.434582e+15,2.659832e+18,2.794693e+17,3.009485e+07,2.563181e+14,1.045419e+17,1.292065e+13,0,55,N,N
5.915539e+07,5.504478e+14,8.313317e+17,4.167610e+16,4.729811e+07,1.247829e+15,1.342753e+18,1.074343e+17,2.383662e+07,1.465384e+14,9.837165e+16,3.512961e+15,2,66,N,N
8.642783e+07,1.373800e+15,1.744026e+18,9.753833e+16,7.009261e+07,2.851153e+15,4.202596e+18,5.798820e+17,3.304461e+07,3.733217e+14,9.826894e+16,3.684351e+15,3,56,N,N
7.482484e+07,1.517570e+15,1.483205e+18,1.138956e+17,6.275994e+07,2.609656e+15,2.405460e+18,2.473640e+17,2.382342e+07,1.497961e+14,6.513117e+16,1.613201e+14,2,84,N,N
7.103539e+07,9.958163e+14,1.105648e+18,6.247017e+16,5.743349e+07,2.058332e+15,2.133782e+18,2.324227e+17,2.592860e+07,1.850701e+14,8.870155e+16,1.067250e+13,2,92,N,N
6.775577e+07,1.142346e+15,1.036458e+18,6.688888e+16,5.659700e+07,2.054694e+15,2.168945e+18,2.396845e+17,2.279896e+07,1.249142e+14,6.201519e+16,1.328922e+13,2,62,N,N
6.269770e+07,9.841471e+14,1.041563e+18,7.114758e+16,5.137781e+07,1.823957e+15,1.433306e+18,1.529748e+17,2.005887e+07,1.282459e+14,4.092323e+16,2.777059e+14,0,83,N,N
6.987125e+07,1.132814e+15,1.069854e+18,5.789499e+16,5.709715e+07,2.158263e+15,1.665854e+18,1.492543e+17,2.344043e+07,1.820374e+14,7.565825e+16,1.150037e+15,1,57,N,N
6.102561e+07,8.603354e+14,9.184828e+17,5.097075e+16,5.090744e+07,1.558458e+15,1.184713e+18,1.221569e+17,2.160372e+07,1.428514e+14,5.502950e+16,1.065019e+15,3,59,N,N
6.668792e+07,1.246367e+15,1.017542e+18,8.632773e+16,5.697777e+07,2.027392e+15,2.172771e+18,2.400633e+17,2.169307e+07,9.494368e+13,5.909360e+16,1.338232e+15,0,11,N,N
8.651997e+07,2.028790e+15,1.653148e+18,1.109537e+17,7.205854e+07,3.540922e+15,3.698798e+18,4.675135e+17,2.702770e+07,2.113403e+14,7.313264e+16,2.769507e+15,0,13,N,N
5.777430e+07,6.098064e+14,4.872564e+17,2.039949e+16,4.962628e+07,1.079758e+15,2.096360e+18,3.087629e+17,2.493513e+07,1.151813e+14,1.115752e+17,2.738016e+15,1,64,N,N
9.088816e+07,1.585742e+15,1.425380e+18,8.750546e+16,7.577183e+07,3.074683e+15,4.861704e+18,7.341122e+17,3.599575e+07,3.934751e+14,1.811631e+17,8.848324e+15,1,35,N,N
6.793141e+07,1.146257e+15,9.229737e+17,6.769554e+16,5.642590e+07,2.060776e+15,2.020785e+18,2.053610e+17,2.257863e+07,1.325364e+14,6.582377e+16,5.522509e+14,0,8,N,N
1.075082e+08,3.814475e+15,3.218986e+18,3.115705e+17,9.004180e+07,6.366986e+15,4.629221e+18,5.598714e+17,2.828398e+07,3.079042e+14,3.671979e+16,5.135320e+15,0,86,N,N
6.617828e+07,1.376129e+15,1.182959e+18,9.848302e+16,5.653062e+07,2.185499e+15,1.698040e+18,1.781803e+17,1.943711e+07,1.001931e+14,2.764898e+16,4.275882e+13,1,63,N,N
6.899789e+07,9.128981e+14,1.142890e+18,6.769063e+16,5.576384e+07,1.904866e+15,1.929392e+18,1.827643e+17,2.554989e+07,1.769328e+14,8.934138e+16,7.532122e+14,2,51,N,N
7.117660e+07,1.188045e+15,1.323902e+18,1.148039e+17,5.990541e+07,2.122798e+15,2.056318e+18,2.082342e+17,2.547441e+07,1.563168e+14,5.405470e+16,7.354682e+14,3,48,N,N
6.770572e+07,9.969450e+14,1.145845e+18,5.365010e+16,5.440207e+07,2.017624e+15,1.660304e+18,1.802958e+17,2.283334e+07,1.769879e+14,5.770612e+16,2.375222e+15,0,14,N,N
6.444907e+07,7.792905e+14,8.764115e+17,4.273541e+16,5.276827e+07,1.564526e+15,1.511774e+18,1.066248e+17,2.489526e+07,1.734810e+14,1.141306e+17,4.126647e+15,1,54,N,N
8.413419e+07,1.224163e+15,2.220506e+18,1.276939e+17,6.661859e+07,2.756638e+15,2.929509e+18,3.040545e+17,3.163055e+07,3.093033e+14,1.193698e+17,6.782204e+14,1,52,N,N
7.082220e+07,1.436522e+15,1.353852e+18,1.058644e+17,5.993842e+07,2.381120e+15,1.911812e+18,1.910717e+17,2.203807e+07,1.339544e+14,4.070753e+16,4.643485e+13,0,63,N,N
9.085223e+07,2.438549e+15,2.169272e+18,1.744183e+17,7.542772e+07,4.206586e+15,3.223189e+18,3.599523e+17,2.606564e+07,2.383449e+14,4.124804e+16,4.315698e+14,3,101,N,N
5.550699e+07,5.957836e+14,6.784930e+17,3.296893e+16,4.620454e+07,1.138317e+15,1.500057e+18,1.440345e+17,2.180977e+07,8.663566e+13,9.182408e+16,7.485407e+14,2,91,N,N
9.504216e+07,2.160243e+15,2.750891e+18,2.327604e+17,7.836893e+07,4.208562e+15,4.247453e+18,5.443469e+17,3.191165e+07,2.785462e+14,7.110879e+16,5.871182e+15,3,49,N,N
7.076492e+07,1.315168e+15,1.131532e+18,8.164115e+16,5.978572e+07,2.234891e+15,2.226672e+18,2.348235e+17,2.352945e+07,1.332414e+14,6.153779e+16,7.255730e+13,0,102,N,N
7.184467e+07,1.341122e+15,1.247640e+18,8.825199e+16,5.975240e+07,2.381835e+15,2.485079e+18,2.912748e+17,2.313176e+07,1.506007e+14,5.667826e+16,3.318095e+14,1,0,N,N
7.475601e+07,1.146588e+15,1.078519e+18,9.734564e+16,6.401923e+07,1.991196e+15,3.646334e+18,5.797889e+17,3.016243e+07,1.582205e+14,9.661550e+16,2.788579e+16,0,36,N,N
9.224824e+07,1.943684e+15,2.272990e+18,1.667097e+17,7.465770e+07,3.819302e+15,4.117363e+18,5.249747e+17,3.060929e+07,3.241798e+14,7.034842e+16,3.247370e+15,0,18,N,N
8.179095e+07,7.931233e+14,1.312610e+18,7.044398e+16,6.832528e+07,1.732896e+15,4.597461e+18,7.768227e+17,4.019941e+07,3.672597e+14,2.554287e+17,2.436328e+16,2,97,N,N
1.082773e+08,2.498052e+15,2.578517e+18,2.006479e+17,8.733835e+07,5.059339e+15,5.967858e+18,8.181326e+17,3.741434e+07,5.844442e+14,7.612886e+16,6.553433e+15,2,79,N,N
9.439484e+07,1.958287e+15,2.558332e+18,2.233162e+17,7.568871e+07,3.959051e+15,3.578321e+18,4.157613e+17,3.150991e+07,3.503029e+14,7.113397e+16,7.934626e+14,3,79,N,N
1.034815e+08,3.433452e+15,2.767944e+18,2.431753e+17,8.627528e+07,5.793943e+15,3.899707e+18,4.597419e+17,2.770343e+07,2.965714e+14,3.878555e+16,2.376219e+15,3,86,N,N
3.967303e+07,3.836250e+14,3.175603e+17,2.956397e+16,3.558045e+07,5.714357e+14,7.660138e+17,5.080874e+16,1.599428e+07,3.256781e+13,4.954656e+16,4.194019e+15,1,94,N,N
7.290961e+07,1.234060e+15,1.528736e+18,1.273069e+17,6.076813e+07,2.239970e+15,2.024918e+18,2.021724e+17,2.565336e+07,1.776443e+14,5.675016e+16,2.074675e+14,1,48,N,N
9.533397e+07,2.276624e+15,2.921685e+18,1.965546e+17,7.765863e+07,4.273783e+15,3.722537e+18,4.315026e+17,2.997860e+07,3.502976e+14,5.194178e+16,6.165244e+15,0,98,N,N
7.059343e+07,9.935834e+14,1.503146e+18,6.984483e+16,5.701285e+07,2.063760e+15,1.400221e+18,1.077232e+17,2.550065e+07,2.132861e+14,1.008767e+17,5.904985e+15,1,61,N,N
7.509706e+07,1.547727e+15,1.357634e+18,1.097584e+17,6.266468e+07,2.683593e+15,2.566737e+18,2.927716e+17,2.334643e+07,1.565409e+14,6.060988e+16,1.145250e+15,0,96,N,N
5.491915e+07,6.451616e+14,7.708580e+17,4.649330e+16,4.561168e+07,1.206254e+15,1.090539e+18,8.525679e+16,2.026193e+07,1.036021e+14,6.790163e+16,2.996709e+15,2,37,N,N
7.545740e+07,1.472461e+15,1.353220e+18,8.636905e+16,6.251047e+07,2.633619e+15,2.663241e+18,3.129404e+17,2.413875e+07,1.707808e+14,6.053002e+16,5.167293e+14,0,84,N,N
6.401988e+07,6.739355e+14,6.849481e+17,3.571235e+16,5.528989e+07,1.209301e+15,2.702879e+18,4.309000e+17,2.934546e+07,1.222285e+14,1.536896e+17,1.190261e+16,0,97,N,N
1.039329e+08,2.498336e+15,2.681538e+18,1.455452e+17,8.310628e+07,5.012969e+15,4.340378e+18,5.176954e+17,3.315669e+07,4.408282e+14,9.099121e+16,4.813346e+15,0,74,N,N
8.691541e+07,2.035495e+15,2.137322e+18,1.680156e+17,7.144212e+07,3.685687e+15,3.128455e+18,3.466590e+17,2.633117e+07,2.414729e+14,5.941193e+16,4.634439e+13,1,104,N,N
8.224449e+07,1.881169e+15,1.784702e+18,1.137207e+17,6.757284e+07,3.366767e+15,2.278233e+18,2.447417e+17,2.422065e+07,2.168169e+14,5.282465e+16,1.063498e+15,1,88,N,N
8.184673e+07,1.131259e+15,1.597371e+18,6.489743e+16,6.440795e+07,2.629087e+15,2.921827e+18,3.571561e+17,3.078377e+07,3.370367e+14,1.164518e+17,3.457231e+15,0,80,N,N
5.919700e+07,9.103768e+14,7.287306e+17,6.002170e+16,4.980745e+07,1.564864e+15,1.631453e+18,1.779407e+17,1.963865e+07,8.826315e+13,4.552212e+16,3.634993e+14,0,34,N,N
7.508712e+07,1.229242e+15,1.110870e+18,5.791791e+16,6.185272e+07,2.334079e+15,2.839913e+18,3.391189e+17,2.679393e+07,1.792427e+14,9.801047e+16,8.134674e+14,1,92,N,N
7.815976e+07,1.598742e+15,1.282136e+18,9.654696e+16,6.486461e+07,2.840819e+15,3.115196e+18,3.967945e+17,2.488862e+07,2.089583e+14,5.235307e+16,3.030411e+15,0,25,N,N
1.163621e+08,2.375777e+15,3.824440e+18,2.832703e+17,9.086818e+07,5.529806e+15,6.125554e+18,7.603105e+17,4.212718e+07,6.887066e+14,1.182608e+17,2.873575e+15,0,70,N,N
6.390213e+07,1.015356e+15,1.226481e+18,8.337549e+16,5.350000e+07,1.796496e+15,1.681335e+18,1.652988e+17,2.163590e+07,1.111237e+14,5.303387e+16,7.781811e+14,0,3,N,N
8.260073e+07,1.122801e+15,1.782563e+18,5.817686e+16,6.589418e+07,2.537660e+15,2.557681e+18,2.226757e+17,3.239249e+07,3.189257e+14,1.854632e+17,4.805208e+15,0,59,N,N
7.433539e+07,1.045097e+15,1.133449e+18,6.756578e+16,5.999488e+07,2.201910e+15,2.604151e+18,3.115629e+17,2.774909e+07,2.233983e+14,1.130085e+17,9.814854e+14,2,81,N,N
7.431719e+07,1.026034e+15,1.594055e+18,8.200234e+16,5.927669e+07,2.295207e+15,1.637604e+18,1.345702e+17,2.724547e+07,2.422504e+14,1.065725e+17,4.177708e+15,2,61,N,N
6.118165e+07,5.343766e+14,6.090692e+17,3.245055e+16,5.131634e+07,1.099896e+15,2.253991e+18,2.954490e+17,2.823093e+07,1.196985e+14,1.526179e+17,3.279006e+15,2,64,N,N
8.947810e+07,2.439516e+15,1.940255e+18,1.603206e+17,7.499453e+07,4.108706e+15,3.491638e+18,4.286990e+17,2.561126e+07,2.114150e+14,5.019282e+16,2.691464e+15,0,95,N,N
7.759765e+07,1.496068e+15,1.460925e+18,1.084833e+17,6.376461e+07,2.757268e+15,2.821330e+18,3.437384e+17,2.510400e+07,2.047133e+14,6.107558e+16,5.503251e+14,0,0,N,N
8.313845e+07,1.914123e+15,1.911289e+18,1.543950e+17,6.923012e+07,3.366567e+15,2.754646e+18,3.095815e+17,2.548087e+07,1.967509e+14,4.541191e+16,4.892094e+14,1,49,N,N
6.724541e+07,1.217833e+15,1.130765e+18,7.587817e+16,5.744515e+07,2.092176e+15,2.081828e+18,2.171799e+17,2.255053e+07,9.977595e+13,6.742657e+16,6.498105e+13,3,62,N,N
6.375912e+07,7.214368e+14,9.899069e+17,6.051005e+16,5.211102e+07,1.510000e+15,1.751114e+18,1.768443e+17,2.531383e+07,1.432334e+14,7.763170e+16,1.078303e+14,0,53,N,N
6.887029e+07,1.030946e+15,7.505150e+17,5.460681e+16,5.792651e+07,1.850208e+15,2.628425e+18,3.289199e+17,2.589129e+07,1.386806e+14,1.166206e+17,1.454151e+15,1,33,N,N
1.174842e+08,2.530434e+15,4.397217e+18,2.575373e+17,8.986623e+07,6.068362e+15,4.520357e+18,5.470061e+17,3.964144e+07,8.160078e+14,8.931557e+16,1.051452e+16,0,79,N,N
6.251892e+07,9.179259e+14,9.290864e+17,6.153812e+16,5.291927e+07,1.626851e+15,1.643773e+18,1.403180e+17,2.262397e+07,1.135092e+14,8.049252e+16,7.844766e+14,0,92,N,N
7.532222e+07,1.043744e+15,1.395046e+18,6.868231e+16,6.003279e+07,2.264781e+15,2.603438e+18,3.191629e+17,2.778131e+07,2.421577e+14,8.311431e+16,2.742141e+15,1,82,N,N
6.933232e+07,1.252489e+15,1.226556e+18,9.115875e+16,5.840081e+07,2.145327e+15,1.968394e+18,2.140413e+17,2.301674e+07,1.291523e+14,4.903690e+16,3.699664e+14,1,90,N,N
6.193414e+07,7.495684e+14,8.486919e+17,4.930715e+16,5.117396e+07,1.464958e+15,1.800066e+18,1.970977e+17,2.379966e+07,1.215953e+14,6.327567e+16,1.558528e+14,2,58,N,N
5.363171e+07,8.412764e+14,6.252915e+17,4.533456e+16,4.687218e+07,1.279712e+15,1.112002e+18,7.284759e+16,1.786897e+07,6.716377e+13,6.384146e+16,3.371787e+15,0,39,N,N
9.626637e+07,1.997045e+15,2.302004e+18,1.165148e+17,7.583018e+07,4.282920e+15,2.653112e+18,2.737913e+17,3.114464e+07,4.180706e+14,1.076447e+17,4.386920e+15,2,68,N,N
6.323449e+07,1.132108e+15,9.394532e+17,6.637772e+16,5.435981e+07,1.832946e+15,1.832069e+18,1.853774e+17,2.074213e+07,8.615673e+13,5.355786e+16,1.222645e+14,2,71,N,N
5.888702e+07,7.565152e+14,7.423348e+17,6.236515e+16,5.010806e+07,1.316871e+15,1.525063e+18,1.179746e+17,2.261975e+07,1.050846e+14,7.435648e+16,3.393672e+15,0,17,N,N
7.887726e+07,1.617093e+15,1.419052e+18,1.091820e+17,6.580298e+07,2.843494e+15,3.113039e+18,3.650993e+17,2.559045e+07,1.777655e+14,8.428257e+16,1.583246e+15,1,96,N,N
6.990398e+07,8.299440e+14,1.113296e+18,4.529728e+16,5.600034e+07,1.858268e+15,2.264443e+18,2.585538e+17,2.721964e+07,2.159411e+14,1.040520e+17,1.757298e+15,3,77,N,N
5.413246e+07,4.941680e+14,5.493600e+17,4.229313e+16,4.549776e+07,9.512218e+14,1.377947e+18,9.946753e+16,2.330146e+07,9.512531e+13,1.123803e+17,4.208582e+15,2,75,N,N
6.035408e+07,1.116118e+15,9.517050e+17,9.045146e+16,5.169389e+07,1.769841e+15,1.599496e+18,1.838371e+17,1.828558e+07,7.763720e+13,2.056564e+16,1.309135e+15,3,63,N,N
1.322890e+08,2.892458e+15,3.508580e+18,1.898308e+17,1.014097e+08,7.184049e+15,7.058420e+18,8.756760e+17,4.762886e+07,1.030866e+15,2.196466e+17,4.607843e+15,2,67,N,N
6.840596e+07,6.992659e+14,8.023144e+17,4.022952e+16,5.891818e+07,1.300944e+15,3.236083e+18,5.475666e+17,3.247655e+07,1.769782e+14,1.865861e+17,1.664998e+16,3,97,N,N
1.150461e+08,2.758388e+15,2.885913e+18,1.486198e+17,9.411109e+07,5.502528e+15,7.580894e+18,1.105254e+18,4.159257e+07,6.674637e+14,1.470212e+17,1.642219e+16,0,73,N,N
4.507732e+07,4.335201e+14,3.770467e+17,2.792150e+16,3.951032e+07,6.964037e+14,9.514486e+17,6.296922e+16,1.868997e+07,5.640359e+13,7.208235e+16,4.293993e+15,2,94,N,N
7.824716e+07,1.306623e+15,1.270617e+18,8.243148e+16,6.492710e+07,2.448385e+15,3.392539e+18,4.736604e+17,2.879427e+07,2.212566e+14,1.082829e+17,6.892707e+15,1,87,N,N
7.226087e+07,1.831779e+15,1.276074e+18,1.140431e+17,6.283778e+07,2.726656e+15,1.536521e+18,1.437117e+17,2.004589e+07,1.318190e+14,3.323528e+16,1.560590e+14,0,15,N,N
6.447796e+07,5.484786e+14,8.215916e+17,5.740554e+16,5.251850e+07,1.270851e+15,2.321551e+18,2.854694e+17,2.912262e+07,1.628485e+14,1.332725e+17,3.122183e+15,0,38,N,N
1.072901e+08,2.380484e+15,1.949644e+18,1.619139e+17,8.551670e+07,5.105761e+15,4.093826e+18,4.618225e+17,3.672903e+07,4.779149e+14,1.715787e+17,5.242512e+15,2,72,N,N
6.602210e+07,1.129325e+15,1.163632e+18,1.120598e+17,5.601605e+07,1.903477e+15,1.798920e+18,1.817411e+17,2.241640e+07,1.181318e+14,4.404660e+16,1.045292e+15,0,48,N,N
8.981691e+07,1.772248e+15,2.015711e+18,1.247963e+17,7.366510e+07,3.506944e+15,3.996083e+18,4.870663e+17,3.160455e+07,3.226104e+14,1.351247e+17,1.128802e+15,0,99,N,N
7.321355e+07,1.935312e+15,1.324021e+18,1.163398e+17,6.210365e+07,3.070025e+15,1.556896e+18,1.692932e+17,1.816254e+07,1.251078e+14,1.976987e+16,2.609204e+14,0,100,N,N
9.567920e+07,1.976516e+15,2.705443e+18,1.655992e+17,7.680731e+07,4.020493e+15,3.666601e+18,4.072724e+17,3.235724e+07,3.629678e+14,9.424694e+16,2.582625e+15,2,60,N,N
1.036650e+08,2.546746e+15,3.068310e+18,2.005780e+17,8.250650e+07,5.133165e+15,3.970026e+18,4.656908e+17,3.204375e+07,4.624672e+14,7.567213e+16,3.071119e+15,0,23,N,N
9.326665e+07,2.154138e+15,2.782587e+18,2.392931e+17,7.639754e+07,4.080290e+15,3.545102e+18,4.040418e+17,2.998534e+07,2.855693e+14,6.031147e+16,1.515247e+15,0,49,N,N
4.135983e+07,3.823500e+14,3.319026e+17,2.765774e+16,3.745437e+07,5.498037e+14,7.637405e+17,2.910565e+16,1.791222e+07,5.766089e+13,7.519572e+16,1.095628e+16,0,94,N,N
6.062104e+07,5.187054e+14,6.821409e+17,3.602845e+16,4.957321e+07,1.154865e+15,1.940348e+18,2.102838e+17,2.682400e+07,1.252327e+14,1.267265e+17,9.125970e+14,1,38,N,N
6.686816e+07,9.341722e+14,8.999685e+17,4.877472e+16,5.507058e+07,1.838231e+15,2.046722e+18,2.199508e+17,2.451585e+07,1.406493e+14,8.299578e+16,2.331249e+12,3,92,N,N
6.852454e+07,8.330923e+14,9.470333e+17,4.018336e+16,5.477555e+07,1.831805e+15,2.032481e+18,2.246396e+17,2.591316e+07,1.924642e+14,1.021879e+17,6.150824e+14,3,81,N,N
9.196640e+07,2.213907e+15,2.124668e+18,1.167247e+17,7.472523e+07,4.132430e+15,3.241183e+18,3.749420e+17,2.769342e+07,3.058754e+14,6.916050e+16,3.330547e+15,0,88,N,N
8.396110e+07,1.084000e+15,1.451956e+18,8.218404e+16,6.607101e+07,2.604739e+15,3.260786e+18,3.880352e+17,3.327451e+07,3.392836e+14,1.652454e+17,1.061881e+15,1,81,N,N
7.648900e+07,1.333094e+15,1.338377e+18,1.075432e+17,6.257613e+07,2.541930e+15,2.578024e+18,2.931625e+17,2.608129e+07,1.940550e+14,5.709485e+16,1.325487e+15,1,69,N,N
7.012238e+07,8.564240e+14,1.028130e+18,4.848376e+16,5.632456e+07,1.842130e+15,1.801784e+18,1.438308e+17,2.720546e+07,2.182449e+14,1.265292e+17,3.523032e+15,0,54,N,N
1.039899e+08,1.404160e+15,2.361809e+18,1.074077e+17,8.131497e+07,3.643073e+15,5.760841e+18,8.385827e+17,4.388640e+07,6.990278e+14,2.147198e+17,8.797521e+15,1,56,N,N
7.516461e+07,1.252634e+15,9.141234e+17,5.952236e+16,6.292239e+07,2.484785e+15,2.685651e+18,3.381018e+17,2.755725e+07,1.695072e+14,1.054620e+17,3.302475e+15,0,85,N,N
1.040231e+08,1.941686e+15,2.070666e+18,1.095409e+17,8.355248e+07,4.168533e+15,5.792182e+18,7.977608e+17,3.948949e+07,6.370019e+14,1.509505e+17,9.544063e+15,3,47,N,N
7.348905e+07,9.861356e+14,1.372614e+18,9.211427e+16,6.032349e+07,2.002185e+15,2.435483e+18,2.406322e+17,2.895112e+07,1.948557e+14,1.006544e+17,3.077395e+13,0,58,N,N
5.986035e+07,7.438970e+14,9.406074e+17,5.827207e+16,4.996891e+07,1.387116e+15,1.384350e+18,9.581261e+16,2.269589e+07,1.237963e+14,9.670095e+16,3.806263e+15,2,54,N,N
8.263910e+07,1.040843e+15,1.364950e+18,6.428716e+16,6.538091e+07,2.453771e+15,3.152648e+18,3.529764e+17,3.312485e+07,2.994816e+14,1.376047e+17,4.068688e+14,3,55,N,N
6.842675e+07,8.701548e+14,1.129623e+18,6.809703e+16,5.595496e+07,1.762436e+15,2.222591e+18,2.425097e+17,2.645657e+07,1.587477e+14,8.359688e+16,1.779842e+14,1,58,N,N
7.280745e+07,9.293870e+14,8.478679e+17,4.986814e+16,5.954229e+07,1.914679e+15,2.644322e+18,3.017930e+17,2.905661e+07,1.922549e+14,1.339670e+17,1.377272e+15,0,2,N,N
8.942405e+07,2.416323e+15,1.815624e+18,1.468377e+17,7.485422e+07,4.093859e+15,3.654053e+18,4.579358e+17,2.571521e+07,2.246787e+14,5.566074e+16,3.422085e+15,1,46,N,N
8.574779e+07,2.403260e+15,2.216767e+18,1.979255e+17,7.221576e+07,3.926501e+15,2.394376e+18,2.554269e+17,2.319350e+07,1.908433e+14,2.855716e+16,9.159328e+13,0,101,N,N
7.796812e+07,1.419557e+15,1.911552e+18,1.177819e+17,6.318113e+07,2.753488e+15,2.208468e+18,2.365869e+17,2.550709e+07,2.198825e+14,5.855026e+16,1.704856e+15,0,43,N,N
6.398286e+07,1.009822e+15,5.441524e+17,3.812242e+16,5.359421e+07,1.802671e+15,1.724099e+18,1.685894e+17,2.181763e+07,1.082704e+14,7.339458e+16,1.057086e+15,0,42,N,N
6.296593e+07,9.912013e+14,6.967579e+17,5.583988e+16,5.412790e+07,1.627605e+15,2.129219e+18,2.467523e+17,2.264504e+07,7.820893e+13,7.142969e+16,2.875233e+15,2,93,N,N
8.252576e+07,1.550590e+15,2.200061e+18,1.389473e+17,6.668849e+07,3.064534e+15,2.520567e+18,2.798789e+17,2.731428e+07,2.511611e+14,6.699947e+16,1.491105e+15,0,103,N,N
7.644322e+07,1.532023e+15,1.222613e+18,6.944699e+16,6.403853e+07,2.658163e+15,2.800206e+18,3.341884e+17,2.489879e+07,1.717141e+14,7.494269e+16,5.727573e+14,2,85,N,N
8.617105e+07,9.933820e+14,1.689257e+18,5.588507e+16,6.693143e+07,2.599978e+15,3.400104e+18,3.933737e+17,3.544929e+07,4.190733e+14,1.788395e+17,6.838384e+15,1,77,N,N
5.826220e+07,6.519377e+14,7.029269e+17,3.348351e+16,4.882714e+07,1.223432e+15,1.826524e+18,1.870636e+17,2.330815e+07,8.943836e+13,1.196454e+17,4.650116e+14,1,91,N,N
9.494375e+07,1.635149e+15,1.914249e+18,1.074076e+17,7.811480e+07,3.285044e+15,5.363861e+18,8.012417e+17,3.767788e+07,4.727377e+14,1.842014e+17,1.269591e+16,2,87,N,N
7.046874e+07,1.375569e+15,1.432652e+18,1.059377e+17,5.859289e+07,2.401609e+15,2.086974e+18,2.401905e+17,2.151204e+07,1.417821e+14,3.409169e+16,2.545787e+14,1,43,N,N
8.937956e+07,2.131557e+15,2.013961e+18,1.337052e+17,7.347280e+07,3.867765e+15,3.491071e+18,4.218713e+17,2.730725e+07,2.636401e+14,6.576416e+16,1.103871e+15,3,88,N,N
6.792983e+07,1.228627e+15,1.188022e+18,1.111366e+17,5.801590e+07,2.031614e+15,2.111405e+18,2.148132e+17,2.296513e+07,1.114123e+14,5.564891e+16,8.245554e+14,1,45,N,N
7.374865e+07,1.352858e+15,1.165312e+18,7.445787e+16,6.158195e+07,2.403058e+15,2.504334e+18,2.855881e+17,2.480699e+07,1.526586e+14,7.171964e+16,3.114375e+14,3,102,N,N
6.963450e+07,9.846352e+14,1.365248e+18,8.234472e+16,5.684285e+07,1.958537e+15,2.006093e+18,1.997096e+17,2.548493e+07,1.712160e+14,8.200110e+16,1.725339e+14,0,52,N,N
5.826128e+07,6.467418e+14,8.940790e+17,5.935656e+16,4.827303e+07,1.267357e+15,1.645087e+18,1.732485e+17,2.288017e+07,1.007762e+14,6.680414e+16,1.957017e+14,1,53,N,N
6.358443e+07,1.161925e+15,8.927840e+17,7.216832e+16,5.464306e+07,1.858849e+15,2.255621e+18,2.610171e+17,2.055615e+07,8.292437e+13,6.062488e+16,6.883087e+14,1,34,N,N
8.086671e+07,2.018549e+15,1.590810e+18,1.363067e+17,6.773894e+07,3.484939e+15,2.355667e+18,2.584812e+17,2.281485e+07,1.726007e+14,4.169547e+16,4.015263e+14,1,100,N,N
8.106638e+07,1.242618e+15,1.064044e+18,7.586798e+16,6.668551e+07,2.473372e+15,3.522996e+18,4.741850e+17,3.143553e+07,2.325548e+14,1.412336e+17,9.624855e+15,1,93,N,N
5.851562e+03,3.416356e+07,9.825659e+07,9.706608e+07,5.979731e+03,3.294131e+07,2.355905e+08,1.231941e+08,1.352433e+02,1.648875e+04,1.490382e+04,1.278201e+04,2,73,N,N
4.715937e+07,3.921500e+14,3.423870e+17,2.245912e+16,4.091554e+07,6.874578e+14,1.147971e+18,7.692647e+16,2.111646e+07,5.817786e+13,1.006108e+17,5.679553e+15,0,75,N,N
6.964344e+07,1.186083e+15,1.228501e+18,7.350403e+16,5.714379e+07,2.217892e+15,1.983059e+18,2.176775e+17,2.271614e+07,1.566155e+14,5.456323e+16,4.492010e+14,2,83,N,N
6.826237e+07,1.072346e+15,1.211547e+18,7.225368e+16,5.590426e+07,2.038531e+15,1.829558e+18,1.746039e+17,2.315806e+07,1.545762e+14,7.044785e+16,1.167525e+15,1,83,N,N
1.018186e+08,2.168365e+15,2.160452e+18,1.424657e+17,8.217535e+07,4.399036e+15,5.358938e+18,7.088528e+17,3.566469e+07,4.652469e+14,1.129863e+17,6.577381e+15,0,47,N,N
7.646558e+07,1.413208e+15,1.052338e+18,9.258149e+16,6.837549e+07,2.096498e+15,4.426138e+18,7.464491e+17,3.079079e+07,1.832852e+14,1.077291e+17,2.854516e+16,1,36,N,N
9.435730e+07,2.090112e+15,2.615908e+18,1.767221e+17,7.639271e+07,4.059126e+15,3.424325e+18,3.749820e+17,3.070013e+07,3.238589e+14,8.274253e+16,2.630469e+15,0,1,N,N
7.824642e+07,1.019090e+15,1.316142e+18,6.821417e+16,6.240629e+07,2.285424e+15,2.789834e+18,3.045956e+17,3.048474e+07,2.512862e+14,1.224953e+17,1.910163e+14,2,55,N,N
9.898792e+07,1.941683e+15,3.383165e+18,2.008586e+17,7.757565e+07,4.288659e+15,2.525772e+18,2.393619e+17,3.351554e+07,4.874544e+14,1.077763e+17,5.321702e+15,3,76,N,N
6.631946e+07,9.121385e+14,8.382041e+17,6.630356e+16,5.496628e+07,1.729590e+15,2.306014e+18,2.669234e+17,2.476902e+07,1.301460e+14,8.186440e+16,1.921581e+15,0,65,N,N
6.860410e+07,1.594236e+15,1.239658e+18,9.709256e+16,5.873716e+07,2.482051e+15,1.298371e+18,1.174991e+17,1.881157e+07,1.212499e+14,2.841255e+16,6.535818e+14,0,104,N,N
7.805378e+07,1.427395e+15,1.496431e+18,9.561458e+16,6.387317e+07,2.702628e+15,2.850701e+18,3.445503e+17,2.609243e+07,2.100637e+14,9.032067e+16,4.468017e+14,0,6,N,N
6.459411e+07,8.163690e+14,1.025250e+18,7.053878e+16,5.219594e+07,1.682391e+15,1.615643e+18,1.509585e+17,2.362377e+07,1.559100e+14,7.197390e+16,1.169893e+15,0,51,N,N
1.038918e+08,2.385149e+15,3.627466e+18,2.387875e+17,8.346789e+07,4.800234e+15,4.831008e+18,5.769218e+17,3.465081e+07,5.560930e+14,5.456133e+16,7.957999e+15,1,98,N,N
9.285336e+07,1.138225e+15,2.068586e+18,7.468159e+16,7.078938e+07,3.096890e+15,3.669759e+18,4.514236e+17,3.720468e+07,5.334772e+14,1.878962e+17,8.564717e+15,1,80,N,N
6.889817e+07,1.218890e+15,1.327692e+18,8.130320e+16,5.809833e+07,2.101962e+15,1.699231e+18,1.451491e+17,2.318606e+07,1.448759e+14,6.441805e+16,1.756703e+15,0,71,N,N
7.451132e+07,9.477248e+14,8.654719e+17,2.525947e+16,6.189439e+07,1.946193e+15,3.173795e+18,4.912954e+17,3.111110e+07,2.662764e+14,1.418456e+17,7.822804e+15,1,78,N,N
6.676411e+07,1.155938e+15,1.024292e+18,7.648268e+16,5.623546e+07,1.984803e+15,1.812551e+18,1.862344e+17,2.224585e+07,1.225587e+14,5.062944e+16,7.044454e+13,0,90,N,N
7.115362e+07,1.129393e+15,1.114789e+18,6.716026e+16,5.781112e+07,2.202466e+15,1.781858e+18,1.633570e+17,2.422322e+07,1.939534e+14,7.468898e+16,5.407930e+14,3,57,N,N
7.365620e+07,1.770022e+15,1.292393e+18,1.087766e+17,6.293911e+07,2.783204e+15,2.185312e+18,2.382791e+17,2.090188e+07,1.212768e+14,2.995835e+16,2.239299e+14,0,20,N,N
7.716354e+07,1.251065e+15,1.440279e+18,8.672935e+16,6.201209e+07,2.567374e+15,2.018267e+18,1.848551e+17,2.664642e+07,2.470350e+14,9.035431e+16,6.535176e+14,2,57,N,N
8.049409e+07,1.600861e+15,1.968175e+18,1.256056e+17,6.592825e+07,2.982776e+15,2.581327e+18,2.908904e+17,2.593151e+07,2.121966e+14,6.481682e+16,9.330401e+14,2,103,N,N
9.068822e+07,2.281507e+15,2.099565e+18,1.390335e+17,7.451989e+07,4.097132e+15,3.128811e+18,3.527121e+17,2.675476e+07,2.629089e+14,6.981900e+16,1.333042e+15,2,88,N,N
8.286574e+07,1.210888e+15,1.747807e+18,8.562787e+16,6.576233e+07,2.705679e+15,3.245787e+18,4.062601e+17,3.096461e+07,3.378922e+14,9.033929e+16,3.195904e+15,0,82,N,N
6.561639e+07,7.643177e+14,9.795287e+17,4.961514e+16,5.301381e+07,1.628563e+15,1.530960e+18,1.173353e+17,2.547974e+07,1.775225e+14,1.116326e+17,3.020689e+15,3,50,N,N
8.876377e+07,1.476825e+15,1.394832e+18,7.821494e+16,7.188878e+07,3.065639e+15,3.963849e+18,5.202838e+17,3.346567e+07,3.394910e+14,1.522428e+17,4.681841e+15,0,35,N,N
7.367808e+07,1.276207e+15,7.946088e+17,3.989438e+16,6.168052e+07,2.289859e+15,2.420210e+18,2.642959e+17,2.595958e+07,1.475585e+14,9.113672e+16,3.110326e+14,1,85,N,N
7.261874e+07,1.530552e+15,1.578108e+18,1.102596e+17,6.047871e+07,2.649919e+15,1.285357e+18,1.083270e+17,2.135930e+07,1.702889e+14,4.447055e+16,2.000895e+15,0,89,N,N
9.079981e+07,1.369507e+15,1.958683e+18,9.149673e+16,7.263862e+07,3.054785e+15,4.463956e+18,6.012309e+17,3.563840e+07,3.874787e+14,1.468341e+17,4.418321e+15,2,56,N,N
1.054698e+08,2.230815e+15,3.280396e+18,2.701871e+17,8.216138e+07,4.957400e+15,3.523444e+18,4.170668e+17,3.506150e+07,5.434096e+14,7.394208e+16,6.736280e+14,1,79,N,N
8.273734e+07,1.781151e+15,1.315207e+18,8.408097e+16,6.950811e+07,3.077908e+15,3.902318e+18,5.163025e+17,2.730984e+07,2.237087e+14,7.139623e+16,3.693967e+15,0,69,N,N
7.383178e+07,1.531679e+15,1.206608e+18,8.342724e+16,6.186887e+07,2.614322e+15,2.541460e+18,2.996227e+17,2.273339e+07,1.485179e+14,6.106308e+16,9.012763e+14,2,96,N,N
9.122749e+07,1.450530e+15,1.948910e+18,1.295650e+17,7.386955e+07,3.075236e+15,4.709005e+18,6.660328e+17,3.580832e+07,3.828878e+14,1.590949e+17,9.533172e+15,0,87,N,N
8.777393e+07,1.473888e+15,1.909185e+18,1.590092e+17,7.184802e+07,3.120365e+15,3.269396e+18,3.279905e+17,3.346012e+07,2.830551e+14,1.125884e+17,1.421231e+15,0,21,N,N
9.113957e+07,2.328653e+15,1.875035e+18,1.436629e+17,7.566348e+07,4.090805e+15,3.890237e+18,4.814860e+17,2.742264e+07,2.462780e+14,7.238132e+16,3.375634e+15,0,46,N,N
7.859396e+07,1.712267e+15,1.824885e+18,1.298745e+17,6.485016e+07,3.048005e+15,1.848487e+18,1.729885e+17,2.347981e+07,1.992938e+14,5.300292e+16,1.363191e+15,1,89,N,N
7.209647e+07,1.492687e+15,1.454839e+18,1.126874e+17,6.061291e+07,2.511027e+15,2.013038e+18,2.079208e+17,2.199679e+07,1.408311e+14,4.308369e+16,4.809357e+13,1,60,N,N
5.470092e+07,6.497552e+14,7.822361e+17,5.480879e+16,4.598758e+07,1.168881e+15,1.059113e+18,7.307818e+16,2.051333e+07,1.039258e+14,7.268499e+16,4.140917e+15,1,37,N,N
9.431551e+07,1.825841e+15,3.016841e+18,1.721836e+17,7.523539e+07,3.822416e+15,2.272815e+18,1.872005e+17,3.256781e+07,4.281141e+14,1.279958e+17,6.729165e+15,1,76,N,N
1.382772e+08,2.881742e+15,3.500522e+18,1.226878e+17,1.053322e+08,7.583276e+15,7.746682e+18,9.690597e+17,5.165588e+07,1.206224e+15,3.118521e+17,1.079788e+16,3,67,N,N
6.432560e+07,9.806330e+14,8.283365e+17,6.682163e+16,5.412239e+07,1.763906e+15,2.005380e+18,2.174612e+17,2.280792e+07,1.041322e+14,6.832434e+16,1.100774e+15,0,44,N,N
9.252059e+07,2.683168e+15,2.686292e+18,2.404466e+17,7.760503e+07,4.475826e+15,2.976199e+18,3.131819e+17,2.581875e+07,2.304304e+14,4.293153e+16,2.919958e+14,1,101,N,N
9.713058e+07,2.213605e+15,2.750540e+18,1.695709e+17,7.802425e+07,4.383124e+15,3.804669e+18,4.465636e+17,3.098282e+07,3.675373e+14,9.077257e+16,2.736967e+15,1,74,N,N
9.812153e+07,2.199603e+15,2.820793e+18,1.550135e+17,7.831286e+07,4.478323e+15,3.690863e+18,4.345602e+17,3.141304e+07,3.941699e+14,8.820489e+16,5.460549e+15,2,74,N,N
8.072824e+07,1.717345e+15,1.504697e+18,1.076754e+17,6.726764e+07,3.024598e+15,3.265920e+18,3.820700e+17,2.582762e+07,1.866745e+14,7.490718e+16,1.232200e+15,1,25,N,N
3.947841e+07,3.671930e+14,2.998028e+17,2.700454e+16,3.583335e+07,5.211281e+14,7.178225e+17,3.322679e+16,1.667726e+07,4.388594e+13,6.256576e+16,7.772550e+15,3,94,N,N
1.018062e+08,2.219839e+15,2.758365e+18,1.605367e+17,8.004830e+07,4.747196e+15,3.313158e+18,3.732041e+17,3.294039e+07,4.906263e+14,1.103546e+17,6.582115e+15,1,68,N,N
6.799251e+07,8.078970e+14,9.407214e+17,5.099730e+16,5.516584e+07,1.723686e+15,2.176244e+18,2.479938e+17,2.677806e+07,1.653340e+14,7.796867e+16,4.585990e+14,3,58,N,N
7.540982e+07,1.524665e+15,1.464674e+18,1.106972e+17,6.331927e+07,2.614635e+15,2.237854e+18,2.180654e+17,2.432100e+07,1.660258e+14,6.266809e+16,1.495815e+14,0,31,N,N
7.855660e+07,1.149501e+15,1.800003e+18,1.032449e+17,6.316592e+07,2.456837e+15,2.646433e+18,2.809954e+17,2.926587e+07,2.395528e+14,1.073924e+17,3.072200e+14,3,52,N,N
6.806308e+07,9.081060e+14,7.446986e+17,8.493393e+16,5.657095e+07,1.724802e+15,2.541467e+18,3.257433e+17,2.654183e+07,1.436622e+14,1.234361e+17,2.098426e+15,0,33,N,N
6.565043e+07,1.135370e+15,1.068604e+18,7.486267e+16,5.551963e+07,1.921645e+15,1.748121e+18,1.763149e+17,2.182445e+07,1.143425e+14,5.157289e+16,7.785176e+12,2,90,N,N
7.013634e+07,1.140654e+15,7.709762e+17,5.813585e+16,5.888456e+07,2.077938e+15,2.258154e+18,2.305003e+17,2.511257e+07,1.267056e+14,1.049155e+17,2.747710e+15,1,42,N,N
6.069187e+07,7.120519e+14,8.846544e+17,5.120808e+16,4.991130e+07,1.401353e+15,1.178923e+18,6.925595e+16,2.325972e+07,1.540731e+14,9.518507e+16,6.769655e+15,1,50,N,N
6.966115e+07,1.311454e+15,1.208323e+18,9.353126e+16,5.849911e+07,2.243931e+15,2.363716e+18,2.817558e+17,2.229133e+07,1.249285e+14,5.064154e+16,1.217461e+15,1,102,N,N
7.059395e+03,4.969431e+07,4.582923e+08,4.579635e+08,7.405031e+03,5.136367e+07,6.254772e+08,4.535253e+08,3.587635e+02,1.210931e+05,2.302664e+05,2.381790e+05,3,73,N,N
7.537716e+07,8.381950e+14,1.444143e+18,5.256986e+16,5.938303e+07,2.048982e+15,2.652089e+18,3.006485e+17,3.047424e+07,2.929910e+14,1.358149e+17,3.945858e+15,2,77,N,N
6.615638e+07,8.787073e+14,8.225450e+17,6.385752e+16,5.450111e+07,1.712264e+15,2.258493e+18,2.701356e+17,2.487166e+07,1.409691e+14,7.817341e+16,2.372012e+15,3,65,N,N
7.282375e+07,1.184501e+15,1.391064e+18,1.098851e+17,5.965710e+07,2.397257e+15,1.758130e+18,1.567007e+17,2.527640e+07,1.896802e+14,7.837237e+16,3.062508e+13,0,57,N,N
6.139795e+07,8.223638e+14,9.387592e+17,6.069244e+16,5.078041e+07,1.561349e+15,1.463791e+18,1.286417e+17,2.211790e+07,1.205061e+14,6.945566e+16,1.788005e+15,1,51,N,N
6.441491e+07,8.506040e+14,9.885041e+17,6.326654e+16,5.268651e+07,1.689165e+15,1.647532e+18,1.465361e+17,2.353319e+07,1.431299e+14,7.561613e+16,1.446467e+15,3,51,N,N
5.142095e+07,4.864581e+14,5.490933e+17,2.410956e+16,4.353354e+07,8.979224e+14,9.621849e+17,3.613192e+16,2.148091e+07,1.108864e+14,1.169286e+17,1.506812e+16,0,66,N,N
7.586793e+07,1.588591e+15,1.575713e+18,1.208075e+17,6.323158e+07,2.772818e+15,2.124924e+18,2.175787e+17,2.337590e+07,1.698677e+14,4.550647e+16,5.254842e+13,0,60,N,N
6.737225e+07,1.316324e+15,1.066617e+18,1.116706e+17,5.850620e+07,2.037925e+15,2.336292e+18,2.744777e+17,2.223147e+07,8.534464e+13,4.128093e+16,3.081432e+15,2,12,N,N
5.271178e+07,5.576047e+14,6.851957e+17,3.160649e+16,4.493323e+07,9.869807e+14,9.717346e+17,3.460950e+16,2.131959e+07,1.068351e+14,1.143119e+17,1.457501e+16,1,66,N,N
9.378590e+07,2.383523e+15,1.861601e+18,1.322541e+17,7.747231e+07,4.307048e+15,4.044823e+18,5.107214e+17,2.865967e+07,2.812601e+14,6.064269e+16,4.985939e+15,2,95,N,N
6.450690e+07,9.603344e+14,8.484884e+17,6.727663e+16,5.374773e+07,1.756488e+15,1.895054e+18,2.041917e+17,2.277223e+07,1.158456e+14,6.105423e+16,1.030687e+15,1,44,N,N
8.030746e+07,1.292745e+15,1.273355e+18,8.514025e+16,6.651297e+07,2.474029e+15,3.638935e+18,5.251706e+17,3.056817e+07,2.677703e+14,1.181924e+17,1.053438e+16,3,87,N,N
6.252583e+07,1.105613e+15,1.030423e+18,7.065764e+16,5.376376e+07,1.768038e+15,1.542802e+18,1.391202e+17,2.051302e+07,9.960690e+13,5.082248e+16,3.028767e+14,1,71,N,N
1.010452e+08,3.580319e+15,2.898692e+18,2.534822e+17,8.494165e+07,5.789703e+15,3.246318e+18,3.746633e+17,2.512288e+07,2.609972e+14,2.610053e+16,1.449586e+15,2,86,N,N
5.312857e+07,6.492038e+14,7.345827e+17,5.232100e+16,4.549910e+07,1.095380e+15,1.022317e+18,6.023116e+16,2.003729e+07,9.385530e+13,7.210748e+16,5.789143e+15,0,37,N,N
7.126690e+07,1.394570e+15,1.137897e+18,9.914962e+16,5.957833e+07,2.421196e+15,1.762904e+18,1.656787e+17,2.224067e+07,1.530963e+14,4.914484e+16,2.901289e+14,1,41,N,N
7.145637e+07,1.049837e+15,1.303362e+18,6.520000e+16,5.811018e+07,2.111878e+15,2.245974e+18,2.562155e+17,2.571956e+07,1.781359e+14,7.875704e+16,1.055904e+15,3,82,N,N
7.502307e+07,1.635614e+15,1.833283e+18,1.404328e+17,6.268777e+07,2.784291e+15,1.445970e+18,1.181508e+17,2.227378e+07,1.779626e+14,5.129586e+16,2.384283e+15,2,89,N,N
5.892204e+07,6.872232e+14,8.517307e+17,5.177973e+16,4.785488e+07,1.391926e+15,1.063464e+18,7.736018e+16,2.167169e+07,1.406685e+14,6.707145e+16,2.858171e+15,0,50,N,N
8.687867e+07,2.341493e+15,2.248822e+18,1.929231e+17,7.247440e+07,3.987157e+15,2.243359e+18,2.382050e+17,2.409411e+07,2.178254e+14,3.052653e+16,3.792512e+14,2,101,N,N
6.815673e+07,1.440831e+15,1.319995e+18,1.193629e+17,5.765081e+07,2.349387e+15,1.776581e+18,1.913579e+17,1.969253e+07,1.136115e+14,2.693546e+16,2.120787e+14,0,29,N,N
7.479862e+07,9.718196e+14,1.221444e+18,5.863141e+16,5.937871e+07,2.181750e+15,2.370669e+18,2.567592e+17,2.833181e+07,2.429024e+14,1.212276e+17,1.397615e+15,0,81,N,N
6.635557e+07,6.141507e+14,8.142106e+17,4.677805e+16,5.650978e+07,1.199829e+15,2.900109e+18,4.610915e+17,3.172802e+07,1.445183e+14,1.847873e+17,1.473141e+16,1,97,N,N
1.387979e+08,3.122884e+15,4.023568e+18,2.043300e+17,1.060235e+08,7.861792e+15,7.692665e+18,9.604708e+17,5.015684e+07,1.177901e+15,2.563962e+17,5.335742e+15,1,67,N,N
5.671632e+07,5.774870e+14,6.257246e+17,4.158841e+16,4.684877e+07,1.145394e+15,1.555989e+18,1.895580e+17,2.288262e+07,9.772029e+13,8.235003e+16,1.142497e+15,0,78,N,N
5.914918e+07,6.219948e+14,6.113533e+17,4.115645e+16,4.913874e+07,1.224112e+15,1.775754e+18,2.105246e+17,2.420684e+07,1.006435e+14,8.195526e+16,2.290195e+15,2,78,N,N
1.110668e+08,2.350345e+15,2.596452e+18,1.532129e+17,8.854376e+07,5.054678e+15,6.449079e+18,8.426176e+17,4.010660e+07,5.966885e+14,1.495856e+17,8.539415e+15,2,47,N,N
7.738734e+07,1.490754e+15,1.521415e+18,1.170292e+17,6.378046e+07,2.739215e+15,2.489299e+18,2.750667e+17,2.519444e+07,1.879849e+14,4.906416e+16,4.129920e+14,2,63,N,N
9.261178e+07,2.392021e+15,1.511945e+18,1.449650e+17,7.677948e+07,4.191049e+15,3.306698e+18,3.863636e+17,2.787590e+07,2.574220e+14,9.215190e+16,4.297378e+15,0,72,N,N
5.443610e+07,4.617108e+14,7.188824e+17,5.222632e+16,4.554170e+07,9.237704e+14,1.316068e+18,7.492797e+16,2.405431e+07,1.085869e+14,1.279845e+17,1.195967e+16,0,9,N,N
8.349264e+07,1.441372e+15,1.321063e+18,6.708541e+16,6.866699e+07,2.814690e+15,3.573117e+18,4.372679e+17,3.074285e+07,2.451355e+14,1.502438e+17,9.758040e+14,3,85,N,N
1.006065e+08,2.000689e+15,2.717483e+18,1.640266e+17,7.995461e+07,4.257052e+15,4.667528e+18,5.856942e+17,3.540844e+07,4.392365e+14,1.109054e+17,4.070863e+15,2,70,N,N
1.048436e+08,1.420894e+15,2.950644e+18,1.457428e+17,8.120908e+07,3.743897e+15,4.368431e+18,4.241411e+17,4.365629e+07,6.115424e+14,3.201731e+17,3.930871e+15,2,59,N,N
8.294110e+07,1.700136e+15,1.537612e+18,1.524045e+17,7.001442e+07,2.931083e+15,3.529611e+18,4.230852e+17,2.880244e+07,1.732694e+14,6.959228e+16,3.972786e+15,1,12,N,N
6.551627e+07,9.838387e+14,1.048710e+18,6.209708e+16,5.361591e+07,1.874118e+15,1.803627e+18,1.895297e+17,2.225099e+07,1.417257e+14,6.054629e+16,3.470709e+14,3,83,N,N
6.840105e+07,1.243216e+15,1.160451e+18,7.716154e+16,5.729383e+07,2.162400e+15,2.074525e+18,2.199618e+17,2.204027e+07,1.233714e+14,5.431755e+16,9.867265e+13,0,62,N,N
5.827674e+07,3.762672e+14,6.372956e+17,2.842271e+16,4.682252e+07,9.551595e+14,1.722704e+18,1.944408e+17,2.743038e+07,1.331780e+14,1.583410e+17,9.303798e+14,3,64,N,N
8.814220e+07,1.564955e+15,1.904035e+18,1.701053e+17,7.067646e+07,3.255580e+15,3.435908e+18,4.042343e+17,3.115202e+07,3.050656e+14,8.693219e+16,2.003269e+15,2,69,N,N
9.810166e+07,2.000383e+15,2.160234e+18,1.276793e+17,7.882614e+07,4.108408e+15,4.741998e+18,6.065717e+17,3.411897e+07,4.308972e+14,1.038521e+17,4.729601e+15,1,47,N,N
4.766388e+07,3.644585e+14,4.078591e+17,3.418978e+16,4.067862e+07,7.062375e+14,1.073467e+18,7.015431e+16,2.159044e+07,6.897126e+13,9.231022e+16,3.731451e+15,1,75,N,N
8.476540e+07,1.177608e+15,1.839230e+18,8.072379e+16,6.868049e+07,2.537047e+15,2.732850e+18,2.125826e+17,3.439633e+07,3.525821e+14,2.277945e+17,5.589492e+15,1,59,N,N
6.526809e+07,1.181654e+15,9.780128e+17,1.081992e+17,5.735039e+07,1.900938e+15,2.357298e+18,2.799407e+17,2.297550e+07,6.777751e+13,4.580586e+16,5.822820e+15,0,12,N,N
8.057429e+07,1.430087e+15,1.872660e+18,1.013704e+17,6.403599e+07,2.963694e+15,1.719630e+18,1.459625e+17,2.622073e+07,2.832412e+14,8.662076e+16,4.532053e+15,0,40,N,N
6.468003e+07,6.158870e+14,6.161488e+17,2.251549e+16,5.432556e+07,1.234573e+15,2.517974e+18,3.645194e+17,2.954420e+07,1.684380e+14,1.728317e+17,2.732789e+15,0,64,N,N
5.437276e+07,5.178201e+14,5.359437e+17,1.977671e+16,4.541836e+07,1.008261e+15,1.155570e+18,5.892088e+16,2.266707e+07,1.179052e+14,1.218470e+17,9.957920e+15,3,66,N,N
9.945284e+07,2.563601e+15,1.847599e+18,1.353587e+17,8.065126e+07,4.833588e+15,3.124852e+18,3.313150e+17,3.003478e+07,3.537380e+14,9.817948e+16,3.792715e+14,1,72,N,N
8.539342e+07,1.274053e+15,1.623441e+18,8.909865e+16,6.859228e+07,2.756715e+15,3.732008e+18,4.889840e+17,3.289893e+07,3.790160e+14,1.292314e+17,1.835079e+15,0,4,N,N
6.733448e+07,7.428966e+14,1.056172e+18,5.481425e+16,5.373811e+07,1.664698e+15,1.606824e+18,1.218492e+17,2.655139e+07,2.041964e+14,1.194444e+17,3.955929e+15,2,50,N,N
7.106559e+07,9.717367e+14,1.425304e+18,6.771764e+16,5.719234e+07,2.113865e+15,1.524975e+18,1.236755e+17,2.603637e+07,2.082802e+14,1.049691e+17,4.758381e+15,0,61,N,N
7.510613e+07,1.473609e+15,1.790222e+18,1.395643e+17,6.236242e+07,2.624176e+15,1.982211e+18,1.923355e+17,2.397618e+07,1.805350e+14,5.164729e+16,4.638976e+13,3,60,N,N
4.599815e+07,3.556485e+14,3.196415e+17,2.195230e+16,3.951118e+07,6.427096e+14,1.079496e+18,8.021388e+16,2.065320e+07,5.643952e+13,8.855309e+16,4.259860e+15,3,75,N,N
7.671675e+07,1.341469e+15,1.560314e+18,1.007896e+17,6.280740e+07,2.593371e+15,2.675890e+18,3.038554e+17,2.619013e+07,1.999008e+14,7.560783e+16,8.026002e+13,1,62,N,N
1.028849e+08,1.294855e+15,2.235293e+18,6.011322e+16,7.838083e+07,3.677174e+15,4.764458e+18,6.072939e+17,4.245382e+07,6.894999e+14,2.345046e+17,1.032770e+16,2,80,N,N
5.135689e+07,5.718706e+14,5.394785e+17,3.079256e+16,4.416475e+07,9.677922e+14,1.226702e+18,8.651629e+16,2.025172e+07,6.745917e+13,9.557099e+16,5.015919e+15,0,91,N,N
9.319441e+07,2.445712e+15,2.008576e+18,1.367777e+17,7.782051e+07,4.253842e+15,4.309177e+18,5.549913e+17,2.836662e+07,2.545026e+14,7.384520e+16,6.532177e+15,1,95,N,N
8.234871e+07,1.661150e+15,2.279950e+18,1.658475e+17,6.708010e+07,3.136943e+15,2.605970e+18,3.018548e+17,2.639466e+07,2.332220e+14,6.053943e+16,9.080040e+14,1,103,N,N
1.106227e+08,2.358837e+15,3.103889e+18,1.207208e+17,8.531865e+07,5.454489e+15,3.412980e+18,3.520835e+17,3.679229e+07,6.402981e+14,1.567958e+17,1.315300e+16,0,68,N,N
7.992948e+07,1.855319e+15,1.743834e+18,1.434057e+17,6.669126e+07,3.233960e+15,2.136386e+18,2.164427e+17,2.363543e+07,1.819558e+14,4.133945e+16,3.267070e+13,2,104,N,N
7.319863e+07,1.110578e+15,1.452613e+18,8.733102e+16,6.025557e+07,2.200896e+15,2.298710e+18,2.232450e+17,2.693056e+07,1.772957e+14,1.017525e+17,3.541150e+14,2,52,N,N
7.520719e+07,1.581243e+15,1.671584e+18,1.187081e+17,6.299518e+07,2.732967e+15,1.511016e+18,1.187231e+17,2.324098e+07,1.865239e+14,6.164506e+16,2.366624e+15,3,89,N,N
9.148554e+07,1.801110e+15,1.802936e+18,9.567200e+16,7.519660e+07,3.448366e+15,4.496005e+18,6.208850e+17,3.278197e+07,2.821407e+14,1.219191e+17,1.128204e+16,0,30,N,N
8.074938e+07,1.838722e+15,1.858291e+18,1.398198e+17,6.709758e+07,3.198849e+15,2.368226e+18,2.359335e+17,2.421726e+07,1.926893e+14,5.569543e+16,2.599984e+14,3,104,N,N
7.970126e+07,1.388415e+15,1.633218e+18,1.373714e+17,6.494518e+07,2.713602e+15,2.887476e+18,3.302409e+17,2.769852e+07,2.179214e+14,7.792324e+16,6.677331e+14,0,45,N,N
1.131960e+08,2.548002e+15,3.010785e+18,2.273018e+17,8.983743e+07,5.430656e+15,5.799478e+18,7.278166e+17,3.950582e+07,5.519000e+14,9.469754e+16,2.925221e+15,1,70,N,N
1.021568e+08,2.104554e+15,2.559713e+18,1.190238e+17,8.233079e+07,4.328959e+15,4.974825e+18,6.134708e+17,3.647237e+07,5.254050e+14,1.719280e+17,3.722225e+15,1,99,N,N
9.699066e+07,2.282240e+15,2.966396e+18,2.055439e+17,7.863378e+07,4.377811e+15,3.992674e+18,4.720908e+17,3.086668e+07,4.177741e+14,4.278063e+16,4.716303e+15,2,98,N,N
8.310874e+07,9.946439e+14,1.873810e+18,1.061871e+17,6.519132e+07,2.452743e+15,2.811014e+18,2.695904e+17,3.372436e+07,3.293031e+14,1.580255e+17,6.541786e+14,0,19,N,N
9.649535e+07,1.817619e+15,1.952761e+18,1.304828e+17,7.809279e+07,3.715006e+15,5.123798e+18,7.005850e+17,3.555028e+07,4.540850e+14,1.263431e+17,7.272652e+15,3,69,N,N
5.231961e+07,7.642679e+14,4.857293e+17,4.768339e+16,4.619776e+07,1.151168e+15,1.468936e+18,1.401281e+17,1.855272e+07,3.902164e+13,5.214321e+16,3.445866e+15,0,24,N,N
1.193054e+08,2.913162e+15,2.728629e+18,1.663594e+17,9.574624e+07,6.011047e+15,7.176538e+18,8.952025e+17,4.178652e+07,5.825115e+14,1.124767e+17,3.251725e+15,3,70,N,N
8.459829e+07,2.143808e+15,1.586131e+18,1.138530e+17,7.026541e+07,3.770511e+15,2.377708e+18,2.541731e+17,2.402606e+07,2.069508e+14,5.148641e+16,4.636918e+14,2,100,N,N
7.648074e+07,1.391294e+15,1.686107e+18,1.127410e+17,6.255550e+07,2.624042e+15,2.333756e+18,2.597305e+17,2.525620e+07,1.951267e+14,6.171152e+16,3.110812e+14,3,103,N,N
7.618786e+07,1.110046e+15,9.403243e+17,5.640103e+16,6.238956e+07,2.218164e+15,2.918072e+18,3.820120e+17,2.909376e+07,2.050931e+14,1.135284e+17,5.801510e+15,0,93,N,N
5.817217e+07,9.730086e+14,8.722656e+17,6.583116e+16,5.023494e+07,1.531135e+15,1.499172e+18,1.445540e+17,1.904255e+07,7.312993e+13,4.418853e+16,1.847076e+14,3,71,N,N
5.961871e+07,6.612954e+14,9.640433e+17,7.028772e+16,5.016533e+07,1.267410e+15,1.648848e+18,1.402423e+17,2.449687e+07,1.092366e+14,8.893620e+16,1.732471e+15,3,53,N,N
6.906309e+07,8.327319e+14,9.865176e+17,5.005060e+16,5.558017e+07,1.804713e+15,1.827297e+18,1.536062e+17,2.673198e+07,1.955327e+14,1.281017e+17,2.453042e+15,3,54,N,N
8.938123e+07,2.268178e+15,1.923237e+18,1.396581e+17,7.387332e+07,4.090407e+15,3.008013e+18,3.331647e+17,2.627546e+07,2.405224e+14,6.551782e+16,7.266141e+14,3,100,N,N
7.369840e+07,8.056647e+14,1.207785e+18,4.264459e+16,5.825821e+07,1.993124e+15,2.480811e+18,2.926381e+17,2.992103e+07,2.776675e+14,1.233953e+17,3.733102e+15,0,77,N,N
6.876594e+07,1.198026e+15,1.353175e+18,1.181874e+17,5.809951e+07,2.085200e+15,1.943414e+18,2.079891e+17,2.350439e+07,1.281175e+14,4.633913e+16,8.124159e+14,2,48,N,N
8.200560e+07,1.869791e+15,1.840316e+18,1.190805e+17,6.766522e+07,3.316554e+15,2.418229e+18,2.685823e+17,2.442701e+07,2.087624e+14,5.176016e+16,1.132169e+15,3,74,N,N
8.263685e+07,1.606244e+15,1.505653e+18,1.260087e+17,6.720990e+07,3.081078e+15,2.988523e+18,3.540417e+17,2.714306e+07,2.469888e+14,8.052444e+16,1.902019e+15,0,41,N,N
9.775588e+07,1.730338e+15,1.893260e+18,8.738151e+16,7.777342e+07,3.793797e+15,4.909353e+18,6.435928e+17,3.620135e+07,4.668349e+14,1.366622e+17,5.725936e+15,3,84,N,N
9.170199e+07,1.973852e+15,1.945501e+18,1.132668e+17,7.391419e+07,3.868894e+15,3.057168e+18,3.150237e+17,2.951224e+07,3.166148e+14,1.003297e+17,6.142028e+14,0,7,N,N
7.549604e+07,1.084786e+15,8.527869e+17,4.719502e+16,6.189802e+07,2.168132e+15,3.059849e+18,4.003520e+17,2.898946e+07,2.150538e+14,1.100310e+17,2.399938e+15,2,65,N,N
8.455622e+07,1.524616e+15,1.353639e+18,8.561215e+16,6.813696e+07,3.085824e+15,2.921641e+18,3.524639e+17,2.909153e+07,2.813376e+14,9.010793e+16,8.245723e+14,0,5,N,N
8.357683e+07,1.894364e+15,1.982283e+18,1.747522e+17,6.961586e+07,3.328083e+15,3.182027e+18,3.764436e+17,2.609769e+07,1.949936e+14,4.751783e+16,1.749526e+15,2,49,N,N
