1.984026e+03,6.153498e+02,-1.232060e+03,2.802978e+02,-5.408152e+02,1.545123e+02,-3.719756e+02,-2.276119e+02,9.111280e+01,1.775014e+02,-1.193583e+02,5.513847e+01,-4.702213e+02,8.531902e+01,-7.217552e+01,3.374977e+01,3,72
1.865614e+03,5.801270e+02,-1.285334e+03,2.607586e+02,-5.641597e+02,1.400927e+02,-4.455178e+02,-2.614098e+02,8.043631e+01,1.017974e+02,-1.556186e+02,4.814062e+01,-3.745486e+02,5.900210e+01,-1.089363e+02,3.029458e+01,3,93
1.850972e+03,6.227034e+02,-1.025531e+03,3.343637e+02,-5.605796e+02,2.600722e+02,-4.702780e+02,-4.426968e+02,2.967714e+02,2.361507e+02,-6.811637e+02,4.700303e+02,-5.354957e+02,6.545191e+02,-1.430420e+03,8.894427e+02,0,26
1.795904e+03,5.570068e+02,-1.214935e+03,2.660423e+02,-5.577236e+02,1.973288e+02,-3.654433e+02,-3.531460e+02,2.444435e+02,2.649046e+02,-5.303350e+02,4.575920e+02,-3.810962e+02,4.975365e+02,-1.255221e+03,1.030724e+03,3,96
1.898400e+03,5.505628e+02,-1.306234e+03,2.306063e+02,-5.880362e+02,1.175156e+02,-4.730464e+02,-2.539455e+02,6.531609e+01,1.605832e+02,-1.400599e+02,3.888020e+01,-1.252267e+02,9.155590e+01,-9.648560e+01,2.553462e+01,1,55
1.846197e+03,5.593549e+02,-1.159801e+03,2.645986e+02,-5.139196e+02,1.669444e+02,-4.471068e+02,-2.965640e+02,1.398263e+02,1.992052e+02,-3.158814e+02,1.653106e+02,-3.541013e+02,3.334566e+02,-5.118903e+02,2.585517e+02,3,90
1.904766e+03,6.108085e+02,-1.491681e+03,2.653837e+02,-7.067208e+02,1.373851e+02,-4.951510e+02,-3.258435e+02,7.605180e+01,1.216365e+02,-1.778045e+02,4.327105e+01,-4.020992e+02,5.607433e+01,-1.059282e+02,2.494750e+01,1,5
1.897127e+03,5.755698e+02,-1.234694e+03,2.529638e+02,-5.533507e+02,1.325831e+02,-4.397932e+02,-2.532450e+02,7.374042e+01,6.464300e+01,-1.411789e+02,4.194813e+01,-5.142511e+02,3.213655e+01,-8.693715e+01,2.412649e+01,0,27
1.876437e+03,5.826151e+02,-1.119711e+03,2.580236e+02,-5.409477e+02,1.362225e+02,-6.205263e+02,-2.441131e+02,7.685413e+01,4.129711e+01,-1.297688e+02,4.461117e+01,-4.191784e+02,2.689894e+01,-7.602681e+01,2.626448e+01,0,28
1.904448e+03,5.264910e+02,-1.236286e+03,1.986986e+02,-6.088643e+02,9.027231e+01,-5.201020e+02,-2.406027e+02,4.494384e+01,2.426395e+02,-1.017488e+02,2.348886e+01,4.663262e+01,1.513923e+02,-4.686682e+01,1.261136e+01,0,67
1.783172e+03,5.401507e+02,-1.476974e+03,2.584817e+02,-6.937142e+02,2.112753e+02,-2.962810e+02,-4.891436e+02,2.961505e+02,3.388785e+02,-7.651359e+02,5.711489e+02,-2.773211e+02,7.151776e+02,-1.741182e+03,1.235028e+03,3,91
1.863704e+03,5.730245e+02,-1.373765e+03,2.616921e+02,-6.347561e+02,1.579676e+02,-4.266223e+02,-3.395363e+02,1.235187e+02,1.957367e+02,-3.079558e+02,1.308116e+02,-1.523418e+02,2.673829e+02,-4.330190e+02,1.786471e+02,0,16
1.945510e+03,5.961631e+02,-1.412170e+03,2.710640e+02,-6.185380e+02,1.477922e+02,-3.771989e+02,-2.935975e+02,8.548200e+01,9.894951e+01,-1.728612e+02,5.053551e+01,-4.741215e+02,4.512567e+01,-1.121694e+02,3.020013e+01,3,99
1.807364e+03,5.375814e+02,-1.410545e+03,2.249879e+02,-6.028596e+02,1.146639e+02,-3.772153e+02,-2.508464e+02,6.308369e+01,1.358142e+02,-1.269460e+02,3.583350e+01,-9.694000e+01,4.907105e+01,-7.236142e+01,2.067868e+01,3,78
1.804180e+03,6.008934e+02,-1.003068e+03,2.838533e+02,-5.071339e+02,1.684325e+02,-4.781575e+02,-2.490450e+02,1.179168e+02,1.150679e+02,-1.908420e+02,1.011917e+02,-4.352389e+02,1.540610e+02,-2.342855e+02,1.108586e+02,2,102
1.897445e+03,6.042849e+02,-1.340928e+03,2.852379e+02,-6.454563e+02,1.971894e+02,-5.775245e+02,-3.950951e+02,2.532032e+02,6.983867e+01,-5.179128e+02,5.750995e+02,-3.528907e+02,2.630733e+02,-1.326675e+03,1.614054e+03,0,22
1.872299e+03,6.394760e+02,-1.178262e+03,3.279277e+02,-5.565639e+02,2.050776e+02,-4.808315e+02,-2.921895e+02,1.419767e+02,7.188889e+01,-2.162812e+02,1.099648e+02,-4.666665e+02,9.241692e+01,-2.175054e+02,1.003587e+02,1,84
1.833783e+03,5.437843e+02,-1.111448e+03,2.313301e+02,-5.056901e+02,1.178583e+02,-4.742479e+02,-2.214316e+02,6.456970e+01,7.611469e+01,-1.206071e+02,3.705259e+01,-2.869487e+02,5.581896e+01,-7.787324e+01,2.240069e+01,2,82
1.878665e+03,6.005359e+02,-1.292685e+03,2.556397e+02,-6.591985e+02,1.291832e+02,-4.415873e+02,-2.916930e+02,6.990656e+01,1.640984e+02,-1.503597e+02,3.895173e+01,-5.229279e+02,6.942482e+01,-8.532848e+01,2.202322e+01,3,68
1.927366e+03,2.903528e+03,-1.105805e+03,6.987551e+04,1.009075e+03,1.845405e+06,-3.932959e+02,1.627613e+04,4.620024e+07,-7.658138e+02,-4.586756e+04,1.118804e+09,-4.108107e+02,-3.432401e+04,-1.005017e+07,2.653163e+10,3,80
1.891716e+03,5.678921e+02,-1.649867e+03,2.488028e+02,-7.155903e+02,1.415307e+02,-3.802779e+02,-3.693949e+02,1.059916e+02,1.601505e+02,-2.996152e+02,1.164194e+02,-2.786041e+02,1.836057e+02,-3.911589e+02,1.775011e+02,1,10
1.944237e+03,6.538317e+02,-1.052770e+03,3.208449e+02,-5.170325e+02,1.890279e+02,-3.771245e+02,-2.285400e+02,1.185772e+02,1.430625e+02,-1.249157e+02,7.617584e+01,-3.599554e+02,6.961676e+01,-7.785933e+01,4.945859e+01,0,56
1.972248e+03,6.664755e+02,-9.492035e+02,3.411794e+02,-5.437120e+02,2.286932e+02,-5.667304e+02,-3.734095e+02,2.068892e+02,9.712425e+01,-4.435364e+02,2.689116e+02,-7.916261e+02,3.348557e+02,-7.898494e+02,4.572910e+02,1,86
2.093842e+03,6.671958e+02,-1.184156e+03,3.348115e+02,-5.087263e+02,2.016133e+02,-5.190674e+02,-2.311051e+02,1.286551e+02,1.315559e+02,-1.369028e+02,8.390568e+01,-2.435699e+02,1.009786e+02,-9.544269e+01,5.530410e+01,1,73
1.848107e+03,5.339498e+02,-1.214723e+03,2.030538e+02,-6.175530e+02,9.272048e+01,-5.793962e+02,-2.627744e+02,4.730727e+01,1.453605e+02,-1.305059e+02,2.698754e+01,-3.443237e+02,1.064594e+02,-8.133015e+01,1.806285e+01,1,40
2.168645e+03,6.239775e+02,-9.329601e+02,2.954504e+02,-6.040064e+02,3.028684e+02,-9.799834e+02,-5.184799e+02,6.651912e+02,2.016636e+02,-1.233566e+03,1.949482e+03,-3.478415e+02,8.758219e+02,-4.225844e+03,6.089175e+03,2,76
1.818823e+03,5.196320e+02,-1.143000e+03,1.972479e+02,-5.976052e+02,8.996126e+01,-7.809730e+02,-2.474797e+02,4.502932e+01,1.544661e+02,-1.156338e+02,2.383536e+01,-1.889015e+02,1.070651e+02,-6.260264e+01,1.321991e+01,0,76
1.728104e+03,5.409312e+02,-1.239584e+03,2.287517e+02,-5.666879e+02,1.168330e+02,-4.503073e+02,-2.355163e+02,6.452174e+01,1.399751e+02,-1.157504e+02,3.686711e+01,-2.115125e+02,6.844041e+01,-6.385635e+01,2.142836e+01,2,53
1.872299e+03,5.789071e+02,-1.241379e+03,2.816960e+02,-5.601663e+02,1.868086e+02,-3.805011e+02,-3.470837e+02,1.731633e+02,1.881976e+02,-4.067676e+02,2.326653e+02,-3.660886e+02,3.672460e+02,-7.234683e+02,4.009615e+02,1,65
1.730651e+03,5.175000e+02,-1.392573e+03,2.105448e+02,-6.467373e+02,1.112656e+02,-4.974069e+02,-3.109973e+02,7.604925e+01,1.850269e+02,-2.295468e+02,7.210768e+01,-2.151836e+02,1.976648e+02,-2.664198e+02,9.214452e+01,0,32
2.013947e+03,6.529072e+02,-1.230260e+03,3.284745e+02,-6.233924e+02,2.099910e+02,-5.204912e+02,-3.782852e+02,1.631659e+02,1.423098e+02,-3.663269e+02,1.628088e+02,-4.521332e+02,2.776881e+02,-5.040176e+02,2.093790e+02,3,98
1.900628e+03,5.820966e+02,-1.622980e+03,2.527455e+02,-7.304419e+02,1.323943e+02,-4.927984e+02,-3.653639e+02,7.653382e+01,1.154307e+02,-2.335126e+02,4.926696e+01,-2.154227e+02,1.127239e+02,-1.814805e+02,3.707122e+01,0,10
2.021586e+03,6.279239e+02,-1.417767e+03,2.841880e+02,-6.737517e+02,1.525803e+02,-5.260618e+02,-3.356419e+02,8.680813e+01,8.926922e+01,-2.021334e+02,5.069265e+01,-3.889049e+02,6.972900e+01,-1.330907e+02,3.015991e+01,2,99
1.841741e+03,5.727231e+02,-1.134240e+03,2.528945e+02,-5.749129e+02,1.393778e+02,-4.971900e+02,-2.766515e+02,8.938516e+01,1.419175e+02,-1.902955e+02,6.896642e+01,-3.096157e+02,1.510997e+02,-1.923168e+02,6.742971e+01,3,61
1.908268e+03,5.901600e+02,-9.209390e+02,3.016042e+02,-4.733822e+02,2.287580e+02,-4.212147e+02,-3.886439e+02,2.701540e+02,2.452328e+02,-6.320539e+02,4.668163e+02,-6.418680e+02,6.470155e+02,-1.387839e+03,9.840460e+02,3,95
1.874209e+03,5.461271e+02,-1.273053e+03,2.300027e+02,-5.683909e+02,1.176198e+02,-4.948422e+02,-2.459848e+02,6.535929e+01,1.371957e+02,-1.370516e+02,3.871770e+01,-1.877191e+02,7.418101e+01,-9.484623e+01,2.512214e+01,0,55
1.936279e+03,5.967264e+02,-1.680082e+03,2.586360e+02,-8.060429e+02,1.487037e+02,-4.492502e+02,-4.337715e+02,1.170929e+02,2.257226e+02,-3.678006e+02,1.326530e+02,-2.693618e+01,3.029828e+02,-4.917883e+02,1.948489e+02,2,66
1.920682e+03,6.533561e+02,-1.082912e+03,3.237942e+02,-5.384779e+02,1.920528e+02,-3.743687e+02,-2.486264e+02,1.213380e+02,1.623230e+02,-1.463604e+02,7.893764e+01,-3.275532e+02,9.508994e+01,-1.020866e+02,5.255367e+01,3,56
1.858611e+03,6.317445e+02,-1.196340e+03,3.179017e+02,-5.791735e+02,1.949592e+02,-5.033510e+02,-3.089286e+02,1.330222e+02,7.371838e+01,-2.295006e+02,1.024622e+02,-4.266496e+02,1.062480e+02,-2.289800e+02,9.411062e+01,2,84
1.800042e+03,5.523890e+02,-1.261619e+03,2.401241e+02,-5.854622e+02,1.289323e+02,-4.488450e+02,-2.742433e+02,7.858891e+01,1.163302e+02,-1.755557e+02,5.560148e+01,-2.996829e+02,9.854062e+01,-1.552806e+02,4.866008e+01,2,92
1.818823e+03,5.801664e+02,-1.167849e+03,3.102461e+02,-5.855518e+02,2.851057e+02,-4.523236e+02,-5.293217e+02,4.630526e+02,2.188589e+02,-1.041214e+03,1.038301e+03,-6.246610e+02,8.315893e+02,-2.779929e+03,2.581752e+03,2,62
1.780626e+03,5.765482e+02,-9.008664e+02,2.577300e+02,-4.689455e+02,1.379653e+02,-3.774360e+02,-2.081128e+02,7.958293e+01,9.632276e+01,-1.128620e+02,4.784457e+01,-5.429552e+02,6.705040e+01,-7.324233e+01,2.985056e+01,0,83
1.803862e+03,5.589302e+02,-1.295180e+03,2.466583e+02,-5.903388e+02,1.325563e+02,-5.086046e+02,-2.592636e+02,7.709232e+01,1.073150e+02,-1.368643e+02,4.644925e+01,-3.318674e+02,5.827380e+01,-8.119183e+01,2.851002e+01,1,57
1.939462e+03,5.991891e+02,-1.246813e+03,2.410856e+02,-6.807943e+02,1.149740e+02,-6.166965e+02,-2.978795e+02,5.930903e+01,1.885490e+02,-1.437855e+02,3.178543e+01,-3.006363e+02,1.118780e+02,-7.589070e+01,1.737778e+01,3,59
1.879938e+03,6.579279e+02,-1.221296e+03,4.677336e+02,-7.526098e+02,7.583172e+02,-5.127080e+02,-1.131805e+03,2.062782e+03,5.041244e+02,-3.640750e+03,6.528604e+03,-3.718692e+02,2.408767e+03,-1.357235e+04,2.126186e+04,0,11
2.055009e+03,6.233794e+02,-1.174082e+03,2.967936e+02,-5.997351e+02,1.965992e+02,-5.179926e+02,-4.070543e+02,1.888216e+02,1.915816e+02,-4.946927e+02,2.614107e+02,-3.936401e+02,5.048565e+02,-8.749658e+02,4.505688e+02,0,13
1.808318e+03,5.566896e+02,-1.551805e+03,2.738280e+02,-6.615990e+02,2.081171e+02,-1.936523e+02,-4.325873e+02,2.576027e+02,2.746031e+02,-6.199791e+02,4.677813e+02,-1.826942e+02,5.203702e+02,-1.368196e+03,1.005280e+03,1,64
1.993893e+03,6.438869e+02,-1.363438e+03,2.997619e+02,-6.158835e+02,1.667293e+02,-3.965318e+02,-2.793349e+02,9.818873e+01,1.292357e+02,-1.580113e+02,5.894769e+01,-4.314630e+02,4.003064e+01,-9.948294e+01,3.565373e+01,1,35
1.786992e+03,5.542245e+02,-1.203373e+03,2.599723e+02,-5.619504e+02,1.725368e+02,-3.421712e+02,-3.383834e+02,1.661891e+02,2.157572e+02,-4.009481e+02,2.330127e+02,-5.214550e+02,3.926036e+02,-7.321621e+02,4.157692e+02,0,8
2.111986e+03,7.174845e+02,-1.138827e+03,3.565834e+02,-6.661184e+02,2.244755e+02,-7.977648e+02,-4.344890e+02,1.850561e+02,2.555686e+01,-4.330546e+02,2.200944e+02,-6.011676e+02,2.687394e+02,-6.640161e+02,3.568540e+02,0,86
1.847152e+03,6.155505e+02,-1.044454e+03,3.242614e+02,-5.872702e+02,2.782066e+02,-5.512649e+02,-4.808575e+02,4.240419e+02,2.143046e+02,-8.886832e+02,9.485515e+02,-4.973942e+02,7.051556e+02,-2.405808e+03,2.436721e+03,1,63
1.822324e+03,5.407675e+02,-1.417546e+03,2.265464e+02,-6.130138e+02,1.159788e+02,-3.679709e+02,-2.554334e+02,6.412695e+01,1.572658e+02,-1.300247e+02,3.656549e+01,-1.856376e+02,5.585759e+01,-7.486198e+01,2.114841e+01,2,51
1.820096e+03,5.565810e+02,-1.291322e+03,2.444734e+02,-5.639825e+02,1.316558e+02,-5.906667e+02,-2.418239e+02,7.720595e+01,1.335409e+02,-1.311263e+02,4.738219e+01,-1.055962e+02,9.052910e+01,-8.601919e+01,3.016213e+01,3,48
1.967473e+03,5.883689e+02,-1.466250e+03,2.393177e+02,-7.149426e+02,1.155267e+02,-6.023605e+02,-3.325640e+02,5.982678e+01,8.751671e+01,-1.797856e+02,3.210597e+01,-3.134910e+02,7.669891e+01,-1.065530e+02,1.768770e+01,0,14
1.738290e+03,5.005818e+02,-1.362299e+03,1.852758e+02,-6.432865e+02,8.296115e+01,-4.461234e+02,-2.533132e+02,4.092718e+01,2.362970e+02,-1.109974e+02,2.120968e+01,-5.562295e+01,1.251038e+02,-5.419055e+01,1.128512e+01,1,54
1.881211e+03,5.763913e+02,-1.325614e+03,2.502282e+02,-6.120915e+02,1.318924e+02,-5.624908e+02,-2.734110e+02,7.600873e+01,1.136981e+02,-1.505144e+02,4.664556e+01,-1.790068e+02,7.989743e+01,-1.000778e+02,3.077980e+01,1,52
1.831237e+03,5.898198e+02,-1.057184e+03,2.739126e+02,-5.348904e+02,1.586423e+02,-5.751176e+02,-2.783614e+02,1.095164e+02,1.097184e+02,-2.190089e+02,9.603593e+01,-4.183503e+02,1.753474e+02,-2.636991e+02,1.119326e+02,0,63
1.925775e+03,5.970270e+02,-1.123496e+03,2.955584e+02,-5.499168e+02,2.013693e+02,-4.721679e+02,-3.603315e+02,1.860044e+02,2.591533e+02,-4.403948e+02,2.329954e+02,-5.561191e+02,4.949622e+02,-7.618676e+02,3.597434e+02,3,101
1.773304e+03,5.391237e+02,-1.508142e+03,2.446625e+02,-6.676264e+02,1.658797e+02,-3.059467e+02,-3.835313e+02,1.797705e+02,2.606719e+02,-4.562568e+02,2.942926e+02,-2.185373e+02,4.038228e+02,-8.994800e+02,5.916537e+02,2,91
2.037820e+03,6.983112e+02,-1.115725e+03,3.548010e+02,-5.519647e+02,2.112389e+02,-6.707909e+02,-2.905064e+02,1.320780e+02,-3.920602e+01,-1.850419e+02,8.405376e+01,-7.139197e+02,-2.385035e+01,-1.267966e+02,5.387653e+01,3,49
1.787947e+03,5.819658e+02,-1.104492e+03,2.671723e+02,-5.102519e+02,1.502320e+02,-4.327848e+02,-2.258969e+02,9.298678e+01,1.233022e+02,-1.324771e+02,6.174275e+01,-3.359938e+02,1.010468e+02,-1.032128e+02,4.445203e+01,0,102
1.865296e+03,6.138047e+02,-1.181043e+03,3.115400e+02,-6.044802e+02,2.300286e+02,-4.449139e+02,-4.292787e+02,2.604216e+02,1.788358e+02,-6.131648e+02,4.279677e+02,-5.790809e+02,4.902982e+02,-1.289837e+03,8.455331e+02,1,0
1.989437e+03,6.139029e+02,-1.397873e+03,2.743266e+02,-5.878735e+02,1.480678e+02,-5.921631e+02,-2.546855e+02,8.725616e+01,1.500947e+02,-1.403579e+02,5.489330e+01,-8.470990e+01,1.144135e+02,-9.741039e+01,3.720155e+01,0,36
1.919409e+03,5.948687e+02,-1.254163e+03,2.777014e+02,-5.302218e+02,1.570408e+02,-5.091453e+02,-2.322279e+02,9.526435e+01,9.936251e+01,-1.261091e+02,5.962464e+01,-3.526453e+02,6.979024e+01,-7.797466e+01,3.799274e+01,0,18
2.022541e+03,5.977001e+02,-1.619276e+03,3.176935e+02,-6.406299e+02,2.784377e+02,-2.741027e+02,-5.366789e+02,3.954794e+02,4.389355e+02,-9.677332e+02,7.701623e+02,-1.785714e+02,1.005054e+03,-2.280358e+03,1.721259e+03,2,97
2.187744e+03,6.588667e+02,-1.626910e+03,6.734301e+02,-5.819684e+02,1.028397e+04,-5.892019e+02,-2.110584e+02,2.526927e+05,1.511466e+02,-2.962604e+03,6.050206e+06,-4.079377e+02,-3.695343e+02,-1.499493e+05,1.408854e+08,2,79
2.055645e+03,6.450866e+02,-1.276696e+03,2.982776e+02,-5.593223e+02,1.645692e+02,-5.918758e+02,-2.383919e+02,9.678279e+01,1.464611e+02,-1.231318e+02,5.848157e+01,-4.324453e+02,8.758213e+01,-7.198903e+01,3.581867e+01,3,79
1.943282e+03,6.636499e+02,-8.717658e+02,3.414988e+02,-5.139318e+02,2.258030e+02,-5.502228e+02,-3.463880e+02,1.945479e+02,1.176437e+02,-3.940737e+02,2.368838e+02,-7.640720e+02,3.270724e+02,-6.723275e+02,3.867461e+02,3,86
1.787310e+03,5.663379e+02,-1.539478e+03,3.198583e+02,-7.923600e+02,4.157117e+02,-4.384178e+02,-7.867623e+02,1.000437e+03,4.148435e+02,-1.967734e+03,2.950898e+03,-8.575864e+01,1.408802e+03,-6.573718e+03,9.142159e+03,1,94
1.814366e+03,5.422978e+02,-1.325217e+03,2.323740e+02,-5.777520e+02,1.241567e+02,-6.086966e+02,-2.532279e+02,7.644703e+01,1.354075e+02,-1.543731e+02,5.668106e+01,-8.531713e+01,1.052060e+02,-1.413980e+02,5.531273e+01,1,48
2.029862e+03,6.640338e+02,-1.240668e+03,3.381080e+02,-6.581480e+02,2.293320e+02,-5.502507e+02,-4.371761e+02,2.078253e+02,1.572482e+02,-5.004928e+02,2.629725e+02,-5.627555e+02,3.927784e+02,-8.352464e+02,4.279645e+02,0,98
1.863068e+03,5.667782e+02,-1.214129e+03,2.426634e+02,-6.057795e+02,1.318936e+02,-5.676513e+02,-2.892346e+02,8.937981e+01,1.242333e+02,-2.079379e+02,8.354034e+01,-2.783711e+02,1.363468e+02,-2.476273e+02,1.104999e+02,1,61
1.819141e+03,5.613457e+02,-1.280916e+03,2.625701e+02,-5.925290e+02,1.796977e+02,-3.827062e+02,-3.613211e+02,1.864986e+02,2.594453e+02,-4.535614e+02,2.848648e+02,-4.459002e+02,4.579416e+02,-8.813750e+02,5.424383e+02,0,96
1.721420e+03,5.161547e+02,-1.286611e+03,2.206320e+02,-5.965774e+02,1.325598e+02,-4.009007e+02,-3.083116e+02,1.221502e+02,2.031977e+02,-3.062753e+02,1.789775e+02,-2.023414e+02,2.680887e+02,-5.442576e+02,3.438802e+02,2,37
1.865614e+03,6.347781e+02,-1.148750e+03,3.205603e+02,-5.449181e+02,1.950922e+02,-4.525491e+02,-2.753764e+02,1.283946e+02,6.450266e+01,-1.844812e+02,9.011835e+01,-4.685332e+02,6.129602e+01,-1.546614e+02,6.925506e+01,0,84
1.990073e+03,6.078099e+02,-1.583498e+03,3.272572e+02,-6.630542e+02,3.076800e+02,-3.246143e+02,-5.610161e+02,5.026030e+02,3.981058e+02,-1.114958e+03,1.125184e+03,-9.716231e+01,9.964014e+02,-2.993194e+03,2.816200e+03,0,97
1.788902e+03,6.223020e+02,-8.741283e+02,3.057697e+02,-4.714436e+02,1.788333e+02,-4.651245e+02,-2.285975e+02,1.113576e+02,4.859436e+01,-1.329517e+02,7.113344e+01,-8.179715e+02,2.985331e+01,-8.508606e+01,4.602494e+01,0,74
1.912724e+03,6.089440e+02,-1.148804e+03,2.977242e+02,-5.943924e+02,2.036421e+02,-5.372923e+02,-3.875697e+02,1.966298e+02,1.996036e+02,-4.719166e+02,2.665456e+02,-5.599818e+02,4.656999e+02,-8.485127e+02,4.500874e+02,1,104
1.896172e+03,6.100476e+02,-1.046931e+03,2.915077e+02,-5.248621e+02,1.692349e+02,-5.711540e+02,-2.693446e+02,1.087748e+02,6.711569e+01,-1.867117e+02,7.766161e+01,-5.505738e+02,1.162634e+02,-1.715605e+02,6.420226e+01,1,88
1.895535e+03,2.551077e+03,-1.037127e+03,6.039198e+04,1.000381e+03,1.616140e+06,-4.326284e+02,1.947583e+04,4.094646e+07,-5.157987e+02,9.462296e+04,1.001820e+09,-3.986366e+02,-2.951068e+04,-5.866565e+06,2.396533e+10,0,80
1.943282e+03,6.177457e+02,-1.568429e+03,3.041233e+02,-7.763206e+02,2.638098e+02,-5.174421e+02,-5.540199e+02,4.667628e+02,1.861255e+02,-9.577933e+02,1.231620e+03,-2.368830e+02,6.043870e+02,-2.820763e+03,3.623366e+03,0,34
1.794631e+03,5.506917e+02,-1.215373e+03,2.425329e+02,-5.291554e+02,1.330283e+02,-3.346460e+02,-2.361899e+02,8.360269e+01,1.523102e+02,-1.549010e+02,6.215112e+01,-3.167816e+02,1.116363e+02,-1.526355e+02,5.866555e+01,1,92
1.937552e+03,5.997577e+02,-1.459829e+03,2.825845e+02,-7.296021e+02,2.123373e+02,-5.852829e+02,-5.004525e+02,2.836293e+02,1.787277e+02,-7.144021e+02,5.644257e+02,-3.997684e+02,5.498088e+02,-1.626429e+03,1.296684e+03,0,25
1.900628e+03,6.125502e+02,-1.021484e+03,2.825664e+02,-5.265683e+02,1.580647e+02,-6.586462e+02,-2.242892e+02,9.583213e+01,1.378161e+02,-1.099155e+02,6.028300e+01,-5.953392e+02,8.998173e+01,-6.098698e+01,3.863888e+01,0,70
1.978933e+03,6.277820e+02,-1.503342e+03,3.003571e+02,-7.592959e+02,2.159964e+02,-5.924670e+02,-5.238075e+02,2.452697e+02,2.338863e+02,-6.814016e+02,4.007778e+02,-4.370277e+02,6.241877e+02,-1.315501e+03,7.806891e+02,0,3
1.863068e+03,5.613398e+02,-1.161739e+03,2.243129e+02,-5.814204e+02,1.070735e+02,-4.309664e+02,-2.357720e+02,5.521657e+01,2.219325e+02,-1.078218e+02,2.945080e+01,-3.318034e+02,1.104776e+02,-5.523144e+01,1.595010e+01,0,59
1.765983e+03,4.857607e+02,-1.130938e+03,1.839502e+02,-5.077653e+02,8.937436e+01,-2.957108e+02,-2.101343e+02,5.531035e+01,2.095759e+02,-1.346525e+02,4.745210e+01,-1.873938e+02,1.675912e+02,-1.524011e+02,5.636385e+01,2,81
1.802589e+03,5.485851e+02,-9.409550e+02,2.345747e+02,-4.752974e+02,1.223913e+02,-4.694813e+02,-1.889993e+02,6.949017e+01,1.626821e+02,-9.062362e+01,4.118076e+01,-2.157489e+02,1.034103e+02,-5.343782e+01,2.517971e+01,2,61
1.931504e+03,6.000881e+02,-1.834235e+03,3.347022e+02,-8.355399e+02,4.579507e+02,-2.531243e+02,-7.571244e+02,1.422203e+03,3.718045e+02,-2.103521e+03,5.882688e+03,-1.426683e+01,1.202995e+03,-9.264007e+03,2.603659e+04,2,64
1.923865e+03,5.998275e+02,-1.052260e+03,3.136129e+02,-5.397243e+02,2.500820e+02,-4.714696e+02,-4.542935e+02,3.143218e+02,2.625536e+02,-7.558713e+02,5.586716e+02,-6.641062e+02,7.448321e+02,-1.687441e+03,1.160902e+03,0,95
1.882166e+03,6.123551e+02,-1.188317e+03,3.040830e+02,-5.869050e+02,2.094196e+02,-4.112379e+02,-3.841220e+02,2.086668e+02,1.593882e+02,-4.845806e+02,3.045585e+02,-5.489605e+02,3.810391e+02,-9.268379e+02,5.599190e+02,0,0
1.905085e+03,6.664594e+02,-9.048115e+02,3.418933e+02,-4.804095e+02,2.054972e+02,-5.687507e+02,-2.525714e+02,1.295804e+02,-2.414459e+01,-1.610622e+02,8.303469e+01,-7.839919e+02,-1.387506e+01,-1.109680e+02,5.351050e+01,1,49
1.851609e+03,5.888092e+02,-1.201832e+03,3.079592e+02,-6.287608e+02,2.710066e+02,-5.014042e+02,-5.492480e+02,4.138246e+02,2.309229e+02,-9.929904e+02,8.737418e+02,-6.095532e+02,8.399152e+02,-2.471680e+03,2.058398e+03,3,62
1.722375e+03,5.286889e+02,-1.266384e+03,2.168486e+02,-5.755906e+02,1.076119e+02,-4.482264e+02,-2.360843e+02,5.798721e+01,1.405902e+02,-1.134189e+02,3.242181e+01,-2.430132e+02,6.940768e+01,-6.115812e+01,1.846867e+01,0,53
1.840786e+03,5.403038e+02,-1.467836e+03,2.392023e+02,-6.416361e+02,1.508306e+02,-3.232243e+02,-3.459098e+02,1.355253e+02,2.916967e+02,-3.592917e+02,1.706073e+02,-1.719975e+02,3.892958e+02,-5.860713e+02,2.656849e+02,1,33
2.081428e+03,6.353451e+02,-1.070572e+03,2.810720e+02,-5.207839e+02,1.483477e+02,-6.024550e+02,-2.153689e+02,8.390315e+01,1.200180e+02,-1.019119e+02,4.898282e+01,-5.182658e+02,7.964330e+01,-5.363424e+01,2.906987e+01,0,79
1.762800e+03,5.553239e+02,-1.214476e+03,2.481450e+02,-5.684931e+02,1.356508e+02,-4.247529e+02,-2.701740e+02,8.222565e+01,1.210274e+02,-1.739376e+02,5.523158e+01,-3.670931e+02,9.571779e+01,-1.462759e+02,4.290650e+01,0,92
1.797496e+03,5.345332e+02,-1.149226e+03,2.299299e+02,-4.950900e+02,1.184098e+02,-4.205670e+02,-2.111042e+02,6.488601e+01,9.098084e+01,-1.107156e+02,3.643942e+01,-2.910409e+02,5.055438e+01,-6.486326e+01,2.072606e+01,1,82
1.861476e+03,5.636559e+02,-1.215459e+03,2.771385e+02,-5.263978e+02,1.925635e+02,-4.625579e+02,-3.376626e+02,1.942443e+02,2.228382e+02,-4.425109e+02,2.862022e+02,-2.674797e+02,4.480597e+02,-8.648149e+02,5.299112e+02,1,90
1.822961e+03,5.764748e+02,-1.439523e+03,2.517286e+02,-6.684944e+02,1.319918e+02,-4.702637e+02,-3.008349e+02,7.439048e+01,1.472903e+02,-1.605005e+02,4.331658e+01,-9.535274e+01,7.083014e+01,-9.407474e+01,2.569504e+01,2,58
1.751023e+03,5.774910e+02,-1.417848e+03,3.058896e+02,-6.796731e+02,2.804804e+02,-3.540476e+02,-5.154329e+02,4.738712e+02,2.363696e+02,-9.606226e+02,1.162118e+03,-3.610661e+02,6.609662e+02,-2.766860e+03,3.223353e+03,0,39
1.935961e+03,6.017220e+02,-1.327969e+03,2.483417e+02,-6.858561e+02,1.212712e+02,-5.340548e+02,-3.046604e+02,6.336525e+01,1.503349e+02,-1.550404e+02,3.408016e+01,-4.791758e+02,7.127145e+01,-8.604579e+01,1.859434e+01,2,68
1.822006e+03,5.607859e+02,-1.421896e+03,2.628868e+02,-6.400106e+02,1.833871e+02,-5.012234e+02,-3.911171e+02,2.065155e+02,1.784809e+02,-4.990819e+02,3.530768e+02,-3.090003e+02,3.944915e+02,-1.040552e+03,7.336671e+02,2,71
1.793040e+03,4.923058e+02,-1.334474e+03,1.859531e+02,-5.702806e+02,8.677349e+01,-4.045378e+02,-2.266597e+02,4.599715e+01,2.249765e+02,-1.155883e+02,2.765240e+01,-1.142030e+02,1.458147e+02,-8.074508e+01,1.964036e+01,0,17
1.799724e+03,5.604332e+02,-1.236659e+03,2.775723e+02,-5.873705e+02,2.291903e+02,-3.617720e+02,-4.324350e+02,3.242317e+02,3.027598e+02,-7.454150e+02,6.465420e+02,-4.600791e+02,6.879194e+02,-1.833053e+03,1.464676e+03,1,96
1.880575e+03,5.818506e+02,-1.589431e+03,2.457585e+02,-7.360929e+02,1.265966e+02,-4.348029e+02,-3.433267e+02,7.352609e+01,1.410130e+02,-2.004555e+02,4.918889e+01,-1.646490e+02,1.019267e+02,-1.504703e+02,4.090285e+01,3,77
1.829964e+03,5.531930e+02,-1.665273e+03,2.365701e+02,-7.292320e+02,1.293466e+02,-3.653240e+02,-3.660392e+02,9.034620e+01,1.658111e+02,-2.732196e+02,9.066045e+01,-1.860340e+02,1.707212e+02,-3.173456e+02,1.297992e+02,2,75
2.031135e+03,6.684057e+02,-1.481704e+03,3.229561e+02,-8.228453e+02,2.403956e+02,-8.087345e+02,-5.657904e+02,3.365693e+02,1.042541e+02,-7.781105e+02,7.618497e+02,-2.219406e+02,4.975292e+02,-1.904585e+03,2.051568e+03,3,63
1.984662e+03,5.644978e+02,-1.072351e+03,2.243189e+02,-5.696679e+02,1.072418e+02,-5.105965e+02,-2.292473e+02,5.605638e+01,2.469081e+02,-9.571065e+01,3.074248e+01,3.252775e+01,1.744648e+02,-4.254096e+01,1.732681e+01,2,67
1.965564e+03,5.788899e+02,-1.605409e+03,2.857815e+02,-6.234981e+02,2.113447e+02,-2.599832e+02,-4.161414e+02,2.448341e+02,3.499348e+02,-5.941246e+02,4.186889e+02,-1.134763e+02,6.287387e+02,-1.253718e+03,8.742090e+02,3,97
2.051826e+03,6.684916e+02,-1.191522e+03,3.365180e+02,-5.346014e+02,2.012947e+02,-4.744974e+02,-2.499378e+02,1.267291e+02,1.023235e+02,-1.482858e+02,8.112177e+01,-2.513923e+02,4.378129e+01,-9.913505e+01,5.224872e+01,0,73
1.733516e+03,5.117922e+02,-1.496005e+03,2.275236e+02,-6.651227e+02,1.560808e+02,-3.339787e+02,-3.936405e+02,1.732840e+02,2.931455e+02,-4.811856e+02,2.808349e+02,-9.660025e+01,4.633654e+02,-9.245504e+02,5.397069e+02,2,94
1.896490e+03,5.819004e+02,-1.339737e+03,2.625017e+02,-5.571023e+02,1.462265e+02,-3.363316e+02,-2.335784e+02,9.027188e+01,2.055613e+02,-1.372124e+02,6.094006e+01,-2.758224e+02,1.214587e+02,-1.143434e+02,4.630380e+01,1,87
1.885031e+03,5.603371e+02,-1.183345e+03,2.395783e+02,-5.561076e+02,1.254790e+02,-6.339077e+02,-2.623304e+02,7.347206e+01,8.794087e+01,-1.630529e+02,4.805398e+01,-4.096815e+02,1.218110e+02,-1.326654e+02,3.631856e+01,0,15
1.791130e+03,5.431765e+02,-1.422968e+03,2.249020e+02,-6.253639e+02,1.115571e+02,-4.555211e+02,-2.731780e+02,5.982129e+01,1.284359e+02,-1.444180e+02,3.369256e+01,-2.827545e+02,7.228901e+01,-8.782557e+01,1.998757e+01,0,38
2.116442e+03,6.510647e+02,-1.228726e+03,2.987740e+02,-5.182748e+02,1.661309e+02,-3.632435e+02,-2.126144e+02,9.919643e+01,1.778156e+02,-1.121363e+02,6.128267e+01,-4.448333e+02,1.008303e+02,-7.287417e+01,3.880344e+01,2,72
1.811183e+03,5.588635e+02,-1.309047e+03,2.437985e+02,-5.947424e+02,1.310154e+02,-6.372513e+02,-2.642308e+02,7.872024e+01,1.210989e+02,-1.544336e+02,5.298855e+01,-1.057236e+02,9.188264e+01,-1.222796e+02,4.232703e+01,0,48
1.937234e+03,6.084220e+02,-1.337904e+03,2.773511e+02,-6.175410e+02,1.502881e+02,-4.566651e+02,-2.983733e+02,8.622141e+01,6.480148e+01,-1.754819e+02,5.056439e+01,-4.986102e+02,2.941327e+01,-1.128981e+02,3.000547e+01,0,99
1.878347e+03,6.201054e+02,-1.081131e+03,3.162475e+02,-5.695032e+02,2.209234e+02,-5.182481e+02,-3.861360e+02,2.164347e+02,1.514928e+02,-4.848923e+02,3.048880e+02,-5.823687e+02,4.119067e+02,-9.092216e+02,5.471548e+02,0,100
1.876437e+03,5.644859e+02,-9.502665e+02,2.418700e+02,-4.556210e+02,1.247258e+02,-5.281598e+02,-1.869725e+02,6.936887e+01,8.802899e+01,-8.818164e+01,3.992557e+01,-6.724797e+02,6.209254e+01,-4.667530e+01,2.338303e+01,2,60
1.945192e+03,6.156438e+02,-1.182355e+03,2.860610e+02,-5.661499e+02,1.599108e+02,-5.287567e+02,-2.569625e+02,9.515209e+01,9.287570e+01,-1.440395e+02,5.784973e+01,-4.263664e+02,2.983685e+01,-9.132902e+01,3.544263e+01,0,23
1.929913e+03,6.702801e+02,-9.446022e+02,3.448970e+02,-4.853758e+02,2.096948e+02,-5.974212e+02,-2.457582e+02,1.344598e+02,3.021886e-01,-1.527644e+02,8.790847e+01,-6.823343e+02,1.583237e+00,-1.043104e+02,5.792481e+01,0,49
1.748158e+03,5.282933e+02,-1.498646e+03,2.474825e+02,-7.090517e+02,2.014352e+02,-4.340741e+02,-4.840223e+02,2.953266e+02,3.081545e+02,-7.477687e+02,6.146266e+02,-4.053939e+01,6.551814e+02,-1.767601e+03,1.449999e+03,0,94
1.736062e+03,5.223470e+02,-1.329620e+03,2.170570e+02,-5.614801e+02,1.085288e+02,-3.608644e+02,-2.314111e+02,5.828612e+01,1.369180e+02,-1.145957e+02,3.226505e+01,-3.598773e+02,5.660157e+01,-6.323387e+01,1.813803e+01,1,38
1.804817e+03,5.634626e+02,-1.253703e+03,2.587521e+02,-5.937770e+02,1.603969e+02,-3.973283e+02,-3.332147e+02,1.356177e+02,1.789479e+02,-3.347217e+02,1.634681e+02,-3.633306e+02,2.871703e+02,-5.292893e+02,2.561542e+02,3,92
1.772986e+03,4.861386e+02,-1.184547e+03,1.847532e+02,-5.335821e+02,9.167579e+01,-3.399524e+02,-2.296494e+02,5.969005e+01,2.302092e+02,-1.581527e+02,5.529534e+01,-1.330527e+02,2.038213e+02,-1.887938e+02,7.090899e+01,3,81
1.941690e+03,6.341780e+02,-1.180918e+03,3.125688e+02,-6.141964e+02,2.067808e+02,-5.934713e+02,-3.806958e+02,2.031565e+02,5.568939e+01,-4.281534e+02,3.279025e+02,-5.315891e+02,2.457448e+02,-8.497984e+02,7.233558e+02,0,88
1.772031e+03,4.735764e+02,-1.146695e+03,1.760233e+02,-5.175645e+02,8.745034e+01,-3.560508e+02,-2.256133e+02,6.010617e+01,2.161522e+02,-1.661290e+02,5.984830e+01,-9.210472e+01,2.146171e+02,-2.164583e+02,7.783974e+01,1,81
1.853518e+03,5.563134e+02,-1.243986e+03,2.450453e+02,-5.618037e+02,1.376937e+02,-5.465206e+02,-2.810474e+02,9.877904e+01,1.313837e+02,-2.230656e+02,1.028833e+02,-3.551908e+02,1.789046e+02,-2.975976e+02,1.564156e+02,1,69
1.747840e+03,4.963037e+02,-1.390129e+03,1.807244e+02,-6.393127e+02,7.951492e+01,-4.161939e+02,-2.489308e+02,3.853604e+01,2.240259e+02,-1.079380e+02,1.962701e+01,-1.238844e+02,1.144137e+02,-5.196847e+01,1.027033e+01,0,54
1.998349e+03,6.769495e+02,-1.090645e+03,3.387985e+02,-5.488803e+02,2.065592e+02,-4.077755e+02,-2.692851e+02,1.406833e+02,1.456361e+02,-1.915922e+02,1.103489e+02,-3.753548e+02,1.230076e+02,-2.040949e+02,1.077615e+02,1,56
1.945828e+03,5.708792e+02,-1.440870e+03,2.451146e+02,-5.933299e+02,1.297770e+02,-4.132169e+02,-2.583921e+02,7.563874e+01,1.816432e+02,-1.524523e+02,4.734487e+01,-2.074900e+02,1.340102e+02,-1.151231e+02,3.216757e+01,0,85
1.934687e+03,6.096660e+02,-1.319827e+03,2.824851e+02,-6.065988e+02,1.576196e+02,-4.484389e+02,-2.756414e+02,9.418196e+01,1.288162e+02,-1.519998e+02,5.788290e+01,-3.749445e+02,5.713886e+01,-9.438749e+01,3.605013e+01,3,47
1.773623e+03,5.615833e+02,-1.197284e+03,2.497055e+02,-5.497572e+02,1.347263e+02,-4.286623e+02,-2.284878e+02,7.850258e+01,1.625632e+02,-1.132738e+02,4.733346e+01,-1.380291e+02,8.007006e+01,-6.343066e+01,2.908207e+01,0,58
1.747840e+03,5.213340e+02,-1.413881e+03,2.013817e+02,-6.628723e+02,9.458360e+01,-4.085913e+02,-2.701915e+02,4.898952e+01,2.279089e+02,-1.292727e+02,2.681642e+01,-1.682724e+02,1.146822e+02,-7.247915e+01,1.533709e+01,2,54
1.919090e+03,5.540153e+02,-1.348435e+03,2.341160e+02,-5.814954e+02,1.202152e+02,-4.414837e+02,-2.475183e+02,6.654717e+01,1.495080e+02,-1.321884e+02,3.833547e+01,-1.199678e+02,7.352145e+01,-8.365177e+01,2.296066e+01,3,55
1.777442e+03,5.666776e+02,-1.314988e+03,2.504523e+02,-6.138627e+02,1.327934e+02,-4.653066e+02,-2.740067e+02,7.552970e+01,1.355574e+02,-1.458055e+02,4.428935e+01,-1.933509e+02,6.579394e+01,-8.575347e+01,2.640140e+01,1,58
1.751659e+03,4.446496e+02,-1.285970e+03,1.503999e+02,-4.822181e+02,6.587629e+01,-3.111087e+02,-1.742645e+02,4.136969e+01,1.906203e+02,-1.003366e+02,4.522910e+01,-2.381063e+02,1.354034e+02,-1.319092e+02,7.485178e+01,0,2
1.892671e+03,5.919319e+02,-1.066380e+03,2.727020e+02,-5.336848e+02,1.583642e+02,-4.871218e+02,-2.792695e+02,1.091856e+02,1.449960e+02,-2.231719e+02,9.304780e+01,-4.406598e+02,2.127465e+02,-2.647060e+02,1.010559e+02,1,46
1.937234e+03,6.067955e+02,-1.114708e+03,3.071896e+02,-5.695839e+02,2.239423e+02,-5.347737e+02,-4.126124e+02,2.388229e+02,2.551579e+02,-5.762155e+02,3.612033e+02,-5.864386e+02,5.959323e+02,-1.133209e+03,6.695042e+02,0,101
1.825826e+03,5.847929e+02,-8.857426e+02,2.682039e+02,-4.560006e+02,1.465434e+02,-4.277631e+02,-2.033795e+02,8.542920e+01,8.611220e+01,-1.104587e+02,5.132298e+01,-4.452793e+02,5.651829e+01,-6.961673e+01,3.147938e+01,0,43
1.775533e+03,4.728596e+02,-1.307819e+03,1.733221e+02,-5.352000e+02,7.913303e+01,-3.001696e+02,-2.070251e+02,4.137193e+01,1.946464e+02,-1.059908e+02,2.491684e+01,-1.908133e+02,1.163181e+02,-7.677458e+01,1.812221e+01,0,42
1.853837e+03,5.884698e+02,-1.234104e+03,2.795509e+02,-5.594760e+02,1.730187e+02,-3.530951e+02,-3.158075e+02,1.385236e+02,1.842611e+02,-3.173853e+02,1.525080e+02,-4.555102e+02,2.691973e+02,-4.848607e+02,2.190567e+02,2,93
1.828372e+03,5.738791e+02,-9.993943e+02,2.672580e+02,-4.863742e+02,1.572533e+02,-5.419475e+02,-2.411204e+02,1.095406e+02,1.636054e+02,-1.930911e+02,9.387152e+01,-4.934608e+02,2.092608e+02,-2.406059e+02,1.023454e+02,0,103
1.998986e+03,6.053925e+02,-1.467550e+03,2.734379e+02,-6.470735e+02,1.638910e+02,-3.862339e+02,-3.386613e+02,1.312780e+02,2.282822e+02,-3.123952e+02,1.513410e+02,-2.914572e+02,2.883526e+02,-4.715082e+02,2.344325e+02,2,85
1.805772e+03,5.397333e+02,-1.316223e+03,2.254417e+02,-5.727738e+02,1.147170e+02,-3.238111e+02,-2.355842e+02,6.335356e+01,1.306421e+02,-1.155074e+02,3.631657e+01,-2.851472e+02,5.463072e+01,-6.367941e+01,2.123604e+01,1,77
1.776806e+03,5.340361e+02,-1.518981e+03,2.440431e+02,-6.722891e+02,1.720775e+02,-2.642659e+02,-4.075908e+02,1.946636e+02,3.022771e+02,-5.184014e+02,3.189418e+02,-2.322741e+02,5.012664e+02,-1.024616e+03,6.224869e+02,1,91
1.923865e+03,5.760529e+02,-1.351213e+03,2.494088e+02,-5.785451e+02,1.309457e+02,-4.624602e+02,-2.440297e+02,7.441603e+01,1.350159e+02,-1.285456e+02,4.423537e+01,-2.077575e+02,6.684568e+01,-8.127714e+01,2.742209e+01,2,87
1.868797e+03,5.941930e+02,-1.184689e+03,2.686297e+02,-5.870168e+02,1.460945e+02,-5.742810e+02,-2.885895e+02,8.847787e+01,7.003704e+01,-1.835414e+02,6.175203e+01,-4.255070e+02,7.708925e+01,-1.562711e+02,5.439928e+01,1,43
1.899673e+03,6.167216e+02,-1.066015e+03,2.979823e+02,-5.395062e+02,1.778298e+02,-5.348875e+02,-2.939812e+02,1.218995e+02,7.807808e+01,-2.350423e+02,9.832631e+01,-5.271703e+02,1.624076e+02,-2.634258e+02,9.669589e+01,3,88
1.910496e+03,6.055221e+02,-1.251471e+03,2.742050e+02,-5.717081e+02,1.488689e+02,-5.660326e+02,-2.567466e+02,8.653285e+01,7.450060e+01,-1.378601e+02,5.183495e+01,-3.878997e+02,4.771443e+01,-8.144171e+01,3.156143e+01,1,45
1.790175e+03,5.858892e+02,-1.043805e+03,2.735923e+02,-4.790130e+02,1.556222e+02,-4.069563e+02,-2.041609e+02,9.623120e+01,1.194081e+02,-1.113845e+02,6.256284e+01,-3.279582e+02,8.450977e+01,-7.762852e+01,4.277203e+01,3,102
1.808637e+03,5.679682e+02,-1.167406e+03,2.568212e+02,-5.233413e+02,1.407483e+02,-4.371998e+02,-2.203002e+02,8.293206e+01,1.198649e+02,-1.128607e+02,5.038869e+01,-2.862447e+02,5.814375e+01,-6.549814e+01,3.110425e+01,0,52
1.738290e+03,5.468069e+02,-1.303198e+03,2.314781e+02,-5.967488e+02,1.184995e+02,-4.276917e+02,-2.526114e+02,6.572873e+01,1.655777e+02,-1.287754e+02,3.781486e+01,-2.405173e+02,8.971347e+01,-7.527818e+01,2.221410e+01,1,53
1.913361e+03,6.375881e+02,-1.403147e+03,3.568731e+02,-7.187009e+02,3.898997e+02,-3.952402e+02,-6.621060e+02,8.379491e+02,2.976932e+02,-1.558256e+03,2.448277e+03,-4.400338e+02,1.046799e+03,-5.252427e+03,7.736735e+03,1,34
1.861476e+03,6.110046e+02,-1.010163e+03,3.043956e+02,-5.135603e+02,1.938693e+02,-4.472374e+02,-3.003633e+02,1.510170e+02,1.504758e+02,-2.945000e+02,1.514595e+02,-5.702800e+02,2.726594e+02,-4.269973e+02,1.967259e+02,1,100
1.844924e+03,5.514319e+02,-1.282138e+03,2.431345e+02,-5.220943e+02,1.319893e+02,-3.491351e+02,-2.324088e+02,8.065805e+01,1.560556e+02,-1.501308e+02,5.732900e+01,-3.460516e+02,1.134462e+02,-1.401258e+02,5.154480e+01,1,93
2.180104e+03,7.096271e+02,-1.240045e+03,3.597559e+02,-5.460610e+02,2.157095e+02,-5.493318e+02,-2.552755e+02,1.360995e+02,8.191393e+01,-1.485649e+02,8.747885e+01,-1.980038e+02,4.719046e+01,-9.626103e+01,5.669756e+01,2,73
1.840149e+03,5.641992e+02,-1.729595e+03,2.374495e+02,-7.728364e+02,1.210528e+02,-3.602446e+02,-3.715811e+02,6.861051e+01,1.660370e+02,-2.252723e+02,4.376142e+01,-8.368811e+01,1.217132e+02,-1.671340e+02,3.318899e+01,0,75
1.797814e+03,5.739190e+02,-1.178435e+03,2.547367e+02,-5.694799e+02,1.349979e+02,-5.032863e+02,-2.706543e+02,7.705446e+01,5.747608e+01,-1.586330e+02,4.610780e+01,-4.821122e+02,4.966097e+01,-1.085196e+02,2.905430e+01,2,83
1.739882e+03,5.735715e+02,-9.059708e+02,2.746321e+02,-4.747189e+02,1.785150e+02,-3.257583e+02,-2.770074e+02,1.677531e+02,1.618013e+02,-3.302889e+02,2.410493e+02,-5.405824e+02,2.845064e+02,-6.612015e+02,4.548752e+02,1,83
1.934369e+03,5.998136e+02,-1.329178e+03,2.760113e+02,-5.916657e+02,1.542439e+02,-4.276044e+02,-2.589904e+02,9.262563e+01,1.475526e+02,-1.385641e+02,5.727213e+01,-2.977010e+02,6.010115e+01,-8.439052e+01,3.589501e+01,0,47
1.950285e+03,6.369980e+02,-1.408097e+03,3.109326e+02,-6.167199e+02,2.009626e+02,-6.061149e+02,-3.310328e+02,1.778354e+02,2.084103e+02,-3.446595e+02,2.366493e+02,-2.249563e+02,2.983173e+02,-6.258727e+02,4.330857e+02,1,36
1.936916e+03,5.981641e+02,-1.301115e+03,2.600246e+02,-6.470633e+02,1.378588e+02,-6.430703e+02,-3.318677e+02,8.315288e+01,8.217628e+01,-2.231163e+02,5.805894e+01,-4.608880e+02,1.493151e+02,-1.956780e+02,4.880987e+01,0,1
1.934687e+03,5.663974e+02,-1.337476e+03,2.378151e+02,-6.095992e+02,1.197243e+02,-4.820171e+02,-2.677023e+02,6.427784e+01,1.283900e+02,-1.426407e+02,3.536677e+01,-1.821817e+02,6.146402e+01,-8.505257e+01,1.969291e+01,2,55
1.908586e+03,5.514614e+02,-1.022883e+03,2.171946e+02,-5.773861e+02,1.053635e+02,-7.044443e+02,-2.537337e+02,5.972693e+01,1.731453e+02,-1.425425e+02,4.073666e+01,-1.473171e+02,1.635848e+02,-1.192501e+02,3.511253e+01,3,76
1.875482e+03,5.826983e+02,-1.254384e+03,2.800845e+02,-5.467286e+02,1.728150e+02,-3.385879e+02,-3.068658e+02,1.324294e+02,1.800627e+02,-2.922367e+02,1.343680e+02,-3.737413e+02,2.754383e+02,-4.129862e+02,1.789811e+02,0,65
2.005671e+03,6.364171e+02,-1.381069e+03,3.032956e+02,-7.489434e+02,2.110125e+02,-7.063513e+02,-5.000004e+02,2.273168e+02,1.765931e+02,-6.117839e+02,3.576978e+02,-4.619226e+02,5.237334e+02,-1.152404e+03,6.830957e+02,0,104
1.948057e+03,6.316860e+02,-1.328762e+03,3.188254e+02,-6.642967e+02,2.234211e+02,-4.369275e+02,-4.393152e+02,2.254608e+02,1.930026e+02,-5.408957e+02,3.337747e+02,-4.245440e+02,4.266731e+02,-1.014758e+03,6.280302e+02,0,6
1.813730e+03,5.326142e+02,-1.419972e+03,2.181937e+02,-6.211016e+02,1.090814e+02,-3.998277e+02,-2.584800e+02,5.897351e+01,1.509750e+02,-1.301278e+02,3.290676e+01,-1.488860e+02,5.615781e+01,-7.378419e+01,1.862870e+01,0,51
2.029544e+03,6.428412e+02,-1.213612e+03,3.200576e+02,-6.035057e+02,2.077685e+02,-5.492294e+02,-3.680496e+02,1.724789e+02,1.388883e+02,-3.831507e+02,1.964808e+02,-4.574213e+02,2.987816e+02,-5.937069e+02,2.986201e+02,1,98
1.904130e+03,2.760419e+03,-1.054685e+03,6.458807e+04,5.442494e+02,1.679718e+06,-3.722549e+02,2.436269e+03,4.142232e+07,-1.384907e+03,-4.159731e+05,9.880530e+08,-4.136727e+02,-4.781534e+04,-1.946699e+07,2.307872e+10,1,80
1.801634e+03,5.531764e+02,-1.220439e+03,2.388156e+02,-5.658389e+02,1.275489e+02,-5.083814e+02,-2.638995e+02,7.807889e+01,8.806440e+01,-1.694761e+02,5.639289e+01,-4.272693e+02,9.425857e+01,-1.545276e+02,5.123508e+01,0,71
1.860203e+03,5.523338e+02,-1.507645e+03,2.293854e+02,-6.535817e+02,1.147552e+02,-3.604894e+02,-2.843560e+02,6.164102e+01,1.312647e+02,-1.476578e+02,3.411102e+01,-6.160923e+01,5.991919e+01,-8.439261e+01,1.916141e+01,1,78
1.834420e+03,5.701116e+02,-1.143950e+03,2.778570e+02,-5.146873e+02,1.829156e+02,-4.346222e+02,-3.133542e+02,1.640252e+02,1.886172e+02,-3.655453e+02,2.097334e+02,-4.017172e+02,3.581404e+02,-6.415999e+02,3.473615e+02,0,90
1.907949e+03,5.849445e+02,-1.632115e+03,2.393266e+02,-8.109202e+02,1.171077e+02,-6.587490e+02,-3.782486e+02,6.237321e+01,1.454486e+02,-1.983247e+02,3.475190e+01,3.894018e+01,1.167497e+02,-1.124136e+02,1.988100e+01,3,57
2.060738e+03,6.713216e+02,-1.205401e+03,3.710704e+02,-6.909584e+02,3.472975e+02,-5.159205e+02,-6.513108e+02,5.496512e+02,3.382090e+02,-1.263917e+03,1.177310e+03,-5.252616e+02,1.104280e+03,-3.259792e+03,2.797106e+03,0,20
1.825507e+03,5.633602e+02,-1.266185e+03,2.458689e+02,-5.919088e+02,1.309598e+02,-5.333913e+02,-2.587079e+02,7.579308e+01,9.893413e+01,-1.350290e+02,4.558369e+01,-3.164155e+02,5.428071e+01,-7.955585e+01,2.798536e+01,2,57
1.889169e+03,6.050782e+02,-1.116671e+03,3.074679e+02,-5.603204e+02,2.253747e+02,-5.793700e+02,-3.804705e+02,2.488695e+02,2.411728e+02,-5.416746e+02,4.053317e+02,-4.386105e+02,5.273826e+02,-1.158799e+03,8.203188e+02,2,103
1.940417e+03,6.299123e+02,-1.097513e+03,3.021422e+02,-5.890826e+02,1.856656e+02,-6.032742e+02,-3.332608e+02,1.523982e+02,5.047283e+01,-3.069923e+02,1.960154e+02,-5.015758e+02,1.669522e+02,-5.001384e+02,3.747804e+02,2,88
1.800679e+03,5.302697e+02,-1.214633e+03,2.222981e+02,-5.366395e+02,1.124344e+02,-4.509874e+02,-2.344605e+02,6.182286e+01,8.574673e+01,-1.294971e+02,3.635022e+01,-2.661659e+02,5.632538e+01,-8.766458e+01,2.347224e+01,0,82
1.758344e+03,4.936188e+02,-1.285876e+03,1.924567e+02,-5.611404e+02,9.201650e+01,-4.525627e+02,-2.255176e+02,4.859559e+01,1.859584e+02,-1.143425e+02,2.757032e+01,-6.764714e+01,1.087933e+02,-7.358418e+01,1.696485e+01,3,50
1.876755e+03,5.830153e+02,-1.257317e+03,2.716798e+02,-5.145289e+02,1.544190e+02,-3.257924e+02,-2.092491e+02,9.372012e+01,1.606608e+02,-1.097888e+02,5.819153e+01,-2.842329e+02,5.619559e+01,-6.736884e+01,3.645652e+01,0,35
2.106257e+03,6.208724e+02,-1.661100e+03,2.792322e+02,-7.188327e+02,1.838753e+02,-4.816695e+02,-4.153198e+02,1.879806e+02,2.653117e+02,-4.859213e+02,2.883807e+02,-8.431143e+01,4.598458e+02,-9.141403e+02,5.499841e+02,1,85
1.793040e+03,5.436429e+02,-9.344411e+02,2.326643e+02,-4.744373e+02,1.208871e+02,-5.255758e+02,-2.170087e+02,6.930952e+01,1.119191e+02,-1.296188e+02,4.316830e+01,-5.848454e+02,1.179002e+02,-1.006505e+02,2.972177e+01,0,89
1.913997e+03,6.431073e+02,-1.120820e+03,3.190947e+02,-5.188224e+02,1.891728e+02,-3.538204e+02,-2.316510e+02,1.186274e+02,1.482865e+02,-1.315714e+02,7.584320e+01,-3.468391e+02,6.481863e+01,-8.503315e+01,4.887556e+01,2,56
2.113259e+03,6.349278e+02,-1.432859e+03,2.907389e+02,-5.685507e+02,1.624799e+02,-7.322728e+02,-2.410652e+02,1.018774e+02,1.588130e+02,-1.436947e+02,7.437811e+01,-3.780730e+02,1.215685e+02,-1.343062e+02,6.944817e+01,1,79
1.823597e+03,5.638654e+02,-1.164664e+03,2.535672e+02,-5.112652e+02,1.373343e+02,-4.602214e+02,-2.353857e+02,8.042432e+01,1.037794e+02,-1.415789e+02,4.974578e+01,-5.249206e+02,8.910366e+01,-1.045776e+02,3.276444e+01,0,69
1.779671e+03,5.515853e+02,-1.235150e+03,2.631486e+02,-5.745194e+02,1.878765e+02,-3.797229e+02,-3.691490e+02,2.074809e+02,2.520957e+02,-5.019362e+02,3.319236e+02,-4.742240e+02,4.903204e+02,-1.024758e+03,6.415967e+02,2,96
1.943600e+03,5.781852e+02,-1.400029e+03,2.516834e+02,-5.648461e+02,1.337422e+02,-4.185547e+02,-2.234172e+02,7.671766e+01,1.669077e+02,-1.088964e+02,4.544314e+01,-2.037467e+02,7.004738e+01,-6.165724e+01,2.732890e+01,0,87
1.908586e+03,5.614419e+02,-1.208372e+03,2.298751e+02,-5.932679e+02,1.120959e+02,-6.330126e+02,-2.624411e+02,5.940683e+01,1.075590e+02,-1.367323e+02,3.344783e+01,-1.828815e+02,8.511859e+01,-8.443651e+01,2.014690e+01,0,21
1.891079e+03,5.987522e+02,-1.080527e+03,2.892301e+02,-5.470674e+02,1.905833e+02,-4.213537e+02,-3.342720e+02,1.718080e+02,2.078007e+02,-3.832701e+02,2.173049e+02,-4.551120e+02,3.882137e+02,-6.684063e+02,3.505405e+02,0,46
1.805454e+03,5.486963e+02,-9.519908e+02,2.366700e+02,-4.859306e+02,1.250455e+02,-4.839630e+02,-2.303272e+02,7.544216e+01,1.228204e+02,-1.510959e+02,5.359064e+01,-6.001146e+02,1.345974e+02,-1.426229e+02,4.747086e+01,1,89
1.861476e+03,5.957038e+02,-9.413566e+02,2.714348e+02,-4.743139e+02,1.484325e+02,-4.699684e+02,-2.141043e+02,8.773179e+01,9.595421e+01,-1.197346e+02,5.435000e+01,-5.938027e+02,8.446741e+01,-8.183053e+01,3.523360e+01,1,60
1.746248e+03,5.356763e+02,-1.303593e+03,2.354915e+02,-6.461563e+02,1.569640e+02,-4.678511e+02,-3.708633e+02,1.815773e+02,2.122878e+02,-4.468688e+02,3.345127e+02,-1.672880e+02,3.632292e+02,-9.535512e+02,7.487250e+02,1,37
1.876437e+03,5.454633e+02,-1.114303e+03,2.182226e+02,-6.029391e+02,1.102677e+02,-7.090687e+02,-2.777543e+02,7.033901e+01,1.843951e+02,-1.822287e+02,6.293591e+01,-1.375640e+02,1.924740e+02,-2.004595e+02,8.077424e+01,1,76
1.948057e+03,5.398536e+02,-1.175783e+03,2.063755e+02,-6.066824e+02,9.481926e+01,-5.123929e+02,-2.456650e+02,4.770037e+01,2.457480e+02,-1.046575e+02,2.520887e+01,1.078044e+00,1.659934e+02,-4.795710e+01,1.370324e+01,3,67
1.871026e+03,5.554969e+02,-1.361497e+03,2.426341e+02,-6.236833e+02,1.416657e+02,-4.542018e+02,-3.255511e+02,1.093022e+02,2.274761e+02,-2.892624e+02,1.161665e+02,-1.569054e+02,3.034138e+02,-4.005826e+02,1.612548e+02,0,44
1.932459e+03,6.062373e+02,-1.131338e+03,3.086296e+02,-5.755897e+02,2.292351e+02,-5.679682e+02,-4.203597e+02,2.517554e+02,2.569994e+02,-6.047603e+02,3.863125e+02,-5.725573e+02,6.163005e+02,-1.217798e+03,7.081249e+02,1,101
1.809592e+03,6.344472e+02,-9.344510e+02,3.175079e+02,-4.880791e+02,1.889716e+02,-5.213304e+02,-2.365805e+02,1.194191e+02,4.368094e+01,-1.393774e+02,7.727299e+01,-7.881889e+02,2.693223e+01,-9.067268e+01,5.058908e+01,1,74
1.859885e+03,6.383813e+02,-9.527148e+02,3.164616e+02,-4.973157e+02,1.872811e+02,-6.114153e+02,-2.415787e+02,1.178988e+02,2.153218e+01,-1.415838e+02,7.608793e+01,-7.505488e+02,2.358023e+01,-9.138624e+01,4.972174e+01,2,74
1.915907e+03,6.042142e+02,-1.427491e+03,2.955943e+02,-7.381625e+02,2.465141e+02,-6.038004e+02,-5.423439e+02,3.785477e+02,2.111154e+02,-8.861813e+02,8.342783e+02,-4.028626e+02,6.737575e+02,-2.249176e+03,2.057961e+03,1,25
1.704868e+03,5.029880e+02,-1.459732e+03,2.211415e+02,-6.510665e+02,1.481251e+02,-3.781087e+02,-3.740641e+02,1.563617e+02,3.006912e+02,-4.403310e+02,2.386394e+02,-3.559261e+01,4.457471e+02,-8.106052e+02,4.348382e+02,3,94
1.920364e+03,5.930643e+02,-1.297702e+03,2.456949e+02,-6.513564e+02,1.205082e+02,-5.034352e+02,-2.881415e+02,6.310469e+01,1.309803e+02,-1.473510e+02,3.394306e+01,-4.914711e+02,5.816410e+01,-8.231769e+01,1.849222e+01,1,68
1.745293e+03,5.452160e+02,-1.286639e+03,2.359915e+02,-5.830251e+02,1.230691e+02,-4.476271e+02,-2.514049e+02,6.904010e+01,1.367053e+02,-1.303272e+02,3.996343e+01,-1.981471e+02,5.914590e+01,-7.565117e+01,2.351271e+01,3,58
1.934051e+03,6.215038e+02,-1.329054e+03,3.333574e+02,-7.453032e+02,3.500860e+02,-6.778368e+02,-6.783662e+02,7.173318e+02,2.554275e+02,-1.459805e+03,1.978341e+03,-2.914140e+02,1.051050e+03,-4.548163e+03,5.900709e+03,0,31
1.851609e+03,5.680275e+02,-1.296920e+03,2.495582e+02,-5.904323e+02,1.333194e+02,-5.189832e+02,-2.649725e+02,7.754125e+01,1.108593e+02,-1.491941e+02,4.772536e+01,-2.742240e+02,6.987699e+01,-1.013471e+02,3.134394e+01,3,52
1.817549e+03,5.444161e+02,-1.445189e+03,2.566455e+02,-6.568339e+02,2.020397e+02,-4.125525e+02,-4.202634e+02,2.879640e+02,2.665230e+02,-6.485707e+02,6.088346e+02,-1.346858e+02,5.375775e+02,-1.625302e+03,1.482885e+03,0,33
1.818504e+03,5.550614e+02,-1.222200e+03,2.851572e+02,-5.493660e+02,2.375495e+02,-4.640379e+02,-4.234827e+02,3.413719e+02,2.772928e+02,-7.487810e+02,7.231133e+02,-3.389031e+02,6.855453e+02,-1.912221e+03,1.792017e+03,2,90
1.861158e+03,5.081410e+02,-1.276881e+03,1.906437e+02,-5.393049e+02,8.869713e+01,-3.128963e+02,-2.101967e+02,4.775071e+01,1.950661e+02,-1.095508e+02,3.104618e+01,-2.250127e+02,1.194123e+02,-8.668389e+01,2.659229e+01,1,42
1.762164e+03,4.969414e+02,-1.258258e+03,1.938382e+02,-5.723317e+02,9.325546e+01,-5.117971e+02,-2.373115e+02,5.092196e+01,1.918276e+02,-1.284286e+02,3.177106e+01,-1.630991e+01,1.312143e+02,-9.605811e+01,2.375184e+01,1,50
1.827735e+03,6.014207e+02,-1.167019e+03,2.758102e+02,-5.785852e+02,1.545696e+02,-5.155432e+02,-2.723896e+02,9.789333e+01,8.511112e+01,-1.696144e+02,7.229955e+01,-2.805326e+02,7.574322e+01,-1.524594e+02,6.787746e+01,1,102
2.131403e+03,6.830603e+02,-1.284108e+03,3.436513e+02,-5.566724e+02,2.072732e+02,-5.092027e+02,-2.630418e+02,1.331568e+02,1.300637e+02,-1.644359e+02,8.853036e+01,-2.228107e+02,9.995898e+01,-1.250473e+02,6.091332e+01,3,73
1.763437e+03,5.379198e+02,-1.350125e+03,2.285530e+02,-5.873275e+02,1.182556e+02,-2.949570e+02,-2.482313e+02,6.630319e+01,1.415811e+02,-1.279678e+02,3.854434e+01,-3.364983e+02,5.975223e+01,-7.517128e+01,2.286118e+01,2,77
1.875164e+03,5.857560e+02,-1.236997e+03,2.891677e+02,-5.805894e+02,1.995617e+02,-3.872237e+02,-3.836874e+02,1.995576e+02,2.028794e+02,-4.855107e+02,2.889294e+02,-3.398901e+02,4.383640e+02,-9.115128e+02,5.203007e+02,3,65
1.806090e+03,5.611097e+02,-1.328632e+03,2.454616e+02,-6.159253e+02,1.303338e+02,-5.560415e+02,-2.753415e+02,7.483558e+01,8.295627e+01,-1.468651e+02,4.450193e+01,-3.011032e+02,4.138773e+01,-8.727042e+01,2.695094e+01,0,57
1.791766e+03,5.381792e+02,-1.360456e+03,2.292799e+02,-5.940886e+02,1.220429e+02,-3.748277e+02,-2.548529e+02,7.482390e+01,1.669901e+02,-1.523336e+02,5.541555e+01,-1.759357e+02,8.785793e+01,-1.375584e+02,5.459317e+01,1,51
1.812775e+03,5.372838e+02,-1.402851e+03,2.239549e+02,-6.084221e+02,1.145139e+02,-3.738377e+02,-2.492663e+02,6.348253e+01,1.713679e+02,-1.243296e+02,3.636554e+01,-1.307306e+02,6.487764e+01,-7.072304e+01,2.114551e+01,3,51
1.710916e+03,5.222198e+02,-1.337109e+03,2.196599e+02,-6.010938e+02,1.122417e+02,-3.286863e+02,-2.538568e+02,6.172677e+01,1.728751e+02,-1.307193e+02,3.494049e+01,-1.800391e+02,6.280245e+01,-7.561694e+01,2.004812e+01,0,66
1.845879e+03,5.904358e+02,-9.007733e+02,2.650444e+02,-4.912349e+02,1.442465e+02,-5.322269e+02,-2.392400e+02,8.783378e+01,6.583340e+01,-1.539335e+02,6.028176e+01,-6.960939e+02,9.226594e+01,-1.363725e+02,4.873740e+01,0,60
1.863068e+03,6.322175e+02,-1.055220e+03,3.248717e+02,-5.628125e+02,2.425088e+02,-6.387301e+02,-4.001411e+02,2.959382e+02,1.367027e+02,-6.056569e+02,5.658423e+02,-4.065923e+02,4.683101e+02,-1.462927e+03,1.334015e+03,2,12
1.733197e+03,5.346036e+02,-1.358176e+03,2.290739e+02,-6.357882e+02,1.216434e+02,-3.859446e+02,-2.909143e+02,7.343691e+01,1.849951e+02,-1.783538e+02,5.175007e+01,-1.131343e+02,1.171962e+02,-1.497071e+02,4.598968e+01,1,66
1.915589e+03,5.733078e+02,-1.083837e+03,2.838484e+02,-5.061440e+02,2.049068e+02,-4.603610e+02,-3.762072e+02,2.257400e+02,2.220193e+02,-5.482208e+02,3.660630e+02,-6.435207e+02,5.661039e+02,-1.122533e+03,7.338327e+02,2,95
1.863386e+03,5.531481e+02,-1.320749e+03,2.497920e+02,-6.011905e+02,1.631690e+02,-3.872498e+02,-3.401393e+02,1.624864e+02,2.824391e+02,-3.947688e+02,2.442823e+02,-1.570869e+02,4.197758e+02,-7.491083e+02,4.655794e+02,1,44
1.976386e+03,6.047424e+02,-1.477212e+03,2.690966e+02,-6.262270e+02,1.456440e+02,-4.643534e+02,-2.708949e+02,8.587527e+01,1.490252e+02,-1.512114e+02,5.395619e+01,-2.411431e+02,6.924765e+01,-1.063028e+02,3.685404e+01,3,87
1.841104e+03,5.736725e+02,-1.317331e+03,2.603844e+02,-6.383309e+02,1.677513e+02,-5.655358e+02,-3.659354e+02,1.713558e+02,1.227142e+02,-4.068284e+02,2.811082e+02,-3.074051e+02,2.853758e+02,-8.013007e+02,5.900919e+02,1,71
1.969065e+03,6.747841e+02,-8.276307e+02,3.402568e+02,-4.990325e+02,2.104208e+02,-5.762055e+02,-3.131560e+02,1.520703e+02,6.030681e+01,-2.908585e+02,1.346310e+02,-7.991760e+02,2.093503e+02,-3.739230e+02,1.505137e+02,2,86
1.716964e+03,5.197881e+02,-1.265944e+03,2.206339e+02,-5.879509e+02,1.267813e+02,-4.195945e+02,-2.864945e+02,1.065327e+02,1.885603e+02,-2.531428e+02,1.451508e+02,-1.838112e+02,2.059462e+02,-4.209883e+02,2.733997e+02,0,37
1.861158e+03,5.677882e+02,-1.226603e+03,2.472979e+02,-5.584084e+02,1.295711e+02,-4.981203e+02,-2.443378e+02,7.280424e+01,1.015800e+02,-1.290003e+02,4.218248e+01,-3.341241e+02,5.422160e+01,-7.665272e+01,2.485988e+01,1,41
1.807364e+03,5.371497e+02,-1.245828e+03,2.290066e+02,-5.561406e+02,1.185150e+02,-4.754853e+02,-2.540214e+02,6.776767e+01,1.082974e+02,-1.522499e+02,4.290197e+01,-2.402332e+02,9.291769e+01,-1.177927e+02,3.143985e+01,3,82
1.798451e+03,5.651716e+02,-9.007466e+02,2.589717e+02,-4.889584e+02,1.553430e+02,-5.103802e+02,-2.763253e+02,1.222234e+02,1.802130e+02,-2.724938e+02,1.342303e+02,-5.583205e+02,2.956882e+02,-4.178883e+02,1.949407e+02,2,89
1.752933e+03,4.886684e+02,-1.205918e+03,1.876201e+02,-5.433760e+02,8.869934e+01,-5.284401e+02,-2.182949e+02,4.749051e+01,1.690193e+02,-1.136236e+02,2.893114e+01,-1.674504e+01,1.110798e+02,-8.259303e+01,2.099208e+01,0,50
1.912724e+03,5.832070e+02,-1.113517e+03,2.845926e+02,-5.423715e+02,1.931873e+02,-5.558595e+02,-3.508740e+02,1.848350e+02,2.136327e+02,-4.306535e+02,2.517944e+02,-5.529938e+02,4.487822e+02,-7.848946e+02,4.317446e+02,2,101
1.967155e+03,6.582155e+02,-1.372541e+03,3.305388e+02,-7.527698e+02,2.230035e+02,-7.701619e+02,-5.010820e+02,2.107856e+02,8.292690e+01,-5.506941e+02,2.904552e+02,-3.226710e+02,3.649435e+02,-9.261080e+02,5.150529e+02,0,29
1.781899e+03,4.778569e+02,-1.185032e+03,1.705864e+02,-5.481013e+02,7.589199e+01,-3.962024e+02,-2.175424e+02,4.095772e+01,1.940298e+02,-1.147581e+02,2.891266e+01,-1.257446e+02,1.358275e+02,-9.724095e+01,2.819472e+01,0,81
1.989755e+03,6.032022e+02,-1.633329e+03,3.053416e+02,-6.497232e+02,2.230578e+02,-3.254093e+02,-4.454803e+02,2.329627e+02,3.553128e+02,-6.048583e+02,3.313474e+02,-7.890905e+01,6.681320e+02,-1.124290e+03,5.616052e+02,1,97
1.962062e+03,5.365739e+02,-1.215908e+03,2.001412e+02,-6.300607e+02,8.910525e+01,-6.053941e+02,-2.576705e+02,4.340453e+01,2.372637e+02,-1.099217e+02,2.225147e+01,7.159572e+01,1.701010e+02,-4.997180e+01,1.175904e+01,1,67
1.861476e+03,5.513657e+02,-1.595418e+03,2.273829e+02,-6.887357e+02,1.134773e+02,-4.406084e+02,-3.021797e+02,6.127991e+01,1.452017e+02,-1.608435e+02,3.451431e+01,7.752426e+00,7.457685e+01,-9.692630e+01,2.013275e+01,0,78
1.933414e+03,5.837338e+02,-1.607433e+03,2.641425e+02,-7.144518e+02,1.782833e+02,-4.510380e+02,-4.083130e+02,2.062602e+02,2.109611e+02,-4.889487e+02,3.893777e+02,8.653061e+01,3.668260e+02,-1.059204e+03,9.150473e+02,2,78
2.002487e+03,6.193926e+02,-1.381292e+03,2.836239e+02,-6.369686e+02,1.568739e+02,-5.446835e+02,-2.937904e+02,9.308966e+01,1.052978e+02,-1.632756e+02,5.689411e+01,-3.232496e+02,4.777759e+01,-1.014931e+02,3.527426e+01,2,47
1.806409e+03,5.602426e+02,-1.253373e+03,2.582036e+02,-5.613429e+02,1.526471e+02,-6.085028e+02,-2.956902e+02,1.151008e+02,8.908423e+01,-2.544001e+02,1.235488e+02,-4.308975e+02,1.677210e+02,-3.572667e+02,1.877107e+02,2,63
2.069014e+03,6.618073e+02,-1.279127e+03,3.184852e+02,-5.955303e+02,2.012270e+02,-5.051487e+02,-3.173203e+02,1.735740e+02,1.650132e+02,-3.200021e+02,2.317155e+02,-4.362008e+02,2.247606e+02,-5.855486e+02,4.371359e+02,0,72
1.864023e+03,5.648273e+02,-1.602862e+03,2.421029e+02,-7.512445e+02,1.444900e+02,-4.881509e+02,-3.911379e+02,1.341621e+02,2.516645e+02,-3.635785e+02,2.048966e+02,-1.036884e+02,2.986190e+02,-6.204706e+02,4.149874e+02,0,9
1.933733e+03,5.717795e+02,-1.444472e+03,2.514299e+02,-6.075287e+02,1.392229e+02,-2.913600e+02,-2.844439e+02,8.775658e+01,2.537950e+02,-1.974586e+02,6.264215e+01,-2.605905e+02,2.248627e+02,-1.869477e+02,5.186061e+01,3,85
1.945828e+03,6.450666e+02,-1.069502e+03,3.095498e+02,-5.600474e+02,1.824972e+02,-5.242727e+02,-2.595684e+02,1.219799e+02,1.772888e+02,-1.639134e+02,9.525710e+01,-5.828394e+02,1.396423e+02,-1.628631e+02,9.456464e+01,2,70
1.969702e+03,5.994748e+02,-1.195519e+03,2.413158e+02,-6.479427e+02,1.157993e+02,-5.773030e+02,-2.759755e+02,6.028223e+01,2.052214e+02,-1.288989e+02,3.264366e+01,-2.381143e+02,1.233067e+02,-6.634418e+01,1.803479e+01,2,59
1.960471e+03,6.368435e+02,-1.235220e+03,2.983280e+02,-6.050636e+02,1.714082e+02,-7.367173e+02,-3.261063e+02,1.173455e+02,2.879361e+01,-2.516625e+02,1.052705e+02,-4.507948e+02,1.265074e+02,-2.942661e+02,1.318285e+02,1,12
1.860203e+03,6.184766e+02,-1.140725e+03,3.064804e+02,-6.116137e+02,2.485957e+02,-4.731273e+02,-4.331935e+02,4.096061e+02,1.427147e+02,-7.613094e+02,1.083555e+03,-5.022908e+02,4.788775e+02,-2.345129e+03,3.279039e+03,3,83
1.820096e+03,5.726018e+02,-1.122576e+03,2.800570e+02,-5.458874e+02,1.967743e+02,-4.387242e+02,-3.907016e+02,2.073545e+02,1.599611e+02,-5.339999e+02,3.115265e+02,-6.845647e+02,4.810625e+02,-1.029482e+03,5.609186e+02,0,62
1.769803e+03,5.188173e+02,-1.580313e+03,2.428180e+02,-6.441863e+02,1.741527e+02,-1.902156e+02,-3.831035e+02,2.010532e+02,2.772579e+02,-4.961670e+02,3.458339e+02,-8.532045e+01,4.359697e+02,-1.033055e+03,7.172144e+02,3,64
1.876755e+03,5.618214e+02,-1.271500e+03,2.476661e+02,-5.946921e+02,1.453392e+02,-5.711495e+02,-3.174179e+02,1.207098e+02,1.160719e+02,-2.943975e+02,1.557226e+02,-3.717783e+02,2.129620e+02,-4.735756e+02,2.740900e+02,2,69
1.932459e+03,6.037692e+02,-1.296866e+03,2.823242e+02,-5.893658e+02,1.609070e+02,-4.624096e+02,-2.703814e+02,9.943339e+01,1.478046e+02,-1.598038e+02,6.458092e+01,-3.032428e+02,8.711660e+01,-1.162243e+02,4.420752e+01,1,47
1.772349e+03,5.356262e+02,-1.575210e+03,2.278826e+02,-6.765862e+02,1.193720e+02,-3.469333e+02,-3.145652e+02,7.110974e+01,1.506538e+02,-1.957306e+02,5.050316e+01,-1.267757e+02,9.199872e+01,-1.638160e+02,4.703045e+01,1,75
1.859885e+03,5.717047e+02,-1.091725e+03,2.309349e+02,-5.981534e+02,1.114538e+02,-5.077013e+02,-2.517696e+02,5.840190e+01,2.203487e+02,-1.176793e+02,3.183439e+01,-3.098419e+02,1.286929e+02,-6.167975e+01,1.771333e+01,1,59
1.933096e+03,6.465583e+02,-1.237729e+03,3.189144e+02,-6.578730e+02,2.207283e+02,-7.476107e+02,-4.323166e+02,2.439797e+02,6.903722e+01,-5.452462e+02,4.292150e+02,-3.568095e+02,3.524357e+02,-1.170062e+03,9.476033e+02,0,12
1.859248e+03,5.309898e+02,-1.134289e+03,1.989487e+02,-6.056816e+02,8.860827e+01,-6.379551e+02,-2.578954e+02,4.347235e+01,1.264291e+02,-1.239290e+02,2.316651e+01,-3.126544e+02,1.001289e+02,-7.065651e+01,1.372797e+01,0,40
1.812775e+03,5.524018e+02,-1.593473e+03,2.714287e+02,-6.729789e+02,2.112418e+02,-1.772515e+02,-4.433767e+02,2.725818e+02,2.961609e+02,-6.553846e+02,5.117105e+02,-1.596300e+02,5.566713e+02,-1.484146e+03,1.124213e+03,0,64
1.728423e+03,5.329440e+02,-1.389756e+03,2.290453e+02,-6.289012e+02,1.203312e+02,-2.885088e+02,-2.800977e+02,6.887891e+01,1.993224e+02,-1.584893e+02,4.162179e+01,-1.671248e+02,1.042399e+02,-1.073150e+02,2.671921e+01,3,66
2.018403e+03,6.177666e+02,-1.173849e+03,2.761657e+02,-5.176187e+02,1.504373e+02,-3.731676e+02,-2.111123e+02,8.851125e+01,1.917045e+02,-1.099810e+02,5.410516e+01,-4.639830e+02,1.085977e+02,-7.130377e+01,3.407585e+01,1,72
1.913679e+03,5.537592e+02,-1.286723e+03,2.561111e+02,-5.282407e+02,1.878275e+02,-3.128809e+02,-3.258444e+02,2.365163e+02,2.933448e+02,-5.143918e+02,4.516666e+02,-2.538581e+02,5.137231e+02,-1.247467e+03,1.027649e+03,0,4
1.762164e+03,4.931010e+02,-1.327714e+03,1.909140e+02,-5.817949e+02,9.001967e+01,-4.586773e+02,-2.397942e+02,4.665881e+01,1.720201e+02,-1.223480e+02,2.587056e+01,-8.237422e+01,1.053021e+02,-7.643666e+01,1.549460e+01,2,50
1.817549e+03,5.593886e+02,-1.055972e+03,2.353663e+02,-5.495142e+02,1.194601e+02,-5.478057e+02,-2.372656e+02,6.559319e+01,9.846081e+01,-1.206225e+02,3.733927e+01,-3.345437e+02,6.173106e+01,-6.984815e+01,2.168152e+01,0,61
1.897764e+03,6.081862e+02,-9.693476e+02,2.792623e+02,-5.085676e+02,1.543410e+02,-5.763672e+02,-2.491069e+02,9.354943e+01,5.837367e+01,-1.568019e+02,6.190135e+01,-6.024730e+02,8.620598e+01,-1.276014e+02,4.653140e+01,3,60
1.847789e+03,5.713493e+02,-1.663446e+03,2.482074e+02,-7.384235e+02,1.348225e+02,-3.629100e+02,-3.682848e+02,8.939169e+01,1.633074e+02,-2.612399e+02,8.089635e+01,-1.705679e+02,1.499078e+02,-2.768660e+02,1.048573e+02,3,75
1.854792e+03,5.662032e+02,-1.290268e+03,2.589359e+02,-5.993359e+02,1.553097e+02,-5.159263e+02,-3.562088e+02,1.235452e+02,1.181963e+02,-3.448309e+02,1.385195e+02,-5.270768e+02,2.902542e+02,-4.920649e+02,2.038228e+02,1,62
1.978933e+03,3.214491e+03,-1.120869e+03,7.643086e+04,5.198105e+02,1.967264e+06,-4.344017e+02,-2.350474e+03,4.807219e+07,-1.825286e+03,-6.116665e+05,1.138092e+09,-3.719548e+02,-5.565815e+04,-2.525889e+07,2.642427e+10,2,80
1.780944e+03,5.483139e+02,-1.473035e+03,2.714668e+02,-7.082797e+02,2.474647e+02,-3.464999e+02,-5.348405e+02,4.167258e+02,3.376018e+02,-9.608647e+02,9.725138e+02,-2.407635e+02,8.139978e+02,-2.554451e+03,2.529860e+03,0,91
1.908268e+03,5.834474e+02,-9.974730e+02,2.995596e+02,-4.755431e+02,2.327787e+02,-3.991237e+02,-3.837974e+02,2.936688e+02,2.476172e+02,-6.517930e+02,5.553360e+02,-6.546539e+02,6.399533e+02,-1.541966e+03,1.275871e+03,1,95
1.881848e+03,5.964395e+02,-1.054686e+03,2.851198e+02,-5.355143e+02,1.793684e+02,-5.790950e+02,-2.999516e+02,1.486163e+02,1.731117e+02,-3.040384e+02,1.742403e+02,-4.520478e+02,2.925589e+02,-4.984817e+02,2.740843e+02,1,103
1.868479e+03,5.627803e+02,-1.152683e+03,2.312733e+02,-5.742735e+02,1.142627e+02,-4.476332e+02,-2.383740e+02,6.091479e+01,1.714518e+02,-1.138170e+02,3.356145e+01,-4.313624e+02,8.294384e+01,-6.081876e+01,1.879004e+01,0,68
1.917817e+03,6.051657e+02,-1.124621e+03,2.898666e+02,-5.798825e+02,1.896791e+02,-5.781394e+02,-3.543003e+02,1.718307e+02,1.806874e+02,-3.963159e+02,2.215680e+02,-5.459251e+02,3.866499e+02,-6.838810e+02,3.667229e+02,2,104
1.846834e+03,5.818304e+02,-1.293784e+03,2.617959e+02,-5.960795e+02,1.422650e+02,-4.947423e+02,-2.671661e+02,8.300414e+01,1.065996e+02,-1.457412e+02,4.993382e+01,-2.484702e+02,5.109529e+01,-8.907609e+01,3.053855e+01,2,52
1.795586e+03,5.539298e+02,-9.643675e+02,2.387522e+02,-5.067089e+02,1.241445e+02,-5.099084e+02,-2.358095e+02,7.103539e+01,1.244725e+02,-1.396182e+02,4.423696e+01,-5.695341e+02,1.176093e+02,-1.056886e+02,3.076735e+01,3,89
2.132358e+03,6.762115e+02,-1.478717e+03,3.320317e+02,-5.846673e+02,1.962216e+02,-4.757469e+02,-2.661924e+02,1.235889e+02,1.353265e+02,-1.608916e+02,8.030219e+01,-1.178228e+02,9.201744e+01,-1.159491e+02,5.351149e+01,0,30
1.923865e+03,6.042592e+02,-1.253541e+03,2.977032e+02,-6.586733e+02,2.332191e+02,-6.054508e+02,-4.694064e+02,3.142379e+02,2.157840e+02,-7.216809e+02,6.290563e+02,-4.478708e+02,6.127336e+02,-1.724707e+03,1.480649e+03,3,104
1.894899e+03,5.779709e+02,-1.241620e+03,2.517803e+02,-5.521229e+02,1.312478e+02,-4.999974e+02,-2.422792e+02,7.317482e+01,6.735549e+01,-1.266964e+02,4.201489e+01,-4.056211e+02,3.583915e+01,-7.277466e+01,2.450795e+01,0,45
1.872299e+03,6.220455e+02,-8.717277e+02,2.884403e+02,-5.090352e+02,1.613943e+02,-5.176687e+02,-2.253769e+02,9.786015e+01,1.388576e+02,-1.131559e+02,6.157474e+01,-6.266356e+02,8.519585e+01,-6.390092e+01,3.948207e+01,1,70
1.993257e+03,6.149432e+02,-1.381886e+03,2.764311e+02,-6.380652e+02,1.481519e+02,-4.334852e+02,-3.058170e+02,8.427187e+01,8.466796e+01,-1.796555e+02,4.916456e+01,-4.634533e+02,4.254945e+01,-1.166183e+02,2.916773e+01,1,99
2.030180e+03,6.510727e+02,-1.146024e+03,3.158175e+02,-5.801573e+02,1.855265e+02,-5.231094e+02,-3.094192e+02,1.198554e+02,7.816878e+01,-2.274135e+02,8.605715e+01,-5.207445e+02,1.109402e+02,-2.152855e+02,7.223103e+01,2,98
1.923865e+03,5.543318e+02,-1.596158e+03,2.163310e+02,-7.191318e+02,1.003809e+02,-5.179412e+02,-3.053088e+02,4.977334e+01,1.855415e+02,-1.506418e+02,2.533949e+01,-2.193176e+01,8.397562e+01,-8.109468e+01,1.305454e+01,0,19
1.813093e+03,5.434500e+02,-1.163148e+03,2.463726e+02,-4.907070e+02,1.450280e+02,-3.960509e+02,-2.482671e+02,1.108104e+02,1.610149e+02,-2.234678e+02,1.234655e+02,-4.204550e+02,2.182011e+02,-3.411701e+02,1.974487e+02,3,69
1.959197e+03,6.881991e+02,-1.436338e+03,6.038405e+02,-9.831943e+02,1.413457e+03,-4.662919e+02,-1.944587e+03,4.799240e+03,9.280216e+02,-7.598482e+03,1.752553e+04,-3.369991e+02,4.597827e+03,-3.227214e+04,6.484603e+04,0,24
1.892352e+03,6.352804e+02,-8.619642e+02,2.975830e+02,-5.121518e+02,1.679976e+02,-4.543165e+02,-2.308899e+02,1.027414e+02,1.364054e+02,-1.180866e+02,6.524006e+01,-6.640812e+02,7.879223e+01,-6.758188e+01,4.225320e+01,3,70
1.836648e+03,6.033238e+02,-9.639049e+02,3.058632e+02,-4.899695e+02,2.021940e+02,-3.858994e+02,-2.972084e+02,1.705781e+02,1.694651e+02,-3.248690e+02,1.965233e+02,-5.571479e+02,3.120153e+02,-5.405964e+02,3.020377e+02,2,100
1.850017e+03,5.860488e+02,-1.071607e+03,2.825925e+02,-5.205700e+02,1.734615e+02,-5.564253e+02,-2.841048e+02,1.258361e+02,1.923636e+02,-2.529788e+02,1.094811e+02,-4.554759e+02,2.865608e+02,-3.199594e+02,1.151221e+02,3,103
1.843651e+03,5.538343e+02,-1.260647e+03,2.411389e+02,-5.211001e+02,1.262855e+02,-3.878248e+02,-2.199593e+02,7.038778e+01,1.205187e+02,-1.170409e+02,4.011263e+01,-3.546172e+02,5.100570e+01,-7.083984e+01,2.307037e+01,0,93
1.803544e+03,5.599242e+02,-1.387857e+03,2.622042e+02,-6.434360e+02,1.840665e+02,-5.470745e+02,-3.944564e+02,2.146769e+02,1.657313e+02,-5.085032e+02,3.879071e+02,-3.422968e+02,3.866455e+02,-1.100287e+03,8.523040e+02,3,71
1.765983e+03,5.543245e+02,-1.352817e+03,2.307877e+02,-6.379415e+02,1.154582e+02,-5.026350e+02,-2.759521e+02,6.241536e+01,1.372874e+02,-1.397861e+02,3.490363e+01,-2.265021e+02,6.994672e+01,-7.851481e+01,1.985115e+01,3,53
1.827099e+03,5.271920e+02,-1.578399e+03,1.936204e+02,-7.393921e+02,8.466646e+01,-4.993466e+02,-3.059636e+02,4.026549e+01,2.192329e+02,-1.423147e+02,1.997053e+01,-4.283761e+01,1.198438e+02,-7.234086e+01,1.013659e+01,3,54
1.867842e+03,6.088391e+02,-1.018847e+03,3.131891e+02,-5.234769e+02,2.212963e+02,-3.956891e+02,-3.579268e+02,2.139994e+02,2.158293e+02,-4.655456e+02,2.863003e+02,-5.802660e+02,4.718298e+02,-8.677153e+02,4.785895e+02,3,100
1.766620e+03,5.421920e+02,-1.298026e+03,2.313227e+02,-5.771627e+02,1.198284e+02,-3.207529e+02,-2.446813e+02,6.709740e+01,1.212368e+02,-1.248578e+02,3.887163e+01,-3.765051e+02,4.554787e+01,-7.146541e+01,2.292041e+01,0,77
1.850972e+03,5.765730e+02,-1.346713e+03,2.567813e+02,-6.041721e+02,1.395940e+02,-6.347241e+02,-2.765611e+02,8.355025e+01,1.079418e+02,-1.653854e+02,5.452034e+01,-1.599027e+02,8.477189e+01,-1.268467e+02,4.025060e+01,2,48
1.850972e+03,6.409088e+02,-1.000325e+03,3.183720e+02,-5.233339e+02,1.880908e+02,-5.985032e+02,-2.578647e+02,1.181140e+02,3.009800e+01,-1.522759e+02,7.608134e+01,-6.874252e+02,2.881903e+01,-9.819003e+01,4.966924e+01,3,74
1.775851e+03,5.436946e+02,-1.176457e+03,2.388290e+02,-5.179944e+02,1.273448e+02,-4.190351e+02,-2.183162e+02,7.318421e+01,1.279591e+02,-1.142980e+02,4.355442e+01,-3.260001e+02,6.613059e+01,-7.041499e+01,2.654889e+01,0,41
1.848107e+03,5.974435e+02,-1.085234e+03,2.962647e+02,-4.607027e+02,1.806504e+02,-3.639518e+02,-2.163611e+02,1.213012e+02,1.012673e+02,-1.499502e+02,8.925535e+01,-4.726245e+02,9.629855e+01,-1.466379e+02,7.475841e+01,3,84
1.897764e+03,5.478786e+02,-1.204260e+03,2.266277e+02,-5.337117e+02,1.153943e+02,-3.705060e+02,-2.242551e+02,6.553228e+01,1.824764e+02,-1.271960e+02,4.114648e+01,-3.474555e+02,1.198694e+02,-9.934820e+01,2.949687e+01,0,7
1.885031e+03,5.656273e+02,-1.347827e+03,2.638881e+02,-5.565607e+02,1.573774e+02,-3.252731e+02,-2.948875e+02,1.128337e+02,1.827104e+02,-2.572262e+02,1.015999e+02,-3.491592e+02,2.398175e+02,-3.230620e+02,1.163539e+02,2,65
1.893307e+03,5.765576e+02,-1.426479e+03,2.485100e+02,-6.205241e+02,1.393437e+02,-3.996757e+02,-2.818159e+02,1.079480e+02,1.465822e+02,-2.139124e+02,1.414495e+02,-3.890146e+02,1.146828e+02,-3.402896e+02,2.852873e+02,0,5
2.016175e+03,6.916209e+02,-1.053961e+03,3.490029e+02,-5.382943e+02,2.069263e+02,-5.969740e+02,-2.819473e+02,1.293177e+02,1.529272e+00,-1.802445e+02,8.260131e+01,-7.738274e+02,1.574107e+01,-1.267736e+02,5.345923e+01,2,49
