6.304121e+08,9.678448e+16,1.452710e+24,3,68
7.236982e+08,1.302419e+17,3.010497e+24,0,35
7.856491e+08,1.558147e+17,4.004175e+24,0,56
5.637483e+08,7.642636e+16,1.550306e+24,1,78
6.450380e+08,1.028500e+17,2.012784e+24,2,91
6.112520e+08,9.286944e+16,1.835960e+24,1,58
4.856677e+08,5.956603e+16,8.738894e+23,3,89
5.668675e+08,8.516612e+16,2.185051e+24,2,97
6.222908e+08,9.465489e+16,1.881730e+24,0,50
7.397903e+08,1.362830e+17,2.618143e+24,0,22
6.844070e+08,1.185502e+17,2.187665e+24,0,61
7.479319e+08,1.410968e+17,3.030441e+24,0,11
6.259041e+08,9.665301e+16,1.980623e+24,2,58
5.740936e+08,8.180436e+16,1.632712e+24,1,38
6.993778e+08,1.236575e+17,2.580915e+24,2,90
7.405448e+08,1.366215e+17,2.485772e+24,2,104
5.423211e+08,7.661565e+16,1.285141e+24,0,88
6.505910e+08,1.047628e+17,2.052349e+24,0,91
6.189146e+08,9.436546e+16,1.770491e+24,0,82
4.326203e+08,4.729507e+16,8.071098e+23,3,102
7.526380e+08,1.279456e+17,2.269409e+24,2,79
8.031972e+08,1.645597e+17,3.173095e+24,2,101
5.556191e+08,7.723640e+16,1.454475e+24,1,103
4.264787e+08,4.727852e+16,7.731039e+23,2,57
7.125092e+08,1.287471e+17,2.355841e+24,1,60
5.832512e+08,8.922925e+16,1.944506e+24,0,59
5.978646e+08,8.915367e+16,1.544111e+24,0,32
8.689468e+08,1.909503e+17,4.052844e+24,3,49
8.174509e+08,1.712044e+17,3.441159e+24,1,101
4.670124e+08,5.100795e+16,9.567114e+23,1,94
7.625756e+08,1.480213e+17,2.753053e+24,2,74
5.572822e+08,7.540286e+16,1.552914e+24,1,80
7.353449e+08,1.234292e+17,2.101147e+24,3,79
5.378053e+08,7.227607e+16,1.207639e+24,3,57
8.183547e+08,1.676328e+17,3.762406e+24,0,6
7.540378e+08,1.385891e+17,3.816180e+24,1,97
4.943389e+08,6.096537e+16,1.091462e+24,3,53
7.823153e+08,1.535811e+17,3.170045e+24,3,63
8.109275e+08,1.678781e+17,3.302776e+24,0,101
6.516451e+08,1.077405e+17,1.995457e+24,2,96
6.253478e+08,9.938585e+16,1.663371e+24,1,83
8.189995e+08,1.682713e+17,3.361267e+24,0,29
7.365938e+08,1.355355e+17,3.526578e+24,2,55
6.045937e+08,9.052862e+16,1.506113e+24,2,37
6.645161e+08,1.118387e+17,1.951792e+24,0,71
5.120393e+08,5.962021e+16,1.082222e+24,0,17
6.817003e+08,1.166379e+17,2.452357e+24,1,48
6.644933e+08,1.106259e+17,2.156143e+24,3,92
4.320268e+08,5.070809e+16,9.633303e+23,2,66
7.052759e+08,1.257673e+17,2.389744e+24,2,63
7.851173e+08,1.557190e+17,3.097247e+24,3,72
6.732817e+08,1.124975e+17,2.217353e+24,3,51
4.775817e+08,6.216824e+16,1.269670e+24,0,93
7.682820e+08,1.531287e+17,3.295072e+24,3,95
7.358507e+08,1.357672e+17,3.198138e+24,0,24
8.609674e+08,1.884623e+17,3.968895e+24,2,49
8.234234e+08,1.719909e+17,4.634400e+24,2,67
7.074969e+08,1.253695e+17,2.270391e+24,2,84
4.539301e+08,4.753787e+16,8.516557e+23,0,94
5.796560e+08,8.684532e+16,1.956983e+24,3,59
7.117584e+08,1.240061e+17,2.737578e+24,0,33
8.082734e+08,1.667604e+17,3.377198e+24,3,101
6.909929e+08,1.199139e+17,2.292289e+24,2,61
8.955847e+08,2.021427e+17,5.703895e+24,0,73
6.904151e+08,1.218941e+17,2.382579e+24,0,69
8.077559e+08,1.653070e+17,3.103374e+24,1,49
3.538479e+08,3.342231e+16,6.261197e+23,2,94
7.444588e+08,1.345084e+17,3.680800e+24,3,97
6.915062e+08,1.245722e+17,2.253007e+24,0,74
8.239483e+08,1.746306e+17,3.205083e+24,3,86
4.433522e+08,5.257651e+16,9.484564e+23,1,102
9.219051e+08,2.144740e+17,5.558414e+24,2,98
7.325972e+08,1.378533e+17,2.716775e+24,1,46
5.056084e+08,5.536657e+16,8.481345e+23,2,77
8.373605e+08,1.761714e+17,3.752033e+24,2,72
4.592373e+08,5.418083e+16,1.049016e+24,1,93
6.064837e+08,9.168677e+16,1.550657e+24,1,37
4.743338e+08,5.583222e+16,9.646572e+23,2,53
7.148004e+08,1.293658e+17,2.370310e+24,0,63
9.278970e+08,2.137692e+17,6.189783e+24,3,73
7.428174e+08,1.382223e+17,2.500698e+24,1,88
6.784933e+08,1.166378e+17,2.215121e+24,3,71
7.428044e+08,1.389824e+17,2.574040e+24,0,3
5.994543e+08,8.951224e+16,1.506016e+24,0,37
8.189514e+08,1.708478e+17,3.824513e+24,1,99
5.680030e+08,8.087409e+16,1.569485e+24,2,103
6.309187e+08,9.767981e+16,1.938212e+24,1,50
7.190839e+08,1.299274e+17,2.922369e+24,0,16
6.539738e+08,1.043832e+17,2.011779e+24,2,75
5.573308e+08,8.261757e+16,1.421483e+24,2,88
7.193375e+08,1.282817e+17,3.119019e+24,0,55
7.786498e+08,1.522811e+17,3.754208e+24,2,56
4.408720e+08,5.070684e+16,9.610813e+23,1,81
7.746653e+08,1.549351e+17,3.453173e+24,1,95
7.950786e+08,1.612668e+17,3.399832e+24,0,99
6.069312e+08,9.339899e+16,2.100456e+24,2,80
7.034137e+08,1.230068e+17,2.370239e+24,1,84
5.308834e+08,7.425243e+16,1.303821e+24,3,88
6.539089e+08,1.083418e+17,2.016261e+24,3,96
3.360195e+08,3.180339e+16,6.034970e+23,3,94
8.226048e+08,1.716275e+17,3.800935e+24,2,99
7.541884e+08,1.435426e+17,3.412835e+24,0,67
7.723500e+08,1.459505e+17,3.444070e+24,3,87
6.985417e+08,1.233168e+17,2.647094e+24,3,90
7.348633e+08,1.223537e+17,1.962190e+24,0,79
7.830592e+08,1.533971e+17,3.723807e+24,3,56
7.448545e+08,1.390011e+17,2.566188e+24,3,104
6.972085e+08,1.218445e+17,2.099858e+24,0,41
6.960074e+08,1.226357e+17,2.211932e+24,1,40
7.482242e+08,1.403187e+17,2.662320e+24,1,43
6.494048e+08,1.044376e+17,2.074474e+24,3,91
6.188521e+08,9.494557e+16,1.948861e+24,0,58
6.462118e+08,1.015064e+17,1.972972e+24,0,75
8.944769e+08,2.012815e+17,5.084965e+24,3,98
7.672516e+08,1.468730e+17,3.276310e+24,1,47
6.493920e+08,1.020881e+17,2.031220e+24,3,75
6.541087e+08,1.052194e+17,1.698596e+24,2,68
7.296574e+08,1.339450e+17,3.023051e+24,1,65
5.505472e+08,8.038222e+16,1.441172e+24,0,76
6.939897e+08,1.160940e+17,2.753365e+24,2,64
6.732741e+08,1.138871e+17,1.925139e+24,0,8
7.681097e+08,1.324346e+17,2.214412e+24,1,79
5.564596e+08,7.643414e+16,1.465395e+24,0,54
7.290758e+08,1.354024e+17,2.768977e+24,2,12
7.447406e+08,1.389252e+17,2.638793e+24,0,43
6.289499e+08,9.716626e+16,1.867060e+24,1,82
6.280329e+08,9.790887e+16,1.912859e+24,3,82
5.957570e+08,8.132046e+16,1.506592e+24,0,70
6.972656e+08,1.210761e+17,2.558294e+24,1,44
7.097001e+08,1.282088e+17,2.604860e+24,2,60
6.990985e+08,1.244941e+17,2.485704e+24,2,69
5.873219e+08,8.318244e+16,1.607370e+24,3,54
7.737504e+08,1.523117e+17,2.716805e+24,1,100
7.155672e+08,1.285734e+17,2.703724e+24,0,90
6.782273e+08,1.138184e+17,2.238167e+24,0,51
7.816113e+08,1.550906e+17,2.700389e+24,0,100
7.810467e+08,1.545269e+17,2.863815e+24,0,1
9.070094e+08,2.088491e+17,5.211172e+24,0,98
7.498507e+08,1.404099e+17,3.265318e+24,0,85
6.278335e+08,9.529968e+16,1.829802e+24,1,75
6.720448e+08,1.133956e+17,2.267127e+24,1,34
6.008035e+08,9.130742e+16,1.766316e+24,0,42
7.737969e+08,1.489671e+17,2.725620e+24,0,104
7.346831e+08,1.342307e+17,3.320547e+24,1,55
7.076713e+08,1.223449e+17,2.634356e+24,1,33
7.334870e+08,1.352048e+17,2.859708e+24,3,52
5.497779e+08,8.160633e+16,2.111109e+24,0,97
7.501044e+08,1.418575e+17,2.533032e+24,0,27
6.881345e+08,1.214843e+17,2.195575e+24,0,60
7.770671e+08,1.509579e+17,3.522908e+24,2,85
7.975953e+08,1.607584e+17,2.732887e+24,0,26
6.819106e+08,1.185852e+17,2.289230e+24,1,69
5.315940e+08,7.230053e+16,1.393122e+24,0,2
7.237509e+08,1.340224e+17,2.569144e+24,0,15
5.308768e+08,7.214987e+16,1.425851e+24,0,81
6.963756e+08,1.203728e+17,2.733134e+24,0,10
4.335802e+08,4.948754e+16,9.883452e+23,3,78
5.576655e+08,7.399030e+16,1.371571e+24,1,70
7.298024e+08,1.346249e+17,2.491718e+24,1,63
6.326860e+08,9.841410e+16,1.990821e+24,3,50
7.986837e+08,1.617993e+17,3.044581e+24,1,72
7.678906e+08,1.469808e+17,3.324522e+24,3,47
7.672692e+08,1.479503e+17,2.907611e+24,0,31
7.143675e+08,1.276044e+17,3.314652e+24,0,36
6.793181e+08,1.142382e+17,2.276377e+24,2,51
7.371441e+08,1.380577e+17,2.517105e+24,3,62
5.331378e+08,6.781247e+16,1.345288e+24,0,78
9.035100e+08,2.064590e+17,5.342269e+24,1,98
4.949466e+08,6.186759e+16,9.342408e+23,1,89
7.189731e+08,1.309544e+17,3.012668e+24,3,65
5.044354e+08,6.338576e+16,1.121049e+24,0,53
7.199251e+08,1.304114e+17,2.972517e+24,2,65
4.544337e+08,5.558286e+16,8.946567e+23,0,57
6.782331e+08,1.160084e+17,2.417873e+24,0,48
8.043913e+08,1.634866e+17,3.677992e+24,0,18
8.231038e+08,1.718020e+17,3.716894e+24,0,23
5.424324e+08,7.328152e+16,1.208336e+24,1,57
7.318862e+08,1.376442e+17,2.744531e+24,0,46
7.026628e+08,1.230633e+17,2.583105e+24,0,44
6.108077e+08,9.874620e+16,2.277890e+24,1,59
6.608642e+08,1.112520e+17,2.073853e+24,2,102
6.734166e+08,1.095464e+17,2.373037e+24,0,9
6.270701e+08,9.604239e+16,1.751711e+24,1,77
6.519902e+08,1.047936e+17,1.906986e+24,3,77
7.233099e+08,1.320620e+17,2.508963e+24,0,7
7.702974e+08,1.503944e+17,3.035296e+24,0,28
6.847690e+08,1.187975e+17,2.221286e+24,1,71
7.083111e+08,1.255129e+17,2.298965e+24,0,40
7.193718e+08,1.314210e+17,2.312123e+24,0,62
6.300776e+08,1.000727e+17,2.012729e+24,1,42
5.941259e+08,8.866334e+16,1.787612e+24,3,58
7.642906e+08,1.458476e+17,3.503710e+24,1,35
5.511047e+08,7.028334e+16,9.382937e+23,0,89
8.004719e+08,1.647426e+17,3.467407e+24,0,20
7.384550e+08,1.373714e+17,2.780672e+24,0,14
7.706839e+08,1.511581e+17,2.707790e+24,3,100
8.076709e+08,1.636133e+17,3.973291e+24,2,47
6.700599e+08,1.142284e+17,2.235215e+24,3,69
7.168154e+08,1.275423e+17,2.389488e+24,3,61
4.363380e+08,5.033233e+16,9.439716e+23,2,81
7.239412e+08,1.313077e+17,2.863350e+24,1,90
7.243077e+08,1.325187e+17,2.742948e+24,1,45
6.478885e+08,1.036160e+17,2.062111e+24,2,82
8.389235e+08,1.813637e+17,3.222607e+24,2,86
6.562138e+08,1.049667e+17,2.396969e+24,0,64
4.449760e+08,5.380859e+16,1.022642e+24,3,81
7.406392e+08,1.393781e+17,2.931677e+24,1,12
7.887549e+08,1.585575e+17,3.467616e+24,3,99
7.411647e+08,1.353616e+17,3.092075e+24,1,87
7.546043e+08,1.440790e+17,3.901234e+24,1,36
7.223100e+08,1.319783e+17,2.352075e+24,2,62
4.894869e+08,6.113024e+16,9.020500e+23,2,89
5.753908e+08,8.479935e+16,1.852122e+24,3,80
7.543669e+08,1.421788e+17,3.383862e+24,3,85
7.555244e+08,1.397518e+17,3.224530e+24,0,87
4.808566e+08,5.715951e+16,1.002456e+24,1,53
4.789622e+08,6.253305e+16,1.291252e+24,3,93
6.901342e+08,1.194648e+17,2.580274e+24,2,93
6.912390e+08,1.185667e+17,2.341529e+24,3,84
7.354959e+08,1.353888e+17,3.068415e+24,0,65
8.136130e+08,1.649261e+17,4.308069e+24,1,56
5.579442e+08,8.388585e+16,1.935169e+24,2,59
6.224011e+08,9.466072e+16,1.868203e+24,2,50
1.043436e+09,2.868556e+17,1.033716e+25,2,76
7.899156e+08,1.604881e+17,3.457430e+24,0,95
6.601254e+08,1.106157e+17,2.106152e+24,1,96
7.307368e+08,1.348145e+17,2.604252e+24,0,25
5.903308e+08,8.785663e+16,1.545485e+24,0,102
6.745106e+08,1.146020e+17,2.433249e+24,3,48
3.817260e+08,3.832198e+16,6.499155e+23,1,66
7.293974e+08,1.329625e+17,2.654784e+24,2,52
7.457408e+08,1.402795e+17,3.134703e+24,0,21
7.117874e+08,1.267511e+17,2.559396e+24,0,52
6.833008e+08,1.168678e+17,1.926658e+24,1,68
4.207277e+08,4.444511e+16,6.915237e+23,2,83
7.352893e+08,1.363252e+17,2.534917e+24,3,60
5.703629e+08,7.672970e+16,1.554803e+24,0,19
7.644428e+08,1.479006e+17,2.537945e+24,2,100
8.041644e+08,1.654158e+17,4.419637e+24,1,67
6.845867e+08,1.182684e+17,2.223486e+24,2,71
7.400838e+08,1.387937e+17,2.918933e+24,0,12
5.450600e+08,7.167732e+16,1.349547e+24,3,70
7.229521e+08,1.302516e+17,3.407387e+24,3,55
6.892315e+08,1.197530e+17,2.215076e+24,1,5
6.584029e+08,1.092682e+17,2.114682e+24,1,92
6.292183e+08,9.600168e+16,2.183054e+24,3,64
7.101855e+08,1.284366e+17,2.443710e+24,1,25
6.947645e+08,1.210630e+17,2.546796e+24,2,48
6.930403e+08,1.195025e+17,2.685684e+24,1,10
6.083718e+08,8.347011e+16,1.528488e+24,2,70
7.081102e+08,1.220353e+17,2.532017e+24,0,4
7.160424e+08,1.275681e+17,2.369888e+24,0,84
6.742465e+08,1.094395e+17,2.489657e+24,0,30
5.262233e+08,6.986283e+16,1.312601e+24,3,103
6.626606e+08,1.074179e+17,2.483819e+24,1,64
7.455045e+08,1.403254e+17,2.596415e+24,1,0
5.751238e+08,8.156954e+16,1.546314e+24,1,54
6.680800e+08,1.129796e+17,2.127980e+24,0,96
9.164103e+08,2.099008e+17,5.840275e+24,1,73
7.458948e+08,1.396249e+17,2.521962e+24,0,0
6.556767e+08,1.078342e+17,1.884103e+24,0,39
7.333000e+08,1.365213e+17,2.742081e+24,1,76
7.217669e+08,1.338836e+17,2.408484e+24,1,74
6.431194e+08,1.022472e+17,2.034062e+24,1,91
7.449681e+08,1.392768e+17,2.599038e+24,1,104
5.888493e+08,8.695681e+16,1.600616e+24,0,66
7.420774e+08,1.382271e+17,2.885651e+24,1,52
8.140706e+08,1.676122e+17,3.267620e+24,0,49
7.226831e+08,1.303014e+17,2.522033e+24,1,61
7.198451e+08,1.313327e+17,2.332337e+24,1,62
7.496233e+08,1.371785e+17,3.103475e+24,2,87
7.642338e+08,1.486289e+17,2.723309e+24,3,74
5.662445e+08,8.574808e+16,1.852325e+24,0,80
6.714401e+08,1.125913e+17,2.154211e+24,2,92
6.746258e+08,1.148646e+17,2.106542e+24,0,5
8.721728e+08,1.958003e+17,3.722377e+24,0,86
9.562652e+08,2.262980e+17,6.616108e+24,2,73
7.584001e+08,1.438526e+17,3.240807e+24,0,47
6.394130e+08,1.074006e+17,2.081559e+24,3,76
8.317144e+08,1.778756e+17,3.276606e+24,1,86
5.250113e+08,6.794608e+16,1.123791e+24,3,83
6.686245e+08,1.107663e+17,2.095087e+24,1,51
8.340849e+08,1.750503e+17,3.564560e+24,0,72
7.366736e+08,1.360346e+17,2.408639e+24,1,41
6.062886e+08,9.314231e+16,1.586944e+24,0,83
5.606704e+08,7.689866e+16,1.387304e+24,2,54
6.030570e+08,9.089495e+16,1.693611e+24,3,66
8.613012e+08,1.872207e+17,4.606882e+24,0,13
6.681054e+08,1.116511e+17,2.083408e+24,0,92
5.924932e+08,8.454781e+16,1.827377e+24,2,78
6.002329e+08,8.889279e+16,1.805046e+24,0,38
6.421094e+08,1.009738e+17,1.932706e+24,0,34
7.932369e+08,1.605973e+17,4.209733e+24,3,67
7.886647e+08,1.542515e+17,3.910520e+24,1,85
5.178865e+08,6.388971e+16,1.099821e+24,0,103
5.063169e+08,5.620813e+16,8.639199e+23,0,77
6.980671e+08,1.210534e+17,2.396229e+24,0,45
7.691310e+08,1.525759e+17,3.272764e+24,2,95
6.629968e+08,1.098732e+17,1.894445e+24,0,68
