6.717517e+07,9.464460e+14,4.958545e+17,2.885963e+16,5.593573e+07,1.767320e+15,1.638149e+18,1.316778e+17,2.517137e+07,1.263744e+14,9.154460e+16,7.036109e+15,3,72
7.183897e+07,8.483063e+14,3.901262e+17,2.660314e+16,5.778081e+07,1.861742e+15,1.833635e+18,1.839957e+17,2.869747e+07,2.228496e+14,9.775899e+16,5.626189e+15,3,93
9.327885e+07,2.058852e+15,1.480252e+18,1.089830e+17,7.417049e+07,4.159619e+15,2.376135e+18,2.583583e+17,2.879941e+07,3.798036e+14,7.201190e+16,1.904876e+15,0,26
6.322222e+07,6.891938e+14,6.913407e+17,2.135610e+16,5.238669e+07,1.374363e+15,1.546515e+18,8.909069e+16,2.615258e+07,1.437379e+14,1.557483e+17,1.094684e+16,3,96
6.818503e+07,8.111962e+14,5.592161e+17,6.195183e+16,5.702670e+07,1.593882e+15,2.044170e+18,2.218904e+17,2.855824e+07,1.406895e+14,7.784359e+16,5.625839e+15,1,55
8.134501e+07,1.374711e+15,6.675724e+17,5.384525e+16,6.585047e+07,2.766621e+15,2.314864e+18,2.810102e+17,2.877422e+07,3.002546e+14,8.229236e+16,3.078122e+15,3,90
6.984979e+07,9.161542e+14,4.893748e+17,2.244131e+16,5.744149e+07,1.828565e+15,1.532058e+18,8.859684e+16,2.717362e+07,1.682875e+14,1.486566e+17,1.818256e+16,1,5
6.696870e+07,1.073999e+15,6.996400e+17,3.457375e+16,5.547704e+07,1.986697e+15,1.132576e+18,7.957179e+16,2.276683e+07,1.367191e+14,8.388448e+16,5.586656e+15,0,27
7.639185e+07,1.555569e+15,1.325926e+18,1.252142e+17,6.268514e+07,2.881515e+15,1.724755e+18,1.723590e+17,2.325405e+07,1.890359e+14,3.600255e+16,2.650588e+15,0,28
4.696003e+07,5.573688e+14,5.738923e+17,4.704929e+16,4.322803e+07,7.372207e+14,1.160435e+18,7.309419e+16,1.980825e+07,3.266365e+13,5.668802e+16,6.585724e+15,0,67
5.963980e+07,4.311528e+14,4.592274e+17,2.903084e+16,4.923505e+07,9.710368e+14,1.504208e+18,7.748579e+16,2.849609e+07,1.333407e+14,1.606597e+17,2.382096e+16,3,91
6.305793e+07,7.346819e+14,4.961190e+17,2.663098e+16,5.446946e+07,1.275344e+15,1.490586e+18,5.731382e+16,2.737623e+07,1.188185e+14,1.875717e+17,2.936227e+16,0,16
7.065433e+07,1.163905e+15,3.600278e+17,1.701036e+16,5.935604e+07,2.065009e+15,1.576826e+18,1.364196e+17,2.525406e+07,1.322543e+14,1.044664e+17,7.255804e+15,3,99
6.111120e+07,4.720409e+14,5.626455e+17,5.024864e+16,4.864175e+07,1.167951e+15,1.400226e+18,1.206158e+17,2.693743e+07,1.575732e+14,8.291799e+16,9.838429e+15,3,78
6.835042e+07,1.043891e+15,8.128401e+17,5.293599e+16,5.598097e+07,1.991197e+15,1.383858e+18,1.122040e+17,2.372813e+07,1.599783e+14,8.829021e+16,7.880884e+15,2,102
7.587235e+07,1.241272e+15,5.983529e+17,4.936948e+16,6.151350e+07,2.459173e+15,1.491831e+18,1.080643e+17,2.628494e+07,2.148102e+14,9.224822e+16,1.166141e+16,0,22
8.213767e+07,1.381802e+15,8.135247e+17,3.331504e+16,6.553248e+07,2.897729e+15,2.074160e+18,2.072363e+17,2.839532e+07,2.922244e+14,1.136371e+17,4.310754e+15,1,84
6.403594e+07,9.744212e+14,5.355929e+17,3.382263e+16,5.262357e+07,1.817546e+15,1.288163e+18,1.245899e+17,2.141956e+07,1.306560e+14,5.388553e+16,1.970281e+15,2,82
6.762521e+07,1.164162e+15,4.428360e+17,1.545845e+16,5.714520e+07,2.012065e+15,1.513805e+18,1.092120e+17,2.303163e+07,1.174941e+14,1.029540e+17,6.054655e+15,3,68
6.568086e+07,1.086242e+15,3.964160e+17,2.269883e+16,5.517346e+07,1.904060e+15,1.563785e+18,1.599356e+17,2.222166e+07,1.191672e+14,6.604702e+16,1.347475e+15,3,80
6.309198e+07,6.816197e+14,3.842144e+17,2.070322e+16,5.215980e+07,1.362763e+15,1.384163e+18,1.160327e+17,2.627728e+07,1.237026e+14,9.656703e+16,8.888246e+15,1,10
7.007494e+07,1.133763e+15,4.074010e+17,2.190693e+16,5.895483e+07,2.008725e+15,1.900863e+18,1.793997e+17,2.529642e+07,1.331067e+14,9.320763e+16,6.021781e+15,0,56
8.886472e+07,2.394427e+15,1.376491e+18,7.244792e+16,7.294019e+07,4.230109e+15,1.548537e+18,1.416952e+17,2.401849e+07,2.588728e+14,6.934794e+16,3.297437e+15,1,86
3.804083e+08,7.738825e+15,4.238234e+16,1.754714e+17,1.732753e+08,1.453858e+16,1.284678e+19,1.494297e+18,2.598324e+08,5.316088e+16,1.289400e+18,3.483979e+17,1,73
7.056019e+07,1.001704e+15,1.169194e+18,1.127402e+17,5.862972e+07,1.899122e+15,1.715886e+18,1.203450e+17,2.698162e+07,1.779949e+14,6.225759e+16,1.026689e+16,1,40
9.677379e+07,3.416335e+15,3.216466e+18,3.602312e+17,8.520388e+07,4.914686e+15,5.958499e+18,7.001305e+17,2.675533e+07,1.445207e+14,4.261317e+16,4.545021e+15,2,76
7.086877e+07,1.280766e+15,1.694804e+18,1.642526e+17,5.904058e+07,2.272227e+15,2.396883e+18,2.757672e+17,2.329500e+07,1.498743e+14,2.406225e+16,1.116619e+14,0,76
5.308869e+07,6.003756e+14,3.076822e+17,3.712969e+16,4.443616e+07,1.112910e+15,1.092596e+18,8.929911e+16,2.001570e+07,7.552427e+13,5.933316e+16,5.159488e+15,2,53
7.727327e+07,1.043344e+15,4.249573e+17,2.308169e+16,6.244474e+07,2.247588e+15,2.075017e+18,2.404931e+17,3.014414e+07,2.813071e+14,1.299739e+17,1.995485e+15,1,65
5.637628e+07,4.287544e+14,4.658809e+17,2.873179e+16,4.695500e+07,9.072644e+14,1.287873e+18,6.583925e+16,2.628224e+07,1.137771e+14,1.168870e+17,1.718077e+16,0,32
8.730665e+07,1.582627e+15,8.599519e+17,7.364912e+16,7.115903e+07,3.182476e+15,1.957549e+18,1.883767e+17,3.137922e+07,2.728141e+14,1.403010e+17,9.073722e+15,3,98
6.881469e+07,7.246538e+14,4.470382e+17,2.708958e+16,5.613818e+07,1.547786e+15,1.500990e+18,9.826756e+16,2.949808e+07,1.609055e+14,1.382472e+17,1.999887e+16,0,10
7.526855e+07,1.326071e+15,3.440575e+17,2.709633e+16,6.298029e+07,2.381432e+15,1.636357e+18,1.512631e+17,2.657047e+07,1.640399e+14,9.401453e+16,8.039552e+15,2,99
7.542725e+07,9.717199e+14,1.063459e+18,1.096553e+17,5.973494e+07,2.196412e+15,2.061629e+18,2.219685e+17,2.856577e+07,2.640789e+14,6.101574e+16,4.177443e+15,3,61
9.308861e+07,2.066362e+15,1.008477e+18,3.972921e+16,7.458696e+07,4.092407e+15,2.484811e+18,2.893311e+17,2.912975e+07,3.792136e+14,1.139810e+17,4.266325e+15,3,95
6.711002e+07,7.949442e+14,7.528004e+17,6.995874e+16,5.607474e+07,1.548349e+15,2.130361e+18,2.402851e+17,2.792012e+07,1.561267e+14,6.386152e+16,2.454586e+15,0,55
6.739831e+07,6.872606e+14,2.528551e+17,3.388904e+16,5.553910e+07,1.448030e+15,1.640315e+18,1.204987e+17,2.935026e+07,1.406986e+14,1.215061e+17,2.880559e+16,2,66
6.704515e+07,9.809378e+14,3.758993e+17,9.179124e+15,5.553079e+07,1.838848e+15,1.517740e+18,1.250322e+17,2.421169e+07,1.332448e+14,1.132757e+17,6.710638e+15,3,56
8.118036e+07,1.465263e+15,6.168556e+17,3.379112e+16,6.526849e+07,2.942000e+15,1.857693e+18,2.030104e+17,2.701343e+07,2.927298e+14,8.727811e+16,3.211999e+15,2,84
6.256539e+07,7.630991e+14,4.506411e+17,3.010927e+16,5.200492e+07,1.460161e+15,1.403689e+18,1.079172e+17,2.439501e+07,1.140569e+14,8.214131e+16,9.378626e+15,2,92
8.453656e+07,1.591229e+15,6.781709e+17,1.966257e+16,6.747276e+07,3.271556e+15,1.958867e+18,1.898787e+17,2.758322e+07,2.961140e+14,1.184762e+17,3.212980e+15,2,62
7.489269e+07,1.062593e+15,8.672508e+17,4.923134e+16,5.953803e+07,2.301485e+15,1.748788e+18,1.452679e+17,2.697629e+07,2.369255e+14,9.554191e+16,5.976478e+15,0,83
6.714436e+07,9.361743e+14,8.619429e+17,6.884365e+16,5.411636e+07,1.904176e+15,1.544527e+18,1.457363e+17,2.352670e+07,1.758568e+14,5.465287e+16,3.979744e+15,1,57
8.421922e+07,9.964689e+14,1.172169e+18,1.460644e+17,6.847892e+07,2.236452e+15,3.749834e+18,3.983071e+17,3.694294e+07,2.695882e+14,1.204466e+17,1.809194e+16,3,59
8.787145e+07,1.403861e+15,7.171194e+17,3.646724e+16,6.930839e+07,3.135681e+15,2.343433e+18,2.482861e+17,3.188132e+07,3.866188e+14,1.153686e+17,5.787063e+15,0,11
9.574958e+07,2.225678e+15,1.051370e+18,9.450214e+16,7.745839e+07,4.287254e+15,2.562047e+18,2.992903e+17,3.028794e+07,3.926649e+14,6.065529e+16,2.010011e+15,0,13
5.899895e+07,3.515961e+14,2.120011e+17,3.453007e+15,4.898082e+07,8.318614e+14,1.372868e+18,4.174412e+16,3.023565e+07,1.342455e+14,2.806824e+17,4.072706e+16,1,64
6.440951e+07,5.884265e+14,3.035877e+17,7.317906e+15,5.325314e+07,1.258495e+15,1.510270e+18,7.478680e+16,2.900844e+07,1.303921e+14,2.001322e+17,2.636293e+16,1,35
6.720072e+07,7.372293e+14,5.849284e+17,2.953914e+16,5.412471e+07,1.618940e+15,1.428485e+18,8.273630e+16,2.697332e+07,1.971300e+14,1.202831e+17,1.611436e+16,0,8
1.011113e+08,3.470613e+15,1.411555e+18,1.398329e+17,8.441250e+07,5.771061e+15,1.768453e+18,1.722405e+17,2.550095e+07,2.835753e+14,6.073586e+16,2.852109e+15,0,86
8.606898e+07,1.703625e+15,9.156374e+17,7.051085e+16,6.879551e+07,3.426914e+15,2.101072e+18,2.209266e+17,2.752915e+07,3.133063e+14,5.989564e+16,2.569331e+15,1,63
5.752917e+07,4.916144e+14,6.705213e+17,6.083675e+16,4.722236e+07,1.064238e+15,1.208547e+18,9.139941e+16,2.505693e+07,1.065379e+14,7.309385e+16,1.296524e+16,2,51
6.691042e+07,8.063333e+14,7.609730e+17,5.239866e+16,5.375055e+07,1.730501e+15,1.672707e+18,1.711395e+17,2.543297e+07,1.762951e+14,7.453541e+16,3.443072e+15,3,48
8.921385e+07,1.568660e+15,9.972186e+17,1.011986e+17,7.145699e+07,3.294393e+15,2.477990e+18,2.370442e+17,3.186001e+07,3.191748e+14,7.723293e+16,1.189887e+16,0,14
3.911834e+07,3.152238e+14,3.954446e+17,3.517204e+16,3.562537e+07,4.511954e+14,8.184176e+17,4.226248e+16,1.787780e+07,3.196509e+13,5.260704e+16,8.619888e+15,1,54
6.909128e+07,1.206631e+15,5.616921e+17,4.425773e+16,5.732939e+07,2.156910e+15,1.556105e+18,1.470966e+17,2.264908e+07,1.435197e+14,4.662429e+16,4.084465e+15,1,52
8.555776e+07,1.598829e+15,1.209756e+18,1.231785e+17,6.795248e+07,3.305485e+15,2.194453e+18,2.451219e+17,2.806737e+07,3.271128e+14,5.760109e+16,2.978330e+15,0,63
9.285760e+07,1.965548e+15,1.740699e+18,1.186093e+17,7.417671e+07,3.970166e+15,2.616336e+18,2.855149e+17,2.985963e+07,3.716544e+14,7.493837e+16,5.522235e+15,3,101
5.904341e+07,4.894561e+14,4.725328e+17,2.136165e+16,4.946976e+07,1.011427e+15,1.535924e+18,7.799094e+16,2.734652e+07,1.139034e+14,1.672739e+17,2.166055e+16,2,91
9.690032e+07,2.469904e+15,1.143689e+18,8.693969e+16,7.841861e+07,4.785044e+15,2.243658e+18,2.433598e+17,2.872473e+07,3.742026e+14,6.037909e+16,2.149861e+15,3,49
6.916131e+07,9.749727e+14,5.604492e+17,2.148247e+16,5.640926e+07,1.933195e+15,1.484182e+18,1.075974e+17,2.519391e+07,1.781197e+14,1.084404e+17,9.387360e+15,0,102
8.269668e+07,1.345274e+15,7.725412e+17,2.384942e+16,6.580037e+07,2.885658e+15,1.926492e+18,1.588697e+17,2.914616e+07,2.863150e+14,1.359528e+17,9.118859e+15,1,0
6.840252e+07,1.052182e+15,3.223619e+17,2.381737e+16,5.758363e+07,1.870884e+15,1.594146e+18,1.067948e+17,2.515164e+07,1.389646e+14,1.086963e+17,1.424546e+16,0,36
8.049298e+07,1.505814e+15,1.036044e+18,5.887987e+16,6.495429e+07,2.997971e+15,1.772520e+18,1.711375e+17,2.616631e+07,2.448264e+14,8.058687e+16,4.277376e+15,0,18
6.401036e+07,6.111675e+14,3.104366e+17,1.039346e+16,5.310026e+07,1.274266e+15,1.803137e+18,1.077319e+17,2.838987e+07,1.301089e+14,1.883071e+17,1.595161e+16,2,97
7.169452e+07,1.465858e+15,7.312680e+17,3.936574e+16,6.080978e+07,2.421746e+15,1.204998e+18,7.138451e+16,2.252587e+07,1.511274e+14,7.849904e+16,8.815447e+15,2,79
7.980671e+07,1.590520e+15,8.573829e+17,7.414398e+16,6.502144e+07,2.998544e+15,1.669286e+18,1.516747e+17,2.515683e+07,2.186616e+14,5.859355e+16,5.279699e+15,3,79
9.493578e+07,2.666605e+15,1.531671e+18,8.105381e+16,7.723662e+07,4.822898e+15,1.878039e+18,1.901505e+17,2.560841e+07,3.132924e+14,6.988249e+16,3.336046e+15,3,86
7.339178e+07,5.423111e+14,5.083221e+17,4.176062e+16,5.876303e+07,1.467718e+15,2.156933e+18,1.985219e+17,3.547665e+07,2.168219e+14,1.710157e+17,1.696463e+16,1,94
6.162410e+07,8.678707e+14,7.489100e+17,5.285930e+16,5.110423e+07,1.620317e+15,1.512357e+18,1.571638e+17,2.166930e+07,1.130240e+14,4.836591e+16,1.650960e+15,1,48
8.923218e+07,1.803002e+15,7.546146e+17,4.227715e+16,7.289439e+07,3.460235e+15,1.844292e+18,1.727689e+17,3.043962e+07,2.760524e+14,1.162882e+17,1.015975e+16,0,98
7.608597e+07,1.022243e+15,1.265817e+18,1.198517e+17,6.048860e+07,2.270975e+15,2.085261e+18,2.150492e+17,2.854762e+07,2.658567e+14,5.639655e+16,4.472076e+15,1,61
6.490617e+07,7.753786e+14,6.827405e+17,2.166906e+16,5.382404e+07,1.521972e+15,1.575331e+18,9.225917e+16,2.597909e+07,1.449515e+14,1.410084e+17,1.015784e+16,0,96
6.061410e+07,6.125592e+14,4.933451e+17,3.197010e+16,4.953381e+07,1.270026e+15,1.366257e+18,9.839593e+16,2.498740e+07,1.319727e+14,8.850623e+16,8.357221e+15,2,37
7.387933e+07,1.240398e+15,5.281682e+17,2.103113e+16,5.945711e+07,2.464551e+15,1.489657e+18,1.416166e+17,2.424500e+07,2.149861e+14,7.810121e+16,3.593906e+15,0,84
7.280542e+07,8.175179e+14,4.114348e+17,2.100550e+16,5.915163e+07,1.778239e+15,2.182486e+18,1.898407e+17,3.064262e+07,1.889082e+14,1.674099e+17,9.430583e+15,0,97
7.331027e+07,1.551475e+15,9.610732e+17,5.848505e+16,6.040064e+07,2.734176e+15,1.270992e+18,1.126642e+17,2.103939e+07,1.681325e+14,5.265414e+16,3.550419e+15,0,74
7.774947e+07,1.470866e+15,1.041687e+18,7.012851e+16,6.374768e+07,2.755328e+15,1.805303e+18,1.511328e+17,2.540937e+07,2.010151e+14,7.420647e+16,6.268592e+15,1,104
8.945633e+07,1.822100e+15,1.652345e+18,1.688182e+17,7.090687e+07,3.748643e+15,2.213700e+18,2.457976e+17,2.823279e+07,3.702174e+14,4.857093e+16,3.293398e+15,1,88
7.314882e+07,1.304819e+15,4.222831e+17,2.806678e+16,6.091118e+07,2.350513e+15,1.888833e+18,2.171022e+17,2.480642e+07,1.854705e+14,6.401055e+16,7.814487e+14,0,80
8.804695e+07,1.218003e+15,3.734336e+17,4.614674e+16,7.019020e+07,2.778986e+15,2.514309e+18,2.152621e+17,3.533201e+07,3.199520e+14,1.464794e+17,2.889318e+16,0,34
5.650582e+07,6.024803e+14,3.723965e+17,1.594559e+16,4.742731e+07,1.133498e+15,1.189377e+18,7.692478e+16,2.288387e+07,9.497970e+13,1.015184e+17,9.455748e+15,1,92
6.723432e+07,1.015858e+15,5.316068e+17,3.722900e+16,5.747520e+07,1.735801e+15,1.288615e+18,4.679853e+16,2.560365e+07,1.395730e+14,1.304582e+17,3.059242e+16,0,25
6.267857e+07,9.818107e+14,9.774063e+17,7.822997e+16,5.239892e+07,1.744617e+15,1.334155e+18,1.164002e+17,2.106595e+07,1.085531e+14,4.264309e+16,4.490158e+15,0,70
9.505857e+07,1.792074e+15,1.087211e+18,8.619253e+16,7.640428e+07,3.741667e+15,2.517048e+18,1.728920e+17,3.407423e+07,3.646925e+14,1.513633e+17,2.110886e+16,0,3
5.798751e+07,7.147525e+14,6.635256e+17,5.995661e+16,4.990470e+07,1.226735e+15,1.755332e+18,1.645862e+17,2.322790e+07,6.578064e+13,6.562179e+16,5.354877e+15,0,59
5.192160e+07,4.802759e+14,5.367662e+17,3.613194e+16,4.617703e+07,7.839438e+14,1.311391e+18,6.639741e+16,2.426999e+07,7.110092e+13,1.028855e+17,1.107629e+16,2,81
6.824554e+07,9.230058e+14,1.130672e+18,1.076264e+17,5.533066e+07,1.916154e+15,1.764132e+18,1.822591e+17,2.496834e+07,1.787885e+14,4.324234e+16,2.940924e+15,2,61
6.598160e+07,4.693367e+14,1.526410e+17,8.859597e+15,5.420853e+07,1.122525e+15,1.448926e+18,5.076152e+16,3.255524e+07,1.574036e+14,2.569537e+17,5.578290e+16,2,64
1.035569e+08,2.405279e+15,1.564225e+18,5.012252e+16,8.239022e+07,4.929430e+15,3.282711e+18,3.894731e+17,3.335478e+07,5.161155e+14,1.497964e+17,6.099313e+15,0,95
7.941526e+07,1.350300e+15,7.200284e+17,2.876211e+16,6.439784e+07,2.688512e+15,1.728735e+18,1.274716e+17,2.771380e+07,2.349127e+14,1.258131e+17,1.061323e+16,0,0
9.539670e+07,2.238517e+15,1.480610e+18,1.058769e+17,7.607940e+07,4.455534e+15,2.393833e+18,2.699382e+17,2.876945e+07,4.263473e+14,5.327694e+16,2.825926e+15,1,49
9.092908e+07,1.845078e+15,7.252432e+17,3.767015e+16,7.270471e+07,3.846150e+15,2.222455e+18,2.403943e+17,2.976609e+07,3.658412e+14,1.099460e+17,1.731463e+15,3,62
4.936601e+07,5.493138e+14,4.131862e+17,3.933650e+16,4.197462e+07,9.557753e+14,9.601420e+17,6.690599e+16,1.854671e+07,5.852878e+13,5.967517e+16,6.204634e+15,0,53
5.797097e+07,4.060192e+14,7.463305e+17,3.767808e+16,4.845310e+07,8.834294e+14,1.453720e+18,6.330142e+16,2.839385e+07,1.381863e+14,1.632761e+17,1.889603e+16,1,33
7.367703e+07,1.796445e+15,7.412703e+17,7.106042e+16,6.290003e+07,2.826397e+15,1.211081e+18,9.376825e+16,2.051714e+07,1.274231e+14,3.344543e+16,6.383338e+15,0,79
7.170322e+07,8.585005e+14,6.836994e+17,4.809288e+16,5.788291e+07,1.906281e+15,1.969672e+18,2.028620e+17,2.860583e+07,2.030627e+14,9.105395e+16,4.345576e+15,0,92
6.739392e+07,8.968929e+14,6.264887e+17,2.638780e+16,5.461232e+07,1.845599e+15,1.571129e+18,1.438120e+17,2.467125e+07,1.634577e+14,9.593068e+16,3.340458e+15,1,82
8.905863e+07,1.489968e+15,9.110251e+17,5.408843e+16,7.117784e+07,3.196443e+15,2.801994e+18,3.377266e+17,3.258683e+07,4.391358e+14,9.118299e+16,3.399946e+15,1,90
5.917514e+07,7.007096e+14,3.677264e+17,2.920797e+16,4.893654e+07,1.354953e+15,1.263196e+18,1.126019e+17,2.246636e+07,1.091988e+14,6.399688e+16,6.491097e+15,2,58
7.197284e+07,7.008561e+14,4.458858e+17,1.910451e+16,5.732453e+07,1.682773e+15,1.672224e+18,1.425352e+17,3.095267e+07,2.250658e+14,1.463652e+17,1.363297e+16,0,39
6.372926e+07,1.160967e+15,3.676779e+17,2.139542e+16,5.487845e+07,1.866190e+15,1.245821e+18,8.516643e+16,2.080757e+07,8.645861e+13,7.285500e+16,6.661180e+15,2,68
7.801753e+07,9.778887e+14,8.923408e+17,5.157093e+16,6.084610e+07,2.361180e+15,1.895817e+18,1.728859e+17,2.958159e+07,2.949672e+14,1.036169e+17,6.444129e+15,2,71
5.673865e+07,4.949861e+14,5.837825e+17,5.565721e+16,4.729596e+07,1.004030e+15,1.651499e+18,1.501511e+17,2.506859e+07,9.028028e+13,7.333068e+16,6.395158e+15,0,17
5.886151e+07,6.202647e+14,5.665624e+17,1.411869e+16,4.933266e+07,1.187151e+15,1.442427e+18,7.896291e+16,2.442793e+07,1.135352e+14,1.502779e+17,9.624656e+15,1,96
6.186693e+07,7.405615e+14,4.824225e+17,4.009229e+16,5.254591e+07,1.343746e+15,1.256259e+18,4.627868e+16,2.538764e+07,1.250201e+14,1.228746e+17,3.165050e+16,3,77
5.900980e+07,4.651902e+14,1.663971e+17,1.960794e+16,4.813136e+07,1.059314e+15,1.145999e+18,8.188315e+16,2.657455e+07,1.200280e+14,1.102413e+17,1.711041e+16,2,75
1.081077e+08,2.123967e+15,1.038892e+18,1.817484e+17,8.414479e+07,4.907847e+15,3.023049e+18,3.087148e+17,3.805851e+07,5.911599e+14,7.611241e+16,3.104813e+16,3,63
5.202524e+07,7.138371e+14,7.301070e+17,6.357490e+16,4.769289e+07,9.633600e+14,1.593369e+18,1.124424e+17,2.100602e+07,3.102954e+13,5.779143e+16,6.760710e+15,2,67
6.390486e+07,6.009083e+14,2.904159e+17,1.167664e+16,5.235287e+07,1.300742e+15,1.692095e+18,1.243368e+17,2.785025e+07,1.348368e+14,1.625305e+17,1.077556e+16,3,97
7.464469e+07,1.237778e+15,7.140005e+17,4.960382e+16,6.159997e+07,2.352379e+15,1.585221e+18,1.352431e+17,2.642514e+07,1.718266e+14,9.406610e+16,9.153213e+15,0,73
6.322403e+07,4.243589e+14,4.552789e+17,2.453275e+16,5.078066e+07,1.092692e+15,1.599865e+18,1.495060e+17,3.018517e+07,1.571806e+14,1.122133e+17,7.455072e+15,2,94
6.376471e+07,5.855430e+14,6.427415e+17,3.602782e+16,5.196445e+07,1.297906e+15,1.347099e+18,6.270251e+16,2.777391e+07,1.765941e+14,1.533349e+17,2.186316e+16,1,87
8.872098e+07,1.866464e+15,1.237862e+18,9.556543e+16,7.205483e+07,3.591195e+15,2.810037e+18,3.422656e+17,2.885499e+07,3.297968e+14,6.333455e+16,9.061454e+14,0,15
4.653611e+07,4.216529e+14,1.088616e+17,7.679603e+15,4.119564e+07,6.700988e+14,9.119736e+17,3.270891e+16,2.066150e+07,4.062418e+13,1.048302e+17,2.578843e+16,0,38
6.709337e+07,9.792181e+14,4.638200e+17,4.701087e+16,5.699009e+07,1.768428e+15,1.683693e+18,1.219769e+17,2.570083e+07,1.041964e+14,1.065338e+17,1.302074e+16,2,72
7.118354e+07,9.691968e+14,8.088623e+17,5.016120e+16,5.731378e+07,2.033892e+15,1.752041e+18,1.753007e+17,2.625217e+07,1.946787e+14,6.927259e+16,3.663914e+15,0,48
7.669644e+07,1.298813e+15,4.676317e+17,1.832056e+16,6.406916e+07,2.423617e+15,1.896124e+18,1.521340e+17,2.806761e+07,1.596480e+14,1.482152e+17,8.207671e+15,0,99
1.019685e+08,2.000963e+15,1.630677e+18,7.334487e+16,7.953289e+07,4.535617e+15,2.962839e+18,3.037317e+17,3.480212e+07,5.075931e+14,1.497140e+17,8.743091e+15,0,100
7.138990e+07,1.289414e+15,1.258228e+18,1.006348e+17,5.855156e+07,2.378122e+15,1.833636e+18,1.764246e+17,2.264611e+07,1.656377e+14,3.905179e+16,1.980273e+15,2,60
6.919024e+07,1.107076e+15,7.403356e+17,4.580422e+16,5.750114e+07,2.024305e+15,1.574384e+18,1.373369e+17,2.426450e+07,1.366696e+14,7.532566e+16,7.112910e+15,0,23
8.980744e+07,2.196364e+15,1.067773e+18,8.338455e+16,7.289316e+07,4.100468e+15,2.104138e+18,2.273592e+17,2.602889e+07,3.191629e+14,4.794052e+16,2.348677e+15,0,49
7.020097e+07,4.848748e+14,5.438736e+17,5.045865e+16,5.554755e+07,1.346104e+15,2.016856e+18,2.187776e+17,3.355456e+07,2.458419e+14,9.760485e+16,8.144344e+15,0,94
5.235514e+07,4.590782e+14,1.788120e+17,1.136464e+16,4.496362e+07,8.271567e+14,1.207337e+18,5.879600e+16,2.359513e+07,6.124361e+13,1.228376e+17,2.083392e+16,1,38
6.191608e+07,6.401840e+14,4.947388e+17,3.035779e+16,5.078733e+07,1.356583e+15,1.397710e+18,1.111187e+17,2.548576e+07,1.260969e+14,9.727727e+16,9.693047e+15,3,92
5.320274e+07,5.172280e+14,6.053029e+17,3.915184e+16,4.642367e+07,8.861072e+14,1.345443e+18,8.811627e+16,2.368118e+07,6.607950e+13,8.175490e+16,5.715124e+15,3,81
9.230275e+07,1.868806e+15,1.509944e+18,1.027593e+17,7.258559e+07,3.962532e+15,1.863833e+18,1.745467e+17,2.935847e+07,3.887685e+14,8.337927e+16,6.484852e+15,0,88
4.463433e+07,3.979788e+14,4.566769e+17,3.365864e+16,4.085754e+07,5.793377e+14,1.056697e+18,5.651207e+16,2.090816e+07,3.985559e+13,6.999382e+16,7.796253e+15,1,81
6.844964e+07,1.147581e+15,5.056672e+17,2.972450e+16,5.594179e+07,2.159755e+15,1.387110e+18,1.369354e+17,2.206722e+07,1.591881e+14,6.021380e+16,1.334962e+15,1,69
4.259048e+07,3.669825e+14,5.558848e+17,4.404343e+16,3.907767e+07,5.138088e+14,9.671865e+17,4.161877e+16,1.993636e+07,4.302241e+13,7.115828e+16,1.022837e+16,0,54
6.351576e+07,9.871862e+14,3.936676e+17,2.240715e+16,5.401086e+07,1.674843e+15,1.479089e+18,1.163400e+17,2.259396e+07,9.071973e+13,9.620155e+16,9.139145e+15,1,56
6.086315e+07,5.566658e+14,3.222434e+17,1.882305e+16,5.214760e+07,1.156061e+15,1.498374e+18,1.035564e+17,2.857802e+07,8.091215e+13,1.591244e+17,1.668588e+16,0,85
6.491529e+07,9.200579e+14,6.342812e+17,4.029533e+16,5.440447e+07,1.668168e+15,1.317256e+18,7.939394e+16,2.407928e+07,1.187849e+14,8.893245e+16,1.360913e+16,3,47
6.014911e+07,7.278790e+14,5.306725e+17,5.689941e+16,5.005694e+07,1.392161e+15,1.508215e+18,1.420800e+17,2.308329e+07,1.064286e+14,6.545167e+16,4.760863e+15,0,58
5.247980e+07,3.966340e+14,6.995136e+17,5.701981e+16,4.459573e+07,7.751611e+14,1.141210e+18,5.259418e+16,2.468903e+07,9.605178e+13,9.345831e+16,1.567467e+16,2,54
6.275166e+07,8.025127e+14,5.733599e+17,5.495530e+16,5.374590e+07,1.393387e+15,1.951727e+18,2.212771e+17,2.542640e+07,1.142074e+14,4.069463e+16,2.603839e+15,3,55
6.076512e+07,7.107682e+14,3.932537e+17,2.092243e+16,4.989837e+07,1.408619e+15,1.345644e+18,1.171954e+17,2.324101e+07,1.198723e+14,8.124383e+16,5.797445e+15,1,58
3.145747e+07,2.523005e+14,2.246653e+17,1.998839e+16,3.351581e+07,1.899448e+14,6.764316e+17,7.097499e+15,1.768298e+07,5.474978e+13,6.416504e+16,1.885280e+16,0,2
7.776837e+07,1.311990e+15,1.229124e+18,5.422770e+16,6.329567e+07,2.594464e+15,1.823948e+18,1.517486e+17,2.711686e+07,2.266126e+14,1.055489e+17,5.798217e+15,1,46
9.484367e+07,2.102222e+15,1.780929e+18,1.305214e+17,7.618279e+07,4.170063e+15,2.841450e+18,3.156610e+17,3.034981e+07,4.013201e+14,6.143161e+16,3.830815e+15,0,101
8.121003e+07,1.633841e+15,1.054903e+18,8.970180e+16,6.587714e+07,3.109762e+15,2.133570e+18,2.200003e+17,2.545638e+07,2.428867e+14,4.577582e+16,2.409958e+15,0,43
4.894986e+07,2.807932e+14,3.994803e+17,2.795642e+16,4.125623e+07,5.990836e+14,1.139617e+18,7.032316e+16,2.454317e+07,6.544139e+13,9.647798e+16,1.104265e+16,0,42
7.640747e+07,9.407913e+14,4.176148e+17,1.868463e+16,6.103193e+07,2.117970e+15,2.065425e+18,2.073709e+17,3.038701e+07,2.626301e+14,1.228843e+17,5.676724e+15,2,93
8.166809e+07,1.536765e+15,1.136369e+18,7.715662e+16,6.599014e+07,3.014805e+15,2.306768e+18,2.583816e+17,2.678865e+07,2.656760e+14,5.725644e+16,2.203334e+15,0,103
7.515608e+07,8.178973e+14,4.535607e+17,2.262720e+16,6.185873e+07,1.756535e+15,1.981165e+18,1.370572e+17,3.326120e+07,1.850127e+14,2.002792e+17,2.342003e+16,2,85
4.556211e+07,4.954984e+14,2.957970e+17,1.809759e+16,4.030424e+07,7.512530e+14,7.984639e+17,2.821080e+16,1.816890e+07,5.004657e+13,7.293957e+16,1.621234e+16,1,77
5.430698e+07,4.585517e+14,3.674484e+17,2.119190e+16,4.614114e+07,8.767636e+14,1.259014e+18,5.920564e+16,2.479101e+07,8.572748e+13,1.303536e+17,2.040894e+16,1,91
5.420158e+07,4.965266e+14,4.241725e+17,2.274718e+16,4.762199e+07,8.335567e+14,1.099123e+18,2.348131e+16,2.542530e+07,1.335747e+14,1.560998e+17,3.487117e+16,2,87
8.578695e+07,1.637431e+15,1.079454e+18,6.139532e+16,6.861721e+07,3.324722e+15,2.181578e+18,2.076274e+17,2.819702e+07,2.948230e+14,8.807306e+16,4.864644e+15,1,43
8.506424e+07,1.553970e+15,1.047117e+18,5.333847e+16,6.700824e+07,3.306553e+15,1.736066e+18,1.625595e+17,2.758997e+07,3.264479e+14,8.760972e+16,6.297516e+15,3,88
8.660468e+07,1.434908e+15,9.439659e+17,7.858530e+16,6.913756e+07,3.096106e+15,2.504616e+18,2.551381e+17,3.125926e+07,3.249524e+14,8.198849e+16,5.645404e+15,1,45
6.928310e+07,1.076695e+15,6.687281e+17,2.854331e+16,5.714481e+07,2.018199e+15,1.493252e+18,1.077160e+17,2.436021e+07,1.584920e+14,1.032676e+17,8.769524e+15,3,102
7.427543e+07,1.209926e+15,7.348172e+17,5.337447e+16,6.053211e+07,2.354677e+15,1.997823e+18,2.055959e+17,2.578008e+07,2.048675e+14,7.006118e+16,3.165313e+15,0,52
5.520811e+07,6.131029e+14,3.449087e+17,2.317510e+16,4.584345e+07,1.165541e+15,1.087836e+18,7.539872e+16,2.111277e+07,9.138037e+13,7.947226e+16,6.828031e+15,1,53
8.673413e+07,1.127253e+15,5.462711e+17,2.496080e+16,6.842193e+07,2.700709e+15,2.480583e+18,2.019682e+17,3.484765e+07,3.353672e+14,2.271030e+17,1.377352e+16,1,34
9.155815e+07,1.808535e+15,1.341325e+18,7.489663e+16,7.274846e+07,3.844583e+15,2.471446e+18,2.562126e+17,3.022186e+07,3.590120e+14,1.188133e+17,5.757999e+15,1,100
5.488033e+07,5.253027e+14,2.937956e+17,1.222769e+16,4.524747e+07,1.060409e+15,1.108835e+18,7.703911e+16,2.235689e+07,9.338655e+13,9.586234e+16,7.593509e+15,1,93
3.994129e+08,9.961421e+15,1.424842e+17,2.160229e+16,1.798682e+08,1.448785e+16,1.460099e+19,1.704978e+18,2.796579e+08,6.128444e+16,1.278398e+18,1.098497e+17,2,73
6.631415e+07,5.438572e+14,1.010017e+17,2.056889e+16,5.338677e+07,1.327247e+15,1.305775e+18,9.677890e+16,3.007440e+07,1.720768e+14,1.147223e+17,2.696124e+16,0,75
7.020487e+07,1.010774e+15,5.470153e+17,3.235020e+16,5.661847e+07,2.069941e+15,1.413125e+18,1.010952e+17,2.484749e+07,1.933603e+14,7.990232e+16,7.832611e+15,2,83
6.768991e+07,1.014412e+15,7.687634e+17,3.951224e+16,5.465314e+07,2.019667e+15,1.447755e+18,1.244780e+17,2.281035e+07,1.701339e+14,7.533457e+16,3.601465e+15,1,83
6.330846e+07,9.186144e+14,5.723246e+17,4.026009e+16,5.302356e+07,1.648281e+15,1.349136e+18,1.048986e+17,2.271945e+07,1.058900e+14,6.812849e+16,8.565171e+15,0,47
8.081669e+07,1.109707e+15,5.995161e+17,1.332882e+16,6.646681e+07,2.270246e+15,2.544282e+18,1.442911e+17,3.316961e+07,2.746632e+14,2.867842e+17,2.032553e+16,1,36
8.923262e+07,1.986225e+15,1.307680e+18,1.303897e+17,7.215147e+07,3.819971e+15,1.711298e+18,1.452979e+17,2.758483e+07,2.967133e+14,4.820161e+16,8.239924e+15,0,1
7.038612e+07,9.540448e+14,7.159771e+17,8.142970e+16,5.940828e+07,1.754912e+15,2.254961e+18,2.574842e+17,2.855884e+07,1.727780e+14,4.936010e+16,4.334726e+15,2,55
7.037635e+07,1.236114e+15,1.679111e+18,1.507253e+17,5.863371e+07,2.200832e+15,2.113812e+18,2.242493e+17,2.349220e+07,1.379003e+14,2.785471e+16,4.726908e+14,3,76
7.662865e+07,1.112646e+15,3.279309e+17,1.484923e+16,6.227402e+07,2.291228e+15,1.952585e+18,2.298621e+17,2.891943e+07,2.716920e+14,1.071289e+17,1.765391e+15,0,65
1.036584e+08,2.126600e+15,1.513187e+18,2.007955e+17,8.155059e+07,4.657525e+15,3.079201e+18,3.174696e+17,3.549649e+07,5.007436e+14,6.036607e+16,1.340074e+16,0,104
8.761343e+07,1.361491e+15,1.134093e+18,7.108132e+16,6.956628e+07,3.015814e+15,2.536788e+18,2.506796e+17,3.270482e+07,3.369514e+14,1.269304e+17,7.184540e+15,0,6
5.835384e+07,5.006777e+14,7.797015e+17,7.729344e+16,4.753748e+07,1.102129e+15,1.221052e+18,9.008669e+16,2.519406e+07,1.172942e+14,7.202111e+16,1.158266e+16,0,51
8.758464e+07,1.617043e+15,1.019035e+18,6.014845e+16,7.136983e+07,3.185267e+15,1.876790e+18,1.584385e+17,3.115755e+07,2.654679e+14,1.310739e+17,1.301352e+16,1,98
7.298759e+07,1.310764e+15,4.844730e+17,3.447148e+16,6.107688e+07,2.316420e+15,2.041478e+18,2.328005e+17,2.487738e+07,1.753541e+14,6.379053e+16,1.507561e+15,1,80
7.520311e+07,1.105747e+15,8.796776e+17,6.368740e+16,6.002691e+07,2.347876e+15,1.843032e+18,1.740143e+17,2.683488e+07,2.307119e+14,7.012476e+16,4.796553e+15,0,71
5.296841e+07,4.682804e+14,2.596840e+17,1.733554e+16,4.566647e+07,8.656744e+14,1.025269e+18,2.938144e+16,2.403035e+07,8.470888e+13,1.425543e+17,3.256260e+16,1,78
8.687045e+07,1.410381e+15,8.395951e+17,5.464635e+16,6.953513e+07,3.009974e+15,2.741312e+18,3.381137e+17,3.201235e+07,4.195515e+14,1.026780e+17,3.779732e+15,0,90
7.877371e+07,1.440007e+15,7.033037e+17,9.321564e+16,6.434584e+07,2.744231e+15,1.696683e+18,1.511984e+17,2.639872e+07,2.095100e+14,4.076105e+16,1.330943e+16,3,57
1.236411e+08,3.359252e+15,1.313514e+18,8.929753e+16,9.878568e+07,6.864288e+15,4.528850e+18,5.071263e+17,4.088829e+07,7.378691e+14,1.349875e+17,8.120296e+15,0,20
6.933326e+07,1.073541e+15,9.672959e+17,7.347291e+16,5.633433e+07,2.112168e+15,1.670724e+18,1.603351e+17,2.358870e+07,1.743342e+14,5.037603e+16,2.502035e+15,2,57
9.653305e+07,1.771517e+15,1.490168e+18,1.027947e+17,7.618710e+07,3.922847e+15,3.186414e+18,3.567044e+17,3.409974e+07,4.514119e+14,1.005289e+17,4.145795e+15,2,103
8.754747e+07,1.853549e+15,1.250282e+18,1.081912e+17,6.988299e+07,3.692812e+15,1.858833e+18,1.898325e+17,2.683152e+07,3.184187e+14,5.376426e+16,4.018977e+15,2,88
5.684565e+07,7.863273e+14,3.955939e+17,1.821768e+16,4.733871e+07,1.420902e+15,1.008000e+18,8.289783e+16,1.930539e+07,9.244894e+13,5.864564e+16,2.795505e+15,0,82
5.681785e+07,4.964251e+14,5.403777e+17,4.424073e+16,4.664969e+07,1.057843e+15,1.585954e+18,1.574890e+17,2.437233e+07,1.075039e+14,6.411561e+16,3.075596e+15,3,50
5.670061e+07,4.576880e+14,3.812047e+17,1.951249e+16,4.671804e+07,9.837663e+14,1.236484e+18,8.412686e+16,2.533556e+07,9.990845e+13,1.080658e+17,1.261373e+16,0,35
6.986807e+07,4.676490e+14,4.689639e+17,5.100912e+16,5.774762e+07,1.156689e+15,1.744175e+18,9.518861e+16,3.620482e+07,1.723752e+14,2.283785e+17,4.868440e+16,1,85
8.564080e+07,1.630775e+15,1.568334e+18,1.213949e+17,6.863924e+07,3.333273e+15,2.608814e+18,2.834003e+17,2.826598e+07,3.215112e+14,5.244820e+16,5.957211e+14,0,89
7.079112e+07,9.616675e+14,4.708388e+17,1.583453e+16,5.748194e+07,1.954082e+15,1.677025e+18,1.556542e+17,2.660659e+07,1.878304e+14,1.131349e+17,4.624325e+15,2,56
8.531723e+07,1.769380e+15,1.240854e+18,1.194841e+17,6.913441e+07,3.406711e+15,1.925230e+18,1.806173e+17,2.709458e+07,2.618925e+14,5.841233e+16,6.027497e+15,1,79
6.734381e+07,1.093453e+15,5.131819e+17,1.899678e+16,5.546475e+07,2.024616e+15,1.276155e+18,9.245021e+16,2.239960e+07,1.526450e+14,9.768158e+16,3.774671e+15,0,69
6.069829e+07,6.696591e+14,5.639314e+17,1.207934e+16,5.071479e+07,1.283895e+15,1.439749e+18,7.644661e+16,2.486893e+07,1.250903e+14,1.530098e+17,1.139487e+16,2,96
5.929172e+07,5.347205e+14,5.873958e+17,3.204546e+16,4.971449e+07,1.071691e+15,1.221963e+18,4.337324e+16,2.661464e+07,1.497157e+14,1.499674e+17,2.313327e+16,0,87
6.248206e+07,9.473072e+14,6.368950e+17,7.377665e+16,5.256516e+07,1.730677e+15,1.752008e+18,2.040975e+17,2.179145e+07,1.153647e+14,4.346445e+16,3.026727e+15,0,21
7.641573e+07,1.271848e+15,1.131402e+18,5.350968e+16,6.202333e+07,2.528752e+15,1.779884e+18,1.520109e+17,2.636060e+07,2.160137e+14,9.419775e+16,5.358577e+15,0,46
7.981704e+07,1.544287e+15,1.059750e+18,6.565931e+16,6.487256e+07,2.962638e+15,2.211315e+18,2.298895e+17,2.557891e+07,2.291042e+14,6.065855e+16,1.835411e+15,1,89
8.539312e+07,1.648662e+15,1.432758e+18,1.227716e+17,6.817638e+07,3.344534e+15,2.314578e+18,2.415539e+17,2.761150e+07,3.141410e+14,4.443300e+16,2.548263e+15,1,60
6.072206e+07,6.588462e+14,4.911180e+17,4.169482e+16,4.976683e+07,1.329876e+15,1.374272e+18,1.112231e+17,2.427826e+07,1.217609e+14,7.097997e+16,8.334667e+15,1,37
6.961155e+07,1.125183e+15,1.559438e+18,1.368041e+17,5.735245e+07,2.092336e+15,2.021159e+18,2.162676e+17,2.388244e+07,1.505223e+14,3.349676e+16,8.025370e+14,1,76
4.605947e+07,5.709040e+14,6.198369e+17,5.241296e+16,4.268483e+07,7.532206e+14,1.213351e+18,8.151383e+16,1.879858e+07,2.057139e+13,4.815163e+16,4.856297e+15,3,67
6.963425e+07,6.271136e+14,7.805276e+17,6.761725e+16,5.552150e+07,1.571995e+15,1.873455e+18,1.443506e+17,3.050886e+07,2.060209e+14,1.315783e+17,1.054623e+16,0,44
9.880134e+07,2.280760e+15,1.624503e+18,1.229339e+17,7.959185e+07,4.498132e+15,3.247324e+18,3.668221e+17,3.184839e+07,4.284784e+14,7.733119e+16,4.704194e+15,1,101
7.219003e+07,1.398714e+15,8.117453e+17,4.335865e+16,5.859217e+07,2.602031e+15,1.177887e+18,1.101703e+17,2.121831e+07,1.849316e+14,5.240414e+16,3.569975e+15,1,74
7.109278e+07,1.305251e+15,7.797040e+17,4.614073e+16,5.767471e+07,2.466078e+15,1.170779e+18,1.066291e+17,2.159844e+07,1.807177e+14,5.470564e+16,4.078244e+15,2,74
7.682142e+07,1.207736e+15,8.155541e+17,6.176895e+16,6.347811e+07,2.324767e+15,1.602127e+18,8.765715e+16,2.872709e+07,2.011526e+14,1.245797e+17,2.327988e+16,1,25
6.528649e+07,4.652189e+14,5.580985e+17,4.740449e+16,5.269223e+07,1.166812e+15,1.906231e+18,2.056474e+17,3.115031e+07,1.782147e+14,1.015486e+17,5.622166e+15,3,94
5.969564e+07,9.253949e+14,3.724909e+17,2.041594e+16,5.154527e+07,1.484595e+15,1.152492e+18,6.357053e+16,2.118066e+07,9.325943e+13,8.506099e+16,9.986009e+15,1,68
5.010380e+07,5.338379e+14,2.257021e+17,1.063110e+16,4.220835e+07,9.672127e+14,9.415601e+17,7.605387e+16,1.910391e+07,6.247059e+13,6.046628e+16,4.927509e+15,3,58
9.065972e+07,1.923103e+15,9.696574e+17,9.199864e+16,7.306025e+07,3.770911e+15,2.583005e+18,2.971698e+17,2.932129e+07,3.498151e+14,5.643500e+16,2.775196e+15,0,31
6.678467e+07,1.082194e+15,5.736753e+17,4.020515e+16,5.543463e+07,1.958991e+15,1.657125e+18,1.602002e+17,2.260431e+07,1.325053e+14,6.151542e+16,3.375471e+15,3,52
5.281930e+07,4.129303e+14,4.496875e+17,3.669821e+16,4.422102e+07,8.367249e+14,1.108478e+18,5.704323e+16,2.393400e+07,9.583737e+13,9.434095e+16,1.753230e+16,0,33
9.285435e+07,1.638317e+15,9.952963e+17,4.407649e+16,7.424949e+07,3.490908e+15,3.006285e+18,3.657603e+17,3.378726e+07,4.872354e+14,1.122633e+17,4.979818e+15,2,90
4.809691e+07,2.695085e+14,2.706364e+17,2.227611e+16,4.062712e+07,5.782422e+14,1.034868e+18,6.071834e+16,2.422713e+07,6.453589e+13,9.716801e+16,1.539107e+16,1,42
6.597745e+07,6.694004e+14,8.452405e+17,8.805548e+16,5.386477e+07,1.441683e+15,2.283875e+18,2.596269e+17,2.800871e+07,1.810624e+14,5.939448e+16,4.764605e+15,1,50
7.329814e+07,1.087328e+15,6.927855e+17,3.149848e+16,6.003302e+07,2.140060e+15,1.567037e+18,9.779669e+16,2.713384e+07,2.051728e+14,1.292109e+17,1.487772e+16,1,102
3.761540e+08,8.855955e+15,2.985573e+16,7.336424e+16,1.701272e+08,1.283484e+16,1.285239e+19,1.508927e+18,2.641417e+08,5.417904e+16,1.225854e+18,2.233752e+17,3,73
4.810428e+07,4.659017e+14,3.434600e+17,1.546028e+16,4.165292e+07,7.902093e+14,8.458917e+17,2.772196e+16,2.006817e+07,6.944325e+13,9.688941e+16,1.725398e+16,2,77
8.206392e+07,1.157153e+15,4.741837e+17,1.890524e+16,6.612907e+07,2.539214e+15,2.321312e+18,2.620765e+17,3.211559e+07,3.235210e+14,1.431560e+17,2.447438e+15,3,65
6.864995e+07,9.811890e+14,8.769066e+17,8.828236e+16,5.559925e+07,2.035985e+15,1.619398e+18,1.551813e+17,2.432042e+07,1.760025e+14,6.113787e+16,3.160276e+15,0,57
6.598564e+07,6.149643e+14,9.396236e+17,8.258164e+16,5.287296e+07,1.444470e+15,1.495589e+18,1.166805e+17,2.809541e+07,1.731860e+14,6.930155e+16,1.146586e+16,1,51
5.887844e+07,5.065904e+14,6.272233e+17,5.812322e+16,4.794900e+07,1.126858e+15,1.264227e+18,1.031809e+17,2.544355e+07,1.195036e+14,6.898846e+16,1.220378e+16,3,51
6.147767e+07,6.126177e+14,2.883087e+17,2.731584e+16,5.094812e+07,1.245026e+15,1.600185e+18,1.732288e+17,2.620936e+07,1.414532e+14,7.961617e+16,4.551715e+15,0,66
8.714657e+07,1.746142e+15,1.393549e+18,1.496822e+17,6.982746e+07,3.514624e+15,2.312315e+18,2.375146e+17,2.804141e+07,3.066661e+14,4.466109e+16,4.068191e+15,0,60
8.753368e+07,1.703460e+15,8.117526e+17,5.639262e+16,6.951662e+07,3.526584e+15,2.088421e+18,2.163982e+17,2.824582e+07,3.289131e+14,8.288642e+16,2.710699e+15,2,12
6.277436e+07,7.580380e+14,4.179221e+17,3.861738e+16,5.281783e+07,1.404842e+15,1.707447e+18,1.870659e+17,2.529449e+07,1.491729e+14,6.070220e+16,4.442388e+15,1,66
8.810105e+07,1.910728e+15,9.475992e+17,2.343870e+16,7.113454e+07,3.701305e+15,2.239247e+18,2.425629e+17,2.746319e+07,2.981599e+14,1.237509e+17,4.160767e+15,2,95
7.074850e+07,6.636857e+14,7.521858e+17,5.274222e+16,5.658933e+07,1.617727e+15,2.036046e+18,1.612257e+17,3.082723e+07,2.080490e+14,1.418851e+17,1.021117e+16,1,44
6.714747e+07,5.506007e+14,6.745856e+17,3.844914e+16,5.421757e+07,1.324532e+15,1.343885e+18,4.485895e+16,3.077973e+07,2.330504e+14,1.896474e+17,3.547854e+16,3,87
8.125393e+07,1.241851e+15,8.306466e+17,6.692241e+16,6.455845e+07,2.699889e+15,2.182897e+18,2.149826e+17,2.932027e+07,2.826352e+14,7.829685e+16,6.106911e+15,1,71
9.704138e+07,2.676016e+15,1.731069e+18,9.857856e+16,7.845870e+07,4.949569e+15,1.846170e+18,1.836870e+17,2.673938e+07,3.464411e+14,7.697328e+16,4.389690e+15,2,86
6.484541e+07,6.778752e+14,6.007396e+17,4.097057e+16,5.219045e+07,1.492620e+15,1.603608e+18,1.436846e+17,2.622434e+07,1.604339e+14,7.981089e+16,4.664181e+15,0,37
7.385018e+07,1.103629e+15,7.936860e+17,8.293056e+16,5.938650e+07,2.309660e+15,1.708342e+18,1.633708e+17,2.617939e+07,2.118344e+14,5.819434e+16,6.553917e+15,1,41
7.357647e+07,1.108838e+15,8.434532e+17,5.132053e+16,5.920905e+07,2.269539e+15,1.881354e+18,1.954332e+17,2.595580e+07,2.126824e+14,7.394270e+16,2.184565e+15,3,82
8.417678e+07,1.658452e+15,1.222624e+18,8.540073e+16,6.781522e+07,3.266608e+15,2.491717e+18,2.734543e+17,2.710814e+07,2.978590e+14,5.280932e+16,1.121651e+15,2,89
6.353602e+07,6.276007e+14,7.367901e+17,5.922567e+16,5.211320e+07,1.331996e+15,2.127388e+18,2.369587e+17,2.708375e+07,1.536071e+14,7.274903e+16,2.420202e+15,0,50
9.253895e+07,1.998855e+15,2.159056e+18,1.746913e+17,7.437752e+07,3.988085e+15,2.787273e+18,3.117983e+17,2.966957e+07,3.863463e+14,5.212546e+16,2.961239e+15,2,101
9.921940e+07,1.899075e+15,1.454751e+18,1.504854e+17,7.743922e+07,4.270601e+15,2.496055e+18,2.746888e+17,3.386972e+07,5.390453e+14,7.254995e+16,6.635941e+15,0,29
5.660789e+07,5.498427e+14,6.951323e+17,5.548613e+16,4.932724e+07,9.619137e+14,1.517728e+18,9.636939e+16,2.590032e+07,8.292274e+13,9.421753e+16,1.122842e+16,0,81
6.891955e+07,7.845627e+14,3.797479e+17,1.777648e+16,5.630906e+07,1.650973e+15,1.941498e+18,1.778328e+17,2.830080e+07,1.646170e+14,1.503977e+17,6.767037e+15,1,97
4.765107e+07,6.216845e+14,6.090301e+17,5.118536e+16,4.447599e+07,7.810472e+14,1.332996e+18,8.643785e+16,1.971785e+07,2.530975e+13,5.387469e+16,6.823805e+15,1,67
6.694077e+07,4.674000e+14,4.299219e+17,4.008721e+16,5.261901e+07,1.302358e+15,1.559752e+18,1.215292e+17,3.101045e+07,2.053924e+14,1.342991e+17,2.222389e+16,0,78
7.218389e+07,5.033487e+14,5.482359e+17,5.773004e+16,5.636842e+07,1.462302e+15,1.843596e+18,1.375195e+17,3.394577e+07,2.508707e+14,1.626830e+17,3.143875e+16,2,78
6.519279e+07,9.660611e+14,7.739411e+17,7.835814e+16,5.449233e+07,1.746679e+15,1.423324e+18,1.081873e+17,2.341115e+07,1.146830e+14,5.232470e+16,1.117234e+16,2,47
6.526879e+07,1.064380e+15,5.152811e+17,3.050218e+16,5.321431e+07,2.011140e+15,1.207800e+18,1.144944e+17,2.064345e+07,1.457667e+14,4.636964e+16,2.227769e+15,2,63
8.078780e+07,1.338831e+15,6.594744e+17,5.260598e+16,6.680651e+07,2.557724e+15,2.220064e+18,1.707570e+17,3.023112e+07,1.964167e+14,1.415886e+17,1.380056e+16,0,72
5.950394e+07,5.115567e+14,2.715702e+17,2.668517e+16,5.041338e+07,1.002145e+15,1.555222e+18,1.153447e+17,2.785091e+07,8.282178e+13,1.225915e+17,2.066505e+16,0,9
6.617353e+07,6.653194e+14,3.954970e+17,1.774895e+16,5.539444e+07,1.362086e+15,1.713159e+18,1.235888e+17,2.961529e+07,1.193022e+14,1.575733e+17,1.654128e+16,3,85
7.215360e+07,1.184972e+15,1.161285e+18,9.516923e+16,5.877092e+07,2.278707e+15,1.704234e+18,1.599636e+17,2.443890e+07,1.790996e+14,4.804759e+16,4.479761e+15,2,70
5.729490e+07,8.553838e+14,4.968581e+17,5.762327e+16,5.112939e+07,1.260216e+15,1.769710e+18,1.455131e+17,2.191135e+07,3.964359e+13,5.610367e+16,1.066694e+16,2,59
7.650935e+07,1.528493e+15,6.150089e+17,5.816931e+16,6.184668e+07,2.896956e+15,1.364794e+18,1.443598e+17,2.289357e+07,2.156090e+14,4.143219e+16,3.063148e+15,1,12
7.540701e+07,1.170685e+15,6.402677e+17,4.797272e+16,6.069298e+07,2.396369e+15,1.622825e+18,1.190221e+17,2.648509e+07,2.215301e+14,8.559708e+16,1.113701e+16,3,83
8.498182e+07,1.675051e+15,9.219576e+17,4.247238e+16,6.787734e+07,3.373203e+15,1.947308e+18,1.951870e+17,2.696132e+07,3.029279e+14,1.042489e+17,2.863132e+15,0,62
4.790527e+07,2.326658e+14,1.484247e+17,5.775343e+15,3.952687e+07,5.599563e+14,9.153313e+17,5.775028e+16,2.430085e+07,7.215556e+13,1.281606e+17,1.518111e+16,3,64
7.052838e+07,1.148385e+15,7.497179e+17,6.189356e+16,5.753459e+07,2.217621e+15,1.551727e+18,1.431306e+17,2.365840e+07,1.695645e+14,7.009297e+16,3.547356e+15,2,69
6.768136e+07,9.060362e+14,8.278285e+17,6.220602e+16,5.525857e+07,1.810623e+15,1.475467e+18,1.194175e+17,2.515939e+07,1.543887e+14,7.106051e+16,8.687289e+15,1,47
6.051483e+07,4.402983e+14,2.665168e+17,2.530374e+16,4.945444e+07,1.062422e+15,1.360653e+18,1.122758e+17,2.847488e+07,1.341557e+14,1.186107e+17,1.263864e+16,1,75
6.019857e+07,7.472603e+14,6.811624e+17,7.366035e+16,5.170776e+07,1.285780e+15,2.036610e+18,1.976799e+17,2.437545e+07,7.373075e+13,6.860448e+16,7.624757e+15,1,59
9.118957e+07,1.738955e+15,8.080161e+17,1.112367e+17,7.227384e+07,3.868449e+15,2.055388e+18,2.108419e+17,3.057382e+07,3.646803e+14,6.566305e+16,6.305757e+15,0,12
5.767234e+07,8.942059e+14,8.234446e+17,9.389857e+16,4.941495e+07,1.458291e+15,1.178495e+18,9.333549e+16,1.951347e+07,7.655739e+13,2.676719e+16,5.551854e+15,0,40
5.174557e+07,3.300790e+14,1.324240e+17,1.179054e+15,4.374274e+07,6.860881e+14,1.070285e+18,3.667256e+16,2.557948e+07,8.310181e+13,2.001754e+17,2.914346e+16,0,64
6.232206e+07,6.172712e+14,3.486757e+17,2.178436e+16,5.183225e+07,1.248483e+15,1.755698e+18,1.756320e+17,2.700838e+07,1.285980e+14,1.136637e+17,6.032672e+15,3,66
6.487523e+07,9.521342e+14,4.882342e+17,3.586695e+16,5.480857e+07,1.683115e+15,1.508134e+18,1.111217e+17,2.395213e+07,1.056287e+14,9.701120e+16,9.728913e+15,1,72
4.944016e+07,4.156619e+14,3.697508e+17,1.987563e+16,4.254597e+07,7.449170e+14,9.715238e+17,3.213885e+16,2.216110e+07,7.195048e+13,1.151599e+17,1.953103e+16,0,4
5.510502e+07,5.292944e+14,5.079562e+17,4.510417e+16,4.566671e+07,1.055227e+15,1.446651e+18,1.429844e+17,2.266031e+07,9.350921e+13,4.574289e+16,2.697519e+15,2,50
7.204063e+07,1.068702e+15,1.099597e+18,1.203765e+17,5.841344e+07,2.169407e+15,1.811320e+18,1.801182e+17,2.598365e+07,1.950746e+14,4.712809e+16,5.139572e+15,0,61
8.726300e+07,1.621747e+15,1.636189e+18,1.639727e+17,6.923004e+07,3.409587e+15,2.438393e+18,2.538943e+17,2.895937e+07,3.505580e+14,4.123363e+16,3.558377e+15,3,60
6.382951e+07,5.167077e+14,1.349922e+17,1.739833e+16,5.151314e+07,1.229848e+15,1.233070e+18,9.583800e+16,2.878319e+07,1.611721e+14,1.054024e+17,2.103055e+16,3,75
7.596885e+07,1.493328e+15,5.555447e+17,2.288486e+16,6.193436e+07,2.796196e+15,1.437836e+18,1.315827e+17,2.330066e+07,1.983334e+14,7.979160e+16,2.696918e+15,1,62
6.842933e+07,1.330665e+15,4.227204e+17,4.730676e+16,5.819234e+07,2.176057e+15,1.665773e+18,1.928277e+17,2.179704e+07,1.359972e+14,4.065392e+16,2.042373e+15,2,80
6.336683e+07,4.830230e+14,5.216529e+17,2.878524e+16,5.090585e+07,1.186358e+15,1.633868e+18,1.196366e+17,2.902350e+07,1.572005e+14,1.307182e+17,1.177369e+16,0,91
9.130190e+07,1.874831e+15,9.736277e+17,2.586278e+16,7.278864e+07,3.826905e+15,2.489037e+18,2.823039e+17,2.951789e+07,3.697471e+14,1.374474e+17,6.132868e+15,1,95
9.024282e+07,1.696926e+15,1.396067e+18,9.560526e+16,7.206523e+07,3.560826e+15,2.754363e+18,3.078838e+17,3.088928e+07,3.636512e+14,7.902634e+16,3.159096e+15,1,103
5.318610e+07,7.643291e+14,3.624051e+17,1.842617e+16,4.617298e+07,1.200066e+15,1.132318e+18,8.099392e+16,1.854450e+07,5.746707e+13,6.247326e+16,4.269724e+15,0,68
9.050482e+07,1.594557e+15,1.488676e+18,1.374771e+17,7.140299e+07,3.524145e+15,2.536504e+18,2.519549e+17,3.147536e+07,3.661790e+14,7.663623e+16,5.111247e+15,2,104
7.551414e+07,1.311287e+15,8.371582e+17,6.957311e+16,6.183603e+07,2.530335e+15,1.971176e+18,2.031740e+17,2.564395e+07,2.075995e+14,6.531199e+16,1.902369e+15,2,52
8.644159e+07,1.743464e+15,1.520614e+18,1.365001e+17,6.979952e+07,3.458586e+15,2.627456e+18,2.880443e+17,2.804688e+07,3.197426e+14,4.650537e+16,9.203875e+14,3,89
7.553125e+07,1.106019e+15,6.290595e+17,4.615459e+16,6.128630e+07,2.258751e+15,1.804165e+18,1.669315e+17,2.806402e+07,2.071625e+14,9.358358e+16,8.369442e+15,0,30
8.735929e+07,1.544991e+15,1.362048e+18,1.082244e+17,6.922465e+07,3.294153e+15,2.336139e+18,2.215875e+17,2.996537e+07,3.297336e+14,6.866919e+16,6.060428e+15,3,104
7.290908e+07,1.026410e+15,7.753418e+17,6.962201e+16,5.876009e+07,2.155034e+15,1.668970e+18,1.446264e+17,2.672316e+07,2.002700e+14,7.050842e+16,8.507911e+15,0,45
7.102695e+07,1.225576e+15,1.417723e+18,1.335203e+17,5.864383e+07,2.251975e+15,1.754148e+18,1.660184e+17,2.367642e+07,1.533693e+14,4.077674e+16,4.107240e+15,1,70
7.422150e+07,1.312524e+15,3.556028e+17,1.664308e+16,6.262588e+07,2.300137e+15,1.680410e+18,1.260496e+17,2.640326e+07,1.351397e+14,1.278042e+17,1.192381e+16,1,99
8.738491e+07,1.527695e+15,9.298646e+17,4.982180e+16,7.062130e+07,3.116956e+15,1.931476e+18,1.816409e+17,3.155613e+07,2.905031e+14,1.429176e+17,1.054204e+16,2,98
5.450517e+07,5.394210e+14,3.181191e+17,3.194382e+16,4.662237e+07,9.704442e+14,1.229152e+18,9.018711e+16,2.340906e+07,6.230528e+13,8.280096e+16,1.350695e+16,0,19
5.974769e+07,8.850177e+14,4.846293e+17,2.256604e+16,5.014836e+07,1.550605e+15,1.064139e+18,6.560515e+16,2.045830e+07,1.120755e+14,8.184034e+16,4.361721e+15,3,69
9.194781e+07,7.292982e+14,1.114232e+18,1.097458e+17,7.137167e+07,2.284385e+15,3.333278e+18,2.518615e+17,4.439094e+07,4.235105e+14,2.463335e+17,4.322258e+16,0,24
6.540527e+07,1.121538e+15,9.640188e+17,7.843527e+16,5.515711e+07,1.909219e+15,1.435638e+18,1.143962e+17,2.173319e+07,1.113279e+14,4.591101e+16,5.932801e+15,3,70
8.617086e+07,1.682894e+15,1.201499e+18,6.846717e+16,6.882697e+07,3.451096e+15,2.129685e+18,2.168781e+17,2.782166e+07,3.075030e+14,9.556856e+16,5.091537e+15,2,100
9.066143e+07,1.765074e+15,1.494508e+18,1.065075e+17,7.274146e+07,3.590384e+15,2.969610e+18,3.388897e+17,3.074859e+07,3.721478e+14,6.912450e+16,2.473534e+15,3,103
6.361013e+07,6.591449e+14,3.628386e+17,1.130678e+16,5.206999e+07,1.384673e+15,1.543520e+18,1.088450e+17,2.639925e+07,1.347144e+14,1.367017e+17,1.106028e+16,0,93
8.226442e+07,1.138510e+15,1.057897e+18,7.556348e+16,6.437456e+07,2.666502e+15,2.264558e+18,2.272622e+17,3.063910e+07,3.287358e+14,8.659744e+16,4.625077e+15,3,71
6.040511e+07,7.379859e+14,5.556755e+17,7.459773e+16,4.968824e+07,1.450896e+15,1.323123e+18,1.188357e+17,2.259490e+07,1.150735e+14,6.418448e+16,5.765922e+15,3,53
3.993921e+07,3.156013e+14,3.168592e+17,2.932313e+16,3.696259e+07,4.305723e+14,7.446034e+17,2.086618e+16,1.924633e+07,5.040795e+13,7.008908e+16,1.913084e+16,3,54
8.698605e+07,1.730984e+15,1.202677e+18,6.850480e+16,6.963727e+07,3.516390e+15,2.135611e+18,2.108748e+17,2.804737e+07,3.023662e+14,1.041837e+17,5.640769e+15,3,100
4.972218e+07,5.055721e+14,3.447272e+17,2.061734e+16,4.309087e+07,8.536929e+14,9.103038e+17,3.175272e+16,2.069750e+07,7.492266e+13,9.248337e+16,1.699337e+16,0,77
7.274815e+07,1.008764e+15,8.350199e+17,6.142043e+16,5.831224e+07,2.147202e+15,1.750378e+18,1.772328e+17,2.655917e+07,2.118318e+14,6.910827e+16,3.587607e+15,2,48
8.075063e+07,1.741454e+15,1.048399e+18,6.714978e+16,6.546142e+07,3.252364e+15,1.705806e+18,1.770818e+17,2.373907e+07,2.404154e+14,5.237530e+16,2.920645e+15,3,74
6.447557e+07,8.390420e+14,5.927236e+17,2.752743e+16,5.309441e+07,1.625627e+15,1.370927e+18,8.919879e+16,2.415666e+07,1.523380e+14,1.060234e+17,7.704055e+15,0,41
5.861677e+07,9.314732e+14,3.509268e+17,1.288730e+16,4.952100e+07,1.569294e+15,1.115025e+18,7.966904e+16,1.900401e+07,8.476819e+13,7.052132e+16,5.081419e+15,3,84
7.049999e+07,9.013382e+14,7.800055e+17,4.732818e+16,5.714307e+07,1.878975e+15,1.822969e+18,1.599875e+17,2.717569e+07,1.792160e+14,9.341036e+16,4.271632e+15,0,7
6.562737e+07,7.910380e+14,3.467204e+17,1.327480e+16,5.328948e+07,1.666231e+15,1.464266e+18,1.444405e+17,2.516601e+07,1.635532e+14,1.091838e+17,3.276172e+15,2,65
5.570206e+07,6.894759e+14,4.165465e+17,1.905228e+16,4.839395e+07,1.123276e+15,1.158316e+18,4.771478e+16,2.220309e+07,8.348668e+13,1.152757e+17,1.744897e+16,0,5
1.064597e+08,2.741059e+15,1.542792e+18,1.074561e+17,8.489618e+07,5.481256e+15,3.020264e+18,3.263265e+17,3.256956e+07,5.164515e+14,8.032673e+16,4.311649e+15,2,49
